-1
-6
-8
-9
-4
-5
-5
-7
-9
-2
1
0
-5
-5
-2
-1
-3
-10
-11
-10
-8
-4
-3
-3
-3
-3
1
6
1
-2
-1
1
4
8
8
4
5
7
10
14
14
7
3
7
8
3
-1
-4
-5
-5
-3
-5
-6
-3
1
7
10
8
7
7
8
8
1
-4
-7
-6
-5
-7
-8
-6
-7
-5
-1
-2
-8
-13
-13
-11
-13
-15
-15
-15
-12
-7
-3
-5
-6
-6
-2
-3
-4
-6
-6
-5
-4
-7
-10
-6
-6
-6
-5
-4
-4
-2
-2
-1
2
3
0
-2
-1
0
0
0
0
-4
-1
-1
-1
1
1
2
3
1
4
7
4
0
-1
-2
-1
3
4
2
8
12
11
13
9
8
10
11
8
6
4
7
9
9
9
5
5
2
5
8
7
7
4
4
4
2
-2
-1
-2
-5
-4
-9
-12
-12
-10
-8
-9
-10
-7
-10
-10
-6
-8
-9
-9
-8
-12
-11
-8
-7
-5
-8
-5
-4
-3
-3
-2
-3
-6
-6
-3
-4
-5
-2
0
4
5
5
9
9
8
6
4
2
2
8
10
11
10
9
11
13
13
16
17
19
21
23
26
21
21
18
16
17
20
21
20
19
20
19
20
22
20
23
21
20
19
15
11
3
1
-2
-5
-7
-11
-13
-13
-10
-11
-12
-14
-19
-18
-16
-20
-19
-23
-26
-24
-21
-20
-21
-19
-19
-20
-18
-21
-22
-25
-26
-24
-25
-25
-27
-26
-21
-18
-19
-20
-21
-18
-15
-15
-16
-13
-12
-7
-1
4
5
7
11
13
19
19
17
16
21
24
26
28
25
26
28
31
30
34
33
34
36
40
38
38
37
33
35
33
32
27
27
30
31
33
32
34
36
37
36
35
29
23
16
9
-2
-16
-27
-41
-55
-67
-78
-91
-99
-108
-114
-116
-117
-120
-121
-115
-112
-106
-98
-94
-85
-80
-72
-64
-56
-51
-45
-39
-33
-26
-21
-11
-4
3
9
15
21
25
33
38
45
50
60
68
77
86
91
98
101
110
115
113
113
112
117
122
132
141
152
158
170
189
203
210
214
218
216
214
207
174
97
9
-59
-125
-198
-258
-316
-368
-376
-345
-309
-268
-219
-166
-101
-40
-7
3
2
-13
-18
-12
-23
-38
-39
-38
-32
-27
-44
-84
-113
-118
-118
-115
-116
-118
-102
-69
-36
-11
5
5
11
25
20
4
-13
-25
-29
-22
-13
-11
-3
15
36
65
82
92
109
135
158
178
194
199
210
233
251
261
270
276
286
303
317
313
305
290
225
119
26
-52
-148
-236
-304
-374
-414
-393
-354
-307
-242
-183
-108
-27
23
39
42
21
-10
-19
-38
-64
-79
-81
-84
-76
-70
-84
-94
-90
-87
-79
-66
-59
-45
-31
-30
-26
-16
-16
-28
-37
-50
-65
-71
-70
-72
-72
-71
-71
-71
-75
-79
-76
-71
-51
-21
18
59
101
143
179
208
232
246
254
257
255
249
243
237
233
235
236
242
250
266
283
309
304
221
110
32
-39
-131
-218
-299
-390
-418
-375
-331
-291
-243
-183
-105
-27
7
4
-15
-48
-61
-49
-53
-70
-66
-51
-31
-9
-7
-33
-46
-45
-43
-36
-37
-40
-23
7
15
7
-16
-56
-83
-92
-115
-151
-171
-170
-153
-120
-94
-82
-66
-48
-29
-11
-13
-19
-5
23
53
82
111
133
161
196
215
222
222
220
218
218
208
197
193
194
210
236
259
278
304
341
336
242
125
44
-41
-143
-224
-309
-404
-424
-372
-327
-278
-219
-163
-84
-1
21
12
-5
-42
-57
-45
-60
-80
-77
-70
-67
-57
-67
-110
-129
-133
-136
-114
-79
-42
8
62
70
44
7
-74
-170
-236
-298
-356
-390
-401
-390
-346
-296
-248
-179
-116
-85
-58
-18
7
40
77
107
182
290
382
460
547
625
692
759
793
805
813
793
767
775
817
867
962
1117
1301
1485
1635
1655
1391
885
423
74
-397
-978
-1481
-1921
-2210
-2159
-1910
-1674
-1402
-1048
-607
-130
135
116
17
-119
-283
-314
-343
-516
-617
-577
-545
-511
-538
-706
-834
-826
-776
-678
-541
-419
-176
158
316
309
209
-62
-389
-672
-1017
-1380
-1611
-1679
-1582
-1396
-1204
-956
-656
-420
-182
115
283
327
417
526
624
781
932
1065
1312
1672
1980
2162
2315
2492
2630
2658
2581
2443
2296
2268
2416
2647
2863
3171
3696
4301
4833
5287
5367
4479
2875
1368
-62
-1684
-3240
-4693
-6104
-6862
-6612
-5938
-5167
-4185
-3016
-1683
-445
234
361
155
-364
-859
-1115
-1493
-1971
-2135
-2128
-2065
-1840
-1772
-1963
-1970
-1772
-1570
-1186
-751
-394
208
958
1348
1398
1116
391
-387
-1049
-1913
-2806
-3321
-3531
-3411
-2968
-2503
-1992
-1308
-644
-54
431
625
694
823
889
962
1098
1186
1383
1854
2401
2971
3439
3637
3871
4220
4295
4172
4049
3678
3344
3509
3903
4312
4895
5655
6603
7594
8390
9138
9034
6926
4043
1870
-437
-3143
-5311
-7459
-9680
-10371
-9511
-8452
-7364
-6052
-4405
-2297
-550
119
137
-368
-1301
-1764
-1969
-2744
-3415
-3482
-3456
-3118
-2485
-2402
-2559
-2166
-1581
-1025
-336
206
721
1575
2339
2620
2470
1673
467
-482
-1306
-2441
-3512
-4060
-4130
-3777
-3164
-2567
-2002
-1343
-533
239
624
634
575
556
583
719
751
618
743
1313
2007
2549
2882
3033
3212
3460
3535
3403
3164
2857
2767
3133
3688
4250
4986
5996
7122
8103
8946
9762
9586
7418
4476
2121
-168
-2679
-4789
-6930
-9095
-9757
-8915
-7868
-6872
-5792
-4433
-2454
-615
138
97
-457
-1352
-1808
-2021
-2695
-3306
-3411
-3296
-2726
-1908
-1760
-1859
-1409
-768
-182
489
960
1383
2164
2845
2996
2694
1831
596
-370
-1094
-2059
-3069
-3638
-3648
-3206
-2580
-2112
-1754
-1286
-668
-81
206
111
-155
-302
-270
-169
-187
-337
-302
195
952
1560
1962
2221
2427
2745
3009
2956
2758
2634
2684
3118
3812
4400
5063
6068
7164
8151
8948
9496
9738
8729
6061
3332
1229
-1257
-3810
-5807
-8003
-9800
-9804
-8888
-8042
-6963
-5761
-4273
-2221
-735
-418
-573
-1237
-2148
-2459
-2721
-3310
-3436
-3137
-2722
-1835
-1088
-1099
-979
-376
221
915
1626
2059
2615
3300
3480
3195
2591
1448
211
-658
-1549
-2659
-3560
-3927
-3757
-3302
-2941
-2739
-2477
-2090
-1668
-1330
-1246
-1343
-1342
-1200
-1022
-887
-812
-735
-351
480
1409
2135
2663
3090
3462
3820
4003
3963
3921
3974
4242
4879
5625
6257
7027
7982
8895
9639
10042
10312
10400
8909
5746
2903
561
-2332
-4853
-6805
-9274
-11026
-10855
-10049
-9217
-7997
-6749
-5063
-2830
-1470
-1187
-1268
-1989
-2810
-2851
-2972
-3350
-3102
-2610
-2075
-1066
-428
-548
-309
397
1025
1848
2618
2948
3413
3915
3714
3105
2291
1007
-294
-1266
-2388
-3609
-4342
-4567
-4394
-3983
-3753
-3649
-3328
-2931
-2591
-2238
-2041
-1937
-1641
-1262
-1012
-811
-666
-466
137
1077
1982
2713
3292
3668
3947
4184
4213
4088
4049
4153
4451
5009
5656
6298
7050
7846
8644
9307
9678
10022
9841
7847
4704
2122
-310
-3108
-5376
-7435
-9751
-10829
-10362
-9653
-8724
-7390
-5944
-3986
-1924
-899
-666
-795
-1423
-1838
-1735
-1911
-2132
-1787
-1331
-821
-94
111
-121
161
768
1286
1939
2416
2606
3017
3230
2681
1852
958
-225
-1347
-2212
-3226
-4206
-4613
-4529
-4207
-3872
-3706
-3541
-3177
-2754
-2412
-2137
-1947
-1702
-1255
-794
-501
-296
-89
279
929
1685
2352
2918
3333
3625
3845
3931
3859
3745
3720
3871
4159
4534
5100
5770
6341
6946
7696
8312
8711
9193
9241
7548
4571
2015
-206
-2759
-5004
-7043
-9343
-10619
-10261
-9410
-8434
-7189
-5841
-3974
-1823
-552
-234
-388
-1018
-1452
-1393
-1644
-2010
-1832
-1500
-1082
-305
57
-137
59
593
1030
1555
1982
2159
2501
2682
2128
1295
430
-680
-1691
-2509
-3438
-4209
-4553
-4503
-4080
-3682
-3542
-3349
-3015
-2698
-2348
-2167
-2215
-2057
-1672
-1331
-926
-502
-214
253
1029
1859
2579
3187
3639
4016
4311
4423
4421
4326
4227
4318
4604
4894
5295
5935
6561
7056
7556
8164
8695
9063
9483
9240
7024
3796
1366
-905
-3570
-5714
-7814
-10220
-11182
-10467
-9534
-8463
-7169
-5763
-3637
-1441
-431
-258
-593
-1427
-1735
-1619
-2066
-2371
-2041
-1772
-1265
-365
-134
-266
222
842
1338
1974
2306
2437
2787
2655
1782
886
-132
-1373
-2297
-3106
-4060
-4623
-4627
-4343
-3864
-3500
-3372
-3122
-2733
-2426
-2219
-2217
-2260
-2016
-1628
-1293
-932
-529
-73
603
1454
2239
2839
3285
3641
3880
3962
3919
3788
3691
3759
3984
4271
4683
5310
6036
6714
7284
7760
8240
8628
8870
9087
8323
5650
2620
491
-1792
-4285
-6189
-8236
-10200
-10498
-9616
-8764
-7742
-6524
-4988
-2791
-968
-300
-249
-631
-1188
-1149
-1007
-1414
-1565
-1230
-933
-402
190
121
3
507
1069
1511
1978
2117
2158
2382
2092
1219
407
-519
-1593
-2316
-2984
-3799
-4200
-4091
-3800
-3499
-3378
-3381
-3139
-2732
-2445
-2303
-2261
-2169
-1796
-1287
-957
-677
-244
334
1100
1950
2584
3038
3468
3763
3905
3892
3648
3420
3442
3610
3855
4110
4370
4879
5651
6367
6876
7231
7547
7811
8032
8270
7550
5037
2152
144
-2052
-4520
-6273
-8096
-10020
-10369
-9510
-8788
-7852
-6512
-4957
-2918
-1053
-245
-118
-275
-572
-485
-310
-605
-820
-628
-413
-84
299
170
-76
296
863
1201
1509
1662
1618
1621
1347
576
-256
-1052
-1912
-2594
-3215
-3991
-4507
-4497
-4254
-3980
-3806
-3719
-3416
-2897
-2445
-2176
-2047
-1883
-1482
-990
-665
-398
-35
446
1145
1986
2713
3278
3813
4268
4525
4559
4421
4260
4165
4185
4364
4505
4514
4768
5413
6025
6389
6674
7020
7331
7566
7947
7872
5995
3018
748
-1376
-3977
-5853
-7351
-9375
-10318
-9581
-8680
-7688
-6266
-4821
-2982
-908
315
669
557
14
-265
-223
-660
-1174
-1185
-1171
-1088
-647
-487
-664
-380
298
791
1156
1417
1489
1446
1151
476
-282
-1014
-1832
-2548
-3214
-4019
-4600
-4699
-4536
-4215
-3880
-3654
-3306
-2733
-2208
-1845
-1628
-1419
-1003
-541
-232
-4
220
463
847
1383
1910
2325
2715
3151
3466
3555
3588
3649
3655
3776
4067
4251
4303
4503
4986
5513
5861
6112
6398
6657
6841
7201
7574
6688
4192
1738
-199
-2477
-4463
-5789
-7560
-9132
-9082
-8234
-7345
-6155
-4928
-3484
-1576
-69
650
876
458
-27
-30
-321
-914
-1082
-1149
-1298
-1011
-662
-758
-786
-356
195
621
936
1165
1245
1076
722
294
-271
-977
-1629
-2258
-2941
-3465
-3716
-3830
-3758
-3504
-3312
-3107
-2750
-2383
-2085
-1795
-1467
-1066
-660
-317
-11
226
420
669
1009
1397
1810
2263
2753
3129
3323
3488
3595
3555
3550
3679
3770
3784
3903
4266
4704
5032
5418
5878
6267
6641
7171
7814
7757
5932
3139
954
-1063
-3241
-4825
-6456
-8499
-9319
-8659
-7848
-6978
-5902
-4701
-2947
-1039
163
594
388
-115
-238
-303
-838
-1276
-1422
-1609
-1498
-1003
-893
-1168
-976
-288
311
764
1021
945
829
757
425
-162
-875
-1634
-2225
-2637
-2994
-3286
-3520
-3603
-3334
-2977
-2844
-2720
-2473
-2167
-1814
-1507
-1279
-1048
-755
-400
-64
175
402
766
1252
1812
2434
3006
3391
3678
3931
4030
3938
3785
3731
3820
3887
3970
4381
4878
5173
5627
6286
6832
7321
7861
8461
8540
6801
3804
1449
-592
-2887
-4518
-6097
-8220
-9161
-8613
-7939
-7064
-5949
-4867
-3148
-1102
80
411
166
-486
-775
-840
-1380
-1891
-1971
-2087
-1957
-1338
-1075
-1294
-1071
-345
343
908
1140
1023
998
1037
697
75
-641
-1454
-2056
-2393
-2741
-3066
-3320
-3410
-3150
-2804
-2702
-2671
-2482
-2168
-1817
-1570
-1445
-1293
-1092
-796
-450
-211
-13
319
797
1324
1873
2344
2647
2864
3078
3267
3326
3257
3298
3564
3800
4017
4602
5270
5630
6017
6571
7111
7556
7861
8284
8374
6665
3790
1615
-421
-2701
-4175
-5720
-7820
-8655
-8265
-7882
-7060
-5987
-5078
-3405
-1422
-335
111
79
-420
-583
-578
-1073
-1416
-1374
-1489
-1414
-981
-891
-1118
-939
-423
105
653
892
822
976
1159
817
239
-310
-1006
-1525
-1735
-2030
-2405
-2680
-2757
-2626
-2474
-2558
-2742
-2736
-2554
-2294
-2106
-2013
-1912
-1673
-1278
-876
-506
-164
245
842
1507
2046
2465
2838
3124
3379
3601
3569
3418
3417
3605
3873
4152
4541
5066
5647
6133
6602
7271
7799
8091
8724
8959
7077
4197
2078
-166
-2494
-4009
-5888
-8211
-9072
-8821
-8467
-7556
-6589
-5627
-3683
-1616
-456
90
-45
-613
-677
-680
-1210
-1514
-1628
-1848
-1686
-1344
-1466
-1678
-1426
-930
-323
272
425
355
619
835
462
-112
-657
-1292
-1655
-1753
-2001
-2339
-2583
-2640
-2463
-2336
-2575
-2830
-2776
-2590
-2377
-2215
-2187
-2104
-1788
-1377
-996
-615
-312
98
826
1608
2203
2663
3109
3558
3986
4184
4116
4009
3959
4121
4490
4787
5006
5430
6108
6728
7210
7853
8492
8793
9276
9465
7532
4388
2166
49
-2439
-4159
-5902
-8233
-9260
-8864
-8372
-7524
-6447
-5312
-3406
-1362
-304
-23
-343
-1109
-1367
-1335
-1811
-2227
-2291
-2382
-2226
-1796
-1792
-2020
-1663
-955
-319
216
427
495
842
1124
823
261
-295
-838
-1100
-1268
-1661
-2131
-2432
-2494
-2352
-2310
-2622
-2868
-2769
-2512
-2288
-2244
-2264
-2147
-1823
-1432
-1078
-781
-561
-172
509
1190
1663
2061
2532
2941
3214
3382
3434
3442
3565
3947
4410
4794
5183
5701
6419
7001
7333
7837
8366
8556
8917
8942
6825
3741
1757
-216
-2551
-4139
-5905
-8129
-8892
-8503
-8185
-7414
-6410
-5218
-3168
-1233
-441
-229
-482
-1111
-1144
-1121
-1669
-1936
-1862
-1925
-1775
-1452
-1698
-1919
-1391
-663
-63
368
541
707
1143
1409
1125
665
197
-193
-416
-716
-1263
-1876
-2217
-2267
-2208
-2310
-2655
-2891
-2814
-2586
-2491
-2564
-2596
-2423
-2063
-1666
-1287
-943
-593
-9
760
1425
1937
2461
2935
3238
3492
3623
3667
3785
4042
4446
4835
5218
5707
6361
6938
7283
7678
8095
8407
8855
9283
8085
5107
2552
658
-1515
-3440
-5218
-7573
-9156
-9128
-8872
-8490
-7715
-6850
-5194
-2931
-1464
-1012
-1024
-1443
-1534
-1242
-1509
-1862
-1826
-1859
-1757
-1310
-1352
-1812
-1627
-927
-231
425
795
838
1019
1360
1319
959
577
78
-415
-742
-1127
-1665
-2145
-2432
-2515
-2486
-2641
-2939
-3028
-2924
-2823
-2812
-2797
-2686
-2447
-2106
-1696
-1208
-732
-157
615
1420
2144
2724
3168
3517
3846
4072
4152
4210
4311
4607
5016
5456
5973
6563
7167
7632
8094
8626
8978
9289
9777
9090
6251
3250
1156
-1064
-3136
-4827
-7097
-9101
-9404
-9055
-8680
-7988
-7358
-6134
-3951
-2146
-1398
-1268
-1735
-2040
-1610
-1506
-1765
-1743
-1744
-1707
-1192
-914
-1341
-1483
-971
-267
484
1077
1226
1211
1417
1508
1224
813
316
-242
-622
-892
-1298
-1746
-2114
-2372
-2376
-2354
-2579
-2767
-2756
-2689
-2652
-2633
-2595
-2463
-2195
-1854
-1425
-957
-459
152
842
1575
2164
2524
2817
3143
3431
3563
3582
3532
3620
3948
4448
5086
5660
6199
6747
7317
7989
8580
8858
9240
9198
7058
3944
1766
-344
-2630
-4251
-6214
-8601
-9455
-9103
-8661
-7838
-7093
-6207
-4255
-2234
-1155
-715
-1034
-1643
-1389
-1018
-1176
-1169
-1143
-1279
-984
-560
-860
-1277
-1027
-456
140
783
1159
1171
1305
1465
1260
918
524
-22
-420
-634
-980
-1431
-1834
-2149
-2185
-2101
-2269
-2461
-2468
-2451
-2401
-2342
-2395
-2415
-2248
-1954
-1606
-1243
-848
-304
349
1096
1846
2308
2575
2946
3371
3673
3811
3799
3867
4147
4638
5376
5991
6390
6900
7464
8084
8742
9052
9319
9380
7464
4299
2200
217
-2240
-3912
-5894
-8620
-9720
-9380
-9163
-8491
-7655
-6886
-4982
-2825
-1794
-1386
-1601
-2234
-2016
-1522
-1622
-1468
-1178
-1280
-1012
-584
-950
-1383
-1081
-508
115
745
1038
1112
1249
1277
1024
650
259
-152
-527
-864
-1282
-1801
-2235
-2378
-2279
-2254
-2436
-2617
-2657
-2637
-2612
-2577
-2532
-2462
-2264
-1914
-1532
-1236
-866
-238
549
1392
2176
2644
2877
3196
3618
3973
4171
4268
4417
4682
5162
5851
6439
6932
7518
8080
8724
9320
9500
9785
9607
7262
4111
2177
169
-2148
-3675
-5843
-8567
-9410
-9063
-8956
-8344
-7582
-6824
-4986
-3051
-2226
-1964
-2255
-2767
-2362
-1783
-1789
-1491
-1102
-1087
-698
-296
-707
-1114
-836
-301
349
937
1080
1088
1195
1101
751
304
-79
-353
-685
-1086
-1489
-1935
-2231
-2151
-1913
-1865
-1986
-2134
-2201
-2178
-2252
-2321
-2250
-2109
-1858
-1483
-1127
-910
-625
-116
608
1463
2120
2349
2423
2642
2925
3219
3450
3539
3646
3934
4443
5086
5669
6144
6632
7229
7982
8554
8762
9109
8662
6132
3389
1769
-106
-2071
-3485
-5724
-8230
-8921
-8723
-8583
-7882
-7097
-6066
-4217
-2606
-1889
-1647
-1990
-2328
-1799
-1366
-1327
-942
-674
-681
-274
-54
-616
-876
-507
-112
363
739
708
767
1057
945
482
18
-372
-490
-634
-1116
-1699
-2093
-2190
-1965
-1622
-1619
-1809
-1867
-1762
-1621
-1761
-2018
-2065
-1827
-1474
-1168
-912
-827
-649
-64
779
1556
2042
2284
2468
2814
3176
3376
3505
3670
4016
4558
5204
5708
6070
6445
6846
7429
8154
8608
8819
9306
8657
5731
2907
1244
-572
-2179
-3475
-5888
-8349
-9057
-9230
-9247
-8622
-7995
-6699
-4494
-2863
-2309
-2292
-2834
-3124
-2437
-1922
-1667
-1081
-713
-559
-143
-120
-792
-933
-368
195
728
994
852
837
1056
824
342
-121
-687
-858
-907
-1411
-2098
-2515
-2699
-2548
-1992
-1839
-2015
-1990
-1871
-1786
-1940
-2218
-2325
-2065
-1685
-1319
-835
-638
-433
286
1140
1798
2366
2767
2940
3327
3733
3841
3930
4067
4345
4882
5582
6098
6484
6930
7378
7939
8548
9050
9477
9968
9121
6060
3127
1345
-442
-2067
-3551
-6065
-8476
-9020
-9057
-9113
-8651
-8221
-7006
-4707
-3010
-2590
-2703
-3173
-3366
-2517
-1856
-1680
-1233
-843
-538
7
129
-592
-872
-354
242
830
1156
1033
920
1096
1070
740
-7
-1099
-1473
-1342
-1489
-1870
-2446
-3096
-3109
-2276
-1844
-1896
-1785
-1615
-1328
-1178
-1450
-1952
-2117
-1853
-1229
-396
-91
62
619
1224
1800
2340
2485
2503
2995
3490
3635
3570
3275
3276
3880
4673
5292
5781
6169
6582
7207
7789
8244
8639
9104
8497
5782
3044
1326
-540
-2279
-3703
-6066
-8443
-8844
-8667
-8594
-7982
-7597
-6624
-4503
-2813
-2238
-2100
-2481
-2752
-1894
-1280
-1133
-610
-377
-291
303
464
-330
-588
-143
260
807
1151
947
654
733
824
507
-388
-1287
-1408
-1324
-1373
-1710
-2593
-3341
-3106
-2222
-1785
-1729
-1708
-1591
-1253
-1117
-1370
-1821
-1955
-1542
-869
-263
-4
201
644
1320
2054
2544
2670
2752
3189
3681
3877
3772
3565
3781
4480
5199
5656
5997
6281
6582
7264
7998
8303
8485
9000
8326
5451
2785
1095
-801
-2358
-3681
-6178
-8711
-9385
-9489
-9384
-8576
-8008
-6926
-4848
-3241
-2709
-2659
-3089
-3252
-2214
-1292
-748
-107
-37
-182
205
352
-262
-348
181
659
1196
1344
797
242
326
478
281
-193
-828
-1218
-1390
-1629
-2226
-3047
-3462
-3114
-2370
-2043
-2195
-2397
-2384
-2064
-1757
-1740
-1852
-1719
-1336
-874
-395
-132
78
675
1588
2438
2933
3025
2971
3187
3621
3973
4093
4051
4258
4736
5232
5626
6031
6380
6667
7360
8219
8603
8771
9260
8557
5621
2909
1338
-427
-2013
-3291
-5689
-8342
-9196
-9302
-9203
-8509
-7945
-6876
-4968
-3511
-3073
-3052
-3399
-3461
-2347
-1265
-635
-6
217
123
368
560
76
-111
402
967
1354
1386
888
363
410
504
337
-57
-887
-1539
-1637
-1785
-2333
-2951
-3383
-3357
-2673
-2161
-2164
-2144
-1986
-1650
-1289
-1262
-1501
-1549
-1302
-821
-215
63
177
717
1467
2129
2634
2706
2582
2866
3433
3793
3802
3510
3381
3709
4328
5011
5605
5880
5989
6493
7195
7675
7964
8503
8131
5524
2868
1436
-237
-1961
-3101
-5198
-7870
-8709
-8713
-8902
-8445
-7889
-6987
-5189
-3676
-3139
-2974
-3142
-3120
-1959
-798
-168
524
828
699
923
1111
552
220
536
841
1036
1113
763
293
219
215
135
-112
-829
-1415
-1548
-1806
-2216
-2706
-3319
-3564
-3125
-2674
-2415
-2021
-1771
-1507
-1170
-1094
-1160
-1166
-1080
-771
-284
32
257
718
1240
1766
2446
2918
3085
3375
3844
4184
4287
4217
4159
4315
4742
5325
5872
6193
6284
6601
7211
7844
8207
8583
8373
5957
3003
1676
525
-1199
-2570
-4823
-7996
-9281
-9165
-9490
-9219
-8542
-7799
-5964
-4274
-3960
-4024
-4053
-3885
-2461
-781
-101
484
902
707
824
1051
537
322
940
1387
1377
1113
416
-261
-346
-216
-139
-101
-436
-885
-1331
-2398
-3452
-3746
-3545
-3015
-2413
-2534
-3223
-3323
-2850
-2175
-1496
-1171
-934
-624
-575
-720
-830
-796
-292
834
1913
2366
2547
2643
2725
3110
3742
4290
4657
4815
4739
4535
4461
4728
5379
6202
6699
6953
7202
7569
8055
8633
8975
7409
4293
2358
1413
-115
-1627
-3517
-6700
-8808
-8777
-8922
-9046
-8497
-8094
-6790
-4815
-4092
-4161
-4049
-4025
-3128
-1278
-308
125
761
774
794
1257
937
380
810
1384
1413
1264
672
-153
-323
-125
-198
-565
-1312
-1926
-1785
-1798
-2395
-2960
-3416
-3518
-2839
-2156
-2255
-2348
-2092
-1725
-1289
-1224
-1446
-1367
-1001
-463
79
162
-34
264
1031
1675
2203
2514
2556
2755
3220
3590
3729
3742
3740
3967
4422
4823
5068
5352
5618
6001
6540
6964
7348
7772
8248
7548
4958
2592
1492
296
-975
-2323
-5135
-8040
-8749
-8777
-8942
-8434
-8102
-7420
-5634
-4369
-4104
-3891
-3850
-3338
-1536
-17
605
1129
1076
807
1208
1316
892
1044
1529
1561
1366
810
-194
-772
-660
-390
-452
-1323
-2381
-2508
-2275
-2453
-2739
-3241
-3709
-3138
-2052
-1761
-1867
-1861
-1798
-1389
-1018
-1135
-1312
-1237
-849
-130
328
250
424
1123
1783
2437
2982
3003
3112
3807
4455
4687
4686
4568
4738
5390
5937
6150
6253
6266
6467
6969
7297
7385
7674
8204
7555
4966
2483
1249
71
-994
-2149
-5064
-8265
-9172
-9253
-9489
-9067
-8823
-8413
-6771
-5445
-5192
-5055
-4935
-4217
-2202
-449
289
797
835
728
1324
1652
1282
1328
1739
1730
1474
902
-121
-772
-719
-439
-515
-1551
-2776
-2897
-2565
-2698
-3006
-3683
-4330
-3662
-2370
-2042
-2213
-2287
-2260
-1696
-1086
-1149
-1392
-1323
-866
-38
527
422
560
1345
2124
2864
3402
3296
3293
4054
4886
5174
5070
4794
4816
5396
5954
6244
6402
6434
6659
7187
7567
7625
7876
8475
7819
5164
2780
1636
331
-720
-1766
-4809
-8010
-8733
-8868
-9153
-8607
-8507
-8419
-6932
-5770
-5648
-5330
-5078
-4385
-2321
-628
-15
565
650
564
1425
1951
1559
1633
1926
1602
1352
962
3
-553
-470
-405
-629
-1697
-3022
-3167
-2699
-2656
-2832
-3453
-4205
-3659
-2328
-1829
-1822
-1814
-1763
-1209
-630
-781
-1093
-1022
-601
198
782
606
491
1036
1759
2499
3031
2940
2900
3438
4064
4392
4375
4160
4336
4911
5333
5654
5883
5908
6193
6793
7217
7400
7610
7964
7209
4618
2415
1676
639
-589
-1886
-5022
-8208
-8690
-8499
-8766
-8339
-8318
-8417
-7055
-5924
-5894
-5456
-4897
-4118
-2016
-266
82
523
921
976
1854
2552
2130
2092
2430
1911
1328
883
-109
-636
-310
-410
-988
-1923
-3279
-3715
-3007
-2727
-3014
-3351
-3911
-3799
-2623
-1911
-1926
-1706
-1344
-907
-465
-693
-1181
-1034
-488
223
930
894
623
1092
1873
2469
3012
3239
3419
4044
4715
4945
4850
4752
5146
5978
6598
6891
6979
6827
6826
7321
7849
8045
8361
8612
6991
3837
1891
1228
312
-582
-2370
-6075
-8989
-9514
-9586
-9597
-9223
-9260
-8926
-7798
-7283
-7248
-6779
-6077
-4502
-2100
-673
-362
54
452
1004
2172
2843
2682
2804
2953
2430
1843
1189
336
31
142
-250
-1059
-2336
-3653
-3795
-3136
-3112
-3542
-4035
-4540
-4154
-2953
-2300
-2227
-2020
-1709
-1243
-877
-1063
-1217
-774
-140
554
1036
913
901
1599
2434
3060
3452
3472
3639
4280
4899
5055
4976
4917
5268
5948
6494
6700
6799
6822
6978
7539
8038
8201
8654
8626
6360
3422
2206
1615
647
-338
-2875
-6683
-8696
-8900
-9162
-9110
-8977
-9269
-8821
-7903
-7714
-7594
-7013
-6076
-4195
-2042
-1006
-567
82
625
1470
2648
3095
3026
3377
3430
2759
2137
1424
592
452
561
17
-977
-2495
-3990
-4088
-3286
-3152
-3441
-3979
-4646
-4349
-3051
-2242
-1918
-1430
-1027
-700
-427
-640
-803
-221
588
1203
1513
1248
830
1239
2112
2808
3235
3287
3137
3409
3787
3800
3864
4284
4874
5527
5939
5806
5725
6070
6725
7488
8038
8151
8329
7638
5105
2745
2174
1806
977
-415
-3726
-7470
-8906
-8919
-8902
-8538
-8725
-9343
-9023
-8381
-8243
-7746
-6841
-5623
-3587
-1761
-1189
-927
-176
811
2257
3627
3927
3658
3672
3441
2935
2574
2108
1540
1246
731
-371
-1887
-3356
-3852
-3356
-3054
-3422
-4202
-5131
-5225
-4131
-2905
-2224
-1763
-1554
-1361
-1004
-792
-739
-191
569
1003
1198
1098
738
1001
2056
2977
3406
3341
3018
3083
3760
4385
4853
5152
5269
5508
6048
6430
6776
7394
7837
7948
8131
8322
8576
9073
7977
4939
2722
2172
1508
644
-1228
-5153
-8464
-9204
-9302
-9553
-9591
-10253
-10686
-9976
-9375
-9285
-8694
-7815
-6375
-4208
-2701
-2205
-1348
-30
1270
2786
3699
3626
3827
4487
4366
3953
3570
2753
1987
1817
1152
-251
-1589
-2552
-3266
-3714
-4029
-4443
-4959
-5293
-5200
-4849
-4282
-3498
-2740
-2256
-1899
-1655
-1449
-1022
-265
403
798
1039
1192
1347
1856
2643
3213
3406
3389
3482
3815
4341
4796
4980
4893
5029
5561
6186
6556
6771
7054
7395
7812
8277
8620
9054
8971
6965
4428
3380
2861
1932
862
-1959
-5908
-7831
-8166
-8838
-9045
-9178
-10175
-10458
-9848
-9692
-9455
-8483
-7446
-5898
-4077
-3059
-2435
-1148
332
1933
3414
3926
3971
4453
4718
4440
4371
3979
3241
2837
2328
842
-822
-2092
-2801
-3081
-3360
-4001
-4954
-5957
-6248
-5496
-4539
-3797
-3155
-2800
-2733
-2334
-1640
-902
-68
790
1076
990
1042
1373
2015
2845
3415
3400
3062
2791
3034
3564
4012
4146
4079
3955
4048
4534
5134
5533
5983
6615
6947
7137
7629
8262
8791
8151
5851
4005
3629
3173
2222
371
-3347
-6551
-7133
-7305
-8168
-8676
-9598
-10613
-10291
-9645
-9795
-9394
-8391
-7251
-5587
-4152
-3566
-2595
-704
1087
2733
3651
3706
3971
4976
5445
5396
5171
4325
3406
3066
2433
998
-173
-1165
-2394
-3735
-4574
-5025
-5204
-5455
-5795
-6251
-6279
-5371
-3973
-2971
-2536
-2198
-1893
-1349
-580
337
937
1535
2083
2455
2562
2799
3247
3701
4020
4208
4360
4384
4534
4622
4674
4731
5050
5631
6257
6551
6694
6807
7089
7848
8699
9235
9278
7684
5007
3860
3997
3423
2270
-101
-4220
-7047
-7347
-7753
-8710
-9222
-10292
-11349
-11322
-11144
-11275
-10460
-9240
-7999
-6555
-5479
-4795
-3307
-1083
835
2524
3412
3692
4328
5480
5872
6055
6129
5449
4619
4171
3128
1654
759
-593
-2352
-3419
-3866
-4644
-5454
-6455
-7355
-7204
-5982
-5058
-4771
-4626
-4365
-3532
-2360
-1499
-1038
-303
450
1304
2049
2416
2700
3507
4298
4476
4348
4116
4246
4887
5412
5056
4495
4318
4655
5449
6093
6104
6052
6428
7057
7726
8095
8490
8562
7025
4994
4452
4203
3200
2169
-257
-3989
-5879
-5958
-6815
-7832
-8524
-9906
-10884
-10607
-10439
-10582
-9964
-9245
-8299
-6930
-5688
-4659
-2838
-845
668
2049
2928
3568
4777
6084
6349
6449
6284
5451
4825
4663
3807
2613
1393
-478
-2223
-2964
-3537
-4431
-5289
-6398
-7263
-7019
-6213
-5847
-5414
-4867
-4368
-3561
-2526
-1920
-1243
-111
891
1684
2272
2562
3000
3943
4627
4635
4270
4006
4239
4758
4783
4225
3804
3902
4356
4894
5033
4932
5083
5694
6391
6815
7146
7728
7379
5379
3867
3943
4033
3430
2017
-1279
-4645
-5416
-5043
-5858
-7012
-8258
-9800
-10427
-10102
-10195
-10406
-9787
-9001
-8005
-6963
-6067
-5005
-3010
-893
839
2066
2545
3230
4688
6094
6517
6728
6350
5715
5529
5270
4181
3072
2344
1112
-421
-2328
-4107
-4891
-4619
-4942
-6165
-7522
-8267
-7604
-5915
-4748
-4687
-4522
-3945
-2892
-1559
-488
178
1239
2545
3261
3510
3633
4057
4931
5794
5827
5407
5114
5145
5511
5825
5679
5426
5670
6101
6323
6227
6107
6344
7059
7992
8333
6819
4195
3101
3898
4354
3447
996
-2808
-5397
-5312
-4983
-6129
-7561
-9061
-10390
-10729
-10716
-11192
-11047
-9999
-9250
-8643
-8117
-7357
-5538
-2746
-839
96
760
1475
3084
5312
6430
6217
6307
6408
6357
6415
6020
4847
4107
3634
1975
-405
-2301
-3186
-3238
-3456
-5246
-7706
-8810
-8090
-6633
-5723
-5970
-6453
-5954
-4620
-3273
-2150
-1183
-171
966
1791
2191
2741
3823
5027
5700
5502
5004
5034
5652
6243
6309
5781
5249
5309
5728
6017
5973
5801
5901
6370
6690
7006
7206
6080
4185
3667
4273
4080
3085
921
-2396
-4391
-3925
-3869
-5226
-6675
-8359
-9776
-9859
-9436
-9850
-9817
-9494
-9353
-8753
-7590
-6455
-4882
-2778
-1434
-430
402
1224
2646
4701
5812
5994
6041
5760
5669
6198
6280
5279
4415
3554
2132
293
-1561
-2781
-2876
-2886
-4466
-6982
-8783
-8586
-6628
-5023
-5333
-6461
-6536
-5380
-3418
-1736
-1035
-599
464
1428
1981
2562
3394
4549
5680
5792
4835
4459
4971
5951
6552
6130
4830
4383
5071
5774
5966
5608
5227
5285
5974
6519
6628
5384
3589
3099
3842
3865
2778
596
-2445
-3937
-3301
-3330
-4980
-6622
-8125
-9153
-8970
-8833
-9674
-9875
-9406
-9123
-8527
-7548
-6558
-4896
-2759
-1730
-1225
-280
1038
2903
4820
5361
4949
5239
5868
6223
6610
6200
4997
4319
3892
1996
-162
-1003
-1219
-1887
-3386
-6016
-8315
-8082
-6262
-5523
-6421
-7597
-7825
-6395
-4374
-3014
-2580
-1992
-1050
220
1363
2327
3481
4770
5561
5489
5348
5590
6511
7560
7870
6961
6035
6090
6799
7321
7396
6818
6136
6071
6431
6585
6859
6647
4885
3154
2856
3223
2862
1853
-740
-3603
-4456
-3935
-4444
-5837
-7399
-9088
-9707
-9333
-9488
-10264
-10330
-10089
-9448
-8447
-7558
-6799
-5194
-3318
-2091
-1175
-434
663
2538
4349
4845
4715
4899
5238
5876
6427
5910
4940
4318
3371
1492
339
-63
-564
-1722
-3576
-5981
-7172
-6324
-5264
-5479
-6461
-7179
-6952
-5613
-4103
-3228
-2781
-2088
-1139
23
943
1982
3253
4420
4751
4721
4845
5415
6516
7397
7183
6244
6065
6652
7261
7536
7343
6760
6494
6791
7090
7251
7032
5510
3736
3378
3801
3410
2061
-276
-2845
-3724
-3266
-3962
-5591
-7103
-8361
-9146
-8980
-9101
-9782
-9799
-9508
-9241
-8781
-7770
-6611
-5027
-3500
-2694
-2061
-1021
493
2313
3739
4106
4134
4652
5210
5687
5991
5717
5149
4584
3442
1876
1150
947
253
-1264
-3333
-5202
-5614
-4852
-4779
-5839
-6972
-7122
-6222
-4985
-4261
-4076
-3637
-2808
-1558
-263
722
1646
2719
3534
3739
4060
4756
5665
6536
6783
6284
5775
6074
6931
7522
7482
6884
6396
6346
6653
7011
7357
7075
5248
3448
3302
4019
3807
2534
50
-2599
-3358
-2676
-3330
-5177
-6884
-8269
-8969
-8795
-8779
-9526
-9749
-9599
-9227
-8726
-8093
-7121
-5538
-3926
-3137
-2428
-1623
-311
1786
3543
3970
3944
4406
4971
5698
6187
5606
4752
4257
3634
2562
1408
127
-829
-1277
-2379
-4299
-5875
-6362
-6076
-5586
-5893
-6804
-7019
-6060
-4784
-3703
-2923
-2436
-1567
-257
995
1954
3130
4026
4520
4960
5439
5990
6742
7266
7101
6942
7005
7171
7365
7647
7353
6981
6775
6524
6550
7207
6905
4673
3212
3451
4029
3814
2493
-767
-3380
-2906
-1869
-2967
-5183
-7409
-9076
-8959
-8059
-8454
-9554
-9943
-9945
-9391
-8705
-8120
-7238
-5568
-4424
-3759
-2929
-1958
-316
1934
3156
3028
3373
4227
5111
6005
6255
5181
4264
3787
3324
3020
2591
1045
-948
-2288
-3061
-3343
-3623
-4749
-6083
-6640
-6535
-6242
-5648
-5123
-4759
-4029
-3372
-2756
-1642
43
1450
2473
3113
3235
3707
5094
6431
6988
6893
6458
6394
7186
8030
7781
7277
6800
6714
6967
7127
6628
6304
6468
5148
3405
3181
3985
3698
2767
458
-2619
-3484
-1857
-1742
-3735
-6041
-8213
-9104
-8048
-7114
-8172
-9207
-9775
-9734
-8972
-7900
-7269
-6354
-5201
-4712
-4024
-2838
-1544
190
1949
2382
2233
3042
4125
5080
5946
5618
4581
4390
4604
3663
2655
1963
1229
399
-722
-2733
-4308
-4310
-3872
-4370
-5595
-6822
-7186
-6091
-4680
-4062
-4178
-3963
-3139
-1641
-92
947
1863
2828
3619
4337
5188
6037
6813
7520
7608
7338
7538
8014
8308
8299
7774
7001
6765
6904
6955
6912
5987
3582
2243
3071
3861
3065
1028
-1915
-3978
-3028
-1695
-3008
-5342
-7212
-8362
-8327
-7317
-7592
-8701
-8864
-8927
-8786
-8268
-7446
-6624
-5232
-4372
-4356
-3706
-2320
-516
1481
2433
1916
2028
3498
4821
5648
5840
4832
4133
4569
4197
2756
2255
2152
1033
-508
-2334
-4080
-4148
-3087
-3796
-5932
-7183
-7191
-6252
-4966
-4505
-5068
-4717
-3435
-2214
-1078
64
1093
2239
3373
3850
4420
5658
6863
7593
7798
7425
7324
8277
9119
9020
8284
7414
6980
7325
7710
7284
6486
4785
2988
2756
3647
3399
1813
-401
-2875
-3758
-2587
-2463
-4280
-6315
-7781
-8639
-8239
-7504
-8187
-8923
-9143
-9163
-8939
-8083
-7121
-6261
-5325
-4953
-4525
-3304
-1639
55
1285
1497
1575
2573
4038
4835
5406
5261
4684
4498
4329
3642
3191
3377
2390
483
-1347
-2295
-2445
-2004
-2831
-4932
-6381
-6241
-5393
-4846
-4846
-5324
-5044
-4022
-2941
-2071
-1124
-100
1043
2048
2549
3193
4674
6114
6840
6902
6667
6938
8222
9402
9230
8388
7631
7643
8213
8419
7760
7186
6377
4637
3517
3723
3770
2954
1417
-1320
-3608
-3279
-2250
-3134
-5056
-7108
-8708
-8709
-7385
-7321
-8500
-9265
-9671
-9315
-8242
-7161
-6785
-6229
-5716
-5355
-4330
-2882
-1435
-134
530
416
744
2062
3451
4518
4852
4058
3210
3314
3832
4022
3833
2632
749
-532
-778
-803
-1075
-2085
-3781
-4978
-5043
-4549
-4233
-4262
-4675
-4824
-4214
-3194
-2092
-1041
-310
187
995
2020
3225
4590
5679
6079
6326
6729
7379
8362
9200
9154
8625
8234
8203
8525
8580
7954
7331
6930
5425
3728
3362
3553
2789
1346
-1089
-3652
-4186
-2990
-3457
-5483
-7415
-8816
-9135
-8205
-7570
-8602
-9328
-9463
-9094
-8284
-7235
-6560
-5802
-4845
-4303
-3728
-2592
-1224
394
1695
1687
1418
2162
3660
4672
5275
4751
3837
3765
4132
3592
2854
2535
1785
448
-1067
-2384
-2857
-2299
-2553
-4368
-6069
-6524
-5684
-4488
-4193
-4955
-5472
-4576
-3302
-1884
-1029
-498
315
1426
2398
3156
4466
5697
6671
7202
7149
7327
8418
9704
10006
9518
8731
8386
8836
9323
9123
8469
6931
4740
3902
4599
4616
2996
282
-2692
-4124
-3039
-2463
-4529
-7278
-9117
-9586
-9047
-8269
-8991
-10284
-10467
-10150
-9436
-8704
-7790
-6931
-5773
-4935
-4526
-3446
-1869
-157
1297
1797
1593
2153
3783
4985
5325
5143
4493
4383
4761
4511
3465
2863
2403
1447
62
-1415
-2230
-2077
-2010
-3466
-5228
-6137
-5731
-4569
-4087
-4811
-5713
-5161
-3926
-2592
-1642
-1288
-773
345
1532
2347
3418
4751
5677
6342
6584
6881
7925
9262
9846
9448
8817
8548
9145
9835
9709
9021
7920
5926
4657
5091
5568
4250
1769
-1342
-3575
-3220
-1929
-3115
-6123
-8588
-9815
-9477
-8431
-8425
-10038
-10915
-10976
-10338
-9286
-8243
-7574
-6748
-5845
-5373
-4396
-2626
-881
528
1198
983
1362
3017
4729
5264
5121
4356
3938
4322
4747
4347
3649
2542
1093
-42
-571
-1052
-1326
-2084
-3760
-5193
-5436
-5019
-4617
-4423
-5169
-5798
-5379
-4097
-3049
-2093
-1591
-1321
-441
859
2085
3334
4609
5246
5658
6249
7068
8234
9466
9738
9287
8879
8921
9472
10117
9795
8779
8161
7049
5385
4801
5122
4370
2638
309
-2536
-3940
-2980
-2723
-4861
-7357
-9243
-10079
-9404
-8445
-9273
-10672
-11150
-10934
-9922
-8475
-7700
-7412
-6500
-5382
-4192
-2615
-1124
-43
1210
2024
2372
3289
4689
5563
5857
5706
4920
4698
5259
5376
4420
2976
1429
490
415
-58
-1494
-3063
-4087
-4572
-4544
-4748
-5528
-5950
-5767
-5401
-5037
-4488
-4052
-3377
-2391
-1632
-820
417
1620
2537
3532
4492
5305
6338
7291
7792
8364
9060
9444
9646
9655
9425
9355
9512
9409
9152
8568
6596
4815
4732
5266
4470
2509
-526
-3309
-3520
-2133
-2883
-5672
-8350
-9871
-9842
-8699
-8713
-10543
-11648
-11497
-10717
-9661
-8843
-8505
-7725
-6285
-5263
-4256
-2679
-1003
570
1705
1883
2214
3738
5483
6072
5823
5062
4556
5116
5529
4610
3129
2251
1468
586
-562
-1858
-2744
-2822
-3461
-4926
-6149
-6352
-5719
-5051
-5171
-6087
-6215
-5138
-3666
-2549
-1978
-1723
-904
514
1901
3003
4274
5287
5919
6551
7302
8318
9516
10240
10108
9686
9653
10006
10452
10471
9902
9189
7621
5884
5338
5908
5410
3347
364
-2442
-3341
-2192
-2330
-5092
-8298
-10068
-10162
-9325
-9028
-10739
-12415
-12605
-11706
-10568
-9695
-9240
-8818
-7633
-6392
-5119
-3434
-1674
-215
963
1529
2101
3523
5465
6366
6282
5690
5152
5630
6598
6359
4426
2692
2025
1950
1490
42
-2037
-3271
-3411
-3610
-4595
-5745
-6220
-6027
-5663
-5800
-6057
-5721
-4594
-3385
-2695
-2364
-1588
-111
1632
2852
3598
4375
5543
6935
8019
8725
9226
9752
10482
10878
10791
10580
10575
10549
10366
10170
8784
6593
5572
5930
5776
4084
1275
-1765
-3297
-2414
-2250
-4516
-7784
-9976
-10529
-9822
-9195
-10458
-12372
-13043
-12449
-11128
-9990
-9470
-9286
-8463
-7066
-5590
-3830
-2175
-822
449
1344
2135
3409
5121
6266
6447
6186
5497
5650
6541
6871
5604
3345
1812
1601
2167
1428
-975
-3453
-4402
-3964
-3460
-4459
-6325
-7263
-6629
-5623
-5277
-5374
-5526
-4727
-3259
-2197
-1521
-645
632
1966
3154
4022
4807
6194
7595
8377
8767
9006
9529
10572
11297
11013
10215
9833
9902
10360
10259
8096
5734
5207
5889
5461
3513
235
-2627
-2898
-1739
-2746
-5792
-8683
-10137
-9999
-9114
-9593
-11658
-12677
-12390
-11499
-10719
-10093
-9854
-8940
-7369
-6318
-5410
-3812
-1886
-132
1137
1508
2017
3683
5671
6328
6127
5578
5310
5975
6412
5419
3792
2973
2499
1655
425
-1230
-2492
-2682
-3136
-4636
-6147
-6598
-6230
-5692
-5832
-6742
-7052
-5818
-4277
-3358
-2984
-2619
-1504
224
1784
2617
3533
4805
6064
7124
7904
8519
9455
10504
11017
10785
10594
10746
11144
11386
11089
9860
7928
6734
6773
7112
5875
3242
45
-1928
-1942
-1361
-2860
-6022
-8832
-9921
-9734
-9266
-9907
-11860
-12920
-12809
-11920
-11216
-10515
-10093
-9467
-8356
-7220
-5918
-4130
-2239
-874
125
787
1901
3677
5589
6292
6203
5781
5859
6757
7691
7108
4925
3470
3221
3613
2817
672
-1945
-3097
-2705
-2677
-4209
-6175
-7146
-6669
-5838
-5826
-6408
-6716
-5696
-4492
-3373
-2863
-2079
-707
889
2068
2906
4003
5428
6818
7917
8552
8954
9789
10851
11437
11273
11101
11041
11180
11345
11276
9502
7201
6431
7033
6766
4708
1501
-1651
-2746
-1700
-2012
-4950
-8242
-10113
-10352
-9736
-9522
-11283
-13063
-13183
-12457
-11428
-10694
-10263
-9973
-8827
-7465
-6301
-4718
-2966
-1474
-222
611
1374
2958
5004
6072
6156
6050
5818
6424
7499
7764
5957
4000
3227
3419
3435
1905
-938
-3169
-3462
-2773
-3395
-5323
-7198
-7659
-6635
-5933
-6094
-6788
-6530
-5368
-4091
-3168
-2647
-1563
-12
1397
2270
3091
4342
5810
7051
7800
8127
8745
9767
10700
10871
10634
10477
10666
10979
11157
10581
8407
6615
6566
7257
6331
3733
421
-2113
-2227
-1212
-2637
-6007
-8833
-10017
-9909
-9329
-9679
-11794
-12878
-12623
-11798
-10920
-10181
-9749
-9268
-7972
-6742
-5478
-3739
-2048
-747
304
983
2071
3836
5610
6061
5989
5835
5950
6780
7539
6925
4879
3562
3256
3396
2635
608
-1973
-3295
-3198
-3056
-4346
-6126
-7342
-7268
-6471
-6239
-6447
-6738
-6052
-5034
-3898
-3120
-2266
-908
566
1671
2557
3661
5011
6365
7441
8011
8489
9454
10386
10936
10945
10915
10867
11133
11225
11116
10175
8228
6872
6839
7043
5525
2877
-151
-2188
-2148
-1713
-3739
-7007
-9441
-10239
-10097
-9671
-10471
-12614
-13371
-12865
-11866
-11140
-10479
-10122
-9480
-8101
-6769
-5484
-3785
-2180
-892
56
940
2269
4027
5594
5971
6019
6106
6500
7175
7612
6851
5320
4420
4119
3607
2495
882
-926
-2049
-2478
-3177
-4502
-5547
-6174
-6442
-6524
-6578
-6528
-6248
-5595
-5000
-4275
-3343
-2211
-913
174
1113
2274
3657
4902
5873
6769
7550
8574
9707
10411
10516
10642
10922
11140
11242
11198
11023
9885
8104
6928
6947
6786
5253
2499
-544
-2269
-1930
-1953
-4184
-7330
-9650
-10341
-9917
-9475
-10671
-12561
-13174
-12644
-11588
-10658
-10035
-9737
-8937
-7701
-6323
-4855
-3140
-1693
-453
491
1434
2840
4630
5932
6241
6117
6052
6576
7379
7697
6361
4447
3428
3550
3417
2072
-335
-2512
-3370
-2975
-3433
-5070
-6719
-7378
-6986
-6574
-6393
-6759
-6576
-5586
-4551
-3756
-2984
-1788
-371
891
1855
2735
3946
5507
6733
7529
7965
8699
9801
10845
11175
10868
10702
10902
11229
11461
11085
9123
7096
6725
7354
6655
4291
969
-1715
-2118
-1173
-2523
-5969
-8976
-10224
-9946
-9380
-9929
-12264
-13416
-12968
-11996
-11163
-10568
-10297
-9632
-8257
-6949
-5749
-3937
-2277
-1008
240
1112
2283
4119
5936
6407
6332
6324
6463
7406
8265
7628
5633
3955
3515
3809
3780
1796
-1273
-3260
-3431
-2889
-3364
-5313
-7462
-8142
-7212
-6428
-6322
-6762
-6981
-6047
-4718
-3465
-2712
-1551
-420
641
1828
2925
4167
5582
6859
7436
7853
8629
9721
10746
11210
10828
10370
10367
10792
11312
11162
9057
6564
6065
6937
6592
4525
1117
-1956
-2626
-1406
-2266
-5497
-8499
-10247
-10178
-9307
-9398
-11613
-13059
-12746
-11948
-10866
-10160
-9926
-9441
-7978
-6739
-5723
-4242
-2561
-1094
375
1120
1772
3482
5234
6108
6232
6241
6046
6818
7741
6963
5265
4241
3890
3565
2873
901
-1469
-2468
-2437
-3154
-4619
-6227
-7211
-7055
-6442
-6735
-7420
-7300
-6380
-5272
-4250
-3610
-2915
-1519
-8
1132
2180
3567
4838
6037
6999
7671
8554
9883
10851
11130
10963
10930
11175
11659
11827
11317
10498
8749
7199
6982
7288
6112
3577
662
-1649
-2247
-1614
-2894
-6118
-8938
-10240
-10169
-9539
-9793
-11819
-13371
-13104
-12069
-10918
-10127
-9922
-9592
-8458
-6949
-5529
-3954
-2406
-1161
76
1011
2174
3927
5457
6130
6284
6295
6282
6981
7804
7282
5777
4368
3323
2976
3002
1893
-719
-2983
-3898
-3984
-3917
-4894
-6851
-8149
-7864
-6994
-6499
-6388
-6516
-6222
-4932
-3687
-2600
-1482
-213
845
1904
3100
4208
5624
7059
7791
8207
8827
9608
10573
11213
11246
10596
10386
10588
10860
10804
9148
6788
5883
6396
6053
4088
1191
-1637
-2755
-1973
-2581
-5414
-8282
-9796
-10008
-9449
-9439
-11105
-12570
-12376
-11518
-10579
-9760
-9291
-8843
-7717
-6354
-5085
-3618
-1939
-587
628
1483
2424
3964
5466
6258
6322
6276
6126
6690
7442
7032
5491
3924
2945
2662
2736
1603
-1032
-3499
-4223
-4024
-3791
-4979
-7124
-8497
-8023
-6707
-6186
-6351
-6914
-6541
-4970
-3264
-2246
-1446
-546
637
2095
3601
4745
5782
6992
7738
8531
9349
10052
10623
11071
11122
10783
10620
10666
10703
10617
9155
6792
5761
6181
5946
4062
1127
-1969
-3252
-2394
-2557
-5350
-8412
-10200
-10438
-9662
-9377
-10923
-12608
-12578
-11784
-10727
-9816
-9243
-8909
-7795
-6550
-5363
-3906
-2127
-614
591
1408
2027
3481
5203
6321
6366
6216
6079
6705
7497
7036
5391
4064
3734
3455
2674
880
-1237
-2508
-2598
-3098
-4450
-5972
-6764
-6703
-6460
-6604
-7156
-7024
-6238
-5209
-4436
-3828
-3027
-1702
-189
1005
2041
3236
4536
5776
6870
7548
8309
9300
10150
10483
10417
10459
10628
11011
10970
10557
9711
8194
6794
6622
6772
5348
2819
65
-1825
-2273
-1706
-3203
-6339
-8872
-9668
-9424
-8873
-9307
-11294
-12461
-12106
-10935
-9934
-9078
-9038
-8741
-7619
-6086
-4516
-2891
-1559
-784
337
1420
2739
4234
5497
5755
5745
5925
6227
6863
7254
6405
4482
3225
3002
3121
2367
360
-2227
-3619
-3461
-3191
-4179
-6006
-7315
-7444
-6679
-6131
-6260
-6573
-6257
-5262
-4110
-3153
-2191
-1030
279
1427
2446
3571
4860
6356
7467
7956
8212
8883
9925
10742
10911
10546
10103
10180
10564
10805
9919
7680
6049
6094
6445
5087
2408
-656
-2484
-2333
-1852
-3906
-7137
-9266
-9720
-9234
-8990
-10023
-12030
-12422
-11611
-10601
-10022
-9581
-9283
-8261
-6856
-5659
-4482
-2909
-1357
-189
908
1600
2801
4450
5703
5967
5867
5923
6287
7059
7233
5877
4110
3347
3456
3234
1892
-406
-2391
-2952
-2622
-3161
-4756
-6346
-6937
-6586
-6108
-6141
-6574
-6533
-5771
-4762
-3863
-3078
-2070
-793
472
1513
2602
3877
5205
6353
7093
7499
8196
9236
10011
10162
10007
9937
10025
10303
10316
10012
8774
6996
5985
6206
5952
4248
1603
-1054
-2400
-2060
-2064
-4411
-7241
-9108
-9399
-8947
-8668
-9866
-11577
-11910
-11170
-10071
-9270
-8876
-8695
-7781
-6559
-5224
-3876
-2395
-1186
-72
909
1638
2980
4566
5552
5776
5740
5698
6102
6865
6732
5165
3767
3387
3275
2568
1033
-946
-2331
-2584
-2780
-4058
-5503
-6310
-6490
-6357
-6409
-6748
-6850
-6172
-5277
-4634
-3952
-3017
-1821
-387
776
1756
2895
4316
5549
6495
7216
7819
8838
9856
10271
10079
10121
10390
10736
10747
10308
9648
8491
7148
6411
6415
5545
3629
1137
-1065
-2156
-1873
-2515
-5066
-7622
-9042
-9215
-8842
-8798
-10225
-11758
-11773
-10928
-9861
-9180
-8921
-8843
-7853
-6545
-5135
-3775
-2469
-1507
-360
739
1711
3135
4525
5247
5395
5645
5679
6233
6848
6581
4883
3627
3388
3437
2822
1278
-938
-2393
-2476
-2396
-3461
-5106
-6116
-6449
-6013
-5869
-6113
-6412
-5949
-5090
-4329
-3562
-2712
-1650
-401
675
1547
2608
3877
5109
6043
6718
7177
8053
9105
9690
9644
9525
9646
9954
10148
9881
9293
7983
6512
6041
6311
5542
3499
1007
-1146
-1966
-1509
-2217
-5024
-7478
-8730
-8765
-8365
-8377
-9991
-11505
-11251
-10353
-9419
-8779
-8505
-8446
-7450
-6088
-4762
-3444
-2138
-1216
-150
971
1972
3357
4616
5247
5284
5497
5582
6119
6699
6328
4733
3366
3078
3158
2827
1268
-1051
-2704
-2848
-2615
-3350
-5047
-6437
-6887
-6372
-5959
-6113
-6406
-6316
-5440
-4501
-3498
-2636
-1582
-439
621
1644
2772
4055
5289
6273
6916
7434
8261
9314
9935
10066
9903
9921
10107
10287
10151
9623
8200
6530
6005
6283
5507
3484
908
-1348
-2214
-1768
-2531
-5251
-7707
-9001
-9141
-8684
-8717
-10352
-11779
-11485
-10606
-9763
-9040
-8721
-8548
-7525
-6133
-4834
-3509
-2140
-1157
-63
1077
2157
3491
4715
5378
5467
5677
5879
6404
6794
6336
4978
3762
3293
3213
2844
1393
-765
-2428
-2853
-2849
-3373
-4821
-6296
-6998
-6678
-6197
-6124
-6359
-6456
-5826
-4797
-3620
-2637
-1638
-682
355
1500
2815
4074
5203
6100
6757
7423
8366
9317
9831
10024
9951
10003
10120
10271
10140
9776
8475
6734
5967
6180
5634
3808
1295
-1174
-2248
-1839
-2221
-4720
-7268
-8787
-9027
-8472
-8324
-9772
-11379
-11328
-10523
-9553
-8806
-8452
-8344
-7434
-6128
-4852
-3540
-2118
-1075
-130
901
1867
3240
4513
5330
5312
5348
5501
6054
6539
6196
4964
3742
3018
2725
2469
1459
-400
-2281
-3150
-3417
-3574
-4324
-5663
-6757
-6895
-6350
-5900
-5796
-5892
-5724
-4845
-3636
-2572
-1641
-688
304
1443
2636
3720
4706
5779
6650
7276
7943
8534
9094
9584
9805
9685
9502
9452
9470
9433
8540
6668
5601
5724
5480
3949
1645
-759
-2071
-1750
-1970
-4248
-6788
-8175
-8515
-8137
-8102
-9297
-10862
-10812
-9999
-9177
-8586
-8282
-7991
-7051
-5699
-4602
-3526
-2202
-958
84
1055
1785
2933
4203
5134
5277
5201
5311
5710
6210
5913
4822
3712
2998
2520
2056
1122
-477
-2173
-3171
-3705
-4090
-4641
-5683
-6689
-7042
-6721
-6258
-5951
-5841
-5780
-5110
-3897
-2730
-1706
-809
94
1272
2707
3940
4819
5731
6702
7597
8435
8955
9239
9637
9964
10074
9888
9672
9425
9387
8791
7073
5793
5705
5537
4141
1955
-469
-2011
-1916
-1879
-3986
-6693
-8276
-8591
-8167
-8064
-9181
-10911
-11059
-10110
-9167
-8612
-8406
-8262
-7355
-5845
-4569
-3590
-2455
-1222
-114
1018
1826
2823
3985
4973
5275
5308
5443
5812
6331
6206
5213
4012
3287
2941
2630
1661
-99
-2008
-2916
-3178
-3468
-4340
-5708
-6759
-6820
-6309
-6003
-6037
-6095
-5872
-5032
-3841
-2929
-2044
-1072
-121
910
2201
3524
4627
5613
6328
6962
7846
8765
9313
9589
9540
9419
9516
9679
9574
9244
8503
6809
5645
5564
5546
4205
2104
-347
-2028
-2075
-1789
-3436
-6142
-7971
-8613
-8241
-7924
-8649
-10400
-10958
-10322
-9420
-8698
-8220
-8059
-7521
-6270
-5036
-3891
-2639
-1335
-421
521
1282
2337
3648
4759
5041
4959
5094
5434
6018
6108
5325
4134
3252
2696
2370
1859
554
-1344
-2745
-3299
-3460
-3691
-4737
-6069
-6691
-6312
-5657
-5355
-5393
-5489
-4889
-3663
-2615
-1782
-856
81
1114
2303
3371
4361
5443
6466
7057
7644
8241
8845
9466
9778
9563
9282
9343
9408
9441
8781
7075
5610
5505
5584
4428
2368
-10
-1737
-1887
-1609
-3197
-5761
-7555
-8154
-8103
-7875
-8558
-10112
-10682
-10165
-9449
-8830
-8210
-7890
-7380
-6302
-5146
-4022
-2635
-1299
-449
347
1053
2191
3529
4637
4768
4655
4836
5212
5674
5674
4873
3786
3004
2285
1810
1248
267
-1524
-2989
-3805
-4017
-4067
-4769
-6118
-7027
-6825
-6049
-5450
-5401
-5569
-5256
-3983
-2700
-1672
-817
43
1038
2383
3606
4536
5498
6498
7303
7965
8539
8952
9512
9957
9912
9582
9502
9414
9409
8885
7311
5736
5426
5544
4378
2339
22
-1667
-1925
-1629
-3174
-5846
-7708
-8147
-8032
-7863
-8615
-10257
-10852
-10165
-9275
-8739
-8268
-8012
-7466
-6244
-4923
-3859
-2608
-1409
-492
468
1366
2408
3584
4629
4842
4786
5000
5307
5694
5775
5007
3721
2855
2489
2270
1664
294
-1633
-2884
-3030
-2996
-3531
-4849
-6115
-6452
-5839
-5273
-5264
-5539
-5493
-4695
-3531
-2565
-1878
-959
17
1057
2220
3305
4308
5365
6329
6957
7593
8244
8956
9494
9730
9417
9234
9296
9340
9244
8438
6684
5296
5320
5293
4019
1905
-342
-1933
-1917
-1684
-3387
-6020
-7624
-8051
-7950
-7772
-8594
-10069
-10525
-9834
-9201
-8699
-8176
-7805
-7176
-6112
-5028
-3988
-2682
-1437
-487
356
1112
2128
3492
4366
4475
4424
4666
5075
5591
5389
4128
3058
2982
2976
2314
1026
-617
-1733
-1833
-1846
-2915
-4191
-5039
-5274
-5065
-4953
-5218
-5461
-5081
-4530
-3868
-3196
-2452
-1656
-622
248
1155
2321
3477
4398
5158
6004
6664
7598
8392
8888
8931
8918
8966
9148
9336
9085
8359
7076
5957
5554
5630
4751
2960
869
-755
-1335
-1224
-1971
-4295
-6378
-7418
-7451
-7268
-7471
-8797
-9985
-9971
-9257
-8592
-8060
-7692
-7569
-6869
-5806
-4553
-3305
-2051
-1311
-657
283
1451
2752
3702
4063
4002
4282
4680
5134
5307
4883
3867
2995
2573
2384
2085
1086
-563
-2023
-2529
-2532
-2667
-3601
-4980
-5822
-5583
-4975
-4680
-4763
-5011
-4800
-3852
-2748
-1907
-1102
-238
584
1607
2814
3821
4789
5767
6552
7092
7672
8278
8859
9241
9293
9024
8813
8774
8907
8540
7104
5705
5289
5283
4410
2773
562
-1273
-1586
-1299
-2628
-5080
-6870
-7598
-7585
-7387
-8051
-9720
-10333
-9838
-9192
-8852
-8481
-8224
-7673
-6565
-5580
-4718
-3549
-2192
-1157
-237
412
1339
2612
3846
4279
4397
4436
4526
5081
5504
5004
3884
3176
2632
2211
1830
958
-584
-1692
-2226
-2717
-3206
-3706
-4499
-5222
-5267
-5133
-4921
-4622
-4302
-4135
-3585
-2673
-1731
-710
348
1159
1957
2948
4062
5097
6014
6708
7127
7683
8320
8805
8928
8937
8905
8830
8867
8787
7661
6215
5753
5928
5216
3558
1618
-383
-1135
-864
-1663
-4074
-6001
-6976
-7447
-7387
-7554
-8948
-10120
-9934
-9540
-9182
-8641
-8203
-8055
-7222
-6128
-5242
-4097
-2759
-1734
-878
18
826
2071
3397
4012
4086
4313
4515
4912
5523
5239
3967
3171
3049
2697
2174
1297
-278
-1553
-1727
-1892
-2770
-3564
-4293
-4961
-4913
-4545
-4629
-4806
-4499
-4132
-3606
-2650
-1847
-1258
-287
803
1724
2606
3584
4431
5287
6203
6813
7316
7890
8329
8469
8580
8732
8826
8756
8681
7908
6474
5653
5868
5737
4199
2123
54
-1087
-926
-984
-3061
-5566
-6870
-7228
-7222
-7215
-8188
-9791
-10115
-9523
-9018
-8615
-8146
-7985
-7501
-6455
-5386
-4326
-3041
-1943
-1223
-375
442
1659
3108
3992
3993
4067
4410
4821
5412
5587
4559
3425
3131
2909
2360
1667
579
-914
-1745
-2066
-2713
-3345
-3772
-4512
-5236
-5310
-5072
-4839
-4502
-4341
-4335
-3676
-2516
-1501
-672
158
961
2022
3235
4196
4916
5727
6508
7234
7910
8339
8505
8663
8909
9077
9140
9022
8725
7727
6416
5881
6062
5529
3724
1509
-448
-1268
-974
-1525
-3892
-6222
-7331
-7567
-7456
-7624
-8890
-10334
-10357
-9721
-9154
-8734
-8415
-8223
-7530
-6362
-5294
-4270
-3083
-2033
-1125
-274
614
1928
3197
3907
4072
4351
4701
5181
5730
5403
4359
3706
3650
3272
2494
1407
133
-790
-1029
-1643
-2760
-3643
-4087
-4374
-4652
-4867
-5223
-5124
-4701
-4312
-3934
-3338
-2498
-1591
-639
166
1140
2357
3460
4233
4954
5661
6556
7524
8147
8302
8358
8684
9017
9294
9263
9005
8536
7454
6382
6083
6115
5154
3198
958
-820
-1188
-871
-2034
-4656
-6687
-7464
-7475
-7341
-7940
-9612
-10660
-10290
-9580
-9083
-8810
-8704
-8382
-7302
-6051
-5091
-4063
-2960
-1969
-949
-20
937
2193
3421
3958
4127
4346
4668
5359
5955
5410
4037
3243
3211
3338
2907
1472
-570
-1569
-1362
-1290
-2143
-3505
-4635
-4947
-4423
-4164
-4505
-4925
-4833
-4254
-3425
-2696
-2033
-1272
-395
458
1433
2520
3571
4569
5312
5847
6495
7374
8141
8576
8673
8608
8625
8891
9166
9212
8365
6724
5697
5851
6026
4875
2652
7
-1422
-1105
-837
-2676
-5410
-7168
-7672
-7359
-7269
-8330
-10062
-10541
-10028
-9370
-8955
-8687
-8543
-7888
-6751
-5770
-4742
-3498
-2292
-1370
-457
284
1350
2804
3853
4126
4174
4347
4754
5547
5858
4908
3631
3029
2964
2924
2377
739
-1093
-1837
-1705
-1916
-2705
-3888
-4925
-5125
-4692
-4460
-4685
-4869
-4740
-4156
-3292
-2483
-1748
-915
-20
942
1982
2975
3985
5005
5911
6500
7126
7775
8438
8913
9113
9074
9023
9160
9397
9283
8074
6613
6033
6236
5713
4146
1714
-473
-1212
-865
-1672
-4138
-6337
-7507
-7646
-7494
-7924
-9499
-10621
-10511
-9952
-9498
-9196
-9099
-8755
-7665
-6592
-5703
-4664
-3333
-2234
-1155
-283
477
1763
3184
3949
4095
4308
4624
5266
5893
5524
4396
3727
3550
3309
2750
1607
112
-829
-1067
-1589
-2521
-3395
-4113
-4499
-4599
-4773
-5060
-4985
-4617
-4263
-3819
-3243
-2477
-1481
-517
304
1256
2377
3414
4304
5160
5984
6844
7684
8229
8504
8736
9075
9349
9433
9413
9331
8644
7341
6538
6527
6213
4988
3020
681
-757
-659
-796
-2780
-5292
-6915
-7555
-7446
-7399
-8577
-10253
-10710
-10278
-9759
-9231
-8990
-9064
-8476
-7275
-6227
-5186
-3914
-2856
-1934
-875
63
1141
2553
3607
3921
4109
4400
4877
5636
5856
4946
3934
3477
3272
3070
2527
1041
-499
-1177
-1358
-1823
-2450
-3447
-4485
-4808
-4551
-4513
-4656
-4634
-4610
-4239
-3471
-2673
-1999
-1126
-320
478
1497
2585
3549
4470
5343
5975
6645
7374
8127
8599
8814
8783
8747
8953
9374
9373
8098
6514
5963
6392
6049
4603
2142
-166
-884
-238
-913
-3470
-5888
-7128
-7298
-7050
-7431
-9178
-10454
-10342
-9735
-9428
-9159
-9047
-8753
-7652
-6582
-5860
-4950
-3514
-2278
-1145
-407
258
1424
3016
3942
4123
4187
4392
5095
5759
5433
4252
3677
3606
3289
2561
1422
92
-567
-725
-1521
-2716
-3535
-3931
-4184
-4337
-4758
-5297
-5163
-4593
-4112
-3812
-3338
-2778
-1895
-785
213
1103
2058
2993
3854
4861
5801
6649
7319
7922
8351
8720
9073
9344
9490
9519
9551
8969
7750
6859
6874
6654
5401
3439
1272
-207
-383
-470
-2310
-4850
-6602
-7283
-7405
-7442
-8500
-10196
-10927
-10579
-9989
-9573
-9368
-9474
-8997
-7837
-6578
-5564
-4455
-3468
-2444
-1260
-213
871
2193
3300
3807
4168
4511
5008
5729
5974
5123
4144
3883
3889
3502
2535
1039
-205
-560
-689
-1520
-2760
-3760
-4248
-4286
-4325
-4695
-5060
-5011
-4630
-4058
-3466
-2845
-2170
-1279
-383
563
1627
2714
3712
4566
5356
6067
6885
7749
8501
8798
8848
8917
9243
9585
9891
9551
8044
6720
6678
7039
6177
4306
1854
-88
-434
-76
-1419
-4053
-6124
-7166
-7405
-7343
-8042
-9799
-10735
-10668
-10317
-9950
-9583
-9521
-9155
-8220
-7362
-6432
-5099
-3751
-2805
-1859
-1111
-32
1550
3004
3512
3715
4018
4525
5378
5830
5196
4316
4138
3993
3527
2711
1660
667
306
-205
-1273
-2286
-2783
-3110
-3419
-3862
-4477
-4601
-4166
-3795
-3724
-3443
-2951
-2184
-1221
-363
263
1134
2173
3101
3895
4722
5571
6398
7138
7609
7959
8327
8781
9056
9174
9206
9037
8062
7081
6861
6919
6112
4516
2434
566
67
237
-967
-3494
-5551
-6722
-7029
-6923
-7584
-9451
-10684
-10578
-10107
-9626
-9465
-9646
-9511
-8367
-7217
-6346
-5340
-4209
-3175
-2019
-1016
-141
1159
2518
3325
3623
3949
4326
5105
5704
5185
4240
3945
4006
3653
2912
1688
465
80
51
-837
-2134
-3005
-3435
-3538
-3601
-4100
-4767
-4699
-4173
-3783
-3415
-3016
-2523
-1706
-662
198
1001
1971
2943
3803
4693
5512
6312
7149
7855
8198
8449
8828
9262
9623
9871
9509
8259
7323
7382
7629
6719
4919
2483
681
395
698
-758
-3473
-5668
-6828
-7023
-6905
-7644
-9682
-10909
-10945
-10384
-9967
-9705
-9934
-9880
-8921
-7754
-6689
-5633
-4463
-3588
-2466
-1466
-288
1067
2431
3227
3630
4012
4465
5381
6027
5614
4670
4341
4279
4053
3495
2346
894
198
123
-553
-1646
-2671
-3449
-3802
-3779
-4056
-4675
-4854
-4570
-4180
-3659
-3167
-2725
-2034
-1057
-116
786
1747
2710
3565
4458
5306
6156
7017
7749
8176
8395
8777
9282
9733
10038
9750
8462
7388
7541
7956
7077
5228
2795
795
477
916
-440
-3277
-5492
-6706
-7055
-6918
-7550
-9560
-10863
-10897
-10542
-10190
-9790
-9830
-9865
-9127
-8149
-7076
-5774
-4487
-3696
-2841
-1904
-670
976
2444
3147
3420
3844
4392
5432
6246
5916
4969
4541
4381
4216
4049
3134
1498
368
39
-454
-1062
-1833
-3008
-3915
-4029
-4027
-4245
-4328
-4432
-4519
-4035
-3298
-2752
-2132
-1337
-637
189
1182
2131
2983
3950
4823
5555
6242
6936
7649
8258
8691
8915
9125
9468
9710
8929
7789
7398
7706
7157
5742
3634
1535
654
942
21
-2526
-4773
-6152
-6781
-6869
-7320
-9149
-10532
-10618
-10354
-10242
-9987
-9909
-9827
-8999
-8071
-7275
-6243
-4855
-3788
-2734
-1834
-926
468
2044
3034
3515
3951
4327
5060
5903
5818
5084
4786
4626
4191
3789
2995
1641
752
498
-236
-1271
-2059
-2894
-3524
-3630
-3902
-4514
-4719
-4505
-4325
-3889
-3357
-3051
-2559
-1608
-693
147
1077
1947
2703
3609
4578
5458
6265
6923
7466
8005
8511
8951
9356
9706
9789
8987
7881
7649
8115
7706
6080
3864
1801
1002
1325
587
-1961
-4466
-5968
-6533
-6526
-6944
-8751
-10477
-10809
-10534
-10196
-9981
-10088
-10267
-9632
-8592
-7602
-6555
-5393
-4430
-3399
-2315
-1315
123
1677
2767
3298
3795
4218
4964
5976
6167
5469
4834
4547
4392
4391
3760
2234
805
348
82
-411
-1257
-2539
-3608
-3829
-3700
-3927
-4248
-4483
-4520
-4120
-3442
-2940
-2436
-1691
-867
-85
787
1756
2682
3622
4440
5166
5846
6618
7385
8045
8355
8533
8862
9384
9748
9020
7659
7157
7697
7606
6218
3917
1647
713
1194
764
-1590
-4228
-5960
-6559
-6392
-6643
-8388
-10202
-10720
-10513
-10119
-9805
-9961
-10167
-9622
-8676
-7785
-6721
-5474
-4469
-3471
-2566
-1687
-269
1510
2713
3205
3540
3894
4655
5840
6239
5606
4909
4506
4363
4457
4121
2764
1309
571
202
-138
-666
-1804
-3092
-3612
-3568
-3604
-3763
-3981
-4258
-4077
-3476
-2910
-2404
-1712
-970
-321
448
1366
2311
3251
4134
4842
5453
6150
6946
7696
8188
8414
8641
9042
9402
8891
7822
7373
7674
7440
6181
4179
2069
1158
1364
755
-1467
-3857
-5571
-6279
-6298
-6682
-8340
-9997
-10481
-10398
-10054
-9835
-9941
-10115
-9447
-8511
-7691
-6748
-5581
-4527
-3424
-2448
-1722
-460
1160
2425
2957
3420
3711
4349
5344
5668
5178
4797
4662
4330
4039
3474
2508
1637
1199
411
-487
-1136
-1759
-2493
-2982
-3381
-3935
-4099
-3934
-3856
-3742
-3405
-3167
-2666
-1779
-798
-130
557
1345
2225
3210
4180
5031
5715
6420
7029
7674
8167
8705
9160
9574
9509
8730
7948
7985
8400
7780
6141
3954
2224
1690
1845
647
-1800
-4092
-5516
-6078
-6279
-7025
-8820
-10181
-10591
-10502
-10367
-10223
-10346
-10282
-9588
-8747
-7974
-6974
-5730
-4645
-3509
-2668
-1839
-514
1160
2333
2882
3291
3716
4539
5518
5668
5064
4765
4849
4794
4341
3484
2379
1782
1650
1049
-101
-1151
-1785
-2148
-2401
-2882
-3638
-4034
-3793
-3464
-3251
-3135
-2972
-2430
-1502
-572
45
626
1412
2404
3335
4089
4720
5431
6229
6951
7388
7633
8106
8802
9399
9059
7920
7235
7679
8108
7324
5407
2996
1465
1536
1677
-74
-2647
-4723
-5855
-6169
-6282
-7496
-9384
-10345
-10515
-10461
-10344
-10296
-10487
-10135
-9345
-8622
-7935
-6801
-5550
-4378
-3287
-2626
-1718
-204
1494
2497
2984
3209
3704
4786
5753
5619
4924
4602
4697
4845
4498
3502
2248
1719
1681
1242
242
-857
-1584
-1881
-2003
-2364
-2988
-3355
-3154
-2764
-2544
-2556
-2361
-1738
-854
-57
421
820
1500
2537
3486
4072
4523
5141
5929
6713
7172
7427
7816
8538
9158
8607
7436
7038
7642
7820
6940
4934
2441
1223
1726
1620
-361
-2790
-4805
-5838
-5854
-5917
-7497
-9302
-10062
-10245
-10129
-9915
-10019
-10269
-9746
-9008
-8389
-7650
-6500
-5362
-4091
-3101
-2568
-1611
-53
1520
2496
2974
3007
3452
4639
5505
5301
4660
4211
4160
4384
4167
3102
1825
1258
1072
696
-111
-1201
-2037
-2341
-2430
-2730
-3224
-3509
-3396
-2977
-2716
-2754
-2535
-1837
-918
-115
372
677
1283
2397
3534
4231
4672
5189
5923
6850
7561
7956
8254
8882
9323
8721
7788
7619
8088
7984
6984
4899
2519
1587
2079
1682
-296
-2678
-4694
-5620
-5543
-5784
-7407
-9045
-9923
-10227
-10055
-9846
-10028
-10159
-9680
-9101
-8520
-7703
-6643
-5480
-4157
-3305
-2761
-1769
-252
1206
2296
2809
2851
3296
4400
5115
5094
4730
4300
4117
4202
3996
3082
2148
1589
1213
735
9
-925
-1577
-1804
-1987
-2328
-2733
-2921
-2803
-2335
-2125
-2153
-1908
-1222
-384
349
925
1265
1807
2780
3868
4604
5090
5493
6054
6838
7548
7970
8259
8729
8579
7669
7040
7342
7581
7009
5535
3200
1295
1108
1508
406
-1779
-4016
-5557
-6059
-5961
-6737
-8370
-9579
-10167
-10269
-10112
-10028
-10166
-9809
-9164
-8625
-8105
-7221
-6109
-4727
-3480
-2858
-2245
-1153
251
1463
2470
2867
3041
3565
4308
4570
4628
4594
4347
4025
3792
3357
2702
2280
1872
1297
592
-87
-658
-950
-1160
-1520
-1955
-2241
-2256
-1995
-1654
-1647
-1659
-1347
-707
-17
654
1170
1493
2020
2875
3798
4487
5018
5402
5891
6517
7156
7665
8256
8474
7614
6658
6766
7499
7420
6374
4319
2050
1125
1651
1395
-443
-2710
-4603
-5656
-5834
-6069
-7379
-8788
-9649
-10034
-10114
-10005
-10018
-9881
-9272
-8743
-8348
-7733
-6702
-5446
-4027
-3167
-2734
-2031
-770
588
1818
2636
2741
2853
3402
4007
4343
4633
4513
3961
3492
3314
3070
2812
2539
1938
1129
480
66
-183
-360
-664
-1169
-1573
-1733
-1614
-1260
-1025
-1049
-1026
-717
-206
434
1135
1619
1865
2296
2964
3672
4303
4829
5227
5635
6148
6651
7246
7815
7426
6366
6057
6713
6955
6273
4825
2799
1377
1421
1529
255
-1622
-3359
-4641
-5295
-5495
-6325
-7507
-8354
-8858
-9151
-9248
-9297
-9274
-8732
-8160
-7829
-7508
-6818
-5906
-4624
-3461
-2856
-2372
-1573
-524
542
1653
2178
2272
2465
2890
3187
3536
3743
3465
2982
2717
2525
2196
2002
1721
1270
700
203
-227
-448
-501
-600
-805
-988
-1068
-880
-478
-175
20
311
722
1136
1674
2251
2609
2909
3452
4060
4482
4796
5091
5436
5879
6337
6719
7152
7037
6068
5325
5614
6053
5622
4481
2675
867
161
293
-308
-1746
-3383
-4871
-5893
-6288
-6704
-7529
-8123
-8585
-8918
-9182
-9308
-9350
-8731
-7803
-7245
-6999
-6614
-5974
-4847
-3319
-2276
-1713
-1170
-408
443
1539
2416
2696
2828
3067
3259
3470
3659
3470
3072
2822
2599
2190
1783
1427
1092
807
360
-217
-593
-724
-731
-689
-723
-919
-848
-412
-37
170
446
814
1233
1768
2293
2610
2812
3201
3810
4434
4721
4795
5077
5581
6097
6524
6936
7067
6559
5802
5499
5825
5943
5348
4000
2265
777
253
115
-594
-2005
-3544
-4825
-5694
-6138
-6735
-7444
-7999
-8277
-8550
-8852
-9100
-9044
-8372
-7499
-6928
-6701
-6359
-5734
-4575
-3274
-2330
-1798
-1232
-541
252
1182
1797
2064
2263
2516
2673
2846
2919
2730
2452
2282
2068
1712
1397
1080
859
620
265
-159
-427
-536
-528
-422
-435
-543
-388
-55
149
335
621
959
1329
1749
2048
2232
2500
2949
3500
3972
4155
4288
4583
4991
5362
5821
6274
6435
6055
5347
4865
4940
5129
4880
3992
2473
928
90
-155
-634
-1503
-2573
-3757
-4799
-5451
-6051
-6619
-6873
-6960
-7204
-7555
-7832
-7969
-7551
-6752
-6064
-5663
-5307
-4897
-4184
-3242
-2404
-1805
-1166
-547
61
751
1235
1422
1631
2010
2298
2518
2616
2447
2146
2050
1975
1833
1646
1415
1132
877
607
261
57
19
23
-12
-101
-258
-249
-53
167
299
439
595
802
1138
1450
1689
1950
2280
2592
2968
3368
3710
3976
4278
4564
4857
5244
5576
5596
5222
4798
4547
4499
4429
4040
3177
2040
1017
252
-362
-988
-1787
-2804
-3787
-4640
-5401
-6100
-6630
-7049
-7382
-7546
-7629
-7694
-7661
-7422
-7040
-6550
-5989
-5350
-4610
-3813
-3113
-2482
-1849
-1204
-419
481
1256
1687
1916
2124
2410
2763
3075
3163
3064
2902
2727
2546
2296
1971
1611
1357
1109
800
442
112
-158
-378
-561
-701
-769
-790
-731
-651
-596
-558
-412
-99
294
637
910
1162
1482
1930
2462
2992
3444
3816
4138
4494
4874
5262
5618
5909
6022
5881
5619
5419
5276
5036
4610
3919
3055
2157
1337
508
-423
-1452
-2469
-3366
-4189
-5047
-5972
-6795
-7416
-7762
-7881
-7897
-7950
-7980
-7848
-7479
-6946
-6295
-5529
-4686
-3806
-3009
-2272
-1546
-766
60
903
1642
2187
2579
2910
3194
3346
3369
3312
3247
3164
2985
2632
2152
1599
1112
744
426
62
-378
-796
-1135
-1402
-1627
-1770
-1836
-1819
-1751
-1614
-1450
-1268
-1026
-702
-310
81
492
939
1414
1873
2317
2766
3258
3727
4140
4477
4767
5057
5361
5678
5886
5907
5726
5460
5166
4850
4460
3976
3400
2693
1831
833
-221
-1218
-2053
-2755
-3433
-4237
-5107
-5916
-6536
-6942
-7168
-7246
-7190
-6996
-6705
-6319
-5894
-5395
-4762
-3947
-3045
-2162
-1374
-664
4
625
1229
1765
2215
2578
2848
2999
3026
2928
2770
2586
2356
2040
1625
1172
739
328
-88
-518
-981
-1401
-1721
-1935
-2080
-2191
-2287
-2307
-2231
-2085
-1872
-1628
-1327
-988
-624
-219
210
637
1072
1495
1899
2286
2661
3037
3396
3696
3956
4196
4401
4585
4682
4706
4697
4716
4756
4730
4562
4240
3813
3350
2908
2413
1840
1188
484
-265
-1038
-1846
-2633
-3338
-3920
-4371
-4776
-5157
-5518
-5784
-5912
-5897
-5763
-5506
-5111
-4602
-4012
-3410
-2819
-2225
-1615
-950
-259
368
917
1356
1687
1914
2032
2073
2048
1973
1861
1702
1427
1060
645
209
-201
-593
-973
-1323
-1649
-1943
-2210
-2461
-2647
-2745
-2751
-2652
-2474
-2242
-1972
-1678
-1321
-921
-490
-22
455
914
1368
1830
2270
2674
3023
3324
3575
3782
3971
4126
4252
4351
4372
4309
4214
4087
3949
3820
3660
3495
3305
3064
2796
2465
2055
1626
1187
732
250
-265
-804
-1357
-1886
-2370
-2837
-3245
-3559
-3809
-3990
-4089
-4151
-4164
-4101
-3974
-3767
-3450
-3034
-2559
-2060
-1564
-1104
-695
-287
101
457
815
1105
1266
1323
1268
1111
913
710
499
258
-29
-359
-743
-1145
-1513
-1843
-2112
-2319
-2493
-2644
-2753
-2824
-2823
-2736
-2587
-2360
-2089
-1751
-1353
-926
-471
-12
437
905
1380
1825
2258
2672
3040
3364
3598
3746
3853
3913
3948
3940
3881
3776
3613
3396
3161
2884
2613
2361
2101
1874
1643
1400
1165
923
692
490
287
80
-128
-320
-514
-709
-898
-1071
-1212
-1308
-1387
-1472
-1538
-1591
-1625
-1604
-1579
-1563
-1527
-1481
-1397
-1276
-1146
-1023
-895
-789
-697
-631
-593
-555
-520
-498
-508
-593
-727
-871
-1016
-1147
-1258
-1393
-1546
-1685
-1817
-1947
-2051
-2103
-2124
-2108
-2056
-1994
-1916
-1771
-1587
-1371
-1113
-850
-556
-234
97
441
779
1108
1435
1717
1967
2203
2398
2553
2669
2711
2695
2633
2513
2391
2263
2098
1915
1700
1451
1231
1057
889
736
606
485
389
345
331
353
395
450
510
587
678
764
855
904
950
983
979
965
918
819
722
618
469
283
76
-144
-325
-496
-687
-880
-1084
-1278
-1422
-1527
-1629
-1707
-1768
-1827
-1850
-1855
-1849
-1821
-1784
-1750
-1704
-1677
-1649
-1598
-1540
-1490
-1448
-1423
-1407
-1358
-1311
-1251
-1162
-1100
-1036
-941
-848
-729
-581
-436
-277
-117
44
210
375
548
738
928
1057
1163
1268
1345
1439
1522
1540
1515
1482
1423
1360
1296
1205
1118
1027
917
819
744
690
670
648
631
639
658
713
811
916
1001
1086
1166
1249
1354
1431
1471
1503
1503
1466
1411
1317
1203
1077
910
715
505
258
15
-193
-422
-659
-880
-1106
-1302
-1459
-1598
-1715
-1788
-1850
-1894
-1913
-1916
-1886
-1826
-1747
-1660
-1580
-1518
-1440
-1355
-1271
-1184
-1105
-1055
-1010
-958
-920
-859
-807
-787
-752
-729
-708
-651
-586
-535
-461
-394
-335
-266
-204
-116
-10
80
162
233
296
368
455
522
569
615
649
681
719
759
786
811
840
856
893
916
953
1019
1065
1122
1179
1207
1246
1318
1377
1438
1499
1527
1548
1560
1552
1545
1527
1479
1418
1330
1231
1129
1018
896
756
591
414
246
87
-68
-223
-366
-513
-645
-765
-880
-958
-1014
-1064
-1093
-1134
-1174
-1178
-1181
-1157
-1124
-1114
-1105
-1083
-1059
-1014
-974
-967
-976
-988
-994
-982
-983
-973
-972
-983
-990
-1013
-1026
-1024
-1015
-999
-984
-969
-931
-902
-861
-797
-747
-684
-600
-524
-452
-365
-261
-155
-62
35
133
230
356
486
581
673
754
831
939
1022
1083
1152
1213
1286
1355
1389
1400
1408
1434
1448
1425
1413
1404
1377
1377
1367
1309
1262
1202
1136
1089
1031
979
918
847
787
718
636
565
487
412
352
265
177
87
-7
-84
-173
-261
-340
-428
-506
-584
-679
-761
-836
-920
-982
-1049
-1109
-1150
-1193
-1227
-1272
-1314
-1351
-1381
-1396
-1391
-1388
-1390
-1375
-1350
-1305
-1268
-1246
-1221
-1185
-1112
-1027
-962
-904
-835
-761
-664
-578
-511
-430
-348
-259
-163
-82
-4
77
151
257
348
432
537
620
707
778
835
898
942
995
1060
1095
1145
1199
1223
1261
1286
1293
1290
1295
1315
1350
1371
1361
1340
1314
1312
1297
1262
1233
1191
1164
1143
1095
1033
956
878
816
747
676
580
477
384
281
171
58
-65
-190
-309
-441
-565
-685
-831
-955
-1069
-1187
-1282
-1366
-1432
-1482
-1535
-1579
-1619
-1652
-1671
-1667
-1658
-1620
-1576
-1534
-1463
-1409
-1356
-1283
-1213
-1152
-1099
-1045
-985
-927
-868
-804
-758
-707
-635
-575
-505
-435
-370
-290
-226
-153
-77
-19
63
143
231
322
387
466
548
601
682
761
821
925
998
1063
1161
1232
1295
1351
1380
1420
1452
1486
1536
1547
1567
1593
1591
1593
1579
1558
1539
1520
1498
1468
1409
1342
1265
1183
1105
1017
945
870
792
718
608
474
337
171
-4
-190
-390
-567
-730
-888
-1051
-1225
-1384
-1510
-1615
-1697
-1754
-1802
-1834
-1829
-1826
-1829
-1817
-1813
-1776
-1683
-1583
-1464
-1354
-1252
-1142
-1061
-1002
-944
-907
-869
-825
-788
-732
-694
-668
-635
-618
-596
-565
-517
-451
-387
-317
-264
-223
-149
-84
-24
68
130
211
330
441
571
678
775
908
1017
1126
1254
1341
1426
1509
1555
1602
1626
1643
1680
1691
1697
1706
1682
1671
1653
1615
1572
1527
1493
1442
1377
1290
1180
1075
1002
912
842
785
723
665
571
442
262
59
-138
-326
-509
-679
-855
-1040
-1204
-1351
-1492
-1617
-1723
-1789
-1812
-1805
-1794
-1784
-1778
-1770
-1740
-1708
-1652
-1558
-1450
-1304
-1152
-1031
-913
-844
-812
-766
-740
-700
-663
-645
-616
-607
-617
-638
-677
-701
-687
-659
-610
-564
-510
-446
-395
-331
-275
-205
-112
-15
101
226
354
514
677
810
973
1130
1274
1432
1545
1629
1712
1771
1813
1842
1849
1864
1865
1851
1831
1775
1749
1723
1670
1624
1566
1483
1397
1311
1209
1108
1021
936
877
837
768
694
626
528
403
252
73
-114
-306
-492
-699
-922
-1128
-1327
-1519
-1689
-1824
-1923
-1982
-1996
-1996
-2001
-2011
-2023
-2022
-1982
-1921
-1834
-1702
-1563
-1402
-1255
-1143
-1037
-956
-888
-809
-765
-724
-698
-689
-650
-631
-633
-631
-630
-623
-591
-547
-486
-424
-350
-265
-180
-106
-41
33
114
208
315
440
562
708
870
1021
1177
1311
1443
1575
1688
1793
1872
1933
1981
1984
1968
1956
1920
1875
1825
1759
1700
1661
1609
1567
1540
1518
1511
1506
1492
1494
1520
1554
1600
1630
1624
1548
1396
1172
884
550
165
-257
-719
-1179
-1610
-2001
-2341
-2620
-2836
-2988
-3075
-3128
-3176
-3201
-3178
-3115
-2987
-2808
-2589
-2319
-2014
-1697
-1374
-1073
-808
-593
-425
-287
-200
-134
-73
-44
-56
-97
-194
-323
-465
-620
-757
-875
-930
-920
-864
-759
-636
-514
-391
-257
-112
33
196
383
579
782
981
1154
1305
1448
1584
1720
1843
1959
2045
2096
2111
2073
2007
1920
1828
1750
1669
1592
1555
1551
1565
1606
1670
1740
1833
1946
2078
2238
2421
2591
2703
2746
2658
2408
2049
1613
1084
501
-116
-777
-1446
-2040
-2590
-3098
-3487
-3762
-3963
-4065
-4076
-4069
-4025
-3927
-3782
-3570
-3263
-2890
-2467
-1970
-1454
-960
-502
-134
128
329
462
499
504
512
480
418
304
108
-176
-496
-809
-1103
-1357
-1551
-1666
-1707
-1640
-1487
-1327
-1185
-1018
-802
-557
-286
2
246
456
655
836
978
1111
1260
1444
1684
1925
2135
2285
2338
2350
2380
2373
2310
2248
2219
2202
2249
2354
2431
2515
2626
2751
2871
2994
3169
3380
3600
3767
3855
3743
3323
2770
2216
1531
744
-23
-895
-1865
-2646
-3304
-4062
-4703
-5107
-5439
-5618
-5534
-5417
-5344
-5115
-4804
-4485
-4017
-3470
-2926
-2237
-1429
-675
50
677
1082
1411
1722
1823
1768
1738
1631
1441
1307
1086
645
172
-285
-779
-1249
-1676
-2095
-2417
-2560
-2585
-2516
-2425
-2381
-2239
-1926
-1582
-1210
-770
-377
-60
307
639
786
906
1123
1363
1665
2070
2435
2633
2783
2924
3008
3015
2949
2858
2794
2821
2897
3022
3157
3260
3409
3645
3828
3953
4230
4563
4765
4933
4996
4556
3743
3001
2164
1075
86
-874
-2137
-3267
-3996
-4821
-5713
-6216
-6552
-6878
-6829
-6558
-6433
-6203
-5719
-5224
-4614
-3808
-3017
-2172
-1126
-100
812
1650
2193
2508
2885
3113
2995
2858
2677
2259
1864
1505
850
43
-619
-1292
-1978
-2479
-2956
-3490
-3817
-3912
-3901
-3772
-3612
-3482
-3191
-2702
-2191
-1641
-1037
-508
18
603
1026
1248
1466
1723
1962
2290
2701
2977
3135
3303
3439
3461
3390
3258
3106
3027
3061
3113
3168
3270
3393
3584
3831
3979
4097
4396
4730
4927
5118
5050
4345
3426
2667
1677
480
-506
-1624
-2996
-3941
-4579
-5499
-6258
-6508
-6747
-6843
-6465
-6140
-6013
-5576
-4958
-4403
-3631
-2744
-1962
-955
241
1212
2056
2736
2981
3164
3438
3339
3008
2816
2445
1843
1432
902
-36
-894
-1565
-2365
-3047
-3470
-3979
-4454
-4586
-4594
-4586
-4433
-4245
-4027
-3587
-3025
-2479
-1861
-1217
-637
-18
559
940
1262
1635
1965
2296
2719
3125
3450
3749
3977
4065
4095
4060
3952
3860
3786
3737
3738
3801
3875
3944
4045
4121
4140
4191
4330
4457
4544
4671
4506
3749
2771
1869
817
-316
-1295
-2464
-3781
-4641
-5229
-6053
-6679
-6853
-7004
-6944
-6401
-5948
-5718
-5173
-4444
-3796
-2947
-2005
-1233
-248
970
1952
2733
3336
3570
3699
3885
3700
3220
2865
2403
1747
1212
578
-411
-1335
-2055
-2891
-3681
-4231
-4746
-5165
-5262
-5236
-5264
-5163
-4909
-4555
-4033
-3408
-2792
-2084
-1264
-497
188
778
1205
1579
2035
2451
2740
3060
3442
3791
4112
4336
4372
4321
4279
4204
4065
3930
3813
3764
3834
3955
4024
4092
4210
4302
4393
4562
4703
4780
4924
4856
4185
3140
2133
1037
-169
-1241
-2465
-3897
-4912
-5519
-6299
-7008
-7285
-7438
-7370
-6805
-6237
-5913
-5364
-4576
-3801
-2878
-1877
-1027
-13
1239
2288
3085
3692
3971
4088
4235
4060
3512
3026
2508
1788
1085
334
-719
-1770
-2580
-3415
-4281
-4938
-5444
-5830
-5915
-5840
-5787
-5625
-5293
-4855
-4266
-3570
-2882
-2108
-1216
-384
363
1026
1484
1849
2312
2715
2975
3264
3607
3914
4196
4392
4362
4256
4197
4087
3922
3772
3656
3610
3678
3787
3838
3901
4021
4118
4194
4361
4534
4622
4747
4745
4169
3179
2238
1226
63
-948
-2023
-3355
-4307
-4795
-5478
-6182
-6434
-6544
-6501
-5961
-5384
-5116
-4627
-3870
-3194
-2431
-1560
-818
28
1115
2027
2631
3063
3242
3270
3310
3088
2553
2051
1560
891
213
-512
-1448
-2333
-2981
-3664
-4392
-4918
-5282
-5486
-5423
-5271
-5176
-4967
-4589
-4127
-3556
-2932
-2309
-1596
-788
-36
638
1226
1654
2045
2483
2839
3064
3278
3533
3805
4065
4192
4117
3959
3834
3737
3613
3471
3346
3296
3341
3422
3501
3526
3576
3710
3821
3893
4069
4215
4307
4412
4134
3259
2300
1473
431
-618
-1522
-2728
-3925
-4488
-4992
-5762
-6173
-6261
-6356
-6009
-5320
-4966
-4656
-3962
-3271
-2600
-1773
-1036
-325
681
1692
2408
2942
3201
3225
3273
3179
2697
2155
1661
991
301
-355
-1291
-2292
-2961
-3572
-4313
-4862
-5247
-5565
-5526
-5217
-5066
-4931
-4554
-4111
-3564
-2824
-2127
-1521
-771
33
702
1259
1683
1963
2284
2654
2899
3049
3205
3356
3549
3767
3788
3593
3422
3311
3206
3177
3183
3118
3139
3344
3532
3649
3746
3866
4041
4242
4398
4580
4690
4672
4670
4354
3398
2344
1445
267
-901
-1788
-3032
-4393
-5055
-5599
-6394
-6733
-6748
-6865
-6444
-5610
-5142
-4670
-3861
-3148
-2411
-1459
-691
42
1095
2058
2732
3317
3564
3470
3464
3324
2724
2083
1527
764
-23
-670
-1561
-2555
-3194
-3706
-4368
-4848
-5115
-5370
-5327
-4979
-4759
-4569
-4148
-3653
-3074
-2330
-1652
-1064
-327
387
963
1483
1833
2015
2292
2572
2686
2792
2920
2972
3090
3282
3282
3099
2992
2930
2844
2840
2879
2857
2899
3139
3380
3514
3639
3806
3979
4169
4346
4477
4520
4492
4419
4101
3293
2264
1351
360
-719
-1645
-2696
-3905
-4688
-5122
-5719
-6158
-6187
-6141
-5845
-5154
-4552
-4143
-3506
-2761
-2068
-1313
-596
59
867
1667
2258
2680
2854
2785
2709
2544
1997
1330
776
145
-544
-1100
-1792
-2629
-3173
-3502
-3948
-4308
-4478
-4633
-4608
-4296
-4023
-3843
-3498
-3049
-2556
-1912
-1297
-802
-215
413
916
1405
1804
1963
2135
2374
2437
2420
2495
2483
2463
2620
2716
2615
2579
2591
2527
2563
2667
2639
2648
2851
3026
3170
3382
3518
3588
3818
4051
4133
4221
4295
4177
3987
3715
3059
2151
1282
348
-734
-1754
-2764
-3856
-4693
-5202
-5691
-6076
-6156
-6021
-5695
-5091
-4421
-3845
-3202
-2457
-1709
-948
-247
379
1038
1701
2248
2667
2876
2804
2623
2370
1869
1169
505
-166
-854
-1392
-1882
-2510
-3077
-3418
-3719
-4031
-4166
-4170
-4130
-3904
-3498
-3161
-2894
-2512
-2056
-1631
-1166
-672
-266
121
591
1014
1284
1466
1591
1654
1703
1747
1751
1735
1765
1844
1964
2073
2122
2183
2289
2409
2575
2777
2919
3036
3231
3430
3555
3668
3770
3814
3911
4068
4107
4051
3982
3817
3551
3215
2637
1796
935
74
-900
-1859
-2774
-3731
-4533
-5003
-5361
-5657
-5650
-5415
-5044
-4421
-3682
-3087
-2511
-1814
-1160
-585
-21
478
913
1398
1823
2033
2042
1865
1560
1170
654
7
-626
-1191
-1695
-2067
-2392
-2806
-3167
-3325
-3459
-3574
-3509
-3364
-3201
-2837
-2362
-2035
-1734
-1339
-1000
-685
-305
20
251
517
821
1026
1161
1245
1244
1233
1213
1182
1151
1120
1127
1219
1344
1437
1552
1718
1870
2067
2339
2573
2755
2972
3175
3302
3441
3565
3606
3645
3723
3749
3718
3674
3560
3377
3180
2897
2479
1937
1273
531
-215
-996
-1828
-2606
-3263
-3799
-4153
-4334
-4426
-4325
-4010
-3597
-3127
-2621
-2168
-1735
-1259
-834
-500
-161
169
451
740
950
958
855
698
416
45
-330
-738
-1135
-1412
-1653
-1911
-2133
-2296
-2439
-2501
-2467
-2426
-2310
-2086
-1822
-1546
-1282
-1083
-921
-733
-572
-452
-305
-161
-45
99
226
273
302
339
337
313
323
318
302
351
427
503
638
814
987
1194
1451
1690
1921
2170
2396
2586
2770
2926
3047
3162
3251
3323
3370
3376
3340
3281
3203
3107
3008
2871
2663
2364
1943
1375
699
-16
-759
-1497
-2154
-2741
-3232
-3562
-3747
-3833
-3787
-3605
-3339
-2984
-2583
-2177
-1796
-1432
-1086
-785
-512
-247
2
234
432
565
610
554
405
188
-78
-366
-642
-868
-1060
-1214
-1333
-1423
-1498
-1533
-1516
-1467
-1384
-1278
-1160
-1034
-899
-782
-697
-628
-576
-542
-515
-489
-456
-400
-329
-270
-214
-166
-129
-72
2
88
192
315
445
583
727
879
1048
1232
1422
1610
1798
1973
2138
2300
2454
2594
2720
2827
2910
2965
2992
2978
2932
2869
2792
2710
2598
2485
2340
2139
1858
1473
977
399
-199
-798
-1373
-1910
-2398
-2825
-3153
-3375
-3500
-3514
-3404
-3201
-2916
-2576
-2243
-1939
-1657
-1380
-1117
-863
-618
-401
-179
25
189
297
321
269
156
6
-172
-347
-483
-576
-636
-655
-663
-679
-692
-703
-722
-743
-753
-758
-744
-716
-690
-682
-683
-686
-703
-728
-728
-696
-633
-523
-403
-288
-186
-96
-7
86
177
279
388
509
639
775
914
1028
1141
1262
1381
1495
1609
1725
1845
1966
2082
2182
2252
2306
2326
2309
2274
2248
2222
2195
2166
2116
2066
1989
1869
1714
1520
1278
974
604
198
-235
-702
-1178
-1638
-2067
-2431
-2676
-2818
-2874
-2822
-2689
-2513
-2307
-2094
-1894
-1696
-1496
-1286
-1077
-857
-643
-438
-237
-76
40
110
129
103
43
-33
-128
-216
-297
-366
-452
-547
-619
-703
-750
-773
-796
-789
-758
-721
-680
-642
-621
-605
-583
-552
-508
-449
-374
-305
-231
-153
-94
-48
-6
29
60
102
163
230
301
365
428
487
544
606
668
740
824
928
1044
1168
1294
1412
1512
1606
1688
1756
1814
1855
1885
1907
1935
1948
1934
1909
1883
1843
1796
1714
1608
1465
1274
1025
693
310
-115
-549
-986
-1374
-1718
-2001
-2179
-2274
-2304
-2293
-2209
-2107
-1980
-1813
-1651
-1485
-1308
-1127
-945
-766
-585
-424
-290
-169
-78
-21
6
4
-14
-55
-111
-183
-264
-344
-415
-464
-505
-528
-529
-521
-513
-497
-475
-460
-445
-417
-393
-377
-368
-361
-342
-337
-345
-361
-378
-389
-383
-370
-340
-288
-212
-125
-48
26
101
171
233
291
340
381
445
527
629
747
865
989
1118
1253
1384
1507
1611
1702
1777
1837
1879
1899
1889
1861
1837
1806
1754
1694
1624
1527
1398
1225
1002
737
430
86
-271
-621
-953
-1255
-1514
-1723
-1876
-1963
-1986
-1976
-1926
-1835
-1716
-1566
-1424
-1292
-1156
-999
-841
-686
-545
-422
-301
-188
-93
-24
12
29
24
6
-16
-49
-78
-91
-98
-115
-131
-148
-169
-176
-180
-194
-196
-178
-151
-129
-109
-108
-134
-170
-212
-262
-318
-364
-393
-412
-406
-388
-372
-338
-310
-277
-236
-193
-148
-95
-42
6
69
121
169
228
301
384
485
605
727
859
1008
1139
1244
1342
1405
1462
1510
1540
1557
1564
1559
1542
1519
1479
1414
1330
1229
1120
993
840
673
481
273
51
-175
-400
-605
-793
-957
-1084
-1169
-1231
-1270
-1276
-1264
-1237
-1208
-1161
-1101
-1035
-944
-849
-766
-690
-621
-559
-500
-435
-388
-349
-300
-252
-221
-207
-195
-217
-240
-248
-264
-282
-282
-277
-272
-268
-265
-272
-294
-305
-317
-324
-319
-316
-314
-314
-318
-344
-380
-415
-447
-470
-476
-462
-431
-381
-330
-283
-254
-227
-198
-170
-124
-81
-14
75
158
252
347
441
533
628
729
827
935
1053
1179
1296
1392
1459
1505
1541
1552
1552
1546
1525
1504
1485
1458
1395
1307
1204
1074
927
773
595
407
221
44
-124
-296
-473
-635
-782
-910
-1002
-1052
-1090
-1105
-1072
-1033
-975
-920
-868
-812
-751
-680
-617
-559
-497
-424
-377
-337
-316
-306
-286
-267
-251
-246
-241
-243
-248
-269
-289
-314
-345
-349
-349
-349
-340
-337
-343
-340
-345
-366
-396
-427
-460
-486
-505
-528
-544
-559
-575
-591
-604
-617
-604
-566
-509
-450
-398
-325
-256
-182
-112
-61
4
91
200
311
434
564
687
816
945
1055
1140
1226
1306
1383
1462
1517
1553
1565
1560
1529
1479
1423
1352
1286
1202
1104
1004
888
750
597
437
247
62
-113
-294
-454
-599
-732
-851
-941
-1010
-1073
-1129
-1158
-1154
-1121
-1063
-1011
-951
-888
-800
-711
-645
-583
-520
-453
-376
-302
-236
-174
-133
-90
-47
-18
-5
17
31
37
49
47
37
21
11
-1
-23
-47
-74
-96
-122
-155
-192
-228
-267
-315
-351
-374
-405
-436
-454
-455
-457
-446
-429
-407
-358
-303
-248
-190
-120
-45
39
130
209
288
373
455
541
632
711
789
862
931
982
1032
1069
1085
1092
1096
1090
1066
1030
986
941
885
815
729
644
547
452
355
243
141
35
-82
-187
-282
-377
-463
-542
-608
-665
-709
-735
-762
-787
-797
-785
-771
-753
-730
-707
-669
-625
-580
-540
-495
-440
-379
-328
-278
-224
-187
-144
-107
-66
-36
-7
20
30
42
61
64
56
52
37
24
7
-9
-35
-71
-96
-128
-146
-172
-200
-227
-255
-270
-287
-291
-298
-295
-287
-283
-269
-238
-200
-163
-118
-77
-40
16
80
143
208
271
344
420
496
563
624
692
748
792
841
878
906
935
951
949
934
929
918
891
860
817
757
692
630
556
477
396
307
211
128
42
-56
-143
-225
-307
-381
-445
-503
-565
-607
-651
-686
-712
-741
-756
-768
-768
-765
-759
-746
-727
-705
-681
-646
-607
-578
-542
-508
-469
-428
-396
-357
-333
-298
-266
-240
-212
-192
-169
-140
-117
-105
-84
-73
-70
-56
-47
-52
-57
-53
-44
-36
-31
-26
-12
4
20
39
57
76
112
136
161
191
221
265
311
357
387
428
468
509
540
564
583
609
640
658
662
658
658
656
660
642
609
578
543
504
462
401
339
278
216
147
83
9
-64
-118
-176
-226
-276
-318
-359
-393
-420
-446
-477
-496
-505
-519
-531
-542
-546
-539
-521
-504
-491
-474
-453
-426
-396
-369
-338
-304
-273
-234
-202
-159
-125
-89
-48
-17
19
51
79
102
135
174
193
206
221
236
249
264
268
261
254
258
251
240
237
220
201
183
167
150
133
118
93
73
65
47
32
10
-6
-21
-31
-47
-62
-70
-81
-84
-84
-80
-84
-90
-87
-92
-85
-81
-76
-68
-58
-50
-45
-40
-25
-18
-11
5
10
22
37
44
51
59
60
66
69
78
89
90
96
102
106
110
110
108
105
105
107
109
102
93
88
81
74
68
54
40
38
30
21
17
8
-12
-27
-37
-53
-69
-78
-95
-120
-145
-174
-188
-196
-205
-216
-224
-224
-226
-227
-233
-231
-236
-231
-219
-217
-215
-211
-210
-201
-186
-182
-176
-162
-142
-123
-101
-83
-64
-40
-19
8
36
54
70
90
113
124
145
164
175
185
204
222
228
240
253
263
278
283
287
291
295
292
275
264
260
247
236
231
216
197
180
170
151
132
120
108
87
55
33
4
-24
-40
-72
-110
-138
-163
-184
-203
-218
-237
-247
-249
-254
-250
-241
-239
-242
-235
-230
-225
-214
-216
-217
-208
-201
-198
-187
-170
-157
-139
-119
-110
-94
-80
-65
-41
-31
-21
-9
4
9
19
23
25
33
38
49
54
65
74
78
88
101
110
119
123
122
120
124
128
127
124
122
118
117
122
118
116
114
118
126
123
124
119
110
100
88
74
57
27
-7
-26
-43
-60
-72
-85
-95
-92
-89
-88
-83
-64
-54
-48
-44
-46
-44
-39
-40
-45
-40
-35
-24
-21
-10
-4
-8
1
11
18
22
24
24
29
30
25
19
15
9
5
5
-3
-3
4
9
14
17
18
21
28
33
27
24
22
21
20
16
5
-2
1
-1
-4
-3
-4
-8
-5
-2
-2
-5
-6
-6
-14
-19
-22
-24
-26
-32
-32
-33
-33
-30
-23
-14
-10
-1
10
14
16
21
24
32
34
27
17
10
11
7
1
-5
-8
-2
0
2
9
10
12
16
20
18
12
10
11
11
10
10
-3
-10
-9
-11
-7
-11
-14
-15
-13
-6
-8
-8
-12
-16
-15
-15
-19
-20
-18
-17
-15
-12
-12
-14
-3
7
11
13
13
20
19
17
15
8
5
8
5
-3
-13
-12
-9
-10
-7
-13
-14
-10
-1
-1
-3
-1
0
1
1
3
-1
-3
-6
-12
-16
-16
-13
-18
-17
-18
-14
-13
-15
-13
-19
-20
-21
-19
-20
-23
-29
-34
-33
-32
-28
-27
-23
-13
-10
-2
8
11
15
23
30
36
37
39
34
32
30
25
26
28
23
17
21
16
11
9
5
4
-1
-5
-14
-20
-20
-23
-25
-27
-29
-26
-22
-21
-22
-20
-17
-15
-12
-5
3
8
13
17
21
22
29
30
31
36
29
29
33
32
32
32
26
21
22
19
17
16
10
2
-1
1
-1
-6
-8
-14
-18
-18
-21
-19
-18
-24
-29
-31
-31
-28
-24
-24
-30
-20
-12
-14
-12
-10
-10
-6
0
0
-1
-3
5
7
11
13
10
9
12
18
23
25
23
25
32
38
35
32
27
27
27
24
20
18
18
18
18
15
8
9
7
8
10
4
1
1
-2
-6
-6
-11
-13
-15
-16
-19
-19
-19
-18
-14
-10
-8
-8
-9
-7
0
1
1
0
0
0
2
0
0
1
0
3
-1
-7
-8
-8
-7
-5
-7
-9
-11
-5
-7
-9
-8
-3
1
2
10
11
13
18
22
23
21
22
19
17
18
18
11
10
11
8
8
10
7
1
-1
-1
-4
-3
-5
-8
-8
-4
-4
-5
-5
-6
-8
-8
-6
-8
-8
-11
-15
-17
-22
-25
-27
-25
-25
-24
-21
-17
-16
-16
-15
-12
-10
-7
-8
-7
-4
-6
-5
-4
-1
