-2
-4
-1
-1
-4
-3
-1
-6
-10
1
5
-2
-1
-3
-5
2
1
-5
-7
-10
-4
-8
-5
-4
-5
-7
-11
-9
-9
-5
-6
-7
-10
-8
-5
-10
-7
-7
-14
-13
-15
-10
-8
-7
-6
-8
-8
-8
-2
-1
-4
-1
1
-3
-5
-5
-2
-1
-1
-1
-1
-4
-2
-3
-2
2
5
4
-3
-4
0
-4
1
8
7
7
5
6
11
12
6
9
3
-1
3
0
4
4
-2
0
3
1
-1
-5
4
3
2
2
-3
-2
-4
0
-2
-7
-6
-8
-2
-6
-9
-1
-4
-5
0
-6
-1
4
-3
-1
-5
-2
-4
-4
-2
-6
-6
-5
-5
-5
-4
-7
-11
-7
-4
-10
-13
-13
-7
-5
-6
-3
-8
-7
-5
-3
-2
1
4
4
-1
0
3
-2
0
1
1
2
-3
-2
4
4
-1
0
4
0
6
13
12
7
2
-2
0
-4
-9
-7
-1
0
-2
-9
-10
-9
3
1
4
4
-6
3
0
-2
-6
-15
-9
-4
-2
-6
-9
-6
-6
-3
-7
-2
-2
-5
-2
2
6
2
2
-3
3
3
6
8
8
1
-2
8
8
2
-2
2
3
12
12
10
12
7
12
10
3
2
3
5
6
3
10
9
10
10
3
7
8
9
5
1
8
6
7
9
8
3
8
11
6
10
13
6
5
5
7
11
9
9
13
18
10
12
10
11
12
12
14
3
-1
1
0
-9
-6
-1
-3
-7
-9
-6
-9
-3
-7
-9
-11
-10
-11
-13
-12
-14
-14
-14
-11
-18
-10
-12
-10
-10
-12
-8
0
4
2
8
9
6
9
12
18
18
17
23
19
20
13
7
11
8
11
11
1
-1
0
-8
-4
1
3
2
3
0
6
11
8
9
12
13
-2
-3
1
11
5
8
11
4
7
3
3
-4
-7
-4
-8
-4
-1
0
-8
-12
1
-2
-5
-4
-3
-6
-7
-1
-3
-4
-2
-9
-13
-14
-10
-6
-11
-7
-9
-7
1
-6
-2
1
-5
-7
-7
-10
-11
-8
-8
-6
-8
-13
-9
-11
-8
-10
-2
-5
-13
-3
-7
-11
-3
-9
-4
-8
-10
-7
-8
-7
-10
-14
-17
-9
-11
-9
-8
-3
-8
-9
-9
-5
-1
-4
-7
-11
-4
2
6
7
4
6
1
1
6
4
8
6
8
2
-1
1
0
4
6
5
-2
-1
-7
-3
-1
-6
-4
-6
-6
-5
1
1
-4
-8
-13
-9
-10
-11
-10
-15
-10
-9
-11
-2
-1
0
0
-2
1
-1
-1
-1
0
8
6
9
12
5
6
5
2
4
11
9
8
9
5
5
5
2
0
1
4
-4
-5
4
1
-5
-2
1
0
3
3
6
5
2
-2
3
4
1
5
-1
0
5
10
10
6
6
5
3
1
0
-1
-4
-10
-4
-4
-7
-3
-5
-8
-6
1
-3
-6
-5
-15
-9
-8
-15
-16
-10
-9
-13
-8
-2
6
7
16
12
12
12
9
15
14
14
13
13
8
-2
-5
-9
-30
-42
-58
-70
-86
-102
-101
-109
-112
-124
-127
-135
-129
-122
-113
-99
-93
-85
-79
-52
-43
-33
-18
12
42
48
56
78
98
126
142
155
179
199
207
214
237
245
253
276
307
317
317
320
312
315
315
283
249
239
227
200
183
169
145
115
91
33
-34
-76
-116
-174
-215
-262
-333
-391
-443
-489
-513
-511
-528
-554
-555
-548
-528
-500
-480
-442
-380
-329
-284
-230
-158
-91
-35
17
55
103
137
158
205
253
280
314
349
392
455
502
518
548
584
590
620
674
682
656
657
635
607
614
597
523
463
434
359
286
253
172
76
53
5
-124
-242
-353
-506
-632
-722
-848
-974
-1041
-1115
-1184
-1187
-1180
-1182
-1143
-1066
-1004
-929
-837
-730
-611
-512
-424
-341
-272
-210
-153
-97
-55
-27
-11
5
71
154
197
217
288
400
536
656
715
763
817
883
977
1055
1103
1138
1141
1116
1112
1132
1122
1091
1047
978
926
906
852
756
645
500
344
206
47
-145
-359
-606
-853
-1039
-1200
-1370
-1517
-1603
-1635
-1640
-1643
-1654
-1601
-1465
-1300
-1137
-996
-870
-741
-604
-461
-297
-178
-144
-125
-95
-88
-79
-41
-45
-19
66
114
157
244
335
410
539
693
831
978
1137
1258
1332
1419
1500
1568
1644
1720
1732
1657
1570
1493
1442
1415
1344
1184
1017
923
864
755
588
393
161
-107
-392
-687
-996
-1307
-1590
-1848
-2088
-2245
-2316
-2347
-2338
-2276
-2195
-2094
-1928
-1733
-1592
-1464
-1276
-1073
-894
-704
-519
-419
-368
-287
-198
-126
-84
-99
-139
-98
19
129
207
300
429
595
778
911
1008
1162
1386
1636
1860
1986
2082
2192
2205
2210
2343
2366
2215
2141
2077
1914
1798
1411
415
-259
104
804
1121
781
-305
-1225
-892
52
464
243
-515
-1451
-1744
-1593
-1803
-2234
-2477
-2532
-2276
-1932
-2119
-2628
-2834
-2622
-2021
-1358
-1260
-1576
-1715
-1670
-1444
-929
-622
-732
-715
-552
-592
-603
-470
-451
-355
-62
99
116
177
214
316
645
973
1169
1358
1519
1643
1840
2076
2247
2392
2511
2589
2687
2708
2603
2546
2589
2614
2589
2545
2468
2372
2281
2180
2078
1971
1747
1225
487
-155
-606
-1025
-1545
-2252
-3060
-3623
-3767
-3711
-3608
-3472
-3374
-3245
-2980
-2645
-2305
-1932
-1585
-1273
-915
-606
-503
-554
-579
-443
-238
-198
-410
-758
-1020
-1092
-1034
-976
-965
-990
-1027
-978
-850
-690
-503
-304
-100
170
482
713
907
1150
1412
1639
1838
2046
2291
2512
2618
2613
2590
2705
2946
3113
3121
3034
2924
2941
3145
3285
3220
3125
3116
3184
3147
2585
1533
580
-8
-378
-742
-1510
-2754
-3809
-4274
-4342
-4152
-3941
-3998
-3989
-3590
-3138
-2793
-2370
-1892
-1367
-704
-99
195
278
313
396
568
658
547
270
-163
-698
-1135
-1536
-2061
-2465
-2587
-2663
-2765
-2833
-2948
-2921
-2418
-1685
-1165
-820
-552
-373
-92
324
610
755
938
1140
1324
1523
1638
1680
1818
2041
2259
2464
2617
2693
2738
2734
2804
3108
3415
3504
3525
3538
3481
3557
3775
3830
3743
3645
3289
2519
1577
762
251
-62
-660
-1767
-3029
-4030
-4536
-4531
-4348
-4283
-4307
-4269
-4048
-3654
-3219
-2794
-2241
-1561
-883
-265
118
240
404
775
1176
1493
1617
1380
937
550
197
-104
-344
-760
-1379
-1988
-2562
-3038
-3152
-3046
-3002
-2978
-2941
-2829
-2467
-1908
-1448
-1141
-876
-692
-493
-203
48
269
620
1091
1512
1896
2212
2397
2705
3145
3517
3806
3959
3897
3849
4000
4168
4299
4404
4404
4441
4587
4744
4871
4920
4993
4788
3466
1380
183
123
10
-705
-2475
-5164
-6809
-6562
-5888
-5408
-5019
-5334
-5658
-4853
-3958
-3577
-2894
-2025
-1118
216
1278
1338
1176
1377
1970
2985
3545
3116
2391
1665
932
679
703
181
-510
-893
-1609
-2593
-3127
-3405
-3739
-3786
-3766
-4181
-4518
-4433
-4330
-4181
-3768
-3274
-2835
-2347
-1939
-1754
-1541
-1090
-359
416
974
1361
1609
1806
2150
2718
3272
3609
3905
4105
4150
4275
4518
4693
4792
5034
5274
5291
5338
5452
5477
5527
5731
6072
6293
5493
3223
1247
931
1113
661
-915
-3843
-6467
-6893
-6150
-5712
-5469
-5887
-6691
-6337
-5262
-4702
-4176
-3320
-2454
-1156
286
750
680
947
1550
2556
3444
3336
2605
1990
1375
983
1031
617
-205
-718
-1454
-2605
-3340
-3683
-4189
-4508
-4603
-4918
-5123
-5092
-5152
-5024
-4373
-3506
-2794
-2301
-2033
-1736
-1127
-311
583
1318
1658
1851
2199
2594
2940
3415
3890
4190
4412
4493
4431
4445
4677
4974
5131
5138
5125
5249
5535
5790
5951
6035
6174
6630
7105
6236
3699
1628
1194
1344
1020
-704
-4164
-7231
-7861
-7239
-6738
-6480
-7166
-8265
-8074
-7048
-6406
-5765
-4811
-3772
-2334
-857
-343
-295
142
1067
2457
3604
3665
3019
2372
1755
1567
1804
1551
892
352
-519
-1676
-2335
-2749
-3348
-3644
-3673
-4009
-4396
-4641
-4847
-4595
-3733
-2834
-2308
-2030
-1747
-1234
-502
245
928
1405
1643
1948
2383
2627
2831
3283
3803
4230
4487
4485
4281
4211
4502
4896
5043
5015
4942
4979
5344
5796
5919
5914
6254
6897
7199
5843
3023
1140
1024
1339
999
-1105
-5047
-7955
-8102
-7309
-6723
-6574
-7623
-8719
-8242
-7258
-6786
-6105
-5123
-4010
-2379
-1042
-912
-967
-339
954
2663
3777
3583
2818
2236
1874
2048
2457
2191
1545
1040
63
-1105
-1697
-2111
-2565
-2654
-2889
-3846
-4632
-4715
-4428
-3813
-3151
-2960
-2935
-2493
-1792
-1138
-626
-303
75
606
1010
1347
1715
2000
2440
3131
3752
3999
4075
4189
4274
4510
4755
4732
4669
4860
5090
5239
5476
5728
5868
6199
6844
7436
6970
4668
2266
1640
2005
2013
809
-2462
-6290
-7678
-7023
-6398
-6106
-6627
-8082
-8652
-7883
-7234
-6784
-5926
-4952
-3755
-2283
-1619
-1717
-1370
-263
1430
3006
3556
3125
2610
2318
2320
2763
2859
2273
1800
1244
91
-910
-1480
-2140
-2816
-3141
-3578
-4184
-4418
-4531
-4623
-4300
-3622
-2949
-2366
-1852
-1504
-1207
-783
-230
349
688
896
1295
1749
2108
2479
2888
3303
3706
4079
4159
4079
4154
4306
4498
4795
5121
5320
5547
5912
6252
6605
7122
7867
8317
6853
4028
2651
2809
2846
2201
-39
-4101
-6876
-6806
-6411
-6464
-6567
-7710
-8891
-8528
-7932
-7924
-7308
-6214
-5114
-3489
-2280
-2367
-2373
-1491
73
2028
3253
3133
2555
2214
2018
2448
2957
2479
1926
1742
830
-468
-1290
-1980
-2517
-2568
-2734
-3550
-4220
-4474
-4491
-4000
-3356
-2883
-2518
-2153
-1698
-1168
-699
-418
20
517
749
1100
1527
1782
2186
2691
2955
3147
3519
3837
3928
4076
4145
4141
4408
4856
5195
5414
5732
6187
6684
7146
7709
8442
7931
5354
3313
3121
3228
2890
1431
-2167
-5848
-6700
-6147
-6090
-6134
-7025
-8572
-8816
-8216
-8061
-7737
-6907
-5999
-4579
-3063
-2693
-2719
-2093
-849
1065
2672
2973
2630
2452
2257
2504
3310
3253
2486
2157
1604
567
27
-458
-1384
-2213
-2759
-3362
-3679
-3571
-3775
-4096
-4200
-4000
-3339
-2593
-2077
-1797
-1551
-1317
-963
-392
0
339
883
1418
1828
2139
2401
2771
3257
3760
3996
4063
4179
4326
4480
4671
4992
5367
5790
6323
6798
6997
7386
8451
8732
6540
3890
3123
3306
3348
2493
-716
-4962
-6826
-6397
-5940
-5837
-6663
-8544
-9396
-8801
-8286
-8002
-7427
-6696
-5488
-3919
-3182
-3104
-2626
-1488
429
2283
2956
2747
2586
2441
2674
3644
3932
3177
2601
2124
1161
532
24
-1177
-2176
-2354
-2588
-3143
-3732
-4466
-4723
-4043
-3173
-2755
-2745
-2822
-2624
-1908
-1181
-847
-574
-317
82
845
1589
1935
2198
2618
3080
3556
3994
4109
4224
4542
4669
4558
4568
4971
5534
6094
6511
6722
6880
7415
8555
8695
6332
3687
3062
3471
3509
2297
-1242
-5313
-6659
-6070
-5687
-5694
-6871
-8963
-9527
-8680
-8289
-8063
-7593
-7223
-5994
-4075
-3296
-3336
-2843
-1779
135
2138
2789
2509
2377
2389
2749
3730
3888
3062
2474
1796
808
455
296
-640
-1781
-2631
-3506
-3871
-3697
-3826
-4063
-4037
-3903
-3571
-3014
-2441
-1937
-1473
-1067
-665
-207
108
486
1135
1831
2386
2771
2900
3077
3522
3992
4239
4396
4515
4471
4500
4675
5022
5441
5820
6241
6648
6960
7375
8318
8801
7053
4531
3580
3675
3614
2723
-179
-4167
-6099
-5922
-5685
-5686
-6551
-8603
-9624
-9048
-8626
-8388
-7859
-7520
-6654
-4903
-3883
-3805
-3275
-2253
-571
1458
2255
2138
2177
2252
2519
3401
3809
3124
2560
2074
993
339
0
-1045
-2044
-2391
-2878
-3519
-3989
-4497
-4578
-3836
-3052
-2790
-2756
-2690
-2274
-1413
-704
-347
-126
78
513
1195
1850
2254
2617
2940
3230
3696
4019
4023
4136
4439
4586
4545
4531
4823
5395
6006
6430
6590
6683
7073
8132
8926
7417
4653
3311
3384
3533
2812
86
-3898
-5972
-5667
-5270
-5408
-6352
-8371
-9459
-8744
-8078
-7974
-7702
-7489
-6856
-5227
-3958
-3785
-3437
-2455
-923
864
1696
1638
1707
1926
2352
3242
3676
3022
2308
1948
1270
795
619
-368
-1781
-2428
-2685
-3019
-3330
-3809
-4236
-4029
-3297
-2724
-2555
-2425
-2113
-1603
-1115
-779
-486
-159
386
1058
1553
1800
2087
2518
3016
3582
3966
3920
3799
3947
4239
4455
4609
4923
5414
5944
6402
6634
6776
7285
8467
9504
8302
5446
3755
3766
4195
3913
1529
-2601
-5298
-5406
-4993
-4988
-5745
-7794
-9348
-9110
-8579
-8532
-8280
-8086
-7642
-6222
-4966
-4756
-4477
-3525
-2025
-161
934
1037
1122
1439
1914
2847
3561
3185
2632
2362
1656
980
672
153
-680
-1405
-2200
-3134
-3549
-3509
-3360
-3223
-3328
-3411
-3246
-2744
-1917
-1286
-1247
-1350
-1048
-471
276
1094
1595
1730
2068
2577
2990
3496
3962
4176
4284
4393
4400
4447
4720
5223
5962
6533
6660
6639
6804
7424
8648
9714
8588
5679
3975
4043
4401
4027
1646
-2368
-4993
-5094
-4755
-5020
-6038
-8051
-9423
-9138
-8726
-8896
-8825
-8655
-8108
-6700
-5555
-5357
-4984
-3940
-2400
-555
517
690
900
1460
2097
3015
3668
3277
2827
2749
2281
1651
1077
341
-405
-953
-1611
-2610
-3389
-3675
-3528
-3204
-3166
-3348
-3408
-3036
-2226
-1479
-1283
-1325
-1029
-393
397
1136
1596
1809
2199
2799
3254
3530
3815
4058
4201
4399
4457
4314
4395
4866
5589
6195
6468
6471
6536
7015
8088
9162
8237
5590
4119
4245
4363
3777
1503
-2304
-4685
-4475
-4154
-4693
-5882
-8060
-9469
-8933
-8372
-8655
-8714
-8736
-8452
-7065
-5807
-5634
-5191
-4070
-2667
-973
52
191
568
1411
2135
3103
3751
3286
2954
3102
2800
2335
1903
984
-30
-516
-1048
-1935
-2635
-3199
-3463
-3290
-3208
-3342
-3358
-3066
-2496
-1873
-1668
-1713
-1409
-777
-17
798
1312
1437
1795
2424
2971
3488
3942
4106
4171
4473
4644
4562
4601
5041
5850
6554
6789
6514
6309
6867
8346
9486
8160
5373
3947
4098
4543
4109
1525
-2365
-4435
-4157
-3825
-4190
-5571
-7951
-9139
-8529
-8096
-8303
-8450
-8744
-8502
-7135
-6030
-5870
-5435
-4469
-3119
-1537
-677
-516
-28
845
1649
2671
3159
2776
2725
2913
2602
2312
2106
1193
72
-453
-1007
-1699
-2034
-2535
-3178
-3389
-3353
-3300
-2986
-2494
-2202
-2043
-1946
-1798
-1275
-502
163
727
1106
1339
1858
2535
3069
3553
4007
4130
4172
4540
4733
4654
4721
5130
5807
6539
6980
6701
6399
6954
8430
9352
7870
5430
4203
4154
4433
3846
1100
-2562
-4085
-3805
-3821
-4288
-5763
-8097
-8958
-8266
-8067
-8346
-8516
-8876
-8582
-7222
-6273
-6080
-5521
-4563
-3303
-1929
-1244
-943
-227
624
1464
2443
2652
2284
2554
2893
2584
2372
2069
1029
158
-70
-529
-1192
-1633
-2289
-2821
-2798
-2756
-2838
-2715
-2343
-1961
-1693
-1663
-1679
-1285
-528
289
896
1061
1130
1626
2398
3046
3560
3927
3984
4164
4560
4679
4674
4909
5450
5999
6556
6878
6632
6616
7467
8872
8962
6913
4978
4402
4569
4610
3195
-286
-3406
-3831
-3284
-3481
-4349
-6419
-8582
-8647
-7708
-7687
-8106
-8546
-8909
-8218
-6822
-6243
-6103
-5399
-4378
-3142
-2110
-1731
-1324
-452
465
1332
2005
1960
1822
2316
2521
2247
2137
1818
1086
354
-259
-901
-1217
-1266
-1728
-2387
-2909
-3102
-2766
-2180
-1675
-1553
-1754
-1761
-1335
-690
7
656
984
1112
1485
2098
2681
3257
3809
4097
4213
4411
4581
4709
4913
5175
5547
5930
6306
6523
6510
6698
7554
8598
7828
5581
4319
4313
4614
4294
2072
-1701
-3931
-3520
-2821
-3059
-4393
-6878
-8602
-8150
-7175
-7013
-7377
-8084
-8454
-7662
-6482
-5980
-5568
-4826
-3953
-2976
-2375
-2055
-1432
-432
515
1224
1504
1197
1304
1969
2173
2047
1844
1323
728
213
-388
-1080
-1230
-1100
-1490
-2096
-2743
-3055
-2610
-1653
-952
-1107
-1589
-1623
-1067
-222
499
836
909
1053
1593
2288
2668
3011
3500
3889
4127
4275
4269
4261
4611
5093
5507
5896
6188
6330
6522
7002
7925
8328
6766
4877
4537
4768
4572
3472
570
-2714
-3441
-2606
-2723
-3631
-5246
-7442
-8159
-7315
-6969
-7162
-7371
-7822
-7782
-6863
-6199
-5900
-5084
-4125
-3212
-2489
-2298
-1983
-1060
37
759
1219
1127
886
1426
1915
1686
1466
1247
796
356
-239
-1073
-1591
-1310
-1149
-1658
-2369
-2898
-2758
-1964
-1017
-731
-1229
-1550
-1116
-320
391
847
988
1057
1433
2136
2644
2829
3151
3531
3831
4031
4111
4071
4138
4516
4889
5299
5733
5930
5994
6303
6974
7924
7710
5697
4307
4416
4675
4430
2934
-377
-3086
-2980
-2189
-2528
-3465
-5444
-7609
-7703
-6752
-6590
-6813
-7184
-7718
-7401
-6383
-5978
-5630
-4713
-3896
-3103
-2558
-2389
-1924
-849
87
587
856
613
674
1407
1689
1371
1183
716
-11
-324
-597
-1145
-1378
-1422
-1944
-2448
-2529
-2330
-1898
-1382
-1124
-1222
-1223
-812
-80
544
831
1030
1253
1623
2281
2955
3200
3227
3430
3689
4024
4288
4333
4176
4254
4626
4973
5327
5640
5806
6057
6597
7289
7745
6659
4763
4213
4649
4740
3895
1509
-1812
-3386
-2704
-2295
-2906
-4213
-6512
-8055
-7556
-6744
-6635
-6790
-7302
-7818
-7255
-6250
-5772
-5053
-4196
-3650
-3080
-2628
-2249
-1470
-386
230
556
693
612
1040
1718
1715
1369
1222
793
423
319
-300
-1166
-1339
-1222
-1452
-1844
-2332
-2616
-2258
-1460
-1013
-1142
-1374
-1236
-538
248
727
942
1005
1314
1982
2605
2893
3089
3296
3493
3779
4024
4123
4178
4363
4471
4662
5099
5585
5806
5911
6239
7028
7451
6103
4405
4026
4373
4543
3615
738
-2509
-3378
-2570
-2316
-2876
-4592
-6984
-7811
-7064
-6455
-6373
-6679
-7348
-7466
-6619
-5881
-5378
-4547
-3868
-3180
-2548
-2297
-1815
-808
138
632
892
780
874
1555
1984
1722
1448
1195
861
730
295
-749
-1392
-1222
-1092
-1443
-2244
-2981
-2828
-1947
-1102
-992
-1478
-1762
-1185
-44
685
924
934
987
1533
2368
2881
3034
3204
3455
3814
4202
4297
4166
4290
4586
4776
5079
5422
5650
5772
6051
6507
7286
7187
5340
3884
3894
4314
4240
2688
-708
-3515
-3537
-2508
-2544
-3545
-5645
-7765
-7883
-6878
-6464
-6645
-7115
-7617
-7275
-6253
-5695
-5219
-4364
-3711
-2940
-2333
-2045
-1544
-535
275
656
800
708
967
1718
1958
1520
1136
755
502
575
14
-1266
-1801
-1552
-1472
-1699
-2433
-3250
-3050
-1920
-1108
-1258
-1738
-1974
-1225
147
836
852
790
994
1749
2773
3258
3242
3350
3688
4105
4548
4667
4518
4625
4853
5065
5501
5983
6198
6261
6539
7070
7575
6655
4881
4307
4567
4562
3690
1177
-1997
-3226
-2479
-2184
-3015
-4497
-6640
-7740
-7088
-6494
-6563
-6870
-7375
-7458
-6655
-5788
-5345
-4572
-3787
-3260
-2601
-2106
-1623
-739
217
580
636
522
625
1377
2053
1763
1094
488
-36
-68
44
-608
-1555
-2026
-2324
-2466
-2359
-2516
-2703
-2493
-2066
-1761
-1634
-1529
-1176
-343
370
655
798
957
1533
2563
3249
3347
3307
3405
3788
4407
4886
4824
4535
4480
4713
5286
5837
6098
6023
5912
6459
7292
6735
4726
3793
4186
4372
3867
1686
-1821
-3556
-2778
-2023
-2624
-4202
-6460
-7854
-7104
-6080
-6092
-6580
-7342
-7634
-6650
-5454
-4935
-4483
-3846
-3347
-2576
-1929
-1515
-719
216
674
734
568
502
1102
1997
1961
1221
589
150
-20
-67
-370
-1043
-1568
-1815
-2211
-2542
-2541
-2260
-1893
-1695
-1634
-1728
-1489
-726
70
625
846
912
1116
1714
2623
3286
3488
3403
3408
3687
4188
4729
4853
4655
4563
4663
4994
5546
6031
6171
6160
6572
7127
6553
4769
3820
4289
4616
3856
1493
-1917
-3778
-2977
-1968
-2646
-4590
-6939
-8228
-7346
-6115
-6166
-6907
-7658
-7931
-6961
-5507
-4796
-4428
-3832
-3322
-2659
-1984
-1375
-409
540
820
652
436
368
951
1933
1909
1007
196
-482
-739
-437
-427
-1198
-2103
-2726
-3042
-2778
-2363
-2301
-2313
-2203
-1983
-1566
-1003
-433
164
735
1054
1239
1596
2166
2946
3734
3926
3684
3608
3866
4438
5038
5155
4763
4462
4585
4987
5640
6132
6116
6201
6856
7147
5844
4301
4109
4616
4766
3505
301
-2853
-3349
-2105
-1838
-2986
-5231
-7553
-7815
-6370
-5652
-6181
-6977
-7610
-7393
-6094
-5001
-4528
-3966
-3289
-2614
-2005
-1636
-1033
112
1039
1205
888
442
426
1222
1873
1441
473
-349
-881
-985
-1077
-1675
-2358
-2760
-3122
-3438
-3564
-3479
-3060
-2461
-2074
-2047
-1927
-1387
-335
699
1221
1388
1541
2083
2965
3829
4417
4474
4368
4327
4571
5066
5280
5262
5003
4861
5028
5230
5467
5595
5780
6290
7045
6654
4380
2990
3606
4340
4102
2120
-1615
-4247
-3538
-2013
-2314
-3859
-6299
-8347
-7747
-5977
-5615
-6335
-7162
-7804
-7123
-5449
-4537
-4120
-3350
-2816
-2148
-1425
-1025
-324
855
1522
1401
1084
677
756
1687
1974
1118
58
-892
-1373
-1080
-916
-1767
-2823
-3549
-3860
-3396
-2798
-2745
-2937
-2891
-2515
-1739
-823
-200
467
1157
1599
2032
2705
3491
4236
4889
5052
4839
4809
5010
5523
5925
5739
5156
4897
5189
5562
5862
5883
5603
5700
6423
6587
4930
3199
3174
3648
3462
1948
-1303
-4076
-4036
-2647
-2704
-4270
-6361
-8195
-8055
-6468
-5919
-6624
-7450
-7930
-7332
-5769
-4674
-4387
-3866
-3210
-2389
-1431
-841
-353
422
1062
1142
1184
1143
1135
1628
1752
836
-126
-580
-711
-702
-993
-2363
-3586
-3682
-3425
-3217
-3343
-3882
-4096
-3381
-2415
-1960
-1530
-956
-161
1033
1882
2179
2583
3492
4530
5188
5326
5171
5237
5716
6205
6384
5959
5348
5226
5622
6102
6189
5805
5401
5520
6483
7092
5550
3150
2653
3594
3916
2785
-391
-3943
-4675
-2939
-2162
-3520
-5818
-8034
-8458
-6763
-5675
-6207
-7151
-7885
-7572
-6039
-4799
-4416
-3867
-3187
-2599
-1711
-955
-329
631
1425
1344
1197
1193
1162
1724
2252
1414
39
-744
-1107
-1246
-1155
-1826
-3161
-3972
-4336
-4452
-4189
-3844
-3711
-3640
-3496
-3337
-2671
-1315
-32
896
1364
1479
2031
3317
4773
5748
5936
5602
5345
5841
6697
7191
7030
6202
5501
5532
5987
6413
6513
6226
5838
6090
6287
4743
3152
3310
3811
3323
1510
-1854
-4545
-4308
-2783
-2822
-4553
-6976
-8783
-8196
-6217
-5599
-6467
-7551
-8155
-7276
-5410
-4338
-4110
-3647
-3073
-2304
-1300
-579
293
1417
1940
1590
1389
1365
1632
2504
2710
1443
41
-699
-951
-873
-842
-1793
-3245
-3993
-4326
-4254
-3842
-3747
-3904
-3945
-3636
-3143
-2380
-1244
-173
718
1343
1738
2483
3685
5059
6044
6197
5956
5892
6368
7106
7529
7190
6336
5817
5843
6166
6546
6457
5906
5551
5980
6298
4813
2810
2390
2945
2965
1538
-1819
-4957
-5302
-3643
-3087
-4598
-7114
-9200
-8957
-6825
-5708
-6498
-7825
-8529
-7664
-5670
-4302
-4165
-4044
-3440
-2456
-1239
-528
17
892
1680
1747
1570
1328
1484
2350
2756
1662
115
-738
-700
-331
-587
-2192
-3880
-4184
-3838
-3549
-3889
-4814
-4997
-4138
-3149
-2807
-2748
-2213
-963
737
1771
1899
2265
3316
4832
6183
6547
6250
6291
6973
7652
7851
7506
6858
6656
6912
6941
6667
6284
6013
6124
6741
6798
4731
2358
2248
3311
3374
1696
-1829
-5015
-5226
-3406
-3114
-4925
-7205
-8932
-8730
-6874
-6087
-6927
-7721
-7878
-7234
-5790
-4615
-4293
-3665
-2807
-2236
-1489
-762
39
1077
1785
1444
1032
1224
1725
2349
2378
1046
-336
-652
-381
-444
-1299
-2988
-4297
-4187
-3766
-3933
-4681
-5462
-5292
-4225
-3372
-3325
-3298
-2505
-1081
499
1436
1698
2230
3441
4902
5963
6388
6479
6762
7352
7826
7896
7659
7441
7391
7316
7064
6776
6592
6568
6717
6972
6673
4733
2627
2588
3445
3274
1442
-2089
-5094
-5309
-3666
-3344
-5146
-7561
-9276
-9055
-7250
-6268
-6862
-7827
-8185
-7434
-5870
-4567
-4005
-3518
-2933
-2284
-1427
-613
355
1421
1963
1499
1023
1371
2173
2882
2748
1239
-222
-482
76
201
-848
-2548
-3847
-3929
-3466
-3535
-4249
-4973
-4872
-4140
-3581
-3419
-3140
-2294
-1026
205
960
1476
2344
3681
5006
5789
6137
6406
6931
7592
8013
8028
7707
7534
7503
7339
7159
6976
6716
6537
6449
6588
6545
4888
2700
2396
2962
2596
932
-2228
-5280
-5680
-4111
-3988
-5881
-8027
-9583
-9409
-7555
-6737
-7639
-8476
-8592
-7670
-5946
-4717
-4371
-3911
-3152
-2413
-1359
-477
243
1318
1977
1563
1284
1727
2119
2714
2993
1664
151
-285
-46
166
-332
-1901
-3682
-3953
-3397
-3390
-3792
-4583
-5050
-4428
-3584
-3386
-3187
-2439
-1338
-83
907
1246
1866
3341
4839
5807
6227
6267
6618
7521
8290
8403
8147
7877
7791
7913
7835
7512
7150
6966
7035
7444
7128
4676
2585
2876
3597
3117
880
-2953
-5790
-5320
-3568
-3929
-6193
-8674
-10165
-9301
-7196
-6774
-7918
-8834
-8907
-7664
-5720
-4660
-4401
-3824
-3071
-2364
-1371
-493
451
1559
1977
1421
1259
1819
2189
2614
2522
1288
166
-195
-236
-452
-968
-2120
-3557
-3993
-3845
-3940
-4161
-4644
-5072
-4796
-4087
-3598
-3220
-2592
-1632
-459
667
1282
1992
3266
4614
5682
6194
6383
6791
7616
8319
8340
8095
7923
7943
8227
8366
7947
7167
6912
7317
8080
7729
4951
2564
2708
3654
3514
1256
-2898
-6023
-5531
-3723
-4015
-6132
-8743
-10493
-9604
-7509
-7188
-8137
-8842
-8953
-7815
-5920
-4967
-4567
-3642
-2846
-2160
-1278
-535
554
1883
2340
1672
1438
1731
2436
3476
3020
1125
-129
3
446
314
-717
-2588
-3625
-3304
-3165
-3669
-4282
-4664
-4517
-3987
-3757
-3807
-3299
-2191
-1045
-100
396
896
2111
3650
4873
5577
5880
6233
7029
7933
8290
8229
8132
8115
8299
8411
8217
7857
7617
7633
7882
7934
6177
3596
3021
3662
3474
1737
-1634
-5082
-5778
-4356
-4346
-6346
-8833
-10474
-10235
-8383
-7708
-8826
-9706
-9642
-8519
-6578
-5355
-5169
-4616
-3554
-2483
-1207
-288
527
1589
2251
1915
1704
2245
2897
3569
3330
1561
65
146
957
960
-360
-2440
-3744
-3363
-2602
-2959
-4208
-5252
-5079
-4141
-3464
-3432
-3623
-3155
-1904
-474
346
825
1706
2929
4184
5125
5661
6173
7026
7902
8342
8277
8129
8314
8875
9129
8722
8105
7641
7785
8359
8856
7764
4591
2794
3505
4370
3458
243
-4037
-6286
-4979
-3547
-4939
-8053
-10727
-11253
-9418
-7623
-8218
-9918
-10488
-9631
-7621
-5742
-5329
-5156
-4210
-3042
-1638
-511
278
1335
2430
2736
2310
2410
2992
3628
4116
3246
1379
282
286
773
569
-929
-3152
-4472
-4188
-3505
-3664
-4921
-6226
-6173
-5130
-4110
-3815
-4011
-3728
-2358
-665
422
1071
1925
3102
4427
5544
6177
6753
7520
8354
8840
8717
8547
8769
9308
9525
9116
8315
7724
8042
8900
9168
6864
3459
2726
4051
4546
2626
-1651
-5716
-6242
-4006
-3570
-6187
-9631
-11680
-10899
-8433
-7610
-9150
-10576
-10425
-8834
-6552
-5381
-5319
-4615
-3372
-2070
-722
137
999
2246
3190
3015
2773
3263
3979
4467
4243
2801
1519
1229
1073
661
-106
-1710
-3286
-4084
-4300
-4432
-4731
-5492
-6283
-6216
-5495
-4928
-4326
-3944
-3532
-2278
-898
175
1286
2405
3466
4544
5712
6491
7132
7907
8515
8856
8966
8919
8942
9187
9281
9021
8571
8164
8208
8723
8443
5844
3403
3442
4230
3693
978
-3307
-6112
-5486
-3829
-4797
-8017
-10833
-11849
-10305
-8250
-8627
-10491
-11367
-10463
-8295
-6299
-5774
-5881
-4914
-3343
-1697
-412
302
1124
2252
3004
2919
3156
4007
4754
4662
3664
2470
2269
2601
1977
379
-1088
-1964
-2116
-2686
-4043
-5266
-5650
-5235
-4938
-5325
-5821
-5689
-4482
-3325
-2627
-1934
-1353
-65
1699
2978
3777
4488
5622
6695
7572
8125
8344
8741
9167
9293
9154
8908
9037
9142
8881
8365
8104
8693
8354
5760
3636
3649
4315
3724
908
-3522
-6138
-5027
-3420
-4761
-8109
-10936
-11867
-10048
-7997
-8710
-10756
-11609
-10638
-8374
-6366
-5941
-6088
-5189
-3643
-1898
-584
139
1043
2222
2840
2753
3146
4099
4992
4962
3701
2233
2131
3012
2798
715
-1641
-2789
-2347
-2027
-3352
-5563
-7066
-6480
-4923
-4667
-5669
-6504
-5978
-4211
-2288
-1279
-1333
-774
908
2699
4132
5087
5842
6654
7533
8199
8643
9125
9667
9888
9678
9098
8970
9224
9415
9289
8913
8642
7171
4928
4363
4989
4647
2452
-1130
-4588
-5308
-3612
-3655
-6512
-9737
-11489
-11088
-9084
-8274
-9915
-11491
-11306
-9857
-7612
-6132
-6068
-5725
-4434
-2921
-1243
13
801
1724
2762
2926
2967
3902
4907
5215
4631
3163
2289
2905
3682
2481
-205
-2086
-2388
-1710
-2022
-4222
-6401
-6980
-5749
-4696
-5363
-6558
-6670
-5417
-3552
-2363
-2054
-1798
-400
1607
2928
3698
4561
5739
7051
7728
7923
8178
8879
9776
9826
9205
8681
8925
9330
9225
8749
8306
8398
7275
4849
3880
4302
4138
2331
-1161
-4781
-5792
-4102
-3828
-6493
-9744
-11797
-11522
-9333
-8396
-10068
-11650
-11569
-10192
-7865
-6279
-6218
-5889
-4636
-3052
-1282
-17
852
1797
2850
3040
3165
4206
5239
5800
5380
3537
2518
3363
4432
3468
693
-1783
-2695
-1634
-1188
-3196
-5914
-7342
-6595
-4905
-4611
-5760
-6808
-6358
-4353
-2352
-1369
-1320
-749
873
2585
4057
5137
5974
6983
7783
8226
8588
9269
10098
10364
9957
9076
8780
9244
9816
9790
9153
8013
5610
4153
5045
5612
3973
502
-3469
-5342
-4252
-2971
-4967
-8784
-11258
-11599
-10029
-8581
-9572
-11600
-12050
-10896
-9060
-7364
-6775
-6626
-5564
-4110
-2592
-953
149
1178
2109
2670
2688
3438
4880
5647
5493
4325
2876
2985
4072
4241
2268
-523
-2050
-2014
-1375
-2087
-4395
-6419
-6926
-5926
-5123
-5603
-6371
-6491
-5675
-3957
-2676
-1976
-1259
-34
1392
2620
3861
5165
6477
7526
7918
8123
8750
9708
10509
10383
9477
8951
9308
9805
9842
9272
8693
7745
5734
4676
5076
4936
3197
144
-3361
-4986
-3984
-3341
-5548
-8820
-10858
-11169
-9675
-8503
-9709
-11526
-11697
-10506
-8607
-7047
-6720
-6592
-5449
-3870
-2198
-707
180
1025
2074
2626
2781
3731
4861
5276
5105
3964
2864
3147
4054
3672
1662
-523
-1783
-1740
-1412
-2475
-4582
-6089
-6275
-5530
-5096
-5640
-6298
-6187
-5271
-3721
-2553
-2009
-1391
-154
1268
2635
4026
5192
6069
6966
7694
8230
8966
9560
9844
9852
9507
9361
9498
9619
9523
9387
9133
7332
5085
4871
5544
4984
2608
-1311
-4433
-4346
-2827
-3747
-7087
-10249
-11434
-10383
-8673
-9136
-11394
-12503
-11737
-9874
-8039
-7546
-7747
-7010
-5326
-3582
-1920
-874
-101
1122
2217
2495
3071
4350
5316
5678
5123
3648
3280
4305
5057
3837
1294
-746
-1132
-510
-764
-2738
-5030
-6071
-5526
-4752
-5093
-6041
-6376
-5863
-4616
-3288
-2692
-2160
-958
478
1591
2755
4078
5394
6595
7392
7735
8214
9048
9864
10217
9980
9490
9502
9708
9733
9575
9407
8997
7057
5075
4914
5265
4511
1970
-1884
-4596
-4392
-3168
-4302
-7583
-10533
-11636
-10503
-8783
-9387
-11558
-12558
-11764
-9725
-7788
-7292
-7605
-6882
-5193
-3311
-1616
-737
-57
1084
2106
2529
3241
4379
5032
5286
4716
3475
3357
4195
4344
2923
858
-654
-1145
-955
-1480
-3204
-4944
-5847
-5653
-5229
-5368
-5850
-6191
-5950
-4753
-3277
-2378
-1813
-922
240
1585
3224
4622
5555
6406
7224
7952
8664
9523
10080
10237
10116
9890
10004
10149
10177
10117
9902
8624
6315
5502
6120
5864
3758
39
-3246
-3825
-2523
-2899
-6119
-9596
-11136
-10443
-8767
-8911
-11163
-12739
-12208
-10437
-8560
-7792
-8070
-7687
-6100
-4384
-2675
-1417
-605
409
1467
2029
2624
3856
4921
5125
4856
3806
3231
3996
4543
3532
1491
-205
-909
-867
-1054
-2628
-4569
-5627
-5680
-5275
-5389
-5996
-6346
-6135
-5365
-4122
-3046
-2366
-1535
-276
894
2184
3757
5033
5973
6806
7570
8295
9152
9927
10172
10213
10195
10224
10311
10229
10165
10217
9454
7245
5712
5962
6140
4643
1339
-2466
-4030
-2956
-2583
-5147
-8881
-11167
-11145
-9458
-8817
-10683
-12819
-12915
-11333
-9249
-8046
-8134
-8120
-6777
-4929
-3117
-1651
-603
471
1495
2100
2700
3939
5257
5769
5503
4550
3873
4423
5084
4370
2400
528
-414
-515
-799
-2245
-4202
-5408
-5697
-5379
-5463
-6023
-6325
-6196
-5694
-4595
-3397
-2609
-1870
-687
541
1876
3470
4848
5778
6652
7566
8426
9273
10035
10285
10316
10435
10570
10642
10552
10353
10348
9704
7513
5963
6180
6203
4623
1515
-2279
-4140
-3147
-2621
-5243
-9034
-11279
-11429
-9883
-9143
-10984
-13145
-13143
-11623
-9689
-8446
-8498
-8367
-6827
-4976
-3320
-1906
-737
493
1709
2327
2696
3933
5392
5927
5675
4830
4150
4636
5141
4283
2322
622
-238
-411
-983
-2692
-4671
-5559
-5596
-5424
-5820
-6639
-6882
-6366
-5606
-4870
-4035
-3252
-2212
-781
545
1690
3146
4786
6004
6854
7745
8645
9661
10582
10800
10575
10658
11094
11435
11302
10797
10500
9730
7841
6641
6666
6088
4255
1347
-2069
-3841
-3203
-3076
-5663
-9106
-11182
-11474
-10222
-9527
-11116
-13028
-13156
-11801
-9853
-8468
-8450
-8301
-6961
-5122
-3202
-1697
-716
351
1581
2360
3005
4203
5306
5651
5520
4908
4391
4741
4921
3981
2304
718
-294
-627
-1121
-2530
-4477
-5781
-6080
-5769
-5689
-6298
-6932
-6921
-6165
-4903
-3746
-3099
-2453
-1345
257
1998
3555
4802
5749
6720
7908
9051
9977
10629
10964
11018
11063
11297
11655
11754
11521
10979
9223
7176
6948
7480
6399
3555
-166
-2999
-3258
-2304
-3573
-7348
-10631
-11623
-10722
-9615
-10398
-12712
-13879
-12941
-11030
-9392
-9001
-9269
-8388
-6437
-4537
-2817
-1604
-629
670
1987
2608
3542
5047
6056
6002
5529
4983
5198
5941
5663
3786
1859
799
580
232
-1059
-3185
-4972
-5681
-5642
-5711
-6289
-7069
-7220
-6840
-6126
-5132
-4272
-3502
-2441
-1240
174
1863
3600
4971
5997
6979
8128
9411
10522
11165
11448
11505
11640
12035
12400
12353
12043
10967
8696
7382
7786
7653
5594
2076
-1585
-3262
-2660
-2679
-5550
-9403
-11617
-11596
-10342
-10243
-12174
-14118
-14116
-12649
-10743
-9674
-9791
-9599
-8028
-6025
-4090
-2485
-1311
-228
1056
2170
3099
4500
5817
6230
5955
5561
5448
6105
6400
5326
3272
1733
995
851
133
-1649
-3923
-5303
-5740
-5721
-6030
-6754
-7448
-7472
-6996
-6074
-5106
-4460
-3707
-2483
-1073
505
2294
3849
4983
6162
7461
8744
9996
10918
11250
11505
11991
12442
12602
12557
12455
12109
10559
8607
8053
8159
7181
4548
810
-2096
-2604
-2141
-3664
-7311
-10497
-11684
-10956
-10087
-11183
-13547
-14673
-13826
-12025
-10462
-10148
-10322
-9463
-7586
-5512
-3641
-2359
-1107
157
1309
2350
3784
5299
6175
6234
5936
5653
6163
6909
6554
4843
2984
1917
1646
1358
-41
-2369
-4345
-5059
-5092
-5496
-6520
-7417
-7679
-7262
-6615
-6021
-5629
-5003
-3747
-2231
-874
462
1964
3505
4932
6273
7545
8718
9896
10817
11279
11589
12093
12621
12797
12695
12578
11685
9786
8846
8980
8293
6146
2937
-268
-1584
-1378
-2296
-5571
-9081
-10872
-10798
-10070
-10704
-12946
-14537
-14203
-12805
-11350
-10758
-10885
-10258
-8555
-6756
-4924
-3434
-2161
-603
797
1686
2800
4527
5887
6394
6393
6037
6023
6932
7299
6344
4547
3043
2286
2174
1477
-428
-2792
-4302
-4779
-4723
-5457
-6804
-7693
-7648
-7105
-6364
-5905
-5739
-5025
-3495
-2041
-745
625
2007
3487
4981
6338
7556
8752
9941
10764
11229
11622
12107
12591
12741
12672
12506
11321
9478
8844
8903
7913
5585
2250
-734
-1611
-1394
-2726
-6151
-9530
-11101
-10760
-9986
-10905
-13284
-14673
-14162
-12634
-11150
-10799
-11027
-10288
-8505
-6654
-4845
-3577
-2324
-769
576
1439
2725
4407
5609
5943
5998
5736
6044
6944
6966
5704
4162
3180
2699
2225
1144
-779
-2661
-3678
-4182
-4589
-5505
-6472
-6974
-6982
-6688
-6101
-5551
-5099
-4332
-3120
-1915
-422
1179
2502
3639
4867
6335
7791
8995
9947
10419
10832
11503
12163
12502
12443
12369
12116
10759
9198
8911
8815
7514
4958
1521
-958
-1153
-1087
-3126
-6780
-9716
-10717
-10081
-9556
-11072
-13509
-14355
-13504
-11996
-10742
-10679
-10912
-9891
-8033
-6225
-4556
-3452
-2251
-688
594
1500
2851
4433
5421
5698
5691
5422
5997
7001
6696
5160
3651
2841
2709
2426
1003
-1385
-3127
-3669
-3809
-4274
-5533
-6778
-7057
-6664
-6180
-5842
-5640
-5205
-4124
-2772
-1651
-368
1065
2427
3729
4997
6225
7502
8737
9642
10150
10702
11259
11745
12040
12051
12124
11835
10262
8798
8682
8549
7270
4680
1228
-965
-915
-950
-3238
-6792
-9432
-10262
-9561
-9287
-11041
-13208
-13741
-12865
-11454
-10456
-10581
-10557
-9278
-7569
-5939
-4442
-3359
-2025
-475
628
1537
2899
4386
5250
5534
5440
5327
6038
6777
6196
4847
3571
2864
2681
2173
650
-1367
-2784
-3421
-3853
-4456
-5363
-6166
-6521
-6538
-6195
-5652
-5098
-4512
-3755
-2881
-1649
14
1560
2677
3690
4797
6142
7606
8786
9434
9850
10442
11039
11482
11725
11802
11865
11223
9512
8491
8600
8245
6565
3572
368
-1065
-779
-1360
-4255
-7684
-9664
-9879
-9209
-9636
-11678
-13389
-13353
-12218
-10978
-10399
-10618
-10268
-8745
-7059
-5453
-4104
-3047
-1766
-337
761
1833
3250
4463
4978
5175
5174
5463
6303
6610
5586
4137
3220
2989
2842
1918
-66
-2005
-2820
-3043
-3568
-4610
-5723
-6203
-6080
-5914
-5753
-5532
-4994
-4116
-3122
-2280
-1213
389
1969
3112
4119
5216
6548
7969
9058
9515
9806
10496
11210
11615
11639
11506
11417
10514
9108
8668
8504
7480
5419
2479
23
-683
-695
-2285
-5449
-8126
-9321
-9237
-9025
-10243
-12258
-13192
-12654
-11576
-10632
-10421
-10529
-9702
-8075
-6510
-4977
-3795
-2666
-1298
-21
937
2171
3655
4619
4959
5096
4963
5521
6574
6494
5077
3590
2857
2903
2840
1584
-804
-2648
-3013
-3010
-3588
-4923
-6221
-6431
-5963
-5676
-5610
-5586
-5052
-3884
-2719
-1966
-987
637
2179
3415
4464
5406
6690
8272
9334
9593
9814
10470
11212
11780
11752
11312
10796
9690
8834
8799
8167
6447
4063
1408
-201
-462
-1160
-3550
-6459
-8379
-9079
-8910
-9177
-10799
-12422
-12658
-11993
-10977
-10139
-10049
-9929
-8807
-7293
-5753
-4184
-3039
-1949
-753
331
1441
2965
4222
4752
4824
4986
5213
5979
6454
5685
4308
3427
3044
2882
2173
549
-1300
-2441
-2748
-3225
-4134
-5217
-5898
-5973
-5803
-5699
-5455
-5136
-4425
-3547
-2620
-1577
-238
1176
2286
3285
4525
5888
7249
8322
8861
9235
9908
10791
11304
11397
11231
11052
10243
9101
8703
8551
7451
5421
2650
381
-259
-401
-2103
-5185
-7804
-8924
-8786
-8635
-9938
-12114
-13019
-12383
-11258
-10375
-10337
-10533
-9702
-8031
-6426
-5014
-3995
-2847
-1436
-102
831
2058
3457
4553
4982
5052
5002
5587
6492
6508
5247
3881
3153
3154
3084
1823
-305
-2045
-2659
-2630
-3184
-4592
-5833
-6164
-5791
-5444
-5422
-5560
-5195
-4039
-2879
-2002
-1084
188
1645
2998
4071
5096
6339
7748
8783
9295
9547
10109
10950
11501
11484
11232
10769
9603
8916
8973
8376
6729
4469
1789
284
77
-675
-3162
-6084
-8028
-8680
-8494
-8888
-10657
-12404
-12620
-11988
-11054
-10414
-10490
-10364
-9182
-7752
-6224
-4800
-3775
-2595
-1277
-134
942
2448
3716
4393
4623
4898
5145
5938
6470
5926
4659
3801
3369
3238
2652
1127
-722
-2043
-2459
-2766
-3670
-4930
-5758
-5991
-5772
-5583
-5485
-5408
-4846
-3902
-2956
-1969
-757
612
1822
2914
4008
5369
6780
7927
8594
9027
9597
10527
11174
11275
11140
11164
10713
9537
8925
8772
7995
6462
4067
1412
248
165
-865
-3579
-6436
-8184
-8475
-8149
-8894
-10952
-12465
-12353
-11463
-10491
-10187
-10487
-10130
-8656
-7132
-5649
-4559
-3605
-2274
-862
170
1259
2649
3788
4444
4773
4908
5146
5952
6324
5676
4464
3624
3213
3142
2457
806
-1085
-2196
-2457
-2700
-3732
-5062
-5894
-5969
-5588
-5350
-5420
-5415
-4760
-3700
-2759
-1868
-740
530
1821
2961
4044
5263
6612
7758
8459
8916
9545
10346
10933
11104
11091
11010
10116
9091
8941
8753
7537
5658
3094
1038
491
245
-1663
-4633
-6984
-8079
-8106
-8176
-9576
-11604
-12400
-11942
-11090
-10405
-10394
-10613
-9764
-8282
-6831
-5437
-4421
-3358
-1963
-703
293
1673
3066
4019
4558
4810
4850
5484
6357
6336
5324
4275
3549
3357
3350
2321
391
-1281
-2131
-2238
-2604
-3724
-5024
-5781
-5741
-5289
-4977
-5024
-4994
-4273
-3275
-2303
-1206
-89
1062
2248
3417
4513
5754
7046
8021
8631
9120
9634
10351
10928
11166
11249
10606
9126
8627
9073
8632
6885
4248
1523
558
908
44
-3015
-6144
-7797
-7902
-7478
-8351
-10742
-12347
-12123
-11248
-10447
-10364
-10838
-10482
-8938
-7583
-6363
-5235
-4154
-2842
-1465
-530
526
2146
3485
4094
4256
4429
4910
5964
6374
5569
4385
3881
3646
3580
2824
1236
-412
-1366
-1714
-2220
-3269
-4353
-5102
-5357
-5284
-5193
-5109
-5007
-4458
-3677
-2888
-2022
-846
391
1493
2506
3689
4899
6203
7251
7929
8506
9287
10066
10587
10765
10918
11060
10283
9131
8807
8764
7953
6142
3454
1316
699
674
-885
-3949
-6538
-7688
-7624
-7596
-9017
-11215
-12140
-11671
-10797
-10234
-10409
-10717
-9892
-8339
-7010
-5866
-4915
-3771
-2406
-1073
-177
1029
2470
3638
4093
4341
4532
5205
6069
6137
5139
4137
3673
3632
3418
2250
515
-971
-1544
-1775
-2469
-3736
-4843
-5309
-5186
-5079
-5062
-5216
-4992
-4165
-3214
-2499
-1672
-506
718
1862
2986
4048
5191
6479
7519
8127
8610
9311
10062
10622
10857
10883
10284
9160
8836
9026
8427
6728
4271
2023
1177
1084
-48
-2852
-5575
-7028
-7261
-7218
-8325
-10427
-11702
-11502
-10837
-10296
-10352
-10620
-10120
-8710
-7481
-6357
-5370
-4283
-2937
-1539
-614
423
1895
3171
3859
4197
4477
4978
5904
6256
5558
4520
4127
4007
3784
2739
1191
-202
-904
-1320
-2080
-3323
-4300
-4745
-4832
-4945
-5122
-5151
-4904
-4199
-3500
-2903
-2120
-874
361
1479
2413
3523
4762
6160
7192
7844
8285
8984
9879
10580
10725
10709
10470
9542
8948
9079
8716
7197
5098
2813
1475
1159
393
-2005
-4775
-6553
-7220
-7308
-7970
-9809
-11464
-11631
-11133
-10619
-10475
-10677
-10489
-9308
-8046
-6893
-5804
-4767
-3513
-2093
-986
-77
1368
2727
3570
3943
4328
4699
5584
6189
5841
4697
4175
4079
3963
3158
1677
197
-669
-1125
-1743
-2905
-4086
-4601
-4809
-4944
-5173
-5220
-5097
-4549
-3869
-3248
-2559
-1434
-215
896
1917
3009
4259
5569
6689
7432
8134
8846
9629
10251
10544
10680
10984
10426
9219
8816
8929
8282
6694
4246
1895
1055
1051
-198
-3060
-5754
-7239
-7393
-7249
-8391
-10652
-11911
-11651
-10848
-10270
-10431
-10821
-10243
-8814
-7483
-6293
-5440
-4429
-2945
-1497
-611
488
1905
3124
3835
4279
4466
4967
5912
6293
5608
4594
4117
4013
3822
2851
1266
-158
-920
-1374
-2080
-3321
-4338
-4831
-5062
-5179
-5247
-5294
-5083
-4477
-3859
-3240
-2346
-1127
48
1101
2048
3127
4484
5921
6907
7521
8051
8862
9819
10499
10629
10695
10622
9744
9126
9300
8897
7561
5620
3324
1864
1580
884
-1451
-4251
-6164
-6921
-6976
-7545
-9429
-11235
-11604
-11096
-10485
-10281
-10649
-10633
-9558
-8263
-7034
-5943
-5072
-3893
-2336
-1232
-237
1103
2475
3414
3998
4362
4711
5553
6298
6118
5242
4563
4356
4308
3660
2247
746
-134
-712
-1431
-2625
-3840
-4370
-4541
-4875
-5240
-5360
-5202
-4605
-3956
-3595
-3007
-1840
-525
527
1453
2366
3562
5039
6246
6917
7514
8294
9225
9931
10258
10306
10590
10367
9304
8912
8905
8219
6836
4827
2548
1454
1231
96
-2465
-4938
-6578
-7116
-7171
-8106
-10099
-11459
-11488
-10994
-10392
-10373
-10763
-10429
-9157
-7940
-6718
-5739
-4882
-3544
-2078
-1040
20
1373
2572
3440
4008
4359
4728
5691
6172
5801
4933
4427
4200
4066
3288
1842
445
-325
-922
-1680
-2795
-3820
-4279
-4522
-4776
-5014
-5041
-4805
-4173
-3598
-3155
-2435
-1170
1
1013
1929
2897
4101
5536
6619
7208
7750
8586
9435
10070
10351
10435
10468
9779
9037
8991
8788
7661
5905
3708
2025
1495
1013
-951
-3648
-5714
-6741
-6984
-7419
-8971
-10837
-11483
-11142
-10655
-10370
-10567
-10712
-9823
-8534
-7396
-6320
-5416
-4316
-2901
-1650
-707
523
1864
2973
3652
4144
4325
5056
6006
6153
5298
4508
4159
4170
3933
2778
1010
-210
-600
-1051
-1979
-3362
-4306
-4605
-4537
-4759
-5122
-5273
-4824
-4045
-3376
-2965
-2178
-920
270
1350
2249
3255
4478
5905
6867
7459
8089
8977
9720
10265
10558
10739
10370
9496
9112
9187
8688
7190
5025
2885
1928
1702
551
-2091
-4709
-6250
-6664
-6814
-7935
-9990
-11358
-11310
-10746
-10383
-10487
-10815
-10419
-9143
-7941
-6913
-5984
-4953
-3631
-2304
-1304
-214
1190
2428
3257
3798
4154
4657
5612
6145
5670
4809
4439
4351
4173
3327
1893
521
-152
-645
-1479
-2729
-3698
-4143
-4340
-4660
-5000
-5146
-4828
-4203
-3660
-3260
-2611
-1397
-153
897
1731
2702
3902
5346
6452
7095
7632
8435
9362
10035
10300
10420
10351
9659
9112
9053
8756
7531
5718
3611
2164
1658
903
-1178
-3761
-5631
-6540
-6789
-7450
-9102
-10823
-11331
-10994
-10506
-10356
-10604
-10636
-9720
-8403
-7217
-6195
-5329
-4182
-2823
-1582
-556
796
1979
2957
3606
4149
4518
5317
6000
5971
5188
4608
4475
4437
3852
2481
1016
74
-307
-929
-2121
-3540
-4195
-4289
-4411
-4841
-5271
-5380
-4796
-3952
-3449
-3094
-2291
-1057
211
1302
2183
3190
4512
5850
6688
7301
7976
8912
9745
10152
10223
10460
10199
9444
9074
9014
8294
6930
5016
2968
1896
1539
313
-2115
-4439
-5964
-6541
-6774
-7817
-9728
-10996
-11073
-10641
-10242
-10330
-10684
-10303
-9072
-7864
-6798
-5928
-4979
-3661
-2239
-1270
-163
1151
2352
3205
3852
4122
4612
5529
6096
5695
4866
4384
4293
4263
3436
1907
464
-159
-569
-1295
-2656
-3857
-4334
-4356
-4576
-5035
-5387
-5217
-4457
-3796
-3443
-2931
-1843
-550
612
1514
2367
3530
4987
6156
6787
7365
8173
9141
9868
10096
10252
10365
9820
9149
9076
8894
7891
6232
4162
2471
1916
1391
-459
-3044
-5024
-6118
-6474
-6974
-8429
-10186
-10930
-10814
-10445
-10140
-10298
-10412
-9760
-8568
-7486
-6356
-5429
-4406
-3137
-1859
-846
418
1710
2717
3485
4033
4353
4941
5831
6118
5516
4715
4293
4246
4150
3170
1471
121
-428
-739
-1514
-2903
-4075
-4513
-4465
-4558
-4955
-5307
-5064
-4258
-3573
-3132
-2528
-1445
-204
1031
1879
2707
3852
5340
6438
7067
7537
8276
9213
9951
10198
10241
9921
9134
8919
9114
8567
7020
5081
3142
2173
1870
747
-1775
-4195
-5593
-6149
-6501
-7531
-9364
-10693
-10792
-10506
-10213
-10262
-10448
-10161
-9079
-8040
-7081
-6063
-4984
-3800
-2496
-1507
-501
952
2219
3044
3565
4019
4526
5383
5956
5723
4895
4536
4389
4200
3535
2233
882
93
-495
-1218
-2309
-3356
-3888
-4239
-4562
-4888
-5024
-4879
-4410
-3891
-3502
-2917
-1838
-680
379
1320
2192
3345
4650
5856
6658
7217
7932
8852
9591
9929
10075
10293
9875
9118
8951
8793
7966
6569
4635
2731
1895
1389
-51
-2463
-4540
-5896
-6476
-6928
-8075
-9721
-10695
-10823
-10572
-10216
-10257
-10315
-9839
-8807
-7765
-6618
-5609
-4595
-3380
-2132
-1187
23
1401
2407
3165
3700
4098
4706
5551
5842
5343
4572
4352
4253
4046
3063
1544
368
-173
-636
-1436
-2771
-3781
-4072
-4217
-4467
-4908
-5123
-4894
-4188
-3598
-3278
-2681
-1535
-370
744
1598
2445
3667
5082
6218
6822
7303
8119
9059
9782
10048
10113
10085
9479
9013
9052
8687
7541
5855
3826
2432
1929
1198
-830
-3353
-5131
-5988
-6325
-7035
-8647
-10225
-10730
-10461
-10105
-10049
-10283
-10205
-9333
-8180
-7188
-6259
-5299
-4152
-2847
-1763
-815
438
1736
2689
3351
3778
4199
4987
5675
5723
5057
4466
4326
4265
3793
2644
1169
232
-300
-880
-1863
-3094
-3790
-4042
-4368
-4692
-5024
-5021
-4563
-3989
-3605
-3213
-2284
-1074
5
916
1686
2725
4215
5482
6306
6795
7436
8401
9311
9776
9849
9987
9835
9170
8892
8847
8145
6886
5085
3183
2132
1697
496
-1780
-4023
-5505
-6176
-6502
-7535
-9245
-10429
-10682
-10416
-10070
-10040
-10293
-9959
-8954
-7904
-6854
-5862
-4941
-3790
-2528
-1542
-431
907
2062
2818
3482
3825
4341
5276
5828
5585
4874
4300
4236
4350
3832
2388
772
-44
-449
-817
-1820
-3234
-4036
-4177
-4251
-4384
-4767
-4950
-4519
-3757
-3169
-2742
-1882
-844
244
1273
2147
3140
4480
5637
6426
7014
7737
8553
9285
9707
9910
10052
9540
8868
8793
8774
7977
6434
4359
2703
2112
1771
148
-2426
-4567
-5683
-5936
-6361
-7819
-9637
-10544
-10461
-10050
-9873
-10152
-10371
-9714
-8582
-7604
-6680
-5868
-4806
-3518
-2359
-1485
-312
1026
2139
2838
3334
3653
4482
5426
5698
5204
4486
4211
4394
4336
3358
1761
564
85
-311
-1052
-2429
-3541
-3828
-3896
-4183
-4614
-4924
-4683
-4004
-3451
-3191
-2627
-1488
-307
672
1407
2262
3579
5007
5966
6447
7033
8000
9029
9620
9701
9792
9803
9347
9090
8982
8406
7250
5583
3789
2632
2080
1054
-1071
-3365
-4972
-5727
-6089
-7076
-8741
-10054
-10481
-10272
-9963
-9999
-10293
-10124
-9217
-8177
-7138
-6257
-5409
-4269
-2958
-1926
-830
416
1609
2468
3167
3569
4148
5050
5610
5492
4970
4435
4342
4446
3949
2664
1235
415
-60
-540
-1608
-2993
-3775
-3896
-4045
-4319
-4735
-4907
-4493
-3790
-3347
-2982
-2184
-1145
-50
921
1706
2695
4022
5186
5976
6602
7365
8298
9123
9497
9617
9831
9529
8981
8889
8738
7923
6536
4664
3036
2312
1818
291
-2145
-4211
-5413
-5790
-6267
-7681
-9467
-10382
-10381
-10004
-9827
-10148
-10413
-9838
-8709
-7742
-6833
-6063
-5048
-3772
-2517
-1636
-480
818
1960
2708
3271
3653
4450
5330
5595
5223
4708
4466
4473
4282
3383
2115
1084
543
-119
-988
-2159
-3039
-3386
-3612
-4115
-4500
-4576
-4250
-3713
-3373
-3150
-2516
-1333
-208
704
1426
2317
3532
4878
5793
6394
7035
7926
8807
9349
9500
9704
9749
9170
8756
8690
8232
7117
5512
3647
2438
1928
1020
-994
-3244
-4839
-5642
-6053
-6967
-8539
-9842
-10291
-10250
-9985
-9995
-10228
-10102
-9284
-8373
-7407
-6451
-5568
-4493
-3230
-2252
-1241
79
1287
2176
2866
3288
3773
4752
5463
5396
4833
4324
4215
4410
4038
2771
1313
526
205
-253
-1297
-2721
-3542
-3580
-3641
-4070
-4556
-4769
-4281
-3523
-3141
-2984
-2253
-1084
85
990
1711
2583
3926
5245
6024
6522
7191
8135
9071
9528
9553
9716
9539
9014
8916
8845
7999
6653
4928
3298
2498
2037
629
-1698
-3739
-4991
-5519
-5971
-7216
-8967
-9958
-10159
-9946
-9698
-9876
-10226
-9830
-8848
-7895
-6872
-6012
-5201
-4057
-2801
-1871
-706
573
1600
2325
2991
3396
4069
4978
5329
5012
4553
4210
4192
4193
3434
2096
925
352
-76
-769
-1976
-3111
-3561
-3650
-3964
-4363
-4694
-4625
-4017
-3481
-3247
-2821
-1852
-704
308
1089
1897
3022
4359
5378
6032
6682
7505
8430
9106
9334
9509
9778
9376
8847
8789
8551
7628
6228
4365
2924
2347
1705
-80
-2447
-4237
-5196
-5593
-6309
-7888
-9482
-10071
-10069
-9835
-9815
-10194
-10299
-9497
-8500
-7650
-6754
-5937
-4918
-3629
-2516
-1627
-372
912
1902
2561
3127
3597
4498
5325
5417
5005
4619
4406
4527
4415
3409
1971
923
476
114
-630
-2014
-3199
-3575
-3591
-3767
-4164
-4687
-4682
-3977
-3341
-3030
-2646
-1813
-708
430
1272
2033
3079
4351
5399
6146
6780
7486
8322
9019
9362
9582
9585
9009
8706
8812
8463
7364
5762
3988
2882
2389
1513
-468
-2702
-4243
-5036
-5505
-6400
-7960
-9304
-9802
-9817
-9627
-9654
-9968
-9965
-9220
-8360
-7507
-6616
-5782
-4831
-3696
-2692
-1724
-452
765
1595
2147
2713
3292
4229
4903
4898
4496
4209
4093
4200
3964
2947
1627
798
392
-50
-818
-2036
-2969
-3234
-3328
-3603
-3944
-4248
-4076
-3462
-3001
-2727
-2179
-1207
-132
805
1533
2354
3487
4740
5673
6274
6854
7556
8388
9058
9375
9472
9192
8612
8584
8747
8186
6784
4973
3451
2805
2381
1043
-1248
-3330
-4449
-4899
-5497
-6864
-8498
-9459
-9618
-9533
-9527
-9814
-10027
-9661
-8822
-8076
-7267
-6417
-5460
-4411
-3398
-2515
-1373
-31
1098
1762
2221
2764
3587
4530
4933
4722
4309
4078
4171
4256
3701
2474
1225
567
265
-191
-1198
-2521
-3290
-3409
-3440
-3668
-4128
-4472
-4180
-3469
-2939
-2583
-2034
-1196
-176
859
1692
2545
3599
4706
5575
6288
6962
7637
8359
8907
9216
9390
9106
8559
8549
8566
7926
6621
4930
3472
2818
2350
976
-1196
-3089
-4210
-4705
-5264
-6573
-8140
-9034
-9204
-9097
-9031
-9322
-9627
-9234
-8393
-7629
-6857
-6102
-5283
-4224
-3209
-2374
-1320
-81
924
1567
2084
2543
3277
4168
4535
4306
3929
3744
3902
3955
3294
2030
1026
606
285
-375
-1513
-2550
-2915
-3000
-3318
-3785
-4098
-3972
-3448
-3013
-2911
-2561
-1626
-550
311
970
1606
2637
3956
4962
5546
6092
6842
7672
8354
8712
8934
9089
8771
8318
8296
8149
7440
6097
4368
2996
2482
1955
366
-1825
-3620
-4596
-4938
-5561
-7003
-8495
-9237
-9287
-9075
-8994
-9349
-9559
-9034
-8194
-7367
-6503
-5784
-4974
-3909
-2968
-2062
-871
299
1118
1701
2206
2728
3558
4349
4477
4116
3736
3679
3938
3881
2917
1540
727
542
329
-501
-1863
-2786
-2910
-2836
-3122
-3705
-4086
-3814
-3085
-2626
-2555
-2203
-1269
-178
744
1382
2021
3080
4311
5203
5752
6280
7022
7878
8469
8707
8835
8795
8439
8288
8280
7824
6752
5299
3856
2953
2450
1394
-516
-2418
-3692
-4367
-4915
-5995
-7426
-8484
-8872
-8906
-8837
-8971
-9217
-9105
-8476
-7777
-6982
-6176
-5442
-4582
-3598
-2755
-1738
-540
471
1141
1681
2221
2898
3704
4164
4080
3725
3540
3651
3777
3289
2148
1039
616
457
-16
-1179
-2379
-2830
-2757
-2912
-3439
-3984
-3999
-3419
-2831
-2690
-2585
-1888
-782
222
870
1430
2332
3596
4656
5289
5770
6467
7392
8173
8462
8580
8866
8815
8408
8192
8011
7464
6442
4940
3489
2636
2131
955
-933
-2776
-4006
-4607
-5117
-6235
-7652
-8658
-9005
-8911
-8734
-8911
-9213
-8987
-8309
-7493
-6611
-5870
-5215
-4258
-3245
-2346
-1270
-111
797
1471
2062
2569
3281
4054
4404
4222
3863
3687
3838
3888
3241
1980
968
590
409
-138
-1364
-2539
-2915
-2851
-3013
-3501
-3984
-4003
-3431
-2854
-2655
-2418
-1689
-722
223
961
1642
2569
3662
4585
5261
5889
6601
7349
7937
8236
8509
8843
8543
7972
7813
7765
7233
6058
4340
2923
2347
1941
571
-1509
-3307
-4286
-4675
-5248
-6559
-8010
-8798
-8904
-8742
-8705
-9028
-9217
-8734
-7961
-7262
-6492
-5789
-4970
-3903
-2954
-2226
-1168
22
1002
1613
2087
2512
3320
4156
4485
4179
3774
3694
3952
3994
3183
1864
963
728
524
-143
-1472
-2543
-2781
-2652
-2915
-3520
-4008
-3856
-3184
-2702
-2666
-2454
-1595
-520
405
966
1524
2516
3785
4760
5271
5680
6379
7295
8012
8287
8407
8569
8318
8005
7965
7783
7072
5838
4232
3005
2487
1918
412
-1663
-3347
-4246
-4624
-5253
-6563
-7996
-8807
-8917
-8632
-8551
-8917
-9197
-8765
-7951
-7084
-6265
-5653
-4984
-3955
-2932
-2034
-961
103
921
1535
2069
2603
3398
4128
4346
4058
3708
3663
3909
3902
3036
1744
896
671
497
-151
-1432
-2517
-2796
-2677
-2814
-3325
-3809
-3784
-3202
-2697
-2483
-2197
-1485
-607
282
985
1659
2590
3681
4553
5116
5641
6344
7198
7818
8109
8294
8391
8109
7906
7973
7697
6828
5533
4112
3153
2694
1854
156
-1782
-3146
-3870
-4382
-5297
-6689
-7875
-8462
-8567
-8477
-8583
-8950
-9005
-8500
-7799
-7084
-6321
-5670
-4925
-3944
-3022
-2087
-934
101
817
1423
2001
2652
3459
4079
4167
3988
3784
3767
3916
3818
2955
1810
1063
819
566
-139
-1364
-2327
-2561
-2516
-2714
-3239
-3678
-3598
-2999
-2542
-2377
-2099
-1414
-535
379
1100
1712
2602
3651
4573
5213
5783
6406
7164
7765
8175
8427
8375
7939
7757
7940
7673
6673
5151
3719
2911
2579
1603
-299
-2328
-3579
-4111
-4537
-5622
-7203
-8349
-8707
-8617
-8569
-8853
-9297
-9186
-8488
-7722
-7104
-6459
-5763
-4859
-3867
-3020
-2093
-886
195
902
1474
2012
2746
3632
4211
4172
3991
3890
3946
4032
3829
2930
1859
1144
852
538
-182
-1304
-2215
-2515
-2551
-2687
-3081
-3465
-3432
-2900
-2432
-2139
-1756
-1112
-322
552
1327
2019
2918
3903
4755
5382
5941
6525
7241
7857
8303
8462
8190
7701
7707
8036
7711
6412
4704
3403
2931
2679
1473
-699
-2665
-3646
-3923
-4413
-5742
-7413
-8372
-8493
-8360
-8438
-8834
-9200
-8965
-8241
-7565
-6966
-6303
-5551
-4688
-3801
-3025
-2030
-790
235
825
1308
1879
2714
3636
4090
3933
3747
3783
3893
3953
3630
2729
1699
1060
772
459
-290
-1403
-2292
-2579
-2590
-2717
-3121
-3565
-3559
-3022
-2496
-2182
-1827
-1270
-475
429
1238
1947
2812
3750
4559
5209
5853
6518
7200
7728
8121
8397
8276
7884
7791
7938
7609
6565
5082
3739
3024
2605
1539
-323
-2143
-3334
-3895
-4433
-5520
-6963
-7997
-8415
-8439
-8356
-8544
-8872
-8850
-8292
-7566
-6772
-6085
-5464
-4719
-3787
-2902
-1880
-797
98
758
1411
2013
2692
3448
3914
3981
3914
3818
3675
3713
3550
2863
1839
1025
545
261
-269
-1202
-2168
-2712
-2820
-2807
-2955
-3377
-3561
-3231
-2649
-2149
-1707
-1277
-612
275
1193
1965
2764
3558
4355
5106
5821
6381
6903
7450
8036
8420
8136
7570
7464
7791
7608
6519
4814
3395
2858
2696
1669
-393
-2373
-3473
-3754
-4156
-5396
-7056
-8130
-8373
-8182
-8142
-8552
-9034
-8909
-8159
-7409
-6813
-6280
-5646
-4764
-3831
-3077
-2166
-1063
-62
645
1202
1711
2455
3355
3884
3872
3730
3666
3689
3855
3583
2741
1802
1239
878
500
-192
-1116
-1903
-2238
-2333
-2465
-2711
-3051
-3039
-2626
-2191
-1855
-1403
-818
-32
763
1506
2197
3084
3975
4717
5314
5892
6439
7119
7750
8139
8163
7737
7462
7671
7835
7090
5630
4084
3198
2904
2390
754
-1396
-2890
-3499
-3794
-4602
-6163
-7628
-8189
-8168
-8102
-8361
-8818
-9040
-8520
-7725
-7151
-6674
-6009
-5220
-4270
-3450
-2725
-1693
-542
333
880
1404
2010
2864
3598
3820
3648
3654
3655
3633
3528
2996
2157
1473
951
415
-164
-852
-1599
-2183
-2504
-2764
-2897
-2986
-3117
-3023
-2686
-2338
-1833
-1171
-529
142
870
1669
2521
3488
4269
4883
5497
6168
6793
7468
7974
8266
8216
7835
7670
7902
7848
6887
5362
3953
3226
2967
2235
401
-1668
-3020
-3559
-3855
-4729
-6337
-7728
-8244
-8179
-8045
-8243
-8747
-8982
-8422
-7604
-6953
-6397
-5787
-5082
-4126
-3235
-2364
-1299
-263
476
1050
1632
2272
3088
3729
3835
3662
3622
3547
3602
3525
2913
1912
1134
631
305
-173
-1015
-1995
-2559
-2701
-2741
-2860
-3186
-3436
-3188
-2646
-2208
-1772
-1296
-660
171
1036
1763
2534
3435
4284
5019
5676
6225
6810
7521
8101
8354
8076
7604
7585
7960
7720
6457
4736
3493
3064
2871
1760
-367
-2375
-3420
-3687
-4050
-5285
-7025
-8112
-8279
-8077
-8079
-8471
-8961
-8821
-8036
-7269
-6768
-6218
-5506
-4578
-3601
-2823
-1964
-832
217
910
1443
1933
2636
3491
4029
3965
3738
3603
3641
3776
3529
2601
1549
917
643
345
-393
-1486
-2309
-2525
-2524
-2673
-3069
-3419
-3313
-2755
-2287
-2024
-1643
-948
-36
828
1469
2134
3094
4127
4951
5515
6041
6687
7513
8181
8432
8192
7786
7721
8106
8063
6952
5220
3859
3338
3128
2198
197
-1940
-3190
-3547
-3908
-5061
-6806
-8020
-8282
-8178
-8304
-8689
-9089
-9032
-8403
-7705
-7195
-6657
-5883
-4947
-4004
-3263
-2437
-1255
-49
702
1196
1705
2429
3333
4003
4061
3839
3698
3675
3785
3682
2976
1914
1096
671
428
-93
-1081
-2093
-2564
-2645
-2708
-2978
-3399
-3537
-3120
-2547
-2219
-1924
-1381
-512
454
1219
1784
2579
3608
4620
5394
5948
6420
7117
7937
8538
8637
8240
7811
7931
8274
7862
6443
4731
3616
3256
2890
1568
-563
-2461
-3417
-3728
-4291
-5684
-7316
-8219
-8383
-8359
-8499
-8847
-9169
-8955
-8304
-7645
-7094
-6447
-5650
-4684
-3806
-3068
-2108
-807
265
920
1420
1975
2777
3693
4179
4087
3842
3679
3727
3837
3521
2561
1539
891
554
203
-530
-1572
-2337
-2617
-2746
-2946
-3252
-3511
-3397
-2947
-2568
-2257
-1760
-997
-138
667
1329
2066
3066
4120
4965
5627
6213
6838
7626
8366
8715
8519
8093
7976
8259
8209
7191
5497
4094
3463
3140
2174
285
-1776
-3100
-3623
-4094
-5204
-6828
-8040
-8438
-8450
-8571
-8884
-9208
-9175
-8664
-7990
-7418
-6839
-6046
-5053
-4095
-3341
-2526
-1311
-42
810
1346
1829
2529
3473
4222
4356
4072
3820
3852
4068
3962
3158
2035
1268
950
683
36
-1021
-1926
-2289
-2394
-2597
-2992
-3345
-3320
-2922
-2562
-2343
-1971
-1234
-346
402
981
1646
2668
3810
4683
5257
5789
6511
7428
8264
8631
8412
7983
7981
8419
8456
7442
5694
4281
3751
3530
2550
554
-1547
-2854
-3358
-3840
-5012
-6726
-8031
-8432
-8436
-8630
-9085
-9448
-9399
-8911
-8287
-7768
-7222
-6420
-5395
-4424
-3698
-2895
-1660
-318
578
1098
1587
2334
3340
4153
4332
4045
3809
3881
4125
4074
3346
2234
1402
1047
784
185
-851
-1797
-2234
-2385
-2601
-2973
-3342
-3391
-3038
-2648
-2415
-2071
-1390
-525
254
904
1596
2562
3652
4529
5193
5833
6569
7389
8134
8603
8623
8316
8184
8468
8567
7807
6273
4810
4058
3723
2916
1186
-861
-2366
-3119
-3633
-4612
-6192
-7637
-8289
-8399
-8539
-8935
-9385
-9501
-9142
-8519
-7953
-7463
-6824
-5914
-4885
-4037
-3263
-2189
-932
71
781
1348
1987
2863
3741
4177
4061
3799
3743
3944
4041
3556
2539
1564
1067
844
386
-568
-1624
-2208
-2381
-2521
-2847
-3308
-3525
-3250
-2764
-2432
-2151
-1639
-838
33
793
1491
2356
3402
4357
5125
5773
6479
7291
8079
8677
8815
8493
8247
8524
8805
8270
6793
5179
4239
3927
3344
1772
-381
-2121
-3027
-3498
-4335
-5879
-7484
-8346
-8511
-8584
-8930
-9432
-9659
-9366
-8755
-8160
-7646
-6998
-6090
-5044
-4170
-3408
-2356
-1021
112
867
1407
2000
2876
3841
4399
4337
4003
3877
4078
4233
3806
2790
1786
1242
976
543
-391
-1466
-2089
-2271
-2452
-2820
-3316
-3560
-3328
-2886
-2612
-2399
-1903
-1085
-182
533
1143
1956
3081
4152
4965
5578
6207
6998
7844
8537
8843
8626
8252
8336
8702
8467
7266
5630
4424
3877
3417
2187
232
-1637
-2856
-3560
-4262
-5509
-7052
-8141
-8573
-8756
-9007
-9389
-9696
-9595
-9089
-8510
-7992
-7366
-6516
-5491
-4529
-3777
-2870
-1619
-353
577
1239
1784
2505
3441
4211
4415
4159
3899
3953
4177
3983
3109
2081
1453
1133
760
-50
-1102
-1806
-2005
-2169
-2555
-3061
-3343
-3144
-2697
-2440
-2293
-1869
-1077
-171
605
1210
1933
2978
4087
4953
5627
6251
6981
7781
8526
8941
8802
8407
8377
8723
8627
7539
5867
4569
3952
3511
2367
434
-1522
-2794
-3532
-4225
-5438
-6998
-8185
-8656
-8803
-9055
-9449
-9767
-9717
-9239
-8631
-8089
-7475
-6630
-5635
-4673
-3878
-2999
-1806
-513
465
1121
1671
2377
3292
4118
4397
4121
3817
3887
4155
4034
3193
2084
1407
1151
828
23
-1075
-1844
-2073
-2190
-2580
-3135
-3450
-3259
-2823
-2546
-2428
-2054
-1248
-302
481
1063
1775
2818
4008
4930
5562
6148
6945
7843
8643
9077
8928
8508
8520
8951
8964
7933
6204
4800
4207
3878
2831
840
-1259
-2639
-3315
-3933
-5155
-6841
-8162
-8700
-8818
-9050
-9524
-9930
-9909
-9455
-8867
-8315
-7702
-6859
-5842
-4865
-4083
-3201
-1992
-675
376
1062
1586
2281
3241
4116
4496
4245
3902
3944
4254
4199
3423
2285
1525
1254
989
234
-902
-1756
-2060
-2192
-2539
-3122
-3561
-3463
-2986
-2633
-2519
-2255
-1531
-525
367
972
1591
2570
3774
4795
5486
6055
6817
7742
8578
9079
8990
8558
8486
8882
8960
8065
6402
4924
4232
3880
2918
1034
-1048
-2484
-3240
-3900
-5067
-6701
-8030
-8624
-8818
-9071
-9519
-9916
-9909
-9489
-8954
-8432
-7817
-6982
-5969
-4962
-4155
-3301
-2081
-757
291
1034
1609
2291
3195
4025
4441
4331
4038
4007
4227
4207
3530
2420
1605
1267
984
306
-795
-1769
-2184
-2330
-2595
-3092
-3572
-3641
-3254
-2808
-2561
-2296
-1681
-792
96
825
1516
2470
3617
4611
5370
6058
6864
7754
8552
9151
9297
8940
8662
8912
9196
8684
7156
5410
4378
4026
3441
1873
-350
-2231
-3282
-3812
-4600
-6103
-7763
-8789
-9089
-9110
-9325
-9792
-10113
-9925
-9344
-8679
-8044
-7333
-6436
-5379
-4436
-3610
-2496
-1148
27
885
1482
2051
2880
3831
4485
4548
4196
3948
4103
4303
3900
2795
1725
1203
953
473
-500
-1607
-2234
-2427
-2617
-3011
-3488
-3680
-3413
-2966
-2669
-2425
-1863
-984
-66
712
1396
2281
3435
4501
5305
5999
6768
7620
8409
9032
9328
9134
8827
8887
9092
8736
7471
5815
4636
4057
3396
1995
-8
-1829
-3023
-3812
-4692
-6017
-7502
-8512
-8959
-9197
-9481
-9824
-9987
-9810
-9370
-8829
-8200
-7409
-6460
-5418
-4468
-3647
-2605
-1262
-42
851
1533
2161
2947
3846
4506
4687
4466
4219
4221
4323
4017
3062
1988
1357
1018
528
-372
-1430
-2122
-2380
-2608
-3007
-3481
-3731
-3552
-3135
-2833
-2620
-2120
-1253
-317
466
1112
1920
3085
4283
5122
5703
6344
7215
8187
8969
9336
9142
8741
8723
9052
8973
7920
6200
4760
4019
3521
2448
580
-1445
-2940
-3852
-4588
-5681
-7135
-8420
-9136
-9444
-9644
-9872
-10018
-9978
-9688
-9199
-8529
-7703
-6736
-5731
-4784
-3980
-3015
-1682
-316
719
1451
2041
2743
3644
4487
4854
4656
4291
4197
4348
4254
3506
2384
1554
1149
759
-1
-1038
-1868
-2270
-2507
-2845
-3306
-3596
-3486
-3114
-2775
-2537
-2120
-1330
-378
467
1133
1869
2926
4132
5104
5785
6404
7202
8102
8918
9486
9535
9079
8744
8922
9113
8457
6851
5085
3940
3426
2731
1153
-1007
-2895
-4052
-4670
-5473
-6849
-8347
-9341
-9695
-9757
-9884
-10124
-10239
-9973
-9397
-8704
-7949
-7066
-6039
-4949
-4023
-3172
-2034
-644
599
1501
2099
2626
3353
4297
4938
4853
4362
4107
4223
4259
3659
2533
1572
1090
733
21
-1015
-1929
-2420
-2626
-2913
-3397
-3762
-3701
-3274
-2820
-2550
-2240
-1532
-497
476
1197
1898
2870
4064
5137
5916
6552
7354
8279
9078
9612
9696
9316
9020
9192
9330
8589
6968
5295
4246
3691
2834
1130
-974
-2719
-3826
-4593
-5573
-6999
-8396
-9251
-9599
-9814
-10075
-10304
-10294
-9944
-9403
-8822
-8091
-7142
-6062
-4947
-3986
-3141
-2010
-574
702
1578
2185
2755
3514
4435
5026
4906
4480
4299
4383
4306
3612
2472
1591
1163
718
-140
-1246
-2119
-2540
-2759
-3134
-3693
-4046
-3952
-3546
-3123
-2872
-2556
-1793
-687
314
1003
1668
2659
3950
5145
5947
6499
7219
8204
9170
9812
9846
9314
8932
9207
9554
8911
7147
5233
4115
3710
3033
1348
-905
-2818
-3980
-4668
-5537
-6954
-8478
-9436
-9778
-9909
-10132
-10397
-10415
-10029
-9463
-8916
-8202
-7205
-6046
-4873
-3910
-3124
-2038
-538
869
1799
2332
2790
3546
4568
5215
5071
4573
4347
4458
4417
3721
2524
1600
1197
783
-75
-1217
-2136
-2543
-2690
-3042
-3632
-4025
-3941
-3492
-3034
-2792
-2522
-1778
-657
397
1155
1841
2795
4043
5220
6041
6672
7440
8367
9235
9820
9918
9516
9145
9261
9475
8889
7279
5413
4167
3553
2768
1176
-916
-2805
-4144
-5054
-5943
-7176
-8566
-9608
-10108
-10296
-10427
-10582
-10576
-10228
-9680
-9085
-8307
-7288
-6118
-4934
-3901
-3011
-1902
-471
899
1914
2604
3131
3798
4683
5303
5271
4898
4638
4582
4390
3689
2622
1763
1221
600
-333
-1361
-2169
-2642
-2970
-3411
-3900
-4148
-4075
-3757
-3377
-3043
-2596
-1787
-712
282
1076
1899
2968
4271
5429
6214
6862
7689
8672
9558
10158
10276
9862
9401
9438
9713
9264
7669
5595
4132
3484
2825
1322
-868
-2959
-4419
-5320
-6153
-7366
-8804
-9930
-10472
-10627
-10712
-10851
-10841
-10461
-9856
-9229
-8451
-7413
-6164
-4875
-3790
-2924
-1836
-356
1135
2255
2958
3411
4027
4954
5677
5684
5213
4844
4783
4642
3937
2746
1738
1195
670
-240
-1413
-2428
-2966
-3202
-3554
-4095
-4519
-4573
-4221
-3710
-3325
-2976
-2283
-1217
-104
821
1650
2640
3897
5131
6062
6809
7665
8585
9407
10068
10418
10225
9731
9513
9655
9440
8222
6261
4526
3550
2864
1620
-362
-2500
-4181
-5282
-6159
-7264
-8614
-9797
-10477
-10750
-10873
-10987
-10965
-10608
-10013
-9390
-8645
-7650
-6418
-5073
-3871
-2923
-1917
-584
887
2169
3107
3674
4163
4870
5577
5821
5604
5252
4974
4668
4045
3060
2100
1421
761
-147
-1210
-2193
-2845
-3186
-3523
-3985
-4385
-4532
-4283
-3757
-3274
-2890
-2271
-1296
-211
759
1670
2689
3879
5032
5940
6744
7664
8604
9368
9972
10351
10264
9819
9530
9577
9396
8312
6427
4618
3496
2764
1627
-239
-2406
-4228
-5444
-6288
-7261
-8573
-9867
-10695
-11011
-11057
-11072
-11068
-10812
-10265
-9581
-8756
-7733
-6544
-5230
-3949
-2902
-1916
-655
827
2178
3163
3759
4224
4863
5532
5798
5650
5352
4990
4520
3854
2984
2136
1435
646
-365
-1402
-2267
-2895
-3318
-3729
-4179
-4495
-4562
-4365
-3932
-3427
-2897
-2178
-1227
-221
749
1772
2929
4152
5244
6125
6967
7938
8900
9661
10253
10633
10568
10080
9695
9701
9593
8595
6659
4667
3414
2698
1648
-210
-2447
-4344
-5610
-6495
-7487
-8783
-10037
-10827
-11176
-11328
-11375
-11283
-10919
-10304
-9633
-8866
-7841
-6570
-5161
-3812
-2746
-1802
-566
969
2403
3422
4008
4423
5000
5616
5892
5769
5451
5022
4454
3733
2876
2018
1276
468
-534
-1595
-2530
-3207
-3604
-3948
-4372
-4724
-4839
-4618
-4108
-3533
-2991
-2300
-1352
-272
795
1827
2928
4146
5342
6317
7136
8007
8943
9757
10384
10804
10828
10378
9829
9626
9536
8809
7145
5089
3454
2424
1460
-74
-2109
-4110
-5689
-6787
-7706
-8799
-9979
-10852
-11312
-11505
-11538
-11424
-11032
-10350
-9585
-8820
-7913
-6730
-5267
-3740
-2490
-1550
-496
913
2428
3655
4405
4825
5270
5793
6114
6091
5836
5402
4782
4001
3102
2226
1465
622
-401
-1484
-2476
-3227
-3709
-4098
-4503
-4825
-4964
-4841
-4421
-3835
-3205
-2452
-1514
-497
542
1617
2765
4018
5247
6200
6959
7807
8743
9609
10288
10757
10935
10625
9945
9480
9417
9046
7707
5616
3607
2263
1366
182
-1670
-3820
-5699
-7052
-7947
-8799
-9911
-10992
-11657
-11939
-11916
-11684
-11331
-10776
-10014
-9171
-8224
-7073
-5697
-4169
-2723
-1569
-569
656
2150
3525
4491
5054
5395
5786
6197
6328
6135
5699
5021
4223
3397
2521
1672
791
-220
-1266
-2235
-3072
-3694
-4121
-4479
-4797
-5009
-4982
-4664
-4083
-3372
-2638
-1781
-741
351
1476
2658
3832
5003
6060
6942
7848
8802
9596
10201
10732
11180
11218
10601
9759
9360
9234
8516
6746
4439
2545
1398
502
-875
-2953
-5192
-6934
-8004
-8707
-9588
-10747
-11684
-12108
-12128
-11913
-11632
-11247
-10520
-9541
-8531
-7512
-6362
-4911
-3262
-1818
-770
184
1448
2946
4214
4966
5278
5450
5784
6174
6209
5776
5022
4157
3420
2722
1864
871
-158
-1092
-1937
-2803
-3598
-4156
-4460
-4621
-4787
-4909
-4759
-4237
-3436
-2580
-1792
-909
196
1409
2623
3776
4844
5871
6900
7898
8806
9527
10069
10576
11077
11301
10831
9885
9232
9024
8560
7166
4937
2765
1380
468
-761
-2631
-4815
-6666
-7860
-8655
-9520
-10559
-11415
-11830
-11894
-11766
-11538
-11144
-10362
-9304
-8294
-7330
-6239
-4867
-3199
-1647
-550
364
1511
2898
4182
5026
5406
5563
5777
6078
6164
5819
5087
4206
3411
2688
1841
843
-187
-1152
-2026
-2872
-3680
-4285
-4626
-4817
-4951
-5003
-4835
-4370
-3673
-2858
-2004
-1073
10
1204
2371
3484
4590
5692
6738
7693
8537
9229
9825
10368
10837
11088
10827
10008
9185
8775
8403
7405
5523
3269
1476
375
-643
-2184
-4177
-6120
-7595
-8533
-9265
-10126
-11000
-11585
-11807
-11697
-11383
-11021
-10435
-9480
-8385
-7347
-6302
-5111
-3658
-2072
-756
223
1217
2434
3680
4667
5239
5449
5551
5726
5860
5728
5174
4259
3308
2553
1863
1012
-11
-1056
-1958
-2701
-3398
-4058
-4528
-4751
-4806
-4766
-4631
-4315
-3729
-2915
-1989
-1027
-44
1017
2201
3428
4572
5631
6580
7443
8294
9041
9585
10007
10400
10706
10699
10101
9126
8382
8027
7464
6081
3974
1886
463
-453
-1610
-3376
-5285
-6800
-7853
-8632
-9421
-10275
-10876
-11086
-11074
-10924
-10673
-10265
-9454
-8308
-7207
-6281
-5310
-4082
-2610
-1162
-82
749
1748
2948
3985
4634
4943
5072
5214
5350
5281
4921
4247
3344
2487
1786
1085
243
-682
-1574
-2362
-3024
-3623
-4131
-4397
-4476
-4527
-4506
-4289
-3772
-2977
-2134
-1373
-563
442
1605
2785
3814
4696
5591
6468
7243
7915
8479
8879
9115
9275
9409
9371
8880
7963
7058
6500
5977
4904
3193
1338
-79
-977
-1936
-3334
-4856
-6116
-7018
-7674
-8302
-8924
-9333
-9461
-9389
-9170
-8888
-8536
-7930
-7002
-5980
-5057
-4224
-3345
-2286
-1111
-126
597
1323
2176
2996
3565
3776
3773
3837
4003
4009
3680
3057
2338
1724
1221
658
9
-650
-1305
-1928
-2415
-2760
-3024
-3226
-3357
-3344
-3132
-2791
-2350
-1735
-998
-264
428
1163
2073
3051
3842
4402
4932
5560
6134
6517
6780
7015
7162
7119
6959
6854
6781
6367
5464
4506
3914
3574
2919
1592
62
-968
-1499
-2120
-3155
-4319
-5107
-5437
-5737
-6280
-6838
-7034
-6842
-6538
-6358
-6260
-5996
-5459
-4772
-4100
-3490
-2915
-2316
-1650
-1001
-445
24
471
949
1423
1732
1802
1760
1759
1802
1732
1472
1058
649
307
-32
-400
-789
-1174
-1480
-1626
-1664
-1715
-1844
-1970
-1913
-1604
-1167
-760
-448
-162
246
854
1524
2058
2413
2771
3281
3816
4095
4038
3990
4249
4581
4557
4126
3708
3661
3751
3518
2958
2477
2278
2064
1566
923
504
349
94
-478
-1105
-1432
-1481
-1552
-1803
-2100
-2234
-2212
-2187
-2205
-2183
-2076
-1916
-1764
-1642
-1530
-1386
-1250
-1141
-1049
-987
-961
-947
-945
-960
-1000
-1096
-1212
-1278
-1271
-1276
-1391
-1609
-1822
-1887
-1824
-1793
-1901
-2086
-2185
-2079
-1821
-1587
-1464
-1361
-1160
-813
-405
-47
259
595
980
1334
1608
1850
2134
2481
2764
2862
2845
2861
2965
3066
3002
2735
2409
2191
2051
1843
1507
1110
781
546
284
-41
-326
-479
-552
-636
-750
-823
-766
-604
-442
-286
-78
178
437
649
825
1019
1259
1472
1597
1651
1684
1723
1739
1676
1502
1277
1040
776
469
96
-321
-721
-1107
-1507
-1906
-2283
-2628
-2956
-3237
-3460
-3602
-3673
-3730
-3790
-3795
-3681
-3445
-3118
-2786
-2493
-2198
-1836
-1390
-885
-354
136
572
980
1365
1738
2106
2416
2653
2814
2902
2923
2875
2750
2572
2374
2135
1825
1469
1085
696
317
-44
-389
-706
-1007
-1304
-1566
-1752
-1866
-1913
-1910
-1865
-1751
-1568
-1330
-1032
-663
-256
169
607
1040
1478
1919
2330
2683
2987
3242
3436
3584
3665
3638
3515
3316
3069
2785
2436
1998
1486
971
469
-35
-567
-1133
-1683
-2159
-2566
-2923
-3260
-3570
-3811
-3942
-3957
-3898
-3785
-3625
-3403
-3116
-2753
-2345
-1903
-1442
-995
-562
-138
301
733
1122
1430
1667
1864
2021
2129
2169
2120
2008
1845
1632
1368
1066
731
379
30
-326
-698
-1064
-1398
-1682
-1915
-2119
-2277
-2371
-2411
-2388
-2311
-2177
-1966
-1691
-1370
-1028
-689
-322
97
555
1019
1452
1839
2192
2544
2876
3171
3397
3543
3628
3657
3639
3562
3407
3192
2938
2648
2329
1962
1551
1113
680
278
-100
-474
-855
-1220
-1536
-1772
-1936
-2055
-2155
-2226
-2249
-2196
-2071
-1895
-1699
-1492
-1262
-1007
-735
-450
-178
66
274
449
598
709
787
806
775
702
585
433
248
30
-212
-474
-748
-1034
-1312
-1569
-1804
-2014
-2201
-2348
-2455
-2505
-2511
-2476
-2397
-2268
-2081
-1842
-1567
-1282
-990
-667
-294
98
473
792
1072
1364
1657
1930
2157
2318
2424
2502
2559
2589
2567
2495
2384
2252
2103
1928
1721
1497
1280
1083
897
700
498
304
136
18
-64
-118
-173
-233
-267
-261
-210
-123
-36
36
94
152
234
324
405
454
484
502
503
476
426
353
256
148
8
-163
-361
-567
-765
-963
-1156
-1367
-1583
-1774
-1932
-2068
-2187
-2285
-2352
-2375
-2357
-2312
-2256
-2169
-2029
-1838
-1618
-1409
-1197
-978
-728
-440
-152
106
329
547
761
978
1172
1315
1416
1486
1550
1594
1595
1560
1497
1424
1343
1250
1127
988
854
734
624
512
403
298
209
152
123
111
112
120
143
187
253
345
441
525
609
690
776
865
931
982
1005
1012
1003
973
913
829
730
617
494
344
171
-7
-190
-354
-511
-679
-851
-1024
-1164
-1270
-1359
-1439
-1508
-1549
-1554
-1534
-1499
-1452
-1385
-1290
-1172
-1045
-931
-818
-695
-557
-405
-263
-151
-62
18
109
205
276
311
330
344
360
366
347
314
280
249
230
201
152
102
68
59
64
57
41
29
45
84
131
175
210
246
295
361
428
488
534
580
622
669
701
711
713
715
707
687
650
591
524
462
398
322
237
137
37
-47
-123
-200
-264
-333
-391
-438
-465
-483
-494
-488
-472
-440
-395
-350
-302
-245
-187
-113
-40
16
71
112
153
193
224
237
227
206
172
141
99
44
-28
-106
-179
-250
-316
-388
-458
-518
-559
-581
-599
-615
-612
-580
-528
-468
-399
-335
-261
-161
-50
66
161
254
342
426
510
585
631
656
675
681
675
638
585
518
451
379
293
183
72
-34
-122
-200
-290
-380
-462
-523
-558
-575
-586
-594
-579
-543
-491
-431
-362
-281
-192
-95
-3
86
171
257
348
427
490
541
574
593
605
611
604
575
531
470
409
343
275
201
118
45
-35
-109
-173
-239
-291
-327
-355
-376
-382
-381
-372
-346
-307
-267
-215
-162
-109
-53
6
68
122
174
214
245
271
299
312
315
297
270
241
198
149
87
26
-46
-116
-189
-266
-339
-408
-460
-505
-548
-590
-613
-622
-618
-602
-580
-541
-493
-435
-369
-293
-212
-135
-48
39
125
206
274
347
421
477
526
559
577
589
590
587
569
538
499
451
399
347
288
224
158
94
33
-19
-68
-116
-151
-181
-205
-216
-223
-219
-205
-189
-159
-129
-92
-53
-17
29
70
112
150
178
207
231
245
252
251
241
224
201
162
114
64
13
-43
-106
-171
-238
-306
-369
-423
-474
-527
-562
-592
-617
-630
-627
-614
-593
-558
-518
-463
-401
-330
-254
-170
-85
-6
79
161
248
326
395
460
513
561
598
623
642
647
650
634
607
572
532
489
434
374
314
252
186
131
73
15
-29
-77
-116
-144
-165
-180
-187
-189
-183
-173
-154
-127
-109
-80
-49
-19
5
26
46
69
81
90
91
88
83
61
36
8
-29
-70
-111
-161
-206
-253
-301
-354
-398
-431
-467
-497
-522
-538
-547
-552
-542
-521
-496
-459
-417
-371
-318
-260
-197
-128
-58
8
81
147
210
274
333
387
429
470
506
527
539
546
549
544
532
515
491
460
428
393
357
317
277
237
194
156
118
86
53
29
3
-11
-28
-45
-52
-55
-58
-63
-65
-64
-63
-63
-65
-62
-61
-63
-67
-74
-81
-86
-93
-109
-124
-142
-158
-181
-199
-221
-245
-268
-288
-295
-307
-320
-329
-333
-337
-334
-327
-323
-305
-290
-271
-248
-226
-194
-164
-134
-101
-66
-33
-2
31
62
93
129
156
174
201
226
244
257
267
280
285
292
291
288
288
280
277
269
257
247
237
225
210
201
192
175
161
149
138
129
118
106
90
79
69
55
40
23
15
10
-6
-17
-27
-48
-55
-63
-77
-90
-105
-114
-123
-131
-140
-150
-159
-166
-174
-187
-188
-194
-198
-196
-199
-201
-198
-196
-187
-182
-183
-176
-168
-158
-146
-134
-128
-117
-105
-93
-80
-67
-50
-37
-22
-9
6
24
44
59
71
83
99
114
125
135
149
158
164
173
181
187
190
194
196
202
204
203
200
201
197
192
187
181
175
168
157
148
138
126
117
97
86
80
63
48
35
18
0
-15
-33
-44
-58
-73
-85
-96
-108
-125
-136
-138
-150
-159
-160
-164
-168
-179
-180
-184
-187
-182
-182
-177
-173
-173
-169
-167
-163
-153
-142
-134
-131
-124
-114
-101
-85
-71
-60
-50
-38
-25
-9
7
18
32
41
56
67
75
83
93
104
107
115
121
125
128
130
137
141
146
148
144
145
143
141
140
137
136
130
124
118
110
104
95
84
74
68
59
46
37
24
15
4
0
-10
-21
-30
-39
-43
-48
-57
-61
-69
-76
-82
-91
-98
-105
-109
-112
-110
-111
-112
-115
-111
-107
-104
-102
-104
-95
-94
-90
-85
-86
-79
-75
-69
-65
-55
-50
-42
-38
-36
-27
-20
-9
-2
10
16
22
30
32
41
45
48
51
52
59
61
61
65
65
66
69
70
69
66
63
68
58
56
56
50
54
56
50
42
38
38
36
29
26
22
19
15
11
6
0
-2
-6
-9
-10
-9
-12
-16
-20
-15
-12
-13
-15
-15
-8
-11
-12
-11
-6
-3
-8
-3
-2
-3
1
0
1
4
3
4
3
0
-2
-5
-9
-9
-9
-14
-9
-9
-6
-6
-7
-11
-14
-12
-3
-1
-3
-1
-1
0
7
10
11
11
12
17
12
15
21
16
16
15
15
12
10
14
17
14
12
16
9
7
7
1
-2
2
4
-2
-2
-7
-6
-6
-10
-8
-1
4
-2
-3
-4
-2
-1
2
-2
-1
3
3
3
9
7
0
4
5
5
-2
-2
0
2
4
1
-5
-1
-1
-2
1
-3
-6
-3
-5
-1
-2
-5
-5
-4
-2
-3
-4
-3
2
0
-1
-1
-2
-2
-3
0
1
0
-1
-4
-4
0
-1
2
-2
-6
-6
-10
-6
-9
-10
-8
-13
-12
-14
-19
-18
-25
-25
-24
-26
-24
-21
-22
-22
-14
-14
-16
-10
-7
-8
-8
-6
-2
1
4
2
8
9
8
13
11
14
17
13
15
18
12
16
13
12
13
13
13
9
10
7
5
3
2
-4
-8
-11
-13
-13
-11
-8
-7
-11
-12
-14
-19
-17
-16
-13
-15
-14
-16
-15
-12
-10
-9
-6
-4
-5
-3
-2
-2
2
4
6
5
0
-2
2
7
6
1
6
4
9
8
6
5
8
10
12
14
13
12
14
15
14
17
9
14
14
10
13
12
13
8
8
7
7
9
6
5
10
9
3
3
4
4
5
1
6
4
-2
1
-1
1
-1
2
4
6
7
7
7
2
6
10
5
7
8
10
7
-2
-4
-2
-3
-2
-2
-8
-10
-8
-4
-3
-2
-2
-1
3
4
1
-1
-2
-8
-9
-2
-2
-1
-2
-5
-3
-7
-6
-7
-4
-7
-10
-4
-4
-1
1
-2
-4
2
4
2
4
9
10
9
10
10
9
9
10
7
6
14
8
7
9
15
13
13
13
12
16
17
17
13
10
11
9
6
8
7
10
9
2
-2
-7
-1
-2
-3
-1
-6
-9
-7
-13
-11
-7
-7
-11
-16
-17
-16
-13
-17
-17
-20
-19
-11
-17
-17
-16
-14
-11
-8
-10
-9
-8
-8
-6
-8
-2
3
3
1
2
8
4
0
4
2
-2
1
-2
-7
-8
-10
-10
-13
-11
-16
-16
-14
-14
-11
-12
-9
-11
-10
-6
-5
-2
-3
-5
-2
3
2
0
6
6
8
6
9
13
15
15
16
19
14
11
11
10
10
8
6
9
6
2
-1
-4
1
0
-6
-6
-9
-9
-8
-12
-8
-6
-15
-14
-10
-9
-10
-14
-12
-18
-13
-14
-12
-10
-8
-7
-14
-9
-4
0
-4
-5
-5
-5
-7
-7
-5
-7
-1
0
3
2
-1
-6
-7
-6
-2
2
1
2
8
8
4
2
6
12
12
12
14
18
14
11
13
10
11
17
14
11
14
14
13
10
6
7
4
2
0
-4
-6
-7
-7
-11
-8
-13
-17
-14
-11
-10
-14
-13
-15
-15
-11
-10
-9
-6
-4
2
4
0
-1
5
2
7
8
4
5
5
5
3
6
8
5
8
12
9
7
9
12
9
7
9
6
4
4
2
5
1
4
5
7
6
2
5
5
2
3
6
7
2
4
5
5
5
8
11
9
15
9
9
14
16
16
20
12
9
12
8
10
10
6
3
5
4
8
2
-1
1
-4
-3
-4
-3
-4
0
-2
1
-1
-5
-4
-8
-9
-9
-8
-8
-6
-9
-9
-6
-7
-8
-8
-8
-7
-10
-7
-3
-1
3
1
-2
-4
-4
0
-2
-3
-2
-1
-3
-2
-1
0
3
4
6
3
0
3
4
7
6
5
4
3
6
3
0
5
7
2
1
-1
-3
-3
-1
-2
-8
-2
1
-2
-5
-6
-6
-7
-9
-7
-6
-13
-11
-11
-12
-9
-5
-6
-6
-4
-4
-3
2
5
3
6
5
8
9
6
7
6
5
5
5
6
6
1
-1
-1
-2
0
1
-8
-9
-7
-6
-6
-12
-15
-16
-15
-19
-23
-20
-17
-19
-22
-22
-19
-17
-18
-12
-9
-11
-11
-7
-10
-2
3
-1
7
9
10
11
7
4
3
7
5
2
3
-1
-4
-1
0
0
4
3
6
4
6
4
-3
0
5
7
8
8
5
5
7
9
9
3
1
6
4
1
0
5
7
6
5
8
6
6
6
5
6
3
5
8
8
5
6
6
5
10
7
5
7
2
3
-2
-3
-1
0
0
-3
-5
-7
-3
-1
-3
-5
-2
-1
0
3
4
0
-3
-7
-7
-1
0
1
6
3
4
7
6
10
10
11
7
10
13
13
12
7
10
14
8
6
9
13
14
15
17
11
7
8
9
8
8
8
10
11
10
7
3
6
6
4
6
5
5
1
2
2
0
3
-2
0
2
1
-2
-7
-8
-8
-8
-7
-4
-7
-5
-11
-15
-14
-11
-6
-8
-8
-5
-7
-8
-6
-6
-6
-2
-6
-12
-6
-3
-6
-3
-9
-2
-1
0
3
-2
-3
-2
1
1
1
5
6
5
4
9
5
2
4
-1
3
2
4
7
7
10
8
8
7
4
6
5
10
9
4
3
3
2
0
2
-3
0
-2
-5
0
-5
-3
-2
-5
-7
-7
-7
-8
-2
-2
-4
-1
-1
2
0
0
3
5
4
8
5
-2
0
-2
-1
0
-1
-2
-3
-8
-6
-3
-14
-15
-16
-12
-14
-19
-15
-16
-13
-11
-14
-17
-18
-15
-16
-18
-19
-14
-15
-16
-10
-10
-14
-14
-8
-8
-6
-2
1
6
11
8
9
13
12
12
9
10
12
12
10
7
7
5
3
7
5
2
4
1
2
2
1
0
2
3
-2
-1
-2
-5
-5
-3
-4
-2
-4
-2
-2
0
1
-2
0
2
1
0
2
2
1
3
4
2
-2
-3
-2
0
3
-5
-8
-5
-4
-4
-4
-5
-9
-2
0
0
-1
-1
-1
-1
-2
2
9
5
4
6
12
12
11
12
12
11
11
14
11
13
11
12
15
13
11
10
7
3
6
6
5
1
6
3
1
3
0
2
7
4
6
3
0
2
1
1
1
4
3
4
1
-2
-2
2
1
3
-2
-3
0
2
4
5
7
4
7
8
0
2
3
0
-1
-6
-9
-9
-7
-9
-9
-9
-9
-14
-14
-9
-8
-12
-15
-15
-15
-12
-9
-8
-6
-3
-2
-2
0
1
2
7
4
6
8
7
7
9
10
7
7
8
5
1
7
9
3
2
6
7
3
7
5
5
1
3
1
4
6
1
0
-4
-3
-4
-1
0
-2
-3
-2
-3
-1
3
1
-5
-2
-4
-4
-8
-9
-6
-9
-8
-7
-5
-10
-16
-17
-12
-8
-6
-5
-8
-5
-6
-6
-4
-3
-3
-3
-2
-1
-2
-3
1
-1
2
1
-3
1
-3
-2
3
-1
2
-1
0
3
0
5
5
1
1
1
-3
-2
0
0
-1
-2
-7
-5
-3
-9
-7
-10
-6
-4
-7
-8
-7
-4
-10
-10
-10
-10
-12
-9
-8
-8
-4
-7
-6
-2
-4
-4
-7
-9
-9
-6
-5
-7
-9
-3
0
-5
-5
-4
-2
0
3
1
6
5
7
8
7
8
8
11
13
13
13
14
17
19
18
20
20
16
20
16
6
8
7
6
-5
-3
-4
3
4
6
6
2
5
-2
-5
-9
-13
-13
-6
-10
-15
-15
-16
-12
-20
-11
-2
-12
-6
-11
-8
-5
1
12
18
16
16
26
18
26
25
23
22
11
5
0
10
11
-1
-9
5
-2
-4
-7
-14
-11
-23
-16
-15
-16
-16
-18
-10
-10
7
4
-4
-2
5
5
-1
0
-4
-10
-20
-15
-18
-12
-18
-23
-11
-25
-7
-1
8
17
18
10
-2
18
14
16
21
23
-8
2
16
18
15
10
19
8
24
22
17
10
12
15
21
32
20
9
-8
6
19
-5
-9
-11
-34
-53
-50
-26
-25
-34
-23
-29
-28
-2
-9
-13
-14
0
-11
-14
-13
-9
-6
-5
17
23
30
12
11
22
44
17
10
14
10
26
9
19
4
11
29
31
7
-14
-8
4
17
-14
0
-19
-32
-24
4
7
-26
-31
-24
-16
-45
-20
-18
-24
-12
-4
5
-4
7
30
37
24
5
1
12
5
-7
-7
4
4
-5
-9
2
5
15
4
8
4
13
29
1
9
17
29
25
23
21
14
16
16
5
10
16
-3
-3
-11
-17
-8
-13
-20
-21
-8
-21
-21
-1
-7
-5
7
10
3
16
15
10
11
2
-8
-14
14
25
17
13
6
14
38
43
37
40
50
58
62
65
75
64
84
88
59
48
36
19
-11
-12
-37
-48
-44
-57
-70
-60
-23
-47
-64
-48
-27
-31
-23
-30
-38
-24
-40
-10
2
13
-2
-16
-6
1
-2
2
5
-16
-15
-24
-10
-4
-4
-15
-21
-50
-61
-53
-53
-82
-129
-111
-67
-58
-65
-68
-52
-25
-33
-28
-14
15
3
20
44
41
36
50
78
84
36
-52
-10
-111
-665
-1158
-653
-59
-411
-1246
-1569
-896
63
413
-87
-270
199
650
666
614
546
561
672
338
-51
-63
270
106
-10
54
45
-14
-34
80
141
236
33
115
293
282
-40
-141
94
204
252
259
111
-191
25
151
228
258
22
11
83
213
128
62
121
156
223
262
209
136
232
133
113
147
266
198
-9
-35
-82
37
-9
53
12
-60
-193
-120
148
-44
-194
12
157
17
151
92
-52
-37
132
172
-30
-19
-43
-110
-228
-238
-169
-81
-170
-135
-153
-300
-199
-136
-140
-160
-108
-89
-20
-52
-128
-145
14
87
21
72
-49
-119
-60
12
-46
-123
-107
-63
-72
-71
-55
-146
-112
-6
49
15
-29
-2
33
80
99
176
235
256
192
140
131
64
68
143
137
64
78
45
15
-15
-28
-9
21
27
-22
-76
-119
-102
-106
-80
-66
-100
-128
-145
-196
-243
-218
-183
-191
-255
-264
-287
-328
-291
-292
-267
-250
-287
-315
-340
-388
-376
-327
-312
-319
-319
-297
-302
-275
-269
-252
-213
-188
-135
-100
-98
-49
11
32
55
121
186
223
275
328
376
417
516
622
644
692
790
822
850
891
921
989
1038
1063
1097
1093
1058
1113
1171
1184
1208
1229
1205
1161
1136
1091
1034
939
799
594
323
13
-286
-549
-811
-1079
-1448
-1884
-2183
-2295
-2412
-2545
-2579
-2613
-2589
-2450
-2346
-2296
-2123
-1826
-1539
-1246
-996
-841
-627
-305
-68
119
321
430
502
573
566
490
471
473
416
359
277
107
-14
-38
-78
-88
-28
23
108
257
354
444
619
844
1067
1304
1492
1599
1762
1998
2203
2383
2559
2691
2810
2931
3015
3045
3092
3236
3250
2712
1774
1079
834
618
212
-580
-1792
-2784
-3105
-3248
-3525
-3696
-3844
-3957
-3743
-3453
-3501
-3468
-2998
-2362
-1595
-795
-449
-336
114
672
1077
1536
1874
1922
1950
1997
1782
1449
1171
840
574
263
-420
-1218
-1788
-2314
-2704
-2791
-2937
-3232
-3259
-3059
-2923
-2636
-2168
-1761
-1306
-752
-429
-236
150
623
1094
1629
2074
2334
2566
2771
2867
2959
3063
3064
3042
2998
2796
2537
2359
2239
2257
2386
2345
2177
2171
2249
2287
2384
2173
1351
662
659
687
352
-240
-1219
-2251
-2524
-2368
-2584
-2925
-3118
-3348
-3362
-3139
-3282
-3519
-3264
-2820
-2296
-1507
-1052
-1123
-884
-240
264
778
1343
1571
1692
1958
2016
1928
1911
1793
1678
1650
1310
680
131
-550
-1339
-1785
-2094
-2611
-2957
-3143
-3532
-3764
-3610
-3414
-3092
-2460
-1958
-1663
-1269
-856
-474
119
783
1304
1854
2367
2665
2906
3120
3201
3370
3632
3680
3535
3299
2965
2700
2638
2604
2509
2448
2305
2096
2072
2170
2086
1577
779
229
148
115
-207
-924
-1927
-2660
-2717
-2622
-2782
-2942
-3081
-3197
-2998
-2716
-2816
-2921
-2624
-2099
-1413
-742
-527
-533
-262
159
595
1085
1392
1494
1660
1780
1662
1536
1402
1185
1146
1163
866
354
-152
-736
-1352
-1806
-2157
-2483
-2707
-2906
-3186
-3431
-3495
-3348
-2975
-2426
-1898
-1499
-1184
-861
-515
-123
338
820
1331
1811
2157
2367
2522
2656
2809
3013
3179
3219
3154
2957
2705
2580
2573
2556
2549
2586
2546
2449
2465
2619
2670
2262
1507
962
792
670
315
-399
-1441
-2274
-2504
-2562
-2807
-3048
-3276
-3472
-3368
-3197
-3339
-3451
-3181
-2732
-2163
-1490
-1140
-1055
-706
-163
324
804
1186
1382
1609
1868
1899
1836
1762
1591
1511
1468
1155
647
171
-350
-874
-1258
-1748
-2301
-2577
-2735
-2959
-3102
-3149
-3129
-2839
-2329
-1926
-1592
-1203
-835
-427
17
331
599
968
1351
1721
2066
2232
2267
2375
2510
2572
2666
2717
2622
2540
2526
2476
2433
2482
2549
2624
2760
2805
2771
2857
2834
2339
1613
1138
870
573
98
-773
-1868
-2619
-2931
-3174
-3440
-3691
-3982
-4082
-3878
-3748
-3803
-3728
-3445
-2966
-2190
-1413
-960
-604
-140
351
847
1345
1722
2025
2330
2470
2469
2408
2199
1950
1790
1553
1172
838
426
-248
-872
-1323
-1804
-2220
-2473
-2721
-2935
-2980
-2975
-2963
-2767
-2430
-2070
-1626
-1178
-816
-464
-162
74
347
661
990
1357
1679
1817
1897
1998
2012
2064
2197
2244
2223
2256
2299
2239
2232
2336
2406
2508
2689
2868
3006
3170
3239
2843
2130
1591
1290
1016
605
-154
-1251
-2162
-2665
-3133
-3587
-3874
-4130
-4240
-4077
-4021
-4216
-4244
-3973
-3498
-2686
-1801
-1267
-803
-191
358
867
1388
1831
2289
2807
3145
3218
3133
2822
2471
2348
2169
1789
1430
1028
375
-326
-937
-1583
-2087
-2340
-2600
-2889
-3063
-3195
-3309
-3232
-2969
-2665
-2255
-1752
-1355
-1056
-757
-489
-226
100
473
846
1134
1301
1433
1558
1618
1695
1859
1983
2018
2095
2168
2132
2114
2238
2400
2583
2819
3023
3158
3294
3471
3472
3046
2387
1886
1561
1194
633
-268
-1418
-2333
-2839
-3263
-3739
-4128
-4395
-4497
-4374
-4288
-4337
-4255
-3920
-3305
-2426
-1556
-907
-359
233
860
1478
2033
2506
2971
3372
3571
3578
3400
3044
2702
2462
2120
1611
1082
513
-137
-804
-1500
-2143
-2593
-2876
-3109
-3392
-3673
-3838
-3828
-3660
-3417
-3083
-2654
-2199
-1717
-1297
-972
-640
-250
200
677
1097
1344
1481
1652
1836
2018
2190
2306
2384
2439
2501
2538
2533
2549
2599
2733
2875
2955
3075
3173
3203
3303
3397
3154
2523
1861
1312
789
310
-365
-1396
-2387
-3022
-3506
-4009
-4370
-4623
-4750
-4525
-4200
-4063
-3915
-3590
-3088
-2306
-1306
-481
135
832
1498
2054
2596
2997
3280
3593
3836
3858
3690
3320
2773
2313
1880
1272
686
153
-479
-1073
-1580
-2276
-3021
-3377
-3536
-3719
-3770
-3828
-3958
-3858
-3546
-3282
-3003
-2563
-2068
-1526
-917
-505
-291
8
381
769
1191
1542
1723
1882
2073
2155
2170
2204
2248
2369
2543
2624
2573
2524
2519
2532
2645
2790
2860
2948
3036
3085
3115
2911
2304
1598
1053
542
27
-541
-1438
-2476
-3186
-3706
-4248
-4564
-4660
-4692
-4437
-3977
-3722
-3522
-3101
-2552
-1783
-752
156
840
1543
2185
2652
3104
3446
3581
3758
3930
3815
3485
2997
2292
1612
1078
467
-190
-753
-1338
-1908
-2339
-2851
-3466
-3779
-3811
-3833
-3695
-3497
-3525
-3444
-3005
-2619
-2325
-1826
-1314
-902
-330
182
346
515
842
1084
1332
1644
1760
1752
1864
1921
1844
1817
1818
1823
1907
1983
1983
1999
2033
2035
2108
2223
2256
2339
2548
2719
2835
2906
2689
2122
1547
1099
625
159
-362
-1188
-2123
-2771
-3273
-3787
-4039
-4073
-4081
-3807
-3325
-3104
-3001
-2632
-2133
-1538
-665
171
737
1321
1928
2301
2559
2778
2854
2924
3012
2901
2604
2199
1608
987
486
-58
-623
-1021
-1392
-1848
-2205
-2525
-2984
-3333
-3359
-3260
-3118
-2869
-2700
-2652
-2457
-2126
-1846
-1503
-1016
-578
-212
155
360
400
532
775
975
1164
1355
1440
1454
1481
1474
1420
1404
1486
1638
1759
1791
1790
1813
1865
1966
2143
2311
2412
2530
2696
2807
2869
2934
2811
2339
1746
1232
682
93
-481
-1260
-2191
-2891
-3353
-3781
-4020
-4026
-3990
-3775
-3332
-2994
-2765
-2364
-1858
-1283
-504
274
856
1417
1978
2371
2640
2801
2794
2753
2727
2570
2283
1905
1375
765
214
-354
-925
-1368
-1715
-2047
-2302
-2511
-2780
-3056
-3186
-3102
-2887
-2618
-2336
-2104
-1921
-1665
-1333
-1048
-762
-362
18
318
608
782
801
865
1008
1101
1203
1334
1389
1403
1423
1348
1200
1108
1094
1145
1253
1329
1370
1436
1480
1501
1585
1709
1840
2054
2299
2444
2504
2515
2331
1917
1462
1058
620
146
-363
-1041
-1826
-2423
-2831
-3221
-3451
-3446
-3365
-3161
-2757
-2441
-2278
-1966
-1498
-998
-356
345
889
1404
1937
2266
2374
2406
2363
2317
2304
2183
1889
1486
977
421
-104
-654
-1183
-1563
-1837
-2061
-2203
-2367
-2601
-2795
-2890
-2870
-2669
-2376
-2104
-1843
-1605
-1390
-1113
-836
-606
-290
95
411
682
906
948
930
1003
1060
1083
1195
1283
1264
1239
1169
982
826
799
822
883
974
1040
1082
1165
1251
1328
1433
1591
1789
2004
2193
2343
2464
2541
2478
2179
1725
1283
905
530
66
-607
-1417
-2104
-2585
-2982
-3257
-3357
-3356
-3198
-2878
-2629
-2498
-2271
-1909
-1429
-775
-73
487
996
1489
1843
2042
2171
2221
2254
2319
2267
2036
1665
1169
619
115
-395
-869
-1210
-1496
-1789
-2000
-2206
-2451
-2569
-2590
-2623
-2508
-2220
-1983
-1753
-1486
-1309
-1135
-813
-529
-303
27
330
488
642
730
659
660
748
767
824
968
979
925
921
830
701
710
774
825
946
1062
1081
1127
1218
1298
1446
1664
1883
2081
2240
2325
2407
2502
2547
2481
2213
1735
1232
749
187
-445
-1146
-1897
-2499
-2859
-3169
-3419
-3499
-3469
-3311
-2925
-2505
-2163
-1737
-1220
-703
-104
540
1067
1560
2090
2492
2708
2802
2708
2485
2237
1915
1483
1025
529
-32
-592
-1163
-1735
-2155
-2424
-2665
-2803
-2837
-2842
-2777
-2595
-2488
-2416
-2150
-1765
-1401
-977
-588
-373
-131
209
454
615
847
996
1055
1175
1217
1071
918
818
692
629
636
580
516
507
450
362
310
272
297
426
584
737
937
1114
1243
1407
1548
1689
1903
2112
2214
2305
2369
2318
2164
1871
1376
866
465
14
-517
-1110
-1759
-2328
-2630
-2796
-2910
-2865
-2674
-2404
-1988
-1543
-1218
-860
-392
114
636
1165
1559
1845
2115
2271
2250
2121
1865
1515
1161
775
289
-236
-742
-1240
-1667
-2057
-2443
-2717
-2834
-2862
-2785
-2620
-2422
-2159
-1824
-1549
-1349
-1058
-719
-376
-6
298
469
655
890
1018
1064
1123
1128
1078
1072
970
717
487
324
140
14
-13
-61
-97
-62
-36
-60
-16
59
142
270
452
617
803
1031
1214
1367
1469
1549
1649
1776
1837
1843
1835
1811
1797
1737
1460
989
554
194
-120
-423
-789
-1267
-1638
-1764
-1811
-1816
-1716
-1538
-1269
-868
-481
-246
-82
124
325
519
704
799
813
790
722
538
255
-67
-404
-709
-991
-1271
-1539
-1758
-1906
-1965
-1987
-1984
-1903
-1703
-1435
-1149
-824
-501
-184
157
433
520
510
577
672
739
816
784
624
505
463
323
136
32
-52
-131
-116
-153
-343
-498
-546
-550
-504
-354
-223
-107
61
220
297
342
416
536
702
875
1033
1138
1222
1294
1355
1340
1300
1341
1419
1510
1602
1659
1637
1605
1573
1438
1193
942
719
501
289
3
-385
-808
-1128
-1337
-1479
-1558
-1572
-1521
-1410
-1253
-1136
-1109
-1109
-1040
-922
-766
-608
-488
-436
-409
-376
-396
-441
-476
-474
-478
-479
-477
-492
-504
-451
-365
-284
-180
-50
60
140
206
231
241
258
264
229
144
31
-77
-178
-287
-388
-474
-545
-579
-572
-573
-579
-539
-458
-358
-228
-104
-20
51
140
230
303
378
441
508
575
633
670
678
672
688
739
783
832
884
935
991
1093
1182
1238
1299
1378
1457
1524
1589
1612
1605
1572
1483
1250
909
525
153
-213
-578
-973
-1420
-1803
-2056
-2208
-2285
-2247
-2118
-1911
-1636
-1362
-1168
-981
-740
-462
-163
107
332
506
672
796
845
812
741
659
572
460
303
131
-22
-154
-287
-423
-571
-660
-668
-651
-651
-635
-603
-576
-547
-565
-664
-749
-721
-680
-647
-603
-613
-655
-586
-484
-436
-331
-163
-18
139
311
352
353
426
482
508
585
645
670
723
743
693
651
640
632
654
652
614
606
623
603
591
569
495
491
570
590
564
569
520
461
484
489
415
396
413
373
318
227
32
-170
-282
-381
-485
-573
-660
-729
-724
-667
-589
-467
-318
-139
67
231
319
383
418
417
414
404
331
246
194
84
-93
-270
-461
-661
-781
-854
-951
-1026
-1026
-1008
-968
-909
-880
-858
-781
-661
-550
-438
-371
-336
-292
-254
-254
-249
-233
-222
-167
-99
-80
-79
-49
-19
28
125
231
317
420
524
576
610
647
656
635
618
575
521
487
453
382
292
207
140
134
167
198
228
282
344
446
585
684
752
892
1046
1152
1233
1193
965
721
552
332
106
-98
-369
-639
-730
-761
-824
-803
-711
-632
-475
-276
-220
-224
-185
-167
-161
-112
-114
-166
-183
-196
-271
-364
-475
-617
-719
-789
-848
-845
-780
-723
-662
-614
-605
-561
-442
-307
-192
-51
77
184
294
363
341
310
339
389
444
487
478
400
363
381
376
344
343
334
317
352
378
312
240
204
121
19
-70
-204
-359
-430
-488
-584
-659
-705
-759
-766
-737
-721
-686
-585
-452
-319
-178
-51
88
262
427
547
635
697
761
833
865
836
790
731
650
573
476
350
264
226
190
157
134
86
51
50
39
13
-4
-22
-45
-58
-83
-125
-162
-204
-263
-321
-371
-414
-438
-448
-463
-459
-430
-390
-321
-231
-142
-39
62
142
211
268
291
292
302
300
294
282
241
160
87
22
-47
-110
-157
-208
-232
-204
-166
-152
-140
-125
-115
-84
-32
8
49
116
177
215
243
265
260
285
336
380
413
445
457
451
457
466
474
514
565
602
619
622
601
561
519
454
360
232
85
-84
-271
-462
-642
-814
-963
-1075
-1168
-1248
-1282
-1267
-1234
-1177
-1099
-1041
-982
-896
-827
-769
-698
-633
-587
-534
-502
-489
-463
-417
-362
-302
-244
-189
-131
-60
18
112
228
343
450
540
599
646
702
750
790
828
846
853
864
853
811
770
741
714
696
692
698
721
773
833
884
945
1035
1139
1240
1340
1421
1453
1432
1335
1094
762
441
121
-212
-507
-791
-1078
-1262
-1331
-1388
-1395
-1309
-1213
-1121
-990
-925
-937
-920
-893
-892
-862
-809
-795
-783
-765
-800
-840
-838
-848
-841
-797
-760
-697
-575
-470
-387
-269
-153
-43
124
289
383
483
596
641
663
700
682
638
641
640
598
588
595
576
575
595
582
556
562
559
547
544
538
518
481
417
307
181
52
-79
-192
-292
-397
-490
-550
-609
-664
-695
-711
-707
-647
-546
-450
-346
-227
-131
-45
43
98
122
168
218
234
233
211
150
94
60
5
-61
-106
-155
-213
-247
-282
-342
-368
-373
-389
-371
-319
-268
-194
-96
-23
27
83
131
162
208
265
307
350
379
357
314
285
264
267
295
305
314
335
345
342
354
363
371
397
417
393
370
361
339
315
293
244
180
140
101
43
-4
-27
-52
-78
-97
-127
-165
-175
-168
-173
-187
-207
-214
-210
-201
-201
-213
-225
-237
-233
-230
-229
-203
-153
-107
-60
-5
33
72
138
206
252
301
336
337
327
308
269
223
174
97
4
-82
-161
-240
-304
-369
-431
-487
-538
-583
-607
-607
-584
-521
-447
-387
-319
-251
-198
-133
-58
-2
49
106
143
153
160
150
129
118
105
93
93
94
84
74
65
42
23
25
37
60
99
130
153
183
198
205
207
204
196
196
193
175
148
117
80
48
15
-27
-70
-107
-134
-150
-165
-190
-214
-225
-234
-240
-243
-241
-231
-219
-204
-189
-189
-181
-168
-153
-136
-113
-93
-85
-67
-51
-44
-36
-16
-8
-11
-4
-8
-23
-41
-64
-99
-122
-128
-134
-137
-133
-123
-104
-75
-41
4
62
131
202
279
341
388
441
477
498
525
542
545
542
529
496
456
428
392
359
336
312
291
270
246
219
195
171
155
149
145
136
125
105
77
38
-7
-59
-111
-160
-216
-274
-336
-401
-463
-518
-561
-592
-604
-607
-595
-575
-552
-522
-486
-450
-405
-352
-298
-245
-195
-152
-119
-92
-67
-47
-26
-5
20
49
79
98
116
136
157
177
198
227
251
272
290
305
321
339
358
377
398
421
437
451
456
456
459
459
462
464
462
455
440
417
387
352
311
265
212
155
100
31
-47
-131
-224
-312
-397
-472
-538
-593
-640
-675
-704
-724
-727
-717
-693
-654
-607
-562
-517
-475
-451
-428
-414
-400
-382
-367
-351
-339
-327
-311
-300
-287
-265
-236
-194
-148
-91
-30
33
104
181
258
343
431
520
607
680
737
780
804
818
815
800
779
748
715
675
632
591
551
513
478
443
409
375
327
273
208
131
46
-46
-135
-217
-297
-369
-435
-486
-528
-552
-551
-545
-528
-510
-495
-482
-478
-480
-482
-484
-487
-480
-470
-453
-434
-412
-385
-360
-327
-294
-263
-221
-187
-156
-130
-110
-82
-59
-35
1
36
73
108
141
170
191
210
222
231
245
262
284
307
329
359
390
425
461
497
532
562
582
595
596
589
581
566
549
535
523
512
501
491
480
456
426
381
322
252
157
51
-68
-201
-329
-453
-567
-656
-730
-776
-799
-800
-777
-744
-694
-635
-577
-514
-462
-414
-379
-350
-321
-302
-282
-259
-235
-206
-170
-136
-93
-50
-3
47
91
139
183
220
262
284
297
308
301
287
260
222
179
123
70
9
-54
-108
-157
-197
-223
-244
-252
-248
-238
-215
-191
-165
-138
-110
-76
-48
-17
15
43
80
113
148
188
222
255
285
309
336
351
364
378
382
385
392
397
412
418
425
436
433
427
411
383
342
287
219
146
61
-30
-120
-207
-279
-347
-399
-435
-460
-462
-464
-453
-432
-415
-387
-373
-358
-342
-333
-318
-305
-295
-279
-266
-251
-229
-207
-183
-164
-146
-128
-118
-106
-98
-98
-95
-95
-90
-84
-77
-67
-57
-44
-19
2
28
54
78
108
134
159
189
220
249
281
314
351
382
420
458
490
526
560
590
612
619
625
616
589
558
508
445
372
288
202
105
13
-79
-172
-253
-320
-382
-425
-458
-484
-502
-514
-514
-517
-519
-518
-518
-516
-520
-530
-534
-535
-537
-532
-526
-511
-492
-472
-441
-410
-373
-330
-288
-232
-179
-121
-61
1
65
126
187
245
306
362
414
455
491
520
540
553
567
579
582
584
583
579
571
560
544
527
507
484
457
422
375
328
278
226
168
112
64
10
-39
-88
-130
-168
-207
-233
-251
-268
-275
-282
-286
-284
-288
-288
-290
-289
-287
-290
-299
-309
-323
-350
-372
-394
-415
-436
-453
-462
-474
-473
-466
-453
-434
-403
-366
-322
-270
-222
-172
-121
-70
-20
29
78
122
166
204
241
276
309
338
368
401
433
464
494
523
544
564
579
589
599
600
599
590
572
542
505
464
414
364
310
249
183
115
48
-20
-93
-156
-220
-275
-320
-363
-396
-428
-451
-469
-479
-481
-481
-470
-456
-447
-433
-415
-396
-377
-356
-331
-306
-281
-254
-229
-205
-182
-160
-138
-110
-91
-73
-62
-57
-52
-55
-57
-56
-54
-52
-45
-39
-31
-12
2
22
50
84
124
161
201
242
282
321
356
389
417
445
469
484
490
487
479
462
445
424
394
364
330
292
246
200
152
105
58
15
-24
-66
-107
-148
-185
-223
-256
-289
-313
-332
-349
-367
-377
-390
-399
-394
-390
-378
-359
-338
-314
-290
-264
-235
-200
-164
-130
-96
-64
-36
-10
12
30
45
59
75
83
86
91
92
85
79
69
62
57
50
50
52
50
47
45
46
49
55
63
73
89
98
106
113
114
125
139
152
162
174
183
187
187
186
179
176
169
158
145
129
108
84
58
30
-1
-27
-45
-65
-86
-105
-119
-134
-146
-154
-160
-157
-153
-146
-141
-138
-134
-131
-128
-119
-109
-100
-84
-73
-62
-52
-46
-37
-27
-21
-7
5
13
21
23
27
27
33
40
44
49
53
56
54
50
43
38
34
35
34
34
31
27
24
16
6
7
5
8
11
11
15
14
13
12
12
14
17
20
23
24
24
21
17
19
17
21
23
18
21
18
10
5
0
-1
-2
0
-2
-4
-11
-14
-14
-20
-25
-26
-22
-18
-20
-22
-19
-21
-24
-24
-22
-24
-19
-17
-12
-12
-12
-13
-18
-17
-15
-10
-8
-4
-5
-7
-11
-11
-7
-6
-4
0
3
2
4
2
0
6
2
5
7
8
10
7
6
2
1
2
3
4
6
7
7
5
1
0
-1
-2
-2
3
2
1
-2
-4
-6
-8
-5
-5
2
4
1
3
1
-2
-2
-4
-3
0
3
8
7
4
1
0
-3
-1
1
6
5
2
3
-2
-2
-6
-8
-8
-7
-3
0
-1
-4
-10
-9
-7
-3
-2
-2
-4
-5
-5
-8
-10
-8
-6
-3
-2
1
0
-1
0
-2
-1
-2
3
5
10
13
10
12
10
9
10
10
14
14
14
13
9
6
5
2
4
5
3
4
3
1
-3
-7
-7
-6
-6
-1
-2
-3
-4
-8
-8
-10
-9
-7
-8
-6
-4
-5
-5
-5
-7
-11
-13
-8
-3
-3
-3
-3
-3
-5
-4
-4
-3
-1
0
2
2
2
-2
-2
-1
1
2
4
7
5
4
5
2
0
-1
1
7
7
8
8
8
6
6
9
11
12
10
8
9
12
8
7
8
8
6
5
3
3
1
-2
0
-3
-5
-4
-5
-8
-5
-8
-8
-9
-9
-7
-9
-4
