-11
7
-24
22
-18
-33
-10
-8
-16
-8
-33
12
-15
-5
-5
-16
3
-20
19
-17
-2
13
-21
19
12
-47
39
-6
-38
33
-13
-22
35
-13
-20
16
-17
-5
9
-13
15
-1
10
30
-20
32
10
-20
16
25
-12
12
16
-9
19
12
-10
7
35
-20
28
31
-23
19
20
-9
-1
34
-30
11
32
-29
32
-24
-20
33
-35
8
32
-34
16
12
-6
9
14
-7
12
-19
-21
20
-23
26
-3
1
14
16
2
22
6
-11
50
-36
-2
28
-48
10
18
-36
-5
-3
-24
6
-16
8
-30
-23
3
-27
-6
3
-30
7
10
-27
18
-14
-9
11
-30
11
-6
-38
8
-24
-22
30
-36
-5
8
-45
25
4
-14
37
12
1
13
6
37
-3
35
22
-23
44
7
-1
55
4
-16
60
-4
-3
32
-21
-13
24
-13
23
-4
-33
17
-15
-11
-15
-9
-13
-34
-1
-17
-43
7
-29
-2
2
-51
4
-14
-15
-5
-22
-21
14
-19
-6
8
-19
-1
-9
16
-7
1
15
-13
10
19
-22
22
23
-15
16
5
2
19
3
6
14
3
10
9
-10
13
19
-18
23
-13
-13
32
-21
15
20
-16
8
14
-26
30
-12
-3
28
-10
14
7
-7
26
22
-6
21
0
6
31
4
-9
29
-28
26
18
-46
36
-18
-21
25
-39
15
10
-34
25
-4
-32
30
5
-42
39
-2
-17
48
-26
-24
56
-39
-11
51
-62
28
33
-34
38
-6
-13
24
-19
1
7
-19
-8
-14
-7
0
-12
-12
9
-32
-13
27
-43
1
21
-29
3
17
-21
7
10
-16
3
18
-12
13
30
19
9
13
24
-20
41
-3
-23
49
-5
2
52
-23
10
41
-22
39
-5
-9
38
-14
16
9
-2
37
-6
2
44
-35
-7
30
-54
17
-5
-59
10
-12
-32
30
-39
-24
11
-35
-3
-9
-22
-16
-6
-36
-7
-16
-14
-29
-6
-17
-21
-8
-26
-16
-10
-18
-14
14
-11
18
-7
7
28
2
21
13
13
25
2
24
34
-19
29
29
-31
17
-1
-23
18
10
8
-11
17
3
13
19
-5
9
-17
20
6
-7
-14
2
3
5
8
-16
-7
37
-11
19
28
-12
42
17
-4
14
4
6
31
3
6
16
29
21
13
50
4
28
-10
-5
32
24
4
-42
-21
-29
14
4
-32
-18
-11
-27
-27
0
-33
-17
6
-36
20
-6
-48
32
-23
15
30
-33
-7
-56
-69
27
22
-15
4
-17
-2
40
30
29
55
59
22
-27
61
60
45
59
12
48
71
57
22
76
61
52
72
108
117
145
91
73
117
101
69
24
80
31
5
-47
-97
-33
15
51
54
55
44
17
24
36
65
39
39
54
58
31
-90
-108
-48
-24
-16
-109
-184
-174
-200
-122
-87
-109
-111
-177
-121
-32
-99
-106
-119
-147
-49
-57
-146
-92
-86
-66
-66
-185
-103
-43
-115
-158
-219
-162
11
-40
-124
-74
-26
29
13
-78
-49
127
118
1
-71
-109
35
103
19
-10
-79
-42
123
64
20
15
-36
93
229
158
79
12
21
227
231
50
-19
-53
71
212
70
-14
-81
-36
68
19
-5
-1
85
121
31
-89
-51
56
167
87
-44
-93
-79
18
86
-2
-48
-86
-153
-75
-24
-3
-72
-162
-200
-106
-19
-14
-31
-84
-34
29
-4
-25
-36
-38
10
10
36
75
36
-12
-18
87
193
129
-89
-116
14
144
153
-29
-83
83
160
46
82
187
330
350
-15
-132
53
262
366
232
37
-13
26
103
217
171
75
8
62
199
189
23
-28
116
270
267
29
-144
-113
-55
1
-51
-165
-143
-146
-118
-45
-43
-55
-7
36
62
28
-131
-146
-52
-20
-3
-84
-189
-163
-128
-166
-257
-366
-296
-150
9
-60
-326
-401
-247
18
101
24
-113
-67
-2
-75
-160
-162
-22
169
129
-88
-156
-116
-38
1
-13
-34
37
109
51
-42
-50
31
224
282
200
94
39
53
60
72
78
92
81
83
-20
-48
55
85
117
161
98
179
284
88
0
39
238
488
401
-43
-269
-159
95
202
-30
-213
-113
88
20
-213
-371
-269
1
110
22
-233
-276
-156
-12
76
-43
-199
-200
-171
-156
-165
-335
-266
-123
-49
-20
-188
-257
-140
-96
-43
-70
-182
-95
6
34
79
-4
-95
-7
54
81
65
-44
-66
100
210
182
168
116
117
169
93
-1
51
101
125
173
19
-80
-7
-46
24
92
68
222
231
128
78
29
183
393
359
280
157
129
285
172
43
87
106
208
96
-280
-313
-157
0
67
-141
-285
-177
-90
-72
-178
-234
-71
83
79
-48
-148
-102
44
83
50
-26
-137
-187
-151
-84
16
57
45
-45
-77
-45
-31
-4
46
29
25
107
102
96
-15
-93
-25
81
91
-29
-190
-125
79
155
69
-84
-32
123
232
183
54
45
134
188
143
111
172
167
189
116
-68
-67
-69
-68
-3
-2
-11
-10
-63
-53
-31
-75
-14
44
22
22
-53
-64
72
113
140
34
-71
-29
5
30
-68
-124
-88
5
31
-59
-186
-222
-80
-15
-60
-212
-361
-259
-97
29
-13
-162
-159
-104
39
41
-68
-54
40
208
276
151
1
-30
68
173
134
-3
-129
-112
-47
-76
-146
-275
-313
-223
-235
-276
-265
-242
-121
5
45
-10
-23
-10
108
295
328
259
171
124
167
232
201
99
107
169
153
71
-117
-212
-63
77
108
7
-154
-197
-165
-53
7
-3
3
-15
17
97
73
41
62
127
261
282
205
89
123
296
402
399
282
144
96
196
306
358
292
137
31
-50
-20
-23
-154
-187
-178
-177
-184
-336
-465
-372
-225
-102
-150
-347
-462
-416
-253
-106
-99
-216
-234
-244
-156
-133
-298
-342
-328
-251
-203
-307
-461
-439
-281
-135
-119
-269
-368
-298
-73
45
27
-62
-160
-124
39
97
93
48
44
95
211
320
300
352
342
377
478
529
537
549
476
440
441
409
390
318
342
447
479
498
412
265
290
321
329
316
148
26
97
82
69
-16
-215
-238
-108
-42
-31
-182
-365
-344
-317
-248
-279
-412
-429
-371
-342
-319
-431
-549
-490
-449
-402
-411
-519
-544
-538
-532
-517
-536
-519
-413
-356
-359
-429
-458
-343
-154
1
33
-26
-33
54
196
336
354
378
411
487
606
644
658
683
686
770
838
829
792
704
687
686
733
729
628
560
531
563
625
612
527
426
359
423
481
420
248
161
133
207
326
263
115
-28
-52
-13
62
18
-144
-274
-374
-445
-498
-630
-787
-894
-961
-1019
-1133
-1262
-1363
-1448
-1505
-1536
-1570
-1593
-1572
-1565
-1568
-1513
-1482
-1406
-1256
-1170
-1078
-943
-852
-784
-644
-464
-316
-199
-176
-141
-45
84
324
574
688
736
865
1092
1332
1551
1767
1943
2092
2235
2418
2525
2586
2764
2878
2991
3041
2953
2985
3099
3137
3292
3374
3205
3176
3281
3435
3576
3513
3276
2902
2419
1932
1233
383
-394
-1278
-2223
-3377
-4799
-5974
-6744
-7262
-7779
-8431
-9076
-9499
-9558
-9292
-8863
-8438
-7977
-7363
-6563
-5561
-4656
-3763
-2643
-1498
-378
686
1439
2057
2812
3495
4106
4584
4714
4627
4700
4821
4701
4547
4397
4158
3985
3818
3436
3200
3267
3427
3620
3736
3755
4014
4642
5176
5565
6190
6828
7497
8571
8720
7012
5512
5564
5867
5664
4608
1698
-2053
-3731
-3453
-3935
-5342
-6891
-9036
-10487
-10241
-10409
-11544
-11774
-11045
-10205
-9084
-8063
-8001
-7569
-5525
-2951
-929
301
695
892
1675
2805
3596
3868
3607
2976
2342
1575
687
161
-142
-725
-1302
-2223
-3774
-4566
-4354
-4311
-4319
-4015
-4086
-4080
-3067
-1678
-620
670
2211
3345
4512
5982
7024
7896
9273
10481
11249
11954
12395
12577
12979
13577
14229
14422
12714
9546
7509
6900
6103
4779
2181
-2375
-6498
-7848
-8219
-9423
-10746
-12370
-14197
-14538
-13780
-13938
-14285
-13305
-11703
-9999
-8016
-6851
-6597
-5130
-2274
423
2279
3272
3616
4280
5389
6046
6153
6019
5593
4796
3496
1793
213
-833
-1551
-2459
-3767
-5446
-6676
-6693
-6166
-5985
-5858
-5799
-5855
-5284
-4165
-3245
-2345
-1056
359
1669
2883
3846
4852
6363
8059
9350
10016
10163
10321
11097
11916
12304
12803
13006
12729
13240
13481
11097
8044
7317
7217
6077
4423
771
-4737
-7894
-7554
-7652
-9192
-10850
-13389
-15500
-14948
-13909
-14376
-14252
-13012
-11947
-10563
-8810
-8043
-7331
-4969
-1784
641
1922
2376
2846
4133
5950
7449
7932
7178
6070
5181
4024
3051
2781
1905
79
-1650
-3554
-5534
-5833
-4882
-4867
-5694
-6364
-7252
-7708
-6551
-4855
-3981
-3272
-2337
-1654
-759
910
2629
4272
6201
7765
8533
8996
9606
10553
11998
13251
13773
13743
13546
13583
14285
14587
12346
9064
8043
7952
6479
4131
282
-5182
-8322
-7762
-7790
-9995
-12290
-14708
-16462
-15516
-13938
-14428
-14756
-13456
-12087
-10418
-8320
-7334
-6572
-3952
-632
1605
2779
3254
3892
5538
7371
8404
8588
8060
7143
6081
4715
3511
2782
1876
243
-1826
-4298
-6533
-6884
-6004
-6063
-7082
-8149
-9070
-8990
-7510
-5830
-4918
-4405
-3729
-2723
-1352
359
2223
4045
5894
7527
8468
8917
9712
11142
12701
13875
14335
14080
13661
13681
14634
15609
13787
9890
7975
7950
6810
4820
1654
-3902
-8152
-7943
-7691
-10124
-12387
-14368
-16371
-15648
-13834
-14563
-15419
-13935
-12207
-10331
-7784
-6690
-6464
-3997
-432
2138
3940
4684
4813
6260
8308
9301
9521
8999
8021
7387
6387
4701
3171
1282
-1052
-2391
-3696
-6327
-8352
-9022
-10005
-10630
-10085
-10162
-10786
-10191
-9018
-8102
-6709
-5234
-4145
-2553
-452
1445
3244
5056
6852
8698
10262
11502
12632
13569
14384
15296
15746
15643
15609
15740
16258
16483
13851
9586
7988
8146
6831
4684
881
-5457
-9447
-8749
-8657
-10764
-12605
-15060
-17279
-16128
-14390
-14971
-14794
-12898
-11568
-9670
-7337
-6706
-5883
-2692
731
3207
4670
4488
4473
6380
8168
9037
9430
8319
6705
6173
5042
2981
1588
297
-1322
-2504
-4505
-7883
-9949
-9773
-9374
-9072
-9145
-10664
-11712
-10445
-8457
-6979
-5805
-5146
-4469
-2798
-636
1305
2972
4571
6416
8249
9498
10404
11411
12443
13650
14994
15391
14967
14948
15275
16018
16980
15349
11050
8776
9080
8276
6276
3177
-2418
-7233
-7415
-6706
-8661
-11041
-13370
-15785
-15421
-13612
-13893
-14550
-13426
-12148
-10579
-8444
-7403
-6751
-4264
-968
1564
2922
2964
3204
5171
7253
8223
8544
7570
6011
5835
5335
3186
1829
1282
-559
-2497
-4320
-7511
-9639
-8747
-7826
-8666
-9993
-11333
-12018
-10467
-7961
-6875
-6722
-6304
-5316
-3403
-974
924
2379
3963
5868
7809
9086
9843
11174
12843
14118
15101
15433
15006
14984
15819
16727
17346
16397
12596
9144
8975
9153
7355
4538
-28
-5587
-7710
-6807
-7701
-10056
-12038
-14353
-15419
-14198
-13699
-14395
-13657
-12242
-11138
-9554
-8317
-7792
-5946
-2920
-395
1234
1584
1422
2886
5248
6443
6866
6571
5272
4736
4895
3730
2168
1496
325
-1449
-2882
-5008
-7331
-7486
-6579
-6852
-7822
-8930
-9736
-9057
-7265
-5938
-5452
-5185
-4504
-3025
-1192
391
1780
3184
4797
6688
8166
8785
9569
11101
12541
13533
14304
14199
13893
14517
15470
16194
16162
13422
9484
8534
9403
8344
5669
1684
-3941
-7337
-6514
-6280
-8713
-11226
-13598
-15353
-14436
-13118
-13842
-14133
-12903
-11826
-10454
-8878
-8261
-7099
-4333
-1622
276
1130
1060
2062
4533
6183
6685
6705
5704
4899
5312
4946
3408
2513
1521
-426
-2028
-3629
-5758
-6531
-5869
-6211
-7658
-8885
-9567
-9169
-7500
-6092
-5879
-6002
-5484
-4152
-2342
-576
1014
2369
3677
5359
6986
7895
8967
10807
12432
13318
13952
13915
13608
14451
15766
16275
16347
14630
10625
8397
9395
9183
6651
3398
-1573
-6434
-7087
-6130
-7831
-10353
-12326
-14583
-14995
-13598
-13556
-14170
-13203
-11933
-10857
-9542
-8725
-7720
-5291
-2519
-264
1078
1089
1528
3848
5892
6527
6937
6468
5317
5655
6037
4254
2558
1984
589
-1011
-2194
-4575
-6954
-7110
-6541
-7208
-8426
-9353
-9739
-8841
-7101
-6160
-6185
-5855
-4644
-2958
-1159
403
1703
2948
4569
6611
8002
8671
9798
11368
12499
13408
13929
13493
13308
14270
15120
15525
15162
12065
8315
8045
9023
7607
4916
974
-4478
-7160
-5942
-6067
-8535
-10638
-12925
-14515
-13204
-11894
-12695
-12743
-11625
-10894
-9624
-8160
-7487
-6069
-3504
-1245
402
917
752
2097
4532
5775
6196
6095
4767
4200
5209
4804
2801
1548
601
-813
-1763
-3238
-5905
-7343
-6711
-6318
-7064
-8240
-9207
-9014
-7293
-5551
-5181
-5484
-5095
-3685
-1729
125
1471
2392
3689
5595
7319
8270
9112
10403
11745
12759
13278
13022
12767
13456
14385
14980
15084
12957
9061
7545
8694
8416
6080
2665
-2447
-6530
-6252
-5207
-7032
-9518
-11704
-13730
-13365
-11681
-11951
-12673
-11806
-10919
-10072
-8688
-7872
-6984
-4681
-2183
-493
303
136
815
3289
5205
5602
5627
4859
4017
4854
5604
4154
2240
1070
-105
-795
-1469
-3917
-6493
-6809
-6111
-6141
-6934
-8169
-8915
-7980
-5877
-4632
-4895
-5278
-4531
-2827
-802
775
1618
2367
3981
6044
7327
7929
8861
10162
11451
12537
12683
11987
12134
13336
14309
14950
14499
11223
7877
8193
9484
8207
5465
1376
-3847
-6053
-4637
-4774
-7371
-9850
-12211
-13425
-12248
-11499
-12502
-12778
-11965
-11234
-10153
-9160
-8633
-7251
-4757
-2514
-1079
-761
-666
1101
3755
5075
5383
5179
4413
4696
6154
6241
4849
3369
1734
486
334
-476
-2809
-4822
-5564
-6014
-6525
-7105
-7902
-8232
-7419
-6225
-5803
-6043
-5865
-4727
-2964
-1163
75
657
1613
3542
5556
6878
7866
8838
9892
11224
12429
12613
12224
12563
13465
14133
14857
14606
11498
8192
8311
9405
8310
5879
1883
-3385
-5767
-4521
-4535
-6982
-9536
-12107
-13660
-12602
-11699
-12741
-13159
-12358
-11860
-10917
-9622
-8950
-7748
-5294
-2973
-1489
-905
-526
1122
3591
4996
5515
5526
4975
5261
6569
6671
5490
4354
2795
1138
746
290
-1628
-3599
-4894
-6194
-6896
-6908
-7258
-7737
-7656
-7321
-6994
-6419
-5652
-4784
-3635
-2271
-1065
-56
1205
2919
4664
6096
7240
8218
9204
10490
11709
12303
12408
12652
13124
13702
14416
14710
12846
9588
8385
9253
8911
6690
3189
-1526
-4909
-4636
-3967
-5946
-8921
-11557
-13318
-12778
-11587
-12289
-13338
-12994
-12417
-11466
-9960
-9076
-8232
-6129
-3817
-2154
-1078
-604
542
3015
4896
5370
5558
5384
5289
6412
7179
6268
5133
3998
2237
1030
500
-759
-2327
-3642
-5262
-6887
-7649
-7682
-7493
-7306
-7415
-7729
-7531
-6767
-5572
-4208
-3125
-2259
-1239
-28
1491
3374
4990
6159
7287
8485
9601
10571
11575
12331
12573
12868
13493
13900
14366
14392
12101
9225
8980
9642
8286
5819
2338
-2351
-4781
-3817
-3978
-6643
-9470
-11945
-13323
-12614
-11908
-12787
-13466
-13255
-12756
-11469
-10147
-9311
-7967
-5807
-3819
-2116
-1169
-579
1297
3777
4976
5555
6008
5735
6092
7343
7274
6120
5312
4170
2439
1459
567
-1165
-2636
-3785
-5513
-7070
-7716
-7739
-7673
-7600
-7722
-7967
-7717
-6746
-5307
-4044
-3038
-2063
-1055
255
2166
4151
5570
6804
8165
9263
10100
11295
12414
12808
13114
13673
13829
13919
14714
13893
10742
9006
9471
8867
6901
4237
-262
-4440
-4814
-4064
-5966
-8878
-11593
-13868
-13855
-12489
-12689
-13821
-13910
-13569
-12404
-10496
-9243
-8311
-6525
-4397
-2465
-865
-91
1217
3629
5407
6022
6479
6398
6269
7348
7916
6857
5643
4542
2907
1623
793
-924
-2799
-3919
-5291
-6952
-8099
-8649
-8566
-8077
-7691
-7818
-8042
-7716
-6288
-4283
-2740
-1741
-1051
-193
1536
3986
6033
7292
8269
9225
10167
11296
12458
12991
13137
13409
13724
13667
13950
13968
11712
8853
8430
8717
7214
4744
1122
-3445
-5621
-4781
-5224
-7866
-10746
-13283
-14197
-13062
-12254
-13066
-13622
-13488
-12740
-10800
-9095
-8157
-6682
-4590
-2840
-1083
149
1000
2931
5227
6160
6321
6469
6239
6676
7667
7367
5997
4634
3144
1669
781
-380
-2211
-3849
-5205
-6643
-7766
-8405
-8558
-8380
-8052
-7824
-7812
-7583
-6608
-4887
-3278
-2070
-1102
-219
1208
3394
5548
6985
7935
8823
9867
10983
12121
12942
13078
12952
13205
13515
13693
14089
12887
9484
7583
8057
7438
5295
2389
-1998
-5808
-6071
-5424
-7321
-10102
-12583
-14243
-13834
-12624
-12772
-13577
-13453
-12763
-10979
-9071
-7999
-6878
-4959
-2951
-905
816
1523
2749
5001
6508
6874
7223
7081
6886
7689
7885
6568
4908
3402
1958
965
-52
-1970
-4156
-5546
-6620
-7499
-8218
-8803
-8933
-8655
-8081
-7836
-7707
-7036
-5600
-3860
-2424
-1386
-579
708
2800
5106
6741
7635
8500
9646
10873
12016
12866
12932
12728
13076
13624
13710
13776
12714
9537
7503
7994
7523
5358
2387
-1829
-5644
-6242
-5408
-7013
-9799
-12294
-14179
-13911
-12531
-12227
-13014
-13057
-12502
-10969
-9011
-7642
-6451
-4719
-2657
-601
1018
1710
2898
5170
6736
7106
7320
7047
6718
7537
7898
6571
4689
3065
1881
947
-119
-2097
-4576
-5847
-6565
-7302
-8134
-9069
-9307
-8994
-8165
-7519
-7406
-7058
-5799
-4005
-2530
-1308
-406
874
2809
5003
6674
7480
8318
9568
10938
12070
12789
12686
12466
12820
13463
13779
13702
12229
9062
7432
8069
7555
5417
2152
-2260
-5609
-5786
-5112
-7012
-9839
-12257
-13943
-13348
-12060
-12081
-12853
-12664
-12048
-10593
-8743
-7494
-6301
-4471
-2370
-516
802
1525
2866
5188
6670
6873
6948
6756
6622
7440
7706
6400
4622
3046
1859
818
-260
-2019
-4226
-5441
-6362
-7300
-8177
-8752
-8641
-8464
-7976
-7541
-7404
-6833
-5441
-3797
-2657
-1625
-654
809
2711
4633
6119
6987
7950
9233
10589
11592
12148
12311
12525
12833
13250
13543
13476
12130
9309
7794
8081
7471
5593
2348
-2085
-5338
-5580
-4974
-6671
-9419
-12065
-13858
-13239
-11885
-11792
-12556
-12543
-12137
-10769
-8834
-7464
-6224
-4567
-2606
-851
452
1277
2700
4903
6323
6621
6650
6413
6378
7337
7660
6399
4541
2800
1780
1145
338
-1482
-4018
-5508
-6207
-6641
-7162
-7862
-8324
-8582
-8042
-7220
-6840
-6392
-5384
-4086
-3063
-1777
-679
670
2468
4263
5658
6514
7499
8741
10239
11399
11918
11923
12028
12332
12841
13385
13381
12155
9461
7609
7733
7534
6005
2975
-1300
-4729
-5514
-4881
-6064
-8664
-11369
-13227
-12960
-11829
-11537
-12261
-12437
-12041
-10853
-9057
-7809
-6624
-5045
-3052
-1334
-10
900
2146
4239
5906
6422
6391
6319
6302
7001
7463
6483
4858
3296
2282
1392
319
-1320
-3494
-4782
-5534
-6415
-7345
-8067
-8189
-8051
-7537
-7142
-7124
-6632
-5391
-3818
-2784
-1804
-902
362
2196
4044
5509
6373
7323
8538
9831
10826
11494
11775
11919
12165
12280
12470
12693
12374
10356
7815
7061
6944
6026
4007
352
-3698
-5868
-5468
-5582
-7411
-9972
-12416
-13090
-12093
-11084
-11324
-11840
-11874
-11171
-9287
-7673
-6532
-5411
-3733
-1950
-326
808
1633
3214
5029
6004
6099
6022
5827
6117
6924
6623
5234
3428
2009
1230
630
-418
-2619
-4586
-5603
-6274
-6622
-7113
-7698
-8158
-7917
-7100
-6593
-6185
-5563
-4485
-3356
-2065
-875
161
1573
3276
4973
6157
7065
8079
9220
10312
11237
11672
11570
11687
12008
12342
12624
12472
10737
7954
6940
7202
6511
4661
1304
-2748
-5357
-5211
-4895
-6561
-9073
-11512
-12573
-11837
-10848
-10908
-11473
-11496
-11009
-9505
-7913
-6761
-5592
-3941
-2210
-742
363
1153
2612
4537
5705
5845
5694
5544
5689
6426
6447
5377
3706
1965
965
406
-391
-2142
-4149
-5408
-6294
-6698
-6977
-7404
-7767
-7685
-7046
-6572
-6185
-5520
-4379
-3116
-2003
-956
-5
1302
3070
4829
6014
6782
7629
8683
9790
10771
11338
11268
11183
11502
11825
12017
12106
11062
8457
6744
6792
6403
5011
2369
-1435
-4638
-5264
-4668
-5731
-7970
-10402
-11975
-11669
-10612
-10356
-10953
-11212
-10872
-9575
-7880
-6722
-5763
-4405
-2691
-1072
160
919
2041
3811
5160
5529
5390
5212
5347
6009
6182
5218
3557
1795
908
624
-72
-1862
-4126
-5456
-6024
-6088
-6267
-7057
-7765
-7791
-6895
-6013
-5656
-5367
-4603
-3338
-2014
-770
150
1186
2710
4453
5855
6692
7416
8409
9530
10487
11042
10981
10806
11112
11565
11753
11712
10835
8554
6709
6657
6523
5201
2730
-814
-4028
-5034
-4491
-5244
-7391
-9794
-11534
-11547
-10598
-10190
-10674
-11006
-10813
-9856
-8260
-6984
-5975
-4705
-3105
-1610
-380
531
1614
3307
4764
5291
5242
5082
5099
5589
5995
5425
4030
2188
809
291
-125
-1275
-3185
-4886
-6002
-6349
-6223
-6358
-6843
-7211
-6896
-6244
-5591
-4914
-4114
-3100
-2133
-1109
17
1196
2621
4221
5580
6449
7199
8166
9235
10158
10834
11039
10877
10962
11241
11537
11749
11151
8996
6765
6289
6361
5450
3178
-362
-3844
-5194
-4646
-4991
-7014
-9632
-11589
-11731
-10702
-10155
-10652
-11155
-10992
-10013
-8354
-7038
-6178
-5002
-3328
-1687
-446
388
1351
3026
4694
5400
5268
4997
5031
5649
6264
5675
3983
2063
979
775
411
-977
-3328
-5118
-5697
-5513
-5413
-6143
-7110
-7455
-6687
-5524
-4983
-4905
-4548
-3456
-2118
-831
166
1007
2230
3850
5420
6325
6874
7745
8943
9975
10520
10556
10358
10564
11106
11549
11528
10703
8737
6733
6353
6426
5430
3168
-160
-3332
-4797
-4540
-4944
-6801
-9123
-11043
-11461
-10700
-10188
-10508
-10781
-10573
-9937
-8581
-7252
-6173
-4898
-3319
-1856
-774
128
1195
2851
4429
5107
5064
4890
4918
5376
5925
5459
4052
2353
1148
695
198
-891
-2802
-4475
-5295
-5532
-5543
-6017
-6588
-6857
-6513
-5761
-5255
-4877
-4311
-3255
-2202
-1217
-207
883
2284
3743
5110
5986
6605
7569
8809
9878
10333
10339
10213
10464
11001
11455
11551
10831
8991
6928
6386
6498
5729
3730
380
-3015
-4775
-4593
-4740
-6417
-8717
-10873
-11551
-10770
-10067
-10316
-10741
-10645
-10122
-8825
-7455
-6348
-5192
-3718
-2118
-961
-44
960
2540
4184
5018
5133
4908
4832
5241
5912
5665
4409
2725
1271
702
334
-474
-2225
-4141
-5243
-5729
-5681
-5856
-6343
-6806
-6760
-6086
-5430
-4884
-4373
-3483
-2498
-1530
-449
600
1929
3307
4709
5780
6439
7297
8395
9552
10236
10402
10265
10358
10783
11261
11630
11214
9511
7248
6407
6674
6218
4581
1345
-2355
-4506
-4475
-4313
-5754
-8089
-10468
-11518
-10894
-10062
-10142
-10669
-10733
-10342
-9154
-7736
-6605
-5462
-4040
-2420
-1208
-304
619
2048
3795
4799
5034
4859
4699
4967
5688
5750
4712
3151
1578
723
284
-344
-1764
-3627
-4904
-5681
-5944
-6049
-6286
-6584
-6665
-6230
-5746
-5286
-4643
-3595
-2506
-1653
-692
320
1662
3165
4645
5794
6475
7315
8364
9495
10248
10536
10560
10628
10937
11253
11526
11301
9882
7631
6450
6546
6096
4592
1619
-2110
-4555
-4773
-4447
-5683
-8004
-10432
-11649
-11073
-10018
-9914
-10538
-10696
-10359
-9111
-7554
-6401
-5351
-4057
-2503
-1189
-192
674
1993
3717
4789
4988
4807
4640
4854
5556
5679
4630
3030
1478
610
153
-507
-1865
-3716
-4912
-5550
-5859
-5993
-6223
-6437
-6411
-5925
-5425
-5067
-4547
-3507
-2337
-1488
-548
396
1601
3057
4534
5707
6393
7212
8195
9181
9920
10299
10391
10480
10678
10842
11017
10988
9984
7855
6327
6176
5847
4614
2131
-1462
-4256
-4918
-4523
-5327
-7400
-9879
-11461
-11160
-10100
-9734
-10307
-10620
-10448
-9363
-7713
-6490
-5488
-4307
-2786
-1380
-255
558
1666
3359
4624
4987
4794
4561
4627
5289
5667
4906
3429
1735
659
284
-193
-1365
-3204
-4690
-5481
-5794
-5798
-5992
-6365
-6516
-6147
-5552
-5072
-4575
-3721
-2570
-1667
-741
198
1338
2776
4291
5594
6274
6980
7914
8977
9870
10295
10338
10281
10494
10799
10946
10937
10198
8211
6397
6035
5903
4864
2687
-709
-3766
-4946
-4633
-5038
-6871
-9234
-11068
-11144
-10230
-9666
-10095
-10474
-10326
-9518
-7964
-6674
-5674
-4581
-3085
-1639
-464
405
1367
2921
4288
4936
4891
4665
4702
5158
5548
5045
3845
2265
906
321
-112
-1083
-2700
-4273
-5277
-5818
-5849
-5829
-6176
-6444
-6187
-5643
-5102
-4533
-3828
-2776
-1809
-867
102
1058
2328
3743
5183
6076
6695
7471
8355
9280
9956
10190
10047
10073
10363
10568
10705
10425
8750
6541
5702
5743
5152
3501
417
-3009
-4875
-4785
-4672
-6071
-8281
-10397
-11039
-10312
-9550
-9694
-10141
-10090
-9515
-8187
-6880
-5850
-4800
-3368
-1875
-658
202
990
2438
3923
4782
4961
4686
4560
4958
5462
5154
4162
2789
1302
439
3
-747
-2154
-3697
-4914
-5744
-6000
-5917
-6088
-6397
-6312
-5922
-5411
-4809
-4138
-3197
-2206
-1265
-193
767
1900
3306
4776
5859
6575
7340
8163
9039
9820
10260
10084
9861
10116
10469
10601
10547
9334
6905
5452
5502
5325
4094
1434
-2190
-4776
-5153
-4603
-5481
-7573
-9890
-11152
-10692
-9689
-9439
-9982
-10150
-9774
-8563
-7128
-6034
-5049
-3775
-2195
-837
196
818
2008
3662
4781
5190
4976
4604
4726
5386
5523
4706
3363
1743
516
-14
-461
-1536
-3078
-4546
-5697
-6176
-6067
-5930
-6123
-6276
-6065
-5636
-5014
-4267
-3351
-2361
-1500
-560
417
1439
2790
4354
5591
6331
7009
7756
8578
9405
10083
10170
9819
9812
10150
10261
10302
10016
8220
5986
5284
5302
4525
2837
-94
-3421
-5203
-5032
-5074
-6564
-8589
-10459
-11005
-10314
-9588
-9767
-10129
-9912
-9148
-7794
-6579
-5577
-4524
-3046
-1535
-281
514
1244
2698
4061
4778
4946
4778
4602
4914
5327
4939
3913
2609
1353
422
-310
-1237
-2519
-3756
-4763
-5631
-6178
-6365
-6332
-6189
-5887
-5550
-5356
-4934
-4014
-2784
-1678
-809
40
897
2076
3639
5109
6079
6785
7532
8276
9008
9706
10169
10084
9911
10000
10025
9955
10098
9404
7154
5288
4985
4736
3734
1793
-1557
-4652
-5604
-5084
-5597
-7335
-9411
-10971
-10939
-9959
-9372
-9799
-10019
-9638
-8522
-7039
-5883
-4948
-3867
-2285
-795
346
984
1906
3338
4454
4986
4960
4663
4587
5061
5249
4491
3165
1803
798
68
-762
-2003
-3424
-4483
-5205
-5809
-6310
-6570
-6471
-6096
-5574
-5250
-5113
-4577
-3483
-2163
-1051
-225
476
1368
2857
4502
5721
6480
7125
7915
8787
9563
10088
10190
10010
9990
10084
9974
9975
9906
8466
6105
4864
4701
4157
2951
393
-3190
-5545
-5658
-5369
-6403
-8240
-10270
-11295
-10755
-9752
-9570
-9947
-9869
-9237
-7894
-6496
-5426
-4455
-3052
-1402
-61
815
1474
2656
4019
4951
5272
5028
4659
4760
5174
5000
4065
2695
1311
241
-507
-1321
-2469
-3705
-4819
-5659
-6217
-6410
-6277
-6024
-5727
-5461
-5233
-4786
-3885
-2699
-1479
-491
249
1027
2179
3800
5222
6212
6877
7501
8237
9036
9757
10048
9876
9681
9763
9804
9724
9779
9010
6887
5026
4599
4358
3427
1524
-1752
-4773
-5696
-5295
-5798
-7438
-9405
-10914
-10843
-9804
-9290
-9667
-9860
-9362
-8198
-6707
-5609
-4775
-3680
-2042
-492
523
1117
1989
3361
4504
5012
4891
4463
4392
4856
5028
4323
3093
1656
446
-255
-825
-1867
-3188
-4421
-5350
-5894
-6105
-6112
-6037
-5836
-5523
-5167
-4753
-4127
-3182
-2034
-878
25
777
1633
3003
4568
5808
6661
7220
7837
8551
9421
10048
10025
9704
9631
9773
9667
9710
9489
7944
5780
4665
4420
3760
2483
-23
-3320
-5437
-5648
-5643
-6686
-8307
-10077
-10965
-10457
-9664
-9523
-9715
-9467
-8751
-7519
-6262
-5252
-4210
-2785
-1180
67
834
1543
2755
4064
4859
5099
4825
4569
4736
5008
4657
3716
2523
1166
63
-674
-1554
-2711
-3819
-4806
-5660
-6233
-6401
-6266
-5946
-5596
-5329
-5066
-4605
-3742
-2558
-1307
-338
402
1220
2401
3947
5318
6355
7016
7656
8343
9087
9811
10091
9906
9705
9808
9740
9590
9639
8773
6707
4948
4459
4035
3038
1107
-2054
-4915
-5864
-5611
-6159
-7688
-9581
-11012
-10912
-9956
-9434
-9680
-9765
-9254
-8079
-6572
-5449
-4533
-3371
-1773
-252
805
1506
2380
3701
4756
5208
5066
4690
4671
5014
5091
4259
2885
1391
296
-241
-831
-2032
-3620
-4857
-5514
-5748
-5858
-6135
-6334
-6164
-5573
-4922
-4426
-3989
-3240
-2022
-741
249
1023
1944
3282
4771
6040
6743
7237
7963
8863
9710
10106
9903
9496
9542
9837
9817
9700
9054
7252
5223
4483
4346
3477
1753
-1028
-4077
-5733
-5713
-5854
-7129
-8881
-10495
-11032
-10396
-9648
-9571
-9678
-9298
-8483
-7179
-5947
-4883
-3722
-2232
-709
405
1221
2045
3286
4482
5065
5091
4833
4753
4915
5080
4552
3381
2041
835
-21
-751
-1722
-3053
-4265
-5063
-5646
-6014
-6251
-6257
-6005
-5547
-5080
-4734
-4249
-3471
-2296
-1066
-94
690
1613
2883
4291
5591
6507
7087
7805
8653
9415
9882
9996
9723
9602
9793
9760
9626
9393
8132
5958
4529
4281
3817
2499
31
-3146
-5514
-5947
-5717
-6553
-8311
-10158
-11099
-10666
-9724
-9393
-9688
-9577
-8832
-7524
-6213
-5156
-4162
-2857
-1233
129
999
1654
2688
3998
4880
5107
4799
4526
4640
4993
4843
3881
2500
1034
16
-524
-1133
-2320
-3836
-5061
-5789
-6003
-5956
-5961
-6084
-6010
-5545
-4927
-4228
-3578
-2787
-1726
-586
420
1329
2420
3717
5099
6280
6988
7544
8258
9107
9826
10164
9951
9558
9576
9726
9686
9599
8910
6946
4919
4250
4040
3216
1367
-1609
-4554
-5923
-5781
-5994
-7272
-9158
-10642
-10856
-10077
-9415
-9512
-9618
-9183
-8149
-6867
-5778
-4751
-3577
-2023
-489
612
1230
2053
3364
4505
5056
5020
4710
4590
4840
4967
4369
3323
1950
599
-340
-970
-1800
-2977
-4279
-5413
-6162
-6367
-6127
-5940
-5911
-5746
-5424
-4845
-4066
-3152
-2094
-993
-46
803
1713
2975
4450
5861
6806
7304
7777
8503
9392
10139
10290
9801
9436
9487
9575
9626
9500
8165
5821
4323
4117
3747
2496
55
-3159
-5472
-5932
-5780
-6643
-8348
-10081
-10863
-10446
-9639
-9487
-9788
-9473
-8506
-7214
-6156
-5246
-4285
-2848
-1089
340
1046
1489
2536
3918
4814
4989
4704
4434
4550
4877
4620
3612
2347
1092
148
-503
-1236
-2419
-3784
-4896
-5603
-5972
-5986
-5889
-5983
-5902
-5509
-4924
-4240
-3467
-2590
-1571
-555
389
1337
2393
3725
5018
6119
6824
7404
8107
8890
9607
10022
9818
9383
9340
9509
9468
9370
8939
7158
4966
4027
3959
3313
1839
-882
-4047
-5842
-5822
-5710
-6828
-8545
-10146
-10730
-10120
-9270
-9199
-9378
-8900
-7986
-6827
-5776
-4765
-3699
-2183
-556
576
1109
1737
2934
4180
4832
4878
4506
4221
4388
4613
4216
3215
1872
441
-456
-894
-1536
-2778
-4240
-5401
-5975
-5994
-5759
-5825
-6093
-5906
-5304
-4559
-3895
-3263
-2402
-1225
-69
891
1665
2673
4089
5544
6660
7175
7536
8145
9067
9907
10126
9570
9045
9112
9359
9335
9173
8359
6333
4532
3959
3666
2772
1211
-1528
-4348
-5773
-5795
-6073
-7163
-8570
-9913
-10366
-9894
-9306
-9188
-8958
-8304
-7504
-6567
-5610
-4532
-3279
-1641
-198
673
1159
1903
3098
4225
4836
4863
4429
4219
4400
4461
3966
3010
1630
257
-493
-1040
-1923
-3183
-4459
-5396
-5816
-5885
-5863
-6055
-6045
-5536
-4900
-4339
-3848
-3236
-2146
-793
301
1116
1798
2867
4353
5804
6773
7205
7575
8241
9140
9716
9686
9208
8948
9052
9040
8811
8635
7806
5916
4299
3506
2916
2204
806
-1984
-4773
-6217
-6226
-6311
-7087
-8533
-10039
-10434
-9889
-9110
-8746
-8466
-8049
-7282
-6215
-5164
-4027
-2774
-1166
159
1007
1489
2162
3274
4344
4918
4867
4405
4115
4089
3917
3357
2579
1582
357
-846
-1949
-2787
-3312
-3740
-4587
-5713
-6524
-6479
-5753
-4950
-4523
-4623
-4696
-4047
-2732
-1187
-42
637
1269
2117
3325
4747
5984
6834
7493
7970
8323
8796
9267
9511
9423
9190
8878
8470
8324
8467
7661
5533
3753
3008
2617
1999
289
-2874
-5506
-6333
-5977
-6228
-7477
-9166
-10367
-10113
-9231
-8659
-8710
-8531
-7845
-6730
-5519
-4646
-3681
-2431
-727
581
1301
1674
2325
3530
4622
5020
4713
4197
3966
4053
3976
3269
2222
1123
-40
-1108
-2077
-2926
-3639
-4193
-4982
-5923
-6589
-6555
-5925
-5226
-4697
-4632
-4600
-3955
-2667
-1100
115
860
1430
2248
3488
5042
6276
6978
7513
7925
8351
8906
9354
9462
9287
9051
8726
8282
8060
8141
7462
5463
3572
2655
2194
1685
290
-2651
-5387
-6462
-6231
-6279
-7207
-8693
-10018
-10053
-9206
-8437
-8284
-8068
-7461
-6511
-5339
-4363
-3295
-2110
-565
696
1430
1837
2414
3486
4482
4872
4672
4186
3841
3859
3884
3355
2389
1213
-216
-1396
-2060
-2536
-3258
-4162
-5385
-6468
-6788
-6325
-5587
-5296
-5191
-5212
-4917
-3873
-2509
-1208
-243
504
1145
2139
3425
4942
6191
6943
7472
7746
8197
8910
9522
9651
9310
8731
8320
8216
8216
8208
7465
5355
3252
2465
2255
1778
405
-2448
-5298
-6539
-6380
-6300
-7109
-8455
-9825
-10149
-9400
-8549
-8225
-7917
-7285
-6497
-5458
-4440
-3236
-1976
-451
851
1546
1905
2442
3521
4581
5033
4866
4339
3820
3822
3956
3525
2603
1434
-62
-1403
-2015
-2415
-3086
-3966
-5200
-6384
-6817
-6358
-5453
-5073
-5012
-5029
-4832
-3828
-2390
-1093
-148
627
1227
2176
3315
4673
5986
6845
7485
7759
7957
8420
9064
9409
9238
8586
7937
7677
7638
7716
7412
5696
3242
2008
1864
1634
712
-1680
-4763
-6565
-6645
-6249
-6760
-7970
-9386
-10057
-9419
-8432
-8003
-7760
-7130
-6425
-5444
-4413
-3313
-2218
-824
657
1496
1824
2170
3049
4120
4791
4762
4306
3701
3545
3709
3367
2497
1472
314
-1011
-1875
-2460
-3173
-3805
-4575
-5680
-6443
-6485
-5758
-5003
-4638
-4496
-4512
-3977
-2669
-1215
-67
832
1332
2027
3094
4391
5790
6780
7373
7722
7899
8170
8723
9117
9038
8493
7842
7405
7171
7079
6985
5931
3627
1894
1466
1309
773
-917
-3894
-6206
-6783
-6296
-6329
-7289
-8712
-9726
-9383
-8269
-7562
-7411
-6968
-6383
-5460
-4319
-3234
-2309
-1172
309
1370
1867
2106
2713
3659
4542
4728
4292
3594
3237
3457
3402
2667
1502
308
-891
-1724
-2189
-2888
-3740
-4516
-5484
-6165
-6236
-5739
-5100
-4743
-4547
-4403
-3919
-2756
-1371
-267
660
1269
1953
2997
4220
5468
6522
7144
7541
7794
7960
8414
8823
8822
8326
7691
7199
6921
6746
6572
5978
4091
2058
1249
1056
643
-448
-2880
-5423
-6606
-6473
-6190
-6764
-7904
-9031
-9159
-8357
-7520
-7198
-6811
-6212
-5464
-4405
-3357
-2411
-1393
-30
1129
1777
2060
2466
3261
4161
4545
4233
3662
3207
3253
3299
2752
1656
606
-380
-1396
-2092
-2728
-3512
-4116
-4840
-5695
-6107
-5887
-5156
-4547
-4304
-4191
-3952
-3066
-1666
-418
554
1199
1745
2628
3872
5079
6163
6827
7179
7506
7718
8075
8446
8494
8123
7571
7101
6770
6531
6256
5996
4772
2624
1233
910
721
102
-1646
-4403
-6339
-6716
-6151
-6198
-7131
-8423
-9178
-8643
-7604
-6911
-6664
-6219
-5649
-4701
-3561
-2588
-1670
-579
703
1505
1899
2110
2682
3610
4284
4201
3665
3080
2850
2993
2786
1908
798
-153
-1251
-2120
-2639
-3214
-3838
-4458
-5370
-6032
-5976
-5280
-4456
-4213
-4089
-3906
-3230
-1895
-613
371
1115
1772
2468
3585
4701
5785
6636
7140
7444
7531
7695
8055
8335
8180
7606
6900
6417
6229
6080
5919
5275
3336
1444
848
853
557
-502
-2923
-5430
-6535
-6239
-5782
-6324
-7403
-8545
-8639
-7789
-6903
-6503
-6121
-5518
-4893
-3915
-3002
-2079
-1129
180
1183
1666
1861
2202
3046
3899
4139
3766
3215
2736
2728
2710
2173
1113
162
-871
-1916
-2523
-3008
-3630
-4222
-4970
-5842
-6082
-5664
-4799
-4320
-4181
-4008
-3645
-2502
-1109
50
814
1455
2071
3123
4354
5419
6302
6856
7257
7512
7643
7849
8139
8143
7779
7144
6527
6094
5877
5725
5556
4307
2116
790
574
555
166
-1451
-4186
-6209
-6627
-5848
-5608
-6367
-7682
-8551
-8161
-7128
-6270
-5977
-5549
-5086
-4273
-3278
-2336
-1557
-514
726
1514
1828
1923
2394
3284
3957
3898
3369
2613
2375
2567
2494
1602
361
-703
-1533
-1898
-2313
-3192
-4201
-4809
-5178
-5243
-5171
-4953
-4659
-4341
-3677
-3143
-2522
-1652
-607
439
1378
2046
2769
3755
4831
5874
6583
6922
7132
7364
7619
7941
7924
7564
7000
6559
6252
5967
5614
5272
4562
2764
1163
678
566
182
-957
-3307
-5607
-6500
-5981
-5456
-5994
-7209
-8332
-8324
-7389
-6317
-5883
-5643
-5228
-4576
-3608
-2574
-1670
-810
326
1218
1627
1805
2209
2983
3703
3788
3419
2798
2365
2377
2328
1777
803
-104
-1114
-2009
-2596
-3054
-3595
-4098
-4738
-5467
-5708
-5331
-4492
-3948
-3628
-3434
-3126
-2185
-882
280
1140
1732
2314
3217
4292
5325
6153
6702
7009
7240
7294
7418
7589
7616
7350
6763
6187
5697
5478
5420
5250
3894
1822
762
703
736
121
-1844
-4477
-5983
-5839
-5082
-5278
-6413
-7719
-8109
-7361
-6306
-5811
-5773
-5392
-4712
-3821
-2989
-2242
-1523
-418
802
1432
1535
1641
2294
3237
3702
3473
2853
2233
2201
2386
2120
1208
196
-830
-1758
-2210
-2522
-3076
-3882
-4657
-5373
-5511
-5126
-4447
-4126
-4102
-3786
-3286
-2338
-1202
-276
463
1217
1914
2739
3675
4660
5575
6270
6659
6824
6879
7037
7438
7602
7342
6609
5986
5685
5585
5494
5297
4426
2487
1043
768
803
500
-761
-3145
-5194
-5858
-5328
-4979
-5536
-6662
-7615
-7476
-6629
-5791
-5442
-5101
-4609
-4009
-3270
-2460
-1631
-705
504
1337
1600
1651
2049
2863
3585
3654
3220
2560
2202
2264
2163
1557
646
-275
-1371
-2129
-2509
-2916
-3563
-4228
-4997
-5530
-5413
-4799
-4168
-4050
-3848
-3500
-2880
-1777
-659
214
986
1613
2227
3082
4070
5099
5945
6428
6587
6593
6646
7078
7462
7384
6765
5983
5608
5494
5462
5344
4837
3177
1383
828
824
685
-95
-2143
-4477
-5690
-5554
-5016
-5253
-6147
-7280
-7595
-6955
-6101
-5570
-5263
-4815
-4349
-3641
-2828
-1992
-1161
-58
929
1356
1476
1758
2404
3183
3562
3274
2724
2242
2163
2192
1862
1047
119
-913
-1828
-2237
-2558
-3114
-3742
-4418
-5077
-5180
-4749
-4105
-3795
-3670
-3311
-2887
-2007
-890
-8
794
1493
2101
2857
3731
4634
5544
6173
6470
6566
6524
6709
7053
7136
6798
6138
5661
5392
5267
5243
5043
3806
1901
1031
939
872
380
-1415
-3881
-5374
-5462
-4866
-4959
-5877
-7091
-7618
-7057
-6174
-5643
-5519
-5136
-4636
-3863
-3035
-2319
-1559
-477
697
1283
1406
1536
2172
3037
3618
3437
2862
2383
2246
2379
2153
1321
277
-537
-1306
-1936
-2463
-3109
-3656
-4014
-4564
-5052
-5064
-4646
-3931
-3521
-3218
-3066
-2651
-1535
-367
624
1284
1802
2397
3318
4338
5289
6001
6300
6514
6606
6709
6912
7050
6881
6416
5932
5537
5330
5276
5224
4355
2417
1139
938
911
595
-952
-3497
-5289
-5558
-4938
-4820
-5674
-6995
-7709
-7310
-6338
-5631
-5551
-5257
-4776
-4004
-3083
-2348
-1607
-613
579
1285
1481
1542
2085
2954
3633
3608
3025
2470
2199
2366
2331
1608
480
-390
-1042
-1752
-2319
-2943
-3579
-3861
-4298
-4924
-5096
-4871
-4079
-3441
-3174
-3084
-2933
-1943
-632
492
1122
1530
1947
2778
3910
4903
5707
5991
6136
6264
6415
6656
6919
6891
6472
5936
5458
5320
5369
5460
4926
3101
1440
1045
1096
1002
-126
-2629
-4808
-5509
-5053
-4764
-5355
-6672
-7682
-7661
-6864
-6007
-5846
-5613
-5204
-4553
-3616
-2818
-2032
-1131
79
981
1364
1465
1915
2757
3501
3727
3319
2775
2446
2572
2672
2101
1032
117
-492
-1224
-1879
-2503
-3243
-3581
-3956
-4676
-5024
-4931
-4262
-3555
-3309
-3224
-3174
-2365
-1020
164
817
1179
1616
2455
3641
4658
5487
5849
6074
6343
6541
6747
6973
6989
6682
6269
5753
5468
5405
5550
5296
3680
1849
1131
1092
1114
329
-2003
-4447
-5523
-5197
-4766
-5195
-6418
-7603
-7771
-7015
-6118
-5939
-5801
-5369
-4745
-3802
-3044
-2332
-1538
-291
821
1309
1363
1655
2439
3269
3728
3462
2849
2397
2428
2649
2325
1395
361
-493
-1354
-1866
-2196
-2838
-3400
-4068
-4882
-5127
-4786
-4099
-3611
-3598
-3496
-3286
-2480
-1206
-142
529
999
1495
2227
3261
4284
5301
5874
6104
6235
6285
6586
7071
7286
6953
6395
5786
5555
5648
5870
5720
4143
2184
1340
1299
1378
802
-1355
-3949
-5300
-5163
-4665
-4964
-6057
-7354
-7757
-7146
-6314
-6010
-5895
-5440
-4955
-4129
-3368
-2640
-1821
-628
514
1017
1151
1416
2191
3020
3532
3397
2843
2438
2385
2551
2324
1550
576
-294
-1224
-1891
-2208
-2736
-3227
-3861
-4763
-5186
-4924
-4247
-3634
-3562
-3520
-3356
-2702
-1453
-343
413
935
1406
2071
3064
4069
5103
5803
6075
6257
6282
6567
7111
7407
7144
6608
5994
5758
5899
6056
5881
4314
2327
1533
1484
1419
698
-1478
-4006
-5237
-5120
-4794
-5310
-6453
-7618
-7867
-7250
-6600
-6379
-6290
-5648
-4999
-4183
-3476
-2783
-1876
-606
622
1153
1302
1585
2430
3325
3777
3613
3053
2720
2750
2859
2501
1621
673
-114
-879
-1700
-2292
-2888
-3294
-3668
-4509
-5171
-5105
-4524
-3732
-3402
-3450
-3444
-2959
-1717
-431
362
789
1228
1899
2983
4038
4914
5580
5958
6325
6481
6602
6934
7236
7190
6875
6333
5871
5851
6083
6091
4779
2625
1555
1522
1561
1028
-1076
-3850
-5325
-5174
-4650
-5094
-6340
-7703
-8093
-7427
-6640
-6391
-6528
-6043
-5325
-4389
-3617
-2986
-2202
-1011
334
1037
1202
1459
2271
3262
3821
3685
3143
2796
2893
3079
2772
1846
875
35
-676
-1432
-2137
-2751
-3255
-3665
-4428
-5203
-5203
-4638
-3885
-3466
-3526
-3624
-3224
-2068
-689
259
657
990
1592
2585
3797
4792
5482
5885
6175
6366
6550
6886
7204
7235
6970
6501
5959
5764
5990
6179
5234
3171
1747
1443
1482
1264
-329
-3065
-5012
-5320
-4798
-4867
-5745
-7122
-7947
-7617
-6796
-6249
-6235
-5911
-5404
-4589
-3726
-2969
-2189
-1178
86
911
1182
1420
2023
2918
3659
3740
3281
2731
2525
2712
2760
2152
1133
-113
-1092
-1529
-1853
-2331
-3099
-4036
-4813
-5207
-4937
-4372
-4089
-3969
-3861
-3659
-3039
-2076
-1037
-145
481
945
1617
2427
3510
4667
5467
5959
6137
6229
6574
7133
7477
7388
6904
6438
6183
6175
6321
6227
5145
3276
2008
1759
1668
1115
-509
-3055
-4828
-5187
-4881
-5100
-6016
-7240
-7990
-7674
-6951
-6438
-6349
-6005
-5472
-4714
-3829
-2997
-2097
-1075
95
899
1226
1598
2302
3150
3781
3771
3370
2968
2835
2926
2811
2128
1141
137
-600
-1022
-1744
-2651
-3337
-3831
-4191
-4699
-5162
-5151
-4768
-4013
-3430
-3472
-3460
-2854
-1595
-207
670
892
1252
2028
3235
4564
5334
5758
5989
6260
6680
7100
7286
7267
7075
6826
6513
6174
6132
6265
5669
4015
2388
1716
1650
1444
242
-2268
-4507
-5249
-4873
-4697
-5437
-6879
-8043
-7948
-7107
-6353
-6233
-6188
-5882
-5165
-4117
-3187
-2398
-1581
-462
520
1014
1319
1865
2701
3462
3667
3379
2893
2688
2838
2870
2326
1303
295
-380
-777
-1515
-2521
-3309
-3720
-3931
-4444
-5115
-5362
-5048
-4179
-3452
-3498
-3677
-3280
-2031
-504
468
699
950
1692
2961
4392
5221
5605
5829
6242
6802
7234
7345
7224
7102
7039
6862
6436
6158
6238
5969
4638
2932
1958
1703
1631
849
-1384
-3896
-5115
-4915
-4527
-4961
-6331
-7764
-8055
-7327
-6415
-6120
-6170
-6037
-5446
-4371
-3322
-2505
-1802
-798
234
883
1275
1735
2443
3210
3556
3428
2965
2611
2661
2790
2503
1612
471
-489
-1110
-1618
-2126
-2786
-3571
-4292
-4981
-5278
-4996
-4569
-4133
-3960
-4055
-3837
-3112
-1918
-702
83
435
893
1663
2755
4077
5089
5729
5978
6168
6466
6950
7469
7627
7371
6907
6500
6283
6329
6477
6063
4548
2754
1898
1800
1730
865
-1346
-3760
-4981
-4873
-4558
-5002
-6269
-7574
-7897
-7326
-6518
-6189
-6115
-5877
-5321
-4363
-3398
-2512
-1682
-667
303
907
1301
1801
2566
3339
3654
3507
3065
2752
2841
2960
2651
1782
703
-178
-751
-1351
-2014
-2694
-3386
-3938
-4543
-5119
-5163
-4848
-4258
-3802
-3885
-3926
-3509
-2421
-1053
-55
304
536
1204
2302
3714
4746
5325
5615
5913
6361
6839
7256
7396
7268
7015
6682
6389
6318
6419
6206
5011
3246
2151
1916
1907
1265
-765
-3238
-4736
-4801
-4372
-4646
-5951
-7474
-7978
-7418
-6458
-6063
-6215
-6236
-5782
-4679
-3580
-2770
-2169
-1357
-319
520
1066
1486
2074
2834
3335
3379
3046
2713
2786
2961
2758
1972
934
129
-289
-732
-1570
-2530
-3278
-3648
-3854
-4391
-4888
-5012
-4628
-3854
-3506
-3562
-3492
-2832
-1608
-384
312
534
1016
1900
3214
4410
5068
5389
5669
6156
6747
7183
7235
7044
6866
6775
6628
6467
6337
6031
5133
3712
2639
2241
2025
1359
-367
-2592
-4147
-4486
-4265
-4535
-5619
-7034
-7672
-7332
-6530
-6050
-6129
-6150
-5806
-4867
-3783
-2936
-2295
-1560
-592
256
850
1352
1902
2575
3113
3232
3015
2725
2719
2824
2679
2054
1135
296
-259
-695
-1398
-2271
-3030
-3585
-3911
-4399
-4837
-4870
-4617
-4093
-3817
-3847
-3660
-2937
-1799
-747
-75
236
819
1780
2988
4116
4795
5247
5649
6131
6632
7012
7180
7177
7069
6904
6608
6336
6258
6123
5451
4103
2787
2178
1975
1524
171
-1924
-3708
-4371
-4258
-4364
-5170
-6502
-7389
-7333
-6690
-6104
-6058
-6093
-5837
-5076
-4029
-3160
-2499
-1803
-867
56
715
1180
1657
2278
2917
3211
3088
2766
2660
2767
2760
2336
1522
670
70
-273
-804
-1669
-2538
-3160
-3428
-3705
-4182
-4541
-4594
-4197
-3674
-3498
-3495
-3208
-2375
-1239
-273
192
526
1164
2237
3535
4472
4938
5174
5526
6100
6674
6948
6904
6676
6510
6386
6216
6058
5815
5303
4334
3172
2375
1999
1627
752
-834
-2609
-3752
-4031
-4057
-4447
-5402
-6462
-6928
-6705
-6152
-5831
-5796
-5736
-5348
-4579
-3761
-3104
-2528
-1798
-939
-194
317
729
1220
1846
2348
2497
2355
2236
2296
2383
2263
1767
1081
513
196
-79
-651
-1520
-2323
-2699
-2753
-2876
-3279
-3775
-3939
-3622
-3110
-2806
-2728
-2493
-1853
-936
-139
384
832
1520
2538
3562
4250
4570
4852
5328
5918
6320
6347
6119
5936
5929
5920
5728
5369
4942
4402
3644
2821
2162
1695
1230
410
-881
-2233
-3117
-3399
-3474
-3835
-4599
-5410
-5801
-5650
-5238
-4957
-4895
-4837
-4519
-3946
-3310
-2755
-2249
-1670
-1018
-430
-7
335
710
1125
1464
1640
1629
1524
1404
1313
1185
938
535
40
-419
-779
-1107
-1492
-1904
-2271
-2504
-2606
-2641
-2692
-2753
-2716
-2518
-2182
-1764
-1315
-888
-461
39
661
1351
2026
2648
3200
3684
4113
4499
4789
4993
5129
5182
5140
5022
4842
4604
4339
4074
3762
3261
2593
1941
1447
1041
562
-124
-1002
-1815
-2323
-2559
-2783
-3142
-3583
-3937
-4065
-3969
-3814
-3706
-3596
-3395
-3065
-2672
-2294
-1956
-1617
-1219
-780
-405
-147
57
250
420
559
645
658
604
487
333
159
-12
-200
-423
-680
-948
-1195
-1383
-1508
-1594
-1659
-1694
-1700
-1683
-1642
-1522
-1298
-978
-606
-267
1
245
608
1124
1690
2167
2480
2676
2874
3136
3401
3562
3571
3472
3318
3147
2988
2808
2563
2259
1921
1542
1166
879
674
440
118
-250
-588
-818
-933
-1017
-1156
-1320
-1438
-1470
-1429
-1387
-1334
-1279
-1194
-1060
-946
-852
-761
-641
-518
-427
-384
-361
-349
-328
-301
-322
-402
-509
-609
-708
-820
-942
-1073
-1208
-1350
-1477
-1577
-1633
-1662
-1692
-1710
-1680
-1586
-1418
-1241
-1123
-1049
-926
-675
-320
26
264
405
532
763
1102
1455
1718
1858
1927
2010
2128
2250
2303
2267
2159
2010
1852
1674
1490
1275
1016
729
422
120
-116
-299
-452
-612
-797
-963
-1060
-1059
-974
-857
-747
-637
-501
-310
-77
177
440
683
895
1076
1220
1332
1432
1497
1508
1468
1349
1196
1011
807
588
326
42
-273
-600
-898
-1178
-1441
-1680
-1914
-2125
-2286
-2384
-2443
-2469
-2474
-2442
-2321
-2111
-1880
-1687
-1523
-1351
-1078
-685
-260
86
316
493
712
1025
1376
1685
1866
1949
1993
2048
2109
2127
2069
1929
1744
1542
1314
1064
789
502
211
-83
-380
-662
-901
-1106
-1265
-1389
-1485
-1570
-1617
-1589
-1499
-1336
-1139
-937
-743
-552
-310
-11
318
647
927
1139
1321
1502
1684
1850
1956
1997
1965
1887
1788
1656
1486
1278
1042
763
460
144
-176
-488
-775
-1056
-1314
-1544
-1750
-1936
-2089
-2184
-2199
-2136
-2040
-1952
-1886
-1791
-1597
-1314
-965
-636
-379
-157
84
389
736
1072
1339
1535
1681
1813
1920
1988
2021
1991
1900
1765
1580
1351
1108
846
561
262
-56
-380
-686
-951
-1180
-1378
-1560
-1716
-1829
-1879
-1866
-1798
-1675
-1538
-1388
-1210
-1004
-757
-475
-192
79
317
536
742
939
1133
1283
1395
1464
1489
1476
1443
1383
1300
1183
1022
844
657
467
282
84
-123
-322
-491
-620
-748
-886
-1014
-1101
-1118
-1076
-1042
-1040
-1036
-1006
-887
-696
-500
-344
-227
-113
54
274
503
703
849
960
1066
1172
1269
1327
1341
1325
1268
1192
1072
919
750
564
362
147
-99
-357
-584
-790
-971
-1136
-1297
-1439
-1550
-1592
-1586
-1547
-1475
-1395
-1291
-1152
-979
-783
-568
-353
-148
36
207
369
534
694
826
925
975
992
988
990
970
928
855
756
655
547
442
333
209
94
-2
-83
-161
-243
-329
-392
-404
-373
-332
-328
-349
-341
-273
-146
-14
81
135
171
244
367
496
602
664
689
706
727
754
759
746
700
630
547
434
312
183
57
-65
-213
-382
-544
-703
-827
-917
-1005
-1099
-1177
-1232
-1240
-1209
-1157
-1084
-1010
-919
-815
-686
-544
-391
-228
-75
59
162
251
335
444
542
603
616
588
558
546
546
529
474
397
319
266
221
176
127
63
24
12
0
-14
-54
-79
-61
-17
46
71
55
60
100
179
270
347
371
374
398
443
514
577
613
608
585
561
540
517
490
445
368
272
160
45
-63
-168
-260
-367
-485
-602
-711
-797
-848
-888
-929
-959
-973
-955
-913
-849
-762
-667
-568
-462
-360
-246
-116
14
147
248
315
362
402
450
497
522
508
455
383
320
259
209
140
54
-33
-111
-170
-222
-264
-300
-316
-310
-290
-269
-250
-225
-171
-75
19
96
153
196
254
341
448
531
582
606
612
629
663
695
704
683
632
568
506
451
388
322
235
131
19
-87
-187
-275
-350
-427
-498
-574
-639
-688
-712
-715
-697
-680
-654
-620
-577
-507
-422
-329
-234
-153
-82
-13
62
143
216
276
303
308
299
299
292
276
246
182
113
45
-15
-76
-136
-189
-240
-284
-326
-359
-374
-381
-362
-326
-288
-242
-201
-154
-90
-3
102
182
247
301
346
412
489
553
608
626
608
596
606
608
604
577
515
440
368
311
247
176
99
12
-88
-176
-258
-330
-379
-441
-492
-542
-582
-601
-606
-592
-556
-517
-475
-419
-372
-302
-213
-115
-19
60
127
186
249
318
379
423
435
424
408
382
348
311
258
187
112
23
-59
-131
-211
-272
-333
-386
-425
-453
-475
-475
-464
-422
-368
-319
-265
-211
-141
-52
55
155
237
298
356
419
488
562
600
619
615
598
587
571
549
507
442
356
268
184
103
28
-62
-159
-264
-365
-440
-495
-544
-589
-629
-661
-678
-674
-657
-622
-577
-516
-455
-379
-295
-211
-110
-1
104
198
272
346
413
478
533
562
573
568
542
507
469
410
341
263
170
78
-12
-110
-196
-274
-340
-396
-441
-475
-494
-491
-477
-435
-381
-314
-244
-176
-95
-3
96
213
306
374
441
499
558
618
657
667
650
615
576
534
486
427
343
236
135
36
-57
-144
-242
-340
-430
-507
-570
-625
-663
-686
-701
-710
-698
-672
-631
-576
-509
-438
-365
-276
-189
-98
0
91
179
256
324
387
436
477
501
515
511
493
466
424
370
305
233
153
73
-4
-83
-168
-236
-302
-358
-392
-414
-427
-436
-426
-400
-360
-296
-228
-154
-77
-3
81
173
268
358
426
484
529
576
614
635
643
633
598
558
518
460
399
323
232
140
38
-54
-139
-227
-320
-402
-473
-541
-587
-623
-652
-670
-680
-673
-656
-619
-567
-515
-449
-383
-310
-221
-138
-50
37
115
191
269
333
391
439
463
484
489
479
465
438
398
349
281
211
144
79
11
-67
-134
-204
-254
-298
-338
-353
-362
-368
-355
-334
-298
-246
-193
-131
-74
-3
81
158
229
302
355
407
459
496
530
553
553
535
517
488
452
405
353
282
201
127
49
-25
-105
-186
-272
-343
-403
-461
-505
-537
-570
-594
-608
-606
-590
-558
-518
-481
-440
-381
-312
-236
-157
-88
-18
42
108
179
243
292
329
349
358
377
383
377
362
326
284
235
192
148
99
44
-19
-78
-126
-157
-180
-204
-231
-246
-252
-235
-208
-177
-152
-113
-75
-36
18
73
133
179
220
250
284
330
360
378
386
379
361
352
340
321
286
237
185
131
87
36
-15
-62
-128
-187
-232
-271
-303
-327
-358
-386
-409
-417
-408
-385
-368
-364
-351
-325
-282
-240
-195
-155
-126
-91
-57
-11
30
66
97
110
125
140
166
184
189
184
168
157
150
148
140
119
91
67
44
36
29
22
14
-9
-20
-16
-10
10
26
33
34
39
60
92
121
136
140
141
147
162
175
183
182
165
146
131
121
113
96
64
26
-8
-36
-56
-83
-104
-128
-155
-174
-193
-196
-187
-195
-201
-206
-203
-189
-167
-146
-137
-134
-125
-103
-77
-56
-39
-38
-31
-31
-19
-9
0
8
-1
-14
-20
-23
-17
-11
-19
-27
-38
-34
-19
-10
0
5
1
9
33
52
77
103
118
129
144
174
199
217
233
239
237
244
253
263
258
244
226
197
177
168
149
118
79
29
-12
-39
-69
-94
-123
-169
-203
-230
-244
-250
-262
-272
-281
-287
-274
-254
-237
-216
-197
-179
-154
-123
-87
-49
-23
0
14
36
63
94
110
115
113
103
106
104
101
86
62
33
12
3
-17
-30
-46
-68
-82
-94
-101
-94
-90
-93
-87
-70
-51
-20
8
41
62
87
119
148
186
216
239
253
267
280
289
294
289
278
257
230
198
168
142
113
69
18
-26
-68
-110
-147
-186
-223
-260
-285
-309
-321
-332
-344
-349
-347
-335
-319
-299
-266
-240
-216
-184
-148
-109
-63
-26
6
39
73
107
138
170
187
195
206
216
218
219
210
193
180
156
129
108
82
60
29
-2
-31
-55
-68
-91
-106
-113
-122
-118
-109
-92
-75
-56
-29
-1
22
56
88
112
140
166
190
210
227
233
238
236
225
212
193
169
145
115
73
40
-2
-40
-74
-113
-151
-188
-221
-251
-271
-287
-301
-316
-315
-309
-300
-286
-273
-251
-228
-194
-162
-128
-92
-56
-21
13
48
81
113
139
161
174
191
206
213
212
209
198
187
179
156
136
113
87
63
39
13
-10
-35
-52
-66
-77
-87
-92
-92
-86
-81
-72
-56
-33
-6
13
35
63
92
111
135
159
173
189
200
201
202
195
187
178
152
133
111
87
55
22
-7
-42
-74
-106
-136
-162
-186
-207
-230
-239
-255
-269
-266
-275
-270
-262
-252
-246
-230
-207
-192
-166
-143
-121
-96
-66
-40
-16
10
32
53
71
90
109
120
133
142
147
156
155
156
161
154
149
149
137
132
127
113
107
101
93
95
90
94
93
90
95
94
95
102
107
106
108
107
106
110
104
103
92
81
73
54
35
16
-2
-21
-40
-72
-101
-124
-142
-155
-175
-196
-211
-218
-225
-229
-234
-238
-238
-233
-226
-219
-209
-191
-173
-165
-146
-133
-124
-115
-102
-83
-74
-68
-52
-47
-37
-23
-16
0
12
23
39
50
65
80
95
112
131
141
155
172
187
196
211
219
223
230
237
244
246
255
250
252
248
241
240
229
218
206
191
177
153
125
101
74
43
12
-29
-71
-107
-142
-177
-215
-250
-277
-299
-321
-329
-340
-341
-334
-317
-298
-281
-255
-223
-192
-160
-126
-94
-60
-29
1
17
34
47
60
64
64
60
51
47
35
21
9
-2
-16
-26
-35
-40
-42
-44
-44
-40
-29
-25
-14
9
23
36
56
75
97
119
139
159
175
201
215
226
244
253
260
271
270
273
270
259
244
227
205
179
155
118
82
42
3
-36
-75
-115
-152
-186
-220
-245
-268
-285
-294
-299
-299
-293
-276
-264
-244
-221
-198
-170
-139
-109
-86
-56
-37
-12
10
32
59
67
81
89
91
96
96
92
82
77
69
52
33
19
8
-11
-18
-36
-53
-64
-67
-70
-73
-71
-72
-61
-51
-37
-22
-2
20
43
65
91
117
138
158
175
193
207
217
219
219
215
215
204
186
171
150
125
99
70
40
14
-13
-47
-76
-101
-125
-149
-169
-189
-203
-204
-208
-218
-216
-209
-209
-195
-186
-181
-164
-150
-131
-116
-100
-85
-71
-54
-42
-26
-14
-8
2
11
13
10
13
5
-4
-12
-25
-40
-54
-64
-80
-102
-118
-131
-136
-140
-141
-136
-133
-119
-102
-77
-41
-14
23
61
96
135
166
204
241
270
294
314
332
342
347
339
335
319
301
283
257
233
201
167
141
103
65
34
-1
-27
-56
-92
-114
-133
-151
-159
-162
-167
-173
-167
-153
-137
-121
-104
-88
-67
-46
-20
-3
10
30
40
53
57
55
52
49
41
32
21
8
-4
-20
-39
-57
-69
-88
-100
-112
-125
-131
-137
-139
-136
-140
-137
-130
-127
-114
-99
-80
-56
-35
-9
16
38
63
92
112
132
149
168
183
190
191
193
183
176
173
147
126
103
75
51
21
-6
-28
-56
-83
-106
-126
-143
-159
-173
-185
-191
-192
-190
-186
-179
-164
-151
-128
-105
-85
-55
-21
8
38
71
95
124
148
164
177
186
189
187
183
166
149
131
112
91
64
42
16
-5
-21
-39
-58
-72
-81
-88
-95
-98
-102
-95
-88
-78
-71
-61
-49
-39
-24
-15
-1
15
28
35
52
56
64
68
66
69
61
53
42
26
9
-4
-21
-41
-63
-77
-99
-114
-127
-138
-148
-150
-152
-157
-148
-145
-135
-126
-111
-94
-77
-62
-46
-23
-7
19
37
58
80
97
115
128
145
157
163
172
178
176
172
170
162
147
132
116
98
79
62
38
20
0
-17
-30
-43
-51
-54
-62
-59
-56
-61
-54
-47
-40
-31
-21
-18
-6
7
14
23
29
40
44
49
58
60
57
56
50
49
44
30
22
11
1
-16
-42
-54
-67
-79
-88
-102
-114
-118
-120
-122
-119
-108
-95
-91
-71
-50
-37
-18
7
20
37
50
59
73
85
96
101
103
104
102
99
89
84
74
61
45
30
19
5
-2
-18
-26
-33
-41
-49
-60
-63
-64
-66
-64
-68
-64
-57
-51
-40
-33
-22
-14
-7
5
9
22
32
39
48
55
56
57
57
57
61
56
46
46
38
23
11
-4
-13
-27
-37
-44
-57
-72
-73
-75
-82
-81
-79
-75
-73
-62
-53
-38
-24
-17
0
14
29
49
55
64
71
74
81
84
79
72
69
62
58
48
34
24
6
-1
-12
-20
-29
-34
-46
-52
-53
-62
-60
-61
-64
-62
-56
-49
-45
-41
-35
-25
-16
-6
8
19
32
38
43
47
52
59
63
66
63
57
51
42
35
33
19
11
0
-19
-30
-40
-59
-66
-72
-81
-86
-92
-103
-104
-98
-98
-83
-69
-58
-41
-31
-24
-8
5
19
31
42
54
55
63
66
62
65
66
53
54
45
30
34
28
17
16
5
-1
-5
-13
-7
-7
-6
12
15
12
22
16
13
27
24
16
37
35
37
59
50
46
54
56
60
66
64
63
70
72
59
48
42
21
11
-1
-24
-35
-40
-61
-77
-88
-114
-123
-135
-158
-159
-166
-185
-181
-171
-170
-146
-132
-119
-95
-89
-79
-58
-42
-23
-6
12
23
32
56
62
79
99
92
94
109
103
109
128
128
136
139
120
105
84
58
56
49
44
49
31
27
19
-9
3
19
11
49
52
25
55
36
12
60
68
77
132
132
118
130
102
76
75
60
42
48
37
17
11
-13
-34
-47
-70
-96
-125
-156
-170
-197
-216
-215
-237
-241
-225
-235
-223
-189
-186
-171
-138
-138
-135
-103
-102
-92
-52
-41
-35
-7
-5
0
30
43
59
97
110
116
142
142
138
161
161
168
185
170
171
163
139
148
125
107
118
77
65
68
29
31
30
6
31
32
23
36
27
25
34
32
46
56
51
56
50
36
30
25
5
2
0
-23
-29
-39
-55
-52
-61
-61
-65
-78
-81
-107
-129
-137
-175
-182
-184
-212
-200
-206
-224
-193
-177
-175
-126
-95
-76
-34
-16
-12
13
33
39
73
84
88
101
103
106
102
109
116
109
121
118
95
106
91
73
82
53
42
40
15
6
-2
-8
-9
-2
9
8
26
39
41
58
52
44
54
46
52
66
72
77
74
69
44
36
48
41
66
85
55
40
18
-37
-50
-25
-12
-41
-31
-140
-399
-492
-754
-981
-819
-845
-708
-222
-125
167
597
531
764
892
674
708
486
171
12
-297
-387
-392
-366
-41
87
293
526
388
375
230
-107
-209
-374
-504
-402
-356
-206
-31
71
188
166
143
74
-55
-93
-150
-162
-82
-46
53
141
173
249
237
235
231
167
156
126
102
106
91
97
66
34
21
-69
-89
-111
-177
-145
-161
-183
-142
-154
-139
-98
-78
-34
-10
23
32
27
55
34
43
77
37
54
61
-3
17
-3
-40
4
3
-18
20
-2
-36
-7
-50
-60
-35
-51
-30
6
-4
26
32
1
18
-36
-62
-61
-100
-84
-59
-74
-36
-14
-38
-1
-12
-23
-19
-47
-65
-78
-91
-88
-58
-21
33
81
131
151
169
169
142
146
112
91
77
44
32
11
-11
-2
-16
-13
-6
-39
-26
-50
-64
-46
-70
-68
-62
-82
-85
-97
-96
-76
-72
-14
6
15
75
48
27
67
13
0
46
-3
15
63
29
56
93
87
119
144
151
141
134
118
56
39
9
-61
-57
-49
-85
-40
-20
-35
10
11
-15
6
3
-52
-45
-52
-73
-40
-36
-24
-10
3
7
-6
3
26
-15
32
44
-24
54
13
-44
48
-5
-45
103
32
16
106
-9
11
26
-49
-15
-23
-67
-34
-93
-87
-49
-112
-43
-50
-107
-33
-74
-108
-33
-92
-69
20
-28
-15
2
-46
-40
-20
-28
-8
0
10
45
60
102
102
90
123
55
52
109
38
67
107
46
67
22
-125
-211
-312
-329
-317
-288
-182
-151
-31
16
-10
67
92
118
214
233
219
231
122
121
83
-34
82
108
101
205
137
66
132
-39
-55
64
-145
14
78
-75
-9
-1
-69
10
6
-56
20
-50
-54
-29
-4
30
-25
-5
94
-24
58
140
-119
44
104
-52
118
142
-81
51
60
-104
-23
-25
-51
-36
127
-101
-111
-44
-147
-36
-69
-15
38
-81
-77
-51
-215
62
-19
-86
143
-34
67
101
-15
-82
34
-55
-23
-17
-124
3
-162
-119
-113
-76
-22
-60
77
-75
19
108
-144
85
193
-139
180
121
-266
179
80
-64
168
82
-102
132
83
-141
-30
-15
-63
-80
36
-85
-152
-6
-48
-40
120
16
21
257
111
12
103
70
89
147
255
35
-7
170
-31
-19
5
-102
35
-25
59
73
-203
135
98
-161
315
-45
-290
321
-124
-308
194
-368
-117
275
-131
82
94
21
-20
47
-85
2
24
70
65
42
-104
-63
31
-5
146
-17
121
-203
-95
-7
-177
-34
66
-131
-1
6
-272
-12
-72
-70
-14
-83
124
-104
-332
3
-15
-21
386
88
-309
42
12
51
238
-38
-48
66
-159
148
-1
-132
169
-2
182
50
-95
-56
-227
217
91
-298
192
-162
-267
255
-125
-165
249
-200
-55
211
-118
-42
41
82
22
193
-75
-45
93
182
156
-206
111
83
-108
320
89
-282
143
16
-95
222
-30
-72
53
-83
135
-95
-53
-177
-193
64
100
-2
-142
180
-174
-45
387
-210
-76
347
-529
27
441
-452
276
199
-445
288
-11
-248
380
-83
-57
393
-238
4
156
-159
112
76
-9
221
-30
-218
-6
-235
-9
188
52
22
-14
-148
-42
-12
-63
-47
-30
-37
60
-111
-3
-68
-290
85
88
-117
184
260
-100
50
-69
-59
156
32
147
-2
-84
168
31
23
51
-233
164
-69
-151
327
-324
-144
158
-323
-66
178
-135
77
194
-358
-175
28
-186
12
86
15
-33
89
82
-152
180
156
-223
271
206
-312
204
9
-280
252
64
-184
208
110
-50
188
-111
23
-61
-184
180
-162
-158
146
-70
-69
141
-137
-23
50
50
-11
-40
12
-237
30
-9
-64
232
7
-28
182
-52
-141
115
75
31
77
-5
64
-47
37
273
16
5
115
-113
-150
173
-72
-122
205
-19
-114
-39
-28
-43
-152
62
89
-276
225
23
-316
199
-131
-204
256
-131
-33
174
-187
-75
151
-26
135
212
9
-87
73
-17
-69
208
-55
-145
96
-18
-20
93
-194
52
119
-87
-26
14
-178
-45
113
-92
51
-44
-75
-63
4
-79
201
-161
-191
254
-183
4
205
-120
-61
258
-180
24
172
-94
98
-1
-33
157
-116
13
134
-189
161
20
-16
150
-209
-21
86
-62
88
9
27
-79
-178
198
-207
-191
365
-340
-35
426
-433
83
191
-411
313
68
-148
239
-46
-23
128
-216
55
199
-115
325
-41
-200
167
-51
-148
270
-34
-158
255
-166
-121
193
-116
-240
280
-69
-217
165
-120
-99
153
-52
-134
78
-20
22
153
-74
-101
135
-81
-18
226
-97
65
134
-214
41
191
-152
37
191
-209
41
21
-203
147
-41
-42
44
-120
-78
72
-21
-54
-95
111
-68
-10
71
-141
34
11
34
80
25
32
34
-81
58
69
-86
89
80
-82
7
81
-74
21
107
-101
55
-89
-3
69
-204
23
53
-258
181
15
-231
257
-38
-146
155
-114
-71
169
-143
57
57
-77
56
-24
-11
111
-106
111
66
-152
87
-51
13
-9
77
-10
-132
159
-27
-164
123
-23
-139
89
-22
-35
61
-26
29
-80
-65
73
33
-97
122
-24
-54
18
-19
0
31
9
64
1
-110
48
42
-47
35
98
3
87
57
-15
21
-79
96
8
-81
163
-35
-112
157
-74
-37
217
-143
84
-8
-134
103
-98
-102
69
-46
-115
155
7
-136
-79
-3
25
-44
134
6
-200
118
7
-97
165
-61
40
30
6
-30
-72
81
-78
22
176
-125
-106
264
-271
-45
241
-315
51
174
-250
9
55
-224
90
-2
-42
100
-120
62
-15
-183
130
73
-115
269
-40
-86
219
-32
84
8
37
101
-76
186
2
-80
136
-78
-1
143
-93
38
118
-128
29
24
-170
126
-25
-146
204
-182
-30
125
-238
28
170
-216
143
82
-243
102
51
-85
127
18
-89
70
-7
-61
19
-15
-28
175
-214
33
98
-246
195
-51
-170
144
-93
-184
125
-56
-136
130
-144
-49
105
-144
-25
52
-152
85
-10
-71
66
-4
97
-81
20
126
-60
81
26
-53
105
38
56
-21
-36
131
28
5
101
-107
49
186
-95
-17
102
-188
78
116
-165
136
31
-184
124
72
-189
166
-60
-105
230
-117
-6
76
-106
16
121
-20
14
-2
-134
99
-4
-32
133
-35
-25
82
-148
-10
107
-196
85
-113
-132
110
-100
-67
108
-71
18
24
-212
97
-75
-112
-3
-70
-70
17
75
-87
51
43
-66
144
-11
-61
121
-124
79
99
-156
145
22
25
85
26
-2
17
66
17
50
-58
6
-85
125
71
-103
207
-149
-179
348
-251
-28
371
-427
105
146
-283
277
17
-247
304
-62
-185
429
-198
-124
290
-279
82
187
-224
159
-2
-239
240
-119
-65
190
-92
17
-26
-142
52
-102
-65
105
-107
57
-53
-168
40
-47
-31
57
-97
-36
-10
19
-49
53
12
-41
56
-13
-36
73
24
1
83
-83
59
81
-42
-23
134
-42
-37
123
-84
32
116
-62
36
48
-83
81
-102
-89
146
-10
-2
67
-127
17
107
-39
92
77
-114
97
30
-100
204
-126
-19
222
-204
74
54
-152
209
-46
-91
77
-152
82
115
-209
108
-79
-191
248
-225
39
183
-363
94
-12
-183
178
-99
-24
29
-77
21
1
-56
3
-46
-26
56
-19
58
13
-126
-59
102
-165
155
69
-113
103
-8
5
-11
21
-27
-22
26
35
-171
201
-86
-148
297
-181
-80
204
-142
72
139
-172
125
79
-139
105
91
-183
180
167
-283
234
8
-148
259
-163
-19
205
-217
105
158
-237
169
15
-153
95
-20
-6
-17
-21
27
-82
37
4
-78
186
-45
-63
91
-121
44
102
-155
36
78
-61
1
-55
-55
-22
-9
81
-76
33
88
-125
-32
-4
-5
-59
37
-24
12
54
-99
78
-45
-153
130
-16
-123
227
-179
-21
159
-221
109
50
-119
165
-11
-79
89
-144
98
65
-169
174
-165
67
222
-277
257
-34
-171
266
-125
-19
132
-216
194
16
-214
208
-111
17
146
-44
33
-33
18
74
-32
41
77
-49
160
-91
33
16
-69
178
-103
105
53
-178
79
-19
-102
226
-137
-26
260
-270
32
81
-160
147
-18
-103
53
-109
57
-66
-132
248
-48
-67
77
-107
-32
116
-77
24
-65
-78
133
-160
-12
64
-130
72
46
-120
-36
-12
-28
-38
41
-35
-10
13
-42
5
42
-68
-64
56
-113
-2
4
-67
-49
-24
136
-68
-83
224
-255
-8
275
-323
203
69
-222
101
-160
44
150
-144
153
-110
-142
275
-114
0
219
-310
72
130
-207
228
-16
-142
202
-66
-98
158
-128
-12
137
-99
19
139
-128
53
207
-167
72
98
-110
66
58
-93
78
50
-154
235
-80
-170
224
-68
4
111
-20
5
4
109
84
-68
42
10
-107
175
-22
-168
237
-64
-8
107
-150
55
118
-41
93
-8
-27
59
5
55
-47
-62
73
-52
0
63
-95
77
-13
23
72
-112
-24
67
-49
66
13
-92
42
-16
-22
113
-149
-23
168
-202
47
-36
-169
150
37
-50
-15
-12
-6
-28
86
-49
-48
59
-99
-67
47
-66
-42
-8
-69
116
-113
18
106
-255
220
-12
-225
233
-150
-87
193
-218
-24
67
-189
192
-72
-48
102
-244
137
38
-137
130
-125
-27
137
-169
81
39
-111
177
-191
4
110
-160
89
13
-116
86
0
-22
107
-61
68
-96
45
25
-88
139
-18
-42
17
-11
-47
28
3
83
-37
60
48
-118
143
58
-96
146
-110
-56
200
-152
116
-8
-23
142
-61
64
-24
-6
6
55
-10
20
32
-27
-66
23
69
-125
3
52
-137
31
112
-187
151
29
-186
142
-35
-92
167
-99
22
39
-115
110
-15
-1
52
-76
-30
-44
111
-62
-30
168
-162
-17
179
-253
81
142
-227
114
92
-227
159
11
-135
182
-170
35
152
-119
114
5
-68
168
15
-41
109
-106
10
159
-104
72
52
-117
44
67
-81
99
-109
-64
126
-160
-28
127
-152
-72
105
-80
-45
9
19
-55
0
81
2
-100
101
-21
-86
77
-41
21
-70
13
46
-61
105
-48
-104
136
34
-112
78
-30
-64
109
-90
-119
65
50
-133
52
67
-166
34
229
-180
108
145
-186
155
19
-69
72
9
84
-27
21
44
-52
60
74
-103
90
83
-119
56
-77
-87
116
-40
-62
16
-37
-74
12
91
-88
-27
165
-77
-59
79
-94
20
26
-44
-1
-8
-92
80
8
-132
117
-16
-108
132
90
-247
82
27
-164
104
-7
-104
42
-52
-69
20
-25
114
-103
-15
96
-152
116
74
-179
90
100
-163
145
68
-167
181
-4
-89
173
-10
-52
76
9
-73
36
22
17
61
-151
172
-17
-208
345
-106
-202
324
-174
0
227
-235
9
107
-69
-18
-8
6
20
-42
29
-60
2
55
-36
32
-112
-3
105
-150
77
116
-199
120
41
-237
251
-35
-202
236
-177
-27
162
-185
91
37
-149
119
-73
-44
109
-42
-54
123
-98
-63
108
-142
-31
117
-148
24
81
-174
119
2
-137
157
-60
-37
148
-68
11
41
-20
74
12
-25
30
-100
136
29
-123
294
-156
-59
309
-239
-10
161
-257
180
43
-276
259
-218
-36
310
-252
81
188
-325
226
37
-129
175
-106
-2
-13
-86
169
-27
-91
140
-116
62
153
-134
235
-26
-156
219
-98
-108
158
-168
-65
184
-178
63
-19
-211
237
-154
-76
242
-286
75
100
-338
191
106
-296
150
-22
-196
205
-102
-19
101
11
-14
-23
34
-139
80
84
-178
182
31
-167
256
-127
-32
193
-184
52
101
-154
75
9
-124
81
5
-20
39
26
-38
-17
7
1
126
9
8
-1
-48
96
-78
3
144
-59
53
117
-231
78
205
-175
92
201
-201
139
39
-90
99
-8
-47
-31
-86
48
-58
-148
183
-178
-15
88
-222
71
50
-144
115
21
-150
106
-160
-69
143
-161
59
65
-209
14
72
-173
169
2
-122
153
-68
-12
154
-67
50
91
-97
44
-40
-67
56
-32
-6
-52
-23
-21
-141
173
0
-53
135
3
-91
178
24
-160
341
-172
-244
187
17
-30
144
-94
-222
152
200
-59
80
189
-153
104
169
-193
90
71
-143
63
9
-130
165
-79
-45
99
-208
78
-16
-75
-30
-76
-8
-15
-73
92
-36
-9
76
-148
136
31
-227
149
85
-301
194
43
-339
206
152
-274
186
197
-266
154
155
-191
169
53
-240
48
4
-87
-15
-45
-6
-63
63
18
-240
190
-7
-241
307
-134
-111
260
-103
-85
203
-91
16
21
23
103
-143
146
86
-55
54
129
-119
187
1
-127
266
-161
-12
152
-131
13
121
-215
0
23
-175
46
1
-131
91
-30
-45
127
-139
-34
106
-25
-98
134
-44
-205
260
-23
-147
206
-10
-71
218
-54
-43
157
-78
85
-16
-120
39
80
24
-92
-14
-61
-66
70
-35
-136
63
-42
-16
-108
-13
20
-13
45
-93
93
-56
24
118
-138
60
156
-232
30
161
-112
128
49
-91
131
45
9
104
-73
26
4
-41
-65
-48
67
-123
2
-26
-76
80
40
-156
1
99
-131
99
-29
-103
121
-66
-50
183
-112
-25
123
-138
80
95
22
-2
0
62
74
-108
115
124
-258
184
-6
-314
293
21
-294
239
-117
-198
242
-129
-126
69
-8
-55
-6
76
-84
-30
85
-75
-19
59
10
-105
122
90
-210
189
26
-117
175
-5
-128
133
65
-82
91
-32
-87
119
-31
-19
47
-129
-58
128
-99
-38
104
-157
96
14
-174
119
-169
57
134
-219
120
115
-200
256
-39
-172
249
-190
55
194
-218
142
118
-191
168
45
-126
86
54
-50
21
-47
-46
11
-20
-43
32
-23
-80
40
-15
-87
25
44
-32
-37
88
-48
-158
169
11
-55
126
-20
-122
74
105
-4
-21
22
45
-93
98
39
-150
156
-73
-79
125
-101
-108
181
-90
-108
147
-56
-114
82
92
-194
77
121
-147
33
144
-84
-96
151
-40
-32
91
-48
25
90
-58
11
-26
26
31
-153
86
-58
-89
193
-168
4
149
-107
11
231
-137
-57
174
-261
113
40
-115
95
-41
-14
36
-15
61
-29
-13
82
-116
126
11
-168
175
-157
-68
146
-225
67
19
-236
260
-74
-142
383
-211
-40
353
-103
-112
222
-181
-85
147
-91
-31
67
-41
-28
135
-100
54
-11
-35
88
-181
49
11
-91
-2
47
-134
121
122
-200
99
35
11
-73
18
44
-134
130
84
-183
155
68
-181
202
-1
-131
68
5
-121
113
-16
-139
38
-37
-28
-38
164
-117
-109
222
-129
-62
256
-98
15
221
-197
-20
131
-93
-27
101
-35
-84
86
-32
-21
85
-66
67
39
-227
44
52
-114
-9
4
-62
-77
35
7
-41
59
40
6
54
-67
12
15
12
74
-19
-1
-69
104
-24
-114
179
-62
-88
147
-88
-161
109
-81
-119
121
2
-112
100
34
-180
87
14
-104
141
11
-51
84
-131
44
112
-44
106
-18
16
13
-57
86
-42
-65
136
-55
-81
97
-75
-70
84
-28
40
16
-79
158
1
-78
197
-56
-97
140
-38
-90
34
-30
-51
131
-92
-64
201
-73
-11
155
-90
-59
70
-168
16
0
-222
117
-72
-44
192
-99
-13
209
-66
-9
100
-144
114
46
-180
48
70
-84
127
57
-121
161
-31
-86
177
-149
-2
152
-250
60
163
-252
-37
146
-174
34
172
-131
-29
108
23
38
-4
-128
150
-38
-208
159
-41
-50
212
-63
-45
157
-116
13
54
-159
40
77
-195
70
36
-251
223
-38
-159
252
5
-135
7
-77
-97
-31
-113
216
-87
-178
232
-143
-96
170
-69
81
169
-77
65
-62
-109
47
71
-58
73
104
-67
-116
174
-13
-190
138
-10
-129
152
96
-100
26
37
81
8
95
110
-78
41
41
-64
17
-37
28
115
-72
-6
120
-151
31
130
-151
31
71
-113
-17
-89
-53
50
-2
-63
1
6
-54
79
109
-47
72
95
-178
105
92
-91
118
30
-113
-38
108
-30
-111
92
-32
-181
282
-186
-150
279
-330
21
177
-306
127
204
-336
45
-10
-261
162
138
-141
94
168
-30
66
9
-15
79
-9
109
28
-155
182
-34
-82
254
-139
-19
218
-315
58
98
-292
184
-96
-203
194
-54
-190
149
-87
-159
217
-83
-91
148
-170
-11
101
-127
67
90
-65
65
82
-46
77
21
-27
17
-122
105
52
-81
167
-104
-94
37
-114
48
1
-145
1
-56
-39
81
-10
29
10
-136
179
-28
4
184
-171
5
33
-33
50
40
87
2
-12
87
-77
44
105
-192
59
29
-172
75
-6
-101
57
-13
-11
73
14
30
-50
8
78
-91
58
73
-50
91
99
-153
-48
118
-102
17
90
-25
-124
12
-62
-126
135
110
-142
43
-13
-99
172
56
-13
90
-77
-68
131
-38
23
24
-31
87
-137
42
97
-96
36
183
-160
-23
213
-261
14
166
-76
42
-33
-161
-21
40
10
44
-40
-30
82
58
-63
95
69
-100
53
10
-120
141
-56
-99
116
-106
32
112
-125
31
-44
16
55
-94
29
-135
-172
16
-18
-98
10
-31
75
95
-12
7
-122
120
109
-55
115
-73
-82
50
-15
-3
54
-118
1
171
-57
26
13
-81
-18
77
8
-161
53
44
-135
-7
-67
-155
71
97
-91
40
57
-66
126
100
-43
98
-6
16
42
72
-44
-98
114
-68
-87
83
-3
-71
82
-4
-103
121
9
30
67
-126
2
58
-43
93
96
-136
6
16
-127
134
22
-58
134
15
-58
47
-47
-55
88
5
-26
-20
62
-64
0
96
-11
61
86
2
-27
113
-53
-23
38
-65
19
127
-9
-72
55
-62
-15
30
-8
21
-36
-81
-1
-124
-63
6
-149
56
-67
-74
69
-108
-61
27
-157
4
23
-38
63
-20
6
-2
-15
-21
-15
-75
47
8
-71
54
-75
-65
43
-46
-50
112
22
-2
46
-92
-49
4
-46
6
-35
-103
48
-51
-46
34
-69
30
55
-50
71
43
5
67
-30
46
50
62
35
-23
-4
21
-14
-55
49
8
-7
54
-20
-73
56
73
23
102
86
-43
32
7
-47
70
29
2
-5
14
-49
42
32
-82
37
20
-20
56
18
-90
8
-35
-37
7
-13
5
19
-23
-84
-57
-84
-43
-12
-55
-53
-21
-38
-2
-43
-2
60
52
131
97
98
82
94
95
46
82
97
12
47
138
18
34
70
-46
23
154
41
-5
95
-20
0
53
-47
-51
65
37
22
78
18
1
41
124
45
-13
76
11
-35
59
-32
-171
-14
-40
-89
29
-61
-138
-65
-57
-121
-55
-77
-135
-57
-108
-98
-45
-165
-94
-19
-129
-51
17
-120
-57
-17
-124
-14
13
-126
-19
16
-89
24
4
-65
42
3
-40
0
-3
16
8
45
6
-63
36
23
-43
34
26
-32
47
107
41
38
41
30
95
141
93
58
53
36
98
123
60
65
80
106
117
101
104
76
84
109
63
13
42
3
-39
15
-31
-58
12
-25
-41
-51
-95
-109
-86
-49
-75
-85
-105
-141
-85
-114
-147
-90
-90
-130
-84
-115
-181
-136
-188
-203
-203
-230
-230
-219
-189
-174
-172
-184
-164
-149
-155
-109
-89
-68
-29
-42
-39
-24
-9
36
63
48
105
146
133
202
192
187
245
236
265
280
267
295
344
368
396
416
453
521
509
527
548
479
535
571
518
486
441
450
419
379
438
427
396
473
419
296
267
206
153
123
23
-91
-190
-329
-440
-567
-739
-820
-919
-1058
-1120
-1203
-1295
-1344
-1370
-1373
-1355
-1319
-1267
-1181
-1113
-999
-859
-788
-635
-500
-423
-240
-124
-69
72
158
208
334
361
374
465
452
516
591
541
623
673
663
763
775
749
795
786
784
878
917
910
996
1057
1118
1251
1288
1319
1420
1439
1523
1645
1656
1721
1685
1328
966
801
565
279
49
-397
-938
-1249
-1426
-1717
-2062
-2197
-2293
-2320
-2132
-2079
-2168
-2171
-2031
-1799
-1553
-1235
-939
-663
-323
12
207
225
284
400
452
475
421
284
84
-68
-132
-353
-650
-804
-914
-981
-944
-940
-995
-1004
-906
-778
-738
-618
-390
-175
161
530
741
896
1128
1378
1569
1740
1846
1916
2004
2097
2197
2143
2028
2067
2077
2077
2096
2025
1960
1963
2020
1875
1351
807
487
230
-28
-270
-731
-1366
-1709
-1755
-1989
-2329
-2382
-2409
-2372
-2019
-1836
-1918
-1962
-1844
-1571
-1337
-1046
-741
-533
-175
222
411
411
387
459
547
608
653
585
394
210
44
-279
-761
-1076
-1170
-1247
-1234
-1189
-1317
-1403
-1281
-1138
-1062
-995
-804
-576
-403
-130
1
-4
193
472
757
1019
1238
1449
1624
1831
1973
1987
1926
1931
2075
2138
2169
2218
2209
2214
2262
2311
2282
2253
2238
1892
1312
951
629
204
-116
-547
-1193
-1722
-1925
-2090
-2439
-2626
-2629
-2651
-2504
-2279
-2258
-2332
-2208
-1916
-1648
-1317
-916
-599
-271
141
458
588
658
777
923
1032
1099
1101
970
767
579
288
-163
-651
-995
-1167
-1329
-1429
-1532
-1777
-1878
-1766
-1659
-1578
-1421
-1180
-943
-684
-457
-381
-288
-34
309
646
955
1271
1571
1815
2029
2145
2083
2017
2056
2118
2190
2208
2151
2102
2048
2051
2044
1915
1921
2086
2095
1738
1169
714
347
58
-161
-627
-1272
-1678
-1744
-1846
-2142
-2322
-2431
-2493
-2225
-1948
-2006
-2105
-1988
-1703
-1423
-1111
-788
-585
-267
211
524
601
615
696
807
889
937
886
731
573
460
251
-247
-831
-1177
-1348
-1457
-1481
-1564
-1792
-1851
-1653
-1564
-1529
-1387
-1185
-864
-520
-270
-230
-199
91
441
766
1037
1273
1573
1859
2154
2291
2165
2059
2093
2177
2193
2128
2097
2072
2057
2152
2126
1947
1921
2024
2084
1823
1237
758
423
147
-54
-475
-1156
-1668
-1785
-1822
-2080
-2319
-2421
-2471
-2253
-1912
-1910
-2089
-2042
-1788
-1506
-1193
-918
-765
-511
-76
253
327
301
339
449
548
617
612
456
321
280
126
-224
-646
-988
-1241
-1390
-1437
-1509
-1653
-1706
-1606
-1522
-1431
-1252
-1076
-814
-443
-156
-22
48
176
405
681
960
1236
1503
1790
2072
2223
2225
2145
2080
2083
2100
2108
2083
2028
2025
2048
2036
1950
1871
1923
2025
2143
2028
1421
852
603
314
-1
-354
-967
-1536
-1696
-1724
-2033
-2415
-2557
-2604
-2517
-2221
-2149
-2355
-2337
-2073
-1830
-1574
-1306
-1072
-719
-250
158
355
339
365
544
683
728
769
713
592
574
486
114
-396
-766
-1025
-1299
-1436
-1511
-1710
-1769
-1641
-1597
-1573
-1415
-1164
-866
-531
-209
-13
119
354
616
798
969
1205
1491
1761
1971
2074
2076
2007
1943
1951
1873
1737
1728
1699
1663
1725
1677
1552
1539
1614
1731
1843
1970
1930
1460
931
670
397
54
-243
-667
-1216
-1543
-1618
-1873
-2319
-2514
-2512
-2523
-2404
-2274
-2374
-2444
-2212
-1909
-1724
-1477
-1155
-832
-424
1
259
329
384
570
775
839
865
920
902
865
838
593
151
-187
-399
-693
-1054
-1323
-1502
-1589
-1491
-1375
-1447
-1453
-1215
-923
-635
-340
-113
70
291
521
667
720
815
1031
1310
1544
1676
1740
1770
1779
1782
1715
1552
1406
1358
1348
1343
1348
1299
1255
1307
1361
1362
1384
1503
1644
1502
1055
698
482
220
-19
-331
-898
-1400
-1509
-1545
-1848
-2149
-2272
-2382
-2372
-2191
-2172
-2313
-2254
-1986
-1731
-1505
-1275
-1061
-783
-407
-26
223
336
494
723
858
923
991
988
958
967
937
695
310
34
-246
-618
-882
-1101
-1310
-1334
-1254
-1239
-1282
-1230
-1021
-808
-581
-336
-203
-60
168
318
369
427
583
807
1022
1240
1386
1446
1489
1517
1497
1379
1258
1208
1167
1204
1277
1246
1217
1253
1316
1403
1506
1638
1780
1930
1928
1560
1108
864
637
367
79
-390
-954
-1293
-1447
-1764
-2181
-2435
-2596
-2626
-2492
-2466
-2579
-2575
-2420
-2217
-1991
-1741
-1476
-1119
-608
-126
192
392
574
820
1070
1214
1296
1371
1420
1448
1411
1184
797
458
156
-217
-569
-852
-1083
-1181
-1177
-1226
-1318
-1341
-1284
-1163
-978
-804
-677
-518
-301
-127
-42
13
87
239
491
750
946
1087
1197
1303
1346
1293
1213
1136
1092
1133
1234
1309
1334
1393
1493
1556
1632
1760
1876
2025
2246
2308
1988
1531
1232
952
600
245
-255
-868
-1259
-1437
-1779
-2304
-2674
-2872
-2967
-2878
-2813
-2948
-3003
-2830
-2581
-2327
-2035
-1699
-1281
-722
-126
332
614
824
1123
1475
1704
1850
1996
2072
2088
2068
1864
1420
995
680
267
-195
-551
-895
-1187
-1315
-1457
-1692
-1843
-1853
-1814
-1727
-1577
-1446
-1325
-1119
-900
-786
-719
-595
-382
-76
297
647
900
1096
1283
1421
1465
1447
1452
1504
1584
1714
1827
1860
1879
1955
2035
2061
2086
2170
2281
2428
2578
2445
1938
1419
1063
689
280
-155
-754
-1361
-1699
-1941
-2383
-2878
-3186
-3323
-3296
-3147
-3095
-3142
-3053
-2770
-2407
-2038
-1656
-1215
-649
-12
557
999
1307
1599
1989
2315
2440
2494
2514
2455
2356
2169
1776
1244
759
282
-301
-884
-1380
-1805
-2116
-2333
-2553
-2759
-2856
-2812
-2679
-2518
-2332
-2077
-1759
-1427
-1099
-807
-569
-282
106
504
888
1252
1553
1795
1977
2080
2105
2093
2095
2088
2081
2101
2105
2092
2062
2004
1952
1914
1894
1919
1976
2050
2136
2120
1821
1319
891
535
141
-244
-702
-1290
-1795
-2078
-2372
-2820
-3183
-3327
-3342
-3206
-2968
-2821
-2741
-2512
-2119
-1699
-1290
-847
-335
237
822
1343
1701
1921
2140
2359
2468
2433
2365
2263
2061
1804
1454
918
304
-228
-730
-1283
-1757
-2107
-2426
-2666
-2810
-2954
-3054
-2981
-2750
-2471
-2168
-1836
-1497
-1144
-785
-462
-190
81
402
753
1083
1374
1633
1837
1963
2062
2123
2098
2068
2058
2002
1897
1809
1745
1670
1641
1646
1612
1578
1581
1605
1627
1655
1727
1772
1624
1233
767
398
59
-299
-702
-1237
-1766
-2086
-2281
-2575
-2905
-3081
-3091
-2946
-2691
-2491
-2366
-2156
-1796
-1377
-963
-548
-121
370
911
1389
1729
1920
2063
2230
2309
2223
2060
1880
1647
1381
1099
654
80
-422
-883
-1394
-1873
-2242
-2536
-2733
-2785
-2817
-2867
-2807
-2625
-2365
-2065
-1760
-1442
-1072
-662
-301
-7
246
471
737
1037
1296
1524
1752
1940
2044
2113
2131
2047
1952
1884
1791
1691
1616
1577
1547
1517
1480
1438
1418
1408
1438
1515
1576
1644
1717
1600
1198
750
436
102
-267
-618
-1080
-1592
-1895
-2077
-2410
-2777
-2928
-2936
-2838
-2592
-2367
-2247
-2033
-1660
-1289
-971
-610
-199
273
828
1331
1668
1862
2011
2131
2130
1994
1800
1616
1434
1204
889
425
-129
-619
-1079
-1597
-2116
-2508
-2737
-2852
-2890
-2921
-2956
-2883
-2656
-2343
-2028
-1705
-1302
-834
-363
33
324
543
765
1059
1359
1588
1789
2008
2206
2320
2344
2277
2150
2036
1938
1818
1674
1534
1429
1367
1321
1250
1178
1171
1192
1199
1229
1268
1265
1289
1314
1128
712
333
58
-242
-543
-876
-1336
-1783
-2012
-2171
-2441
-2651
-2693
-2627
-2428
-2133
-1915
-1758
-1507
-1173
-839
-510
-173
203
656
1114
1471
1698
1807
1842
1850
1781
1587
1363
1161
926
654
321
-148
-668
-1093
-1458
-1841
-2188
-2459
-2651
-2714
-2671
-2633
-2597
-2466
-2213
-1865
-1473
-1096
-716
-294
124
473
742
918
1064
1263
1494
1663
1781
1906
2019
2088
2104
2024
1861
1693
1546
1398
1251
1108
977
887
842
806
785
812
864
911
974
1047
1103
1173
1259
1227
979
641
346
73
-194
-467
-821
-1213
-1484
-1639
-1843
-2092
-2247
-2274
-2188
-1985
-1781
-1663
-1532
-1304
-1036
-786
-533
-240
119
540
942
1220
1355
1410
1437
1418
1313
1143
971
812
645
440
138
-259
-668
-1013
-1333
-1651
-1913
-2101
-2200
-2196
-2137
-2098
-2067
-1966
-1779
-1525
-1239
-926
-579
-207
157
471
700
832
943
1097
1256
1375
1487
1603
1682
1717
1696
1573
1389
1239
1143
1045
936
839
773
733
715
706
670
634
693
846
978
1065
1160
1257
1344
1438
1406
1136
816
603
393
125
-157
-527
-962
-1271
-1476
-1769
-2082
-2265
-2326
-2278
-2099
-1933
-1862
-1752
-1518
-1231
-949
-657
-319
90
534
916
1174
1311
1387
1479
1539
1478
1329
1181
1029
841
600
244
-203
-611
-921
-1195
-1474
-1734
-1930
-2035
-2060
-2074
-2107
-2103
-2006
-1789
-1502
-1219
-938
-623
-273
60
345
565
727
885
1061
1206
1271
1303
1347
1372
1362
1326
1240
1114
1022
969
901
803
720
664
631
638
682
720
747
818
941
1075
1200
1326
1431
1496
1530
1525
1420
1185
902
623
311
-34
-394
-813
-1263
-1637
-1919
-2174
-2388
-2473
-2442
-2341
-2163
-1955
-1770
-1557
-1247
-883
-525
-157
248
652
1030
1373
1625
1760
1825
1860
1814
1648
1410
1150
866
553
213
-175
-592
-970
-1282
-1573
-1860
-2100
-2245
-2308
-2315
-2267
-2177
-2049
-1854
-1595
-1326
-1074
-799
-482
-158
143
417
651
833
990
1116
1180
1196
1205
1219
1211
1172
1111
1034
954
881
809
732
668
626
608
610
622
661
739
832
912
979
1053
1131
1205
1270
1314
1313
1281
1227
1092
847
541
237
-66
-367
-670
-995
-1328
-1604
-1789
-1931
-2031
-2043
-1940
-1743
-1487
-1214
-962
-718
-438
-123
183
469
744
1025
1280
1473
1570
1552
1445
1276
1066
797
484
172
-126
-413
-704
-1011
-1327
-1619
-1852
-2017
-2123
-2159
-2111
-1982
-1800
-1597
-1398
-1201
-978
-729
-467
-207
51
296
519
716
850
914
934
942
932
892
833
762
683
617
544
444
334
248
203
194
212
247
297
368
469
567
644
719
809
929
1069
1186
1257
1304
1345
1366
1357
1314
1230
1120
1010
871
650
359
59
-224
-497
-752
-993
-1225
-1397
-1474
-1491
-1492
-1450
-1335
-1169
-965
-746
-550
-379
-191
19
201
322
397
452
487
493
458
363
227
90
-53
-225
-436
-653
-838
-982
-1086
-1167
-1234
-1265
-1240
-1164
-1070
-967
-839
-681
-487
-285
-103
45
172
290
393
459
487
499
500
500
484
436
347
243
140
41
-48
-122
-171
-186
-163
-118
-74
-26
31
106
206
327
450
580
712
839
948
1030
1087
1120
1141
1153
1157
1142
1112
1075
1033
1000
971
934
888
836
773
700
608
480
328
164
4
-156
-323
-499
-675
-832
-964
-1069
-1151
-1207
-1230
-1214
-1175
-1138
-1109
-1087
-1056
-1007
-939
-865
-776
-663
-532
-399
-286
-202
-140
-86
-27
29
78
128
185
241
286
298
272
224
177
131
85
33
-14
-55
-95
-139
-206
-283
-354
-402
-431
-449
-455
-444
-414
-370
-322
-282
-243
-193
-133
-71
-11
44
101
163
223
269
299
326
357
391
420
444
474
519
571
619
654
679
706
744
787
826
862
907
960
1007
1030
1025
1002
973
941
900
835
746
639
516
359
155
-88
-351
-592
-813
-1014
-1196
-1353
-1464
-1532
-1570
-1582
-1563
-1492
-1359
-1178
-975
-765
-550
-336
-122
77
247
396
537
672
788
859
876
850
794
713
604
473
330
192
68
-52
-177
-311
-440
-545
-624
-682
-731
-755
-748
-711
-657
-604
-553
-499
-434
-361
-295
-234
-171
-106
-33
36
92
136
171
206
245
277
306
326
346
368
383
387
381
369
363
366
372
378
389
398
411
420
419
410
395
378
367
355
336
314
294
283
270
261
257
257
268
288
307
319
324
322
317
301
268
223
158
86
10
-72
-159
-244
-324
-394
-457
-516
-567
-611
-631
-632
-618
-592
-560
-513
-466
-420
-382
-349
-312
-265
-214
-159
-109
-67
-31
-6
1
-7
-22
-35
-41
-44
-48
-57
-67
-81
-92
-106
-120
-123
-113
-87
-53
-21
8
33
56
78
99
121
146
178
212
232
233
213
177
132
85
38
-10
-54
-95
-131
-166
-207
-246
-277
-290
-290
-279
-258
-226
-181
-128
-70
-11
57
133
224
327
419
507
591
666
731
779
808
824
831
829
811
776
722
651
568
467
353
220
80
-61
-203
-353
-504
-655
-797
-916
-1010
-1083
-1127
-1136
-1117
-1075
-1014
-943
-855
-753
-636
-511
-379
-247
-128
-16
82
160
219
262
304
344
380
403
412
410
396
370
338
296
258
230
209
193
178
160
143
127
113
102
92
91
97
113
123
126
121
108
94
81
70
64
67
82
108
135
161
190
226
278
340
409
488
572
663
753
832
896
935
948
934
885
794
665
501
319
126
-86
-307
-531
-748
-946
-1117
-1261
-1369
-1438
-1462
-1448
-1408
-1349
-1272
-1176
-1056
-920
-771
-609
-436
-252
-74
88
234
352
455
544
610
658
690
705
707
693
657
604
532
454
375
293
212
139
75
20
-31
-79
-126
-170
-205
-229
-238
-242
-231
-205
-176
-143
-115
-94
-83
-71
-62
-60
-56
-49
-45
-52
-65
-92
-134
-179
-221
-259
-278
-288
-284
-263
-237
-208
-178
-151
-116
-74
-27
32
87
140
189
227
243
239
224
201
173
139
108
71
31
-8
-51
-97
-145
-185
-216
-230
-226
-210
-177
-127
-71
-8
56
119
183
246
315
386
459
524
578
615
625
619
593
556
513
469
424
380
337
290
239
180
116
58
8
-30
-53
-65
-70
-76
-81
-90
-103
-117
-129
-137
-134
-126
-116
-106
-99
-96
-98
-101
-106
-109
-101
-93
-83
-69
-57
-49
-45
-52
-65
-76
-91
-101
-111
-117
-126
-139
-151
-168
-192
-214
-231
-244
-252
-250
-249
-247
-245
-245
-250
-258
-263
-266
-259
-244
-223
-195
-166
-137
-107
-78
-48
-9
37
86
141
196
245
284
317
341
360
375
385
393
396
394
380
354
324
281
232
179
119
65
6
-48
-104
-162
-216
-269
-320
-366
-403
-429
-446
-454
-453
-444
-425
-404
-379
-350
-313
-270
-219
-159
-94
-28
41
106
166
221
270
317
359
399
430
450
463
461
445
414
378
332
286
241
190
137
78
12
-54
-117
-177
-229
-267
-294
-310
-320
-321
-316
-306
-288
-260
-222
-173
-117
-55
8
64
117
168
212
251
285
318
349
376
396
412
416
414
407
388
360
332
301
266
229
186
143
95
39
-21
-82
-142
-194
-237
-274
-304
-325
-344
-366
-387
-408
-425
-436
-438
-432
-420
-399
-377
-358
-344
-329
-311
-283
-246
-196
-138
-74
-15
42
95
145
190
237
284
326
371
407
434
445
443
427
402
370
329
286
238
189
135
78
21
-33
-83
-127
-157
-180
-191
-189
-180
-161
-137
-105
-67
-33
7
44
77
105
130
150
164
172
169
157
144
121
94
67
39
18
-1
-19
-36
-55
-70
-84
-94
-98
-95
-89
-81
-77
-78
-87
-105
-124
-144
-163
-179
-189
-203
-222
-243
-265
-288
-308
-319
-315
-303
-278
-246
-212
-178
-143
-110
-74
-34
18
73
126
183
227
261
283
293
296
295
295
293
287
277
263
238
206
166
124
87
49
22
5
-13
-20
-25
-32
-33
-38
-38
-21
-4
23
54
87
125
157
177
196
206
213
219
217
210
193
180
155
118
80
26
-37
-91
-138
-183
-225
-255
-274
-305
-322
-342
-357
-362
-360
-337
-306
-268
-225
-187
-157
-126
-103
-83
-58
-33
0
11
25
35
24
14
1
-10
-25
-18
-12
-9
-5
-5
-6
-5
8
2
15
58
94
130
161
180
200
205
205
205
195
201
219
214
214
199
165
138
111
81
46
30
23
7
-3
-16
-30
-38
-47
-50
-44
-39
-26
-10
0
4
12
15
23
31
7
19
11
0
9
-5
-18
-40
-46
-60
-88
-111
-135
-140
-143
-152
-148
-158
-161
-172
-165
-150
-146
-119
-95
-80
-77
-54
-31
-17
-1
22
24
23
48
43
22
26
24
25
29
36
41
34
54
37
51
70
63
63
95
120
116
149
173
197
210
219
168
158
118
84
95
61
74
83
72
41
1
-47
-91
-107
-124
-134
-119
-93
-67
-67
-86
-88
-81
-68
-59
-65
-41
-51
-45
-61
-74
-47
-54
-38
-34
-40
-40
-42
-47
-60
-73
-71
-75
-68
-62
-42
-32
-9
5
-7
13
1
23
-4
-10
12
29
67
79
98
112
114
98
70
42
82
37
33
22
-11
-11
-21
-32
-48
-38
-60
-35
-41
-74
-73
-47
-36
-36
-15
44
93
128
157
153
139
169
160
153
172
157
177
177
170
136
124
106
38
-11
-54
-73
-107
-125
-154
-211
-235
-229
-236
-270
-276
-286
-278
-258
-226
-222
-206
-150
-152
-98
-61
-61
25
70
66
91
112
124
142
100
106
146
150
163
198
103
107
112
62
118
15
56
91
155
166
30
24
52
10
4
63
19
106
95
-51
-81
-19
-132
-120
14
-164
-6
-25
69
88
-233
-152
-49
-34
45
10
-83
134
84
-129
43
95
-164
10
16
-78
-12
-81
32
87
-105
-78
110
109
28
-92
-18
-38
38
-10
-52
88
12
-12
47
37
-139
-224
-54
-68
-165
-142
-98
-89
-148
-92
-44
-37
9
-37
4
77
128
130
234
170
61
159
230
216
180
146
157
179
94
237
88
-2
56
37
-25
53
70
-33
-12
-112
-196
-114
-51
-84
-116
-107
-113
-108
-75
-144
-183
-117
-186
-181
-137
-193
-197
-131
-2
-87
-21
18
77
65
30
65
131
144
108
164
103
119
138
94
94
97
-32
-16
110
-52
-50
-19
-22
-64
-38
-18
-96
-89
-138
-113
-117
-19
-17
-4
-15
21
-26
-8
39
54
22
-6
84
62
96
91
122
84
47
117
175
167
195
127
102
111
60
100
125
58
30
37
98
-47
-161
-100
-143
-258
-228
-144
-141
-214
-146
-106
-197
-190
-116
-123
-153
-145
-184
-79
-54
-56
-19
0
-23
41
30
52
44
91
63
35
68
129
150
194
299
231
191
130
65
123
74
-51
97
57
77
117
48
9
-14
-100
-129
-106
-129
-166
-120
-73
-215
-142
-54
-73
2
-8
-87
51
14
32
155
74
49
157
127
55
153
119
92
72
-68
50
35
-41
106
119
100
83
54
49
-72
-85
-53
-222
