10
9
17
3
-4
11
1
2
9
7
-1
2
0
-2
6
2
7
-5
1
3
-3
4
9
4
14
-5
8
7
-2
22
-5
5
14
2
1
10
1
-3
6
-8
1
2
2
-4
-20
7
-14
-13
7
-18
-3
0
-22
-5
-1
-17
-3
1
-9
-6
-3
-11
-7
4
-6
-8
4
-11
3
-1
-18
-1
-7
-20
0
-9
-27
-3
-8
-19
-2
-11
-10
2
-14
-14
-11
-14
-11
-2
-14
-11
4
5
-8
11
20
-14
13
10
-15
11
15
-1
15
7
1
18
11
2
6
16
-2
9
17
-11
3
22
-5
5
13
-3
3
9
9
7
3
7
8
-6
5
2
-3
12
8
-4
7
-8
-3
9
-6
-4
-8
-11
-9
-7
0
-1
-10
-11
-13
1
14
-11
4
2
-18
21
6
-23
9
-2
0
13
3
9
5
7
3
-3
3
3
-1
7
-7
-3
18
-11
-3
14
-13
12
18
-2
0
-4
12
11
-3
19
12
-5
23
7
-1
17
12
11
20
25
14
24
10
16
18
1
16
24
12
6
12
10
5
1
10
-2
-1
2
-5
-3
-3
-8
3
0
-12
6
-9
-13
-17
-20
-13
-16
-19
-18
-23
-28
-24
-24
-23
-12
-14
-25
-7
-11
-15
0
-13
-22
0
-2
-4
-8
8
0
-15
-2
-14
-16
-15
-8
-10
-3
-21
-3
-9
-18
-5
-26
-28
-14
-10
-12
-4
0
-7
-16
0
3
-4
16
9
-9
2
6
-9
9
9
-10
1
3
5
10
6
16
21
18
8
7
0
9
13
0
-1
7
-3
-10
-2
-9
-17
-7
-22
-16
-21
-39
-16
-24
-25
-20
-26
-33
-2
-14
-26
-6
-33
-22
-6
-24
-8
17
-11
1
2
-19
-3
13
-13
13
-4
-5
17
4
1
7
19
5
22
2
6
-8
6
16
-2
11
10
-25
9
5
-10
41
-6
7
23
2
19
36
9
13
31
-12
5
27
-1
2
-20
32
-2
-23
80
-49
-32
51
-54
27
14
-30
21
-49
-13
31
-64
47
-23
-63
52
12
-35
81
-55
-3
107
-88
109
1
-43
149
-51
5
107
-85
81
10
-52
101
-57
13
61
-126
101
29
-60
57
7
-11
0
95
-65
-34
51
-18
-170
140
12
-220
146
-9
-103
55
153
-50
54
98
-150
183
112
-132
78
-56
11
-22
-93
-30
54
-100
-23
-76
-53
247
-157
-11
144
-11
41
184
-76
138
62
-21
144
-2
-98
212
-10
-269
270
-180
-124
246
-298
-111
239
-162
-159
262
-205
-16
357
-268
21
173
-25
-146
173
9
-76
-116
192
-107
-291
536
-409
-94
350
-373
-71
411
-479
26
228
-509
313
-68
-212
283
-396
202
81
-341
349
-8
-307
314
11
-448
655
-311
-258
531
-570
316
61
-297
320
-232
63
193
-258
179
153
-356
315
-18
-380
431
-61
-360
166
195
-240
-94
309
-181
-144
376
-153
-168
234
29
-151
106
100
-200
130
171
-389
138
428
-579
219
24
-181
133
-67
-48
-64
-94
9
163
-561
544
0
-523
579
-336
113
245
-223
90
3
11
100
140
-485
415
120
-580
247
301
-323
-80
218
-182
-191
244
107
-594
445
-79
-208
173
-10
19
-116
236
-10
-229
406
-135
-112
265
-244
50
135
-172
-95
249
-260
98
174
-275
257
-113
87
86
-274
249
-77
-160
222
-201
41
68
-239
264
-63
-16
290
-9
-110
349
-100
136
119
-37
-102
-45
49
-98
4
-410
287
1
-616
470
46
-616
556
93
-569
383
403
-246
-206
526
122
-562
663
-129
-139
152
57
-24
-197
194
-101
85
-269
81
0
47
-50
36
43
-265
425
-154
-395
496
-243
-237
418
-472
228
146
-274
199
95
-40
85
65
22
90
-111
383
-216
-273
597
-527
-31
415
-524
68
282
-439
214
174
-302
381
-153
-181
356
-66
-156
83
-274
253
-175
-168
406
-553
321
164
-98
54
405
-183
99
421
-459
112
84
-178
-186
-138
-13
-125
-44
45
-285
278
-58
-145
67
101
-136
-25
128
-187
188
-108
-6
318
-101
22
321
-42
-6
82
48
-279
104
-53
-318
-112
55
-12
-172
229
-251
142
350
-313
-62
268
-464
350
-133
-410
565
-244
-123
429
112
-256
422
85
-185
104
163
-398
94
-93
-128
-21
-157
-44
96
-6
-44
229
-226
31
241
-199
-431
561
-275
-455
477
-108
-218
283
264
-485
368
205
-330
163
-29
107
-274
287
5
-126
165
93
-232
271
49
-546
546
-613
62
153
-543
109
50
-310
207
96
-246
397
0
-164
415
-96
-234
506
-429
-162
339
-127
-324
282
-93
-59
81
-88
-43
15
166
-453
519
-199
-115
394
-245
206
-54
287
-199
-197
511
-228
-230
116
45
-13
-79
281
-494
485
265
-458
344
-69
117
-142
138
-317
-200
435
-300
-90
75
306
-312
153
465
-676
327
163
-387
32
85
-116
-306
351
-111
-96
196
-77
145
-153
333
-107
-213
351
139
-484
355
-67
-211
134
-194
-206
227
157
-477
266
-72
-27
281
-164
-96
427
-263
16
509
-494
138
166
-260
171
-139
145
-469
215
-4
-241
364
-355
236
-5
133
-19
-88
221
-23
146
-156
-77
591
-560
-1
227
-340
186
65
-283
-240
117
272
-467
-30
290
-171
169
103
16
-130
144
42
5
-96
56
-163
-225
402
-149
-304
556
-17
-348
663
-415
-264
451
-408
-219
484
-258
-147
574
-317
-68
377
-11
-299
98
17
-251
-8
-182
206
-94
242
-127
222
129
-82
314
-310
-109
309
209
-520
376
-269
-125
363
92
-410
308
11
-231
357
-326
-203
235
-99
-195
508
-507
145
394
-499
18
643
-345
-84
254
-55
-48
36
131
-96
17
139
182
-183
-211
167
84
-86
-311
399
-181
-335
574
-616
-172
515
-163
-274
569
-420
127
236
-292
300
-230
103
46
-231
309
-1
-356
318
-36
264
-76
-302
67
82
-204
-77
75
-110
138
304
-368
258
-57
-266
146
-173
-114
-195
102
-384
240
108
-259
344
237
-483
531
17
-473
281
-92
-142
243
-58
-119
172
204
-274
-12
221
-158
-18
-61
-384
-53
355
-329
135
-46
120
233
165
-20
-154
64
101
158
-263
63
-68
188
-289
303
-18
-375
699
-425
-393
515
-16
-582
498
-98
-457
600
-15
-674
388
-131
-204
86
-34
-33
65
-52
-349
413
125
-217
-310
689
-420
77
531
-595
44
515
-65
-536
644
-395
-293
566
-434
-86
290
-294
271
-74
-239
483
-340
-230
449
-187
-77
341
-358
209
83
62
188
-399
294
-99
-189
460
-592
29
452
-496
231
476
-215
-254
618
-230
-142
289
-436
124
-72
-19
-91
-66
232
-29
188
-183
-111
478
-333
-112
102
-48
-33
343
-50
-422
441
428
-724
215
318
-508
54
128
-317
22
316
-492
280
-265
338
95
-489
440
-180
205
39
-230
392
-126
81
122
-220
48
43
17
-159
174
-482
346
77
-319
482
-379
52
403
-397
285
390
-527
44
291
15
-42
-81
121
-185
-135
456
-402
-77
70
72
106
-287
297
48
41
-80
42
187
-235
281
73
-478
406
-31
157
-384
137
25
-315
98
-167
47
-331
44
85
89
-286
554
-67
-486
644
109
-422
270
-120
-469
653
-303
-489
636
-297
-299
381
-56
-345
488
-299
-126
399
-234
-13
230
182
-385
425
-229
9
183
-117
-179
-22
31
-314
172
183
-534
204
106
-293
466
-319
88
-64
378
-337
20
346
-372
306
-37
-154
-38
61
145
-241
-171
-122
301
-131
-25
-81
-129
428
-186
366
-441
238
467
-574
169
538
-612
-176
650
-532
-7
174
-76
-142
73
50
-35
98
-98
218
-296
109
368
-258
20
246
-192
-184
396
-37
-145
-27
-196
25
157
-202
-205
79
-126
-138
213
46
-225
154
226
-316
337
183
-363
366
-93
-285
385
23
-408
227
96
-394
138
415
-540
-102
488
-511
263
55
-295
234
57
-53
63
139
102
-88
92
28
-62
77
182
-501
261
79
-275
201
-70
-122
8
157
-355
368
-134
-133
-27
497
-185
-325
827
-505
-66
795
-726
-112
759
-405
-548
731
-242
-443
475
-143
-498
441
117
-629
443
-49
-157
168
123
-199
216
173
-178
52
343
-378
75
407
-449
50
209
27
-328
234
-244
-104
497
-485
-81
210
91
-138
304
-188
14
506
-239
-322
524
-49
-302
471
-354
-174
417
-22
-371
46
77
-184
-98
20
-127
57
-97
47
226
-186
65
287
-187
77
128
-128
-114
480
-261
-413
796
-483
-201
575
-521
-141
452
-627
78
318
-389
61
193
-72
-15
202
-25
-229
400
-87
-315
284
-55
70
-50
-86
58
-52
-12
-36
3
-296
-19
464
-666
257
277
-371
205
200
-92
-88
293
-86
-88
91
126
-78
44
94
-126
-37
93
-34
-321
366
-340
-188
389
-249
7
146
71
-266
402
75
-317
216
116
-198
171
136
-338
327
23
-411
269
72
-678
251
164
-492
-136
433
-312
-148
533
-314
-188
613
-277
-462
830
-422
-253
735
-338
-325
803
-384
-307
787
-535
-413
439
-205
-165
-48
156
-500
155
644
-887
499
246
-487
30
600
-323
-83
326
-9
-177
20
276
-191
80
-299
9
99
-252
104
-1
-228
172
-145
146
205
-160
4
68
36
48
57
-22
94
-44
193
16
-167
522
-275
-38
195
-269
214
4
-153
-30
4
-63
142
-123
30
168
-376
210
392
-349
103
-47
227
-111
-54
207
-274
207
-202
-7
308
-365
65
300
-278
46
247
-244
111
57
-60
-146
-104
312
-234
-220
247
-11
-268
214
3
47
-174
-13
129
-44
67
53
-63
-16
291
-137
-21
304
-196
10
-21
65
-279
189
1
-258
-52
128
96
-339
431
-339
65
70
-57
95
106
-159
-38
277
18
-88
245
-74
32
-11
14
154
-386
220
-72
-92
-145
184
-138
-36
28
-94
80
-45
52
25
-84
-61
179
262
-134
-220
414
-49
-80
171
-201
-36
-29
61
-250
-96
212
-3
-403
315
38
-331
465
130
-520
51
271
-228
201
-95
-103
-51
241
-54
125
-21
-125
182
-28
-127
25
99
-260
3
-10
-154
67
65
-280
64
45
8
-242
87
210
-257
148
-39
-185
158
205
-191
-82
-129
145
226
-217
-4
162
-150
-46
552
-565
-14
426
-406
-81
273
-383
-100
261
-251
-116
90
-158
161
62
-259
149
-25
87
196
-191
-166
318
-75
-33
166
-346
233
60
-369
444
-194
-78
250
-79
-156
168
238
-179
-1
122
-13
71
196
-25
54
192
-12
210
-79
241
-20
-34
85
-293
552
-365
30
206
-320
-29
287
-204
-100
239
-407
198
109
-272
129
332
-393
103
320
-275
202
87
-121
44
112
28
-142
132
257
-238
-184
528
-149
-188
657
-249
-113
291
-81
85
35
-92
-280
304
20
-216
44
214
-173
-54
26
-157
105
-49
-116
-295
419
-304
-6
134
-298
-57
42
-80
-316
126
70
-327
145
125
-245
300
-55
-221
84
224
-282
141
-9
-243
322
47
-246
151
-37
-151
237
-255
92
131
-235
41
-24
-43
-30
-53
-163
-35
-244
-44
220
-289
-3
115
-423
129
208
-322
33
-213
-79
117
20
-154
23
-155
-100
442
-581
112
386
-435
56
220
-164
124
328
-346
35
138
-109
78
148
-292
1
231
-356
406
-84
-170
-139
74
167
-317
168
-126
-61
82
147
-303
-51
300
-152
-168
211
-193
141
349
-366
64
294
37
70
136
-136
111
190
185
-8
-221
412
79
-136
132
268
-327
229
356
-340
268
240
-137
37
148
-55
121
-15
55
-90
-32
214
-119
189
-162
11
195
-203
88
109
15
-330
428
-106
-304
405
-31
-341
177
146
-486
365
204
-515
-26
479
-195
-328
462
-101
-324
340
-48
-386
308
14
-334
271
-161
-143
184
30
-244
91
104
-229
139
-57
-58
60
114
-197
-97
218
-420
168
180
-596
-92
296
-217
-158
234
-298
25
289
-319
112
26
-15
2
-137
33
182
-188
171
303
-382
164
312
54
-87
138
101
0
87
319
-291
159
255
-109
-176
213
-42
-296
432
-335
-137
9
-7
79
-183
-249
99
-142
-128
52
-225
-216
119
-136
-187
109
-130
-101
179
79
-275
37
-116
408
-98
-389
198
256
-237
244
200
-405
359
167
-407
214
131
-483
325
-279
-43
110
-96
37
104
-47
-184
154
19
36
-231
-16
258
-181
9
322
-229
278
244
-224
118
256
116
-52
127
249
58
263
-84
386
105
18
-56
185
-38
-127
506
-425
-7
175
-4
-50
37
-168
-1
-161
-51
86
-322
-199
309
-226
-101
177
-366
182
29
-168
-220
-5
-17
34
-245
128
-17
-112
178
60
-82
26
143
-304
14
88
-76
-251
-52
138
-118
-247
337
-334
-117
242
-191
-156
14
9
-221
110
203
-227
-195
311
14
-98
-22
60
-22
-70
302
160
-294
401
108
-85
399
73
-261
273
144
-142
328
-159
61
175
-17
197
39
-313
215
198
-385
120
-139
-96
195
-30
-103
-2
32
185
-135
-165
87
-134
-149
174
-165
-106
-6
109
169
-353
180
194
-326
217
5
-358
169
108
-250
-60
189
-279
222
-204
-268
364
-478
101
50
-370
-17
73
89
-351
98
53
-374
194
-57
-103
-180
167
117
-274
301
74
-71
307
91
47
-183
411
-37
-15
365
-160
219
-61
444
-69
81
55
-62
47
51
-158
-69
252
-308
60
109
-97
-126
365
-71
-355
183
-28
-119
71
42
19
-190
226
106
-144
187
339
-378
-14
344
-375
506
-193
-259
535
-453
92
350
-608
89
477
-719
90
-162
-162
345
-421
228
-324
-329
378
194
-549
44
250
-388
58
280
-184
-57
438
-90
-108
-26
255
-23
251
-234
-64
-4
-27
369
-199
-33
14
65
-239
139
-35
22
-168
-31
10
-273
289
125
-177
27
127
-98
91
32
200
-76
43
151
-318
132
417
49
-481
252
122
-331
352
-48
-264
45
18
-15
-110
-101
-21
172
-184
-322
238
-85
-137
338
-344
3
112
-62
94
68
-40
62
-26
57
196
-75
-54
217
16
-195
326
-104
-123
137
227
-397
226
-83
-181
362
-227
-109
7
118
-158
86
-138
-73
225
-268
162
-74
-169
369
-287
100
45
-199
149
161
-317
67
205
-157
-2
-28
44
38
-21
-137
-8
-16
-22
-104
42
-244
11
153
-219
-20
-87
84
19
-168
152
-109
-115
162
-19
-4
-94
259
-83
-192
227
93
-103
113
171
-201
89
-105
223
-204
241
-100
-290
204
-327
-50
260
-250
-12
149
-62
184
-31
142
29
33
201
34
-54
349
-104
241
4
49
214
30
102
170
-27
-379
585
-349
-27
282
-353
184
104
-202
128
62
-278
18
-57
-215
7
-17
-241
4
-42
36
-92
21
89
22
233
-82
-129
-28
338
56
-133
111
53
-107
106
-192
-231
154
-120
-184
-414
-167
-46
-304
83
-186
-521
77
-145
-499
186
-87
-126
24
-162
-5
-115
393
-37
117
260
-33
-55
138
196
-39
187
-52
-69
119
47
-26
-73
-53
64
37
263
-125
38
87
-29
100
-38
50
73
160
-49
-147
-27
235
32
222
311
-52
34
372
61
42
454
-56
183
265
-41
106
49
220
197
29
101
-165
-103
245
-69
-67
17
-98
35
50
-195
34
78
26
118
-246
49
-140
-98
-59
27
-89
-190
44
-187
74
-104
-153
-20
-134
120
84
-294
-122
-168
-202
36
-193
-130
-135
-118
-41
-245
-60
69
162
-14
38
-123
-71
148
-23
49
-166
-123
-109
-98
-225
-118
-54
-163
-131
-211
-88
-59
232
-88
108
153
-60
148
107
102
167
179
-60
168
-15
42
134
12
226
99
65
159
-65
23
91
47
12
13
-42
-11
-108
-45
0
-170
53
-168
-148
-127
-94
-90
8
-29
-73
126
42
276
13
73
228
184
260
61
34
12
58
72
76
-49
11
-151
-123
-172
-166
-33
-124
-71
-368
-331
-414
-426
-207
-243
-333
-225
-284
-294
-2
-34
-56
33
42
73
194
60
28
31
-135
105
29
28
118
21
71
12
-14
-1
54
74
87
-5
83
53
44
166
12
136
55
163
112
141
198
136
196
133
225
-51
173
253
256
336
291
129
74
204
240
307
243
426
361
339
377
194
167
326
457
526
464
263
158
24
147
225
77
39
-13
-96
-177
-290
-386
-361
-220
-59
-128
-295
-394
-442
-357
-261
-296
-281
-252
-255
-277
-406
-466
-317
-184
-42
-53
-216
-264
-317
-280
-200
-145
-166
-172
-265
-365
-359
-316
-241
-230
-183
-220
-299
-303
-306
-272
-104
7
42
106
72
78
90
162
379
522
590
560
522
475
580
693
703
752
789
814
751
687
648
656
574
603
595
569
691
675
555
375
408
454
476
486
401
271
184
189
72
-21
-29
-19
-153
-304
-477
-696
-853
-952
-1011
-1190
-1245
-1374
-1569
-1704
-1752
-1747
-1805
-1775
-1784
-1851
-1941
-1968
-2021
-1943
-1721
-1519
-1426
-1348
-1168
-1065
-904
-781
-650
-469
-266
-90
-28
49
227
511
796
1037
1212
1367
1513
1689
1891
2041
2165
2220
2281
2355
2465
2605
2741
2934
3080
3252
3343
3286
3328
3484
3653
3832
3939
3833
3698
3689
3599
3384
3199
2874
2300
1616
788
-80
-906
-1650
-2520
-3593
-4601
-5479
-6154
-6706
-7082
-7357
-7600
-7746
-7695
-7601
-7461
-6990
-6391
-5745
-4950
-4084
-3472
-2789
-1938
-1188
-435
331
941
1233
1617
1951
2058
2122
2187
2152
2037
1927
1704
1507
1414
1485
1497
1463
1517
1712
1945
2170
2501
2647
2889
3388
3867
4204
4647
5059
5327
5899
6559
6880
7154
7629
7903
8232
8254
7013
5331
4427
3848
3035
2074
35
-2858
-4757
-5625
-6746
-7778
-8365
-9220
-9763
-9507
-9663
-10425
-10290
-9228
-7957
-6374
-4894
-4224
-3719
-2398
-908
200
1294
2393
3116
3506
3682
3345
2638
2281
2227
1601
450
-660
-1705
-2787
-3545
-4160
-5034
-5544
-5366
-5159
-5117
-4822
-4488
-4156
-3119
-1663
-660
241
1416
2475
3538
4823
5891
6559
7284
8137
8748
9112
9375
9472
9455
9528
9585
9402
9064
8857
8771
8914
8871
7304
4615
2850
2278
1680
906
-936
-4537
-7377
-7932
-8445
-9458
-9591
-10035
-10837
-10039
-9257
-10267
-10590
-9353
-8115
-6290
-4054
-3530
-3738
-2587
-1116
-61
1298
2371
2755
3238
3622
3343
2762
2178
1800
1664
1046
-30
-981
-2085
-3204
-3696
-4131
-4772
-4702
-4331
-4570
-4713
-4400
-4343
-4023
-2881
-1908
-1463
-804
25
748
1804
3041
4051
5027
6121
7091
7810
8260
8621
9176
9794
10343
10785
10842
10585
10597
10728
10900
11390
10659
7617
4907
4190
3454
2218
647
-3067
-7307
-8418
-8444
-9987
-10846
-11073
-12360
-12306
-10826
-11377
-12409
-11207
-9594
-7971
-5253
-3814
-4163
-3177
-1002
511
1952
3352
3902
4461
5162
5089
4497
3750
3252
3560
3380
1402
-946
-2490
-3536
-3777
-3919
-5471
-7205
-7352
-6916
-6745
-6396
-6189
-5983
-4749
-3130
-2611
-2643
-1983
-570
1401
3408
4543
4913
5502
6706
8085
9048
9462
9835
10455
10925
11044
10851
10339
10068
10600
11093
11143
11178
9669
6017
3481
3209
2684
1599
-96
-4143
-8313
-9124
-9076
-10390
-10791
-10634
-11528
-11225
-9943
-10668
-11453
-9900
-7896
-5927
-3390
-2312
-2699
-1753
341
1887
3150
4265
4848
5246
5447
4923
3767
2626
2314
2626
1867
-455
-2744
-4271
-5276
-5531
-5847
-7156
-8114
-7782
-7424
-7449
-7137
-6609
-5843
-4316
-2824
-2423
-2284
-1274
438
2420
4209
5147
5586
6486
7878
9091
9827
10188
10523
11152
11667
11638
11174
10740
10809
11249
11452
11386
10544
7717
4363
3110
2971
2011
417
-2624
-7131
-9526
-9285
-9958
-11104
-10856
-11057
-11491
-10204
-9610
-10694
-9987
-7574
-5711
-3519
-1542
-1632
-1553
418
2261
3348
4413
4913
5079
5389
4943
3875
2937
1968
1483
1400
13
-2311
-4054
-5931
-7710
-7895
-7741
-8429
-8735
-8897
-9546
-9226
-7806
-6695
-5534
-3946
-2983
-2457
-1385
-128
1176
2897
4508
5696
6776
7730
8535
9393
10134
10667
11215
11668
11856
11827
11460
11007
11075
11300
11207
11454
11448
9012
5173
3268
3096
2595
1503
-1159
-5949
-9348
-9358
-9316
-10373
-10563
-10812
-11586
-10734
-9669
-10601
-10881
-8943
-6773
-4630
-2478
-2172
-2665
-1273
1073
2650
3784
4514
4713
4892
4852
4223
3339
2595
2467
2665
1789
-362
-2796
-5080
-6632
-6819
-6721
-7615
-9001
-10098
-10625
-10130
-8967
-7951
-6958
-5651
-4371
-3506
-2952
-2136
-543
1537
3579
5184
6059
6634
7720
9283
10715
11695
12164
12469
12832
12815
12440
12082
11704
11626
11951
11823
11536
11030
8161
4163
2913
3184
2159
707
-2257
-7641
-10569
-9699
-9885
-10871
-10339
-10915
-12009
-10688
-10066
-11433
-10566
-8088
-6541
-4313
-2356
-2899
-2914
-786
1114
2681
4134
4292
4273
4690
4158
3398
3195
2709
2804
3256
1520
-1329
-2881
-4436
-6005
-5958
-6329
-8205
-9091
-9282
-10266
-10239
-8840
-7817
-6587
-4655
-3705
-3658
-2976
-1703
-94
2006
3833
5040
6051
7033
8154
9515
10680
11697
12628
12981
12921
12929
12534
11840
11639
11828
11832
11597
11386
10958
8750
4962
2689
2591
2025
628
-1855
-6734
-10890
-10897
-10239
-11137
-11055
-11059
-12564
-12265
-10906
-11663
-11620
-9108
-7170
-5458
-3080
-2661
-3228
-1630
767
2528
4190
4951
4725
4730
4531
4074
4052
3823
3592
3778
2667
221
-1655
-3377
-5090
-5414
-5581
-7109
-8529
-9375
-10395
-10553
-9511
-8509
-7391
-5840
-4752
-4230
-3611
-2684
-1051
1167
3105
4448
5365
6153
7368
8965
10359
11498
12404
12708
12708
12743
12447
11933
11702
11684
11761
11603
11010
10776
9960
6634
3239
2718
2736
1537
-68
-3940
-9378
-10923
-9509
-10050
-10815
-10525
-12060
-13060
-11241
-10870
-11908
-10203
-7774
-6430
-4148
-2700
-3515
-2793
-38
2033
3642
4663
4373
4442
4917
4598
4405
4250
3479
3449
3281
1078
-1160
-2358
-4011
-5048
-5150
-6721
-8812
-9274
-9543
-10189
-9943
-9401
-8815
-7141
-5276
-4397
-3717
-2715
-1318
750
2651
3670
4621
5899
7274
8926
10166
10568
11132
11941
12387
12563
12302
11360
10733
10880
10879
10507
10150
9740
9753
8995
5634
2363
1970
2169
1388
-266
-4491
-9680
-10819
-9467
-9742
-10173
-10367
-12122
-12565
-10853
-10722
-11285
-9649
-7659
-5878
-3446
-2673
-3524
-2483
65
2214
4106
4963
4558
4652
5023
4778
4586
4232
3692
3879
3443
1207
-950
-2361
-3803
-4418
-4651
-6373
-8379
-9069
-9506
-9916
-9616
-9213
-8629
-7177
-5564
-4558
-3725
-2728
-1231
801
2499
3559
4676
5975
7346
8945
10167
10630
11263
12142
12523
12554
12352
11712
11254
11357
11339
10889
10417
10073
10101
9303
5922
2557
2073
2171
1174
-758
-5181
-10560
-11790
-10228
-10564
-11506
-11878
-13573
-14005
-11925
-11459
-12176
-10677
-8463
-6601
-4092
-2941
-3570
-2397
456
2755
4675
5596
5086
5147
5679
5392
5276
5252
4568
4305
3755
1328
-1023
-1904
-2781
-3718
-4231
-5949
-8527
-9645
-9693
-9750
-9325
-8747
-8570
-7993
-6564
-5024
-3814
-2494
-744
1026
2457
3586
4554
5645
7280
9220
10571
11019
11257
11654
11986
12390
12648
12238
11562
11156
10812
10374
9914
9378
9187
9258
7214
3170
951
802
175
-942
-3613
-8759
-12228
-11546
-10998
-11976
-11959
-12532
-13741
-12298
-10590
-11314
-11039
-8637
-6506
-4193
-1949
-1804
-1867
193
2862
4923
6125
5999
5712
6001
5855
5601
5442
4555
3876
3671
1943
-686
-2093
-2904
-3938
-4674
-6083
-8595
-10131
-10053
-9894
-9839
-9611
-9379
-8711
-7063
-5154
-3932
-2955
-1285
756
2447
3796
4815
5704
7140
9063
10393
10790
10974
11383
11881
12209
12072
11478
10905
10556
10118
9548
8808
8014
7712
8234
7370
3556
141
-307
-129
-616
-2230
-6650
-11362
-11900
-10450
-10623
-10827
-10866
-12198
-11788
-9566
-9454
-9908
-8046
-5685
-3670
-1332
-552
-1208
-177
2385
4631
6059
6127
5445
5412
5463
5195
5037
4209
3112
2952
2223
-84
-1914
-3016
-4345
-4933
-5336
-7208
-9179
-9773
-10082
-10087
-9270
-8732
-8353
-7100
-5528
-4352
-3040
-1478
163
2084
3792
4795
5672
6836
8205
9805
10898
11033
11021
11354
11493
11387
11270
10724
9916
9272
8572
7859
7331
6900
6951
7216
5192
1128
-999
-790
-737
-1327
-3753
-8603
-11781
-11020
-9982
-10141
-10006
-10613
-11424
-9920
-8483
-9008
-8559
-6386
-4314
-2114
-366
-701
-1041
761
3215
5059
5801
5273
4706
4769
4538
4122
3619
2671
2247
2294
796
-1721
-3186
-4166
-4847
-4854
-5793
-7952
-9232
-9424
-9576
-9192
-8523
-8094
-6929
-5178
-3934
-3040
-1892
-381
1743
3981
5185
5767
6677
7808
9102
10438
10837
10533
10743
11273
11141
10463
9736
8824
8147
7796
7074
6211
5672
5391
5627
5986
3934
56
-1535
-652
-258
-977
-3580
-8275
-10829
-9235
-7801
-8152
-8291
-8944
-9722
-8220
-6893
-7619
-7226
-5032
-3321
-1679
-354
-1087
-1509
603
3030
4254
4496
3726
2975
3136
3135
2695
2275
1627
1241
1188
-266
-2680
-3831
-4048
-4321
-4645
-5698
-7693
-8996
-8897
-8571
-8222
-7570
-6694
-5553
-4275
-3140
-2260
-1108
861
3194
4776
5461
5904
6403
7304
8710
9722
9770
9568
9564
9473
9084
8570
7918
7197
6792
6368
5469
4688
4452
4516
5069
5911
4388
578
-1070
79
710
275
-1693
-6100
-9105
-7747
-6242
-6748
-6810
-7174
-8300
-7424
-6219
-7036
-7028
-4969
-3292
-1967
-883
-1586
-2128
-395
1784
3091
3382
2642
2145
2440
2219
1820
1852
1401
1134
1380
-45
-2461
-3151
-3091
-3535
-3734
-4596
-6747
-7892
-7556
-7492
-7285
-6462
-5704
-4770
-3493
-2626
-2165
-926
1183
3269
4679
5157
5143
5420
6399
7791
8678
8727
8555
8407
8236
7944
7458
6883
6504
6405
5986
5174
4602
4403
4562
5312
6228
4829
1219
-470
576
1291
840
-1277
-5694
-8836
-7688
-6047
-6474
-6784
-7341
-8683
-8071
-6725
-7299
-7511
-5656
-4004
-2867
-1800
-2181
-2759
-1168
1275
2798
3075
2398
1985
2324
2336
2235
2348
1948
1659
1820
482
-1794
-2497
-2335
-2575
-2860
-4123
-6601
-7814
-7197
-6651
-6460
-6317
-6175
-5240
-3645
-2528
-1922
-891
896
3055
4568
4715
4369
4733
5914
7563
8575
8244
7492
7268
7592
7802
7421
6792
6357
6208
5934
5312
4668
4463
4974
5983
6930
6097
2668
120
998
2533
2440
551
-3609
-7682
-7602
-5470
-5549
-6473
-7014
-8340
-8356
-6951
-7331
-8171
-6704
-4806
-3707
-2625
-2766
-3708
-2363
410
2125
2581
2085
1426
1844
2434
2402
2472
2321
1793
1854
1210
-932
-2170
-1892
-1874
-2310
-3462
-5959
-7791
-7329
-6431
-6239
-6277
-6425
-6019
-4670
-3332
-2465
-1397
251
2049
3376
3650
3299
3708
5034
6658
7738
7554
6722
6406
6957
7544
7442
7077
6679
6283
5966
5510
4925
4878
5645
6536
7233
7238
4677
1347
1245
3009
3411
2292
-947
-5804
-7806
-6082
-5360
-6173
-6465
-7580
-8686
-7838
-7503
-8358
-7545
-5636
-4441
-3289
-2862
-3766
-3179
-732
1200
2241
2341
1623
1735
2482
2467
2499
2744
2261
2038
1948
220
-1606
-1570
-1259
-1682
-2587
-4590
-6823
-7052
-6175
-5888
-5922
-6080
-6019
-5090
-3854
-2995
-1938
-384
1220
2576
3127
2817
3026
4262
5686
6835
7146
6580
6163
6466
6915
6934
6848
6612
6176
5852
5429
4887
4948
5624
6293
6853
7288
5819
2504
1100
2286
3095
2587
317
-4262
-7790
-7163
-5759
-6105
-6409
-7127
-8871
-8904
-7961
-8384
-8256
-6458
-5032
-4108
-3232
-3606
-3805
-1919
414
1905
2510
2098
1769
2252
2435
2618
3225
3060
2525
2438
1233
-825
-1209
-648
-922
-1753
-3409
-5788
-6719
-5977
-5434
-5402
-5623
-5769
-5182
-4089
-3186
-2141
-711
736
2177
2976
2615
2443
3519
4949
6203
6834
6367
5739
5822
6309
6664
6826
6645
6222
5906
5593
5236
5243
5790
6573
7305
7860
7219
4246
1599
2131
3692
3685
1805
-2364
-7053
-7915
-5993
-5724
-6521
-7050
-8672
-9550
-8492
-8490
-9070
-7597
-5614
-4557
-3573
-3599
-4415
-3154
-356
1737
2705
2393
1594
1936
2594
2823
3399
3441
2574
2423
2077
74
-1115
-606
-554
-1237
-2513
-4960
-6929
-6598
-5506
-5148
-5463
-6165
-6318
-5319
-3851
-2426
-1150
-172
1025
2153
2240
1999
2732
3997
5273
6361
6314
5507
5243
5767
6577
7238
7241
6529
5905
5689
5632
5706
6061
6618
7283
7976
8112
5912
2373
1620
3486
4349
3092
-514
-5890
-8655
-6946
-5499
-6194
-6914
-8292
-9867
-9159
-8304
-8927
-8200
-5991
-4591
-3654
-3217
-4076
-3647
-831
1801
3090
3046
2102
1990
2836
3247
3625
3852
3111
2620
2574
1002
-809
-650
-173
-758
-2061
-4399
-6829
-7010
-5686
-5159
-5706
-6696
-7082
-6057
-4275
-2821
-1873
-1033
220
1607
2085
1791
2159
3415
4847
6182
6436
5580
5106
5673
6731
7452
7422
6633
5847
5588
5588
5589
5750
6135
6695
7316
7720
6498
3131
1151
2453
3896
3313
563
-4415
-8554
-8071
-5845
-5819
-6668
-7744
-9690
-9842
-8442
-8471
-8387
-6522
-4916
-4161
-3434
-3766
-4006
-1764
1157
2719
3065
2381
1818
2577
3410
3757
4043
3637
2888
2799
1952
-19
-605
15
-206
-1392
-3445
-6157
-7239
-6007
-4980
-5309
-6434
-7210
-6559
-4721
-3030
-2111
-1419
-277
1300
2267
2074
1994
3011
4617
6277
6953
6174
5431
5800
6912
7798
7857
7117
6346
5998
5783
5624
5723
6113
6699
7263
7533
6831
4073
1462
1985
3594
3434
1294
-3015
-7786
-8708
-6439
-5773
-6640
-7358
-9097
-10088
-8790
-8233
-8460
-6978
-5095
-4349
-3644
-3441
-3912
-2406
588
2492
3130
2716
1914
2292
3248
3597
3860
3639
2697
2345
1920
91
-1093
-606
-456
-1251
-2911
-5806
-7923
-7244
-5635
-5211
-6082
-7415
-7679
-6177
-4093
-2662
-1676
-707
654
1892
1956
1663
2431
4119
6047
7245
6729
5562
5535
6744
8050
8496
7846
6859
6514
6493
6171
5878
6115
6823
7662
8179
7664
4958
1725
1645
3618
4108
2313
-1806
-6979
-8976
-6906
-5655
-6552
-7291
-8612
-9906
-9008
-8192
-8510
-7341
-5113
-3980
-3404
-3088
-3558
-2536
484
2793
3615
3297
2406
2457
3347
3637
3771
3747
2900
2234
1829
167
-1424
-1198
-806
-1325
-2655
-5471
-8280
-8335
-6698
-5767
-6108
-7513
-8517
-7599
-5394
-3529
-2144
-992
119
1361
1901
1737
2253
3826
5730
7277
7361
6123
5438
6275
7778
8813
8643
7436
6475
6322
6325
6180
6284
6647
7167
7783
7969
6143
2490
1061
2766
4057
3206
-197
-5640
-9277
-8029
-5750
-6004
-6903
-8169
-10016
-9721
-8364
-8394
-7904
-5867
-4291
-3575
-3103
-3560
-3326
-612
2240
3621
3557
2561
2167
3053
3632
3754
3902
3274
2475
2175
825
-1228
-1552
-909
-1064
-2263
-4776
-7868
-8730
-7191
-5857
-5907
-7196
-8362
-7794
-5640
-3564
-2213
-1221
-62
1536
2482
2310
2483
3834
5790
7603
8029
6846
5913
6522
8035
9122
9001
7879
6859
6568
6617
6551
6434
6540
7018
7635
7909
6639
3103
773
2098
3790
3298
366
-4798
-9187
-8845
-6208
-5949
-6905
-7887
-9728
-9882
-8414
-8248
-8119
-6235
-4293
-3289
-2738
-3260
-3598
-1272
1735
3407
3555
2461
1671
2418
3139
3118
3179
2640
1726
1522
634
-1531
-2435
-1917
-1767
-2590
-4420
-7254
-8860
-7968
-6491
-5845
-6441
-7531
-7613
-6217
-4107
-2255
-1050
-82
1284
2389
2543
2782
3819
5317
7073
8121
7543
6517
6533
7633
8794
9260
8599
7417
6710
6570
6693
6824
6903
7068
7561
8130
7401
3986
962
1688
3616
3815
1465
-3775
-8902
-9258
-6462
-5630
-6419
-7446
-9501
-9957
-8261
-7868
-7984
-6324
-4386
-3163
-2368
-2773
-3566
-1648
1510
3430
3824
2785
1675
2136
2931
2956
3002
2539
1596
1297
545
-1700
-2899
-2471
-2119
-2601
-4263
-7237
-9225
-8563
-7001
-6116
-6451
-7591
-7833
-6530
-4468
-2615
-1303
-197
1223
2590
2895
2862
3662
5122
6885
8179
7794
6620
6371
7355
8470
8972
8459
7346
6726
6556
6444
6428
6609
7014
7613
8213
7716
4585
1329
1636
3683
4102
2078
-2855
-8249
-9351
-6684
-5574
-6485
-7434
-9237
-10086
-8555
-7984
-8422
-6897
-4690
-3406
-2751
-3044
-3919
-2373
970
3205
3729
2792
1604
1879
2755
2905
3092
2843
1958
1563
915
-1361
-2801
-2284
-1749
-1998
-3279
-6492
-9310
-8935
-7036
-5757
-5789
-7271
-8224
-7079
-4663
-2550
-1221
-142
1144
2687
3416
3166
3612
5169
7034
8596
8539
7169
6506
7421
8730
9348
8848
7586
6879
6774
6569
6355
6346
6701
7371
7981
7938
5486
1933
1314
3245
4124
2767
-1344
-6971
-9566
-7518
-5729
-6348
-7208
-8747
-10309
-9322
-8186
-8599
-7602
-5364
-4114
-3442
-3280
-4124
-3322
-240
2240
3142
2653
1408
1280
2288
2639
2822
2859
1972
1208
870
-846
-2610
-2429
-1824
-2073
-2906
-5548
-8902
-9315
-7455
-5952
-5569
-6810
-8304
-7769
-5402
-3107
-1581
-369
709
1979
3021
2957
3078
4586
6535
8156
8627
7589
6494
6987
8437
9422
9423
8357
7242
6914
6893
6808
6784
6995
7503
8204
8868
7137
3000
1198
2907
4453
4092
671
-5532
-9630
-8240
-5737
-5736
-6590
-8227
-10363
-9792
-8156
-8414
-8150
-6147
-4531
-3507
-3034
-3964
-3964
-1204
1763
3297
3099
1653
1144
2218
2808
2936
2974
2136
1269
1164
-133
-2322
-2787
-2198
-2170
-2745
-4975
-8585
-9720
-8007
-6375
-5837
-6873
-8430
-8074
-5708
-3482
-2125
-969
123
1475
2876
2913
2669
3937
5901
7623
8401
7610
6367
6608
8070
9081
9259
8474
7364
7084
7158
6851
6688
7028
7718
8596
9333
7609
3345
1219
2786
4510
4285
995
-5067
-9338
-8481
-6096
-5992
-6896
-8158
-10002
-9902
-8649
-8793
-8616
-6513
-4461
-3428
-3176
-3942
-4026
-1473
1696
3371
3263
2048
1531
2323
2773
2892
3097
2662
1972
1601
202
-2023
-2666
-1973
-1627
-2324
-4634
-8123
-9543
-8066
-6369
-5841
-6810
-8199
-7877
-5689
-3536
-2234
-1126
141
1739
3253
3380
3088
4186
6224
8116
8923
8168
7056
7185
8427
9343
9303
8463
7478
7159
7019
6533
6253
6555
7311
8183
8673
7303
3600
1083
2138
4007
3944
1193
-4260
-8983
-9090
-6708
-6235
-7106
-8065
-9844
-10353
-9217
-9120
-9172
-7230
-5059
-4026
-3556
-3957
-4364
-2268
1045
2988
3303
2397
1597
2116
2743
2864
3186
3014
2191
1662
601
-1584
-2541
-1860
-1451
-2134
-4280
-7560
-9327
-8273
-6632
-6005
-6721
-8027
-8009
-6170
-4158
-2788
-1505
-146
1421
2954
3183
2778
3708
5735
7629
8586
8061
6991
7004
8103
9104
9198
8500
7679
7332
7166
6706
6285
6474
7294
8183
8698
8097
5228
2032
1983
3965
4497
2758
-1649
-7114
-9088
-7115
-5936
-6604
-7295
-8926
-10350
-9582
-8993
-9280
-7839
-5525
-4408
-3822
-3824
-4470
-3253
-93
2267
3077
2510
1429
1612
2506
2705
2965
3027
2137
1489
1061
-786
-2359
-2057
-1586
-2124
-3657
-6317
-8593
-8375
-6898
-6137
-6440
-7371
-7674
-6495
-4703
-3199
-1868
-502
934
2339
2857
2606
3197
4807
6460
7650
7752
6881
6528
7147
8030
8507
8425
7849
7176
6750
6361
6153
6423
7061
7679
8077
8281
6869
3546
1867
3142
4329
3892
1003
-4511
-8685
-8107
-5988
-5799
-6320
-7764
-10103
-10161
-8788
-8643
-8076
-6232
-5023
-4345
-3720
-4161
-4136
-1765
987
2480
2637
1610
1055
1810
2374
2770
3141
2489
1533
1245
92
-1802
-2126
-1519
-1835
-2971
-5101
-7635
-8123
-6717
-5663
-5758
-6595
-7028
-6064
-4180
-2590
-1522
-415
940
2474
3448
3331
3492
4843
6511
7823
8205
7385
6714
7150
8036
8506
8333
7617
6849
6476
6077
5673
5804
6310
6923
7355
7481
6630
3855
1531
2175
3668
3556
1226
-3497
-8127
-8759
-6502
-5812
-6608
-7540
-9392
-10250
-9083
-8576
-8524
-6903
-5097
-4409
-4015
-4147
-4385
-2563
437
2155
2412
1596
842
1436
2193
2364
2611
2349
1413
988
303
-1571
-2534
-1827
-1667
-2659
-4399
-6884
-8069
-6860
-5410
-5243
-5994
-6628
-5997
-4221
-2577
-1586
-669
572
2054
3225
3288
3072
4078
5802
7237
7910
7375
6539
6753
7732
8402
8365
7729
6949
6621
6479
6065
5923
6282
6787
7218
7447
7230
5410
2624
1880
3128
3666
2439
-1018
-5946
-8542
-7231
-5686
-5988
-6744
-8234
-9906
-9380
-8155
-8097
-7332
-5651
-4721
-4146
-3719
-4026
-3398
-925
1320
2234
1969
972
816
1664
2208
2534
2479
1443
605
389
-711
-2152
-2203
-1946
-2699
-3893
-5680
-7530
-7498
-6172
-5495
-5677
-6165
-6199
-5200
-3586
-2131
-1014
86
1313
2442
2978
2934
3375
4718
6203
7270
7388
6592
6128
6659
7513
7972
7747
6932
6281
6213
6162
5948
5969
6284
6826
7480
7905
6960
4111
2063
2679
3886
3725
1414
-3256
-7392
-7682
-5880
-5406
-6088
-7301
-9108
-9513
-8318
-7928
-7808
-6453
-5113
-4405
-3827
-3954
-3983
-2228
232
1713
1998
1307
835
1478
2158
2349
2456
2038
1352
1078
212
-1581
-2391
-1932
-1976
-3002
-4712
-6755
-7518
-6460
-5358
-5281
-5768
-5942
-5114
-3610
-2280
-1293
-346
936
2431
3311
3245
3212
4264
5985
7358
7788
7207
6493
6626
7395
7945
7877
7283
6522
5923
5554
5372
5427
5725
6206
6522
6656
6493
4725
2107
1558
2805
3289
2087
-1357
-6096
-8316
-6949
-5425
-5509
-6452
-8234
-9644
-9058
-8051
-7847
-7038
-5650
-4747
-4103
-3986
-4322
-3370
-1055
1023
2056
1654
670
752
1600
2153
2548
2367
1419
934
754
-414
-1751
-2150
-2351
-2739
-3335
-4793
-6620
-7225
-6498
-5437
-4726
-4741
-5055
-4717
-3457
-1720
-215
702
1516
2490
3167
3540
4002
4807
6062
7290
7601
6984
6346
6410
7223
7991
7778
6782
5915
5517
5562
5837
5896
5925
6309
6910
7317
6204
3243
1335
2257
3711
3459
713
-4233
-7922
-7455
-5396
-4959
-5867
-7510
-9172
-9030
-7843
-7692
-7541
-6240
-4944
-4070
-3675
-4182
-4054
-1996
521
2007
2024
971
559
1370
2080
2374
2399
1775
1177
990
10
-1626
-2192
-1786
-1858
-2786
-4509
-6476
-7103
-6185
-5267
-5213
-5630
-5717
-5074
-4007
-2848
-1694
-567
800
2108
2541
2386
2747
3859
5304
6536
6791
6152
5730
6073
6714
7174
7190
6725
6244
5956
5624
5394
5593
6181
6791
7092
7298
7114
5211
2795
2514
3545
3756
2513
-1065
-5802
-7690
-6282
-5113
-5304
-6238
-8167
-9460
-8595
-7586
-7468
-6679
-5461
-4730
-4006
-3707
-3887
-2868
-591
1395
2296
1824
906
1056
1888
2485
2880
2581
1671
1285
937
-435
-1663
-1632
-1377
-1857
-3201
-5358
-6987
-6651
-5346
-4787
-5285
-6031
-5906
-4691
-3209
-2031
-1167
-235
1134
2315
2555
2489
3153
4586
6162
7033
6715
5920
5811
6491
7255
7462
6980
6275
5854
5597
5343
5274
5455
5902
6394
6649
6804
6053
3663
1970
2632
3528
3040
774
-3573
-7304
-7314
-5580
-5218
-5956
-7316
-9127
-9388
-8192
-7846
-7723
-6526
-5384
-4596
-3984
-4154
-4014
-2174
194
1713
2016
1240
776
1465
2202
2583
2824
2350
1642
1437
724
-701
-1295
-1091
-1470
-2395
-3609
-5271
-6280
-6002
-5578
-5417
-5254
-5117
-4815
-4196
-3243
-2038
-764
544
1684
2205
2278
2599
3530
4871
6111
6669
6423
5932
5833
6321
7053
7357
7002
6380
5809
5498
5601
5800
5937
6225
6603
7103
7529
6183
3252
2030
3102
3897
3180
99
-4845
-7642
-6520
-4981
-5166
-6197
-7890
-9304
-8685
-7648
-7805
-7470
-6164
-5094
-4233
-3973
-4449
-3846
-1598
626
1746
1486
586
653
1680
2324
2588
2480
1750
1368
1325
255
-1141
-1322
-1170
-1797
-2769
-4245
-5971
-6419
-5759
-5365
-5280
-5255
-5274
-4922
-4063
-2921
-1707
-480
744
1606
1881
1902
2357
3550
5008
6039
6225
5686
5209
5486
6372
7123
7165
6698
6120
5706
5614
5738
5883
6257
6882
7366
7734
7374
5052
2589
2690
4002
4179
2530
-1602
-6206
-7309
-5452
-4481
-5180
-6560
-8387
-9084
-7948
-7223
-7355
-6684
-5516
-4598
-3928
-4044
-4262
-2907
-445
1447
1973
1159
382
956
2041
2588
2741
2293
1510
1253
791
-639
-1513
-1087
-1025
-2055
-3556
-5406
-6496
-5814
-4874
-4893
-5303
-5566
-5326
-4433
-3296
-2247
-1193
45
1220
1828
1865
1957
2888
4526
5864
6307
5935
5328
5329
6111
6904
7102
6760
6182
5629
5318
5289
5445
5803
6378
6769
6849
6880
5775
3352
2238
3149
3730
2929
330
-4103
-7243
-6632
-4937
-4945
-5922
-7380
-9005
-8917
-7646
-7331
-7105
-6014
-5148
-4601
-4173
-4200
-3632
-1626
517
1634
1567
734
479
1336
2225
2716
2794
2078
1235
916
118
-1043
-1093
-846
-1659
-2760
-3958
-5527
-6071
-5408
-4995
-4876
-4706
-4829
-4792
-3892
-2567
-1359
-129
960
1585
1914
2141
2628
3800
5256
6179
6332
5955
5614
5877
6586
7112
7141
6724
6075
5600
5443
5534
5880
6392
6716
6851
7143
6561
4228
2325
2645
3530
3346
1446
-2743
-6820
-7307
-5433
-4753
-5478
-6738
-8484
-9010
-7813
-7150
-7163
-6326
-5197
-4480
-4006
-4050
-4004
-2516
-167
1448
1694
838
213
824
1851
2458
2626
2020
1097
806
277
-1074
-1654
-1385
-1798
-2594
-3567
-5385
-6614
-6123
-5326
-4948
-4660
-4840
-5105
-4283
-2719
-1508
-466
613
1328
1928
2471
2781
3433
4710
5964
6594
6410
5863
5782
6385
7124
7448
7132
6408
5938
5855
5769
5810
6231
6669
7038
7552
6954
4268
1936
2127
3317
3545
1766
-2504
-6792
-7581
-5726
-4755
-5384
-6702
-8299
-8772
-7740
-7091
-7048
-6239
-4942
-3963
-3474
-3678
-3772
-2455
-144
1618
1984
1200
579
1073
1862
2204
2342
2072
1448
1065
308
-1279
-2083
-1514
-1397
-2425
-3974
-5812
-6748
-5971
-5141
-5332
-5659
-5469
-4897
-3959
-2814
-2026
-1178
363
1788
2433
2584
2724
3523
5018
6390
6874
6464
5996
6193
6916
7387
7335
7081
6693
6271
6010
5667
5402
5788
6508
6861
7021
6623
4399
1911
1764
2814
2938
1510
-2039
-6353
-7941
-6515
-5412
-5780
-6715
-8255
-9236
-8530
-7734
-7491
-6615
-5349
-4505
-4001
-3970
-3997
-2773
-537
1310
2026
1537
850
1166
1939
2310
2558
2540
1864
1206
544
-829
-1752
-1257
-870
-1873
-3673
-5464
-6363
-5825
-5001
-5144
-5717
-5659
-4877
-4080
-3438
-2572
-1415
125
1706
2452
2362
2481
3544
5073
6269
6868
6691
6322
6579
7164
7465
7428
7423
7409
6979
6280
5703
5581
6136
6946
7199
6912
6746
5647
3214
2021
2670
3002
2177
-374
-4804
-7966
-7384
-5672
-5539
-6303
-7844
-9582
-9328
-7947
-7450
-7034
-6075
-5247
-4458
-3880
-3993
-3494
-1456
752
1996
1861
825
683
1692
2455
2696
2536
1753
1096
950
5
-1547
-1889
-1374
-1522
-2722
-4733
-6591
-6846
-5739
-4967
-5233
-5854
-5875
-5039
-3882
-2819
-1813
-820
491
1898
2505
2425
2745
3874
5349
6665
7076
6433
5904
6331
7275
7895
7806
7339
6832
6477
6308
6138
6050
6402
7092
7492
7507
6633
4097
2008
2640
3877
3406
1075
-3109
-6979
-7319
-5396
-4977
-5977
-7143
-8688
-9154
-8101
-7619
-7484
-6384
-5136
-4485
-4098
-4156
-3994
-2213
148
1499
1725
1094
762
1488
2165
2319
2464
2310
1713
1280
421
-1151
-1818
-1369
-1487
-2518
-3993
-5596
-6303
-5879
-5564
-5750
-5707
-5298
-4651
-4087
-3763
-3054
-1609
105
1528
2143
2024
2196
3389
4888
5991
6665
6588
6168
6201
6672
7125
7388
7381
7031
6456
5904
5562
5670
6133
6606
6838
6895
6784
5369
2909
1959
2893
3483
2584
-438
-5077
-7791
-6718
-5030
-5109
-6129
-7968
-9641
-9114
-7824
-7593
-7174
-6094
-5241
-4562
-4155
-4396
-3677
-1319
883
1899
1605
627
645
1739
2543
2889
2754
1903
1236
1110
147
-1169
-1389
-1351
-1848
-2627
-4174
-5950
-6383
-5754
-5294
-5075
-4950
-5016
-4665
-3938
-3097
-1841
-408
901
1948
2311
2298
2883
4283
5707
6865
7351
6733
6150
6368
7053
7699
7879
7407
6614
6021
5725
5654
5910
6284
6639
6910
7115
6539
4223
2010
2146
3392
3547
1796
-2362
-6849
-7795
-5762
-4755
-5342
-6679
-8769
-9603
-8355
-7458
-7383
-6628
-5658
-5056
-4434
-4285
-4364
-2933
-598
1047
1489
755
50
646
1792
2423
2634
2112
1099
784
577
-542
-1289
-1166
-1286
-2030
-3441
-5467
-6602
-6017
-5042
-4856
-5263
-5682
-5524
-4462
-3212
-2097
-1011
1
1072
1889
2051
2280
3260
4762
6147
6946
6691
5877
5778
6517
7530
8024
7603
6702
5974
5732
5905
6095
6203
6416
6838
7235
7245
5875
3247
2046
3129
4014
3168
240
-4317
-7239
-6306
-4429
-4585
-5749
-7329
-8854
-8511
-7320
-7184
-7022
-5958
-5029
-4478
-4131
-4354
-3914
-1840
242
1209
957
57
-5
1079
2004
2296
2190
1482
819
714
62
-988
-1090
-831
-1320
-2593
-4374
-5737
-5551
-4604
-4535
-5267
-5752
-5457
-4382
-3283
-2736
-2183
-1082
430
1645
1931
1695
2128
3557
5170
6107
6132
5522
5229
5755
6642
7219
7101
6560
6023
5605
5426
5592
5803
6024
6351
6563
6569
6378
5093
3122
2531
3288
3295
2014
-832
-4757
-6773
-5669
-4485
-4971
-6065
-7730
-9103
-8535
-7342
-7045
-6576
-5769
-5381
-4958
-4366
-4091
-3126
-1175
371
965
721
217
538
1500
2115
2470
2392
1562
867
707
0
-754
-647
-642
-1409
-2676
-4327
-5465
-5146
-4361
-4361
-4893
-5270
-5135
-4203
-3179
-2492
-1652
-478
751
1662
1887
1852
2601
4144
5517
6158
6065
5440
5294
6023
6955
7265
6942
6375
5880
5524
5386
5542
5813
6166
6453
6445
6332
6380
5428
3667
2980
3395
3197
2013
-669
-4427
-6343
-5373
-4488
-5058
-6166
-7843
-9049
-8288
-7105
-7002
-6803
-6301
-5947
-5266
-4502
-4327
-3599
-1843
-227
486
223
-308
106
1254
2085
2497
2124
1090
697
1024
525
-378
-572
-636
-1142
-2240
-4117
-5569
-5232
-4021
-3648
-4525
-5793
-6045
-4634
-2873
-1879
-1479
-1158
-404
866
1638
1672
2204
3523
4812
5545
5447
4667
4609
5772
7069
7347
6617
5647
5341
5690
6092
6169
6039
6169
6625
6979
6962
6867
5932
4384
3776
4022
3477
2076
-290
-3376
-5061
-4608
-4435
-5212
-5920
-7070
-8135
-7827
-7217
-7264
-6834
-6208
-5991
-5498
-4790
-4480
-3620
-2040
-816
-240
-249
-367
211
1239
1845
2201
2053
1333
1020
1212
773
155
-34
-454
-1358
-2476
-3624
-4316
-4157
-3895
-4190
-4912
-5393
-4944
-3743
-2887
-2364
-1753
-1219
-458
550
1023
1141
1971
3213
4015
4347
4359
4137
4453
5322
6114
6310
5865
5310
5243
5451
5704
5947
5979
6040
6412
6632
6628
6840
6068
4285
3451
3665
3252
2197
34
-3206
-5073
-4640
-4386
-4983
-5661
-7012
-8121
-7657
-7045
-7203
-6868
-6365
-6024
-5220
-4524
-4436
-3674
-2150
-935
-156
-49
-282
223
1325
1882
2155
1988
1271
1052
1391
1050
357
-74
-830
-1783
-2393
-2890
-3496
-3826
-4154
-4498
-4541
-4213
-3665
-3104
-2694
-2051
-1115
-435
141
816
1243
1621
2610
3640
4013
4252
4587
4730
4971
5500
5971
6128
5957
5628
5314
5162
5390
5719
5866
5949
6103
6175
6531
6943
5829
3714
2898
3296
3216
2303
-283
-3899
-5653
-4908
-4325
-4696
-5573
-7226
-8295
-7646
-6929
-7016
-6778
-6445
-6043
-5195
-4608
-4620
-3922
-2352
-929
-128
-207
-612
-177
927
1664
2033
1732
938
750
1061
710
77
-242
-861
-1815
-2549
-3189
-3838
-3990
-4015
-4301
-4488
-4257
-3755
-3207
-2580
-1753
-988
-448
145
761
1163
1668
2625
3521
3914
4297
4683
4801
4953
5502
6066
6244
6104
5765
5361
5226
5590
5907
5982
6079
6227
6349
6928
7155
5521
3365
2906
3462
3440
2312
-740
-4341
-5533
-4491
-3996
-4494
-5616
-7320
-7968
-7078
-6575
-6801
-6577
-6238
-5708
-4804
-4349
-4459
-3671
-2054
-689
-84
-322
-636
-62
955
1667
2053
1614
828
777
943
430
-43
-190
-748
-1753
-2732
-3591
-4022
-3791
-3728
-4224
-4716
-4634
-3978
-3181
-2515
-1788
-1160
-584
183
810
1064
1614
2693
3559
3897
4176
4361
4405
4786
5433
5864
5904
5731
5445
5179
5158
5487
5765
5853
5946
6059
6102
6611
6756
5103
3179
2878
3199
3036
1970
-1035
-4387
-5190
-4226
-4068
-4656
-5778
-7401
-7682
-6675
-6514
-6921
-6663
-6225
-5472
-4461
-4258
-4460
-3500
-1887
-603
-83
-435
-630
246
1236
1727
1892
1321
785
1193
1348
424
-286
-375
-594
-1261
-2358
-3708
-4293
-3738
-3273
-3728
-4540
-4773
-3968
-2719
-1849
-1269
-999
-518
625
1562
1740
2048
2906
3728
4317
4801
4786
4556
4974
5744
6174
6096
5712
5281
5133
5250
5450
5509
5438
5523
5879
6083
6495
6493
4741
2916
2780
3099
2960
1987
-953
-4364
-5277
-4376
-4176
-4517
-5377
-7070
-7703
-6909
-6716
-6988
-6658
-6281
-5731
-4833
-4604
-4781
-3933
-2476
-1171
-423
-559
-744
-92
711
1277
1659
1362
873
1039
1063
312
-200
-224
-574
-1526
-2659
-3667
-4046
-3663
-3452
-4053
-4739
-4630
-3707
-2760
-2065
-1387
-1034
-484
560
1173
1250
1812
2790
3571
4097
4466
4418
4439
5090
5862
6231
6098
5664
5262
5178
5326
5562
5651
5576
5710
6145
6403
6818
6629
4723
3069
3221
3641
3407
2073
-1101
-4245
-4725
-3658
-3600
-4179
-5196
-6843
-7304
-6511
-6429
-6696
-6386
-6042
-5563
-4842
-4727
-4762
-3673
-2175
-1066
-570
-802
-859
-15
874
1365
1577
1274
852
995
970
283
-139
-244
-758
-1732
-2744
-3583
-3879
-3670
-3712
-4243
-4673
-4470
-3751
-3022
-2399
-1720
-1202
-582
205
678
920
1569
2516
3264
3746
4093
4182
4318
4866
5507
5859
5809
5447
5082
4929
5076
5398
5610
5617
5622
5857
6200
6641
6162
4271
2936
3217
3664
3423
1634
-1792
-4409
-4313
-3223
-3300
-4173
-5600
-7066
-6987
-6095
-6179
-6494
-6287
-5898
-5209
-4486
-4524
-4511
-3261
-1721
-681
-372
-723
-753
165
1101
1603
1689
1221
822
1061
996
242
-272
-603
-1039
-1483
-2216
-3337
-4016
-4027
-3911
-3775
-3735
-3802
-3655
-3081
-2325
-1426
-618
-49
484
1130
1637
2189
2933
3542
4104
4768
5154
5108
5179
5566
5951
6132
5933
5387
4946
5035
5365
5509
5452
5349
5489
6084
6530
5421
3240
2229
2772
3381
3137
703
-3205
-5342
-4551
-3373
-3464
-4499
-6335
-7610
-6961
-6065
-6315
-6543
-6302
-5805
-4954
-4433
-4754
-4552
-2980
-1314
-377
-491
-1087
-862
326
1277
1684
1476
792
680
1137
843
-95
-577
-719
-750
-1133
-2530
-4150
-4530
-3850
-3249
-3343
-4215
-4766
-4161
-2970
-2054
-1456
-1120
-602
427
1273
1421
1691
2545
3513
4463
4962
4723
4450
4999
5943
6473
6255
5565
5120
5243
5727
5920
5648
5453
5739
6254
6787
6841
5436
3423
2922
3648
3834
3047
494
-3040
-4702
-3875
-3183
-3532
-4389
-6029
-7233
-6757
-6182
-6325
-6174
-5900
-5710
-5122
-4647
-4738
-4174
-2718
-1498
-740
-710
-1075
-691
329
1045
1535
1590
994
746
989
703
135
-75
-383
-812
-1437
-2647
-3825
-4004
-3627
-3455
-3752
-4485
-4768
-4179
-3329
-2622
-1983
-1575
-1040
-115
525
723
1326
2218
2916
3660
4157
4138
4208
4726
5261
5608
5621
5278
5078
5184
5374
5514
5544
5527
5774
6158
6473
6754
6031
4189
3226
3697
4030
3523
1592
-1641
-3879
-3578
-2755
-3011
-3858
-5364
-6798
-6728
-6183
-6292
-6335
-6077
-5833
-5290
-4759
-4895
-4606
-3269
-1921
-1009
-746
-1096
-969
43
981
1509
1663
1242
971
1329
1330
721
272
-65
-403
-732
-1604
-3089
-3937
-3738
-3343
-3294
-3865
-4601
-4615
-3716
-2578
-1863
-1550
-1181
-417
465
957
1398
2049
2767
3696
4462
4562
4394
4667
5287
5820
6072
5811
5320
5185
5390
5547
5509
5474
5592
5786
5985
6286
6106
4692
3217
3082
3477
3385
2246
-461
-3438
-4339
-3495
-3101
-3630
-4887
-6689
-7465
-6851
-6424
-6555
-6574
-6501
-6186
-5428
-5046
-5036
-4257
-2913
-1744
-1048
-1062
-1230
-607
529
1333
1745
1588
1079
1237
1699
1474
973
601
118
-224
-508
-1741
-3441
-3899
-3375
-2987
-3082
-3982
-5045
-4823
-3280
-1969
-1585
-1492
-1305
-730
191
882
1298
1826
2710
3733
4246
4068
3899
4440
5435
6221
6286
5521
4836
5072
5819
6138
5944
5745
5727
6117
6864
7054
5831
4037
3505
4084
4312
3492
1172
-1915
-3534
-3011
-2418
-3026
-4198
-5733
-6884
-6625
-6169
-6559
-6887
-6727
-6445
-5911
-5396
-5461
-5143
-3850
-2591
-1872
-1640
-1723
-1276
-54
920
1266
1362
1179
1241
1866
1932
1324
996
780
373
170
-471
-2236
-3430
-3109
-2659
-2671
-3217
-4453
-5099
-4021
-2453
-1918
-1911
-1878
-1714
-931
23
452
751
1488
2499
3281
3431
3163
3324
4261
5318
5826
5431
4612
4468
5180
5871
5963
5737
5532
5654
6373
7124
6762
5121
3837
4003
4501
4314
2971
284
-2253
-2718
-1994
-2147
-3171
-4494
-5998
-6515
-6005
-6069
-6643
-6792
-6681
-6361
-5693
-5445
-5557
-4846
-3592
-2646
-2039
-1863
-1737
-833
419
1056
1324
1399
1342
1852
2411
2054
1448
1250
1012
797
526
-793
-2460
-2679
-2110
-2049
-2503
-3628
-4705
-4229
-2659
-1829
-1901
-2053
-2058
-1427
-308
288
447
1023
1980
2836
3341
3247
3122
3752
4862
5567
5572
5051
4635
4904
5518
5747
5634
5639
5794
6070
6530
6656
5725
4371
3991
4304
4197
3480
1697
-941
-2578
-2374
-2083
-2702
-3723
-5154
-6500
-6626
-6288
-6628
-7015
-7095
-7130
-6766
-6187
-6137
-5990
-5018
-3933
-3164
-2596
-2288
-1809
-765
237
747
1086
1290
1606
2220
2404
1928
1581
1565
1490
1242
405
-995
-1846
-1718
-1498
-1812
-2681
-3662
-3791
-2945
-2201
-2019
-2067
-2084
-1696
-862
-311
-114
381
1213
2079
2779
3013
2900
3265
4138
4910
5242
5152
4828
4819
5246
5550
5510
5448
5597
5862
6180
6457
6185
5132
4198
4164
4345
3996
2986
1031
-1119
-1864
-1471
-1708
-2643
-3745
-5040
-5850
-5689
-5753
-6472
-6873
-6867
-6722
-6267
-5977
-6145
-5836
-4825
-3941
-3326
-2796
-2429
-1785
-754
26
404
762
1121
1623
2249
2398
2028
1818
1846
1790
1567
845
-324
-1159
-1231
-1133
-1448
-2197
-2969
-3267
-2991
-2502
-2256
-2367
-2435
-2074
-1507
-1086
-751
-370
248
1158
1931
2230
2364
2768
3407
4167
4655
4680
4559
4715
5040
5285
5368
5308
5371
5673
6062
6328
6063
5164
4356
4206
4263
4010
3128
1432
-298
-1034
-1122
-1564
-2325
-3350
-4528
-5232
-5386
-5808
-6521
-6920
-6962
-6718
-6335
-6250
-6435
-6237
-5557
-4715
-3905
-3293
-2798
-2130
-1370
-759
-203
417
1076
1837
2399
2463
2362
2503
2732
2766
2471
1779
1070
744
582
114
-574
-1171
-1470
-1501
-1571
-1872
-2231
-2292
-1988
-1583
-1409
-1436
-1328
-876
-163
493
934
1282
1733
2296
2806
3195
3451
3696
3950
4162
4281
4384
4547
4753
4926
5062
5259
5544
5667
5353
4751
4271
4086
4038
3718
2761
1407
278
-350
-726
-1157
-1925
-2969
-3942
-4604
-5179
-5797
-6304
-6612
-6679
-6575
-6527
-6696
-6830
-6649
-6096
-5323
-4524
-3877
-3415
-2979
-2438
-1737
-911
-38
742
1333
1709
1945
2165
2400
2647
2822
2782
2492
2002
1456
1026
778
606
331
-87
-581
-1040
-1351
-1488
-1497
-1419
-1349
-1341
-1375
-1378
-1212
-832
-321
174
523
753
981
1307
1717
2104
2389
2583
2776
3004
3251
3461
3650
3856
4116
4432
4710
4822
4753
4562
4413
4410
4422
4260
3783
3022
2210
1600
1190
782
181
-642
-1550
-2400
-3084
-3685
-4243
-4695
-5008
-5257
-5543
-5910
-6260
-6368
-6110
-5614
-5112
-4777
-4567
-4292
-3788
-3049
-2218
-1444
-788
-220
336
885
1404
1874
2244
2526
2704
2743
2635
2454
2281
2128
1966
1694
1257
772
383
120
-115
-419
-828
-1233
-1498
-1625
-1713
-1847
-2010
-2101
-2029
-1802
-1537
-1285
-1055
-795
-497
-192
150
531
985
1463
1873
2215
2532
2919
3385
3854
4230
4484
4681
4864
5033
5101
5039
4845
4587
4296
3925
3463
2914
2313
1695
1041
326
-436
-1174
-1817
-2394
-2932
-3550
-4208
-4772
-5174
-5379
-5465
-5525
-5601
-5622
-5464
-5137
-4680
-4173
-3661
-3106
-2485
-1794
-1102
-423
203
802
1379
1849
2229
2529
2764
2968
3082
3080
2951
2740
2507
2218
1885
1465
963
443
-61
-524
-989
-1446
-1904
-2320
-2658
-2896
-3004
-3027
-2983
-2899
-2792
-2639
-2404
-2052
-1577
-1058
-535
-49
425
913
1456
2055
2629
3163
3598
3957
4249
4483
4666
4792
4883
4875
4748
4502
4149
3753
3364
2990
2567
2051
1456
837
281
-230
-730
-1247
-1791
-2272
-2683
-3029
-3349
-3657
-3880
-4007
-4017
-3964
-3872
-3728
-3538
-3257
-2913
-2517
-2084
-1618
-1131
-686
-268
118
494
892
1275
1614
1803
1892
1932
1939
1957
1915
1788
1543
1211
851
483
142
-215
-600
-1011
-1428
-1846
-2226
-2485
-2642
-2753
-2844
-2953
-3017
-2963
-2752
-2412
-2054
-1709
-1372
-1006
-562
-27
539
1075
1584
2029
2427
2764
3039
3313
3548
3755
3846
3790
3620
3412
3244
3076
2897
2638
2270
1888
1517
1184
863
552
249
-58
-324
-594
-869
-1120
-1322
-1440
-1504
-1532
-1586
-1636
-1628
-1575
-1461
-1321
-1151
-960
-777
-606
-482
-336
-164
60
295
452
542
551
558
600
656
699
660
551
362
153
-40
-248
-426
-609
-834
-1102
-1409
-1713
-1954
-2069
-2135
-2243
-2366
-2506
-2589
-2540
-2363
-2144
-1939
-1720
-1519
-1269
-935
-549
-136
286
681
1007
1276
1514
1734
2009
2267
2441
2505
2448
2341
2248
2212
2145
2037
1876
1628
1370
1122
896
704
539
384
195
-1
-220
-417
-538
-584
-581
-587
-610
-647
-652
-612
-526
-377
-210
-43
107
207
292
379
520
699
879
1007
1010
965
914
887
911
913
853
706
507
287
60
-136
-306
-470
-653
-887
-1171
-1452
-1679
-1811
-1860
-1911
-2011
-2134
-2245
-2246
-2130
-1955
-1759
-1580
-1403
-1243
-1029
-758
-454
-130
188
435
617
771
904
1061
1244
1400
1471
1444
1371
1278
1194
1159
1119
1046
926
757
579
402
277
206
149
76
-38
-187
-320
-401
-403
-366
-326
-316
-335
-356
-340
-255
-143
-14
117
224
295
342
403
526
687
861
982
1010
981
947
955
989
1032
1019
922
757
576
409
258
127
-19
-205
-417
-659
-912
-1131
-1292
-1394
-1458
-1545
-1675
-1784
-1835
-1791
-1663
-1503
-1346
-1215
-1087
-933
-733
-484
-233
6
216
384
512
612
706
821
941
1019
1026
966
877
805
759
723
678
609
495
360
226
126
72
47
25
-29
-130
-228
-296
-317
-283
-249
-245
-265
-276
-287
-274
-216
-144
-65
16
77
113
144
203
305
444
586
669
689
702
726
806
908
965
954
887
815
731
656
563
468
339
182
9
-199
-406
-592
-728
-831
-933
-1061
-1203
-1309
-1350
-1320
-1230
-1143
-1064
-978
-878
-732
-553
-361
-168
17
182
307
409
501
582
687
775
804
785
728
663
611
580
535
471
389
280
152
44
-27
-86
-133
-183
-263
-354
-424
-459
-461
-453
-444
-458
-483
-483
-466
-424
-371
-314
-255
-193
-147
-98
-41
23
132
245
344
421
465
509
592
680
751
798
800
771
747
728
672
598
517
407
277
142
-13
-194
-339
-462
-576
-678
-782
-889
-966
-974
-958
-925
-869
-802
-733
-613
-475
-327
-176
-31
114
256
378
485
591
680
742
796
816
793
772
737
693
619
551
465
357
251
145
40
-52
-130
-220
-307
-388
-451
-514
-546
-570
-602
-612
-623
-626
-609
-585
-561
-527
-477
-426
-366
-303
-241
-166
-87
-7
80
174
255
343
440
522
593
657
696
714
738
752
738
695
637
562
477
387
277
163
37
-92
-212
-325
-438
-533
-614
-680
-719
-746
-756
-736
-690
-631
-566
-483
-387
-284
-170
-66
49
176
279
369
450
516
572
616
643
647
644
632
605
560
507
441
380
310
233
159
73
-19
-108
-183
-259
-335
-402
-475
-546
-601
-648
-691
-709
-727
-738
-728
-712
-691
-646
-576
-512
-439
-349
-256
-146
-33
76
185
293
402
498
596
684
739
783
811
825
812
782
735
670
588
483
382
270
155
49
-63
-175
-279
-352
-440
-507
-540
-557
-553
-545
-517
-482
-423
-350
-280
-205
-123
-43
28
112
190
252
315
374
413
460
504
534
539
543
527
509
489
457
429
378
316
239
150
73
5
-80
-162
-250
-344
-425
-498
-565
-635
-694
-737
-784
-819
-823
-824
-797
-744
-697
-630
-545
-456
-347
-232
-106
23
151
278
404
521
613
696
765
817
836
826
801
753
693
615
522
419
297
176
68
-50
-158
-253
-348
-427
-485
-523
-541
-533
-515
-497
-462
-417
-364
-306
-245
-177
-99
-27
31
104
180
246
304
354
397
428
462
487
494
515
518
502
490
471
446
403
358
311
237
179
122
42
-31
-107
-185
-266
-345
-432
-513
-587
-654
-727
-775
-798
-814
-816
-799
-760
-711
-638
-551
-449
-336
-201
-63
77
227
365
492
605
706
770
816
837
830
809
774
722
651
559
455
338
215
100
-18
-126
-230
-312
-390
-453
-489
-513
-536
-537
-527
-514
-486
-437
-392
-347
-293
-220
-136
-61
16
87
146
200
262
320
365
392
437
458
471
489
503
506
499
475
432
395
358
322
272
221
163
79
14
-52
-138
-225
-311
-413
-510
-591
-670
-729
-772
-807
-825
-821
-800
-760
-700
-633
-545
-427
-299
-168
-39
92
212
334
445
532
614
670
703
720
725
712
679
639
587
519
449
366
270
177
99
12
-67
-128
-191
-246
-299
-335
-367
-382
-402
-422
-411
-378
-350
-312
-259
-217
-162
-102
-56
-7
55
107
139
174
211
248
288
328
352
367
380
381
380
382
369
363
347
317
278
229
170
103
43
-38
-132
-215
-313
-396
-464
-529
-579
-627
-676
-695
-701
-705
-681
-630
-573
-498
-411
-335
-249
-142
-41
53
146
225
290
359
430
479
520
564
577
589
582
567
537
496
453
390
340
272
214
158
85
24
-39
-103
-164
-213
-263
-297
-321
-339
-353
-344
-336
-327
-302
-280
-249
-210
-156
-119
-73
-19
21
82
152
217
272
323
367
401
447
475
492
506
512
503
475
446
389
325
257
164
73
-15
-114
-210
-300
-386
-464
-538
-594
-650
-689
-705
-708
-710
-683
-639
-577
-506
-443
-371
-291
-198
-102
-7
76
163
240
304
369
429
466
497
521
534
532
516
495
450
407
366
309
246
181
117
46
-34
-90
-160
-220
-272
-328
-374
-408
-427
-447
-461
-466
-456
-436
-399
-355
-313
-261
-206
-133
-59
19
101
175
250
322
393
459
520
562
591
613
630
630
612
589
551
489
416
347
265
169
81
-12
-114
-204
-289
-383
-439
-497
-553
-590
-605
-612
-614
-589
-565
-520
-462
-407
-343
-273
-202
-132
-54
8
72
147
204
248
289
321
339
349
356
357
357
334
305
285
248
204
164
129
65
12
-40
-99
-158
-210
-258
-310
-341
-374
-401
-420
-430
-422
-406
-386
-358
-323
-277
-223
-164
-103
-41
31
106
177
249
313
367
424
474
508
540
563
569
565
554
529
490
453
401
340
276
207
139
66
-18
-98
-165
-224
-280
-322
-357
-386
-407
-415
-423
-412
-379
-362
-331
-291
-249
-209
-162
-116
-63
-13
32
69
110
155
194
222
245
263
276
287
287
282
269
250
223
184
142
94
42
-11
-73
-127
-178
-224
-269
-308
-340
-370
-388
-391
-390
-378
-370
-349
-317
-293
-254
-201
-146
-89
-28
17
72
132
197
250
307
358
401
432
454
477
473
481
471
450
423
375
331
274
221
157
88
32
-29
-88
-141
-191
-233
-268
-307
-331
-346
-355
-358
-350
-331
-316
-298
-277
-238
-193
-156
-116
-73
-32
9
61
113
156
196
233
259
276
288
295
288
281
263
233
198
155
110
59
9
-42
-87
-135
-176
-213
-253
-284
-303
-319
-328
-330
-321
-314
-311
-293
-270
-242
-198
-148
-106
-60
-9
39
96
157
201
252
310
339
369
401
423
425
426
424
399
374
340
290
247
212
175
122
68
12
-41
-83
-125
-167
-198
-228
-261
-289
-307
-309
-313
-322
-321
-320
-305
-278
-255
-228
-195
-155
-110
-69
-20
23
63
105
134
168
195
204
215
214
199
191
173
152
132
98
65
34
7
-14
-39
-58
-83
-110
-127
-143
-158
-160
-182
-193
-199
-204
-198
-191
-185
-168
-156
-139
-95
-68
-21
22
50
104
151
182
233
261
276
301
294
283
274
257
237
225
198
165
142
124
106
97
76
50
40
11
-18
-36
-73
-100
-123
-154
-170
-186
-192
-202
-195
-186
-189
-169
-160
-144
-117
-98
-74
-51
-37
1
25
34
55
63
59
68
67
52
50
42
40
44
43
46
50
47
40
37
32
16
17
11
-10
-11
-21
-42
-44
-52
-81
-92
-98
-121
-110
-101
-99
-65
-51
-36
8
22
47
87
85
95
108
99
104
101
101
114
116
112
107
102
105
103
102
91
86
80
61
48
34
6
-13
-39
-68
-78
-106
-123
-125
-139
-129
-115
-109
-93
-75
-57
-47
-29
-15
-3
9
8
14
17
2
3
-10
-25
-21
-32
-21
-3
-10
22
34
44
80
79
97
100
81
82
46
29
20
-10
-15
-38
-60
-51
-73
-70
-62
-79
-60
-68
-77
-64
-67
-65
-55
-39
-32
-27
-6
-11
1
9
-10
14
5
-3
40
25
45
87
77
115
124
113
129
103
89
70
25
12
-29
-55
-62
-95
-73
-87
-89
-57
-74
-56
-43
-62
-40
-42
-60
-50
-52
-55
-52
-49
-43
-35
-15
-6
13
30
36
60
72
72
93
98
97
106
94
86
85
76
61
46
26
4
-17
-36
-53
-65
-75
-81
-87
-88
-85
-81
-63
-53
-47
-26
-32
-19
-7
-22
-2
-12
-30
-18
-29
-29
-7
1
22
42
55
75
79
86
87
79
82
64
63
63
36
40
27
-7
-11
-38
-68
-69
-85
-95
-75
-53
-41
-1
25
16
51
65
45
92
108
83
138
132
70
109
23
-120
-118
-349
-511
-449
-655
-584
-351
-419
-44
269
293
759
810
734
938
567
377
271
-229
-266
-411
-602
-337
-341
-164
137
117
308
307
135
129
-121
-273
-326
-475
-410
-356
-282
-106
-21
91
157
152
154
85
49
7
-30
6
7
58
134
155
214
245
226
224
194
132
93
58
-16
-31
-54
-125
-95
-116
-159
-95
-141
-145
-89
-157
-120
-99
-149
-77
-72
-73
15
14
46
104
86
114
121
90
93
71
50
49
34
25
21
15
1
-9
-20
-33
-27
-33
-29
-2
1
26
48
44
67
55
33
39
2
-21
-19
-60
-65
-53
-78
-61
-38
-45
-20
-13
-25
-4
-17
-35
-22
-41
-31
-16
-12
28
26
48
81
61
99
91
60
101
53
46
78
29
57
63
28
62
25
5
16
-33
-31
-56
-88
-77
-120
-103
-91
-123
-69
-69
-70
-14
-38
-9
31
9
51
52
34
75
52
47
76
30
51
67
21
47
24
7
30
4
10
20
-17
-9
-18
-49
-30
-39
-40
-33
-10
14
4
32
23
1
19
-33
-41
-42
-124
-128
-177
-237
-207
-247
-225
-146
-122
-10
83
133
245
250
250
279
194
150
97
-3
13
-22
-49
38
17
32
106
57
39
30
-69
-73
-73
-132
-95
-75
-44
19
1
6
46
10
-3
21
-19
27
37
29
80
56
91
101
57
88
96
38
86
58
32
68
22
46
16
-38
-11
-40
-65
-76
-90
-67
-99
-89
-78
-118
-135
-114
-136
-90
-84
-52
-73
-34
45
-58
-32
3
-56
-19
12
-28
12
-19
-12
-95
-58
-54
-162
-74
-93
-59
0
-17
34
73
30
97
70
19
72
21
13
4
20
32
50
95
60
117
129
37
97
76
-40
9
29
-22
38
15
-30
74
51
19
62
-28
61
109
12
119
30
74
166
24
115
81
-6
138
86
-34
40
97
-28
34
71
-81
48
-37
-44
8
-120
-66
-87
-126
-56
-121
-214
-95
-64
-118
-133
-31
-56
-86
14
-80
-83
7
-92
33
13
-110
98
-6
-45
0
-139
-75
96
-199
-99
102
-182
24
86
-148
-7
97
-91
36
92
-84
37
31
-19
88
-52
61
105
-17
178
80
-35
164
25
5
122
-47
62
182
-20
53
95
63
105
-23
169
4
-1
226
81
-56
157
106
-6
167
-19
83
-23
62
81
-169
53
62
-183
174
-83
-137
196
-128
-77
47
-147
-108
72
-290
-140
49
-149
-219
36
-108
-73
69
-183
-71
-22
12
-79
-18
-55
65
46
-31
-50
13
12
-86
25
-70
-65
30
-22
-77
0
-54
-108
42
-17
-121
77
94
-133
71
-22
-66
81
22
4
65
152
-37
48
36
-21
136
1
35
207
-27
106
181
-90
126
132
-73
149
83
-68
157
0
82
71
27
11
-27
173
-50
-142
148
-47
-181
205
-187
-119
173
-129
-97
55
-40
-134
-1
-64
-62
27
-52
-130
3
-63
-115
-37
-32
-84
44
-15
-152
99
-120
-52
88
-111
114
-23
4
116
-82
-20
2
-45
59
-47
-30
127
-144
8
79
-126
-15
91
-133
125
95
-23
-49
-40
124
-70
99
30
-1
70
23
40
-35
-125
187
-28
-57
222
-42
20
96
76
-40
53
101
-38
-28
115
-10
-39
139
-32
12
7
-40
12
11
10
-49
-8
-89
-48
22
-37
-45
-47
43
-35
-75
-74
-81
-59
19
-29
2
-89
8
-81
-91
37
-100
14
38
-52
-43
22
-121
37
81
-109
54
156
-88
44
123
-105
-42
61
7
52
-15
-31
82
-35
78
15
-54
11
73
-18
80
52
-93
110
-37
78
61
-67
50
28
28
4
-37
57
34
-91
100
36
-52
156
7
-60
201
-33
-67
116
-28
-7
78
34
-56
65
-25
-84
83
28
-61
33
20
-80
-34
-27
-90
4
12
-44
-9
29
-124
-125
67
-178
-35
133
-203
-106
98
-104
-56
39
-134
28
46
-84
-11
-67
-91
93
15
-40
-14
94
3
1
117
-116
35
76
-9
-67
91
32
-14
126
-18
25
50
13
-57
126
-1
25
123
-66
66
63
67
-102
49
86
-10
68
23
-27
-22
72
-17
-3
77
-10
13
124
-36
-49
98
-37
-43
57
-17
-22
18
7
-81
28
18
-91
73
8
-145
-22
51
-66
-31
-38
-32
-17
48
-64
-150
99
-79
-73
32
-113
-97
86
-61
-105
52
-46
-11
21
-62
-116
48
-36
-4
19
11
-19
-35
26
-17
32
-53
85
-25
24
64
-36
43
-40
25
28
138
-89
38
98
-88
157
-52
-30
128
21
-5
81
-44
48
105
-58
79
32
-42
93
26
-62
14
30
-16
56
14
24
11
-84
92
-28
-62
55
-69
-24
121
-96
-62
114
-76
-64
104
-190
7
107
-189
66
-11
-111
90
-36
-134
96
-106
-99
116
-82
-40
59
-119
-35
99
-114
-14
24
-73
22
52
-29
-62
27
8
-24
13
7
-11
-2
88
4
-53
88
26
-56
114
-27
-17
59
12
91
21
-14
66
-5
47
89
-79
64
19
22
122
-39
5
86
-18
69
20
-7
23
-29
56
29
-51
68
-42
-16
108
-109
15
-3
-4
-7
-2
-42
-56
43
-64
30
-30
-81
14
-5
-78
-18
-31
-108
55
8
-77
14
-119
-27
61
-110
-6
7
-64
66
-34
-63
-38
-13
6
-20
21
-40
56
3
-25
-7
-20
22
-19
33
86
-100
50
103
-83
61
66
-59
13
131
-69
37
36
45
53
-39
104
10
35
-21
50
15
39
51
-24
32
66
18
-22
56
-44
121
-22
-62
112
-67
66
14
-79
100
-44
1
0
-38
-8
9
-20
2
-67
2
-37
-89
34
-83
-15
-8
-23
-5
-39
-158
147
-176
-11
85
-197
101
-5
-90
-13
-13
-92
50
19
-102
27
54
-120
54
55
-136
90
-5
-50
96
-67
29
28
-13
40
2
-9
49
6
1
69
-49
124
-25
-54
136
-27
-4
74
-50
47
104
-46
30
24
-34
98
14
-52
92
-31
-4
87
-5
-76
72
-19
34
23
-70
32
-79
80
10
-83
9
-36
50
-31
-109
60
-53
-40
99
-152
40
5
-118
81
-102
-38
88
-113
-21
92
-138
35
-27
-68
26
-4
-59
32
19
-111
97
-96
20
52
-109
52
6
-35
65
-39
-26
62
-19
47
-18
3
28
-9
87
6
-41
33
99
-79
103
9
-136
258
-100
43
91
-139
141
89
-171
180
-40
-92
288
-233
60
160
-169
145
34
-137
189
-24
-140
147
-75
19
57
-86
18
68
-76
16
-4
-62
76
-32
-11
-37
17
-65
14
-38
-16
-20
25
-51
-47
14
-50
-72
-42
22
-41
-21
-45
53
-80
24
34
-88
-79
141
-74
-100
111
-124
15
100
-121
-29
129
-159
119
11
-86
98
1
-9
39
1
-39
85
-47
74
12
29
61
-12
6
116
-55
-54
162
-77
70
69
-80
67
80
-119
129
-27
-70
170
-41
-24
169
-99
28
118
-137
24
72
-98
-42
133
-120
68
79
-172
67
22
-42
-22
-44
18
-40
82
-66
-53
3
-9
11
-59
-50
-21
-57
26
-74
-119
68
-60
-42
62
3
-110
170
-75
-100
134
-118
-78
112
-164
23
90
-163
132
-57
-28
106
-64
-6
61
-90
74
-9
-14
43
-32
18
98
-67
14
136
-113
67
42
-29
42
4
-23
65
17
4
41
-55
76
61
-64
50
-20
43
8
48
-26
19
108
-60
31
45
-78
65
-18
-102
111
-44
-30
23
-31
26
-51
2
21
-106
35
53
-38
19
-35
26
12
-80
-20
-42
-155
107
-81
-66
28
-7
26
-26
40
-42
-21
-9
85
-117
-17
60
-112
35
-6
-89
42
40
-69
85
-1
-60
92
-68
16
1
8
4
-53
138
52
-95
119
25
-148
253
-95
-114
188
-46
20
143
-90
4
133
-10
5
25
-22
59
-9
-14
99
-139
95
30
-60
110
-28
0
7
20
-30
-10
-39
-53
-35
67
-32
-37
55
-91
-7
86
-128
-31
56
-49
17
-12
18
-17
-86
49
-48
-102
49
-80
-49
75
1
-23
25
-28
-34
76
-61
-47
45
-4
-16
0
25
-48
11
63
-88
45
7
-47
59
-62
28
52
-44
13
49
-19
4
50
-28
64
-13
-68
80
24
-38
15
19
8
76
-50
41
-17
10
39
23
6
-80
59
3
69
-76
3
74
-50
51
-14
-33
40
-6
-42
18
-2
-39
3
-25
-39
107
-49
-39
-53
5
86
-86
-18
49
-82
15
102
-117
30
7
-114
63
17
-86
86
-121
-13
218
-120
-70
92
-109
12
99
-74
-28
15
56
15
-60
47
33
-83
15
0
44
-53
-5
123
-54
-11
115
-97
-27
102
-78
-20
39
44
-52
60
-12
-68
65
61
-118
21
-11
-45
138
-151
124
31
-184
164
20
-149
132
-91
-25
130
-167
118
45
-151
64
163
-229
122
73
-278
190
60
-168
92
78
-111
60
-47
35
34
-122
83
-49
-111
189
22
-239
190
38
-159
140
0
-171
114
13
-75
143
-111
-11
95
-70
-42
161
-136
-26
146
-154
93
-33
16
57
-129
58
79
-109
108
-8
-106
146
-23
-16
34
-70
-15
154
-73
-45
118
-63
-51
149
-60
-48
134
-77
-36
116
-19
-49
55
15
13
-42
41
-41
-9
86
-81
33
48
-88
80
-60
-59
112
-88
12
23
-102
30
90
-159
62
-8
-124
153
-67
-70
51
-82
47
29
-142
71
-68
27
74
-130
31
-20
-19
49
-16
-78
60
-61
44
1
-74
56
-25
71
-89
63
5
-26
36
39
-62
-47
205
-179
68
120
-182
115
140
-167
112
97
-240
228
-21
-100
148
-56
6
95
-70
14
96
-81
97
12
-87
57
-4
-28
129
-120
-11
158
-180
115
11
-132
112
-13
-82
40
-1
11
-33
-81
47
-10
-21
6
-1
-110
124
-47
-101
43
-20
-16
14
1
-76
37
-87
89
-100
-71
77
5
-71
7
51
-97
8
29
8
-120
59
3
-73
98
-55
-52
74
-42
77
-28
-64
95
-71
9
61
-31
17
45
-42
77
22
8
129
-106
50
69
-45
6
84
-3
-3
111
-96
91
28
-17
-15
96
-36
-20
83
-113
184
-137
-49
111
-64
67
59
-110
12
22
-74
75
-52
-94
161
-49
-134
128
-46
-111
92
-37
-83
78
-84
-7
-2
-50
8
-124
79
-11
-54
1
-16
-39
44
-37
-65
82
-111
113
-51
-40
69
-63
-48
89
0
-87
119
-89
27
121
-110
81
21
-131
140
23
-110
79
69
-3
-39
110
5
-53
157
-19
-51
168
-83
30
49
-61
62
13
-16
53
80
-2
-2
-9
21
-72
54
85
-154
87
66
-226
144
24
-139
88
-54
29
48
-87
22
-25
-79
91
-88
-37
84
-81
-12
10
-93
9
24
-109
109
-10
-96
37
9
-9
-90
34
21
-98
19
66
-80
9
35
-53
57
-28
-8
23
-81
80
-42
-103
143
-96
-45
87
-14
29
65
-85
56
65
-11
-21
-34
125
-49
61
103
-23
7
83
-31
56
35
-81
82
33
-18
-61
3
60
-93
81
-9
-54
54
-73
-29
3
-56
-65
4
64
-44
11
83
-105
49
74
-105
-14
93
-24
-53
66
-101
56
84
-19
-26
48
59
-60
76
-28
-149
36
89
-98
3
-12
-5
28
97
-100
-79
123
-123
-48
142
-272
-6
231
-294
93
179
-248
83
171
-145
68
25
-88
91
-59
-37
151
-114
24
249
-120
72
194
-177
72
152
-176
121
-44
-124
197
-144
-55
96
-107
-10
110
-108
-36
74
-157
54
-67
-80
56
-23
-68
70
53
-147
155
-45
-4
135
-81
47
97
-26
-21
108
-76
49
8
20
44
-93
66
-16
12
-6
9
-104
118
26
-140
47
-53
-33
72
-108
-103
63
-112
95
-27
-137
154
-25
-108
199
-149
-37
169
-140
83
42
-141
119
43
-131
177
31
-115
193
16
-59
115
-36
-29
25
-16
56
-56
-79
44
4
-54
-26
-7
-58
22
80
-126
-47
33
-64
28
-51
-52
19
23
-4
9
12
63
-3
-1
156
-109
-3
92
-33
39
13
-58
47
96
-37
-48
73
-48
-77
211
-199
-41
125
-176
73
5
-174
78
-24
-64
139
-150
-31
126
-45
-26
58
-47
19
-30
38
7
-96
99
-36
29
28
-60
51
85
-72
74
15
-79
80
37
-57
9
21
-5
47
-28
0
-23
-9
-34
15
-19
-41
39
-9
9
-26
51
-151
52
48
-95
42
-27
-32
47
17
-43
-7
15
34
-39
29
-10
46
16
-10
72
-57
16
-24
9
16
6
-62
10
46
-52
42
-83
22
34
-90
45
24
-29
45
-8
-60
76
-40
-9
36
-81
103
-41
-31
79
-89
42
37
-61
-4
8
-19
39
-12
6
69
-82
34
62
-46
-53
2
16
-31
29
-47
-31
60
75
-70
9
-32
27
74
-87
98
-22
-19
69
-46
-16
30
-58
-61
-1
8
4
-34
70
-9
7
79
-82
67
-9
-32
19
-35
41
-10
-54
-20
-9
-41
23
-43
-12
57
-9
49
80
-7
-46
65
19
-84
91
-25
-137
95
30
-105
-10
78
-88
32
45
-43
75
44
31
35
-27
17
14
-26
15
-73
-16
-7
10
4
-3
-23
81
-10
6
67
3
-11
-1
60
1
9
-45
52
-72
57
30
-121
66
37
-33
45
95
15
24
-3
119
-48
-5
64
-94
35
37
-41
35
0
39
15
-44
56
14
4
9
23
46
19
14
65
-115
-9
68
-120
13
29
-113
-1
87
-16
8
-71
-8
12
-23
15
-39
-77
-7
57
-77
-102
-27
-34
-32
-59
-89
-5
-75
72
17
-198
26
43
-79
68
-57
-69
81
-37
43
5
-126
24
86
-115
39
68
-149
93
45
-54
-9
-32
41
-6
8
19
-41
4
63
6
-42
6
-29
-20
15
-22
-50
-52
-35
-24
15
-50
-65
-11
-75
7
41
-69
-8
27
-30
40
79
-14
14
68
43
37
116
31
70
112
42
75
28
16
60
34
-33
-13
-11
-19
25
-32
-105
-65
-9
-32
-22
-42
-40
-20
36
6
-65
13
-49
-35
40
-64
7
-18
-54
42
-11
-75
-21
13
15
45
-1
28
35
75
130
-32
33
75
44
106
95
7
29
65
20
92
20
-38
26
36
56
26
20
13
4
98
28
8
35
27
74
72
-14
45
35
35
107
9
-33
51
82
43
81
-12
36
62
62
78
11
-5
-9
20
-33
-32
-48
-102
-107
-45
-113
-141
-102
-144
-140
-108
-117
-103
-98
-106
-87
-123
-113
-96
-114
-83
-51
-101
-85
-26
-38
-20
-41
-72
-22
-4
31
40
-7
23
-5
-29
34
-30
-61
-22
-81
39
36
-48
13
12
32
80
61
24
103
102
130
131
78
91
114
130
116
110
83
124
143
152
130
59
136
179
145
184
129
93
163
144
144
148
86
91
88
94
38
-23
-9
-63
-71
-95
-188
-202
-226
-252
-283
-349
-338
-360
-376
-396
-438
-446
-455
-428
-406
-423
-450
-419
-432
-352
-309
-321
-284
-262
-205
-170
-121
-142
-149
-72
-19
24
65
64
101
154
181
228
268
362
433
496
554
559
611
680
708
758
823
799
820
865
904
955
941
975
998
1022
1103
1117
1087
1093
1074
985
922
815
551
269
79
-127
-362
-590
-898
-1278
-1521
-1631
-1793
-1970
-1965
-1961
-1946
-1745
-1683
-1694
-1599
-1408
-1169
-890
-599
-405
-173
29
210
342
356
391
479
473
398
316
71
-110
-199
-335
-506
-697
-823
-858
-866
-819
-805
-838
-697
-530
-418
-266
-147
29
319
622
867
1092
1215
1379
1594
1713
1813
1900
1939
2012
2091
2048
2000
2004
1997
2044
2077
2052
2042
1993
1649
1038
580
297
-37
-276
-589
-1247
-1791
-1892
-2114
-2492
-2507
-2486
-2577
-2241
-1841
-1961
-1983
-1758
-1611
-1283
-749
-381
-173
209
539
690
771
760
764
819
932
1017
974
773
569
390
120
-212
-416
-575
-818
-892
-982
-1293
-1568
-1729
-1892
-1941
-1777
-1624
-1511
-1340
-1133
-935
-744
-543
-260
32
328
698
923
1035
1230
1392
1529
1708
1879
2048
2170
2246
2276
2211
2116
2067
2063
2066
2082
2083
2076
2094
2154
2193
1888
1210
708
501
220
-67
-416
-1157
-1897
-2045
-2175
-2686
-2858
-2789
-2942
-2718
-2211
-2345
-2584
-2359
-2119
-1759
-1158
-667
-413
-18
534
849
963
1030
1109
1292
1481
1603
1639
1429
1174
1063
782
349
19
-232
-552
-774
-895
-1299
-1764
-2004
-2256
-2480
-2501
-2414
-2286
-2042
-1737
-1507
-1378
-1144
-764
-374
38
461
804
1025
1261
1509
1624
1677
1833
2050
2201
2310
2383
2312
2135
2068
2033
1948
1912
1919
1956
1959
1988
2063
2092
2026
1589
932
620
440
106
-116
-566
-1408
-1876
-1903
-2225
-2633
-2594
-2670
-2792
-2322
-2044
-2342
-2374
-2111
-1933
-1528
-883
-562
-314
216
620
829
959
973
1089
1279
1408
1561
1517
1270
1123
1014
670
229
9
-272
-660
-840
-1049
-1483
-1772
-1873
-2150
-2428
-2406
-2332
-2290
-1982
-1635
-1516
-1335
-1019
-701
-415
-66
326
632
915
1247
1463
1512
1561
1681
1828
1947
2105
2200
2124
2087
2095
2011
1937
1976
2014
2049
2183
2321
2335
2339
2480
2366
1695
1068
843
501
132
-97
-801
-1726
-2075
-2210
-2708
-3074
-3081
-3261
-3245
-2744
-2647
-2921
-2833
-2602
-2313
-1729
-1122
-735
-274
320
774
1032
1128
1202
1394
1567
1740
1920
1816
1565
1458
1244
749
292
5
-363
-655
-767
-1060
-1477
-1696
-1833
-2067
-2210
-2212
-2214
-2060
-1696
-1390
-1235
-1148
-1009
-756
-458
-108
235
502
795
1144
1391
1416
1389
1475
1617
1776
1973
2087
2059
2051
2115
2062
1949
1953
2023
2144
2322
2448
2458
2420
2490
2489
1975
1254
881
588
187
-135
-717
-1702
-2290
-2392
-2797
-3266
-3341
-3510
-3571
-3078
-2849
-3071
-3064
-2861
-2542
-1925
-1262
-820
-329
293
826
1197
1353
1375
1544
1817
2030
2242
2223
1941
1738
1560
1104
593
288
-78
-421
-524
-738
-1192
-1526
-1731
-1987
-2145
-2158
-2184
-2154
-1879
-1590
-1497
-1426
-1284
-1111
-876
-528
-193
58
355
708
961
1042
1075
1160
1273
1417
1651
1799
1766
1809
1901
1865
1836
1865
1912
2041
2240
2415
2502
2555
2650
2816
2821
2254
1504
1143
777
316
-42
-793
-1841
-2379
-2540
-3019
-3535
-3658
-3831
-3876
-3389
-3164
-3398
-3318
-2949
-2517
-1840
-1090
-562
-29
680
1243
1582
1795
1918
2197
2531
2686
2776
2667
2314
2099
1905
1367
772
404
10
-394
-609
-955
-1512
-1868
-2030
-2267
-2473
-2489
-2474
-2432
-2182
-1918
-1864
-1792
-1583
-1341
-1076
-779
-490
-225
71
402
642
745
812
957
1171
1364
1555
1706
1768
1860
1989
2023
1992
2018
2153
2316
2468
2661
2757
2756
2854
2968
2990
2743
2051
1336
957
571
25
-595
-1475
-2409
-2794
-2982
-3554
-3942
-3963
-4070
-3889
-3395
-3303
-3379
-3053
-2518
-1920
-1138
-435
56
687
1396
1877
2188
2369
2496
2751
2956
2952
2837
2552
2145
1847
1454
785
205
-210
-683
-1047
-1326
-1817
-2293
-2487
-2633
-2826
-2901
-2902
-2821
-2549
-2229
-2017
-1885
-1725
-1401
-1002
-692
-405
-82
225
551
874
1052
1092
1231
1506
1714
1851
1969
1993
2006
2121
2196
2126
2064
2139
2276
2392
2482
2512
2482
2485
2569
2659
2615
2228
1544
958
564
69
-485
-1085
-1978
-2738
-2931
-3206
-3800
-4017
-3987
-4045
-3680
-3112
-3031
-2938
-2388
-1811
-1241
-501
117
611
1304
2014
2460
2693
2778
2860
3014
3013
2845
2629
2242
1800
1479
968
198
-386
-784
-1298
-1712
-1967
-2392
-2759
-2810
-2898
-3116
-3154
-3030
-2876
-2575
-2182
-1931
-1763
-1464
-1067
-740
-495
-221
85
391
739
1050
1214
1320
1514
1720
1824
1885
1930
1948
2004
2080
2066
1989
1977
2037
2075
2084
2110
2139
2156
2212
2287
2281
2268
2249
1811
1001
461
123
-436
-925
-1410
-2303
-2991
-3047
-3299
-3794
-3791
-3611
-3529
-3002
-2399
-2294
-2083
-1490
-980
-437
272
798
1242
1857
2378
2641
2713
2644
2605
2593
2388
2095
1770
1291
876
564
-36
-789
-1257
-1597
-1964
-2166
-2342
-2641
-2770
-2699
-2716
-2770
-2678
-2471
-2188
-1810
-1450
-1222
-1024
-741
-410
-163
-16
176
458
725
965
1180
1262
1266
1390
1560
1591
1596
1671
1684
1679
1736
1720
1630
1614
1663
1709
1771
1860
1962
2037
2081
2143
2187
2179
2207
2018
1366
705
345
-91
-627
-1105
-1844
-2641
-2894
-2986
-3393
-3572
-3395
-3281
-2941
-2358
-2143
-2068
-1649
-1173
-723
-86
480
909
1474
2003
2275
2392
2361
2268
2254
2116
1836
1609
1274
836
522
87
-613
-1141
-1401
-1723
-1985
-2097
-2326
-2520
-2457
-2419
-2512
-2461
-2249
-2013
-1690
-1351
-1149
-983
-728
-430
-196
-86
24
283
557
759
961
1046
1011
1098
1274
1303
1307
1431
1513
1541
1612
1620
1529
1484
1558
1665
1736
1802
1888
1964
2030
2080
2084
2045
2050
2132
2023
1491
835
344
-117
-606
-1051
-1688
-2430
-2725
-2751
-3014
-3245
-3214
-3152
-2907
-2346
-1955
-1846
-1550
-1038
-542
-23
482
872
1292
1812
2219
2384
2337
2184
2064
1931
1704
1403
1034
615
278
-31
-537
-1097
-1495
-1816
-2081
-2215
-2320
-2425
-2395
-2273
-2214
-2196
-2118
-1939
-1667
-1334
-1008
-766
-567
-314
-52
102
206
319
426
605
833
979
1007
998
1033
1091
1122
1127
1128
1133
1186
1288
1313
1251
1218
1235
1279
1377
1488
1549
1636
1782
1898
1942
1940
1937
1979
1982
1669
1062
511
85
-330
-722
-1254
-1953
-2395
-2483
-2641
-2868
-2904
-2841
-2649
-2191
-1791
-1657
-1454
-1057
-615
-144
341
767
1166
1610
1981
2130
2074
1941
1857
1770
1577
1315
984
578
216
-115
-616
-1202
-1577
-1817
-2056
-2178
-2240
-2390
-2416
-2246
-2162
-2158
-2029
-1778
-1500
-1141
-752
-518
-354
-98
174
323
414
552
677
787
929
1015
960
868
862
865
798
738
730
718
747
843
864
825
888
1024
1125
1206
1325
1460
1595
1763
1911
1989
2043
2147
2243
2284
2203
1824
1234
738
334
-128
-639
-1261
-1953
-2398
-2597
-2853
-3124
-3184
-3082
-2841
-2418
-2075
-1919
-1657
-1197
-686
-173
351
830
1288
1774
2159
2326
2303
2217
2163
2061
1814
1478
1084
628
209
-212
-779
-1343
-1706
-1946
-2164
-2315
-2434
-2552
-2534
-2419
-2326
-2222
-2042
-1754
-1386
-1006
-690
-450
-233
-5
224
405
521
640
791
927
1010
1028
956
880
862
836
774
713
658
624
671
718
662
645
737
852
980
1127
1245
1326
1442
1582
1699
1788
1882
1988
2057
2089
2082
1915
1481
984
579
104
-449
-960
-1552
-2184
-2540
-2685
-2924
-3086
-2994
-2828
-2541
-2060
-1660
-1400
-1005
-484
-11
466
949
1368
1801
2226
2488
2537
2424
2219
1986
1673
1225
748
299
-148
-568
-994
-1521
-2031
-2344
-2544
-2710
-2773
-2754
-2684
-2480
-2179
-1951
-1780
-1519
-1165
-795
-428
-105
139
377
633
809
865
863
886
958
1016
1005
944
855
751
689
632
498
364
340
369
379
403
417
402
439
554
662
758
900
1072
1208
1302
1386
1487
1591
1684
1752
1767
1732
1703
1642
1372
917
474
71
-349
-741
-1160
-1684
-2070
-2169
-2222
-2318
-2280
-2121
-1889
-1459
-977
-696
-464
-100
273
596
923
1188
1375
1571
1722
1689
1468
1155
833
500
109
-292
-655
-1007
-1315
-1550
-1825
-2148
-2328
-2340
-2308
-2213
-2010
-1791
-1537
-1178
-835
-614
-410
-139
135
375
593
751
846
932
989
950
827
703
614
530
426
316
202
87
3
-59
-131
-180
-159
-90
6
123
234
326
430
542
650
776
913
1047
1177
1299
1383
1420
1430
1437
1433
1418
1403
1378
1312
1225
1099
850
532
258
-10
-303
-557
-810
-1067
-1211
-1250
-1308
-1352
-1304
-1204
-1052
-841
-666
-565
-439
-283
-162
-68
5
55
103
143
138
62
-62
-198
-330
-479
-649
-801
-905
-960
-974
-981
-1003
-991
-903
-780
-659
-530
-391
-232
-43
131
226
257
279
314
339
332
294
255
220
180
115
4
-132
-237
-296
-334
-346
-315
-272
-208
-117
-53
-14
63
169
268
388
512
611
708
804
874
916
956
992
1031
1079
1114
1123
1117
1115
1136
1175
1201
1225
1242
1239
1213
1161
1021
784
528
296
47
-231
-517
-817
-1108
-1328
-1487
-1652
-1787
-1816
-1759
-1659
-1527
-1405
-1319
-1195
-1010
-836
-691
-510
-285
-51
173
348
430
453
473
489
457
394
358
349
340
310
230
92
-42
-137
-231
-325
-386
-394
-384
-362
-352
-392
-462
-498
-495
-497
-496
-453
-390
-333
-277
-243
-250
-260
-225
-171
-122
-55
23
86
148
203
218
198
207
248
283
326
395
460
501
557
616
639
644
679
729
770
826
883
910
926
954
958
922
890
863
832
806
787
732
631
534
430
270
58
-165
-386
-604
-789
-957
-1138
-1301
-1385
-1412
-1417
-1384
-1295
-1157
-960
-721
-500
-319
-140
54
215
351
479
586
677
778
849
840
777
699
597
453
301
151
10
-111
-213
-329
-464
-578
-660
-738
-799
-818
-813
-774
-689
-602
-554
-516
-443
-361
-292
-214
-134
-53
42
136
187
201
218
248
274
301
324
342
366
406
435
423
396
380
360
328
294
245
174
115
81
35
-38
-99
-137
-173
-203
-238
-281
-321
-333
-329
-333
-337
-312
-266
-212
-145
-75
-13
64
174
285
374
465
570
678
783
879
953
998
1029
1045
1020
944
828
686
527
351
160
-53
-264
-448
-619
-781
-927
-1038
-1116
-1159
-1171
-1168
-1156
-1125
-1063
-979
-884
-778
-649
-495
-328
-172
-31
85
180
258
317
356
369
373
374
366
338
298
239
174
125
98
75
60
60
72
87
112
137
127
103
88
78
52
23
1
-17
-20
-3
18
5
-26
-40
-39
-39
-28
6
50
125
236
343
412
479
571
670
774
880
969
1037
1092
1128
1086
950
771
595
414
226
40
-165
-375
-543
-679
-843
-1013
-1119
-1160
-1159
-1119
-1076
-1054
-1015
-928
-830
-754
-662
-528
-357
-176
-19
84
133
174
230
265
266
276
321
372
404
395
324
220
143
106
67
26
17
43
79
101
83
28
-20
-25
4
30
59
111
180
245
286
283
252
234
235
233
202
155
115
75
18
-65
-169
-279
-358
-406
-445
-482
-503
-490
-453
-407
-361
-313
-249
-163
-57
43
126
221
323
407
472
504
513
508
490
452
382
291
202
119
29
-79
-186
-277
-355
-416
-464
-508
-541
-546
-526
-506
-484
-442
-378
-303
-220
-138
-65
9
94
175
233
276
325
369
401
431
447
446
452
473
481
469
454
443
422
389
362
325
283
262
250
223
176
134
91
46
7
-26
-58
-85
-91
-91
-107
-132
-155
-182
-209
-224
-235
-251
-259
-254
-256
-277
-300
-312
-324
-319
-296
-262
-234
-197
-148
-115
-94
-67
-39
-13
26
71
102
120
138
139
118
87
52
10
-33
-70
-108
-153
-201
-242
-278
-304
-318
-323
-322
-305
-269
-222
-172
-120
-58
8
76
142
201
257
313
364
404
427
448
456
451
438
418
390
362
338
312
285
255
224
186
143
103
57
12
-25
-56
-86
-114
-145
-176
-206
-234
-258
-275
-280
-276
-258
-233
-203
-174
-144
-113
-80
-38
8
57
104
143
178
202
216
215
209
195
169
139
108
68
25
-20
-76
-138
-200
-260
-315
-359
-394
-421
-436
-448
-451
-449
-443
-430
-408
-379
-346
-301
-253
-202
-151
-100
-50
-2
48
98
147
201
254
303
344
376
400
421
436
445
453
458
456
452
443
420
396
365
326
285
247
208
167
132
94
55
12
-30
-75
-118
-157
-186
-214
-235
-253
-270
-286
-300
-312
-316
-311
-299
-276
-248
-212
-174
-133
-83
-34
18
67
123
177
228
273
311
336
343
341
327
296
254
201
135
71
1
-78
-157
-243
-323
-394
-456
-501
-530
-544
-542
-526
-497
-457
-412
-354
-286
-214
-136
-61
16
84
142
195
241
276
302
318
329
338
344
344
340
336
326
312
304
297
288
277
271
264
253
239
224
201
174
142
106
72
34
-2
-37
-75
-116
-154
-191
-225
-253
-276
-290
-302
-306
-300
-289
-279
-266
-249
-227
-203
-170
-135
-102
-68
-36
-1
33
64
99
128
153
174
191
207
213
210
197
178
152
120
82
42
-1
-44
-91
-132
-171
-206
-236
-256
-269
-274
-265
-244
-217
-180
-141
-101
-59
-15
25
64
98
127
146
160
168
166
157
144
130
111
94
79
67
61
54
55
58
67
80
94
113
128
143
162
177
187
191
187
181
165
141
119
87
50
12
-26
-65
-100
-129
-158
-182
-205
-219
-230
-233
-230
-222
-210
-195
-174
-147
-123
-96
-65
-37
-7
19
44
64
85
103
117
127
130
134
132
124
114
97
76
56
31
3
-20
-43
-70
-94
-111
-129
-141
-148
-153
-152
-140
-128
-115
-98
-80
-59
-40
-18
2
17
34
45
50
49
51
48
42
38
32
26
16
10
8
6
8
17
22
36
53
66
85
107
127
150
176
187
200
208
207
201
191
177
151
119
86
46
7
-32
-71
-111
-144
-173
-198
-212
-221
-222
-215
-207
-187
-162
-133
-102
-62
-24
8
43
71
95
118
135
136
137
136
128
111
92
65
40
14
-17
-47
-75
-103
-126
-145
-160
-171
-181
-188
-195
-194
-185
-173
-160
-143
-127
-112
-94
-70
-49
-23
2
30
59
83
108
127
146
162
177
192
205
213
215
210
205
199
189
173
160
142
125
109
90
71
50
34
20
3
-8
-25
-42
-60
-72
-80
-91
-100
-107
-117
-126
-131
-135
-136
-133
-128
-120
-107
-93
-75
-52
-26
1
24
47
67
87
104
112
118
114
104
92
74
48
22
-10
-44
-76
-108
-143
-175
-197
-218
-234
-245
-249
-244
-228
-211
-190
-163
-134
-102
-65
-29
9
47
79
108
140
165
190
217
234
247
258
267
273
272
273
269
257
247
234
216
200
181
161
137
116
91
67
46
28
13
-6
-22
-35
-49
-61
-71
-80
-88
-95
-102
-109
-115
-123
-130
-136
-142
-145
-149
-153
-159
-162
-164
-163
-159
-156
-145
-136
-126
-116
-103
-84
-65
-46
-28
-13
-3
8
18
26
31
31
26
18
5
-11
-28
-44
-61
-79
-94
-111
-126
-136
-138
-141
-139
-133
-120
-102
-83
-58
-29
-3
31
62
93
126
151
178
204
229
247
263
272
278
283
280
274
265
251
236
214
193
175
155
128
101
76
50
27
5
-18
-41
-61
-79
-91
-105
-113
-121
-130
-134
-139
-142
-141
-141
-140
-137
-131
-123
-115
-108
-101
-91
-77
-64
-53
-38
-24
-14
1
12
27
39
49
56
60
62
68
71
63
54
45
35
19
-1
-19
-39
-60
-80
-102
-123
-139
-155
-170
-181
-188
-188
-183
-177
-163
-150
-129
-103
-77
-45
-11
24
61
96
130
161
192
222
243
265
280
288
292
291
284
268
249
226
196
163
128
87
54
19
-20
-59
-92
-124
-158
-179
-199
-216
-222
-225
-228
-224
-211
-197
-175
-151
-126
-100
-72
-43
-15
16
43
67
91
112
129
143
155
161
163
157
152
141
127
111
94
73
48
21
-6
-29
-54
-77
-104
-125
-144
-163
-176
-182
-188
-190
-186
-176
-164
-148
-128
-108
-80
-51
-26
1
28
54
80
108
131
151
172
187
199
210
216
219
223
221
213
206
189
172
156
135
111
88
62
35
3
-25
-58
-88
-114
-143
-164
-184
-201
-217
-224
-230
-230
-232
-226
-211
-202
-183
-160
-140
-117
-89
-59
-30
-2
25
49
72
96
120
137
152
161
164
168
163
157
148
133
117
97
74
53
32
2
-24
-49
-72
-94
-111
-127
-141
-151
-158
-160
-153
-145
-133
-118
-101
-83
-58
-29
-3
26
54
82
110
135
157
177
193
205
211
212
214
211
203
190
174
155
136
110
78
49
17
-11
-39
-67
-94
-122
-147
-172
-191
-207
-220
-226
-233
-234
-231
-224
-215
-201
-185
-166
-146
-124
-96
-68
-44
-16
11
38
63
89
112
133
153
170
181
189
190
190
189
183
176
161
142
122
106
82
57
31
9
-12
-38
-60
-83
-104
-119
-132
-142
-147
-144
-144
-140
-132
-123
-108
-93
-70
-47
-21
8
28
49
72
92
113
129
147
160
166
171
171
169
166
158
145
129
108
89
69
42
18
-5
-29
-56
-81
-103
-125
-141
-155
-168
-179
-188
-196
-191
-190
-188
-179
-169
-149
-129
-107
-85
-62
-39
-9
18
48
72
97
121
139
159
175
191
196
202
203
194
190
182
170
152
133
111
83
59
30
-1
-31
-58
-85
-113
-134
-153
-171
-182
-194
-199
-195
-189
-179
-166
-153
-134
-112
-85
-57
-30
0
29
57
83
108
128
145
161
172
179
184
183
177
170
161
151
135
110
86
66
41
15
-9
-34
-58
-77
-97
-113
-126
-140
-155
-161
-170
-172
-169
-165
-157
-146
-137
-121
-104
-84
-62
-39
-16
6
28
49
71
93
113
126
141
160
166
168
171
170
166
158
147
132
118
98
76
54
26
-2
-29
-54
-77
-99
-122
-144
-160
-174
-182
-190
-192
-189
-181
-169
-157
-139
-120
-94
-70
-45
-20
8
34
56
83
107
129
148
163
173
180
182
181
176
170
157
140
123
101
78
55
33
8
-18
-42
-67
-88
-102
-117
-130
-140
-151
-155
-155
-153
-150
-141
-131
-118
-103
-85
-67
-46
-24
-6
13
37
58
79
98
114
126
143
156
161
165
168
167
161
155
144
129
112
95
71
46
25
1
-22
-48
-70
-92
-117
-131
-146
-161
-168
-175
-179
-178
-173
-164
-155
-138
-120
-100
-76
-55
-31
-9
15
37
58
78
96
114
125
136
143
145
141
137
134
124
112
97
81
59
40
22
0
-17
-35
-54
-67
-83
-94
-104
-112
-113
-111
-107
-105
-100
-92
-82
-69
-56
-42
-29
-7
9
18
34
49
61
76
87
93
100
103
106
108
110
108
101
94
86
74
62
52
40
26
11
-1
-15
-33
-46
-60
-71
-79
-88
-95
-101
-105
-106
-106
-106
-102
-97
-90
-81
-75
-62
-47
-36
-22
-10
3
15
26
35
39
50
60
61
68
69
64
63
61
61
54
44
33
22
10
2
-6
-15
-21
-27
-35
-40
-41
-44
-44
-45
-43
-38
-35
-27
-20
-13
-7
0
8
16
23
30
38
45
51
56
57
62
66
62
63
63
60
53
47
39
28
22
14
11
6
-1
-9
-14
-22
-30
-36
-39
-46
-51
-51
-54
-56
-56
-56
-54
-51
-51
-46
-40
-35
-26
-21
-17
-9
0
7
11
17
25
29
31
37
39
42
45
44
41
34
31
23
19
14
3
-4
-9
-19
-25
-34
-45
-52
-57
-61
-61
-61
-65
-65
-62
-60
-53
-45
-36
-25
-14
-2
6
21
34
44
52
60
68
75
81
83
87
91
90
89
85
79
74
66
60
52
41
30
20
8
-4
-13
-22
-32
-41
-49
-57
-60
-67
-70
-75
-76
-79
-81
-76
-72
-70
-63
-58
-54
-47
-38
-28
-21
-12
-2
4
9
18
28
34
39
44
49
51
52
52
49
45
39
32
23
15
9
2
-7
-16
-23
-33
-42
-52
-55
-62
-67
-71
-73
-71
-73
-66
-61
-54
-43
-36
-29
-21
-5
5
17
30
40
51
59
72
79
87
95
96
99
101
96
92
90
82
75
67
58
51
42
34
22
10
-1
-10
-21
-29
-40
-46
-54
-57
-62
-65
-65
-68
-66
-66
-64
-60
-54
-48
-43
-37
-28
-21
-12
-4
1
12
17
23
30
34
35
38
37
38
39
34
31
28
24
19
10
-2
-7
-15
-21
-25
-31
-36
-43
-50
-54
-54
-53
-58
-58
-57
-56
-53
-46
-37
-32
-27
-15
-6
2
14
27
35
44
56
65
70
79
83
83
85
85
86
84
82
77
69
69
65
58
51
40
28
16
7
-1
-10
-18
-27
-36
-44
-50
-52
-53
-58
-64
-66
-64
-62
-60
-54
-49
-42
-37
-33
-28
-23
-19
-12
-5
1
8
15
17
17
19
20
23
24
22
21
21
18
15
8
2
-1
-1
-7
-11
-13
-18
-21
-25
-26
-27
-33
-32
-30
-28
-24
-24
-22
-18
-15
-9
-5
-1
4
7
14
20
22
25
30
34
39
41
44
45
46
46
43
44
41
39
37
31
24
21
16
11
7
3
-3
-6
-10
-15
-21
-20
-23
-24
-26
-29
-31
-31
-31
-30
-27
-26
-25
-25
-24
-21
-18
-18
-14
-9
-10
-9
-7
-3
-3
0
2
4
3
5
4
2
3
5
8
5
6
5
3
2
2
4
0
1
2
-1
1
2
-2
-5
-7
-6
-4
-5
-6
-6
-3
-2
-2
1
-1
-2
0
2
-1
-3
-1
0
1
-1
0
3
4
4
6
8
7
9
10
10
11
9
6
5
3
3
3
4
4
3
2
-2
-5
-6
-5
-6
-9
-8
-11
-9
-10
-10
-8
-7
-7
-6
-5
-6
-3
0
0
-2
1
1
2
4
4
2
1
0
-2
1
1
1
1
1
4
3
7
6
3
2
1
0
4
6
2
4
7
7
5
1
2
1
1
4
1
3
0
-1
0
4
5
6
7
4
5
6
7
8
10
10
11
13
12
12
8
7
3
-2
-6
-5
-5
-5
-8
-10
-11
-13
-13
-13
-14
-13
-10
-10
-9
-7
-9
-8
-7
-4
2
1
5
5
5
7
7
9
11
12
14
12
16
16
16
20
17
17
15
15
10
10
10
5
7
3
0
2
-3
-2
-3
-7
-6
-6
-7
-7
-10
-12
-16
-15
-16
-13
-9
-9
-7
-3
-3
-1
2
4
8
14
16
18
22
25
25
29
31
30
28
28
25
20
17
12
8
1
-3
-8
-17
-21
-23
-28
-31
-35
-38
-43
-43
-43
-42
-40
-38
-33
-33
-27
-20
-16
-11
-3
6
11
17
19
23
26
30
36
38
39
39
39
41
37
32
28
22
20
16
10
6
1
-7
-10
-13
-18
-22
-24
-29
-36
-37
-40
-41
-43
-43
-43
-44
-41
-39
-36
-29
-24
-21
-17
-9
-2
3
10
17
25
34
40
47
54
56
60
63
58
60
56
55
49
40
35
30
22
11
2
-10
-20
-31
-42
-52
-59
-62
-69
-73
-75
-75
-71
-68
-64
-57
-52
-44
-35
-25
-14
-4
8
17
26
32
35
44
49
55
57
58
58
55
55
50
48
44
38
31
22
14
5
0
-8
-13
-17
-25
-31
-35
-39
-43
-46
-50
-50
-50
-48
-46
-44
-41
-36
-34
-28
-24
-15
-4
3
8
12
20
26
30
36
39
45
49
52
53
54
54
51
50
49
43
36
31
24
12
3
-4
-11
-18
-28
-37
-44
-49
-55
-57
-56
-56
-55
-55
-51
-49
-43
-34
-26
-19
-11
-3
4
13
21
27
32
36
43
46
49
50
51
49
47
43
40
38
31
23
17
12
8
4
-2
-9
-15
-20
-20
-23
-26
-29
-29
-28
-29
-28
-29
-29
-27
-23
-23
-19
-11
-10
-7
-4
1
3
8
12
13
17
17
18
20
24
23
23
24
23
21
21
17
16
17
15
13
11
6
3
-3
-7
-10
-15
-18
-21
-20
-22
-23
-27
-26
-26
-25
-21
-19
-16
-15
-12
-7
-6
-1
2
4
10
11
12
12
15
16
16
16
17
15
13
14
10
9
7
5
4
1
2
-1
-3
-4
-5
-6
-10
-10
-11
-13
-12
-10
-7
-7
-11
-11
-6
-4
-5
-4
-3
-4
-2
-2
-2
-2
-1
0
-3
0
2
2
3
4
2
3
1
1
2
0
0
1
-1
-2
0
-4
-5
-4
-4
-4
-4
-4
-7
-7
-6
-6
-7
-3
-5
-4
-1
-2
1
2
1
0
2
0
-1
0
0
2
2
2
2
2
1
1
2
4
1
1
3
1
0
1
3
3
3
2
-1
-2
1
3
1
0
1
-1
0
0
0
0
2
1
1
2
-1
1
3
2
4
5
3
3
3
5
5
4
4
3
5
5
2
4
1
2
0
0
2
-2
0
1
0
2
4
5
4
2
2
2
1
1
2
1
1
4
3
2
2
1
0
2
1
0
0
-2
-1
-2
-1
-2
-3
-1
-2
-5
-5
-6
-4
-4
-5
-4
-4
-5
-2
-2
0
-2
-2
-3
-3
-1
-1
-1
-1
-1
0
1
1
1
1
2
2
0
-2
-3
-1
-1
0
0
3
4
2
3
2
3
5
6
5
6
7
7
5
4
4
4
3
2
4
1
0
0
-3
-1
2
0
0
-1
-2
-3
-2
-2
-5
-3
-2
-4
-6
-5
-4
-4
-5
-3
-2
-2
-4
-3
-2
-4
-4
-1
-1
-1
2
2
2
2
2
1
-1
0
0
3
2
1
2
2
3
3
2
2
4
3
5
2
2
2
0
-1
0
0
0
2
2
3
0
2
1
1
3
1
-1
-1
-3
-1
-2
-3
-3
-4
-4
-2
-2
-2
-2
-2
-2
0
0
-2
1
0
1
0
0
0
-1
0
0
0
-1
0
2
0
2
2
0
1
0
0
2
1
2
2
3
2
5
5
5
6
6
5
3
3
3
4
7
5
5
4
3
4
5
6
4
4
2
2
0
-1
-2
0
0
-1
-1
0
2
-1
-3
-2
0
-2
0
0
1
2
2
3
3
4
5
3
4
4
5
3
2
3
0
0
-1
0
1
-1
-2
-2
-1
-1
-4
-4
-5
-4
-3
-3
-3
-3
-4
-4
-4
-4
-4
-2
-3
-3
-4
-5
-4
-3
-1
-1
-1
-2
-2
0
1
2
2
1
1
0
0
0
1
2
1
0
-1
-1
1
0
1
0
-3
-2
-2
-2
-1
0
