-7
1
2
0
1
2
5
-1
6
1
-4
1
-1
-3
5
6
-4
-2
4
5
3
0
-1
4
1
3
-1
-3
-3
3
0
-1
8
5
5
3
1
-1
6
5
10
3
11
17
13
23
21
19
17
25
27
20
23
20
17
22
20
18
15
12
16
11
7
0
7
7
-2
-2
1
-3
-4
2
0
-1
-4
-4
-2
-8
-12
-5
-6
-11
-10
-4
-6
-6
-6
-6
-9
-6
-7
-12
-14
-9
-1
-3
-5
2
-3
-8
1
-2
2
3
6
11
6
6
4
6
11
13
14
17
18
13
15
13
14
10
7
9
14
13
10
14
12
10
3
3
3
3
1
0
5
1
4
7
1
-5
-10
-12
0
-6
-14
-12
-6
-11
-19
-11
-16
-10
-13
-12
-7
-9
-3
-9
-8
-3
-5
-1
3
0
-8
-9
-6
-14
-10
-9
-7
-11
-15
-19
-23
-19
-25
-18
-16
-16
-8
-8
1
0
-6
0
-3
-2
-6
-5
-15
-11
-5
-2
-4
-5
-3
-8
-7
-5
1
-4
1
-5
-6
3
-13
-11
-6
1
0
-7
-4
-1
3
3
3
5
1
-7
-4
-4
3
15
9
12
18
1
2
0
0
8
15
3
-3
0
7
11
-5
8
3
7
9
-8
-12
-8
-3
-3
-10
-21
-20
-10
15
11
-1
5
15
21
25
9
-10
-8
-9
3
-5
-8
-11
5
6
13
21
39
46
2
-34
-28
24
46
32
-18
-41
-13
25
55
17
-10
-1
20
28
12
-12
-4
4
-14
-11
-58
-42
-47
-35
10
-8
-12
-8
-5
35
58
40
26
-39
-75
-17
-22
-4
-26
-22
56
58
46
50
42
77
60
-43
-71
-97
-18
38
22
3
-29
-14
72
26
4
-5
-47
-23
-46
-20
0
7
41
39
12
33
8
7
-2
-97
-78
-25
60
67
-2
2
34
116
127
54
-83
-91
-42
3
-50
-95
-60
35
136
87
28
1
58
100
56
-3
-80
-113
-36
-14
-25
-21
-6
41
37
47
57
40
47
70
44
40
-60
-130
-102
-23
44
-28
-64
-23
61
118
81
-11
4
29
48
-57
-157
-137
-71
-1
29
-5
30
8
-29
-7
22
69
-14
-112
-102
-66
-5
3
-28
6
28
28
-17
-96
-67
-22
5
34
-18
37
-24
-19
11
76
91
5
-100
-82
-46
14
27
-10
86
34
-7
-22
-9
103
69
-15
-43
-96
48
89
8
2
-66
-62
17
-25
68
-3
-103
-68
-34
186
242
5
-107
-166
-69
50
-61
-56
-110
-89
61
73
108
153
67
61
-2
-89
-83
-185
-110
-49
-37
52
1
51
147
153
60
-28
-66
-13
-47
-131
-137
-78
94
123
118
48
32
33
11
2
-71
-89
-99
-67
-68
14
90
120
29
-4
38
20
15
-64
-134
-50
19
61
53
-32
3
13
58
31
-29
-8
49
-37
-61
-75
30
136
61
-24
-74
-52
17
33
9
23
30
56
59
-4
-15
34
8
-6
-100
-52
-1
-8
13
27
28
93
54
35
3
-86
-83
-71
-45
-5
-23
47
12
-58
16
66
112
6
-80
-119
-68
19
42
-29
-14
-8
43
81
-4
-44
-52
-14
-15
-32
-30
-50
-26
71
129
92
-50
-129
-29
97
148
41
-180
-162
6
83
89
51
-48
-43
9
48
-18
-9
25
10
-10
-40
-33
-48
-38
-11
52
0
-45
-16
80
108
13
-45
-10
39
26
1
-45
-121
-37
39
31
16
22
77
31
24
15
47
-46
11
-52
-64
-21
-18
11
17
38
12
8
6
70
-33
-4
-81
-70
-5
-75
-26
63
33
37
-33
-52
-55
-25
122
55
-96
-178
-107
36
115
59
16
-82
26
119
69
-88
-132
-46
31
13
-96
-94
22
75
69
38
10
33
29
83
-43
-170
-101
-101
38
124
58
-1
-70
69
214
124
52
-98
-99
29
-47
-46
-84
-56
117
56
45
62
2
79
-18
-60
19
-43
-32
13
-50
-32
-91
18
132
51
45
-14
-152
-42
80
107
41
-141
-44
1
8
56
-18
-57
49
31
154
22
-127
-19
87
97
9
-106
-101
49
67
110
-46
-15
73
97
71
-52
-40
21
-28
-19
30
-52
27
96
34
52
39
-22
-70
-33
38
-26
-64
-40
62
47
-47
-70
58
136
24
-75
-129
-97
6
4
-34
-4
36
158
29
-56
91
112
51
-161
-224
30
53
-2
-136
-117
84
209
124
-13
-93
9
27
-52
-84
-118
90
-28
-14
-25
7
87
108
68
-119
-115
14
8
15
29
-86
54
58
29
45
-69
-91
-10
11
-24
-51
106
99
39
-57
-34
105
34
-51
-165
-124
-79
18
74
112
68
107
77
12
1
26
-77
-257
-149
-96
84
175
19
-82
107
163
200
85
-61
-148
-193
-86
-78
32
-86
-74
90
88
120
107
107
55
-79
-50
-46
-66
-57
-106
-58
41
-9
-12
46
-86
21
73
74
-83
-82
114
-20
12
-71
-46
34
-10
-62
-103
-96
-82
-37
43
46
51
174
86
9
65
-135
-114
92
-53
-82
-91
-71
12
111
134
17
114
73
62
71
-106
-102
-89
-94
-117
-69
152
160
-96
-44
109
66
135
-29
-39
7
-101
-46
-37
-18
-37
57
72
-44
87
300
50
-113
-92
-87
80
-19
-106
-60
-76
-41
-24
-16
153
65
94
219
-81
-49
-41
-82
-71
-224
-60
19
52
28
-112
99
198
90
130
66
-103
-40
-15
-106
-142
-218
-6
47
144
99
128
293
-10
-59
107
35
-167
-116
-120
-80
-65
-12
135
141
112
112
8
19
-6
-93
-57
-190
-159
-17
133
81
128
300
93
5
-189
-254
49
62
-169
-296
-85
26
238
293
162
18
24
208
63
30
-319
-355
-191
-98
38
9
131
57
60
222
115
9
86
47
-98
-158
-232
-282
-40
8
9
84
189
118
215
94
-161
-216
-181
-16
-94
-127
-216
29
281
156
121
253
163
142
-91
-237
-222
-359
-216
-103
0
155
8
203
282
193
258
14
-105
-92
-47
-193
-296
-234
168
22
-24
-50
32
362
172
118
-62
-276
-106
1
8
57
-168
-42
-52
100
216
29
29
22
96
37
-221
-153
51
-66
17
-116
-27
245
138
255
-2
-184
17
57
35
-137
-215
-8
-34
-29
-25
-39
192
248
123
-18
-223
-142
19
-201
-16
-92
-132
89
69
240
177
108
80
-77
-86
-173
-237
-267
-203
-119
-111
-21
197
412
403
234
-1
13
34
-83
-173
-199
-159
-285
-165
-25
159
117
122
337
49
-47
152
85
-27
-70
-98
-8
-114
-77
-54
18
12
-64
28
-10
-40
92
47
-38
25
100
50
52
9
67
44
29
-74
-160
18
-104
-152
-148
45
56
62
58
80
149
24
-52
81
34
-172
-208
-12
20
-140
-66
80
176
96
61
10
-32
13
144
-70
-183
-118
75
192
-134
-123
66
71
98
81
-12
66
-65
86
95
47
19
-192
-48
-17
-115
-108
-102
-54
92
112
176
1
-11
259
135
4
31
-220
-51
-79
-243
-141
-103
162
52
-57
46
118
290
212
-11
-117
-103
80
114
-66
-159
-85
-19
68
-33
-46
132
-51
-93
-143
-57
93
268
84
98
120
-34
29
-233
-25
-139
-137
-121
-206
-91
114
189
178
-2
146
128
77
140
-188
2
-60
-146
-34
-114
-146
1
-55
93
66
-76
151
158
74
91
106
65
-55
-157
-188
-30
-27
-100
-24
40
6
-121
-36
123
291
92
-70
34
98
67
96
-215
-354
-10
180
95
-281
-226
7
304
239
4
-82
47
180
262
-39
-242
-189
-116
-47
-140
-93
-42
88
37
98
107
139
176
212
19
-222
-230
-190
14
-33
-72
-1
95
194
73
31
-96
84
106
-27
-103
-199
121
209
-97
-124
-21
18
179
-72
-100
-66
-54
69
66
8
-69
-32
127
117
-86
-56
-121
-14
-36
-12
-5
43
104
-153
-171
69
114
-7
162
-4
-97
54
-16
-29
-21
18
-16
-16
10
-91
24
58
-116
57
117
13
125
52
73
37
-123
42
85
-141
-60
19
-34
-100
-36
-16
121
194
98
131
-61
30
70
-138
-171
-207
-189
-1
22
9
80
69
85
131
87
-20
-10
-28
-103
-216
-88
104
25
48
-5
-56
44
12
-56
-32
-130
-15
118
80
18
-75
17
5
-45
11
-65
89
67
-164
-68
-38
-21
48
56
-33
-84
1
212
87
-26
-120
-106
59
-8
53
-30
-109
-138
62
118
215
47
-61
-77
-50
-65
-268
156
66
54
27
40
153
100
6
-65
-135
-60
27
-98
-36
14
-6
66
134
-6
-89
19
78
-19
-131
43
7
46
-27
-45
64
-31
81
51
21
-190
-112
-9
98
-42
77
-5
-86
194
14
81
-52
-56
-38
-49
165
130
-195
-26
62
128
170
-42
-74
-232
-85
86
70
-7
-47
14
204
159
151
-165
-124
-39
-3
3
-104
-84
-105
6
127
139
-65
72
-17
-56
-15
-35
-59
152
35
-81
25
39
-98
-63
22
47
120
93
28
-116
21
20
-99
-21
-3
59
99
-57
-88
99
285
51
-123
-130
-21
109
156
-257
-336
-9
48
200
80
-2
-48
144
43
33
61
-88
63
-104
-154
-93
71
-82
24
-13
18
250
-26
-21
5
-159
114
-45
-86
7
-150
42
126
4
58
-41
-135
11
-15
217
-44
-1
26
0
47
-54
-177
-154
53
-7
-64
-44
193
112
283
175
-126
-96
-140
-59
-49
-55
-27
-4
77
189
-5
-39
-39
-28
148
83
-168
-142
-172
-60
229
7
112
-59
28
92
-158
4
24
73
22
-185
-12
88
-123
-131
-175
128
65
106
109
-146
207
180
-111
-80
-124
-129
194
91
-156
-115
0
90
86
142
-85
-27
27
114
227
100
-125
-206
-130
-23
-95
-56
51
-130
204
70
-165
67
115
58
246
56
-16
1
34
111
103
-48
-116
-181
-261
-42
-70
30
14
90
49
66
64
12
114
33
-11
41
6
-107
-149
-61
112
281
262
-103
-447
-191
-118
-26
-19
-113
-4
116
163
169
55
55
21
-132
208
126
-126
-172
-290
-8
57
-89
94
-118
-77
72
36
78
63
-40
63
-80
-4
157
-32
8
-118
-80
190
72
-95
39
45
-15
-114
14
17
-61
94
-172
-153
15
-63
245
35
93
311
-110
-84
7
115
200
-148
-250
-185
67
124
103
10
-382
-263
-63
13
189
78
43
19
173
82
134
53
-11
63
372
214
234
275
-1463
-1047
49
157
199
68
-498
-304
294
535
524
288
490
580
291
-207
-551
-462
-183
-333
-212
-269
-251
139
142
-2
60
33
421
245
229
104
-74
105
-71
9
-25
-164
-319
31
-47
103
147
24
-84
-364
-30
186
-11
-38
-67
64
75
-33
-1
43
3
138
186
-36
36
37
-114
-194
-77
100
86
-22
-82
101
141
-58
-74
-8
57
46
93
62
42
18
-82
-139
52
60
96
-28
-147
-66
-23
-18
-34
-3
213
2
76
299
-276
-244
49
37
-85
-105
-201
-9
115
117
-96
60
102
-69
110
33
-95
-118
-23
0
28
-102
-106
38
37
-45
146
47
-144
34
88
-43
-101
-119
-10
-10
36
-114
-196
108
138
178
53
-14
106
92
-103
-40
22
-76
-20
-138
-52
-73
-109
70
173
77
11
186
160
-65
-24
-20
27
-72
-183
-189
3
-74
133
199
-101
71
34
141
42
-105
-62
-170
-57
62
-115
56
-45
-164
52
40
36
129
-66
5
57
45
1
-72
75
-42
-71
9
-61
61
51
-5
131
-150
-145
123
-3
27
58
-23
35
-248
-53
62
50
129
13
1
-133
-41
116
64
-19
69
-49
-59
-6
-136
-7
-28
-24
133
100
66
-16
-36
-13
3
-21
-93
-59
17
26
-51
-1
-76
121
198
-81
-68
-138
36
95
122
64
-120
-67
37
41
91
31
-61
-138
-78
153
24
-109
-78
44
118
190
-17
167
-1
-178
-9
-128
11
28
-96
-95
-24
97
120
46
42
-9
139
80
12
-134
-259
-106
93
2
-149
-110
101
287
73
-135
-92
80
84
97
42
-197
-145
72
-1
-74
-144
102
107
-9
-56
-42
38
-28
88
32
-66
6
148
44
-57
-35
-129
-28
28
53
29
-74
-29
17
133
-78
-93
62
95
152
-106
-188
-68
72
293
248
10
-111
-89
17
128
8
1
10
107
200
125
6
-141
128
334
120
-108
-150
17
61
-38
-106
-152
72
76
54
96
51
-77
-170
-166
-44
104
-206
-290
-158
-55
-49
-35
10
45
167
110
-38
-88
-134
-134
-78
-61
-37
-28
58
25
18
-42
-30
78
34
31
101
-3
-89
-24
63
81
36
51
17
49
49
21
-14
-2
33
-80
-258
-137
-21
-9
-4
-87
22
5
35
201
128
36
-45
-156
-21
2
-70
-4
-46
30
111
8
80
152
160
237
218
257
224
82
-4
-27
163
266
35
-115
-88
-39
-10
82
75
-26
-103
-166
-123
-124
-192
-184
-139
-173
-195
-239
-287
-224
-143
-147
-167
-130
-47
-26
-55
-28
-44
-44
-41
-24
58
46
-83
18
144
123
121
64
71
132
132
182
165
44
25
74
160
104
36
67
9
3
52
-26
-87
-59
9
-22
-158
-143
-93
-58
-24
44
96
4
-27
84
22
-41
-31
-47
-36
-85
-51
21
-50
-78
51
183
209
105
120
219
218
192
183
106
1
-45
-15
-1
-39
7
9
-129
-108
106
129
-44
-228
-275
-228
-222
-209
-201
-261
-300
-208
-73
-88
-144
-65
-47
-84
-104
-141
-176
-156
-90
-53
-67
-32
76
220
239
160
203
192
147
154
127
85
33
-27
31
105
106
85
131
161
47
-2
11
-22
18
101
52
13
21
68
101
94
52
-21
-23
41
61
19
-18
-38
-15
32
94
67
-63
-97
28
78
24
-6
-10
21
73
68
16
-3
20
14
-18
-48
-195
-231
-88
-37
-86
-87
-87
-27
69
26
-117
-205
-195
-218
-304
-387
-346
-161
-20
-26
-39
-65
-117
-51
113
93
-97
-153
-52
-4
-89
-137
-32
122
183
195
211
262
331
396
397
283
182
227
284
311
333
255
210
274
270
204
222
216
229
378
399
191
139
282
380
451
430
234
150
256
257
194
145
61
95
241
221
37
-82
-114
-112
-97
-205
-354
-379
-367
-370
-383
-451
-583
-704
-760
-729
-705
-794
-952
-1018
-979
-967
-985
-994
-1039
-1060
-971
-867
-810
-763
-746
-766
-713
-626
-622
-599
-504
-472
-454
-326
-218
-137
31
138
144
239
388
463
550
662
713
751
846
958
1070
1189
1325
1473
1589
1674
1772
1883
1948
2049
2193
2236
2208
2281
2443
2555
2595
2598
2517
2372
2232
2091
1891
1613
1315
1051
759
356
-120
-554
-959
-1441
-2022
-2670
-3257
-3696
-4015
-4270
-4486
-4581
-4490
-4262
-3998
-3721
-3438
-3210
-2984
-2730
-2535
-2396
-2231
-2017
-1790
-1602
-1456
-1295
-1125
-959
-753
-539
-391
-219
44
293
530
837
1110
1249
1384
1604
1839
2005
2069
2137
2299
2501
2606
2623
2563
2526
2693
2985
3198
3386
3676
4012
4354
4666
4861
4968
5065
5140
5208
5273
5334
5401
5141
3844
1908
402
-947
-2808
-4613
-6198
-7895
-8793
-8407
-7681
-6947
-5823
-4471
-2990
-1568
-766
-542
-571
-856
-967
-669
-589
-796
-713
-463
-474
-570
-912
-1883
-2956
-3590
-4038
-4343
-4364
-4312
-3943
-2991
-2004
-1332
-715
-298
-67
254
375
126
-73
-116
-216
-197
-27
44
143
636
1352
1949
2348
2665
3078
3609
4009
4268
4472
4539
4703
5279
5838
6040
6318
6734
6984
7105
7163
6978
6673
6583
6333
4894
2449
396
-1160
-3038
-4872
-6370
-8065
-9365
-9273
-8335
-7381
-6303
-4982
-3305
-1447
-218
180
208
-178
-743
-757
-750
-1279
-1542
-1209
-934
-740
-530
-730
-1215
-1538
-1855
-2469
-3221
-3633
-3458
-3139
-2995
-2773
-2283
-1732
-1041
-321
-18
-70
5
164
-66
-761
-1644
-2457
-3056
-3280
-3081
-2647
-2066
-926
781
2320
3358
4296
5176
5774
6220
6569
6595
6441
6561
6858
6953
6871
6877
6928
6873
6798
6698
6451
6384
6386
4974
2080
-220
-1685
-3726
-5694
-7099
-8903
-10108
-9405
-8024
-6883
-5618
-4254
-2474
-453
481
290
-94
-899
-1662
-1591
-1548
-2010
-1959
-1315
-769
-343
-139
-381
-771
-920
-931
-882
-938
-1339
-1834
-1839
-1590
-1584
-1634
-1787
-2281
-2469
-2184
-2100
-2107
-1971
-1975
-1854
-1505
-1627
-2134
-2477
-2604
-2349
-1710
-1009
-2
1416
2685
3793
4930
5654
5969
6442
6778
6584
6352
6343
6338
6373
6442
6361
6315
6386
6441
6491
6657
7036
6874
4717
1577
-324
-1939
-4515
-6553
-8074
-9959
-10423
-8956
-7468
-6224
-4638
-2881
-693
1162
1472
908
138
-1049
-1702
-1568
-1921
-2492
-2166
-1365
-827
-470
-422
-797
-1233
-1447
-1428
-1336
-1349
-1190
-598
-176
-543
-1460
-2411
-3063
-3368
-3642
-4118
-4464
-4219
-3365
-2369
-1644
-1217
-1055
-1056
-999
-980
-1329
-1887
-1850
-785
765
2220
3646
4917
5815
6661
7489
7695
7249
6746
6349
6038
5890
5712
5339
5144
5442
6060
6576
6848
7370
8145
7288
4140
1327
-399
-2986
-5662
-7182
-9111
-10694
-9649
-7580
-6156
-4452
-2700
-1163
722
1731
1122
89
-1192
-2439
-2530
-2417
-3085
-3167
-2326
-1759
-1419
-1134
-1471
-2047
-2200
-2162
-1989
-1528
-1202
-853
15
659
253
-695
-1571
-2455
-3457
-4448
-5233
-5554
-5385
-4866
-4088
-3204
-2289
-1309
-309
461
878
1004
989
1075
1427
1924
2490
3228
4114
5090
6046
6693
7028
7193
6994
6455
5943
5566
5185
4872
4917
5462
6177
6840
7472
8037
8730
8523
5688
1980
-13
-2049
-5147
-7102
-8588
-10711
-10885
-8941
-7369
-5883
-4015
-2394
-425
1204
1025
60
-926
-2319
-2957
-2599
-2861
-3347
-2738
-1880
-1499
-1120
-1098
-1693
-2104
-2160
-2122
-1739
-1374
-1218
-470
455
518
131
-597
-1993
-3260
-4355
-5612
-6045
-5656
-5319
-4527
-3261
-2224
-973
486
1408
2042
2472
2252
1906
1838
1668
1656
2244
3116
4043
5208
6254
6716
6905
6940
6415
5642
5079
4596
4360
4516
4813
5386
6176
6780
7383
8166
8909
8562
5737
2038
-36
-2033
-5128
-7442
-9403
-11711
-11918
-10083
-8469
-6729
-4642
-2710
-233
1805
1758
742
-395
-1864
-2540
-2443
-3041
-3609
-2919
-1940
-1482
-1307
-1548
-2107
-2459
-2578
-2476
-1988
-1575
-1236
-170
1026
1218
954
459
-961
-2510
-3475
-4493
-5084
-4692
-4197
-3634
-2387
-966
282
1443
2119
2373
2551
2353
1748
1263
944
861
1512
2666
3642
4558
5571
6080
6121
6122
5672
4847
4354
4070
3853
3998
4284
4658
5420
6164
6718
7352
7856
7731
5844
2246
-648
-2558
-5453
-8282
-9855
-11458
-12050
-10130
-7675
-5658
-3195
-942
911
2781
3205
1792
271
-1176
-2588
-2926
-2973
-3700
-3751
-2799
-2332
-2365
-2390
-2763
-3107
-2915
-2467
-1721
-781
-113
754
1908
2242
1730
1321
756
-365
-1593
-3103
-4854
-5614
-5172
-4643
-4104
-3187
-2210
-1081
389
1708
2589
3098
3277
3398
3367
2756
1988
1635
1616
2067
2971
3635
4012
4624
5198
5188
4811
4339
3706
3311
3518
3885
4244
4944
5818
6682
7531
8233
8622
7302
3575
367
-1111
-3698
-6997
-8698
-10249
-11576
-10259
-7836
-6141
-4047
-1752
367
2645
3285
1908
580
-897
-2601
-3033
-3372
-4649
-4886
-3886
-3362
-3266
-3142
-3154
-2909
-2232
-1567
-823
115
737
1409
2545
2902
2201
1590
810
-399
-1850
-4299
-6377
-6099
-5072
-4413
-3338
-2550
-1821
42
1915
2909
3499
3512
3206
3157
2702
1371
73
-331
180
1420
2769
3418
3855
4718
5317
5227
4583
3392
2492
2425
2561
2793
3335
3995
4926
6267
7451
7999
8361
8504
6633
2965
332
-1636
-4658
-7103
-8424
-10031
-10491
-8670
-6427
-4423
-2267
-473
1274
2756
2444
841
-739
-2540
-3957
-4301
-4880
-5727
-5432
-4588
-4017
-3291
-2732
-2561
-2077
-1337
-644
299
1200
1702
2252
2822
2780
2141
1307
179
-1527
-3495
-4874
-5222
-4740
-3805
-2906
-2132
-922
812
2359
3325
3762
3589
2980
2232
1176
-259
-1438
-1731
-1119
38
1318
2434
3229
3706
4012
4002
3442
2711
2327
2180
2207
2733
3575
4382
5363
6546
7496
8096
8745
9477
8790
5550
1946
-123
-2254
-4898
-6662
-8209
-9564
-8898
-6821
-4993
-3335
-1776
-250
1400
2057
1079
-644
-2532
-4027
-4543
-4889
-5753
-6278
-5797
-4722
-3669
-2988
-2652
-2210
-1448
-580
334
1177
1677
2100
2864
3522
3327
2482
1657
643
-764
-1868
-2991
-4291
-4239
-3194
-2641
-1888
-846
-226
668
1524
1546
1295
692
-332
-885
-1218
-1801
-1897
-1237
-287
834
2035
2801
3177
3664
4043
3943
3586
3152
2887
3208
3829
4308
4885
5841
6931
7941
8938
9666
9827
8607
5365
2048
122
-2190
-5012
-6779
-8329
-9439
-8509
-6757
-5206
-3314
-1745
-439
1139
1434
21
-1642
-3297
-4729
-5254
-5685
-6462
-6410
-5323
-4038
-2908
-2223
-1818
-927
233
1102
1953
2685
2981
3329
3894
4061
3475
2385
1052
-697
-2557
-3739
-4453
-4807
-4111
-3008
-2368
-1571
-515
276
703
691
398
-58
-885
-1746
-2208
-2474
-2389
-1508
-233
850
1867
2807
3364
3662
3847
3816
3558
3067
2705
2891
3303
3925
5002
6081
6996
8034
8999
9598
10067
10254
8506
4553
1365
-391
-2944
-5586
-7122
-8693
-9383
-8045
-6310
-4773
-3224
-2209
-918
586
391
-1066
-2366
-3830
-4965
-5089
-5459
-6173
-5858
-4634
-3271
-2061
-1370
-820
182
1110
1697
2327
2749
2756
2957
3400
3291
2408
1015
-724
-2120
-2777
-3366
-4109
-4460
-4165
-3308
-2335
-1684
-1234
-831
-558
-309
-68
-350
-1161
-1596
-1439
-1211
-799
-203
226
904
2028
2916
3268
3424
3584
3775
3836
3587
3377
3492
3800
4394
5335
6297
7129
8029
9018
9858
10550
10435
7686
3303
614
-1126
-3937
-6212
-7638
-9373
-9553
-7714
-6216
-4975
-3313
-1961
-336
1276
1003
-524
-1945
-3426
-4255
-4415
-5271
-5968
-5205
-3820
-2480
-1346
-889
-493
525
1390
1743
2131
2404
2394
2746
3275
3001
1911
163
-2040
-3534
-4164
-4958
-5611
-5397
-4589
-3291
-1857
-911
-194
414
607
662
567
-284
-1583
-2353
-2539
-2350
-1567
-600
247
1554
3080
3968
4278
4242
4064
3998
3674
3037
2765
2971
3339
4074
5310
6568
7587
8534
9358
9980
10420
9831
6950
2964
371
-1568
-4403
-6680
-8078
-9532
-9444
-7625
-6088
-4629
-2835
-1411
198
1654
1336
-229
-1747
-3112
-3962
-4367
-5165
-5809
-5276
-3954
-2640
-1808
-1464
-919
65
923
1438
1884
2200
2293
2729
3427
3219
2034
639
-1082
-2765
-3645
-4395
-5257
-5149
-4195
-3266
-2376
-1548
-813
-102
231
292
238
-417
-1445
-1989
-2189
-2324
-1880
-987
-60
1224
2578
3294
3643
3894
3914
3909
3662
3146
3149
3603
3990
4569
5441
6421
7479
8470
9254
9839
10282
10071
7846
4057
1122
-1104
-3935
-6123
-7460
-9057
-9373
-7875
-6295
-4564
-2706
-1521
-87
1362
1191
-13
-1431
-3090
-4046
-4284
-5037
-5784
-5580
-4798
-3714
-2635
-1983
-1301
-241
732
1509
2204
2525
2519
2788
3271
3113
2035
304
-1693
-3280
-4205
-4733
-4898
-4710
-4031
-2852
-1787
-949
-124
269
238
339
270
-544
-1644
-2387
-2697
-2437
-1661
-734
362
1626
2764
3654
4008
3761
3482
3381
3192
2975
3021
3318
3794
4649
5807
6935
7935
8830
9740
10493
10768
10169
7535
3264
67
-1861
-4380
-6722
-8140
-9384
-9417
-7660
-5741
-4107
-2440
-1049
467
1779
1443
-184
-1835
-3330
-4361
-4865
-5680
-6544
-6269
-4990
-3625
-2545
-1781
-1021
73
1197
1890
2295
2588
2678
3004
3614
3472
2216
502
-1115
-2206
-2936
-3745
-4341
-4509
-4176
-3209
-2334
-1902
-1351
-868
-598
-191
-150
-933
-1852
-2296
-2324
-1994
-1411
-819
-39
1061
2082
2805
3140
3112
3288
3707
3756
3675
3860
3979
4245
5075
5989
6825
7932
8912
9636
10450
10864
10323
8142
4181
737
-1201
-3555
-5978
-7311
-8772
-9611
-8220
-6262
-4784
-3133
-1757
-414
1214
1513
206
-1379
-3129
-4572
-5022
-5671
-6733
-6681
-5509
-4163
-2883
-1923
-1211
-230
879
1765
2418
2751
2866
3244
3898
3932
2620
517
-1307
-2502
-3295
-4091
-4952
-5191
-4385
-3145
-2062
-1298
-937
-708
-265
27
-342
-1316
-2420
-2915
-2567
-1933
-1322
-551
401
1508
2617
3293
3422
3427
3650
3956
4017
3918
3877
3876
4321
5353
6314
7201
8358
9384
10128
10759
11044
10428
7801
3563
286
-1798
-4268
-6407
-7621
-8832
-9177
-7789
-5970
-4369
-2896
-1724
-370
887
779
-513
-2206
-4059
-5283
-5723
-6360
-7021
-6760
-5483
-3887
-2629
-1689
-707
345
1325
2176
2764
3046
3162
3457
3930
3700
2188
-20
-1894
-2924
-3420
-4027
-4791
-4916
-4059
-2890
-1981
-1419
-1218
-1146
-805
-424
-612
-1516
-2512
-2763
-2180
-1392
-824
-281
538
1561
2619
3405
3569
3477
3702
4142
4389
4406
4274
4230
4812
5926
7037
8013
8841
9489
10151
10696
10865
10011
6639
1950
-881
-2574
-4950
-6900
-8193
-9422
-9221
-7490
-5737
-4216
-2993
-1818
-96
1083
580
-940
-2764
-4386
-5076
-5414
-6209
-6778
-6296
-4777
-3015
-1926
-1287
-427
600
1539
2301
2767
3011
3204
3600
4070
3591
1889
-151
-1832
-2858
-3456
-4341
-5334
-5373
-4418
-3263
-2349
-1778
-1318
-802
-289
50
-129
-1029
-2020
-2183
-1758
-1399
-1044
-438
439
1580
2759
3455
3659
3788
4098
4525
4592
4251
4081
4330
4866
5780
6916
7885
8726
9499
10111
10481
10522
9639
6471
1882
-1126
-2716
-4854
-6816
-7966
-9144
-9340
-7856
-6081
-4637
-3472
-2356
-715
633
413
-943
-2657
-4252
-4918
-5079
-5766
-6430
-6069
-4706
-3234
-2229
-1520
-755
258
1435
2438
3030
3354
3484
3629
3813
3034
1139
-668
-1909
-2699
-3141
-3910
-4953
-5007
-4001
-2898
-2052
-1570
-1284
-878
-478
-350
-625
-1392
-2080
-1903
-1234
-722
-320
189
912
1842
2774
3306
3418
3590
4066
4425
4328
4067
3927
4123
4807
5667
6492
7429
8417
9291
10037
10386
10347
9776
7058
2543
-603
-2290
-4517
-6421
-7503
-8993
-9675
-8574
-7057
-5471
-3959
-2843
-1216
441
451
-704
-2220
-3963
-4791
-4783
-5321
-5920
-5542
-4476
-3209
-2147
-1489
-735
332
1425
2482
3265
3568
3610
3651
3569
2730
1035
-606
-1560
-2070
-2524
-3347
-4384
-4589
-3761
-2777
-2079
-1656
-1476
-1311
-1110
-1159
-1475
-1931
-2205
-1724
-793
-156
258
687
1171
1779
2377
2693
2821
3132
3598
3852
3808
3786
3905
4186
4807
5669
6505
7384
8477
9402
9918
10252
10418
9645
6548
2026
-1044
-2803
-4955
-6621
-7818
-9683
-10442
-9074
-7268
-5542
-3956
-2783
-1156
532
577
-729
-2373
-4076
-4821
-4675
-5053
-5590
-5271
-4307
-3086
-2015
-1387
-674
339
1365
2531
3563
3840
3728
4011
4093
3090
1478
-143
-1354
-1848
-2368
-3491
-4502
-4654
-3893
-2711
-1877
-1470
-1172
-1001
-832
-645
-875
-1592
-1954
-1409
-559
45
450
783
1228
1900
2624
3087
3213
3413
3841
4110
4188
4272
4217
4258
4910
5954
6900
7735
8470
9114
9852
10455
10476
8999
4925
372
-1836
-3262
-5364
-6989
-8655
-10369
-10050
-8282
-6762
-5332
-4074
-2592
-314
971
175
-1400
-3124
-4439
-4476
-4516
-5443
-5852
-5277
-4207
-2949
-2212
-1822
-942
255
1507
2680
3240
3281
3320
3440
3337
2428
740
-588
-997
-1384
-2322
-3361
-4067
-3938
-2879
-1955
-1659
-1542
-1507
-1450
-1298
-1410
-1813
-2142
-1897
-851
202
566
762
1268
1805
2217
2521
2553
2548
2924
3372
3472
3362
3461
3956
4676
5508
6363
6993
7610
8740
10007
10591
10661
10549
8755
4544
770
-1173
-3094
-5057
-6418
-8215
-9804
-9696
-8464
-6754
-5002
-3681
-2065
-194
419
-294
-1652
-3380
-4427
-4413
-4502
-4936
-5164
-5014
-4230
-3207
-2480
-1703
-691
408
1737
3014
3660
3664
3333
3128
2972
2239
1046
-61
-880
-1613
-2554
-3582
-4195
-4002
-3228
-2376
-1780
-1552
-1634
-1833
-1935
-1735
-1587
-1678
-1388
-591
119
565
871
994
1131
1504
2071
2487
2595
2636
2814
2993
3276
3796
4327
4866
5659
6683
7633
8374
9068
9829
10464
11116
10684
6965
2049
-449
-2045
-4152
-5379
-7084
-9929
-10501
-8795
-7246
-5593
-4134
-3062
-894
1027
637
-966
-2840
-4338
-4309
-3915
-4592
-5255
-5439
-5174
-4013
-2867
-2546
-1835
-353
1095
2637
3721
3549
3035
3173
3246
2459
1363
356
-539
-1149
-2017
-3403
-4531
-4616
-3697
-2424
-1545
-1292
-1304
-1237
-1254
-1251
-1214
-1404
-1367
-617
274
554
654
974
1452
2119
2902
3323
3314
3209
3198
3364
3644
3830
4166
4933
5719
6485
7391
8174
8776
9490
10200
10967
11097
8042
2957
-40
-1748
-3970
-5361
-6538
-9093
-10443
-9186
-7475
-5869
-4415
-3366
-1609
275
438
-821
-2595
-4093
-4330
-3844
-4081
-4695
-5091
-5103
-4470
-3462
-2729
-2124
-1075
200
1545
2604
2727
2114
1883
2192
1823
852
210
-412
-1170
-2058
-3367
-4588
-4729
-3901
-2759
-1703
-1185
-1280
-1257
-1085
-1091
-1104
-1230
-1217
-587
306
634
744
1152
1689
2286
2989
3369
3374
3276
3112
3043
3357
3787
4108
4831
5902
6842
7533
8239
8845
9185
9726
10801
11412
9020
4047
506
-1289
-3156
-4593
-5805
-8166
-9824
-8827
-6970
-5534
-4521
-3750
-2012
123
509
-692
-2472
-3961
-4094
-3293
-3397
-4336
-4994
-5061
-4499
-3713
-3158
-2734
-1825
-331
1334
2367
2331
1877
1816
2227
2158
1252
373
-163
-694
-1547
-2921
-4449
-4959
-4136
-2805
-1775
-1315
-1498
-1740
-1415
-960
-948
-1338
-1398
-753
127
545
659
866
1244
1859
2622
3077
3084
2955
2830
2727
2851
3312
3807
4392
5343
6336
6927
7424
8215
8853
9326
10215
11317
10341
5989
1802
-356
-2194
-3823
-4893
-7068
-9596
-9619
-7983
-6396
-5066
-4301
-3009
-726
281
-473
-1933
-3604
-4282
-3354
-2824
-3633
-4561
-5186
-5155
-4357
-3623
-3196
-2436
-1297
203
1647
2006
1588
1483
1640
1313
954
949
793
347
-530
-1911
-3314
-3747
-3001
-1857
-1183
-1103
-1305
-1702
-1970
-1882
-1763
-1641
-1022
-20
816
1131
1172
1381
1898
2519
3171
3727
3804
3465
3102
2803
2815
3428
4137
4800
5715
6456
6772
7029
7417
8023
8829
9525
10472
10545
6864
2219
350
-1048
-3091
-4074
-5770
-8792
-9452
-8249
-7330
-5913
-4775
-3937
-1669
-144
-1004
-2377
-3695
-4671
-3942
-2984
-3624
-4429
-4906
-5265
-4838
-4167
-3833
-2996
-1757
-593
611
1053
642
433
569
405
363
855
1178
913
-161
-1698
-2962
-3326
-2488
-1291
-966
-1366
-1664
-1932
-2204
-2169
-1955
-1585
-731
311
1024
1080
703
777
1624
2690
3562
4054
3980
3574
3211
2909
2836
3392
4202
4849
5594
6308
6553
6724
7392
8263
8982
9799
10930
11166
8147
3546
929
-494
-2022
-3062
-4744
-7786
-9320
-8684
-7603
-6128
-4977
-4240
-2293
-514
-921
-2393
-3884
-4763
-4048
-2802
-2857
-3703
-4641
-5291
-4951
-4232
-3788
-3053
-2013
-895
343
831
433
136
351
852
1446
1824
1423
391
-949
-2112
-2699
-2976
-2793
-2128
-1717
-1748
-1765
-1934
-2263
-2034
-1145
-370
-88
-157
-249
-195
117
762
1480
2117
2844
3516
3747
3625
3303
3014
3112
3758
4402
4536
4633
5183
5882
6509
7174
7806
8320
9189
10609
11295
9038
4583
1575
293
-897
-2131
-4062
-7351
-9554
-9248
-8176
-6903
-5724
-5004
-3411
-1374
-1245
-2554
-3841
-4484
-3797
-2490
-2335
-3291
-4333
-5057
-4902
-4164
-3650
-3111
-2198
-1124
-45
353
-61
-236
200
720
1127
1471
1335
904
217
-812
-1598
-2008
-1900
-1202
-701
-1055
-1661
-2141
-2566
-2410
-1734
-1144
-780
-333
133
480
846
1290
1960
2790
3622
4207
4345
4008
3464
3146
3117
3461
4090
4561
4946
5406
5946
6618
7192
7734
8318
9088
10104
11022
9262
4462
1116
1
-966
-1847
-3401
-6871
-9522
-9313
-8258
-6973
-5765
-5326
-3885
-1826
-1780
-3105
-4403
-5122
-4355
-2681
-2311
-3214
-4263
-5213
-5136
-4239
-3697
-3272
-2444
-1549
-649
-253
-768
-1161
-898
-186
759
1254
1041
560
-155
-906
-1127
-1157
-1147
-599
-242
-676
-1359
-2212
-2786
-2522
-1654
-788
-442
-367
-228
161
639
1300
2079
2640
3316
4106
4470
4052
3465
3254
3441
4087
4794
4974
4735
4804
5591
6551
7359
7942
8290
8769
9914
10995
8723
4149
1585
772
-125
-1016
-3051
-7152
-9640
-8961
-7613
-6293
-5428
-4998
-3476
-1819
-1956
-3158
-4237
-4659
-3475
-1697
-1613
-2889
-4369
-5302
-4996
-4050
-3557
-3138
-2365
-1713
-1049
-877
-1416
-1757
-1425
-359
770
1018
498
-141
-929
-1329
-908
-738
-713
-176
-34
-667
-1508
-2526
-3082
-2481
-1341
-511
-279
-519
-510
46
739
1641
2484
3035
3636
4356
4397
3746
3327
3284
3706
4357
4728
4557
4135
4416
5405
6307
7024
7704
8213
8637
9698
9452
5926
2663
1740
993
-270
-1693
-4877
-8629
-9324
-8090
-6928
-5846
-5256
-4289
-2576
-2046
-3019
-3910
-4299
-3887
-2267
-1305
-2101
-3467
-4549
-4771
-4017
-3361
-3139
-2469
-1687
-1420
-1376
-1511
-1629
-1113
-118
355
161
-64
-50
-95
-580
-1086
-1383
-1207
-328
479
322
-722
-1637
-1908
-1644
-1276
-969
-628
-477
-174
478
858
1198
2034
2937
3623
4351
4792
4552
4295
4193
3923
3911
4284
4607
4642
4589
4823
5457
6196
6729
7220
7703
8393
9502
8614
4804
1864
1103
357
-541
-2037
-5846
-9331
-9439
-8048
-6739
-5823
-5643
-4634
-2747
-2382
-3404
-4214
-4540
-3668
-1745
-1013
-2052
-3625
-4852
-4762
-3717
-3291
-3197
-2617
-2027
-1710
-1693
-2141
-2278
-1155
269
687
98
-853
-1143
-771
-612
-1016
-1757
-1952
-964
416
596
-604
-1793
-1983
-1216
-425
-287
-633
-959
-484
618
1290
1376
1576
2303
3514
4752
5148
4569
4098
4269
4624
4922
4874
4528
4465
4956
5712
6183
6140
6096
6848
8116
9297
9675
7145
3033
1467
1675
1047
-236
-2708
-6708
-8812
-7979
-6994
-6210
-5556
-5121
-3482
-1966
-2784
-4331
-4670
-4040
-2395
-742
-1071
-2584
-3826
-4458
-3969
-3148
-3105
-2926
-2153
-1903
-2225
-2640
-3210
-3024
-1715
-546
-106
-202
-714
-1152
-1195
-1036
-839
-533
-72
401
410
-397
-1455
-2086
-1997
-1333
-702
-424
-498
-713
-520
198
988
1762
2547
3155
3630
4062
4125
3843
3848
4081
4440
4811
4768
4490
4370
4556
5174
5903
6266
6547
7213
7935
8725
8601
5471
1996
1310
1557
889
-583
-3822
-7930
-9217
-7933
-6532
-5502
-5269
-4953
-3494
-2665
-3476
-4334
-4286
-3295
-1370
-279
-1159
-2805
-4165
-4238
-3133
-2355
-2305
-2173
-1932
-2064
-2358
-2843
-3076
-2594
-1787
-871
-356
-584
-1018
-1270
-1289
-921
-250
268
743
1034
533
-470
-1404
-1871
-1543
-789
-166
-34
-283
-446
51
1021
1887
2687
3346
3756
4107
4359
4221
3977
4142
4653
5210
5380
5029
4655
4619
4966
5661
6167
6310
6586
6996
7471
8153
6971
3355
1232
1453
1254
59
-2060
-6123
-9335
-8961
-7225
-6056
-5494
-5576
-4978
-3541
-3336
-4158
-4466
-4001
-2619
-893
-822
-2305
-3769
-4377
-3750
-2506
-2143
-2492
-2459
-2317
-2535
-2930
-3040
-2806
-2592
-1940
-1145
-948
-1167
-1407
-1669
-1634
-1010
-399
111
597
433
-78
-437
-941
-1205
-871
-384
-43
67
-170
-191
449
1283
2038
2771
3228
3477
4081
4547
4377
4229
4305
4826
5603
5897
5454
4863
4840
5241
6019
6641
6714
6709
6969
7918
8167
5350
2082
1420
1798
1294
1
-3354
-7910
-9259
-7683
-6198
-5287
-5265
-5524
-4449
-3312
-3705
-4213
-4007
-3210
-1393
-99
-948
-2660
-3774
-3759
-2597
-1566
-1725
-2141
-2153
-2291
-2496
-2722
-2844
-2677
-2097
-1301
-848
-1070
-1734
-2272
-2201
-1630
-1071
-801
-649
-667
-852
-822
-699
-873
-1041
-807
-353
-134
-286
-515
-303
223
974
1779
2261
2510
2974
3839
4425
4510
4393
4340
4841
5523
5679
5399
4989
4900
5317
6019
6447
6542
6725
7432
8621
7885
4122
1423
1300
1652
1239
-631
-4995
-8912
-9081
-7348
-5892
-5271
-5871
-5804
-4397
-3862
-4166
-4206
-3866
-2755
-621
158
-1120
-2676
-3470
-2912
-1424
-788
-1102
-1479
-1911
-2238
-2156
-2235
-2221
-1556
-845
-969
-1323
-1862
-2057
-1311
-623
-760
-1373
-1700
-1297
-380
112
-281
-895
-1266
-1339
-847
-439
-580
-709
-387
227
629
875
1313
1902
2792
3823
4450
4403
4112
4159
4652
5331
5761
5625
5506
5407
5450
5868
6077
6345
6887
7434
7869
8615
7881
4145
1339
1385
1824
1131
-870
-5009
-9059
-9623
-7868
-6361
-5854
-6462
-6553
-5457
-4958
-5324
-5261
-4533
-3186
-1129
-368
-1542
-3138
-3637
-2753
-1171
-294
-786
-1503
-1876
-2193
-2209
-2043
-1798
-1409
-582
-862
-2308
-2981
-2528
-1316
-251
-344
-1720
-2491
-1629
-137
800
421
-699
-1177
-999
-827
-791
-1013
-1144
-452
609
751
370
473
1233
2509
3871
4434
4116
3657
3714
4486
5221
5608
5661
5555
5449
5603
6052
6225
6512
7148
7814
8199
8838
8908
5926
2369
1903
2740
2098
468
-2887
-7731
-9657
-8095
-6428
-5788
-6136
-6843
-6355
-5440
-5768
-5870
-4874
-3698
-1909
-499
-1198
-2866
-3479
-2751
-1142
503
322
-734
-1233
-1658
-1786
-1401
-1137
-1346
-1183
-1481
-2430
-2778
-2604
-2127
-1637
-1598
-2107
-2199
-1489
-558
27
-272
-807
-996
-1180
-1214
-982
-926
-1018
-739
-298
-231
-75
464
1323
2169
2963
3646
3822
3715
3815
4344
5012
5723
6055
5645
5150
5271
6030
6534
6760
7076
7381
7787
8820
8984
5583
2166
2163
3005
2247
544
-3157
-8128
-9595
-7698
-6318
-6011
-6438
-7258
-6757
-5821
-6025
-6000
-4750
-3471
-1836
-598
-1407
-2984
-3090
-1891
-303
1085
803
-257
-644
-844
-1075
-824
-512
-746
-786
-1383
-2714
-3048
-2313
-1515
-1292
-1626
-2471
-2583
-1233
172
739
192
-711
-1201
-1185
-920
-667
-596
-643
-556
-261
-165
-150
404
1556
2556
3245
3718
3561
3424
3974
4860
5482
6038
6129
5632
5520
5915
6428
6791
7083
7264
7440
7835
8570
8097
4767
2096
2137
2610
1759
-333
-4455
-8762
-9381
-7565
-6401
-6316
-7211
-8152
-7424
-6466
-6465
-6183
-5185
-3994
-2252
-1257
-2069
-3243
-3158
-1878
-105
940
392
-413
-877
-1158
-908
-531
-590
-662
-793
-2261
-3579
-3227
-2123
-1329
-1411
-2541
-3751
-3014
-774
909
1207
62
-1114
-1140
-671
-410
-241
-206
-285
-40
144
-92
-117
776
2089
3158
3698
3507
3033
3165
3957
4891
5701
6117
5802
5280
5402
5883
6444
7107
7715
7839
7622
7596
8258
7883
5174
3227
2996
2861
1826
-238
-4234
-7903
-8267
-6932
-6018
-6067
-7350
-8387
-7647
-6756
-6529
-5998
-5128
-4081
-2570
-1824
-2325
-2974
-2648
-1221
474
963
227
-321
-549
-580
-243
-166
-530
-751
-727
-1640
-3076
-3808
-3006
-1793
-1643
-2579
-4012
-4294
-2596
-160
854
-131
-1500
-1990
-1592
-675
-147
-270
-619
-531
-186
-44
8
595
1673
2817
3708
3789
3202
3013
3809
4973
5856
6119
5634
5092
5368
6124
6877
7307
7501
7676
7724
7882
8694
8155
5146
3296
3345
3101
1846
-245
-4300
-7833
-7812
-6593
-6195
-6609
-8051
-8918
-7961
-7069
-6861
-6213
-5389
-4554
-2943
-2142
-2606
-2792
-2062
-582
1017
1375
466
61
146
126
528
754
156
-461
-385
-1102
-2573
-3379
-2765
-1534
-1386
-2457
-3991
-4361
-2794
-401
934
66
-1520
-2000
-1455
-488
77
-105
-601
-551
-103
32
182
782
1743
2742
3572
3754
3263
3226
4049
5072
5667
5779
5373
5050
5535
6329
6904
7179
7219
7193
7633
8384
9158
8572
5493
3123
3170
3431
2274
-72
-4024
-7841
-8191
-6684
-6475
-7323
-8519
-9217
-8586
-7766
-7687
-7440
-6363
-5108
-3647
-2896
-3290
-3622
-2596
-653
777
1048
433
223
413
620
790
663
298
-3
117
-457
-2282
-3402
-2914
-1792
-1331
-2245
-3938
-4724
-3206
-820
405
-239
-1707
-2242
-1309
-149
155
-303
-902
-594
191
424
292
573
1467
2669
3524
3594
3099
3155
4197
5276
5753
5504
5109
5157
5797
6526
6959
6990
6981
7307
7935
8520
9191
9238
6557
3816
3585
4016
3088
1181
-2459
-6828
-8046
-6657
-6088
-6768
-8036
-9297
-9054
-8187
-8096
-7879
-6889
-5754
-4280
-3209
-3542
-4015
-3051
-1023
690
1514
1098
592
701
1030
1523
1670
1246
537
411
263
-857
-2300
-2855
-2906
-2462
-2200
-3110
-4433
-4596
-3299
-1714
-883
-1319
-2294
-2315
-1303
-498
-226
-844
-1241
-743
115
559
778
1078
1604
2596
3550
3748
3552
4053
4871
5351
5478
5229
5015
5411
6324
6996
6983
6709
6771
7493
8265
9095
9535
7111
3988
3635
4426
3776
1867
-1411
-5957
-7706
-6266
-5548
-6420
-7940
-9567
-9732
-8674
-8321
-8183
-7396
-6458
-5183
-3986
-4144
-4508
-3414
-1195
680
1504
1055
492
914
1758
2452
2560
1988
1377
1309
960
-250
-1338
-1753
-1652
-1686
-2284
-3423
-4244
-3768
-2332
-1223
-1301
-2088
-2424
-1755
-690
-39
-280
-1075
-1282
-652
94
551
838
1252
1882
2717
3333
3522
3724
4438
5231
5538
5363
4973
4898
5551
6490
7127
7099
6686
6624
7189
8139
9065
9614
7358
3970
3299
4304
4035
2007
-1441
-5842
-7620
-6205
-5561
-6821
-8648
-10196
-10184
-9124
-9026
-9437
-8764
-7551
-6139
-4886
-5127
-5644
-4448
-1938
-8
794
561
146
798
1884
2536
2522
2111
1616
1541
1296
-17
-792
-1060
-1399
-1955
-2686
-3354
-3707
-3043
-2122
-1840
-2001
-2298
-2275
-1444
-684
-368
-381
-773
-961
-577
14
706
1374
1949
2322
2538
3042
3534
4198
5008
5284
5142
4930
4852
5194
6011
6536
6711
6673
6768
7103
7617
8387
8922
9478
7860
4878
4035
4696
4467
2722
-333
-4507
-6655
-5753
-5104
-6040
-7515
-9226
-9973
-9358
-9021
-9150
-8507
-7654
-6735
-5705
-5583
-5687
-4681
-2444
-732
160
263
14
554
1611
2490
2545
1980
1427
1538
1603
489
-615
-1467
-1798
-2025
-2448
-3234
-4284
-4178
-3031
-1999
-2022
-2863
-3263
-2525
-1289
-217
-254
-1305
-1826
-1086
21
1008
1474
1468
1699
2381
3222
3670
4144
4608
4865
5057
4982
4903
5215
5773
6279
6921
6940
6690
7051
7770
8376
9168
10059
8000
4667
4175
5216
5098
3272
-241
-4793
-6599
-5119
-4404
-5775
-7854
-9866
-10182
-9083
-8875
-9320
-8968
-8083
-6873
-5728
-5834
-6102
-4758
-2154
-408
374
115
-133
1062
2508
3101
3119
2739
2144
2269
2477
1047
-147
74
7
-1718
-3250
-3794
-3774
-2737
-2034
-2818
-4080
-4010
-2682
-1365
-967
-1297
-1599
-1350
-1056
-552
-39
462
1349
2118
2183
2070
2728
3754
4766
5471
5109
4348
4532
5355
5742
6016
6227
6232
6315
6582
6974
7467
8072
8839
9652
7897
4568
3941
5325
5345
3295
-259
-4922
-6844
-4909
-3901
-5682
-8165
-10373
-10872
-9548
-8931
-9481
-9517
-8786
-7967
-6911
-6625
-6737
-5452
-2941
-1160
-573
-827
-788
662
2421
3141
2967
2455
2100
2518
3131
1884
253
244
726
-541
-2639
-3726
-3649
-2419
-1321
-2163
-4374
-4961
-3104
-881
-113
-906
-2067
-2188
-1198
57
624
736
1064
1752
2300
2434
2799
3742
4979
5896
5542
4430
4038
5003
6229
6650
6395
5778
5479
6072
7287
7797
7707
8213
9200
7759
4872
4197
4952
5154
3878
553
-4144
-6258
-4546
-3181
-4319
-6831
-9523
-10307
-9055
-8160
-8398
-8736
-8605
-8008
-6940
-6561
-6586
-5505
-3419
-1746
-1079
-1236
-1244
47
1773
2697
2823
2342
1768
1977
2860
2435
700
-302
-357
-857
-1960
-3067
-3850
-3676
-2636
-2318
-3433
-4296
-3628
-2139
-995
-1018
-1895
-2392
-1871
-792
98
366
466
999
1772
2437
3079
3770
4460
5255
5539
5071
4763
5179
5864
6266
6455
6414
6241
6319
6848
7425
7856
8552
9330
7510
4554
4056
5032
5135
3548
149
-4149
-5642
-3859
-2945
-4437
-6924
-9187
-9515
-8363
-7852
-8413
-8800
-8608
-7786
-6778
-6647
-6652
-5467
-3389
-1950
-1446
-1592
-1381
209
2110
2923
2659
2064
1880
2659
3754
3144
902
-838
-826
2
-210
-1984
-4102
-4629
-3038
-1152
-1167
-2968
-3998
-2968
-1057
34
-598
-2021
-2242
-927
494
817
564
712
1742
3131
3838
3777
3813
4655
5720
5949
5217
4662
5070
6004
6854
6974
6085
5403
6174
7686
8326
8399
8222
5973
3971
4563
5346
4271
1998
-1072
-4388
-5069
-3616
-3668
-5426
-7427
-9086
-9192
-8385
-8426
-8892
-8710
-8483
-8094
-7518
-7413
-6988
-5368
-3544
-2822
-2540
-2362
-1543
366
1647
1804
1866
2078
2166
2675
3124
1765
449
814
720
-410
-1557
-2645
-3066
-2270
-1438
-2045
-3088
-3161
-2408
-1229
-697
-1288
-1685
-1401
-885
-163
282
354
931
1948
2476
2757
3309
4090
4826
5597
5591
4934
4959
5752
6296
6463
6421
6168
6237
6808
7219
7346
7511
8208
8571
6329
3987
3944
5023
4628
2314
-1313
-4852
-5182
-3134
-2918
-5079
-7800
-9513
-9030
-7655
-7391
-8380
-8770
-8513
-7746
-6944
-6588
-6281
-5105
-3377
-2411
-2321
-2420
-1498
483
1831
1880
1476
1112
1492
2683
3509
2071
-49
-241
109
-500
-1272
-2461
-3514
-3413
-2619
-2580
-3606
-3812
-3081
-2197
-1542
-1722
-2228
-2107
-1520
-513
136
221
566
1258
1964
2684
3306
3877
4528
5266
5603
5316
5203
5534
6056
6561
6702
6448
6318
6749
7198
7575
7690
8310
8888
6773
4384
4467
5413
4924
2704
-711
-4229
-4738
-2733
-2746
-5035
-7674
-9332
-8894
-7578
-7527
-8534
-8886
-8641
-7891
-6983
-6717
-6463
-5065
-3312
-2487
-2355
-2241
-1353
561
1918
2009
1805
1892
2124
2813
3340
2610
1733
1521
599
-1578
-2151
-1395
-1049
-1749
-3448
-5219
-5067
-2645
-623
-1277
-2996
-3729
-2860
-854
-56
-422
-765
-164
938
1848
1914
2283
3506
4963
5386
4963
4631
5092
6306
6915
6243
5363
5410
6185
6993
7097
6348
5965
6763
8169
9019
6679
3406
3192
4973
5309
2905
-1050
-4840
-5328
-2776
-2134
-4921
-8041
-9591
-8866
-7334
-7295
-8791
-9521
-8904
-7881
-7196
-7352
-7366
-6079
-3996
-3034
-3050
-3169
-2185
-131
1415
1465
1005
1118
2029
3388
3944
2454
791
600
1308
1189
45
-1632
-2757
-2531
-1663
-1599
-2572
-3471
-3219
-2137
-1441
-1507
-1937
-2066
-1774
-863
-31
291
705
1517
2172
2604
3198
3903
4772
5655
5852
5362
5201
5634
6428
6950
6768
6299
6000
6432
7037
7358
7589
7991
8515
6860
4239
3963
5106
5406
3540
-223
-4024
-4956
-2973
-2075
-4028
-6869
-9070
-9103
-7615
-7172
-8014
-8692
-8685
-8225
-7593
-7400
-7047
-5829
-4040
-3293
-3304
-3316
-2485
-444
1327
1591
965
793
1447
2707
3479
2631
752
-7
542
711
-480
-2136
-3205
-2909
-1919
-1832
-3319
-4494
-3878
-2408
-1628
-2066
-2933
-3062
-1990
-765
-246
-389
5
1151
2293
2811
3016
3454
4489
5626
5988
5405
5080
5735
6766
7309
6800
6173
6049
6662
7567
7838
7519
7407
8242
7391
4952
4392
5207
5082
3472
404
-3284
-4498
-2594
-1669
-3838
-6700
-8924
-8928
-7103
-6430
-7807
-8945
-9035
-8391
-7216
-6788
-6870
-6023
-4274
-3412
-3152
-2967
-2151
-282
1431
1526
1085
1186
1859
2972
3680
2564
1044
817
1122
834
-184
-1752
-2697
-2200
-1413
-1768
-3090
-3928
-3584
-2310
-1501
-1934
-2566
-2613
-2077
-1203
-538
-271
252
1142
1777
2168
2736
3562
4554
5394
5515
5168
5250
5851
6482
6815
6613
6401
6379
6414
6741
7169
7603
7978
8339
6645
3870
3766
5316
5367
3136
-548
-4265
-4902
-2543
-1756
-4424
-7550
-9450
-9111
-7264
-6825
-8372
-9476
-9237
-8675
-7745
-7354
-7268
-6330
-4541
-3776
-3787
-3537
-2283
-246
1385
1255
520
728
1983
3443
4201
3116
1288
643
1411
2074
1299
-774
-2506
-2566
-1423
-918
-2129
-3859
-4205
-2788
-1406
-1387
-2352
-3031
-2425
-898
-51
-212
-163
843
2081
2918
3180
3344
4108
5622
6424
6035
5389
5427
6293
7226
7364
6768
6029
5997
6819
7555
7799
7782
8164
7119
4607
4013
5071
5331
3658
546
-3036
-4491
-2959
-1799
-3670
-6634
-8744
-8853
-7405
-6930
-8032
-9050
-9067
-8577
-7659
-7273
-7161
-6388
-4814
-3955
-3840
-3607
-2604
-796
769
824
356
609
1660
2911
3571
3014
1982
1065
665
813
715
-116
-1558
-2746
-3136
-3062
-2902
-3186
-3643
-3597
-3413
-3054
-2728
-2804
-2541
-1773
-1078
-730
-349
432
1360
2387
3369
3881
4220
5049
5814
6206
6443
6488
6594
6898
7233
7419
7105
6716
6903
7417
7933
8133
8584
7900
5116
3879
4925
5593
4250
1284
-2453
-4513
-3315
-1662
-3142
-6245
-8634
-9178
-7704
-6716
-7715
-9139
-9325
-8741
-7748
-7117
-6975
-6489
-5055
-3942
-3620
-3406
-2704
-1097
721
1242
716
697
1546
2911
4062
3801
2469
1360
1091
1332
1360
810
-794
-2451
-2961
-2703
-2319
-2429
-3114
-3661
-3733
-3022
-2241
-2188
-2358
-2257
-1670
-898
-295
316
1021
1789
2629
3272
3770
4523
5392
5842
5859
5688
5830
6479
7059
7279
6825
6132
6179
7088
7959
8011
8005
8064
6055
4025
4294
5203
4701
2557
-935
-4221
-4562
-2620
-2581
-4992
-7719
-9569
-9021
-7398
-7283
-8685
-9562
-9605
-8951
-7889
-7316
-7194
-6136
-4832
-4167
-3731
-3171
-2094
-82
1388
1265
965
1542
2604
3806
4391
3595
2509
2437
2537
1497
388
-369
-632
-910
-1945
-3697
-4756
-4025
-2455
-2277
-3498
-4680
-4627
-3134
-1666
-1183
-1745
-1956
-931
708
1726
2268
2938
3987
4892
5405
5477
5676
6774
7723
7628
6878
6669
7130
7883
8185
7574
6987
7406
8453
9423
8698
5417
3373
4538
6263
5083
1598
-2607
-4857
-3596
-1606
-3064
-6569
-9007
-9385
-8014
-7085
-8133
-9870
-9950
-9211
-8488
-8232
-7952
-7326
-5723
-4620
-4488
-4307
-3148
-1159
895
1326
519
461
1866
3698
4717
4458
2623
1188
1682
2578
2347
936
-1115
-2490
-2525
-1909
-2218
-3280
-4018
-4322
-3967
-3303
-3453
-3855
-3700
-2981
-2164
-1646
-1394
-764
428
1568
2227
2871
3681
4563
5516
5850
5734
6093
6909
7618
7765
7373
6818
6910
7782
8451
8330
7949
8002
8530
7360
5118
4541
5271
5238
3339
-188
-3518
-4192
-2465
-2011
-4543
-7628
-9460
-8831
-7132
-7175
-8952
-10095
-9790
-8644
-7764
-7592
-7627
-6718
-5010
-4028
-3589
-3186
-2163
-136
1535
1543
1195
1754
3119
4372
4872
3701
1763
1611
2679
2744
1490
-471
-2015
-2056
-1275
-1491
-2908
-3886
-3897
-3514
-3059
-3417
-4223
-4016
-3030
-2304
-1994
-1923
-1291
36
1212
1850
2336
3225
4330
5244
5565
5436
5880
6874
7614
7793
7510
6993
7008
7868
8643
8609
8165
7888
8499
7823
5373
4299
4907
5027
3418
223
-3266
-4742
-3195
-2126
-4338
-7456
-9599
-9508
-7619
-6962
-8670
-10360
-10280
-9151
-7999
-7408
-7552
-7202
-5640
-4376
-3780
-3349
-2453
-771
970
1375
954
1357
2692
4018
4744
3962
2132
1833
2891
3233
1963
-13
-1579
-1845
-1036
-1170
-2889
-4201
-4277
-3713
-3022
-3272
-4121
-4309
-3333
-2456
-2008
-1838
-1449
-369
988
1657
2130
2972
4122
5061
5635
5578
5756
6723
7554
7658
7491
7232
7084
7529
8208
8315
8236
8371
8656
8452
6281
4505
4962
5953
4975
1790
-1983
-4137
-3421
-1671
-2908
-6452
-9077
-9568
-8001
-6966
-8191
-10273
-10658
-9592
-8455
-7959
-7925
-7696
-6325
-4841
-4254
-3864
-2928
-1250
535
1248
831
1139
2677
4271
4853
4225
3105
2860
3841
4200
2765
250
-1258
-981
-8
-662
-3338
-5581
-5445
-3718
-2525
-3389
-5396
-6038
-4681
-2698
-1997
-2478
-2875
-1905
-24
1160
1576
2330
3528
4675
5288
5250
5452
6753
8057
8147
7399
6859
7114
8057
8811
8601
7880
7903
8435
9231
8596
5689
3988
4829
5749
4531
1151
-2797
-4686
-3449
-1800
-3379
-6816
-9353
-9661
-8128
-7257
-8465
-10185
-10334
-9542
-8543
-8049
-7808
-7371
-5920
-4708
-4235
-3804
-2679
-928
848
1226
721
1023
2466
4070
4765
4517
3079
1760
2365
3158
2912
1374
-947
-2303
-1996
-1314
-1632
-3256
-4507
-4813
-3949
-2851
-3425
-4259
-4271
-3497
-2448
-1595
-1474
-907
198
1519
2234
2898
3715
4689
5726
6275
6206
6429
7287
7985
8334
8153
7609
7424
8135
9011
9427
9106
8765
8182
6099
4703
5388
6207
4826
1380
-2473
-4406
-3575
-1987
-3128
-6530
-9391
-10046
-8532
-7427
-8335
-10126
-10586
-9917
-8943
-8234
-7946
-7611
-6456
-5217
-4509
-3792
-2757
-1092
548
1121
714
1236
2868
4302
4638
4124
3271
3099
3866
3666
1996
607
-6
-188
-534
-1905
-3639
-4371
-3764
-3280
-3891
-4720
-5438
-5031
-3678
-3182
-3338
-3157
-2401
-1126
170
897
1411
2429
3831
4708
5192
5689
6427
7400
8011
7741
7456
7956
8534
8772
8519
8106
8259
8960
9557
9499
7165
4226
4120
6032
6244
3258
-1192
-4451
-4365
-2208
-1924
-5103
-8608
-10181
-9156
-7515
-7783
-9688
-10658
-10077
-9122
-8506
-8357
-8037
-6963
-5366
-4704
-4424
-3702
-1979
111
1280
897
656
1918
3848
5000
4905
3851
3351
4008
4264
3053
1302
586
487
37
-1393
-3451
-4315
-3564
-2900
-3526
-5059
-5899
-5176
-3771
-3219
-3822
-4067
-3305
-1825
-362
238
335
1361
2976
4216
4723
5128
5851
7048
7858
7711
7356
7809
8583
9039
8867
8223
8175
9168
9874
9939
8743
5521
3987
5712
7081
5002
690
-3263
-4614
-2896
-1113
-3388
-7646
-10075
-9969
-8141
-7268
-8977
-11100
-11044
-9815
-8845
-8471
-8295
-7862
-6317
-5026
-4775
-4152
-2595
-701
827
1061
534
1224
3349
4832
4936
4300
3527
3693
4260
3747
2065
871
618
172
-868
-2442
-3921
-3755
-2989
-3283
-4483
-5433
-5299
-4222
-3340
-3628
-4155
-3619
-2280
-928
103
310
804
2310
4006
4746
5069
5624
6385
7297
7827
7710
7778
8379
8733
8563
8167
8389
9289
9951
9634
8839
6408
4306
5447
7189
5837
1625
-2501
-4316
-3189
-1143
-2340
-6690
-9792
-10123
-8350
-6985
-8219
-10702
-11374
-10091
-8891
-8239
-8067
-7929
-7029
-5570
-4841
-4094
-2818
-1257
151
772
564
1133
3013
4632
4979
4448
3635
3564
4819
5138
3391
1089
-58
133
575
-294
-2870
-5162
-5063
-3697
-3081
-3900
-5792
-6516
-5290
-3815
-3262
-3494
-3641
-2881
-1247
61
639
1432
2783
4081
4864
5202
5486
6560
8094
8542
7968
7608
7660
8506
9437
9636
9072
8482
8661
9585
9705
6930
4432
4911
6249
5162
1759
-2518
-4761
-3536
-1313
-2746
-7088
-10357
-10584
-8324
-7016
-8624
-11354
-11780
-10363
-8767
-8250
-8533
-8548
-6968
-5168
-4476
-4153
-3146
-1227
800
1521
925
1341
3165
4924
5683
5293
4186
3983
5058
5059
3345
1883
1108
475
-89
-1418
-3315
-4249
-3907
-3950
-4823
-5430
-5772
-5370
-4578
-4568
-4725
-4132
-2999
-1901
-1104
-632
122
1626
3389
4268
4563
5042
5923
7298
8183
7937
7726
8145
8678
8995
8902
8757
8942
9600
9846
9524
8039
5535
5171
6780
6724
3550
-467
-3165
-3383
-1795
-1557
-5072
-8854
-9997
-9097
-7771
-8089
-10207
-11835
-11106
-9791
-9205
-9134
-8717
-8094
-6523
-5488
-4888
-3931
-2127
-277
887
943
954
2378
4550
5627
5494
4755
4248
5052
6174
5475
2731
851
814
1355
864
-1647
-4660
-5593
-4287
-3080
-3981
-6183
-7420
-6541
-4542
-3681
-4263
-4908
-4221
-2287
-610
-116
311
1508
3208
4459
4980
5238
6189
7862
8769
8324
7793
8065
9093
10020
10046
9229
8696
9328
10283
10734
8697
5231
4597
6616
7060
4061
-524
-4023
-4080
-1603
-1185
-5302
-9585
-10928
-9494
-7645
-8084
-10845
-12610
-11545
-9952
-9367
-9403
-9181
-8327
-6453
-5514
-5129
-4273
-2195
117
1262
814
714
2475
4942
6142
5916
4893
4343
5297
6518
5167
2418
1376
1583
1412
-73
-2752
-4435
-4310
-3244
-3653
-5702
-6893
-6589
-5266
-4437
-5152
-5831
-5051
-3394
-1754
-1300
-1200
-169
1944
3701
4357
4587
5320
6777
8269
8672
8176
8217
9118
9889
9938
9756
9419
9568
10154
10292
9905
7789
5274
5476
6970
6151
2630
-1398
-3760
-3301
-1417
-2127
-6512
-9923
-10355
-8877
-7590
-8552
-11279
-12413
-11041
-9703
-9282
-9197
-8977
-8143
-6387
-5361
-4683
-3557
-1680
118
1044
1001
1466
3330
5327
5952
5578
4934
4852
5958
6652
4559
1890
1419
2070
1778
-412
-3543
-5163
-4332
-2791
-3675
-6364
-7679
-6945
-5004
-4122
-5178
-6180
-5280
-3113
-1307
-1063
-1259
-298
1957
3800
4323
4334
5076
6623
8094
8293
7517
7623
8948
10061
9999
9179
8539
9132
10451
10940
10013
7038
4643
5764
7812
6851
2645
-1841
-3834
-2529
-464
-1898
-6837
-10036
-10189
-8490
-7430
-8914
-11660
-12435
-11048
-9949
-9739
-9634
-9207
-8282
-6698
-5927
-5177
-3620
-1396
229
740
531
1347
3719
5989
6515
5685
4618
4837
6294
7235
5729
2774
1274
1314
1582
685
-1882
-4443
-5089
-4288
-3886
-5155
-6614
-7026
-6507
-5532
-5183
-5300
-4936
-3731
-2387
-1643
-1214
201
1965
3472
4240
4508
5172
6610
8220
8820
8409
8225
8873
9938
10585
10456
9908
9708
10063
10567
10548
7981
5576
5887
6811
5728
2612
-1222
-3516
-2986
-1463
-3048
-7140
-9749
-10265
-9081
-8343
-9683
-11912
-12327
-11170
-10237
-9937
-9615
-9162
-8049
-6442
-5637
-4886
-3483
-1398
265
885
880
1748
3720
5433
6102
5898
5347
5095
4860
5156
5210
4150
2234
121
-945
-719
-659
-1738
-4099
-5949
-5786
-4838
-4166
-4896
-6582
-7083
-5732
-4105
-3278
-3134
-2750
-2102
-770
951
2078
3034
4193
5028
5472
6032
7071
8278
8917
8815
8626
8752
9318
10264
10674
10370
9639
9731
9263
7032
6341
7062
6567
4259
907
-2257
-2827
-1310
-1233
-4958
-8680
-9918
-9200
-7686
-8207
-10932
-12734
-11843
-10320
-9555
-9648
-9678
-9237
-7508
-6030
-5129
-4100
-2689
-938
440
828
1158
2892
5031
6049
5883
5224
5010
5954
6986
6445
4032
1588
1093
1896
1981
-313
-3739
-5497
-4713
-3244
-3474
-5856
-7778
-7439
-5890
-4588
-4738
-5585
-5276
-3451
-1890
-1263
-672
676
2270
3573
4295
4593
5632
7408
8513
8422
7874
8105
9427
10565
10478
9689
9205
9679
10568
11182
9332
5925
5281
6808
7089
4791
453
-3293
-3399
-1194
-1189
-5193
-9067
-10404
-9354
-7700
-8410
-11268
-12778
-11700
-10301
-9937
-10094
-9923
-8965
-7207
-6071
-5419
-4430
-2544
-461
721
650
1065
2900
4957
5919
5854
5253
5119
6176
6772
5456
3450
2490
2235
1652
394
-1727
-3541
-3907
-3615
-4219
-5455
-6394
-6390
-5762
-5544
-5788
-5757
-4982
-3801
-2752
-2259
-1684
-466
1424
2825
3449
4043
4907
6290
7592
7917
7753
8124
9011
9703
9787
9539
9458
9719
10349
10424
10104
8746
6458
6119
7104
6843
4313
650
-2286
-2584
-1300
-1559
-5074
-8465
-9738
-9239
-8002
-8524
-10835
-12352
-11626
-10668
-10104
-9824
-9484
-9001
-7556
-6326
-5367
-4176
-2509
-874
270
596
1163
2890
4882
5836
5850
5341
5113
5972
6919
6172
3844
2278
1771
1802
1355
-664
-3408
-4688
-4205
-3700
-4594
-6049
-6912
-6875
-5966
-5469
-5511
-5445
-4687
-3529
-2575
-1940
-802
819
2337
3200
3654
4422
5803
7403
7989
7653
7689
8586
9445
9882
9884
9466
9190
9801
10283
10248
9753
7530
5554
6127
7303
5879
2390
-1197
-3075
-2451
-1169
-3030
-7169
-9720
-10052
-8840
-8057
-9573
-12120
-12631
-11465
-10521
-9997
-9682
-9561
-8517
-6707
-5689
-4877
-3442
-1494
125
893
1118
2159
4353
6117
6435
5956
5439
5673
6898
7094
4993
2823
2119
2198
1781
59
-2733
-4458
-4171
-3563
-4537
-6176
-7102
-7022
-5996
-5516
-6026
-6183
-5200
-3828
-2695
-2214
-1526
-70
1855
3282
3858
4405
5522
6993
8207
8316
8015
8623
9632
10222
10226
9724
9275
9695
10435
10472
9983
8187
5658
5666
7257
6672
3371
-513
-2993
-2903
-1449
-2182
-6237
-9578
-10352
-9428
-8242
-9202
-11804
-13083
-12099
-10874
-10226
-10013
-9782
-9060
-7239
-6051
-5233
-3897
-1962
-225
880
1187
1791
3779
6018
6761
6336
5641
5406
6573
7680
6341
3551
1994
1918
2093
1267
-1313
-4145
-4934
-4082
-3884
-5119
-6752
-7642
-7079
-5883
-5699
-5943
-5752
-4898
-3672
-2600
-1876
-692
971
2593
3401
3897
4928
6406
8029
8614
8039
8028
9284
10484
10963
10406
9435
9399
10416
11078
10743
9506
6793
5360
6576
7470
5326
1481
-2074
-3426
-2322
-1348
-3892
-8281
-10614
-10529
-8978
-8476
-10353
-12870
-13125
-11788
-10446
-9867
-9601
-9406
-8135
-6573
-5568
-4336
-2523
-691
611
1058
1368
2948
5463
6941
6749
5932
5439
6148
7502
6561
4056
2627
2343
1876
696
-1404
-3312
-3862
-3462
-4218
-5993
-6893
-6919
-6258
-5889
-6722
-7158
-6059
-4591
-3578
-3245
-2873
-1691
505
2536
3188
3349
4404
5829
7404
8228
7963
8056
9224
10145
10362
10033
9695
9985
10711
10734
10097
9827
8386
6395
6457
7060
5654
2968
-181
-2674
-2929
-1845
-2928
-6553
-9381
-10441
-9807
-8569
-9370
-11859
-13012
-12172
-10976
-10056
-9647
-9639
-8847
-7026
-5806
-4723
-3328
-1664
-2
1108
1398
2244
4406
6317
6715
6298
5564
5573
6878
7035
4959
3024
2334
2065
1237
-410
-2566
-3816
-3598
-3573
-5052
-6580
-7048
-6535
-5731
-6009
-6751
-6579
-5247
-3690
-2864
-2764
-2140
-370
1978
3324
3585
4037
5084
6800
8271
8450
8125
8655
9727
10400
10399
9977
9739
10149
10743
10545
9988
8363
6391
6408
7229
6152
3125
-265
-2487
-2568
-1768
-2882
-6578
-9428
-10266
-9564
-8754
-9641
-11995
-13127
-12220
-11056
-10426
-10049
-9772
-9078
-7435
-6089
-4909
-3546
-1831
-312
702
1259
2278
4332
6176
6557
6129
5549
5658
6924
7670
6044
3179
1744
1966
2215
1160
-1685
-4474
-5104
-3937
-3570
-5144
-7112
-7915
-7026
-5523
-5209
-5842
-6020
-4951
-3283
-2120
-1491
-504
1092
2762
3740
4266
4984
6390
8072
8689
8204
8197
9259
10248
10703
10441
9675
9421
10182
10753
10596
9198
6595
5625
6553
6772
4439
826
-2306
-3179
-2131
-1952
-5042
-8698
-10353
-9986
-8649
-8783
-10970
-12923
-12378
-11072
-10137
-9589
-9304
-9013
-7557
-6012
-4961
-3742
-2015
-396
628
1192
1864
3644
5658
6356
6005
5571
5464
6141
6844
5923
3708
2309
2003
1534
467
-1372
-3325
-4251
-4231
-4489
-5679
-6587
-6902
-6753
-6287
-6192
-6199
-5661
-4656
-3615
-2909
-2232
-955
814
2450
3279
3668
4516
5952
7509
8232
8069
8165
9065
9794
10114
10081
9761
9631
9957
10275
10179
9666
7527
5803
6157
6712
5132
2127
-1227
-3086
-2623
-1730
-3693
-7557
-9811
-10091
-8974
-8405
-9960
-12349
-12571
-11367
-10139
-9540
-9254
-9159
-8063
-6312
-5040
-3971
-2496
-959
408
1209
1651
2964
4992
6218
6111
5531
5115
5678
6879
6597
4178
2251
1826
1944
1403
-390
-3019
-4503
-4173
-3623
-4620
-6191
-7156
-7155
-6035
-5436
-5765
-5989
-5233
-3943
-2642
-1935
-1215
21
1901
3199
3623
4287
5585
7072
8125
8140
7858
8608
9743
10343
10053
9363
9098
9692
10571
10516
9635
7690
5767
6168
7211
5981
2856
-522
-2551
-2418
-1426
-2615
-6474
-9203
-9773
-9184
-8375
-9351
-11792
-12761
-11750
-10625
-10109
-9801
-9499
-8918
-7350
-6087
-5067
-3583
-1909
-554
350
899
2050
4005
5548
5808
5444
5207
5518
6501
6537
4896
3239
2641
2203
1395
131
-1625
-2998
-3341
-3616
-4563
-5457
-5824
-6038
-5962
-5909
-6034
-5543
-4630
-3834
-3148
-2501
-1589
-45
1673
2819
3244
3936
5144
6522
7704
8071
8009
8539
9428
9961
10089
9866
9751
9931
10283
10203
9879
8645
6648
6193
6746
5912
3526
584
-1848
-2536
-1985
-2672
-5788
-8620
-9779
-9600
-8756
-9288
-11451
-12711
-12027
-10859
-9985
-9592
-9561
-9203
-7528
-5877
-4699
-3534
-2190
-844
504
1326
2163
3687
5269
5941
5779
5286
5214
6219
6978
5737
3296
1934
1810
2075
1338
-1126
-3796
-4561
-3673
-3306
-4591
-6460
-7520
-6963
-5508
-5180
-5699
-5945
-5182
-3680
-2375
-1701
-851
555
2145
3020
3582
4607
6016
7459
8073
7835
7919
8936
10097
10593
10099
9280
9200
10047
10729
10557
9220
6812
5654
6495
6930
5074
1771
-1533
-2982
-2215
-1683
-4064
-7635
-9708
-9895
-8881
-8463
-10086
-12082
-12243
-11198
-10243
-9592
-9264
-9003
-7922
-6426
-5276
-4019
-2460
-964
178
789
1440
2921
4739
5684
5553
5136
4960
5656
6625
6018
3960
2494
2154
2124
1356
-421
-2570
-3655
-3447
-3469
-4580
-5854
-6497
-6263
-5623
-5637
-5896
-5584
-4664
-3702
-2956
-2416
-1380
291
1930
2676
3040
3966
5392
7009
7948
7730
7528
8433
9747
10473
10179
9411
9098
9820
10647
10552
9652
7587
5809
6193
7035
5787
2696
-683
-2596
-2359
-1559
-3161
-6858
-9361
-9836
-9133
-8537
-9765
-11985
-12597
-11548
-10603
-10093
-9676
-9380
-8573
-7016
-5755
-4674
-3162
-1450
-193
485
1125
2380
4303
5674
5787
5196
4746
5271
6581
6683
4635
2336
1729
2256
2196
741
-2014
-3950
-3768
-2803
-3310
-5166
-6678
-6727
-5597
-4728
-5171
-5774
-5214
-3885
-2563
-1896
-1392
-339
1301
2686
3300
3799
4894
6519
7671
7746
7470
8115
9461
10332
10155
9547
9184
9692
10475
10534
9874
7906
6009
6125
6932
6076
3352
-25
-2188
-2288
-1414
-2565
-6024
-8720
-9590
-9056
-8323
-9281
-11456
-12365
-11489
-10495
-9868
-9505
-9358
-8732
-7200
-6000
-4964
-3633
-1988
-754
27
616
1740
3558
5099
5350
4700
4156
4593
5863
6113
4427
2380
1727
2028
2210
1216
-975
-2691
-2924
-2488
-2879
-4126
-5277
-5644
-5250
-4783
-4974
-4964
-4370
-3568
-2808
-2225
-1536
-281
1183
2181
2577
3090
4241
5775
6844
7149
7132
7610
8648
9453
9621
9388
9208
9462
9900
10209
9721
7492
5986
6577
7125
5671
2665
-613
-2145
-1461
-853
-3277
-7024
-8938
-8970
-8037
-7975
-9962
-12196
-12101
-10686
-9850
-9842
-9862
-9628
-8301
-6620
-5649
-4834
-3547
-1890
-514
201
735
2079
3920
5118
4984
4435
4254
5101
6181
5779
3817
2336
2184
2587
2412
922
-1337
-2585
-2363
-2047
-2773
-4161
-5223
-5391
-4792
-4366
-4511
-4601
-4191
-3371
-2492
-1863
-1152
-16
1204
2023
2554
3230
4382
5799
6690
6912
7007
7581
8570
9326
9406
9063
8960
9400
9871
10074
8944
6682
6091
7097
6898
4634
1536
-1004
-1630
-782
-1281
-4595
-7634
-8557
-8247
-7745
-8597
-10858
-12141
-11317
-10224
-10094
-10229
-9964
-9277
-7751
-6538
-5879
-4917
-3374
-1744
-488
62
815
2314
3984
4720
4742
4672
4902
5594
5910
4967
3670
3109
2982
2548
1417
-136
-1485
-1811
-1863
-2662
-3833
-4601
-4772
-4523
-4541
-4856
-4854
-4349
-3560
-2834
-2435
-1939
-861
545
1569
2188
2810
3699
4926
6120
6582
6730
7261
8086
8795
9099
8928
8742
9161
9779
9910
9577
8189
6321
6314
7282
6592
3944
828
-1352
-1466
-547
-1519
-5111
-8111
-8832
-8157
-7400
-8609
-11140
-12336
-11327
-10054
-9618
-9789
-9843
-9241
-7540
-6225
-5465
-4481
-3223
-1715
-437
112
944
2552
4172
4723
4646
4688
5105
6018
6247
4896
3472
3116
3307
2973
1516
-345
-1703
-1786
-1535
-2445
-3864
-4890
-5111
-4728
-4661
-5041
-5173
-4879
-4131
-3347
-2789
-2180
-1177
84
1032
1750
2583
3611
4766
5776
6140
6424
7273
8284
8794
8880
8843
8981
9511
10054
9984
9691
8935
7171
6580
7299
7078
4897
1957
-703
-1477
-730
-808
-3894
-7441
-8898
-8583
-7587
-7984
-10351
-12392
-12033
-10616
-9780
-9773
-9930
-9905
-8471
-6761
-5762
-4997
-3886
-2375
-1006
-231
610
1912
3505
4494
4669
4706
4883
5601
5966
5278
4236
3556
3233
2769
1699
504
-681
-1325
-1732
-2644
-3488
-4100
-4445
-4626
-4976
-5238
-4979
-4446
-3843
-3406
-3025
-2408
-1271
149
1115
1709
2377
3303
4558
5687
6179
6457
7087
7957
8546
8800
8831
8959
9358
9744
9568
9451
8886
7256
6605
7139
6683
4662
2095
-330
-1171
-745
-1230
-4152
-7061
-8256
-8238
-7708
-8340
-10491
-11907
-11338
-10482
-10107
-10053
-9939
-9627
-8146
-6864
-6140
-5149
-3704
-2296
-982
-237
529
1969
3724
4672
4821
4834
4938
5635
6406
6010
4567
3393
3019
3076
2631
1171
-982
-2286
-2224
-2060
-2754
-4187
-5531
-5742
-5108
-4637
-4829
-5209
-5120
-4185
-3030
-2314
-1758
-752
430
1506
2424
3104
4065
5472
6516
6785
6932
7649
8577
9372
9721
9359
9012
9607
10165
10357
9781
7771
6319
6890
7472
5878
2883
4
-1366
-1009
-609
-2887
-6469
-8442
-8538
-7907
-7979
-9763
-11879
-12056
-10924
-10191
-10086
-10076
-9879
-8729
-7148
-6237
-5469
-4158
-2542
-1172
-319
259
1524
3420
4778
4956
4874
5014
5580
6508
6395
4871
3668
3432
3403
2846
1402
-526
-1764
-1686
-1675
-2890
-4274
-5115
-5349
-4960
-4950
-5516
-5700
-5141
-4257
-3536
-3176
-2638
-1438
129
1132
1634
2306
3367
4849
6063
6414
6446
7149
8303
9075
9271
9091
9038
9665
10245
10096
9677
8305
6839
7029
7654
6354
3537
887
-692
-869
-561
-2062
-5471
-7816
-8288
-7876
-7740
-8991
-11155
-11997
-11135
-10264
-9992
-10013
-9911
-9267
-7753
-6527
-5624
-4552
-3103
-1721
-637
46
1089
2859
4469
4994
4899
4922
5382
6421
7025
6068
4423
3477
3432
3552
2892
1039
-1163
-2254
-2062
-2085
-3078
-4562
-5904
-6133
-5491
-5083
-5302
-5701
-5597
-4655
-3567
-2719
-1983
-1072
-5
1069
2147
3084
4057
5284
6245
6772
7305
8047
8765
9374
9674
9627
9670
10001
10227
10376
9662
7645
6764
7439
7370
5340
2468
-218
-1306
-694
-810
-3812
-7297
-8800
-8660
-7835
-8248
-10561
-12589
-12233
-10931
-10142
-10187
-10386
-10198
-8682
-7022
-6065
-5149
-3838
-2361
-932
-55
693
2254
4102
5016
5046
5027
5297
6254
7192
6723
5162
4023
3699
3596
3169
1861
-269
-1836
-2283
-2456
-3059
-4078
-5307
-6118
-6059
-5649
-5420
-5453
-5519
-5220
-4424
-3449
-2357
-1260
-305
470
1414
2595
3874
5189
6087
6394
6867
7864
8764
9332
9619
9541
9505
9935
10311
10285
10181
9074
7247
6911
7433
6649
4467
1789
-644
-1393
-786
-1651
-4983
-7832
-8893
-8689
-8099
-8937
-11316
-12748
-11958
-10768
-10301
-10303
-10286
-9783
-8085
-6650
-5701
-4694
-3211
-1623
-334
342
1364
3135
4877
5497
5404
5243
5676
6913
7572
6544
4628
3480
3489
3637
2970
920
-1607
-2690
-2470
-2450
-3481
-5189
-6500
-6592
-5864
-5447
-5848
-6263
-6009
-5001
-3877
-3062
-2360
-1280
-17
1174
2088
3041
4247
5627
6555
6925
7378
8219
9039
9713
9963
9714
9613
10004
10428
10522
10168
8374
6648
6832
7342
6106
3457
450
-1496
-1476
-910
-2675
-6276
-8576
-9009
-8343
-8119
-9628
-11907
-12462
-11332
-10343
-10162
-10187
-10026
-9073
-7445
-6257
-5312
-4184
-2608
-1127
-183
468
1913
3754
5002
5314
5318
5292
6025
7182
7190
5784
4284
3633
3478
3285
2314
229
-1755
-2426
-2586
-2994
-3953
-5293
-6359
-6483
-6114
-5835
-5782
-5828
-5689
-4941
-3844
-2793
-1656
-570
334
1251
2396
3651
4943
6101
6691
7040
7795
8655
9294
9880
9904
9626
9700
10069
10242
10453
9785
7505
6250
6860
6932
5303
2602
-499
-2034
-1396
-1156
-3820
-7195
-9036
-9197
-8282
-8286
-10447
-12500
-12286
-11042
-10208
-9900
-10070
-10051
-8583
-6801
-5761
-4904
-3630
-2187
-744
243
1080
2465
4180
5197
5367
5170
5274
6270
7264
6792
5109
3661
3314
3623
3487
1904
-688
-2288
-2246
-1938
-2530
-4270
-5977
-6358
-5660
-5143
-5348
-5974
-6076
-5171
-3823
-3065
-2524
-1602
-389
866
1894
2702
3661
5087
6325
6823
7102
7800
8613
9516
9910
9553
9283
9614
10075
10292
10113
8532
6625
6528
7130
6329
4135
1196
-1143
-1501
-1004
-2231
-5278
-7817
-8898
-8609
-8136
-9222
-11282
-12129
-11515
-10681
-10103
-9986
-10039
-9286
-7729
-6554
-5576
-4414
-3078
-1596
-327
410
1523
3204
4592
5066
5169
5201
5719
6691
6915
5877
4630
3871
3583
3368
2621
891
-942
-1860
-2242
-2701
-3416
-4514
-5467
-5871
-5866
-5672
-5456
-5412
-5363
-4862
-4081
-3184
-1994
-850
4
868
1873
2963
4200
5507
6323
6691
7318
8137
8821
9526
9811
9635
9568
9809
10010
10248
9970
8170
6480
6480
6753
5637
3306
302
-1854
-1998
-1581
-3145
-6181
-8523
-9393
-8878
-8477
-9686
-11627
-12203
-11460
-10522
-9954
-9804
-9687
-8669
-7112
-5952
-4964
-3785
-2274
-754
334
1057
2269
3884
5093
5494
5592
5546
6008
6754
6784
5715
4417
3529
3100
2874
2097
239
-1674
-2586
-2889
-3132
-3783
-4961
-6047
-6346
-5920
-5474
-5338
-5432
-5297
-4544
-3490
-2423
-1348
-413
502
1587
2682
3694
4795
5941
6666
7210
7884
8394
8852
9540
9798
9613
9442
9477
9648
10093
9279
7011
5746
6223
6206
4690
1991
-1112
-2478
-1791
-1706
-4199
-7208
-9046
-9233
-8347
-8362
-10290
-11917
-11780
-10823
-9945
-9523
-9552
-9264
-7866
-6497
-5509
-4486
-3155
-1663
-241
499
1272
2769
4452
5236
5302
5128
5229
6215
7016
6240
4468
3390
3242
3432
2939
1106
-1230
-2194
-2012
-2135
-3126
-4597
-5609
-5685
-5227
-5163
-5508
-5611
-5088
-4239
-3489
-3007
-2177
-868
410
1387
2014
2731
4067
5717
6658
6789
7078
7872
8866
9712
9753
9145
9004
9630
10213
10284
9288
7062
5881
6646
7020
5246
2281
-660
-1925
-1339
-1125
-3623
-6967
-8706
-8820
-8100
-8190
-10051
-11917
-11790
-10686
-9878
-9765
-9836
-9586
-8176
-6636
-5749
-4995
-3739
-2169
-587
292
880
2115
3846
4959
5239
5153
5135
5800
6687
6450
5022
3826
3386
3287
3016
1850
-156
-1630
-2057
-2227
-2729
-3751
-4863
-5608
-5577
-5224
-5105
-5165
-5159
-4808
-3978
-3058
-2179
-1173
-290
640
1682
2734
3701
4849
5799
6387
6973
7723
8225
8701
9251
9438
9379
9537
9670
9815
9665
8131
6571
6480
6699
5649
3481
616
-1592
-1792
-1194
-2737
-5778
-8071
-9120
-8727
-8047
-9199
-11373
-12094
-11381
-10456
-9717
-9566
-9868
-9124
-7330
-6020
-5058
-4000
-2825
-1441
-83
824
1844
3213
4319
4930
5295
5354
5567
6206
6391
5527
4567
3936
3396
3056
2454
883
-647
-1439
-1876
-2346
-2987
-3917
-4839
-5120
-4910
-4813
-4730
-4611
-4414
-3829
-3075
-2336
-1302
-255
597
1430
2325
3229
4421
5533
6089
6418
7054
7722
8318
8887
9029
8821
9048
9471
9666
9342
7735
6309
6405
6747
5606
3299
458
-1456
-1466
-967
-2819
-5934
-7998
-8807
-8437
-8031
-9412
-11527
-11883
-10973
-10292
-9928
-9808
-9928
-8854
-6982
-6032
-5436
-4213
-2638
-1030
170
691
1457
3114
4662
5371
5364
5074
5282
6289
6739
5759
4409
3658
3302
3217
2623
766
-953
-1574
-1759
-2206
-2992
-4147
-5120
-5162
-4702
-4687
-4793
-4700
-4376
-3654
-2797
-2099
-1227
-127
882
1707
2491
3383
4647
5844
6398
6575
7026
7787
8592
9149
9115
8646
8753
9336
9713
9239
7383
5915
6066
6521
5441
2988
35
-1694
-1554
-1032
-2868
-6003
-8152
-8874
-8268
-7898
-9247
-11300
-11738
-10940
-10029
-9541
-9417
-9638
-8699
-6993
-5835
-4986
-3919
-2623
-1236
-33
711
1629
2918
4005
4678
5020
4981
5129
5649
5669
4965
4293
3880
3285
2657
1782
489
-374
-748
-1384
-2261
-3052
-3683
-4052
-4116
-4215
-4520
-4480
-4070
-3545
-3026
-2555
-1981
-1033
104
1017
1728
2435
3372
4503
5455
5925
6369
7042
7858
8259
8336
8536
8883
9306
9508
9328
8180
6670
6539
7122
6483
4458
1777
-563
-1105
-568
-1254
-4137
-6821
-8181
-8259
-7596
-8110
-10195
-11631
-11316
-10531
-9901
-9671
-9760
-9655
-8276
-6906
-6006
-5070
-3786
-2393
-1073
-296
377
1676
3286
4330
4705
4586
4529
5335
6285
6063
4770
3614
3337
3586
3441
2014
-85
-1257
-1216
-943
-1504
-3076
-4402
-4625
-4054
-3592
-3817
-4437
-4441
-3423
-2401
-1957
-1596
-832
233
1514
2295
2522
3227
4760
5898
6228
6270
6558
7471
8544
8896
8431
8102
8546
9374
9801
8482
6170
5527
6475
6644
4958
1750
-1237
-1914
-852
-1007
-3803
-6919
-8699
-8616
-7603
-7966
-10113
-11657
-11453
-10534
-9815
-9628
-9785
-9494
-7987
-6671
-5939
-5200
-3889
-2201
-652
2
434
1529
3238
4639
5328
5037
4614
5138
6182
6387
5453
4180
3256
3032
3116
2358
595
-829
-1543
-1773
-2029
-2758
-3839
-4556
-4601
-4334
-4172
-4172
-4081
-3608
-2900
-2331
-1675
-758
275
1285
2082
2589
3290
4531
5633
6231
6604
6962
7411
8107
8745
8781
8671
8825
9052
9324
8839
7049
5947
6273
6428
5084
2651
-145
-1761
-1506
-1089
-3015
-5985
-8198
-8949
-8357
-7956
-9301
-11223
-11806
-11254
-10367
-9636
-9479
-9668
-8695
-7192
-6065
-5202
-4089
-2742
-1125
-11
523
1238
2705
4258
5371
5515
4875
4596
5433
6305
6006
4716
3227
2348
2454
2509
1317
-465
-1831
-2298
-2217
-2407
-3381
-4557
-5019
-4673
-4131
-3986
-4157
-3971
-3200
-2345
-1564
-826
-69
913
2044
2868
3380
4184
5217
6109
6805
7258
7448
7888
8592
9026
9120
9136
9074
9381
9142
7511
6249
6391
6395
5261
3144
279
-1842
-1843
-1295
-2791
-5424
-7792
-9114
-8798
-8103
-8987
-10681
-11444
-11327
-10640
-9668
-9299
-9420
-8544
-7185
-6133
-5177
-4157
-2902
-1192
68
541
1139
2362
3777
5152
5714
5110
4581
5162
5918
5845
4981
3668
2543
2373
2364
1340
-232
-1487
-2093
-2196
-2425
-3339
-4483
-4941
-4634
-4175
-4031
-4210
-4052
-3276
-2318
-1566
-850
-102
845
1954
2895
3403
4070
5080
6010
6684
7161
7424
7745
8447
9004
9144
9046
9046
9319
9032
7544
6413
6378
6313
5280
3286
507
-1627
-1889
-1601
-2895
-5238
-7584
-9153
-9188
-8715
-9290
-10617
-11352
-11530
-11111
-10304
-9684
-9496
-8613
-7468
-6445
-5530
-4493
-3161
-1433
-71
644
1301
2235
3441
4844
5719
5486
5047
5187
5477
5442
5112
4262
3174
2513
2031
1071
27
-806
-1475
-1997
-2464
-3246
-4032
-4290
-4146
-3889
-3724
-3735
-3565
-2958
-2202
-1402
-495
331
1046
1866
2660
3361
4285
5253
5848
6294
6846
7332
7808
8356
8721
8808
8899
9060
9329
8723
7227
6350
6555
6319
5066
2996
407
-1405
-1527
-1527
-3127
-5338
-7444
-8789
-8861
-8596
-9463
-10616
-11099
-11208
-10919
-10192
-9766
-9502
-8373
-7137
-6277
-5498
-4491
-3167
-1311
180
847
1383
2292
3386
4798
5721
5507
5044
5244
5414
5196
4743
3934
3015
2545
2030
868
-354
-1285
-1819
-2029
-2356
-3284
-4194
-4529
-4322
-3890
-3528
-3574
-3566
-3050
-2235
-1355
-455
291
958
1814
2654
3354
4163
4999
5652
6280
6875
7191
7426
7875
8494
8926
9010
8937
9008
8482
7231
6451
6497
6129
4818
2919
508
-1452
-2007
-2030
-3159
-5037
-7055
-8523
-8977
-8905
-9358
-10067
-10482
-10785
-10658
-10147
-9697
-9302
-8147
-6825
-5838
-5153
-4359
-3230
-1518
100
1064
1728
2434
3249
4358
5349
5513
5206
5246
5395
5192
4608
3800
2943
2416
1988
1189
-27
-1234
-2046
-2328
-2463
-2960
-3763
-4398
-4529
-4180
-3699
-3429
-3258
-2891
-2287
-1539
-647
161
959
1855
2741
3348
3929
4543
5236
6043
6844
7186
7226
7362
7695
8195
8640
8777
8726
8436
7419
6305
5908
5829
5059
3814
1936
-283
-1848
-2259
-2833
-4022
-5453
-6922
-8165
-8751
-9133
-9717
-10026
-10112
-10055
-9877
-9595
-9531
-8925
-7616
-6229
-5205
-4341
-3605
-2653
-1262
110
1213
2227
3119
3799
4517
4956
4865
4838
5144
5224
4828
4128
3113
2177
1722
1396
735
-205
-1287
-2225
-2672
-2926
-3337
-3700
-3895
-3981
-3877
-3617
-3445
-3071
-2373
-1650
-927
-185
357
953
1856
2687
3282
3951
4582
5002
5592
6202
6535
6836
7203
7389
7517
7760
7882
7928
7838
7123
6165
5596
5144
4443
3556
2232
460
-971
-1872
-2814
-3807
-4765
-5883
-6879
-7516
-8189
-8918
-9294
-9377
-9301
-8919
-8565
-8433
-8085
-7281
-6300
-5184
-4051
-3152
-2310
-1282
-236
770
1776
2590
3243
3963
4454
4571
4559
4484
4245
4002
3742
3229
2558
1929
1241
558
-45
-649
-1185
-1659
-2144
-2703
-3156
-3462
-3629
-3590
-3465
-3290
-3006
-2648
-2206
-1711
-1180
-563
210
1014
1652
2199
2679
3095
3676
4372
5003
5513
5922
6209
6383
6501
6490
6537
6804
6973
6900
6558
5849
4973
4358
3931
3299
2435
1363
118
-1011
-1941
-2914
-3895
-4699
-5428
-6045
-6536
-7176
-7922
-8348
-8391
-8227
-7850
-7424
-7119
-6665
-5972
-5209
-4354
-3388
-2417
-1348
-153
802
1486
2165
2760
3284
3914
4433
4570
4477
4284
3857
3388
2998
2528
2033
1519
825
-13
-764
-1421
-2017
-2417
-2806
-3330
-3759
-4040
-4243
-4279
-4150
-3946
-3645
-3131
-2606
-2062
-1411
-798
-145
635
1424
2092
2751
3437
4000
4531
5061
5455
5711
5922
6102
6261
6371
6355
6196
5968
5732
5511
5305
4977
4388
3637
2872
2157
1482
777
-28
-937
-1839
-2630
-3351
-4060
-4764
-5439
-5961
-6299
-6538
-6745
-6839
-6779
-6572
-6150
-5600
-5015
-4373
-3580
-2639
-1767
-952
-184
550
1337
2127
2802
3247
3477
3593
3656
3681
3550
3260
2873
2364
1785
1162
458
-280
-966
-1547
-2097
-2666
-3250
-3814
-4219
-4448
-4599
-4684
-4670
-4550
-4288
-3832
-3325
-2836
-2292
-1642
-877
-45
795
1550
2235
2870
3448
4034
4568
4968
5279
5547
5687
5717
5690
5568
5378
5197
5003
4709
4339
3891
3368
2861
2412
1960
1511
1061
533
-26
-540
-1006
-1453
-1856
-2237
-2646
-2997
-3291
-3505
-3641
-3723
-3774
-3760
-3625
-3428
-3148
-2789
-2436
-2070
-1644
-1152
-671
-178
302
700
1035
1328
1562
1719
1805
1816
1766
1617
1373
1037
627
203
-240
-673
-1131
-1631
-2133
-2608
-2997
-3314
-3565
-3773
-3927
-3997
-3984
-3882
-3714
-3451
-3120
-2723
-2278
-1774
-1227
-632
23
634
1220
1771
2302
2829
3319
3741
4067
4302
4451
4533
4526
4450
4307
4099
3827
3469
3072
2646
2238
1855
1473
1090
710
356
57
-174
-367
-519
-631
-707
-733
-745
-711
-658
-581
-500
-430
-350
-278
-173
-68
36
106
149
191
228
293
334
346
323
271
205
120
37
-49
-150
-283
-443
-643
-857
-1055
-1255
-1443
-1640
-1840
-2056
-2251
-2411
-2535
-2622
-2705
-2754
-2805
-2807
-2769
-2688
-2557
-2405
-2217
-2023
-1796
-1538
-1250
-936
-615
-291
9
308
607
929
1229
1507
1755
1938
2090
2191
2284
2327
2344
2312
2214
2070
1890
1717
1521
1316
1083
832
586
343
141
-25
-139
-229
-284
-290
-251
-148
4
200
412
646
894
1172
1476
1777
2054
2268
2447
2567
2640
2675
2656
2567
2402
2179
1876
1539
1185
817
432
23
-397
-835
-1259
-1652
-1993
-2283
-2518
-2726
-2921
-3067
-3164
-3191
-3174
-3111
-3028
-2925
-2785
-2628
-2455
-2259
-2024
-1786
-1553
-1334
-1119
-904
-694
-481
-295
-125
30
161
292
402
484
551
598
614
615
612
594
588
533
460
383
300
243
188
132
51
-31
-110
-167
-194
-203
-198
-177
-135
-89
-18
66
194
359
529
726
914
1109
1327
1553
1785
2006
2216
2397
2538
2663
2764
2824
2852
2837
2780
2678
2513
2323
2092
1830
1535
1201
855
494
133
-222
-569
-903
-1222
-1510
-1761
-1976
-2139
-2268
-2360
-2405
-2412
-2371
-2293
-2173
-2028
-1869
-1699
-1516
-1313
-1106
-921
-744
-565
-409
-279
-183
-111
-65
-28
-2
-12
-63
-131
-211
-299
-386
-482
-593
-705
-804
-901
-993
-1073
-1138
-1180
-1202
-1213
-1209
-1182
-1126
-1046
-960
-865
-744
-574
-396
-222
-42
139
340
555
782
995
1191
1373
1550
1704
1846
1968
2074
2157
2211
2239
2224
2181
2116
2042
1946
1832
1701
1552
1399
1229
1050
877
709
553
413
274
158
47
-57
-135
-205
-250
-281
-294
-292
-301
-293
-268
-244
-223
-184
-154
-132
-106
-99
-94
-85
-98
-125
-159
-202
-255
-323
-395
-495
-599
-705
-813
-927
-1055
-1189
-1325
-1435
-1536
-1646
-1742
-1824
-1894
-1942
-1969
-1970
-1946
-1904
-1836
-1744
-1636
-1515
-1374
-1215
-1033
-834
-619
-407
-204
-5
194
390
580
752
909
1060
1196
1301
1371
1420
1458
1477
1478
1463
1431
1385
1319
1230
1132
1023
922
828
735
655
566
478
393
321
276
247
246
258
267
311
373
443
526
625
731
847
972
1093
1208
1310
1398
1458
1499
1508
1495
1470
1415
1319
1198
1051
860
638
409
158
-118
-399
-668
-938
-1208
-1475
-1745
-1982
-2191
-2362
-2495
-2598
-2662
-2688
-2676
-2636
-2582
-2501
-2372
-2195
-1991
-1773
-1565
-1355
-1141
-920
-700
-491
-285
-74
126
290
431
544
626
693
758
804
834
847
837
819
761
679
600
528
471
406
331
251
174
102
37
-22
-64
-84
-80
-51
-17
33
93
163
250
340
468
617
778
945
1110
1257
1388
1522
1657
1785
1893
1981
2052
2099
2106
2076
2003
1896
1763
1628
1470
1284
1061
813
544
258
-21
-306
-577
-843
-1076
-1300
-1512
-1697
-1862
-2007
-2112
-2163
-2176
-2159
-2108
-2036
-1952
-1849
-1727
-1580
-1416
-1244
-1064
-882
-713
-553
-419
-306
-191
-97
-13
59
103
137
153
137
84
18
-36
-82
-133
-189
-246
-309
-370
-426
-494
-545
-557
-560
-543
-518
-483
-436
-379
-298
-202
-98
35
179
339
510
662
820
969
1113
1274
1430
1580
1708
1811
1880
1935
1973
1992
1982
1947
1893
1822
1733
1604
1442
1262
1075
879
686
487
287
104
-82
-249
-406
-554
-672
-750
-799
-848
-868
-874
-873
-841
-807
-774
-723
-646
-555
-466
-392
-339
-281
-217
-179
-156
-144
-155
-169
-197
-252
-335
-413
-501
-592
-671
-760
-856
-939
-1009
-1101
-1174
-1247
-1322
-1364
-1394
-1413
-1408
-1391
-1377
-1346
-1284
-1210
-1123
-1003
-876
-738
-587
-436
-274
-105
74
257
434
616
782
961
1133
1272
1404
1526
1629
1723
1796
1823
1833
1820
1772
1692
1588
1451
1285
1123
960
769
579
393
209
61
-88
-219
-323
-414
-484
-524
-540
-540
-507
-441
-351
-247
-92
72
240
415
585
749
900
1026
1125
1207
1251
1263
1243
1188
1099
990
865
709
537
341
122
-96
-313
-550
-786
-1007
-1233
-1432
-1594
-1737
-1853
-1940
-2005
-2034
-2026
-1995
-1941
-1857
-1763
-1669
-1549
-1418
-1284
-1139
-981
-839
-696
-542
-413
-262
-100
37
168
301
423
523
621
690
738
789
810
814
802
763
711
654
591
501
416
333
230
145
59
-49
-137
-199
-281
-349
-384
-405
-407
-363
-304
-233
-113
13
155
327
511
684
865
1051
1226
1406
1577
1724
1867
1996
2098
2183
2237
2248
2235
2194
2090
1933
1746
1518
1257
969
653
312
-27
-364
-697
-1007
-1303
-1573
-1796
-1989
-2158
-2284
-2374
-2423
-2413
-2371
-2304
-2193
-2048
-1882
-1681
-1455
-1258
-1059
-827
-620
-420
-223
-57
75
211
333
412
465
484
466
442
390
292
216
131
11
-97
-204
-354
-504
-625
-754
-877
-961
-1036
-1096
-1120
-1135
-1115
-1047
-969
-856
-671
-494
-339
-110
135
326
542
759
943
1129
1319
1505
1665
1815
1939
2050
2169
2277
2365
2456
2511
2520
2553
2569
2559
2529
2455
2329
2195
2047
1874
1673
1393
1033
690
325
-100
-500
-885
-1302
-1667
-1948
-2222
-2483
-2667
-2782
-2837
-2786
-2708
-2631
-2501
-2330
-2101
-1791
-1440
-1128
-818
-494
-202
78
328
492
589
672
725
747
712
577
387
186
-38
-273
-491
-749
-1042
-1285
-1505
-1740
-1940
-2078
-2180
-2221
-2231
-2236
-2185
-2064
-1905
-1677
-1417
-1202
-979
-680
-375
-85
256
613
939
1308
1721
2044
2294
2521
2708
2883
3044
3122
3127
3118
3127
3146
3144
3098
3018
2945
2917
2913
2849
2693
2550
2481
2442
2429
2380
2059
1509
1013
534
-40
-586
-1117
-1794
-2409
-2770
-3133
-3534
-3747
-3827
-3814
-3582
-3289
-3172
-3052
-2791
-2474
-1995
-1379
-890
-447
143
690
1083
1444
1622
1583
1602
1655
1526
1292
1004
550
94
-290
-811
-1431
-1992
-2548
-3047
-3336
-3595
-3894
-4031
-4042
-4043
-3915
-3663
-3429
-3072
-2525
-1981
-1485
-1010
-631
-258
208
642
1015
1431
1883
2372
2917
3347
3559
3673
3786
3911
4041
4082
3964
3785
3661
3584
3509
3398
3246
3126
3118
3196
3202
3086
3012
3106
3247
3348
3318
2837
1977
1256
665
-126
-943
-1739
-2738
-3648
-4121
-4564
-5114
-5340
-5308
-5171
-4732
-4231
-4039
-3836
-3390
-2863
-2143
-1256
-561
75
943
1694
2201
2627
2765
2629
2615
2634
2379
1996
1502
815
158
-493
-1368
-2257
-3011
-3733
-4228
-4467
-4839
-5206
-5237
-5158
-5043
-4699
-4275
-3854
-3140
-2245
-1506
-839
-229
244
776
1373
1783
2097
2499
2904
3353
3847
4101
4080
4064
4094
4096
4118
4043
3765
3513
3421
3306
3187
3136
3056
3019
3131
3309
3380
3388
3486
3694
3892
4004
3856
3110
1994
1119
421
-470
-1386
-2363
-3590
-4596
-5055
-5492
-5999
-6152
-6036
-5673
-4997
-4434
-4150
-3798
-3311
-2669
-1722
-760
-52
737
1684
2421
2919
3161
3012
2775
2708
2609
2352
1895
1162
334
-366
-1138
-2106
-2953
-3620
-4171
-4470
-4641
-5098
-5631
-5734
-5563
-5320
-4931
-4503
-4043
-3246
-2187
-1289
-622
-18
553
1163
1799
2186
2337
2543
2923
3394
3840
4080
4039
3966
4045
4152
4162
4059
3838
3655
3634
3601
3466
3385
3372
3404
3562
3804
3946
3975
4059
4268
4449
4533
4528
3988
2700
1451
617
-376
-1487
-2437
-3714
-5104
-5750
-6107
-6699
-6926
-6739
-6432
-5694
-4867
-4560
-4240
-3616
-3001
-2082
-887
-74
665
1764
2634
3099
3429
3357
2983
2841
2757
2364
1854
1213
349
-398
-1094
-2061
-3029
-3694
-4226
-4583
-4756
-5120
-5634
-5801
-5624
-5409
-5118
-4741
-4322
-3555
-2412
-1369
-599
37
600
1179
1754
2093
2193
2318
2609
3076
3589
3863
3864
3839
3867
3933
4021
3991
3831
3769
3831
3758
3566
3470
3456
3507
3729
4002
4211
4412
4572
4703
4869
4906
4827
4598
3655
2162
1031
81
-1214
-2322
-3329
-4827
-5994
-6345
-6802
-7255
-7069
-6683
-6161
-5216
-4539
-4276
-3713
-3002
-2297
-1187
-87
609
1504
2500
2958
3123
3179
2882
2571
2492
2206
1633
1038
328
-466
-1183
-2030
-2982
-3664
-4116
-4475
-4633
-4755
-5039
-5208
-5151
-5091
-4912
-4493
-4002
-3376
-2452
-1479
-676
-3
501
924
1408
1813
2067
2310
2538
2753
3077
3380
3504
3622
3730
3689
3718
3857
3819
3685
3681
3621
3419
3370
3433
3397
3444
3630
3806
4000
4181
4250
4333
4419
4398
4404
4076
2861
1443
511
-507
-1707
-2627
-3774
-5191
-5915
-6166
-6693
-6944
-6632
-6232
-5510
-4509
-3966
-3665
-3048
-2333
-1499
-370
575
1304
2268
3113
3465
3576
3413
2964
2718
2592
2122
1466
790
-58
-899
-1603
-2487
-3436
-4017
-4368
-4593
-4600
-4702
-5005
-5060
-4948
-5029
-5011
-4667
-4211
-3540
-2556
-1712
-1079
-395
191
660
1202
1655
1924
2254
2576
2794
3026
3157
3191
3421
3712
3775
3797
3877
3884
3938
4024
3866
3616
3556
3568
3592
3707
3801
3847
3998
4130
4094
4088
4137
4022
3922
3904
3272
1896
655
-334
-1536
-2603
-3492
-4789
-5955
-6289
-6540
-6956
-6802
-6317
-5789
-4811
-3848
-3470
-3050
-2321
-1612
-697
379
1111
1793
2644
3196
3422
3406
3021
2643
2492
2106
1491
856
-30
-948
-1529
-2197
-3080
-3609
-3878
-4170
-4183
-4045
-4219
-4413
-4274
-4106
-4033
-3856
-3581
-3167
-2521
-1833
-1220
-694
-301
137
758
1280
1567
1863
2127
2268
2486
2642
2527
2489
2708
2886
3048
3225
3211
3283
3550
3589
3441
3397
3313
3233
3404
3560
3577
3698
3847
3890
3911
3898
3826
3760
3699
3571
3048
1930
736
-220
-1318
-2477
-3473
-4644
-5715
-6096
-6299
-6600
-6416
-5921
-5387
-4471
-3504
-2992
-2400
-1561
-849
-10
934
1532
2056
2776
3240
3410
3408
3016
2517
2226
1766
1035
291
-530
-1391
-2020
-2562
-3217
-3715
-3931
-4045
-4034
-3892
-3855
-3866
-3624
-3240
-2991
-2775
-2515
-2330
-2040
-1530
-1115
-880
-572
-177
269
771
1155
1361
1570
1829
2070
2190
2086
1939
2003
2190
2410
2646
2729
2731
2883
3084
3097
3006
2931
2873
2956
3207
3418
3499
3536
3579
3697
3825
3783
3624
3517
3362
3091
2713
1901
671
-400
-1281
-2321
-3273
-4138
-5160
-5821
-5861
-5862
-5851
-5420
-4821
-4098
-3030
-2074
-1554
-1023
-317
391
1149
1822
2213
2508
2866
3096
3053
2668
1998
1322
736
153
-477
-1177
-1882
-2394
-2676
-2957
-3349
-3652
-3721
-3598
-3287
-2881
-2589
-2372
-1997
-1543
-1289
-1184
-1097
-1100
-1106
-935
-770
-780
-774
-622
-442
-276
-28
191
304
497
821
1023
1007
977
984
1023
1225
1525
1755
1972
2298
2702
3027
3160
3147
3114
3098
3185
3398
3510
3493
3584
3709
3734
3722
3590
3359
3274
3262
3094
2693
1872
760
-206
-1121
-2166
-3039
-3803
-4524
-4750
-4631
-4644
-4519
-4049
-3476
-2723
-1839
-1258
-886
-408
110
623
1113
1436
1617
1803
1932
1866
1558
1051
472
-48
-494
-954
-1479
-1964
-2291
-2527
-2669
-2751
-2900
-2921
-2679
-2357
-2002
-1583
-1238
-951
-606
-371
-308
-249
-189
-137
-20
51
-47
-239
-511
-874
-1194
-1425
-1564
-1556
-1406
-1182
-903
-599
-330
-44
336
734
1083
1397
1614
1717
1832
1987
2135
2289
2521
2772
2958
3112
3183
3130
3074
3086
3080
3063
3009
2878
2809
2835
2831
2855
2882
2663
2327
1994
1306
389
-318
-1041
-1849
-2369
-2854
-3569
-4012
-4095
-4170
-4003
-3510
-3050
-2550
-1918
-1487
-1230
-943
-714
-423
26
397
658
922
1008
877
700
407
-19
-299
-450
-639
-772
-836
-981
-1138
-1193
-1282
-1391
-1348
-1202
-1030
-803
-602
-525
-447
-369
-400
-468
-541
-637
-686
-654
-657
-742
-853
-995
-1124
-1170
-1173
-1108
-890
-634
-416
-182
-88
-167
-162
-80
-49
101
383
571
775
1114
1381
1547
1756
1926
1991
2069
2116
2094
2073
2088
2174
2327
2491
2650
2816
2926
2962
2990
2987
2918
2872
2898
2911
2818
2610
2274
1687
911
143
-626
-1456
-2171
-2725
-3323
-3828
-4069
-4233
-4303
-4064
-3654
-3242
-2735
-2194
-1787
-1409
-996
-638
-273
134
487
801
1077
1193
1194
1122
903
591
328
35
-299
-507
-689
-926
-1101
-1196
-1351
-1460
-1409
-1375
-1339
-1158
-957
-810
-587
-343
-222
-114
5
23
55
147
189
206
242
197
99
23
-87
-166
-132
-98
-61
68
154
181
296
407
440
528
614
578
524
488
390
288
265
245
209
220
246
265
304
355
427
504
553
612
676
712
748
834
923
995
1088
1183
1245
1288
1369
1491
1601
1727
1888
1967
1918
1809
1602
1252
882
533
165
-200
-517
-861
-1252
-1617
-1934
-2178
-2301
-2323
-2244
-2102
-1968
-1845
-1722
-1635
-1553
-1404
-1205
-984
-737
-458
-216
-26
156
317
412
489
581
636
636
647
640
571
514
461
393
340
302
247
192
114
-14
-144
-274
-446
-580
-661
-794
-917
-1003
-1153
-1324
-1442
-1532
-1592
-1540
-1422
-1302
-1136
-963
-835
-720
-606
-498
-343
-150
72
291
510
705
848
996
1123
1249
1406
1603
1798
1978
2156
2274
2348
2452
2563
2650
2790
2948
3049
3134
3151
2988
2699
2286
1631
843
50
-826
-1747
-2544
-3297
-3954
-4320
-4458
-4429
-4174
-3743
-3264
-2700
-2122
-1651
-1186
-699
-229
295
878
1407
1864
2263
2502
2561
2485
2261
1945
1624
1292
952
625
306
-21
-328
-587
-816
-987
-1039
-997
-884
-693
-489
-305
-134
2
79
134
172
181
182
181
113
-2
-130
-317
-521
-691
-861
-1010
-1075
-1116
-1138
-1099
-1058
-1038
-963
-855
-767
-628
-460
-315
-142
59
198
324
436
492
520
553
548
517
516
487
451
436
395
322
268
201
107
23
-53
-149
-243
-323
-427
-538
-627
-702
-753
-764
-739
-690
-605
-507
-400
-278
-140
-4
143
343
545
746
985
1209
1402
1597
1741
1815
1856
1840
1743
1622
1471
1249
1019
799
555
333
146
-41
-186
-274
-354
-402
-382
-342
-289
-204
-128
-75
-19
17
25
31
29
-14
-50
-90
-173
-263
-373
-511
-657
-796
-920
-1014
-1072
-1105
-1115
-1100
-1051
-990
-914
-800
-682
-548
-381
-229
-85
59
175
247
312
355
363
356
329
263
173
103
17
-61
-115
-175
-210
-213
-226
-232
-207
-183
-151
-75
14
102
212
323
394
470
527
563
614
662
689
712
726
688
634
567
480
394
320
254
200
155
95
40
-26
-105
-172
-225
-253
-264
-267
-276
-281
-312
-355
-406
-462
-481
-465
-424
-364
-278
-200
-126
-48
10
70
143
219
296
377
444
486
505
492
453
412
361
298
243
182
93
6
-100
-230
-353
-460
-552
-614
-647
-669
-676
-666
-645
-615
-577
-539
-483
-416
-345
-258
-163
-64
24
108
178
241
290
321
336
350
364
383
406
433
473
498
525
528
518
505
482
460
434
415
389
357
324
266
181
95
-16
-129
-228
-327
-423
-524
-627
-752
-873
-969
-1044
-1088
-1091
-1050
-970
-846
-706
-559
-407
-260
-115
38
183
324
460
581
680
767
835
864
884
880
862
849
811
753
667
568
458
329
217
111
7
-86
-168
-240
-308
-370
-414
-444
-451
-426
-388
-324
-244
-169
-85
-13
43
88
113
120
107
80
34
-30
-116
-206
-285
-346
-381
-383
-351
-292
-212
-106
2
104
181
246
299
340
353
346
312
266
225
158
82
1
-89
-178
-249
-304
-356
-394
-405
-407
-402
-388
-359
-334
-315
-290
-267
-245
-212
-179
-151
-108
-63
-17
35
93
158
222
299
389
491
607
711
812
911
1005
1091
1177
1260
1312
1340
1324
1256
1130
944
693
369
14
-338
-662
-975
-1261
-1507
-1702
-1817
-1819
-1739
-1596
-1363
-1071
-748
-393
-87
167
392
564
687
761
789
773
721
652
544
390
207
22
-144
-265
-359
-419
-431
-404
-342
-255
-175
-98
-1
114
232
339
433
495
525
520
467
363
229
84
-55
-178
-299
-412
-491
-557
-585
-590
-568
-518
-447
-339
-217
-84
36
132
210
266
292
281
238
177
98
8
-90
-192
-289
-356
-397
-423
-429
-410
-359
-289
-212
-133
-57
24
102
167
214
233
232
210
171
116
63
1
-52
-91
-132
-162
-164
-150
-116
-62
-5
70
141
219
293
348
390
405
403
383
354
313
262
182
99
6
-92
-182
-277
-355
-417
-458
-479
-481
-452
-397
-315
-211
-85
48
183
319
452
560
637
688
708
702
669
611
544
451
344
232
121
30
-34
-83
-132
-169
-187
-206
-228
-246
-253
-261
-265
-251
-218
-194
-182
-159
-136
-111
-79
-47
-3
33
66
105
120
122
101
69
37
7
-7
-1
9
10
9
10
10
4
5
4
15
38
55
78
78
75
63
39
22
13
19
27
46
56
56
45
25
3
-29
-57
-71
-83
-88
-91
-104
-126
-152
-161
-172
-165
-143
-122
-97
-73
-59
-56
-53
-41
-34
-29
-17
-11
-14
-20
-25
-45
-66
-77
-78
-86
-83
-81
-80
-62
-40
-25
-8
21
43
68
90
93
95
96
92
87
81
77
76
74
73
65
54
41
25
15
10
-5
-19
-35
-53
-74
-96
-113
-127
-135
-139
-134
-126
-111
-100
-89
-86
-86
-75
-58
-35
-26
-9
17
43
71
103
141
180
212
247
273
289
308
310
294
280
250
211
169
118
64
16
-26
-60
-89
-112
-129
-148
-152
-150
-140
-127
-126
-113
-84
-58
-42
-32
-19
-13
-4
11
5
4
3
2
15
16
3
-11
-13
-14
-9
2
7
27
52
76
86
97
102
94
85
79
70
52
35
10
-21
-58
-88
-108
-130
-139
-152
-164
-158
-147
-129
-99
-83
-69
-47
-21
3
30
60
73
76
85
93
86
79
72
55
35
17
-2
-23
-35
-43
-50
-56
-49
-43
-39
-26
-9
7
16
26
40
46
53
55
46
36
30
24
4
-10
-30
-52
-67
-75
-81
-92
-96
-87
-78
-65
-45
-32
-15
1
21
41
47
55
57
64
62
50
36
24
16
4
-20
-35
-46
-55
-63
-62
-55
-51
-35
-16
6
17
37
55
71
83
88
89
82
72
61
51
41
20
5
-12
-32
-46
-51
-61
-71
-69
-68
-57
-42
-30
-15
-6
7
24
41
52
55
54
56
53
47
44
35
19
2
-8
-17
-22
-33
-40
-41
-37
-28
-20
-16
-9
1
10
30
34
34
38
45
51
47
35
23
15
10
2
-11
-23
-31
-29
-26
-27
-25
-23
-12
-2
6
14
23
30
37
45
47
45
34
25
17
15
7
0
-8
-17
-21
-26
-30
-36
-34
-28
-24
-21
-16
-12
-3
3
8
15
21
23
28
29
28
22
16
10
5
2
-11
-13
-17
-19
-17
-22
-22
-20
-9
-5
-7
-4
-2
7
10
15
15
11
11
12
15
6
2
-5
-5
-4
-10
-14
-13
-16
-14
-10
-9
-7
-4
6
6
11
15
20
20
21
17
11
13
12
8
6
0
-5
-3
-5
-5
-14
-18
-24
-28
-27
-33
-28
-32
-37
-34
-33
-40
-36
-33
-32
-30
-29
-28
-31
-25
-23
-23
-19
-20
-17
-18
-13
-9
-2
1
5
9
12
21
26
27
29
27
26
30
25
23
23
16
19
21
16
6
4
10
5
5
0
-7
-3
0
-2
-8
-14
-15
-13
-10
-6
-8
-11
-3
3
2
-4
2
7
9
11
12
9
8
10
8
8
7
12
12
9
2
-3
-3
-5
-8
-7
-11
-19
-17
-13
-7
-11
-7
-4
-8
-5
1
-1
-2
-4
-1
7
3
-2
-6
-9
-1
7
13
11
2
2
2
2
1
-3
0
1
5
7
9
9
3
6
3
8
9
3
5
10
10
7
11
14
16
16
15
11
11
9
3
0
-3
-6
-2
1
3
3
-4
-4
-2
-1
2
5
8
5
1
8
14
13
15
14
11
12
19
17
14
14
15
18
17
16
14
8
9
5
2
3
6
0
-1
1
-4
-8
-13
-10
-8
-11
-12
-14
-15
-16
-15
-13
-11
-12
