-6
-2
-2
-3
-7
-7
-5
-6
-2
0
-1
-7
1
-1
-6
-3
-4
-1
-7
-12
-8
-9
-5
-1
-4
3
1
-5
-6
-2
8
5
4
3
1
1
-4
-3
-4
-1
1
3
4
4
2
-1
-2
-3
-2
-4
1
1
-1
-1
-2
-2
-6
-3
-6
-6
-10
-10
0
-7
-7
-1
2
6
3
4
4
1
-4
0
5
0
-6
-5
-3
0
0
-2
-1
-6
-4
-5
-2
1
-1
-1
-3
5
9
6
4
3
7
8
11
7
6
12
11
10
12
9
7
11
12
8
12
6
8
9
6
6
4
9
5
7
6
7
3
3
9
9
7
3
1
4
0
0
6
1
0
3
-3
0
4
3
6
2
2
3
0
5
6
5
3
5
5
7
8
5
2
5
5
2
0
0
5
3
1
-1
-5
-6
-6
-10
-10
-9
-8
-4
-8
-11
-14
-13
-19
-16
-9
-13
-8
-6
-8
-9
-7
-14
-15
-14
-15
-10
-11
-12
-14
-7
-2
4
4
4
4
5
12
15
13
15
14
11
14
14
11
12
16
17
11
11
18
15
10
5
10
10
7
6
5
7
5
1
-2
-3
-6
-2
-1
-2
-2
3
-4
-4
-3
-10
-13
-6
0
-1
-2
-1
0
5
3
2
4
2
8
1
-1
-8
-3
-1
-2
2
-2
-2
-3
-4
-3
-3
-6
-9
-6
-6
-3
-4
-4
-7
-6
-1
-3
0
-2
-2
-1
-4
-4
-2
-2
2
0
-4
2
0
3
2
-3
-3
-4
-6
-2
-1
1
-2
-3
-1
-2
-2
-2
-10
-12
-14
-11
-10
-14
-12
-12
-6
-6
-9
-9
-8
-1
-4
-1
0
-4
-2
-2
-2
-1
1
8
10
0
3
7
9
7
10
10
1
0
-4
-1
-5
-2
-5
-4
-4
-2
1
-2
1
-1
-1
5
2
2
4
4
7
1
5
1
0
-2
0
-2
-2
8
2
4
2
7
5
0
8
6
4
2
3
3
6
0
3
6
3
4
-4
0
-1
-5
-3
-9
-3
3
6
2
-2
-2
-9
-8
-2
-12
-15
-12
-21
-18
-19
-33
-35
-34
-24
-20
-27
-25
-18
-20
-24
-17
-13
-11
-13
-14
-6
-4
5
1
-8
-15
-22
-14
-19
-13
-6
-10
-12
-12
-7
-14
-23
-13
-12
-8
3
-3
-14
-7
1
5
0
-6
0
0
1
2
-4
-1
1
13
28
19
21
28
23
35
34
39
44
39
62
53
42
48
45
62
54
51
52
47
54
52
38
17
21
25
2
-15
-26
-52
-77
-80
-63
-65
-54
-46
-70
-68
-52
-45
-58
-63
-51
-50
-37
-27
-33
-17
11
8
-20
-35
-32
-13
-2
1
-10
-7
13
28
37
54
77
65
40
21
44
42
3
-3
-1
19
8
11
24
10
24
13
-2
18
34
6
-49
-49
-22
-10
0
18
20
32
58
54
72
89
97
91
89
103
92
98
103
124
144
137
118
88
105
116
124
123
100
58
15
25
30
21
-9
-3
5
-3
-4
-17
2
-21
-16
-34
-77
-60
-75
-50
-26
-21
-41
-104
-125
-118
-105
-101
-101
-94
-59
-87
-147
-149
-172
-151
-131
-87
-58
-109
-101
-96
-77
-40
-13
6
18
21
10
-15
-50
9
46
54
47
-12
-57
-191
-236
-338
-781
-1388
-1759
-1445
-605
337
848
777
614
710
1048
1345
1496
1414
1045
535
15
-417
-658
-657
-399
38
442
647
533
232
-92
-435
-552
-561
-513
-399
-387
-327
-397
-404
-327
-324
-220
-159
-81
20
137
285
311
265
278
205
-93
-423
-578
-325
46
217
159
-150
-311
-212
53
328
421
349
123
-223
-548
-636
-579
-384
-165
-160
-442
-899
-940
-748
-644
-763
-1035
-1041
-785
-235
186
420
680
929
1164
1232
1332
1531
1805
1941
1707
1241
705
423
689
1190
1227
809
446
329
267
275
347
5
-291
-326
-397
-392
-465
-566
-1157
-1537
-973
-360
89
156
11
-312
-536
-188
322
838
1100
929
478
420
820
1121
1079
792
556
342
521
790
724
320
-413
-1004
-1255
-888
-463
-544
-859
-1209
-1355
-1366
-1204
-1161
-1233
-1112
-958
-777
-627
-396
-427
-689
-780
-687
-365
-100
-31
-232
-349
-244
-42
161
94
-15
-69
57
168
234
352
236
100
130
226
178
275
574
726
769
738
680
473
405
433
347
372
442
567
455
293
151
-63
-41
54
237
234
113
100
105
66
-98
-213
-300
-322
-322
-193
-117
-170
-141
-152
-182
-283
-260
-212
-311
-362
-376
-304
-234
-231
-328
-506
-443
-343
-386
-366
-270
-188
-306
-351
-258
-190
-159
-140
-44
0
-27
-163
-156
3
84
99
129
218
233
304
406
496
487
412
366
307
422
484
461
471
537
664
681
665
594
506
462
486
606
778
945
1001
1007
950
854
760
753
792
736
695
576
455
330
220
45
-302
-534
-701
-824
-915
-934
-946
-1020
-1110
-1267
-1387
-1497
-1536
-1545
-1537
-1515
-1562
-1611
-1573
-1518
-1343
-1133
-1012
-911
-802
-680
-676
-622
-544
-398
-192
97
295
312
345
308
274
183
206
341
487
642
684
784
759
753
889
973
1056
1084
1212
1305
1419
1613
1677
1728
1880
2214
2390
2451
2528
2595
2718
2753
2843
2850
2883
2954
3050
3130
3041
2887
2613
2350
1921
1332
522
-415
-1300
-2235
-3211
-4253
-5194
-6089
-6822
-7420
-7963
-8339
-8513
-8468
-8361
-8101
-7737
-7244
-6605
-5798
-4857
-3903
-2925
-1967
-884
191
1145
1975
2725
3398
3976
4458
4747
4939
5005
5005
4974
4839
4644
4358
4239
4178
4094
3966
3774
3571
3441
3590
3764
3924
3976
4122
4378
4819
5474
6088
6668
6240
5102
3781
3380
3188
2157
400
-1671
-2799
-3547
-4118
-5382
-6633
-7498
-8137
-8305
-8542
-8560
-9185
-9636
-9449
-8537
-7262
-6648
-5937
-5063
-3421
-1915
-912
-234
347
1381
2277
3118
3481
3632
3773
3819
3829
3360
2611
1565
724
179
-346
-1019
-1916
-2511
-2815
-2835
-2913
-3005
-2955
-2616
-1936
-1076
-169
684
1577
2715
3985
5105
5892
6616
7491
8494
9417
10204
10686
11135
11567
12147
12054
10591
8496
6761
5982
4505
2360
-551
-2908
-4649
-5978
-7383
-9240
-10628
-11798
-12214
-12252
-12073
-12268
-12844
-12527
-11370
-9568
-8298
-7239
-6001
-4257
-2124
-624
489
1083
2044
3009
4044
4669
4712
4580
4398
4446
4140
3374
2243
1167
586
98
-457
-1382
-2171
-2549
-2623
-2577
-2755
-2842
-2793
-2231
-1369
-472
261
846
1608
2677
3875
4693
5178
5750
6667
7665
8440
9064
9482
10113
10822
11775
11551
10105
8195
7077
6517
5001
2769
-106
-2008
-3465
-4593
-6112
-7982
-9424
-10726
-11120
-11331
-11434
-12154
-12940
-12487
-11397
-9855
-9215
-8249
-7027
-5100
-3196
-1939
-880
-156
1102
2213
3415
3983
4044
4086
4203
4576
4360
3668
2648
1910
1611
1116
416
-665
-1366
-1727
-1775
-1891
-2144
-2306
-2262
-1755
-1062
-387
66
591
1449
2648
3804
4521
5030
5649
6607
7552
8307
8897
9290
9930
10785
11837
12023
10917
9231
7869
7258
5855
3594
718
-1528
-3011
-4409
-5975
-8122
-9768
-11078
-11738
-12037
-12450
-13076
-14003
-13758
-12678
-11204
-10314
-9612
-8144
-6143
-3814
-2286
-1055
18
1366
2784
3731
4465
4685
4971
5228
5556
5477
4690
3807
2934
2533
1946
1112
-48
-946
-1393
-1746
-2141
-2654
-2992
-3052
-2753
-2270
-1896
-1549
-1084
-229
849
1897
2780
3507
4372
5297
6308
7144
7876
8553
9223
10090
11028
11892
11999
11052
9752
8704
8007
6302
3882
1227
-788
-2412
-4087
-5796
-7760
-9145
-10282
-10873
-11407
-11962
-12700
-13463
-13208
-12418
-11466
-10948
-10012
-8290
-6350
-4448
-3154
-1713
-368
1267
2608
3509
4117
4503
5121
5606
5982
5682
5003
4472
4144
3775
2941
1897
887
187
-256
-867
-1567
-2306
-2714
-2860
-2782
-2735
-2743
-2570
-2070
-1255
-383
409
1086
1864
2791
3809
4662
5389
6061
6920
7931
8951
9905
10745
11431
11330
10588
9626
8885
7687
5581
3211
1038
-687
-2498
-4274
-6007
-7458
-8417
-9394
-10156
-10919
-11545
-12296
-12667
-12269
-11712
-11089
-10372
-8924
-7200
-5428
-3774
-2280
-713
736
2169
3218
3991
4586
4980
5374
5561
5526
4991
4431
3969
3400
2620
1552
554
-416
-1067
-1713
-2415
-3042
-3507
-3731
-3828
-3758
-3675
-3458
-2908
-2064
-1083
-162
774
1734
2832
3944
4992
5841
6673
7509
8361
9199
9962
10769
11500
12020
11686
10706
9567
8635
7053
4754
2291
188
-1697
-3605
-5361
-6962
-8159
-9144
-9945
-10600
-11028
-11445
-12055
-12178
-11711
-10959
-10340
-9502
-7955
-6173
-4293
-2637
-977
492
1873
3073
3953
4617
4917
5089
5178
5310
5150
4511
3917
3416
2891
1995
904
-149
-1110
-1787
-2541
-3238
-3933
-4343
-4543
-4575
-4441
-4326
-4013
-3452
-2543
-1585
-720
232
1287
2442
3500
4462
5396
6319
7289
8197
9074
9863
10664
11614
12216
11941
10939
9944
9125
7612
5447
3021
905
-1072
-2917
-4642
-6317
-7584
-8647
-9266
-9820
-10200
-10707
-11320
-11375
-10983
-10337
-9907
-9041
-7559
-5739
-3853
-2133
-410
1015
2453
3676
4593
5106
5150
5167
5177
5234
4873
4108
3409
2851
2276
1306
153
-1094
-2126
-3012
-3870
-4722
-5507
-5950
-6145
-6001
-5714
-5385
-4981
-4202
-3064
-1891
-855
160
1370
2632
3866
5014
6066
7163
8138
9262
10273
11255
11974
12678
13108
12679
11761
10644
9745
8064
5863
3455
1275
-738
-2810
-4590
-6360
-7666
-8730
-9507
-9999
-10522
-10924
-11572
-11579
-11196
-10691
-10203
-9389
-7808
-6177
-4322
-2585
-769
878
2330
3655
4452
5000
5170
5150
5149
4893
4561
3812
3251
2666
2004
1182
137
-835
-1933
-2759
-3699
-4594
-5343
-5888
-6040
-6094
-5777
-5374
-4841
-3915
-2885
-1647
-654
534
1673
2851
3927
4937
6029
7077
8186
9194
10232
11244
12065
12788
13097
12670
11698
10650
9805
8170
5910
3350
1208
-774
-2770
-4701
-6567
-7922
-8951
-9653
-10217
-10752
-11239
-11796
-11762
-11322
-10831
-10457
-9691
-8136
-6449
-4590
-2885
-1030
710
2427
3882
4757
5238
5489
5584
5504
5159
4586
3844
3208
2615
1887
992
41
-851
-1828
-2668
-3553
-4466
-5299
-5827
-6056
-6141
-6062
-5655
-5040
-4095
-2982
-1807
-696
509
1740
2889
3897
4861
5860
6948
8051
9092
9993
10885
11796
12547
13171
12894
12105
11026
10259
8982
6861
4396
2046
145
-1875
-3738
-5635
-7190
-8251
-9073
-9571
-10218
-10796
-11401
-11599
-11218
-10958
-10698
-10368
-9110
-7540
-5844
-4166
-2543
-789
878
2544
3648
4203
4557
4795
4964
4807
4370
3747
3182
2857
2325
1659
761
40
-680
-1362
-2075
-3036
-3911
-4563
-4838
-5005
-5139
-5032
-4614
-3823
-2831
-1802
-879
93
1200
2253
3232
4052
4870
5775
6849
7847
8786
9596
10552
11373
12222
12476
11920
11019
10159
9352
7527
5340
2879
886
-1071
-2987
-4774
-6566
-7702
-8662
-9191
-9798
-10406
-10962
-11412
-11214
-11031
-10791
-10596
-9740
-8210
-6653
-4861
-3309
-1486
202
1982
3347
4041
4529
4751
5037
4782
4354
3640
2996
2569
2055
1537
740
111
-493
-1003
-1596
-2477
-3335
-4059
-4382
-4681
-4921
-4937
-4583
-3761
-2843
-1828
-910
108
1227
2298
3256
3973
4674
5416
6425
7307
8160
8922
9938
10962
11924
12462
12127
11427
10643
10106
8590
6474
3922
1793
-33
-1966
-3803
-5801
-7115
-8089
-8622
-9242
-10002
-10638
-11230
-11216
-11174
-11083
-11086
-10609
-9251
-7778
-6104
-4694
-2953
-1187
703
2389
3362
4044
4392
4873
4898
4600
3982
3269
2874
2442
2027
1323
639
108
-419
-891
-1754
-2624
-3500
-4087
-4515
-4985
-5206
-5250
-4707
-3945
-2969
-2011
-1036
122
1250
2441
3315
4168
4940
5876
6869
7739
8732
9657
10804
11834
12872
13121
12729
12147
11575
10779
8762
6404
3861
1791
-239
-2444
-4452
-6342
-7511
-8435
-9060
-9835
-10655
-11235
-11660
-11572
-11694
-11683
-11507
-10618
-9063
-7708
-6094
-4511
-2459
-449
1479
3060
4004
4788
5243
5539
5235
4649
3967
3281
2836
2185
1497
678
39
-395
-991
-1660
-2629
-3481
-4282
-4869
-5419
-5947
-6156
-5990
-5321
-4478
-3468
-2368
-1167
189
1534
2750
3778
4692
5684
6662
7633
8570
9479
10536
11606
12792
13689
13709
13328
12702
12240
10889
8576
5953
3451
1354
-980
-3194
-5332
-6949
-8093
-8872
-9533
-10360
-10976
-11528
-11700
-11730
-11842
-11783
-11450
-10263
-8876
-7409
-5795
-3888
-1723
280
2220
3616
4728
5488
6067
6028
5377
4665
4040
3444
2641
1705
848
151
-362
-919
-1645
-2388
-3078
-3742
-4446
-5091
-5728
-6182
-6234
-5909
-5362
-4678
-3660
-2304
-848
632
1950
3211
4417
5564
6568
7315
8036
8825
9711
10711
11615
12605
13176
13182
12878
12367
11781
10029
7684
5142
2846
546
-1993
-4226
-6204
-7561
-8601
-9312
-9926
-10460
-10697
-11019
-11010
-11026
-11014
-10816
-10338
-9109
-7968
-6495
-4823
-2820
-773
1091
2950
4214
5323
6009
6544
6250
5322
4519
3685
3085
1970
838
-144
-867
-1243
-1951
-2571
-3275
-3703
-4166
-4698
-5181
-5849
-6113
-6145
-5703
-5208
-4578
-3440
-2085
-395
1049
2487
3802
5102
6363
7254
7995
8515
9251
9969
10874
11672
12442
12850
12794
12590
12138
11378
9492
7206
4812
2540
69
-2566
-4858
-6794
-8102
-9121
-9780
-10407
-10785
-10906
-11088
-10991
-11059
-10999
-10789
-10163
-9007
-7957
-6492
-4716
-2585
-558
1395
3166
4507
5668
6387
6912
6447
5643
4771
3905
3195
1929
850
-226
-867
-1359
-2074
-2708
-3459
-3832
-4362
-4808
-5387
-5994
-6160
-6224
-5744
-5332
-4581
-3409
-2011
-320
1030
2514
3817
5191
6335
7189
7962
8481
9332
10008
10907
11622
12398
12920
12872
12731
12175
11435
9670
7542
5239
2793
356
-2255
-4429
-6421
-7927
-8990
-9770
-10278
-10723
-10916
-11184
-11187
-11140
-11125
-10859
-10453
-9365
-8264
-6790
-4942
-3008
-896
984
2886
4347
5452
6181
6484
6359
5736
5056
4127
3275
2331
1370
605
-207
-765
-1472
-2118
-2790
-3503
-4199
-4943
-5475
-6044
-6289
-6364
-6087
-5432
-4626
-3362
-2104
-657
772
2162
3538
4654
5772
6695
7606
8439
9292
10185
11005
11971
12857
13220
13080
12611
12194
11303
9506
7290
4842
2522
103
-2297
-4586
-6613
-8147
-9217
-9908
-10596
-11062
-11437
-11591
-11413
-11384
-11274
-11110
-10403
-9176
-7942
-6425
-4685
-2656
-595
1441
3234
4589
5595
6282
6732
6527
5885
5070
4143
3360
2375
1432
554
-189
-744
-1386
-2002
-2773
-3479
-4244
-4838
-5417
-6024
-6282
-6322
-5865
-5229
-4356
-3187
-1944
-465
980
2357
3531
4667
5804
6799
7687
8455
9319
10196
11132
12155
12893
13055
12885
12491
12012
10814
8812
6569
4149
1835
-603
-3025
-5235
-7056
-8342
-9262
-9969
-10643
-10975
-11219
-11280
-11176
-11289
-11124
-10813
-9938
-8810
-7617
-6014
-4171
-2111
-79
1922
3529
4749
5664
6307
6543
6100
5415
4672
3778
2920
1911
1052
282
-430
-1010
-1704
-2389
-3174
-3860
-4569
-5146
-5708
-6178
-6216
-6001
-5435
-4714
-3715
-2427
-1090
335
1749
3066
4265
5399
6539
7499
8353
9165
10008
10975
11807
12779
13211
13169
12897
12341
11654
9978
7889
5500
3116
797
-1669
-3949
-6123
-7654
-8823
-9661
-10380
-11038
-11203
-11458
-11369
-11381
-11385
-11042
-10567
-9440
-8387
-6990
-5345
-3424
-1306
666
2550
3849
5004
5825
6313
6279
5646
5089
4293
3440
2538
1536
769
-91
-700
-1391
-2153
-2929
-3740
-4320
-5044
-5554
-6123
-6345
-6164
-5837
-5129
-4360
-3185
-1902
-574
847
2174
3441
4560
5745
6860
7802
8733
9590
10595
11512
12417
13257
13374
13250
12802
12278
11216
9261
7051
4653
2434
96
-2276
-4547
-6483
-7855
-8964
-9794
-10601
-11176
-11448
-11656
-11570
-11648
-11565
-11154
-10398
-9220
-8081
-6562
-4798
-2744
-632
1270
2938
4175
5293
6039
6290
6029
5454
4898
4122
3318
2415
1525
778
44
-543
-1359
-2178
-3011
-3775
-4464
-5270
-5899
-6425
-6469
-6262
-5815
-5097
-4157
-2849
-1545
-120
1285
2541
3759
4914
6108
7133
8020
9002
9930
10978
11891
12897
13429
13390
13217
12690
12060
10376
8246
5906
3534
1301
-1229
-3521
-5685
-7260
-8458
-9414
-10114
-10839
-11126
-11384
-11348
-11291
-11424
-11075
-10592
-9509
-8411
-7104
-5369
-3506
-1327
580
2421
3795
4953
5854
6235
6197
5617
5031
4266
3443
2608
1661
891
153
-418
-1080
-1870
-2619
-3444
-4143
-4950
-5628
-6229
-6549
-6430
-6099
-5441
-4603
-3369
-1984
-545
909
2252
3535
4722
5880
6914
7776
8658
9555
10518
11464
12411
13165
13263
13182
12792
12251
10949
8883
6684
4249
1984
-512
-2952
-5140
-6950
-8220
-9257
-10059
-10754
-11120
-11320
-11402
-11308
-11453
-11244
-10777
-9931
-8797
-7699
-6044
-4226
-2159
-74
1764
3351
4602
5660
6279
6351
5936
5326
4664
3807
2982
2054
1149
497
-133
-668
-1406
-2175
-2899
-3648
-4401
-5190
-5848
-6336
-6395
-6149
-5663
-4887
-3827
-2416
-955
470
1883
3168
4413
5581
6614
7448
8254
9101
10074
11036
11922
12701
12897
12899
12594
12047
10807
8815
6672
4271
1945
-554
-2985
-5162
-6938
-8169
-9187
-9957
-10584
-10844
-10998
-11106
-11005
-11125
-10904
-10461
-9657
-8579
-7522
-5887
-4085
-2027
64
1981
3597
4904
6047
6725
6853
6414
5840
5161
4241
3323
2293
1308
572
-93
-681
-1447
-2195
-2901
-3605
-4348
-5147
-5826
-6379
-6497
-6341
-5955
-5303
-4319
-2936
-1471
2
1454
2802
4128
5373
6478
7329
8105
8934
9860
10779
11595
12365
12610
12641
12393
11893
10832
8976
6936
4600
2222
-222
-2670
-4906
-6790
-8138
-9156
-9952
-10591
-10878
-10994
-11077
-10923
-10932
-10779
-10331
-9620
-8576
-7543
-6083
-4313
-2386
-292
1702
3369
4725
5910
6751
6999
6695
6138
5477
4609
3628
2662
1589
758
99
-518
-1209
-1969
-2642
-3352
-4076
-4849
-5557
-6159
-6452
-6381
-6098
-5552
-4631
-3378
-1921
-424
1089
2540
3884
5156
6308
7248
8038
8822
9642
10490
11317
12116
12409
12456
12236
11878
11043
9319
7385
5068
2711
303
-2193
-4513
-6532
-7970
-9010
-9789
-10481
-10799
-10859
-10949
-10756
-10767
-10680
-10302
-9747
-8791
-7867
-6557
-4882
-3039
-997
1022
2774
4167
5416
6325
6679
6480
5918
5315
4479
3498
2571
1528
724
105
-436
-1021
-1705
-2310
-2937
-3598
-4340
-5040
-5651
-6020
-6043
-5833
-5373
-4525
-3382
-1990
-530
971
2445
3769
5071
6226
7219
8008
8758
9588
10415
11262
12025
12287
12352
12148
11842
11047
9337
7438
5173
2870
446
-2048
-4383
-6378
-7787
-8850
-9607
-10341
-10648
-10697
-10780
-10585
-10624
-10514
-10148
-9595
-8679
-7802
-6524
-4876
-3032
-1059
909
2686
4103
5401
6277
6683
6527
5982
5428
4558
3576
2578
1528
709
25
-560
-1189
-1877
-2468
-3050
-3699
-4434
-5117
-5702
-6046
-6112
-5952
-5513
-4710
-3574
-2218
-792
716
2183
3568
4902
6081
7082
7839
8624
9460
10276
11075
11810
12091
12204
12087
11816
11119
9498
7704
5527
3253
866
-1644
-3975
-6000
-7471
-8597
-9412
-10142
-10455
-10542
-10630
-10426
-10439
-10341
-9989
-9485
-8631
-7816
-6644
-5075
-3347
-1483
419
2177
3601
4909
5793
6292
6230
5754
5239
4386
3471
2503
1510
702
22
-557
-1156
-1745
-2285
-2812
-3424
-4106
-4717
-5282
-5592
-5685
-5564
-5156
-4437
-3386
-2168
-810
630
2038
3393
4668
5890
6915
7760
8592
9440
10293
11058
11817
12057
12123
11955
11630
10951
9328
7580
5434
3210
928
-1530
-3777
-5810
-7266
-8413
-9271
-9996
-10401
-10511
-10662
-10477
-10473
-10429
-10063
-9557
-8653
-7825
-6689
-5123
-3452
-1574
284
2030
3441
4705
5661
6159
6167
5729
5220
4445
3559
2656
1664
874
230
-348
-908
-1515
-2044
-2625
-3258
-3944
-4618
-5180
-5586
-5671
-5550
-5174
-4437
-3450
-2201
-842
600
1994
3303
4550
5736
6760
7576
8414
9248
10091
10903
11650
11919
12007
11881
11605
10935
9360
7646
5554
3350
1094
-1358
-3583
-5572
-7024
-8157
-9038
-9759
-10169
-10267
-10446
-10329
-10343
-10341
-10001
-9533
-8679
-7884
-6800
-5263
-3593
-1725
78
1830
3257
4547
5538
5992
6008
5552
5052
4331
3420
2497
1480
718
113
-441
-974
-1565
-2048
-2576
-3113
-3744
-4393
-4914
-5332
-5374
-5283
-4936
-4256
-3335
-2081
-807
587
1926
3201
4435
5557
6551
7345
8153
9004
9797
10625
11264
11466
11595
11454
11253
10464
8938
7258
5221
3098
840
-1519
-3703
-5567
-6980
-8046
-8902
-9589
-9886
-10004
-10127
-9999
-9994
-9908
-9575
-9052
-8251
-7472
-6348
-4846
-3205
-1474
299
1916
3265
4503
5338
5734
5617
5212
4785
4045
3224
2358
1469
855
345
-135
-653
-1228
-1695
-2195
-2827
-3499
-4166
-4759
-5095
-5157
-5035
-4679
-3998
-2970
-1773
-550
752
1993
3172
4346
5382
6275
7024
7826
8759
9566
10494
10975
11191
11324
11142
10924
9753
8202
6398
4328
2295
7
-2184
-4233
-5831
-7035
-7943
-8706
-9312
-9467
-9691
-9739
-9683
-9804
-9621
-9356
-8712
-7973
-7152
-5858
-4368
-2671
-963
812
2288
3594
4757
5417
5735
5493
5125
4603
3753
2962
2052
1231
648
137
-340
-863
-1286
-1705
-2169
-2792
-3415
-3980
-4574
-4809
-4879
-4801
-4385
-3642
-2606
-1454
-205
1142
2434
3622
4766
5742
6490
7172
7911
8614
9311
10049
10384
10612
10655
10586
10286
9089
7670
5910
3939
1862
-416
-2576
-4582
-6116
-7285
-8169
-8893
-9349
-9367
-9509
-9425
-9342
-9393
-9164
-8899
-8248
-7605
-6817
-5566
-4144
-2493
-853
871
2304
3561
4726
5374
5682
5451
5051
4492
3590
2769
1850
1013
379
-167
-629
-1140
-1518
-1936
-2367
-2909
-3452
-3919
-4486
-4689
-4754
-4703
-4275
-3609
-2681
-1609
-398
986
2265
3469
4647
5723
6575
7393
8201
8879
9609
10307
10693
10790
10788
10703
10325
9208
7762
6138
4126
2070
-65
-2253
-4249
-5880
-7071
-8042
-8913
-9420
-9557
-9727
-9676
-9561
-9595
-9382
-8976
-8304
-7616
-6821
-5577
-4096
-2556
-902
752
2078
3361
4484
5193
5447
5214
4926
4412
3620
2880
2076
1289
702
275
-193
-699
-1148
-1562
-2041
-2678
-3215
-3810
-4336
-4551
-4594
-4485
-4112
-3390
-2457
-1401
-217
1056
2233
3319
4416
5396
6198
7000
7807
8551
9307
10071
10357
10541
10554
10475
10062
8714
7354
5590
3581
1573
-614
-2706
-4642
-6069
-7145
-8028
-8839
-9261
-9310
-9491
-9326
-9287
-9325
-9018
-8650
-7944
-7360
-6528
-5215
-3805
-2264
-691
838
2064
3285
4301
4829
4956
4660
4406
3863
3118
2512
1742
1135
682
337
-58
-534
-892
-1317
-1828
-2488
-3075
-3620
-4096
-4195
-4184
-3976
-3426
-2624
-1594
-550
605
1769
2861
3867
4783
5624
6323
7136
7968
8687
9539
10040
10279
10466
10336
10203
9154
7713
6164
4183
2201
12
-2087
-4061
-5640
-6812
-7701
-8451
-9041
-9150
-9243
-9289
-9160
-9234
-9054
-8742
-8242
-7611
-6950
-5805
-4416
-2867
-1311
271
1679
2843
3971
4681
4915
4796
4451
4049
3328
2585
1905
1222
710
313
-30
-472
-817
-1172
-1632
-2194
-2838
-3334
-3819
-4109
-4081
-3953
-3513
-2765
-1824
-764
340
1547
2726
3808
4758
5594
6336
7021
7886
8602
9356
10021
10206
10452
10349
10260
9606
8164
6731
4873
2947
780
-1402
-3425
-5179
-6459
-7463
-8237
-8918
-9141
-9135
-9240
-9154
-9155
-9065
-8744
-8351
-7732
-7182
-6252
-4921
-3454
-1923
-396
1118
2373
3519
4422
4833
4804
4564
4230
3598
2775
2015
1302
700
239
-132
-543
-930
-1209
-1538
-2075
-2650
-3144
-3609
-3975
-4127
-4077
-3838
-3249
-2389
-1415
-391
787
2066
3213
4261
5182
5986
6727
7522
8353
9053
9779
10123
10336
10357
10254
9964
8763
7411
5767
3881
1841
-394
-2476
-4404
-5890
-6990
-7824
-8585
-8972
-8951
-9064
-9025
-8949
-8922
-8667
-8365
-7814
-7281
-6613
-5415
-4010
-2588
-1086
488
1809
3028
4034
4682
4893
4678
4489
3969
3123
2403
1668
999
465
63
-305
-705
-1060
-1331
-1749
-2383
-2800
-3247
-3717
-3907
-3994
-3824
-3407
-2725
-1733
-789
247
1508
2666
3714
4700
5549
6308
7050
7878
8632
9406
9804
10018
10113
9922
9832
8815
7501
5970
4119
2282
55
-1988
-3979
-5557
-6723
-7628
-8315
-8904
-8943
-8978
-8991
-8797
-8846
-8604
-8286
-7780
-7112
-6560
-5474
-4164
-2650
-1200
298
1741
2838
4000
4673
4982
4916
4563
4230
3419
2621
1874
1144
590
107
-245
-691
-1017
-1323
-1672
-2145
-2702
-3038
-3472
-3777
-3813
-3797
-3419
-2796
-1918
-856
132
1299
2501
3635
4639
5545
6311
6951
7785
8440
9225
9729
9759
9993
9785
9684
8937
7510
6099
4235
2406
238
-1953
-4032
-5737
-6920
-7967
-8667
-9256
-9341
-9185
-9167
-8829
-8802
-8636
-8166
-7721
-7031
-6547
-5572
-4299
-2863
-1303
145
1659
2828
4089
4958
5279
5343
5016
4688
3956
3069
2267
1373
758
227
-250
-744
-1177
-1431
-1779
-2247
-2748
-3159
-3531
-3831
-3938
-3963
-3763
-3144
-2358
-1375
-362
738
2012
3144
4294
5303
6145
6940
7755
8526
9239
9847
9960
10046
9935
9778
9193
7771
6367
4641
2770
727
-1481
-3569
-5339
-6632
-7645
-8490
-9183
-9329
-9250
-9182
-8989
-8875
-8720
-8344
-7797
-7166
-6597
-5724
-4439
-2962
-1476
76
1573
2815
4067
5013
5500
5526
5266
4944
4274
3375
2524
1685
955
396
-46
-543
-1002
-1300
-1591
-2036
-2583
-2971
-3384
-3761
-3937
-3969
-3803
-3346
-2622
-1678
-715
347
1590
2708
3785
4791
5740
6503
7298
8102
8836
9516
9641
9828
9785
9666
9242
7883
6555
4833
3038
1051
-1245
-3252
-5123
-6409
-7476
-8345
-8980
-9237
-9074
-9040
-8848
-8723
-8599
-8210
-7794
-7194
-6679
-5910
-4666
-3295
-1778
-280
1190
2516
3753
4804
5313
5384
5181
4860
4287
3341
2510
1684
946
458
-29
-429
-894
-1143
-1336
-1763
-2219
-2625
-2949
-3298
-3483
-3470
-3335
-2890
-2192
-1251
-322
658
1884
2973
4034
4991
5861
6617
7359
8131
8801
9313
9355
9445
9335
9116
8505
7089
5703
3993
2184
190
-2060
-4002
-5696
-6903
-7876
-8687
-9249
-9342
-9136
-9040
-8817
-8634
-8377
-7912
-7400
-6789
-6203
-5344
-4019
-2589
-1133
350
1731
2994
4194
5106
5507
5439
5186
4836
4167
3188
2293
1486
711
249
-235
-718
-1154
-1423
-1559
-1967
-2423
-2746
-3016
-3237
-3321
-3231
-3000
-2512
-1689
-720
219
1142
2317
3447
4419
5341
6064
6777
7512
8194
8862
9250
9240
9333
9172
8918
8181
6780
5398
3658
1874
-164
-2353
-4349
-5974
-7131
-8146
-8860
-9426
-9405
-9180
-9059
-8699
-8552
-8262
-7760
-7219
-6641
-6112
-5187
-3933
-2542
-1130
326
1750
2899
4179
5089
5439
5462
5162
4864
4125
3164
2312
1382
609
103
-338
-873
-1319
-1504
-1702
-2011
-2440
-2725
-2966
-3284
-3274
-3248
-3056
-2561
-1773
-775
135
1144
2319
3452
4484
5444
6248
6917
7672
8373
9002
9474
9399
9489
9296
8982
8364
6874
5528
3740
1952
-26
-2287
-4235
-5995
-7173
-8212
-8978
-9534
-9643
-9401
-9295
-8922
-8716
-8461
-7865
-7321
-6682
-6083
-5180
-3890
-2583
-1167
257
1670
2818
3993
4956
5317
5391
5179
4893
4226
3291
2480
1560
742
181
-359
-952
-1449
-1674
-1880
-2225
-2569
-2794
-2989
-3206
-3186
-3067
-2888
-2356
-1540
-620
314
1280
2473
3562
4564
5578
6355
7078
7806
8527
9197
9570
9502
9500
9257
8897
8130
6603
5138
3350
1555
-434
-2637
-4593
-6257
-7412
-8357
-9082
-9604
-9633
-9436
-9213
-8860
-8630
-8302
-7727
-7099
-6494
-5846
-4914
-3610
-2280
-885
579
1938
3132
4265
5172
5482
5466
5277
4885
4154
3189
2352
1453
654
69
-511
-1100
-1608
-1826
-2059
-2454
-2789
-3015
-3198
-3373
-3339
-3166
-2925
-2307
-1424
-478
451
1448
2671
3738
4761
5733
6527
7265
8040
8806
9489
9775
9699
9719
9394
9007
7983
6406
4837
2963
1155
-991
-3124
-5114
-6657
-7753
-8672
-9313
-9833
-9735
-9580
-9321
-8983
-8797
-8346
-7798
-7083
-6446
-5761
-4678
-3375
-1920
-523
910
2257
3428
4638
5390
5619
5533
5308
4926
4075
3162
2288
1428
717
104
-438
-1101
-1547
-1750
-2031
-2429
-2798
-2968
-3166
-3281
-3211
-3031
-2718
-2069
-1134
-216
646
1674
2866
3893
4883
5817
6614
7354
8150
8935
9591
9656
9591
9556
9133
8602
7205
5618
3862
1940
71
-2148
-4203
-6130
-7353
-8360
-9112
-9622
-9908
-9577
-9411
-9000
-8677
-8453
-7909
-7289
-6525
-5903
-5090
-3879
-2521
-1021
361
1764
3041
4191
5329
5784
5808
5619
5269
4722
3752
2801
1871
1023
375
-238
-831
-1474
-1768
-1908
-2275
-2615
-2920
-3045
-3170
-3228
-3049
-2866
-2411
-1642
-700
181
1030
2180
3293
4327
5262
6130
6911
7616
8430
9138
9664
9571
9562
9421
8950
8209
6559
5031
3175
1241
-711
-2981
-5008
-6779
-7882
-8846
-9542
-10008
-10045
-9695
-9507
-9028
-8693
-8381
-7756
-7047
-6282
-5631
-4718
-3416
-2069
-658
713
2121
3325
4459
5449
5754
5765
5548
5203
4562
3600
2712
1808
991
355
-228
-867
-1427
-1653
-1865
-2303
-2649
-2907
-3046
-3182
-3218
-2997
-2798
-2250
-1419
-526
361
1319
2533
3618
4622
5541
6380
7149
7887
8644
9334
9658
9603
9623
9347
8918
7887
6303
4709
2762
802
-1357
-3578
-5670
-7278
-8433
-9358
-9977
-10393
-10188
-9955
-9620
-9100
-8751
-8277
-7649
-6868
-6163
-5475
-4463
-3150
-1782
-416
1052
2535
3732
4892
5773
6084
6110
5823
5422
4616
3580
2649
1648
763
14
-570
-1186
-1721
-1928
-2177
-2532
-2855
-3012
-3045
-3197
-3107
-2840
-2551
-1971
-1161
-185
675
1712
2933
4027
5013
5914
6837
7579
8327
9036
9720
9861
9729
9691
9231
8692
7368
5810
4035
1952
44
-2211
-4373
-6436
-7803
-8902
-9765
-10245
-10546
-10270
-10105
-9603
-9084
-8802
-8190
-7454
-6627
-5939
-5082
-3863
-2551
-1118
357
1835
3173
4301
5454
6105
6212
6154
5785
5230
4285
3268
2348
1302
491
-167
-762
-1358
-1809
-2001
-2369
-2727
-3034
-3216
-3294
-3434
-3230
-2980
-2599
-1836
-959
114
1036
2209
3453
4502
5559
6392
7241
7925
8630
9283
9774
9814
9667
9529
9001
8343
6917
5273
3418
1343
-669
-2982
-5149
-7107
-8389
-9478
-10198
-10664
-10842
-10469
-10207
-9628
-9173
-8774
-8036
-7263
-6440
-5737
-4744
-3466
-2126
-610
827
2315
3589
4748
5889
6347
6475
6322
5943
5311
4281
3298
2237
1245
383
-314
-983
-1646
-1986
-2297
-2650
-2970
-3251
-3307
-3406
-3415
-3180
-2922
-2408
-1668
-779
216
1165
2374
3535
4644
5675
6564
7433
8163
8990
9612
10090
10042
9906
9760
9158
8371
6780
5159
3290
1172
-869
-3209
-5331
-7189
-8412
-9425
-10192
-10664
-10735
-10404
-10150
-9653
-9223
-8860
-8158
-7350
-6632
-5939
-4939
-3560
-2147
-683
824
2308
3611
4819
5910
6312
6314
6174
5756
5007
3922
2887
1898
884
115
-495
-1148
-1678
-1956
-2163
-2519
-2806
-3033
-3153
-3271
-3331
-3125
-2885
-2365
-1581
-702
291
1353
2649
3843
4937
6004
6943
7748
8474
9213
9765
10097
9965
9849
9526
8918
8053
6466
4873
2981
1002
-1078
-3347
-5401
-7182
-8416
-9482
-10172
-10694
-10741
-10436
-10152
-9553
-9128
-8630
-7872
-7023
-6181
-5432
-4376
-3044
-1638
-200
1170
2547
3716
4891
5846
6125
6126
5894
5509
4725
3658
2656
1593
622
-186
-853
-1549
-2157
-2438
-2672
-3031
-3307
-3488
-3529
-3559
-3504
-3236
-2905
-2284
-1431
-456
500
1566
2862
4057
5182
6144
7065
7883
8583
9287
9829
10173
10078
9925
9578
8968
8041
6449
4789
2906
871
-1255
-3507
-5567
-7295
-8548
-9541
-10230
-10694
-10673
-10325
-10006
-9477
-8966
-8446
-7764
-6928
-6122
-5309
-4250
-2898
-1434
-12
1458
2864
4131
5274
6210
6548
6447
6225
5697
4872
3754
2636
1571
488
-377
-1090
-1801
-2446
-2765
-2979
-3334
-3636
-3832
-3878
-3913
-3848
-3579
-3237
-2628
-1729
-692
326
1438
2741
4006
5201
6202
7155
7947
8639
9339
9834
10319
10272
10090
9772
9170
8452
6911
5245
3386
1360
-760
-3065
-5164
-7118
-8473
-9570
-10335
-10838
-10998
-10602
-10300
-9784
-9175
-8604
-7887
-7089
-6193
-5357
-4336
-3018
-1609
-124
1313
2801
4149
5267
6304
6808
6849
6660
6149
5314
4222
3055
1882
721
-329
-1173
-1877
-2589
-2992
-3245
-3621
-3803
-4039
-4098
-4150
-4190
-3896
-3638
-3061
-2242
-1317
-251
904
2239
3504
4731
5862
6888
7820
8518
9285
9752
10246
10658
10321
10138
9548
8938
7943
6076
4478
2379
238
-1902
-4137
-6175
-7966
-9125
-10047
-10672
-11077
-10981
-10606
-10347
-9673
-9060
-8576
-7741
-6911
-5952
-4996
-3903
-2371
-953
526
2073
3442
4610
5649
6463
6708
6547
6171
5563
4660
3555
2485
1404
337
-472
-1195
-1870
-2471
-2828
-3101
-3533
-3811
-4011
-4147
-4169
-4031
-3683
-3235
-2513
-1502
-437
671
1884
3200
4368
5435
6439
7276
8034
8701
9361
9897
10379
10370
10222
9905
9316
8597
6965
5271
3284
1130
-1005
-3369
-5475
-7401
-8691
-9711
-10399
-10829
-10892
-10530
-10237
-9679
-9140
-8680
-7980
-7195
-6356
-5516
-4520
-3107
-1650
-155
1353
2826
4098
5184
6199
6570
6538
6207
5687
4896
3747
2670
1544
518
-345
-1073
-1714
-2348
-2669
-2897
-3249
-3525
-3730
-3823
-3862
-3738
-3438
-3076
-2466
-1580
-504
529
1650
2951
4106
5215
6211
7055
7801
8465
9133
9716
10221
10248
10112
9817
9258
8597
7093
5390
3471
1333
-786
-3134
-5352
-7340
-8761
-9841
-10586
-11122
-11228
-10877
-10555
-9976
-9390
-8873
-8176
-7323
-6443
-5594
-4648
-3313
-1816
-329
1188
2713
4038
5170
6276
6808
6869
6597
6100
5372
4208
3032
1896
737
-230
-1007
-1724
-2368
-2738
-2946
-3239
-3463
-3682
-3704
-3743
-3677
-3346
-3098
-2511
-1713
-705
357
1418
2736
3948
5113
6179
7114
7900
8570
9289
9852
10395
10529
10290
10081
9469
8857
7570
5796
4079
1912
-150
-2445
-4721
-6770
-8421
-9562
-10521
-11116
-11463
-11233
-10899
-10483
-9800
-9324
-8636
-7764
-6878
-5971
-5099
-3865
-2431
-1013
418
1888
3218
4331
5450
6139
6336
6255
5903
5392
4447
3362
2406
1315
371
-405
-1142
-1805
-2285
-2549
-2896
-3164
-3391
-3488
-3515
-3543
-3268
-2989
-2540
-1758
-878
105
1134
2311
3523
4578
5639
6590
7434
8147
8882
9593
10112
10546
10402
10267
9840
9204
8273
6521
4902
2853
792
-1392
-3667
-5667
-7493
-8677
-9701
-10340
-10780
-10786
-10480
-10209
-9699
-9288
-8820
-8153
-7364
-6566
-5742
-4697
-3332
-1934
-516
980
2329
3546
4608
5442
5772
5733
5475
5010
4222
3186
2279
1302
408
-317
-1000
-1604
-2099
-2412
-2690
-3028
-3301
-3420
-3527
-3511
-3334
-3040
-2586
-1878
-926
100
1121
2252
3458
4530
5568
6511
7358
8081
8837
9564
10188
10619
10501
10476
10057
9464
8487
6738
5075
2947
886
-1382
-3699
-5800
-7608
-8747
-9826
-10373
-10805
-10760
-10401
-10078
-9479
-9100
-8621
-7962
-7156
-6383
-5605
-4517
-3212
-1805
-320
1131
2534
3738
4853
5760
5999
5988
5730
5201
4370
3261
2238
1177
246
-521
-1217
-1872
-2378
-2586
-2858
-3169
-3404
-3550
-3587
-3548
-3369
-3129
-2754
-2025
-1079
-27
977
2102
3366
4476
5607
6527
7340
8095
8842
9552
10100
10417
10244
10173
9775
9161
8154
6429
4839
2852
755
-1427
-3727
-5798
-7500
-8665
-9715
-10323
-10720
-10625
-10273
-10003
-9385
-8936
-8454
-7732
-6947
-6182
-5398
-4279
-2940
-1580
-125
1386
2884
4079
5185
6107
6339
6345
6097
5464
4503
3304
2222
1137
52
-776
-1434
-2042
-2452
-2612
-2862
-3128
-3281
-3416
-3486
-3621
-3584
-3370
-3106
-2496
-1670
-694
404
1646
3021
4246
5449
6513
7459
8284
8965
9615
10103
10438
10266
10027
9658
9024
8171
6599
5052
3240
1145
-879
-3138
-5238
-7063
-8391
-9473
-10296
-10804
-10879
-10620
-10390
-9813
-9278
-8791
-7993
-7105
-6266
-5468
-4398
-3062
-1736
-372
1042
2382
3524
4616
5561
5898
5926
5862
5484
4775
3807
2859
1912
908
134
-597
-1353
-1966
-2327
-2675
-3104
-3395
-3598
-3690
-3774
-3645
-3337
-3000
-2379
-1543
-605
385
1466
2646
3711
4723
5722
6581
7361
8109
8895
9581
10177
10282
10210
10094
9571
8885
7349
5727
3965
1726
-374
-2721
-4861
-6790
-8162
-9160
-10001
-10414
-10530
-10173
-9958
-9511
-8942
-8629
-7995
-7276
-6582
-5913
-5015
-3746
-2435
-1050
408
1877
3161
4302
5430
5915
5992
5981
5608
4983
3978
3020
2127
1090
336
-367
-1027
-1613
-1988
-2198
-2628
-2932
-3137
-3267
-3394
-3424
-3144
-2881
-2405
-1652
-764
192
1170
2396
3489
4464
5540
6423
7249
7963
8698
9452
9916
9953
9853
9629
9071
8271
6796
5149
3362
1241
-831
-3055
-5211
-6987
-8284
-9331
-10074
-10554
-10602
-10327
-10059
-9510
-9016
-8590
-7918
-7080
-6380
-5657
-4619
-3399
-2038
-654
770
2202
3384
4568
5628
6017
6125
6064
5721
5043
4098
3147
2187
1253
425
-243
-1002
-1604
-1921
-2242
-2621
-2982
-3148
-3285
-3373
-3315
-3092
-2785
-2266
-1465
-584
317
1317
2525
3545
4552
5563
6438
7230
7960
8740
9408
9968
9936
9935
9660
9100
8426
6801
5294
3399
1340
-710
-2987
-5027
-6901
-8116
-9235
-9952
-10466
-10593
-10285
-10126
-9555
-9138
-8742
-8099
-7333
-6614
-5947
-4967
-3771
-2488
-1140
238
1608
2834
3962
5074
5515
5652
5700
5413
4871
3976
3124
2223
1365
623
-44
-699
-1316
-1574
-1848
-2240
-2541
-2755
-2896
-2985
-2960
-2754
-2501
-1981
-1210
-377
526
1469
2675
3655
4636
5637
6419
7221
7863
8661
9295
9835
9910
9829
9699
9154
8564
7056
5496
3697
1543
-459
-2796
-4903
-6828
-8172
-9240
-10072
-10545
-10683
-10407
-10173
-9651
-9138
-8727
-8139
-7368
-6681
-6047
-5155
-3975
-2713
-1451
35
1439
2734
3934
5047
5710
5808
5878
5622
4991
4076
3110
2159
1104
272
-428
-1110
-1695
-2003
-2171
-2503
-2735
-2833
-2951
-3038
-3006
-2816
-2579
-2137
-1412
-578
307
1328
2502
3597
4624
5719
6638
7359
8073
8832
9443
9924
10025
9842
9608
9092
8481
7166
5518
3855
1864
-125
-2334
-4399
-6317
-7794
-8815
-9701
-10248
-10543
-10324
-10067
-9742
-9174
-8713
-8130
-7409
-6627
-5931
-5156
-4012
-2752
-1469
-152
1221
2556
3657
4701
5419
5607
5582
5378
4874
3997
3046
2111
1168
308
-438
-1045
-1628
-1994
-2185
-2444
-2710
-2884
-2978
-3050
-3066
-2962
-2719
-2289
-1644
-802
121
1085
2223
3359
4414
5487
6377
7180
7865
8587
9214
9712
9989
9790
9693
9232
8657
7635
6014
4536
2557
635
-1488
-3632
-5548
-7230
-8288
-9313
-9898
-10268
-10223
-9945
-9721
-9140
-8701
-8177
-7468
-6746
-6045
-5311
-4287
-3069
-1816
-471
905
2200
3371
4422
5283
5560
5586
5436
4922
4176
3191
2241
1258
342
-381
-1098
-1695
-2149
-2392
-2625
-2964
-3119
-3258
-3338
-3343
-3246
-2976
-2641
-1935
-1080
-153
866
1949
3157
4171
5224
6177
6924
7587
8273
8948
9465
9861
9839
9779
9486
9012
8277
6807
5311
3538
1588
-518
-2707
-4736
-6579
-7894
-9016
-9738
-10245
-10316
-10066
-9820
-9323
-8867
-8313
-7716
-7001
-6328
-5662
-4767
-3696
-2434
-1179
162
1494
2733
3870
4803
5359
5575
5550
5229
4576
3704
2756
1775
852
-24
-777
-1434
-1940
-2260
-2504
-2767
-2980
-3047
-3113
-3157
-3108
-2946
-2660
-2154
-1479
-685
249
1222
2365
3433
4439
5489
6341
7128
7824
8545
9119
9640
9826
9638
9572
9073
8574
7367
5808
4417
2398
591
-1525
-3529
-5386
-6978
-8019
-9082
-9631
-10036
-9904
-9705
-9486
-8892
-8565
-7970
-7311
-6609
-5911
-5218
-4118
-2949
-1724
-433
872
2182
3267
4322
5069
5390
5546
5365
4969
4151
3254
2393
1375
477
-386
-1056
-1670
-2131
-2365
-2661
-2917
-3065
-3083
-3163
-3223
-3091
-2859
-2482
-1926
-1209
-330
560
1624
2772
3755
4795
5720
6588
7307
8018
8690
9248
9694
9571
9585
9255
8805
8051
6541
5258
3430
1590
-367
-2455
-4341
-6129
-7336
-8476
-9182
-9711
-9797
-9614
-9483
-8964
-8636
-8186
-7604
-6949
-6281
-5662
-4768
-3680
-2495
-1251
79
1382
2543
3649
4570
5053
5280
5266
4990
4353
3492
2676
1740
824
10
-673
-1244
-1751
-2031
-2268
-2569
-2752
-2852
-2951
-3067
-3025
-2836
-2572
-2091
-1438
-576
282
1286
2406
3410
4427
5341
6216
6916
7595
8270
8841
9364
9444
9397
9233
8851
8306
7092
5674
4147
2256
363
-1687
-3705
-5489
-7006
-8091
-8958
-9565
-9806
-9685
-9448
-9139
-8661
-8282
-7746
-7097
-6470
-5780
-5088
-4055
-2920
-1699
-396
889
2158
3236
4298
4946
5253
5308
5127
4655
3801
2953
1999
1062
156
-583
-1170
-1756
-2112
-2339
-2536
-2729
-2845
-2900
-2981
-2930
-2798
-2557
-2159
-1605
-760
72
1045
2127
3184
4276
5221
6158
6901
7607
8308
8900
9481
9703
9631
9495
9169
8711
7759
6328
4925
3147
1229
-747
-2840
-4752
-6452
-7711
-8724
-9497
-9987
-10011
-9817
-9638
-9200
-8788
-8305
-7695
-7037
-6354
-5682
-4747
-3627
-2463
-1236
38
1357
2507
3587
4497
4947
5133
5140
4887
4254
3433
2599
1716
822
23
-634
-1265
-1810
-2093
-2333
-2607
-2774
-2889
-2950
-2991
-2906
-2692
-2366
-1874
-1164
-327
539
1573
2637
3667
4653
5564
6378
7120
7820
8507
9146
9651
9749
9650
9517
9088
8533
7233
5842
4322
2312
460
-1716
-3694
-5550
-7010
-8087
-9054
-9611
-9958
-9774
-9681
-9409
-8938
-8621
-8054
-7495
-6839
-6216
-5439
-4328
-3198
-1983
-712
651
1967
3101
4204
4908
5186
5325
5182
4722
3931
3057
2191
1240
375
-388
-1048
-1653
-2039
-2218
-2519
-2718
-2830
-2936
-2980
-3023
-2888
-2628
-2283
-1710
-994
-182
765
1811
2902
3896
4936
5830
6649
7464
8138
8899
9486
9834
9756
9648
9372
8854
7985
6492
5183
3362
1436
-491
-2611
-4429
-6085
-7259
-8302
-9058
-9542
-9622
-9514
-9414
-8995
-8686
-8287
-7730
-7102
-6498
-5832
-4880
-3766
-2630
-1473
-191
1072
2225
3317
4211
4621
4801
4880
4631
4080
3324
2566
1789
964
253
-380
-1017
-1485
-1713
-2009
-2346
-2552
-2722
-2838
-2914
-2885
-2675
-2362
-1899
-1193
-406
466
1450
2508
3544
4531
5462
6249
7059
7771
8498
9175
9669
9739
9670
9584
9124
8513
7160
5803
4220
2190
313
-1880
-3836
-5651
-7020
-8138
-9088
-9614
-9915
-9791
-9746
-9397
-8974
-8696
-8112
-7493
-6862
-6243
-5422
-4298
-3191
-2012
-741
544
1800
2918
4007
4597
4854
5080
4960
4558
3829
3083
2298
1405
619
-107
-778
-1405
-1727
-1996
-2410
-2652
-2826
-2933
-2991
-2984
-2816
-2565
-2151
-1498
-723
90
1037
2102
3169
4198
5179
6055
6889
7697
8445
9127
9692
9873
9821
9718
9292
8728
7564
6148
4679
2773
862
-1210
-3206
-5045
-6496
-7664
-8607
-9219
-9606
-9558
-9567
-9308
-8917
-8624
-8155
-7604
-6938
-6382
-5602
-4578
-3471
-2291
-1083
267
1485
2628
3705
4414
4764
4950
4950
4566
3914
3194
2451
1624
787
98
-530
-1145
-1547
-1808
-2195
-2506
-2696
-2843
-2956
-3023
-2924
-2757
-2410
-1837
-1134
-333
559
1616
2656
3631
4607
5454
6263
7018
7768
8438
9011
9473
9490
9529
9322
8918
8221
6864
5600
3906
2004
60
-2038
-3921
-5683
-6958
-8019
-8816
-9320
-9517
-9433
-9359
-9005
-8666
-8348
-7857
-7287
-6703
-6128
-5273
-4203
-3090
-1887
-582
769
1981
3119
4099
4683
4971
5062
4879
4322
3590
2837
2038
1171
376
-224
-806
-1289
-1605
-1882
-2194
-2446
-2589
-2747
-2875
-2923
-2837
-2608
-2223
-1649
-928
-81
869
1922
2927
3956
4910
5807
6654
7409
8222
8865
9528
9655
9667
9706
9285
8884
7642
6345
4868
2944
1150
-1022
-2967
-4893
-6346
-7477
-8530
-9123
-9605
-9567
-9534
-9347
-8944
-8759
-8275
-7719
-7132
-6573
-5913
-4841
-3793
-2648
-1420
-153
1166
2246
3379
4159
4545
4855
4849
4629
4026
3384
2739
1898
1157
444
-138
-762
-1234
-1537
-1954
-2261
-2509
-2669
-2803
-2855
-2742
-2523
-2190
-1671
-978
-226
624
1543
2527
3447
4387
5310
6135
6975
7774
8631
9382
9734
9853
9908
9716
9225
8229
6808
5265
3482
1497
-524
-2649
-4571
-6029
-7273
-8192
-8949
-9316
-9377
-9340
-9128
-8930
-8644
-8424
-7867
-7319
-6869
-6156
-5262
-4058
-2931
-1645
-271
1043
2298
3413
4302
4725
4972
5028
4765
4191
3501
2785
2008
1188
515
-72
-721
-1156
-1514
-1856
-2231
-2519
-2688
-2938
-3015
-2976
-2817
-2513
-2068
-1348
-583
288
1315
2299
3302
4233
5159
6040
6727
7548
8244
8955
9387
9358
9502
9226
8872
8035
6676
5343
3539
1794
-241
-2282
-4188
-5846
-6960
-8102
-8781
-9253
-9363
-9240
-9163
-8759
-8512
-8204
-7683
-7097
-6549
-5975
-5066
-3985
-2901
-1733
-446
832
2007
3146
4100
4604
4904
5050
4905
4430
3754
3128
2356
1537
850
219
-414
-976
-1309
-1671
-2068
-2341
-2520
-2688
-2836
-2776
-2615
-2372
-1929
-1309
-555
252
1181
2208
3100
4034
4931
5751
6515
7199
7990
8656
9187
9293
9314
9255
8819
8196
6929
5551
3969
2104
225
-1872
-3829
-5513
-6828
-7913
-8776
-9297
-9497
-9496
-9392
-9137
-8823
-8566
-8138
-7511
-7039
-6464
-5640
-4584
-3473
-2364
-1063
234
1434
2628
3687
4351
4754
5006
5022
4657
4081
3486
2807
2051
1340
751
84
-481
-864
-1209
-1610
-1953
-2120
-2321
-2475
-2514
-2400
-2198
-1853
-1290
-638
108
939
1915
2790
3666
4564
5376
6159
6886
7694
8421
9086
9297
9378
9419
9062
8557
7379
6017
4455
2635
739
-1395
-3359
-5192
-6505
-7667
-8539
-9066
-9375
-9277
-9260
-8977
-8718
-8496
-8123
-7658
-7180
-6782
-6036
-5106
-4009
-2862
-1611
-255
982
2237
3385
4175
4611
4916
4910
4579
3976
3279
2580
1759
1067
432
-198
-748
-1098
-1342
-1689
-1962
-2143
-2290
-2463
-2520
-2476
-2348
-2038
-1539
-846
-128
745
1771
2732
3686
4646
5536
6324
7080
7887
8597
9235
9500
9501
9566
9255
8828
7812
6402
4989
3212
1385
-733
-2771
-4659
-6171
-7365
-8429
-9078
-9545
-9547
-9500
-9329
-9006
-8742
-8322
-7805
-7263
-6798
-6095
-5188
-4089
-2920
-1732
-429
819
2052
3235
4102
4603
4982
5086
4881
4373
3703
3017
2218
1480
771
33
-650
-1111
-1449
-1855
-2224
-2456
-2621
-2775
-2784
-2744
-2582
-2246
-1722
-1021
-326
516
1483
2435
3351
4283
5141
5932
6742
7555
8344
9028
9447
9513
9602
9403
8998
8145
6711
5350
3579
1721
-309
-2391
-4222
-5827
-6946
-8016
-8692
-9124
-9202
-9082
-9031
-8665
-8440
-8108
-7637
-7161
-6702
-6150
-5276
-4281
-3143
-2016
-771
506
1647
2827
3703
4233
4602
4722
4591
4112
3495
2859
2122
1399
738
76
-573
-1024
-1354
-1704
-2085
-2334
-2499
-2658
-2690
-2644
-2464
-2158
-1660
-983
-268
529
1451
2368
3235
4101
4917
5709
6442
7229
8003
8754
9256
9338
9488
9334
9023
8288
6923
5568
3796
1954
-49
-2160
-4075
-5741
-6902
-7999
-8725
-9157
-9281
-9171
-9084
-8712
-8481
-8245
-7766
-7290
-6830
-6323
-5513
-4500
-3403
-2159
-874
471
1708
2930
3988
4520
4926
5063
4917
4468
3766
3101
2229
1425
728
54
-588
-1130
-1384
-1675
-2023
-2244
-2418
-2598
-2697
-2670
-2520
-2310
-1888
-1222
-527
254
1175
2192
3153
4104
5051
5910
6715
7504
8288
9049
9450
9496
9582
9386
9044
8272
6938
5499
3793
1994
6
-2090
-4119
-5735
-7005
-8156
-8942
-9472
-9569
-9548
-9379
-8968
-8698
-8374
-7782
-7153
-6682
-6078
-5199
-4157
-3066
-1847
-547
730
1948
3198
4224
4707
5080
5271
5122
4654
3975
3256
2358
1509
784
49
-687
-1254
-1541
-1864
-2240
-2461
-2610
-2766
-2848
-2784
-2633
-2386
-1911
-1239
-560
175
1101
2119
3072
4043
4931
5744
6566
7365
8130
8823
9294
9309
9386
9210
8806
8072
6640
5267
3560
1718
-233
-2318
-4270
-5944
-7128
-8250
-8987
-9475
-9516
-9383
-9307
-8821
-8515
-8217
-7637
-7002
-6496
-5949
-5045
-3982
-2932
-1798
-503
780
1939
3145
4180
4693
5022
5288
5190
4739
4115
3449
2666
1816
1095
368
-386
-1021
-1386
-1751
-2189
-2456
-2595
-2705
-2829
-2760
-2580
-2304
-1826
-1157
-487
190
1068
2028
2954
3817
4720
5520
6286
7139
7927
8677
9276
9400
9462
9356
8901
8277
6890
5403
3780
1866
-75
-2200
-4142
-5877
-7137
-8209
-8954
-9443
-9631
-9427
-9372
-8985
-8641
-8387
-7843
-7256
-6656
-6087
-5257
-4189
-3103
-1920
-655
658
1863
3021
4094
4720
5049
5232
5164
4754
4097
3403
2614
1804
1052
317
-341
-961
-1371
-1661
-2034
-2298
-2488
-2620
-2740
-2808
-2710
-2518
-2128
-1545
-867
-114
732
1750
2745
3740
4717
5558
6389
7161
7971
8621
9291
9550
9464
9546
9169
8702
7612
6209
4831
2988
1130
-935
-2960
-4886
-6366
-7546
-8611
-9318
-9732
-9702
-9697
-9469
-9059
-8806
-8407
-7752
-7133
-6640
-5901
-4900
-3802
-2722
-1478
-110
1107
2286
3476
4361
4767
5084
5233
4939
4357
3690
3003
2140
1335
664
-77
-731
-1226
-1544
-1926
-2367
-2527
-2703
-2936
-3019
-2997
-2838
-2564
-2002
-1291
-568
296
1327
2421
3413
4452
5394
6218
6991
7802
8510
9115
9596
9636
9701
9481
9081
8306
6943
5622
3920
2060
12
-2033
-3997
-5754
-6998
-8207
-9013
-9591
-9737
-9644
-9556
-9118
-8807
-8424
-7900
-7225
-6679
-6113
-5160
-4149
-3003
-1879
-578
772
1906
3101
4136
4723
5068
5289
5172
4679
3953
3227
2371
1449
641
-136
-867
-1508
-1920
-2295
-2685
-2969
-3056
-3153
-3288
-3215
-3084
-2785
-2328
-1699
-940
-156
833
1919
2994
4032
5022
6018
6864
7670
8471
9111
9770
9981
9975
9913
9497
8997
7795
6425
4940
3089
1208
-923
-2882
-4830
-6299
-7523
-8629
-9265
-9780
-9736
-9734
-9523
-9065
-8802
-8303
-7741
-7037
-6473
-5750
-4709
-3634
-2430
-1247
117
1413
2531
3706
4561
5041
5338
5381
5154
4536
3765
2981
2044
1156
315
-397
-1122
-1737
-2115
-2501
-2835
-3099
-3191
-3310
-3404
-3311
-3102
-2752
-2273
-1599
-823
45
1029
2130
3190
4139
5114
6089
6905
7677
8399
9128
9748
9785
9867
9728
9347
8691
7331
6043
4371
2541
616
-1495
-3480
-5281
-6522
-7804
-8689
-9311
-9567
-9465
-9558
-9130
-8849
-8551
-8044
-7478
-6842
-6389
-5502
-4438
-3340
-2136
-819
560
1738
2928
4047
4730
5066
5298
5250
4820
4119
3375
2521
1549
720
16
-694
-1428
-1853
-2173
-2579
-2864
-3060
-3180
-3316
-3310
-3114
-2935
-2586
-1928
-1203
-420
483
1536
2654
3625
4621
5597
6439
7248
8043
8714
9389
9794
9834
9787
9474
9088
8112
6723
5327
3594
1726
-284
-2249
-4198
-5756
-6997
-8069
-8831
-9399
-9347
-9394
-9316
-8901
-8627
-8206
-7757
-7053
-6498
-5939
-4926
-3817
-2676
-1529
-186
1121
2210
3338
4326
4859
5135
5307
5222
4717
3985
3289
2418
1478
635
-87
-884
-1635
-2043
-2475
-2898
-3240
-3419
-3509
-3643
-3547
-3337
-3106
-2677
-2032
-1332
-571
294
1359
2395
3347
4387
5336
6316
7199
8099
8940
9664
10190
10236
10283
10035
9558
8586
7152
5785
3896
1991
4
-2071
-3969
-5684
-6892
-8059
-8947
-9441
-9659
-9813
-9842
-9477
-9280
-9042
-8497
-7832
-7255
-6601
-5501
-4272
-3139
-1842
-357
946
2098
3325
4392
4910
5197
5454
5342
4831
4154
3572
2749
1821
1112
417
-365
-1085
-1491
-1944
-2519
-2897
-3132
-3359
-3577
-3533
-3314
-3092
-2614
-1901
-1160
-360
617
1756
2765
3706
4720
5708
6592
7416
8309
9083
9774
10082
10145
10115
9772
9268
8076
6663
5087
3150
1224
-871
-2884
-4829
-6309
-7484
-8474
-9156
-9572
-9591
-9740
-9493
-9132
-8957
-8569
-8054
-7368
-6899
-6155
-5084
-3990
-2828
-1539
-65
1122
2297
3560
4464
4912
5140
5298
5020
4359
3710
2975
2048
1175
474
-219
-1010
-1534
-1835
-2261
-2657
-2879
-3003
-3156
-3205
-3070
-2844
-2524
-1937
-1217
-533
328
1326
2386
3353
4276
5284
6186
7023
7881
8636
9406
9958
10082
10151
9980
9661
8931
7622
6227
4525
2599
609
-1390
-3470
-5248
-6570
-7716
-8587
-9316
-9519
-9659
-9745
-9424
-9214
-8983
-8640
-7986
-7454
-6970
-6063
-5031
-3921
-2827
-1465
-90
1003
2239
3434
4182
4576
4920
5080
4734
4201
3719
3029
2218
1451
822
51
-743
-1172
-1638
-2166
-2599
-2805
-2968
-3170
-3142
-2988
-2715
-2303
-1678
-1014
-353
506
1485
2410
3285
4193
5133
5986
6810
7748
8539
9388
9850
9986
10157
9881
9605
8621
7232
5846
3946
2078
10
-1982
-3951
-5539
-6670
-7742
-8476
-9103
-9176
-9282
-9303
-8994
-8937
-8693
-8335
-7803
-7340
-6836
-5887
-4837
-3716
-2549
-1230
125
1274
2533
3614
4187
4618
4895
4906
4508
3947
3431
2723
1965
1214
583
-134
-797
-1184
-1682
-2144
-2513
-2713
-2878
-3071
-3040
-2849
-2536
-2137
-1560
-905
-171
695
1634
2575
3455
4389
5324
6194
7076
7959
8890
9651
9888
10047
10079
9810
9242
8023
6680
5107
3192
1311
-693
-2736
-4502
-5801
-6915
-7852
-8586
-8925
-9011
-9153
-8991
-8855
-8812
-8542
-8074
-7610
-7193
-6498
-5480
-4370
-3240
-1976
-649
637
1871
3105
3952
4376
4806
4959
4745
4236
3664
3059
2282
1534
849
167
-547
-1018
-1409
-1937
-2342
-2616
-2816
-3031
-3143
-3022
-2839
-2504
-2000
-1390
-681
113
1093
2044
2978
3939
4863
5778
6617
7560
8399
9265
9751
9858
10055
9841
9562
8654
7314
5983
4205
2391
399
-1589
-3550
-5067
-6274
-7419
-8212
-8871
-9001
-9154
-9183
-8964
-8930
-8707
-8328
-7817
-7389
-6816
-5914
-4855
-3732
-2558
-1281
27
1281
2501
3567
4131
4608
4965
4950
4612
4078
3551
2844
2114
1356
643
-125
-762
-1172
-1748
-2268
-2663
-2878
-3093
-3234
-3213
-3088
-2776
-2345
-1757
-1142
-387
470
1421
2334
3226
4179
5068
6007
6944
7881
8757
9527
9829
10067
10122
9773
9237
7960
6649
5005
3089
1238
-831
-2740
-4476
-5674
-6857
-7746
-8320
-8686
-8724
-8920
-8713
-8645
-8580
-8289
-7923
-7499
-7120
-6252
-5303
-4193
-3030
-1756
-369
859
2162
3263
4043
4469
4890
5002
4704
4269
3694
3147
2383
1694
1024
301
-312
-808
-1230
-1796
-2213
-2511
-2767
-2934
-3030
-2969
-2782
-2433
-1935
-1364
-686
110
974
1868
2735
3621
4504
5361
6238
7152
8028
8857
9329
9551
9786
9580
9179
8231
6901
5486
3603
1809
-201
-2235
-4020
-5443
-6542
-7621
-8238
-8691
-8796
-8878
-8860
-8580
-8607
-8317
-7960
-7577
-7190
-6608
-5584
-4616
-3441
-2209
-851
519
1708
3019
3938
4481
4957
5142
5027
4591
4039
3488
2756
2018
1310
655
-16
-554
-958
-1505
-1914
-2294
-2591
-2812
-2980
-2964
-2877
-2606
-2215
-1652
-1000
-239
642
1493
2407
3303
4200
5084
5898
6777
7672
8535
9210
9443
9708
9752
9450
8839
7567
6293
4621
2752
907
-1259
-3171
-4866
-6102
-7264
-8199
-8720
-9065
-9085
-9205
-8974
-8838
-8758
-8305
-7951
-7548
-7128
-6271
-5242
-4230
-2999
-1731
-305
956
2225
3482
4181
4719
5135
5167
4948
4408
3878
3239
2425
1746
1017
350
-307
-751
-1182
-1732
-2062
-2409
-2638
-2821
-2885
-2777
-2643
-2289
-1782
-1153
-447
391
1313
2171
3075
4003
4919
5770
6601
7487
8348
9140
9496
9693
9856
9642
9211
8148
6855
5413
3559
1720
-323
-2364
-4182
-5572
-6752
-7811
-8502
-8921
-9034
-9190
-9101
-8902
-8872
-8608
-8191
-7791
-7464
-6779
-5746
-4726
-3578
-2331
-924
411
1617
2965
3901
4413
4897
5093
4962
4523
3982
3386
2631
1933
1262
594
-122
-596
-954
-1499
-1931
-2260
-2499
-2742
-2852
-2809
-2714
-2457
-2035
-1424
-835
-97
826
1696
2561
3428
4365
5275
6116
7006
7869
8765
9345
9553
9802
9719
9452
8692
7438
6176
4446
2627
705
-1338
-3276
-4854
-6050
-7240
-8068
-8636
-8832
-8965
-9068
-8826
-8795
-8702
-8365
-7942
-7588
-7161
-6268
-5262
-4203
-2981
-1653
-239
942
2224
3412
4029
4550
4861
4868
4548
4029
3484
2769
2079
1431
863
182
-414
-729
-1194
-1668
-2039
-2319
-2578
-2802
-2832
-2736
-2536
-2185
-1602
-956
-260
627
1594
2537
3446
4346
5259
6084
6883
7733
8554
9291
9535
9691
9758
9507
9059
7898
6671
5169
3314
1512
-545
-2534
-4391
-5727
-6961
-8043
-8743
-9192
-9210
-9397
-9227
-8982
-8916
-8575
-8142
-7567
-7161
-6466
-5425
-4384
-3179
-1909
-458
845
1986
3253
4102
4611
4989
5039
4806
4232
3589
2887
2064
1323
665
74
-596
-1039
-1348
-1815
-2167
-2473
-2696
-2933
-3120
-3033
-2871
-2576
-2096
-1444
-666
171
1189
2248
3234
4185
5094
5965
6717
7453
8253
9030
9538
9636
9777
9773
9484
8809
7571
6309
4642
2785
924
-1201
-3189
-4900
-6175
-7372
-8345
-8928
-9164
-9211
-9255
-8946
-8745
-8614
-8244
-7747
-7327
-6964
-6199
-5216
-4213
-3097
-1799
-418
776
1982
3199
3923
4382
4773
4839
4565
4004
3436
2771
1966
1240
611
-84
-774
-1142
-1535
-2015
-2388
-2625
-2760
-2979
-3013
-2842
-2631
-2305
-1771
-1098
-412
390
1370
2319
3203
4107
5014
5897
6686
7574
8472
9283
9678
9857
10072
9884
9512
8482
7232
5780
3900
2115
15
-1966
-3897
-5318
-6515
-7658
-8320
-8859
-8871
-9080
-8940
-8658
-8635
-8302
-7996
-7441
-7179
-6596
-5632
-4678
-3520
-2354
-902
368
1576
2847
3830
4366
4739
5039
4891
4428
3845
3206
2394
1589
843
169
-608
-1190
-1468
-1983
-2358
-2669
-2822
-2982
-3154
-3017
-2896
-2604
-2244
-1621
-948
-290
665
1581
2543
3479
4424
5377
6232
7131
8030
8923
9566
9775
9932
9912
9570
8920
7680
6350
4744
2879
1052
-1003
-2921
-4585
-5831
-6978
-7918
-8471
-8826
-8876
-9001
-8803
-8612
-8564
-8128
-7709
-7286
-6877
-6100
-5012
-4031
-2809
-1493
-98
1178
2378
3643
4356
4804
5207
5270
4939
4324
3762
2973
2076
1271
490
-235
-1011
-1420
-1829
-2362
-2659
-2905
-3083
-3292
-3346
-3222
-3061
-2745
-2252
-1644
-970
-135
861
1833
2795
3844
4833
5817
6745
7668
8572
9396
10006
10096
10181
10048
9610
8798
7429
6052
4286
2401
511
-1529
-3470
-5128
-6339
-7494
-8380
-8984
-9274
-9423
-9546
-9330
-9221
-9090
-8668
-8130
-7700
-7130
-6147
-5008
-3862
-2573
-1088
333
1624
2884
4100
4760
5138
5521
5457
5053
4426
3853
3066
2183
1420
679
13
-748
-1120
-1616
-2172
-2513
-2883
-3097
-3399
-3440
-3355
-3159
-2785
-2263
-1533
-815
160
1164
2143
3160
4143
5147
6046
6910
7798
8620
9443
9929
10012
10148
10021
9674
8795
7509
6096
4285
2470
433
-1586
-3640
-5274
-6459
-7692
-8497
-9146
-9305
-9499
-9523
-9243
-9230
-8953
-8603
-7988
-7596
-7013
-5994
-5003
-3817
-2642
-1173
112
1306
2629
3690
4349
4699
5091
5056
4656
4192
3629
2902
2134
1421
765
52
-636
-1012
-1541
-2051
-2459
-2770
-2993
-3219
-3173
-3087
-2813
-2419
-1822
-1101
-400
519
1404
2339
3254
4170
5093
5863
6718
7583
8375
9191
9557
9701
9897
9757
9421
8472
7191
5741
3994
2138
66
-1912
-3945
-5369
-6561
-7723
-8420
-8975
-9031
-9199
-9126
-8920
-8895
-8636
-8289
-7769
-7464
-6838
-5886
-4887
-3766
-2532
-1102
183
1472
2750
3785
4323
4719
5037
4897
4450
3920
3314
2541
1841
1083
466
-209
-815
-1111
-1648
-2073
-2445
-2678
-2889
-3075
-3024
-2938
-2617
-2239
-1646
-967
-250
636
1575
2504
3417
4404
5322
6222
7127
8035
8854
9656
9937
10090
10233
9860
9456
8270
6929
5435
3530
1694
-422
-2337
-4292
-5617
-6821
-7958
-8550
-9163
-9192
-9451
-9398
-9174
-9222
-8861
-8515
-7944
-7529
-6809
-5698
-4689
-3484
-2195
-739
587
1798
3092
3997
4439
4840
5034
4844
4334
3793
3209
2406
1701
981
400
-319
-912
-1201
-1796
-2211
-2561
-2812
-3041
-3280
-3176
-3049
-2729
-2295
-1689
-919
-167
849
1833
2759
3794
4773
5776
6670
7573
8461
9308
10029
10224
10428
10372
10059
9495
8208
6921
5289
3419
1516
-555
-2558
-4374
-5680
-6963
-7971
-8716
-9151
-9322
-9582
-9435
-9376
-9353
-9079
-8618
-8151
-7730
-6911
-5842
-4711
-3534
-2088
-634
667
2016
3252
4057
4446
4844
4923
4613
4066
3465
2829
1999
1321
689
37
-635
-1065
-1413
-1958
-2360
-2687
-2961
-3252
-3406
-3377
-3229
-2902
-2417
-1712
-939
36
1097
2113
3181
4228
5247
6200
7112
7952
8795
9647
10160
10363
10455
10414
10119
9289
8111
6746
5082
3232
1271
-792
-2842
-4474
-5849
-7100
-8120
-8807
-9104
-9433
-9492
-9363
-9327
-9188
-8836
-8271
-7906
-7334
-6409
-5333
-4227
-3053
-1584
-254
1044
2368
3460
4115
4533
4911
4887
4491
3939
3363
2639
1832
1116
441
-311
-926
-1301
-1794
-2308
-2719
-2953
-3208
-3439
-3484
-3433
-3180
-2824
-2255
-1596
-819
179
1167
2144
3140
4125
5102
6041
6903
7821
8660
9525
10042
10250
10472
10352
10106
9151
7942
6569
4787
3003
848
-1134
-3166
-4756
-6047
-7354
-8144
-8848
-9018
-9274
-9305
-9095
-9127
-8818
-8525
-7995
-7603
-7042
-6046
-5047
-3853
-2666
-1225
176
1443
2781
3784
4425
4856
5090
5017
4557
3960
3347
2574
1790
1032
352
-337
-929
-1313
-1833
-2337
-2761
-3053
-3307
-3557
-3629
-3555
-3304
-2926
-2360
-1654
-792
191
1211
2235
3268
4276
5245
6237
7118
8023
8929
9707
10064
10229
10382
10181
9701
8562
7281
5800
3907
2060
-75
-2108
-3981
-5423
-6662
-7829
-8542
-9014
-9153
-9378
-9258
-9078
-9075
-8715
-8310
-7811
-7414
-6683
-5630
-4522
-3301
-1967
-416
894
2273
3587
4477
4995
5300
5447
5103
4529
3828
3071
2166
1314
641
-121
-785
-1289
-1651
-2143
-2643
-2941
-3248
-3503
-3685
-3714
-3588
-3349
-2847
-2188
-1448
-495
563
1650
2727
3816
4876
5837
6823
7733
8611
9517
10096
10356
10475
10432
10223
9471
8251
6882
5249
3392
1423
-635
-2739
-4440
-5865
-7120
-8136
-8954
-9231
-9542
-9673
-9486
-9414
-9201
-8857
-8291
-7817
-7260
-6366
-5294
-4084
-2877
-1419
3
1289
2648
3877
4693
5120
5482
5534
5175
4611
3951
3148
2269
1444
693
-57
-817
-1279
-1785
-2331
-2774
-3139
-3367
-3678
-3794
-3806
-3648
-3323
-2815
-2104
-1374
-353
657
1749
2843
3859
4924
5832
6829
7727
8578
9465
10008
10248
10384
10337
10094
9339
8106
6758
5074
3213
1273
-774
-2864
-4553
-5924
-7205
-8191
-8996
-9288
-9578
-9742
-9537
-9497
-9298
-8971
-8437
-7926
-7367
-6444
-5367
-4153
-2894
-1434
-7
1262
2625
3829
4610
5049
5350
5398
5016
4465
3820
3029
2240
1434
745
26
-675
-1125
-1592
-2087
-2541
-2845
-3110
-3400
-3533
-3533
-3351
-3053
-2569
-1869
-1105
-173
859
1892
2985
3991
5009
6017
6931
7891
8727
9593
10110
10294
10473
10301
10012
9101
7842
6425
4625
2826
787
-1185
-3269
-4886
-6169
-7509
-8344
-9140
-9385
-9656
-9804
-9572
-9594
-9346
-9040
-8442
-7945
-7320
-6272
-5224
-3916
-2636
-1101
346
1568
2972
4096
4829
5237
5466
5416
4960
4359
3677
2854
2019
1236
538
-207
-895
-1331
-1788
-2283
-2737
-3048
-3371
-3699
-3784
-3764
-3581
-3275
-2749
-1982
-1148
-121
987
2115
3240
4361
5450
6449
7380
8292
9127
9888
10397
10575
10721
10564
10229
9421
8144
6821
5080
3264
1256
-835
-2873
-4650
-6036
-7470
-8457
-9278
-9697
-9939
-10156
-9941
-9922
-9660
-9268
-8702
-8136
-7525
-6469
-5431
-4171
-2894
-1433
1
1242
2602
3726
4492
4940
5295
5299
4973
4470
3866
3132
2321
1619
850
122
-654
-1186
-1709
-2340
-2797
-3246
-3566
-3895
-3970
-3884
-3708
-3319
-2797
-2035
-1214
-218
823
1857
2921
3961
5007
5962
6927
7872
8751
9671
10302
10556
10831
10770
10466
9716
8443
7161
5365
3493
1542
-592
-2629
-4371
-5676
-7051
-8011
-8719
-9112
-9363
-9597
-9371
-9430
-9325
-8994
-8549
-8135
-7662
-6647
-5661
-4503
-3204
-1742
-306
934
2332
3511
4225
4674
5058
5059
4687
4192
3625
2849
2038
1389
689
-22
-740
-1194
-1670
-2269
-2673
-3039
-3354
-3661
-3732
-3656
-3527
-3186
-2694
-2014
-1252
-336
715
1717
2759
3850
4907
5924
6896
7907
8833
9753
10357
10565
10816
10634
10292
9489
8182
6853
5067
3294
1383
-650
-2575
-4173
-5459
-6758
-7640
-8387
-8813
-9139
-9365
-9276
-9400
-9281
-8949
-8511
-8081
-7469
-6453
-5424
-4196
-2825
-1410
-44
1219
2512
3596
4209
4652
4948
4867
4561
4076
3502
2752
2033
1390
705
5
-670
-1180
-1779
-2348
-2823
-3260
-3653
-3946
-4031
-4019
-3821
-3474
-2931
-2235
-1391
-422
609
1655
2702
3823
4800
5794
6757
7725
8656
9558
10229
10447
10752
10720
10484
9781
8561
7351
5633
3855
1947
-98
-2095
-3817
-5170
-6550
-7575
-8403
-8834
-9211
-9477
-9362
-9461
-9355
-9060
-8580
-8166
-7671
-6706
-5710
-4569
-3273
-1816
-445
823
2188
3369
4096
4554
4960
4968
4676
4191
3634
2917
2098
1465
791
82
-600
-1079
-1602
-2220
-2672
-3086
-3470
-3843
-3990
-3976
-3901
-3596
-3083
-2393
-1597
-635
472
1516
2551
3678
4717
5654
6566
7556
8438
9288
9999
10254
10506
10544
10367
9802
8652
7466
5896
4160
2317
297
-1654
-3469
-4811
-6189
-7319
-8130
-8696
-9028
-9388
-9313
-9388
-9368
-9039
-8628
-8141
-7709
-6780
-5748
-4639
-3332
-1944
-548
700
2069
3270
4027
4504
4918
5035
4797
4343
3813
3149
2420
1769
1048
364
-383
-879
-1399
-2071
-2575
-3049
-3375
-3771
-3994
-4046
-4001
-3703
-3253
-2606
-1896
-975
92
1166
2197
3237
4326
5308
6254
7233
8135
9022
9835
10276
10528
10671
10543
10129
9209
7999
6529
4779
2975
982
-1059
-2981
-4501
-5918
-7200
-8061
-8774
-9214
-9603
-9635
-9598
-9704
-9415
-9030
-8573
-8119
-7310
-6282
-5229
-3950
-2545
-1132
128
1518
2803
3731
4281
4764
5031
4865
4563
4083
3504
2803
2173
1480
734
-8
-640
-1134
-1874
-2447
-2945
-3373
-3741
-4041
-4091
-4101
-3826
-3352
-2766
-2043
-1159
-73
997
2028
3113
4186
5204
6161
7160
8107
8968
9867
10464
10726
10907
10863
10558
9781
8604
7223
5514
3679
1726
-361
-2411
-4120
-5598
-6956
-7984
-8817
-9334
-9750
-9926
-9832
-9901
-9732
-9367
-8894
-8421
-7762
-6805
-5768
-4562
-3235
-1827
-501
827
2144
3278
3965
4493
4923
4908
4711
4290
3775
3129
2426
1747
993
252
-509
-1037
-1680
-2334
-2822
-3285
-3656
-3990
-4076
-4042
-3863
-3473
-2925
-2252
-1460
-474
582
1589
2620
3734
4786
5788
6759
7813
8812
9711
10559
10918
11162
11195
11039
10540
9334
8033
6415
4673
2752
629
-1397
-3333
-4807
-6219
-7388
-8382
-9125
-9459
-9879
-9932
-10035
-10029
-9735
-9361
-8806
-8313
-7457
-6378
-5126
-3725
-2393
-921
481
1825
3069
3918
4480
4903
5069
4927
4505
3941
3285
2578
1891
1107
377
-391
-999
-1527
-2190
-2750
-3327
-3738
-4093
-4348
-4395
-4345
-4002
-3535
-2886
-2097
-1155
9
1125
2307
3452
4563
5650
6689
7729
8674
9594
10454
10982
11194
11254
11171
10825
9910
8664
7217
5470
3633
1608
-550
-2618
-4350
-5815
-7188
-8291
-9161
-9651
-10028
-10223
-10127
-10142
-9938
-9474
-8906
-8342
-7677
-6624
-5472
-4197
-2834
-1421
-21
1241
2577
3622
4283
4774
5086
5120
4783
4279
3684
2927
2143
1419
652
-181
-894
-1451
-2063
-2708
-3257
-3700
-4065
-4374
-4464
-4381
-4195
-3732
-3121
-2386
-1522
-457
749
1876
3020
4141
5242
6282
7302
8322
9210
10139
10884
11268
11440
11413
11261
10665
9519
8173
6559
4662
2668
518
-1686
-3681
-5332
-6782
-8024
-9025
-9715
-10102
-10410
-10417
-10343
-10295
-9972
-9469
-8879
-8279
-7409
-6271
-5019
-3606
-2136
-570
788
2139
3469
4370
5011
5369
5514
5341
4864
4257
3515
2702
1862
1155
336
-507
-1167
-1805
-2413
-3065
-3619
-4110
-4518
-4785
-4834
-4708
-4451
-3887
-3158
-2259
-1206
-30
1248
2493
3722
4914
6035
7067
8092
9057
9952
10793
11299
11504
11645
11586
11223
10359
9062
7645
5897
3958
1826
-445
-2582
-4455
-6007
-7521
-8718
-9556
-10089
-10389
-10552
-10462
-10428
-10179
-9650
-9079
-8517
-7835
-6728
-5571
-4336
-2954
-1545
-111
1180
2536
3662
4325
4920
5302
5331
5023
4527
3953
3205
2436
1644
822
-64
-870
-1464
-2194
-2907
-3470
-3976
-4344
-4690
-4805
-4751
-4537
-4029
-3396
-2638
-1771
-652
534
1675
2808
3936
5098
6144
7152
8128
9007
9888
10747
11157
11305
11420
11314
10928
9852
8591
7049
5251
3357
1162
-938
-3127
-4764
-6282
-7694
-8733
-9593
-9909
-10301
-10253
-10242
-10216
-9807
-9378
-8659
-8217
-7370
-6264
-5160
-3809
-2517
-1043
261
1596
2934
3874
4554
5061
5363
5290
4905
4414
3714
2926
2149
1288
455
-509
-1243
-1865
-2629
-3217
-3798
-4201
-4519
-4731
-4727
-4627
-4250
-3699
-2992
-2238
-1305
-124
1007
2166
3300
4467
5632
6692
7755
8734
9626
10530
11302
11603
11697
11667
11423
10789
9514
8111
6372
4445
2394
207
-1935
-4051
-5625
-7138
-8366
-9365
-10079
-10364
-10710
-10583
-10586
-10422
-10027
-9524
-8755
-8214
-7183
-6032
-4759
-3321
-1915
-336
978
2338
3571
4433
5046
5363
5485
5230
4734
4149
3359
2535
1689
887
91
-822
-1502
-2157
-2851
-3442
-4022
-4433
-4796
-4979
-4942
-4758
-4333
-3729
-2901
-1997
-883
420
1633
2871
4053
5273
6414
7394
8378
9265
10096
10907
11513
11692
11751
11678
11390
10637
9327
7909
6112
4152
2071
-138
-2385
-4457
-6056
-7555
-8754
-9764
-10352
-10658
-10877
-10709
-10644
-10394
-9950
-9302
-8622
-8016
-7012
-5873
-4609
-3274
-1846
-401
906
2249
3434
4282
4822
5169
5291
5035
4554
3979
3213
2361
1531
692
-197
-1098
-1834
-2504
-3253
-3848
-4330
-4712
-4960
-5084
-4921
-4649
-4156
-3459
-2658
-1731
-646
644
1797
2976
4142
5316
6478
7484
8510
9442
10350
11250
11883
12068
12171
12063
11694
10875
9481
7994
6057
4117
2022
-262
-2508
-4575
-6061
-7612
-8743
-9699
-10307
-10545
-10798
-10585
-10604
-10338
-9813
-9204
-8497
-7903
-6826
-5695
-4407
-2995
-1610
-168
1129
2487
3604
4326
4836
5123
5165
4848
4308
3694
2847
2032
1232
326
-516
-1388
-2041
-2720
-3461
-3976
-4468
-4785
-5042
-5111
-4980
-4736
-4149
-3451
-2575
-1641
-461
878
2061
3347
4514
5702
6825
7819
8786
9601
10431
11259
11851
11966
12015
11864
11440
10634
9254
7725
5799
3860
1758
-525
-2799
-4851
-6340
-7895
-9016
-9938
-10490
-10679
-10887
-10643
-10625
-10324
-9785
-9156
-8433
-7819
-6717
-5577
-4242
-2796
-1352
142
1465
2864
3960
4680
5151
5397
5365
4945
4327
3581
2651
1741
883
-73
-946
-1779
-2414
-3044
-3747
-4199
-4649
-4946
-5146
-5199
-5067
-4808
-4199
-3468
-2567
-1564
-345
1034
2289
3644
4887
6078
7231
8201
9123
9883
10625
11412
11921
12046
12034
11842
11412
10570
9262
7668
5803
3839
1693
-533
-2882
-4901
-6486
-8012
-9147
-10123
-10597
-10824
-10911
-10721
-10597
-10222
-9754
-9000
-8345
-7637
-6595
-5476
-4118
-2817
-1331
78
1435
2753
3803
4600
4986
5310
5262
4898
4296
3522
2681
1717
840
-134
-1014
-1843
-2523
-3134
-3829
-4304
-4710
-5000
-5178
-5203
-5048
-4732
-4169
-3447
-2549
-1576
-384
923
2186
3505
4746
5958
7067
8080
8989
9773
10519
11217
11824
11999
11990
11842
11430
10732
9467
7994
6225
4292
2242
17
-2193
-4329
-5961
-7458
-8712
-9681
-10321
-10539
-10713
-10587
-10422
-10115
-9660
-9012
-8263
-7615
-6662
-5553
-4271
-2969
-1557
-88
1223
2473
3555
4429
4858
5094
5107
4774
4203
3437
2604
1633
696
-201
-1063
-1901
-2631
-3205
-3827
-4370
-4777
-5104
-5331
-5404
-5284
-4984
-4531
-3823
-2912
-1896
-721
645
2050
3371
4683
5927
7103
8113
9023
9819
10455
11085
11645
11947
11826
11656
11338
10737
9665
8186
6578
4642
2684
497
-1729
-3933
-5802
-7209
-8650
-9686
-10507
-10810
-10921
-10907
-10569
-10364
-9836
-9229
-8369
-7625
-6850
-5638
-4464
-3064
-1748
-285
1060
2214
3439
4344
4928
5126
5225
5038
4478
3769
2924
1994
1024
136
-732
-1625
-2444
-3014
-3595
-4177
-4609
-4943
-5123
-5249
-5114
-4841
-4423
-3739
-2871
-1855
-804
514
1904
3157
4400
5601
6761
7739
8634
9452
10096
10680
11285
11721
11721
11571
11339
10866
9915
8571
7003
5135
3169
1002
-1196
-3491
-5488
-6981
-8453
-9575
-10463
-10820
-10961
-10951
-10599
-10355
-9834
-9274
-8417
-7669
-6983
-5880
-4801
-3476
-2263
-881
442
1596
2828
3779
4510
4784
5005
4925
4469
3837
3002
2161
1166
266
-661
-1556
-2373
-3014
-3523
-4096
-4460
-4757
-4910
-4973
-4877
-4600
-4214
-3580
-2784
-1825
-811
407
1743
3011
4275
5500
6669
7685
8613
9441
10114
10663
11175
11634
11732
11571
11277
10775
9991
8794
7331
5586
3681
1690
-432
-2573
-4648
-6268
-7686
-8885
-9761
-10366
-10557
-10635
-10401
-10108
-9727
-9161
-8479
-7641
-6965
-6032
-5023
-3887
-2634
-1418
-117
991
2135
3092
3840
4260
4418
4441
4071
3541
2752
1914
1024
115
-760
-1636
-2373
-3053
-3542
-4023
-4386
-4645
-4837
-4831
-4761
-4506
-4147
-3579
-2845
-1981
-954
117
1369
2626
3847
5043
6099
7153
8072
8876
9580
10108
10654
11098
11421
11374
11076
10751
10111
9244
7864
6264
4519
2552
614
-1569
-3616
-5490
-6962
-8183
-9303
-9981
-10436
-10475
-10409
-10180
-9780
-9384
-8703
-7965
-7162
-6386
-5456
-4317
-3144
-1851
-602
627
1746
2754
3648
4193
4447
4484
4303
3856
3150
2322
1440
561
-306
-1148
-1928
-2641
-3192
-3633
-4056
-4414
-4660
-4763
-4741
-4598
-4323
-3877
-3241
-2403
-1405
-325
845
2150
3472
4697
5838
6888
7893
8728
9424
9994
10448
10875
11203
11330
11080
10711
10248
9529
8428
6928
5294
3446
1512
-519
-2613
-4614
-6337
-7655
-8854
-9793
-10381
-10572
-10536
-10369
-9983
-9534
-8969
-8249
-7390
-6612
-5809
-4798
-3668
-2505
-1351
-155
949
1949
2863
3632
4033
4155
4174
3942
3435
2680
1889
1036
171
-656
-1481
-2244
-2953
-3411
-3840
-4259
-4553
-4698
-4662
-4562
-4295
-3911
-3365
-2612
-1696
-672
361
1534
2808
4015
5136
6147
7139
8027
8778
9445
9934
10402
10806
11131
11139
10809
10484
9923
9114
7850
6313
4629
2707
787
-1265
-3257
-5199
-6722
-7952
-9094
-9824
-10295
-10360
-10342
-10082
-9661
-9275
-8671
-7996
-7180
-6503
-5660
-4589
-3530
-2361
-1237
-34
1026
1993
2924
3568
3897
3990
3970
3639
3047
2325
1522
682
-163
-969
-1731
-2451
-3053
-3439
-3838
-4171
-4353
-4403
-4326
-4176
-3813
-3380
-2793
-2021
-1118
-108
878
2089
3261
4402
5479
6435
7410
8177
8943
9510
9985
10408
10754
11039
10855
10562
10118
9523
8587
7243
5713
3932
2138
122
-1807
-3788
-5627
-6955
-8213
-9138
-9854
-10136
-10208
-10120
-9746
-9376
-8845
-8323
-7491
-6764
-6053
-5097
-4090
-2925
-1884
-683
428
1444
2388
3153
3735
3878
3968
3777
3303
2651
1848
1042
129
-684
-1518
-2195
-2836
-3368
-3664
-4023
-4236
-4362
-4353
-4263
-4087
-3716
-3226
-2600
-1839
-903
125
1228
2430
3657
4813
5864
6852
7731
8470
9056
9525
9904
10184
10453
10602
10411
10040
9647
9039
8141
6829
5280
3677
1855
-55
-2016
-3983
-5732
-7060
-8179
-9173
-9803
-10072
-10046
-9896
-9555
-9072
-8595
-7950
-7163
-6417
-5750
-4900
-3874
-2879
-1880
-870
181
1085
1911
2680
3144
3354
3407
3305
2895
2305
1645
881
65
-729
-1475
-2161
-2772
-3256
-3536
-3853
-4068
-4069
-4022
-3847
-3633
-3217
-2673
-2058
-1256
-412
560
1540
2656
3798
4836
5810
6705
7581
8258
8866
9318
9719
10035
10277
10499
10260
9914
9468
8818
7935
6548
5047
3410
1625
-239
-2166
-4071
-5765
-6992
-8063
-8954
-9578
-9796
-9704
-9575
-9207
-8807
-8346
-7736
-7017
-6273
-5707
-4900
-3913
-2939
-1938
-971
99
989
1827
2612
3062
3246
3236
3104
2651
2030
1335
540
-271
-1062
-1704
-2326
-2866
-3236
-3442
-3624
-3780
-3703
-3619
-3451
-3210
-2835
-2298
-1728
-958
-104
822
1800
2898
4050
5085
6067
6950
7761
8406
8935
9343
9613
9840
10002
10111
9859
9438
8974
8295
7457
6175
4728
3172
1436
-308
-2180
-4029
-5679
-6935
-7980
-8872
-9457
-9723
-9635
-9479
-9117
-8660
-8202
-7534
-6833
-6067
-5461
-4703
-3729
-2835
-1867
-976
-4
858
1640
2383
2816
3011
3005
2913
2543
1978
1334
593
-151
-933
-1592
-2208
-2763
-3163
-3407
-3590
-3743
-3702
-3613
-3445
-3194
-2804
-2280
-1681
-925
-73
858
1781
2864
3936
4912
5875
6690
7472
8046
8568
8960
9184
9405
9543
9694
9478
9120
8716
8113
7334
6144
4791
3225
1587
-110
-1919
-3706
-5366
-6541
-7594
-8472
-9009
-9274
-9189
-9034
-8646
-8199
-7776
-7176
-6504
-5819
-5279
-4585
-3715
-2892
-2013
-1099
-174
653
1429
2151
2627
2828
2846
2755
2401
1817
1173
421
-344
-1087
-1779
-2344
-2826
-3152
-3347
-3475
-3535
-3490
-3368
-3212
-2955
-2615
-2187
-1620
-928
-124
754
1683
2727
3813
4826
5819
6691
7446
8049
8522
8895
9071
9214
9310
9414
9294
8903
8526
7968
7253
6180
4888
3434
1811
199
-1588
-3322
-5030
-6320
-7319
-8286
-8829
-9143
-9072
-8916
-8570
-8048
-7664
-7093
-6492
-5796
-5294
-4700
-3854
-3130
-2304
-1474
-538
211
919
1689
2202
2516
2530
2547
2283
1752
1222
529
-153
-844
-1417
-1950
-2424
-2739
-2939
-3053
-3173
-3124
-3031
-2903
-2656
-2334
-1952
-1488
-819
-81
704
1540
2471
3480
4402
5325
6162
6868
7454
7949
8339
8565
8750
8909
9070
9049
8740
8356
7876
7236
6305
5106
3742
2242
684
-986
-2675
-4336
-5684
-6679
-7615
-8300
-8659
-8703
-8580
-8334
-7931
-7550
-7105
-6558
-5926
-5419
-4922
-4200
-3463
-2717
-1923
-1040
-242
462
1242
1860
2238
2324
2342
2218
1755
1234
628
-18
-652
-1209
-1688
-2170
-2496
-2674
-2777
-2901
-2949
-2855
-2770
-2605
-2346
-2016
-1592
-1018
-294
466
1278
2178
3155
4101
4966
5779
6471
7043
7521
7888
8121
8279
8432
8575
8651
8446
8090
7718
7216
6501
5426
4190
2809
1341
-202
-1869
-3477
-4962
-6013
-6911
-7725
-8202
-8403
-8273
-8129
-7816
-7433
-7078
-6562
-6044
-5475
-5081
-4536
-3807
-3153
-2411
-1655
-800
-89
602
1307
1776
2032
2097
2113
1861
1399
920
363
-236
-804
-1272
-1714
-2076
-2288
-2359
-2467
-2540
-2464
-2356
-2222
-2078
-1774
-1430
-993
-394
246
1006
1759
2658
3567
4393
5199
5889
6530
7004
7404
7696
7880
8037
8147
8280
8262
8005
7664
7275
6715
5899
4799
3544
2169
689
-826
-2448
-3982
-5295
-6274
-7101
-7818
-8141
-8242
-8120
-7936
-7632
-7228
-6904
-6397
-5901
-5431
-4994
-4428
-3707
-3105
-2348
-1532
-723
-17
629
1307
1710
1924
1993
1919
1609
1164
724
164
-422
-928
-1341
-1730
-2023
-2161
-2221
-2272
-2271
-2127
-2022
-1890
-1667
-1364
-1000
-592
9
655
1374
2153
2998
3897
4679
5481
6151
6705
7174
7512
7813
7938
8062
8149
8189
8091
7739
7372
6862
6231
5342
4215
2971
1543
122
-1390
-2900
-4344
-5538
-6431
-7246
-7791
-8083
-8108
-8008
-7785
-7414
-7082
-6660
-6192
-5640
-5208
-4760
-4107
-3481
-2813
-2125
-1320
-616
-14
642
1157
1501
1597
1653
1517
1160
790
347
-130
-648
-1018
-1378
-1738
-1956
-2038
-2057
-2136
-2086
-1968
-1852
-1687
-1398
-1051
-717
-224
386
1055
1721
2455
3272
4036
4772
5437
6017
6455
6834
7167
7375
7497
7605
7737
7765
7592
7248
6877
6356
5679
4762
3627
2386
1018
-302
-1764
-3177
-4444
-5435
-6188
-6928
-7296
-7517
-7481
-7354
-7146
-6794
-6601
-6145
-5714
-5275
-4943
-4554
-3873
-3359
-2675
-2006
-1278
-624
-45
664
1056
1347
1470
1513
1355
1012
742
305
-134
-535
-824
-1159
-1476
-1566
-1603
-1655
-1729
-1657
-1590
-1511
-1342
-1098
-820
-495
45
611
1222
1877
2618
3386
4065
4785
5379
5874
6275
6602
6868
6987
7118
7235
7350
7395
7213
6935
6577
6143
5506
4536
3461
2236
952
-394
-1869
-3261
-4538
-5441
-6227
-6913
-7314
-7502
-7416
-7369
-7123
-6861
-6638
-6238
-5852
-5439
-5212
-4770
-4164
-3612
-2962
-2295
-1502
-855
-164
516
953
1253
1409
1505
1307
1016
726
333
-125
-536
-808
-1129
-1365
-1451
-1441
-1493
-1519
-1412
-1331
-1235
-1109
-873
-626
-299
187
699
1254
1854
2586
3304
3969
4630
5224
5734
6113
6438
6695
6850
6956
7097
7217
7227
7046
6773
6459
5995
5356
4431
3355
2166
941
-327
-1752
-3102
-4250
-5103
-5873
-6505
-6858
-7034
-7019
-6936
-6723
-6533
-6330
-5965
-5611
-5320
-5045
-4600
-4087
-3575
-2968
-2284
-1608
-993
-316
266
667
946
1153
1197
1039
859
610
282
-104
-397
-653
-937
-1081
-1166
-1216
-1311
-1319
-1254
-1256
-1175
-1059
-869
-650
-304
179
648
1192
1799
2496
3163
3800
4436
4952
5408
5785
6096
6322
6480
6633
6780
6913
6975
6890
6666
6403
6023
5461
4627
3596
2490
1291
45
-1326
-2646
-3802
-4738
-5482
-6141
-6550
-6803
-6845
-6770
-6655
-6478
-6346
-6069
-5794
-5541
-5276
-4940
-4472
-4002
-3401
-2757
-2061
-1388
-711
-46
419
809
1035
1147
1095
918
710
370
41
-273
-533
-786
-956
-1022
-1076
-1098
-1105
-1027
-990
-931
-816
-681
-497
-250
140
551
1024
1539
2152
2803
3411
4041
4556
5040
5454
5806
6096
6264
6426
6587
6734
6818
6762
6577
6347
5999
5513
4774
3820
2803
1658
490
-827
-2117
-3279
-4274
-5032
-5748
-6199
-6535
-6630
-6585
-6540
-6376
-6302
-6034
-5794
-5545
-5272
-4999
-4527
-4101
-3523
-2940
-2291
-1597
-986
-307
144
555
834
975
1045
901
776
542
289
79
-161
-342
-509
-611
-660
-748
-806
-821
-847
-823
-810
-711
-574
-375
-18
348
831
1279
1824
2436
2967
3550
3982
4438
4821
5130
5444
5637
5861
6061
6312
6516
6572
6528
6397
6165
5735
5097
4233
3230
2135
977
-270
-1574
-2758
-3723
-4509
-5219
-5715
-6040
-6184
-6217
-6202
-6115
-6117
-5983
-5810
-5653
-5510
-5303
-4891
-4503
-3978
-3395
-2719
-2015
-1361
-617
-83
383
747
978
1086
1005
941
771
549
349
181
16
-165
-257
-332
-431
-554
-604
-652
-717
-743
-728
-649
-532
-267
77
465
912
1419
1989
2538
3081
3583
4040
4457
4841
5165
5424
5648
5882
6156
6360
6505
6478
6383
6229
5853
5336
4518
3602
2576
1448
299
-1025
-2187
-3211
-4042
-4755
-5399
-5741
-6004
-6087
-6123
-6151
-6138
-6160
-5973
-5880
-5790
-5609
-5313
-4838
-4404
-3763
-3079
-2382
-1626
-914
-214
261
710
1043
1167
1191
1093
1003
769
541
412
217
48
-79
-144
-232
-372
-417
-473
-577
-620
-638
-617
-579
-423
-118
173
573
1043
1569
2117
2636
3217
3670
4106
4548
4897
5211
5415
5690
5956
6165
6365
6391
6350
6215
5965
5558
4846
4013
3073
2021
910
-345
-1524
-2624
-3529
-4254
-4975
-5433
-5803
-5954
-6026
-6144
-6127
-6223
-6103
-6021
-5950
-5781
-5620
-5141
-4712
-4099
-3425
-2761
-1935
-1257
-475
89
568
994
1172
1329
1248
1188
1029
806
688
473
330
158
45
-43
-210
-300
-428
-561
-666
-752
-780
-800
-709
-495
-239
125
555
1058
1592
2123
2710
3195
3648
4105
4501
4856
5119
5423
5713
5981
6264
6416
6461
6400
6267
5985
5431
4699
3825
2830
1744
560
-647
-1815
-2820
-3624
-4385
-5014
-5483
-5768
-5936
-6101
-6179
-6279
-6298
-6230
-6157
-6039
-5907
-5555
-5094
-4568
-3908
-3234
-2472
-1734
-973
-271
263
748
1078
1291
1346
1319
1256
1089
941
791
621
453
290
169
23
-135
-275
-433
-589
-728
-809
-868
-861
-726
-515
-225
157
613
1114
1630
2179
2716
3188
3642
4078
4472
4797
5101
5424
5724
6030
6295
6430
6445
6377
6205
5841
5259
4517
3635
2641
1570
446
-691
-1768
-2674
-3480
-4222
-4832
-5287
-5621
-5892
-6114
-6297
-6440
-6509
-6489
-6439
-6349
-6122
-5718
-5213
-4611
-3902
-3148
-2362
-1559
-788
-111
451
904
1224
1386
1443
1424
1337
1178
1045
918
738
588
436
305
151
-34
-209
-422
-617
-797
-929
-1017
-1028
-893
-718
-414
0
462
992
1527
2126
2667
3181
3665
4123
4553
4888
5268
5590
5916
6240
6487
6632
6627
6570
6337
5941
5346
4553
3650
2574
1477
321
-858
-1956
-2931
-3761
-4567
-5167
-5638
-5993
-6241
-6470
-6568
-6667
-6667
-6599
-6482
-6309
-6030
-5547
-5035
-4408
-3690
-2937
-2133
-1360
-584
84
630
1083
1416
1630
1674
1691
1609
1458
1321
1126
919
667
449
237
4
-266
-521
-727
-960
-1143
-1236
-1277
-1214
-1053
-806
-455
-44
434
948
1482
1998
2528
3029
3494
3981
4426
4851
5256
5675
6083
6450
6721
6868
6918
6800
6518
6089
5430
4584
3618
2563
1459
301
-837
-1888
-2805
-3663
-4408
-5007
-5530
-5927
-6259
-6543
-6769
-6907
-6959
-6950
-6860
-6652
-6272
-5776
-5179
-4424
-3614
-2791
-1925
-1066
-296
347
894
1312
1601
1729
1770
1743
1606
1474
1336
1143
919
720
506
260
-1
-282
-557
-859
-1131
-1331
-1477
-1557
-1504
-1319
-1072
-693
-204
311
875
1452
2054
2614
3131
3646
4125
4563
4942
5377
5766
6140
6505
6762
6927
6960
6895
6661
6230
5602
4799
3870
2797
1673
501
-710
-1805
-2818
-3730
-4544
-5226
-5759
-6192
-6523
-6801
-6954
-7053
-7068
-6987
-6845
-6572
-6196
-5686
-5078
-4360
-3582
-2784
-1934
-1129
-374
281
823
1284
1596
1796
1874
1881
1818
1700
1569
1347
1124
879
609
330
17
-289
-625
-935
-1198
-1405
-1543
-1612
-1535
-1370
-1123
-741
-299
199
732
1303
1887
2432
2973
3492
3997
4458
4908
5359
5765
6158
6512
6776
6923
6962
6887
6632
6191
5574
4785
3863
2821
1715
558
-606
-1690
-2683
-3602
-4417
-5087
-5646
-6102
-6461
-6728
-6908
-7020
-7038
-6960
-6790
-6516
-6118
-5588
-4974
-4251
-3472
-2669
-1847
-1059
-325
291
805
1214
1502
1670
1721
1715
1625
1491
1325
1105
871
597
326
39
-273
-576
-888
-1155
-1384
-1550
-1631
-1653
-1545
-1347
-1044
-652
-201
325
863
1443
2024
2594
3151
3677
4205
4690
5153
5602
6007
6402
6727
6956
7096
7098
6976
6680
6213
5571
4752
3816
2765
1651
488
-662
-1753
-2766
-3655
-4453
-5115
-5654
-6079
-6381
-6607
-6736
-6794
-6751
-6617
-6410
-6103
-5706
-5198
-4617
-3961
-3260
-2557
-1846
-1174
-565
-53
351
661
858
964
974
914
802
652
502
322
139
-50
-234
-407
-594
-761
-930
-1069
-1154
-1204
-1181
-1108
-935
-676
-339
77
523
1039
1574
2115
2658
3151
3634
4077
4506
4894
5234
5563
5841
6118
6336
6480
6556
6505
6369
6076
5640
5052
4302
3465
2503
1486
426
-647
-1660
-2618
-3460
-4224
-4866
-5371
-5777
-6043
-6246
-6343
-6351
-6292
-6135
-5925
-5624
-5259
-4822
-4308
-3760
-3155
-2544
-1933
-1335
-796
-316
63
365
564
664
696
635
544
406
245
79
-103
-271
-444
-589
-737
-880
-995
-1109
-1177
-1209
-1187
-1095
-936
-683
-365
47
510
1010
1555
2092
2641
3163
3660
4119
4541
4947
5285
5606
5877
6113
6321
6445
6511
6458
6305
6027
5607
5071
4360
3571
2683
1711
726
-308
-1285
-2226
-3073
-3825
-4502
-5025
-5466
-5768
-5993
-6146
-6190
-6187
-6065
-5908
-5661
-5344
-4965
-4471
-3978
-3399
-2805
-2208
-1591
-1049
-536
-139
189
422
528
586
523
423
290
114
-46
-237
-396
-557
-696
-821
-958
-1043
-1142
-1204
-1226
-1215
-1133
-988
-749
-443
-52
408
904
1443
1987
2528
3053
3537
3982
4385
4746
5066
5356
5618
5839
6027
6195
6290
6317
6261
6071
5779
5344
4775
4070
3258
2359
1385
403
-611
-1571
-2462
-3276
-3961
-4564
-5032
-5398
-5656
-5824
-5946
-5965
-5944
-5836
-5665
-5457
-5157
-4803
-4360
-3882
-3352
-2786
-2235
-1648
-1140
-691
-307
-35
172
267
298
250
173
80
-56
-161
-293
-400
-484
-577
-650
-738
-795
-856
-902
-906
-897
-801
-641
-405
-88
290
737
1229
1743
2253
2742
3223
3656
4045
4403
4692
4970
5213
5428
5631
5796
5943
6031
6064
5991
5790
5506
5058
4497
3809
2982
2110
1157
202
-769
-1694
-2532
-3305
-3928
-4497
-4934
-5264
-5538
-5688
-5816
-5841
-5825
-5734
-5560
-5362
-5037
-4692
-4250
-3746
-3237
-2671
-2141
-1595
-1132
-727
-387
-181
-2
54
67
31
-58
-125
-240
-322
-427
-521
-582
-682
-736
-819
-882
-916
-940
-907
-849
-700
-500
-223
139
524
975
1446
1925
2400
2848
3282
3675
4048
4383
4677
4963
5211
5436
5645
5806
5925
5991
5971
5844
5601
5249
4772
4181
3480
2671
1812
908
-23
-922
-1788
-2580
-3293
-3913
-4439
-4863
-5182
-5441
-5587
-5673
-5693
-5627
-5524
-5330
-5091
-4773
-4394
-3979
-3490
-3012
-2502
-2008
-1551
-1108
-745
-435
-223
-66
24
46
55
-4
-52
-129
-230
-319
-440
-520
-615
-693
-753
-822
-819
-816
-752
-637
-466
-200
85
441
821
1232
1674
2090
2535
2932
3320
3695
4008
4329
4605
4890
5143
5358
5566
5688
5785
5782
5703
5538
5233
4850
4314
3693
2970
2160
1338
451
-396
-1239
-2050
-2785
-3465
-4019
-4516
-4901
-5201
-5431
-5557
-5640
-5625
-5550
-5404
-5160
-4891
-4539
-4161
-3723
-3250
-2781
-2268
-1811
-1350
-959
-642
-367
-194
-40
17
31
-1
-87
-160
-285
-384
-486
-581
-641
-726
-759
-797
-798
-758
-705
-579
-435
-227
21
304
666
1045
1476
1901
2332
2772
3165
3560
3902
4229
4531
4780
5015
5193
5361
5486
5560
5600
5544
5435
5207
4873
4446
3900
3282
2554
1767
926
61
-783
-1620
-2382
-3080
-3688
-4201
-4637
-4965
-5215
-5367
-5443
-5453
-5379
-5262
-5074
-4847
-4572
-4233
-3873
-3468
-3057
-2631
-2203
-1790
-1396
-1056
-746
-491
-284
-137
-56
-18
-21
-62
-139
-223
-316
-412
-497
-585
-640
-663
-664
-632
-562
-452
-307
-115
118
386
692
1027
1383
1751
2133
2520
2894
3253
3600
3922
4224
4499
4745
4961
5142
5276
5361
5387
5354
5253
5049
4751
4352
3862
3275
2614
1888
1110
316
-496
-1283
-2028
-2715
-3322
-3857
-4313
-4680
-4970
-5171
-5298
-5348
-5328
-5243
-5097
-4904
-4646
-4338
-3983
-3597
-3196
-2770
-2346
-1931
-1552
-1212
-909
-657
-457
-310
-206
-152
-134
-143
-185
-225
-276
-331
-380
-434
-462
-486
-482
-446
-378
-268
-133
42
252
509
807
1124
1460
1800
2145
2492
2825
3163
3480
3784
4066
4314
4542
4745
4926
5069
5164
5201
5168
5063
4866
4578
4211
3746
3192
2554
1861
1132
370
-392
-1144
-1855
-2511
-3102
-3621
-4065
-4423
-4703
-4905
-5042
-5108
-5100
-5039
-4928
-4757
-4536
-4263
-3942
-3590
-3208
-2813
-2411
-2014
-1632
-1272
-952
-674
-452
-283
-161
-83
-39
-30
-46
-79
-126
-172
-213
-246
-266
-271
-264
-230
-167
-82
43
197
388
610
857
1138
1432
1748
2073
2407
2734
3050
3361
3653
3931
4186
4408
4594
4749
4863
4930
4943
4877
4749
4537
4245
3873
3426
2901
2304
1660
968
256
-452
-1147
-1813
-2433
-3003
-3506
-3933
-4280
-4547
-4747
-4879
-4938
-4935
-4875
-4759
-4600
-4394
-4152
-3875
-3563
-3232
-2883
-2525
-2172
-1825
-1507
-1210
-942
-716
-529
-391
-296
-233
-203
-207
-219
-242
-277
-305
-320
-319
-295
-248
-175
-75
43
192
370
574
797
1038
1291
1564
1854
2143
2437
2736
3022
3302
3571
3824
4062
4275
4453
4591
4692
4746
4748
4691
4571
4374
4100
3752
3333
2848
2303
1701
1060
392
-291
-967
-1620
-2233
-2802
-3316
-3759
-4134
-4427
-4646
-4796
-4880
-4899
-4860
-4764
-4617
-4431
-4197
-3933
-3642
-3319
-2975
-2622
-2258
-1901
-1553
-1226
-936
-669
-444
-263
-123
-27
29
53
55
41
21
-2
-15
-19
-5
40
112
208
318
458
612
784
975
1178
1395
1617
1849
2092
2342
2598
2855
3120
3373
3619
3849
4050
4232
4377
4475
4520
4501
4419
4272
4051
3770
3415
2990
2515
1989
1424
830
224
-384
-983
-1569
-2118
-2617
-3069
-3467
-3803
-4079
-4293
-4444
-4534
-4572
-4554
-4488
-4379
-4218
-4023
-3791
-3527
-3237
-2934
-2614
-2279
-1953
-1634
-1329
-1052
-801
-588
-408
-270
-171
-91
-49
-25
-22
-20
-8
4
33
75
135
214
316
432
563
705
856
1024
1193
1371
1561
1754
1958
2171
2391
2615
2849
3078
3303
3520
3708
3874
4002
4089
4116
4089
4004
3855
3647
3379
3057
2681
2264
1803
1315
805
287
-235
-750
-1253
-1737
-2190
-2608
-2988
-3320
-3604
-3837
-4019
-4145
-4216
-4237
-4202
-4123
-3994
-3831
-3633
-3402
-3146
-2869
-2584
-2290
-1995
-1713
-1445
-1194
-959
-752
-580
-431
-307
-210
-133
-75
-28
15
57
106
156
221
299
386
490
599
724
860
999
1146
1301
1464
1635
1811
1993
2189
2388
2597
2807
3004
3195
3376
3527
3644
3731
3767
3756
3692
3576
3402
3179
2916
2599
2246
1857
1442
1000
542
82
-386
-849
-1304
-1743
-2150
-2536
-2893
-3201
-3466
-3670
-3828
-3939
-3988
-3986
-3938
-3831
-3689
-3520
-3311
-3083
-2839
-2584
-2326
-2064
-1814
-1565
-1331
-1111
-911
-726
-560
-411
-278
-162
-55
33
117
191
261
335
413
492
572
666
765
868
980
1102
1226
1357
1496
1641
1787
1941
2098
2251
2406
2555
2700
2837
2962
3067
3150
3203
3223
3212
3159
3066
2934
2759
2545
2299
2020
1709
1371
1014
633
244
-160
-569
-970
-1362
-1742
-2104
-2435
-2738
-3003
-3227
-3412
-3545
-3626
-3661
-3650
-3593
-3500
-3371
-3211
-3024
-2817
-2593
-2365
-2123
-1880
-1648
-1418
-1195
-983
-780
-588
-417
-256
-109
24
140
236
327
405
478
546
609
669
732
793
862
947
1029
1128
1231
1343
1468
1591
1723
1853
1987
2122
2248
2373
2486
2581
2659
2721
2766
2777
2760
2718
2639
2530
2384
2206
1998
1757
1490
1195
880
553
208
-142
-490
-834
-1171
-1496
-1800
-2084
-2338
-2557
-2751
-2911
-3031
-3112
-3158
-3163
-3132
-3066
-2967
-2846
-2695
-2519
-2332
-2127
-1913
-1692
-1466
-1242
-1028
-821
-616
-423
-245
-81
68
208
331
437
537
617
688
755
812
864
911
955
1001
1045
1090
1139
1190
1242
1301
1359
1422
1488
1552
1621
1685
1747
1801
1844
1877
1905
1911
1898
1869
1825
1757
1671
1561
1429
1278
1109
918
709
486
245
-2
-254
-505
-760
-1011
-1252
-1475
-1685
-1873
-2040
-2184
-2296
-2382
-2439
-2466
-2458
-2424
-2364
-2274
-2160
-2028
-1874
-1713
-1531
-1349
-1162
-969
-783
-600
-428
-258
-102
48
179
300
409
502
592
668
737
792
842
886
926
964
992
1024
1048
1073
1095
1116
1142
1166
1186
1203
1216
1228
1237
1238
1238
1223
1209
1183
1144
1106
1051
989
924
843
750
657
556
448
336
213
88
-38
-164
-291
-425
-559
-686
-809
-930
-1042
-1150
-1240
-1317
-1387
-1446
-1488
-1516
-1529
-1528
-1507
-1478
-1437
-1376
-1306
-1225
-1134
-1041
-932
-817
-708
-589
-463
-348
-239
-125
-18
77
173
257
338
414
478
533
585
632
668
709
739
756
777
790
801
811
819
827
826
824
829
825
814
808
800
788
773
753
734
710
678
645
607
567
529
484
432
376
321
257
194
126
52
-22
-97
-172
-255
-331
-406
-483
-553
-621
-685
-744
-792
-830
-871
-903
-926
-943
-950
-947
-936
-924
-900
-871
-836
-793
-743
-690
-631
-567
-501
-435
-373
-300
-232
-168
-102
-38
20
80
136
188
240
283
325
362
399
432
461
490
513
537
555
566
578
589
598
601
608
612
620
620
620
618
617
619
614
609
599
595
584
565
556
533
514
488
457
425
392
356
315
268
216
168
105
49
-8
-76
-138
-211
-272
-335
-406
-471
-534
-595
-649
-699
-747
-787
-824
-852
-879
-901
-914
-917
-915
-909
-891
-876
-848
-811
-772
-729
-677
-624
-570
-509
-446
-379
-315
-246
-179
-111
-47
19
78
139
195
247
316
360
407
450
494
533
574
608
634
659
680
701
715
724
735
746
749
754
751
751
744
737
724
707
691
668
645
611
571
537
498
452
408
355
298
238
176
116
46
-20
-86
-158
-227
-299
-364
-431
-497
-559
-614
-661
-711
-756
-797
-830
-853
-875
-890
-894
-889
-879
-863
-843
-817
-783
-745
-704
-653
-598
-542
-481
-416
-349
-278
-209
-141
-69
-2
64
131
192
251
307
363
415
456
499
540
573
598
618
641
655
661
661
657
656
646
631
619
593
571
546
518
488
457
422
390
349
303
266
225
177
129
87
41
-5
-47
-94
-136
-178
-222
-264
-303
-336
-369
-403
-430
-452
-472
-489
-503
-517
-523
-521
-520
-514
-503
-489
-461
-438
-416
-381
-349
-313
-271
-231
-186
-142
-95
-43
6
53
98
141
182
218
259
293
325
356
380
403
421
440
456
458
461
458
456
447
431
410
389
367
334
307
273
235
200
163
120
75
35
-5
-44
-79
-119
-157
-191
-229
-257
-286
-315
-344
-369
-386
-406
-419
-434
-447
-453
-452
-454
-449
-434
-425
-407
-393
-371
-347
-322
-292
-260
-224
-191
-153
-120
-77
-38
-8
32
71
106
142
180
209
239
266
291
317
341
361
381
398
414
425
430
436
435
427
419
400
387
369
344
328
302
278
255
223
196
166
130
100
64
30
-1
-38
-75
-106
-139
-173
-199
-228
-253
-273
-296
-309
-325
-340
-351
-362
-370
-377
-374
-379
-377
-369
-359
-349
-331
-309
-296
-279
-253
-227
-197
-168
-138
-105
-77
-47
-19
9
38
64
91
117
142
173
196
220
243
257
273
284
299
308
316
314
318
319
313
306
291
281
267
253
239
224
207
184
165
143
120
98
74
45
25
3
-27
-47
-66
-86
-109
-125
-140
-154
-170
-192
-207
-214
-215
-219
-220
-222
-224
-231
-230
-225
-224
-222
-215
-200
-193
-179
-164
-154
-140
-121
-106
-88
-71
-52
-38
-22
4
16
31
40
49
66
85
100
110
124
137
144
149
148
146
151
150
149
145
140
140
139
129
121
112
100
90
82
76
66
59
51
44
33
20
12
3
-6
-16
-19
-25
-32
-36
-42
-51
-59
-61
-67
-65
-65
-66
-56
-54
-53
-48
-46
-45
-41
-38
-33
-26
-19
-9
-3
-5
-7
-3
-2
-1
-7
-10
-5
-2
-2
2
1
-5
-6
-11
-14
-11
-9
-7
-4
-6
-6
-5
-8
-12
-15
-16
-12
-11
-8
-4
5
8
4
6
5
1
0
-1
-3
-1
-2
3
0
-1
-1
0
-1
-3
3
3
10
12
12
3
-4
1
-2
0
-1
4
4
6
16
12
9
7
5
0
-1
0
-1
0
1
4
5
1
1
-2
-2
-1
-1
4
-1
0
2
0
-6
-10
-15
-15
-11
-10
-5
-2
2
6
9
3
6
7
7
9
10
16
15
12
15
12
10
10
5
7
6
6
8
10
10
7
4
3
4
-1
-2
-3
-2
-1
1
3
8
4
-5
-5
-7
-7
-5
-3
0
-3
2
5
-2
1
-2
-4
3
-2
0
1
1
1
0
-3
-1
0
-1
5
5
6
4
4
7
3
1
1
-4
-6
-4
-1
-4
-3
1
-1
-4
-6
-7
-3
1
0
0
-3
-2
-1
-4
-7
-8
-11
-7
-12
-12
-2
0
0
1
4
4
3
1
8
4
3
3
3
4
-2
-1
-5
-3
5
1
0
6
7
13
10
7
13
14
11
12
14
10
12
9
6
10
12
12
11
13
11
14
11
11
12
2
-2
-3
-6
-5
-7
-11
-10
-9
-6
-10
-8
-8
-15
-12
-9
-10
-13
-14
-8
-11
-8
-4
-4
-2
-2
2
2
0
3
4
1
2
0
-3
-5
-3
-4
-5
-5
-4
6
5
3
4
5
8
4
12
16
12
12
15
13
8
10
4
5
7
4
8
7
8
6
9
13
14
6
4
10
9
8
5
4
3
0
3
0
-1
1
2
0
-1
-4
-8
-8
-7
-9
-9
-9
-13
-13
-13
-11
-7
-8
-9
-10
-4
-4
-6
-3
-6
-6
-5
-2
-3
0
4
4
6
7
6
5
4
0
-4
0
0
-5
-9
-9
-7
-6
-5
-11
-13
-12
-13
-12
-11
-13
-12
-11
-13
-13
-10
-10
-8
-6
-5
-8
-10
-12
-16
-12
-15
-13
-10
-4
0
-5
-5
-4
-4
-4
-2
-5
-2
-4
-7
-8
-7
-5
-3
-1
-2
-3
-6
-2
-4
-8
-2
-2
-2
-5
-10
-7
-9
-8
-8
-4
7
8
11
9
9
9
12
13
10
11
8
10
15
14
7
7
12
11
10
12
10
13
19
13
7
5
2
3
-3
-4
-2
-4
-3
-2
-5
-2
-1
-2
0
1
2
-4
1
0
-3
-4
-5
-3
-4
1
1
0
0
2
4
3
0
1
-1
-1
4
3
2
2
-2
-6
-3
-4
-2
-3
-7
-9
-10
-8
-6
-4
-5
-7
-4
-1
-6
-3
1
3
-2
1
0
-5
-3
-5
-4
-1
-1
-2
-2
-1
2
0
1
-2
3
6
1
