2
2
3
6
4
-6
2
1
3
2
1
-2
-3
-2
1
0
-9
-4
5
10
4
7
7
3
5
5
9
8
9
11
14
7
1
3
6
7
-3
-6
-4
-3
1
-1
-2
3
-1
2
-4
1
-3
-7
1
1
3
4
5
1
0
-3
2
8
10
9
10
8
9
1
-9
-2
3
-10
-12
-8
-7
-5
-12
-7
-10
-11
-8
-18
-21
-15
-21
-16
-10
-11
-5
3
0
0
2
2
11
10
9
16
22
20
19
16
18
20
18
29
18
3
4
3
5
9
4
-2
5
-4
1
1
-13
-2
14
0
-8
-11
-6
7
2
-3
-24
-24
-18
-10
-3
-7
-10
-26
-17
-13
-7
7
8
-15
-12
-4
-1
36
6
-32
-30
-20
-22
3
-10
0
0
3
0
15
37
-2
-14
-37
-2
-10
5
-12
-21
38
28
3
-25
-23
-23
-21
6
14
8
3
-6
-28
8
41
-8
-39
-9
-16
-29
-14
-26
4
65
73
-6
-13
-21
-5
38
16
-28
-65
-56
-57
13
73
50
60
47
39
12
-6
-21
-21
-1
-3
-15
-41
30
32
-42
-32
-36
13
60
78
43
22
-17
-57
-61
-13
46
19
27
-20
-8
-16
-25
-46
7
-5
-40
-9
28
46
21
18
-88
-48
23
0
18
102
42
-45
-66
-77
-26
-2
-52
-76
-35
87
113
98
68
11
-5
-43
-41
-45
-2
-54
-30
-27
-12
-4
-10
77
90
89
45
-13
-47
15
-47
-77
-76
40
173
168
15
-144
-206
-118
89
56
38
0
-5
-11
25
14
92
110
81
-21
-95
-127
-69
-80
-114
42
23
191
128
81
-96
17
-19
50
109
-62
-104
-130
-2
-39
119
1
-59
-106
42
71
174
108
-105
-147
-101
30
-24
84
-59
4
-2
-16
-68
28
89
-49
-30
-68
82
234
217
-29
-208
-176
-29
5
56
-5
-55
-26
7
-23
79
239
85
-28
-170
-132
48
215
41
-206
-214
-136
37
135
-38
-114
94
209
225
80
-89
-194
-70
73
42
-51
-79
-36
-212
-119
-49
33
244
212
39
-15
99
77
69
-135
-242
-107
42
106
88
-17
-46
6
58
54
-13
-37
-60
-110
-123
-60
-50
-1
-16
-161
-174
74
220
312
90
-126
-191
-82
-61
-2
-48
-203
-52
11
141
203
183
5
-88
-13
30
12
-14
-13
-74
-111
-99
-90
31
178
145
51
23
-70
-129
-91
-56
57
171
58
-70
-53
-137
-69
30
92
123
60
53
-135
-54
18
66
177
218
149
23
-21
-124
-83
-34
9
-72
-134
-158
-134
71
190
12
-120
-61
-1
121
64
-38
-39
98
154
-356
-475
-311
-49
384
471
-4
-84
136
176
442
299
-107
-280
-150
-199
-61
-43
-150
-164
-1
48
138
309
276
239
23
-136
-339
-334
-324
-228
-249
-72
25
247
375
126
71
68
75
199
222
-63
-88
-14
40
47
0
17
1
16
-77
-148
-182
61
100
-93
-122
-77
170
279
40
-319
-196
-19
134
147
-164
-187
166
237
143
111
-58
38
54
-19
-151
-198
-108
-38
21
79
44
41
221
241
381
314
12
-259
-277
-382
-186
-30
-66
-79
-14
197
131
149
13
-180
-261
-215
-310
-224
-91
9
11
-8
230
312
422
307
126
78
197
216
15
-137
-317
-187
-3
99
-39
-243
-182
-92
118
175
19
-153
-121
-162
-169
-66
56
82
-1
92
56
377
485
294
92
-88
-234
-206
-101
-187
-130
-214
-239
-57
188
267
155
-47
-114
86
145
95
-99
-344
-129
175
192
208
179
-46
218
233
-171
-299
-366
-405
-210
-193
-404
-209
25
186
149
368
391
327
278
67
-35
204
442
111
-154
-257
-205
-84
21
-244
-475
-455
-333
-322
-114
-73
-36
223
280
284
299
155
46
130
149
121
151
143
-9
-84
-111
-63
68
302
216
-53
-134
-189
-122
9
-189
-420
-585
-514
-115
258
539
560
472
298
150
-9
-205
-347
-422
-390
-352
-232
-78
27
238
306
368
226
8
20
109
328
358
91
-229
-290
-211
31
109
115
168
56
-81
-92
-82
8
97
-193
-327
-265
-92
-73
-181
-210
-105
32
131
133
27
113
20
-125
-77
158
205
128
-75
-116
121
266
277
118
55
122
149
-28
-17
14
71
85
-25
-155
-17
11
5
-95
-346
-373
-309
-84
93
80
-199
-235
-187
208
406
152
-9
17
26
132
47
-297
-122
176
248
175
313
216
141
179
59
-87
99
8
-317
-214
-85
-17
83
26
-184
-120
-6
17
-19
-108
-310
-318
-73
34
71
122
67
194
322
105
-17
27
119
286
197
-25
-203
-364
-284
-122
-97
-57
-16
-32
119
165
112
122
189
284
64
-243
-277
-278
-42
228
140
-111
-181
-173
46
396
323
-7
-339
-334
-167
-102
-159
-218
-101
171
339
357
199
17
-57
-119
-22
26
-113
-200
-78
15
102
215
361
592
648
294
-117
-227
-180
-132
-210
-315
-254
0
165
92
-40
-299
-488
-494
-313
0
190
242
83
-25
-134
-33
207
291
409
271
-3
-149
-65
27
102
111
-55
-185
-142
-39
-77
-119
-71
-75
-126
-116
-140
-26
220
272
-5
-215
-216
-85
18
81
108
-3
25
-19
-59
73
106
69
40
56
355
552
452
313
54
-255
-146
-33
-228
-431
-601
-623
-399
11
17
-156
-157
11
67
283
392
73
39
-40
-116
160
429
408
482
493
344
289
36
-303
-280
-186
-257
-299
-398
-370
-129
89
88
-50
-32
37
24
118
-54
-344
-351
-254
-11
156
171
119
107
274
422
372
197
43
-50
-191
-198
-128
-184
-218
-228
-361
-390
-197
-103
21
174
199
120
105
113
10
-47
-165
-243
-182
-104
-102
33
184
281
421
434
495
592
679
454
111
-3
-170
-215
-151
-282
-388
-320
-269
-224
-170
8
120
129
216
111
-44
-114
-148
-48
51
139
51
-231
-320
-184
5
128
212
186
125
90
20
-95
-171
-178
-250
-369
-328
-246
-372
-338
-15
238
226
232
39
-89
160
151
-106
-118
-6
-19
-6
22
81
125
310
257
129
279
256
248
248
166
97
2
-9
70
119
28
-218
-353
-350
-140
113
78
56
65
-42
103
101
-63
-21
-100
-125
-80
-69
-99
-26
111
245
356
347
179
-8
-44
-58
-64
-128
-241
-298
-218
-196
-147
-65
-88
-65
-18
-101
-184
-188
-267
-214
-48
44
93
127
145
164
157
158
154
36
-116
-265
-339
-228
-56
57
-4
-3
76
58
102
69
-126
-183
-51
14
135
206
126
13
-52
-20
39
188
244
4
-187
-126
-13
203
401
319
270
312
226
145
56
-92
-348
-446
-393
-301
-96
98
98
59
201
264
242
254
128
-126
-90
15
68
142
230
228
177
317
361
248
189
30
-232
-158
-138
-266
-376
-442
-469
-393
-266
-273
-273
-279
-274
-232
-97
-23
-29
-13
24
-37
-33
-85
-160
-77
-140
-184
21
273
446
486
277
186
129
108
111
69
61
-23
-272
-400
-204
-76
33
66
6
64
194
123
33
3
49
193
282
345
238
77
15
-9
-3
57
-41
-59
49
92
127
34
-113
-200
-264
-262
-91
116
256
277
188
114
230
410
519
543
407
169
-80
-201
-238
-248
-261
-332
-353
-256
-200
-257
-322
-336
-233
-164
-227
-391
-413
-286
-190
-96
-60
-16
79
132
108
78
0
-54
-107
-35
120
175
217
169
47
6
43
87
198
201
86
-50
-124
-136
-83
-39
23
1
-146
-155
-156
-46
125
105
20
63
19
67
134
76
124
158
194
202
95
-69
-143
-100
132
293
351
380
296
206
166
47
-61
-108
-266
-288
-183
-86
25
85
89
173
188
170
169
72
-54
-239
-415
-464
-424
-402
-392
-366
-245
-127
-84
-65
-30
-5
-11
-37
-131
-167
-117
-20
78
179
261
259
230
210
101
-33
-36
-24
18
98
81
11
34
99
159
242
287
259
165
40
-160
-365
-462
-455
-418
-330
-205
-110
-12
41
97
193
271
299
205
31
-46
-82
-68
62
158
247
384
525
628
674
583
375
161
7
-130
-230
-258
-200
-77
44
130
150
141
39
-106
-270
-435
-578
-645
-618
-510
-324
-133
43
207
340
378
345
203
1
-148
-218
-231
-186
-164
-149
-35
143
337
444
385
182
-31
-151
-174
-157
-177
-253
-288
-258
-241
-278
-365
-435
-416
-281
-101
75
210
285
337
365
341
300
223
117
18
-63
-114
-107
-33
64
168
250
277
250
187
80
-43
-130
-200
-216
-185
-133
-56
-6
34
65
119
181
221
223
188
117
13
-74
-136
-172
-190
-195
-192
-215
-231
-204
-125
11
135
216
249
258
257
238
163
37
-74
-129
-121
-50
30
82
150
220
259
239
147
4
-115
-158
-132
-48
60
150
222
262
239
178
95
-44
-185
-315
-432
-480
-460
-399
-291
-152
-20
112
209
231
185
114
24
-61
-109
-152
-150
-78
34
163
256
273
239
197
160
121
64
-44
-177
-258
-296
-296
-275
-271
-265
-187
-53
84
194
233
204
190
223
255
281
259
197
138
99
61
15
-42
-117
-143
-147
-174
-207
-249
-302
-342
-346
-341
-302
-225
-159
-119
-104
-100
-79
-13
51
87
111
128
135
162
157
101
43
-38
-89
-98
-84
-43
25
88
127
138
115
74
65
67
61
57
30
4
7
33
56
52
18
-27
-66
-85
-112
-146
-168
-138
-16
155
331
445
504
574
650
717
702
561
324
77
-135
-304
-436
-525
-541
-476
-344
-202
-91
-25
14
36
27
-22
-87
-113
-70
-3
51
55
75
104
123
125
63
-27
-119
-161
-194
-240
-300
-356
-375
-339
-275
-239
-231
-232
-214
-168
-93
0
91
174
239
284
299
251
173
76
-37
-120
-168
-173
-113
-16
75
148
185
189
187
187
178
155
101
49
21
11
10
1
7
31
80
151
209
230
238
242
263
298
304
281
250
217
192
165
121
60
-12
-60
-88
-127
-146
-137
-90
-39
-17
-29
-69
-110
-142
-180
-246
-317
-353
-331
-258
-165
-94
-53
-35
-35
-54
-122
-230
-333
-400
-419
-418
-390
-359
-317
-268
-228
-215
-224
-236
-249
-266
-282
-275
-206
-78
83
239
333
372
370
343
281
178
68
-15
-36
7
70
126
169
192
189
172
136
89
57
49
84
136
201
272
330
385
436
474
483
477
453
396
333
277
227
210
227
247
280
287
261
211
150
95
43
-11
-75
-127
-154
-155
-141
-134
-145
-172
-205
-230
-245
-255
-264
-296
-332
-364
-382
-372
-351
-322
-304
-280
-247
-206
-177
-179
-199
-236
-264
-279
-305
-355
-428
-485
-492
-453
-402
-365
-349
-337
-286
-223
-168
-140
-146
-143
-113
-58
-2
45
99
156
231
307
371
418
441
440
428
398
366
320
260
210
170
167
186
219
252
294
346
428
529
628
694
709
697
676
669
637
585
527
497
513
557
594
597
555
491
438
378
305
202
81
-21
-109
-167
-221
-293
-386
-475
-549
-609
-667
-746
-821
-879
-908
-901
-865
-823
-813
-800
-789
-776
-771
-792
-818
-847
-845
-777
-677
-571
-487
-434
-399
-374
-368
-391
-436
-503
-559
-582
-555
-501
-418
-322
-218
-92
30
148
243
303
351
389
448
522
588
666
747
873
1024
1186
1301
1381
1441
1482
1527
1561
1576
1543
1493
1425
1366
1314
1268
1217
1154
1090
1021
958
883
774
641
499
353
211
72
-71
-208
-348
-465
-569
-676
-790
-912
-1022
-1115
-1182
-1243
-1309
-1369
-1416
-1440
-1437
-1412
-1403
-1413
-1439
-1477
-1500
-1518
-1531
-1541
-1533
-1505
-1435
-1340
-1236
-1126
-1018
-913
-814
-727
-645
-574
-508
-440
-377
-309
-249
-190
-121
-35
75
193
307
412
519
636
767
902
1030
1156
1276
1387
1509
1603
1683
1760
1802
1857
1904
1937
1955
1958
1950
1933
1902
1850
1793
1731
1658
1585
1516
1425
1325
1227
1128
1029
951
899
839
765
683
576
430
239
10
-282
-635
-1035
-1458
-1871
-2264
-2621
-2945
-3214
-3386
-3473
-3508
-3480
-3405
-3309
-3207
-3083
-2936
-2784
-2612
-2410
-2161
-1870
-1545
-1224
-915
-601
-294
-15
212
386
511
552
541
520
496
480
464
459
488
563
672
800
935
1055
1169
1289
1427
1575
1697
1789
1878
1997
2112
2232
2346
2434
2505
2572
2662
2733
2764
2752
2731
2728
2745
2753
2723
2671
2624
2560
2456
2311
2126
1847
1462
1016
524
-55
-740
-1490
-2250
-2975
-3630
-4182
-4611
-4871
-4983
-4968
-4832
-4577
-4269
-3978
-3710
-3456
-3235
-3083
-2981
-2879
-2732
-2531
-2255
-1913
-1506
-1053
-600
-183
184
474
633
675
640
558
420
249
114
56
86
200
382
609
857
1121
1375
1575
1710
1764
1743
1695
1662
1629
1595
1607
1688
1824
1987
2175
2384
2580
2753
2911
3056
3182
3269
3330
3383
3451
3511
3547
3560
3550
3463
3234
2880
2428
1865
1161
329
-564
-1491
-2419
-3275
-4017
-4609
-5037
-5292
-5369
-5241
-4968
-4655
-4344
-4014
-3664
-3358
-3094
-2860
-2629
-2398
-2140
-1826
-1468
-1098
-776
-522
-324
-175
-126
-202
-367
-562
-764
-940
-1035
-1041
-985
-881
-706
-472
-230
-12
149
258
356
481
616
776
978
1194
1433
1709
2005
2285
2502
2678
2813
2900
2941
2956
2969
3014
3087
3167
3286
3425
3567
3688
3776
3837
3872
3864
3828
3740
3551
3220
2765
2253
1666
949
83
-872
-1821
-2719
-3527
-4232
-4804
-5209
-5427
-5453
-5300
-5032
-4744
-4452
-4163
-3835
-3502
-3227
-2976
-2696
-2359
-1964
-1515
-1031
-591
-215
95
315
405
355
188
-106
-464
-804
-1116
-1392
-1561
-1613
-1569
-1422
-1190
-940
-720
-500
-304
-143
-1
119
248
420
652
945
1270
1630
2021
2399
2758
3104
3369
3495
3557
3592
3586
3567
3564
3565
3566
3620
3727
3844
3952
4017
4062
4085
4068
4006
3766
3273
2681
2078
1333
428
-528
-1553
-2602
-3486
-4195
-4823
-5292
-5545
-5649
-5550
-5270
-4944
-4620
-4269
-3917
-3573
-3232
-2925
-2619
-2260
-1854
-1413
-935
-472
-38
335
585
721
727
564
284
-35
-450
-937
-1370
-1726
-1975
-2074
-2084
-2032
-1878
-1639
-1368
-1077
-818
-609
-394
-190
0
232
490
748
1092
1518
1961
2415
2856
3261
3631
3929
4098
4176
4175
4091
3994
3903
3791
3693
3652
3669
3750
3841
3923
4044
4145
4169
4109
3831
3255
2600
1921
994
-71
-1105
-2224
-3299
-4092
-4743
-5347
-5693
-5793
-5782
-5587
-5291
-5047
-4795
-4507
-4228
-3953
-3671
-3402
-3030
-2510
-1946
-1348
-703
-96
444
912
1202
1277
1155
855
470
34
-487
-1035
-1514
-1873
-2061
-2104
-2085
-2008
-1861
-1666
-1430
-1206
-1053
-914
-734
-545
-315
11
366
753
1253
1816
2357
2885
3370
3765
4077
4307
4415
4433
4384
4287
4189
4081
3970
3899
3873
3897
3967
4030
4104
4227
4317
4324
4249
3923
3355
2772
2092
1116
12
-1097
-2336
-3500
-4404
-5229
-5953
-6335
-6463
-6445
-6207
-5836
-5507
-5153
-4738
-4363
-4028
-3719
-3412
-3011
-2493
-1937
-1336
-663
-14
602
1155
1505
1618
1574
1330
892
366
-243
-934
-1572
-2031
-2341
-2498
-2468
-2332
-2118
-1787
-1396
-1068
-787
-500
-251
-40
203
476
744
1080
1525
2020
2527
3032
3497
3894
4203
4414
4488
4424
4309
4174
3991
3782
3621
3513
3443
3471
3580
3700
3862
4078
4229
4303
4236
3852
3234
2588
1823
764
-406
-1620
-2889
-4004
-4853
-5601
-6205
-6466
-6497
-6400
-6090
-5683
-5367
-5057
-4697
-4373
-4081
-3783
-3478
-3074
-2542
-1945
-1280
-526
192
846
1465
1868
1996
1954
1715
1232
627
-20
-741
-1414
-1919
-2313
-2544
-2509
-2320
-2061
-1684
-1243
-855
-531
-240
-11
191
392
563
744
1006
1341
1758
2257
2765
3245
3677
4041
4334
4507
4492
4342
4172
3968
3708
3477
3294
3154
3130
3186
3259
3432
3689
3863
4011
4146
3936
3370
2785
2151
1207
81
-1078
-2358
-3558
-4434
-5165
-5847
-6220
-6280
-6196
-5911
-5440
-5032
-4731
-4404
-4059
-3775
-3554
-3364
-3111
-2730
-2267
-1731
-1074
-383
267
923
1485
1799
1892
1791
1456
963
370
-356
-1071
-1636
-2123
-2534
-2692
-2622
-2433
-2099
-1649
-1227
-835
-441
-152
90
376
600
732
939
1252
1558
1930
2397
2833
3215
3605
3947
4196
4337
4330
4195
4026
3851
3636
3403
3207
3092
3046
3016
3044
3203
3415
3564
3750
3930
3767
3303
2874
2376
1519
456
-643
-1892
-3095
-3998
-4806
-5624
-6118
-6216
-6180
-5963
-5485
-5050
-4769
-4410
-3991
-3723
-3576
-3411
-3210
-2933
-2548
-2090
-1545
-881
-167
526
1174
1652
1853
1844
1648
1198
523
-234
-981
-1690
-2302
-2751
-2992
-2946
-2629
-2171
-1625
-1014
-419
94
509
814
1008
1103
1129
1167
1300
1487
1728
2093
2531
2949
3366
3782
4087
4229
4207
4020
3757
3456
3113
2770
2521
2389
2358
2437
2632
2958
3338
3688
4053
4350
4298
3901
3466
2941
2059
939
-227
-1499
-2711
-3633
-4438
-5219
-5678
-5791
-5775
-5563
-5176
-4861
-4669
-4419
-4140
-3974
-3911
-3851
-3674
-3365
-2956
-2458
-1850
-1129
-358
422
1123
1619
1866
1881
1690
1290
679
-46
-760
-1417
-1995
-2424
-2652
-2642
-2398
-2010
-1543
-1040
-541
-102
258
532
722
833
888
938
1045
1201
1386
1665
2015
2348
2648
2965
3248
3428
3497
3474
3380
3230
3031
2836
2729
2692
2720
2808
2964
3255
3653
4053
4448
4842
4949
4692
4374
3972
3163
2034
796
-621
-2044
-3233
-4316
-5332
-6001
-6283
-6399
-6268
-5884
-5526
-5240
-4900
-4544
-4314
-4216
-4182
-4076
-3817
-3436
-2963
-2355
-1590
-716
208
1092
1847
2351
2529
2446
2158
1615
866
70
-712
-1453
-2034
-2363
-2449
-2301
-1940
-1472
-962
-442
-3
307
493
592
600
497
370
328
362
479
745
1155
1581
2017
2486
2922
3260
3487
3587
3563
3455
3253
3031
2886
2845
2879
2946
3082
3382
3839
4298
4756
5181
5287
5010
4653
4215
3362
2160
840
-626
-2091
-3311
-4420
-5448
-6092
-6319
-6382
-6246
-5858
-5487
-5206
-4868
-4538
-4335
-4260
-4246
-4172
-3929
-3556
-3093
-2469
-1664
-752
202
1151
2002
2636
2964
2984
2748
2254
1538
723
-139
-1021
-1790
-2304
-2569
-2607
-2406
-2050
-1594
-1068
-584
-250
-42
100
146
72
-47
-118
-118
-7
281
722
1212
1744
2307
2847
3299
3622
3809
3860
3798
3639
3432
3271
3212
3230
3276
3370
3608
4001
4432
4873
5290
5405
5134
4783
4386
3602
2425
1104
-355
-1863
-3156
-4316
-5458
-6267
-6608
-6704
-6595
-6226
-5810
-5468
-5053
-4619
-4316
-4150
-4046
-3933
-3700
-3362
-2966
-2429
-1688
-812
125
1060
1929
2637
3087
3280
3143
2633
1867
1056
178
-859
-1859
-2618
-3109
-3298
-3197
-2925
-2498
-1874
-1189
-636
-223
65
187
181
130
70
-9
-33
143
545
1045
1599
2255
2925
3494
3944
4255
4340
4257
4062
3772
3484
3290
3207
3195
3290
3559
3970
4456
4992
5537
5800
5613
5258
4857
4091
2869
1446
-140
-1795
-3230
-4477
-5684
-6616
-7045
-7150
-6975
-6510
-6012
-5605
-5143
-4641
-4274
-4095
-4038
-3975
-3797
-3506
-3113
-2570
-1839
-923
131
1201
2188
3024
3601
3882
3847
3353
2413
1392
402
-769
-2032
-3065
-3791
-4161
-4101
-3783
-3352
-2684
-1812
-1011
-385
91
339
341
289
262
173
21
16
317
804
1359
2025
2780
3486
4099
4565
4779
4764
4579
4245
3842
3499
3249
3088
3073
3261
3641
4123
4667
5290
5784
5830
5545
5215
4632
3556
2153
567
-1141
-2723
-4081
-5375
-6476
-7105
-7330
-7259
-6868
-6332
-5844
-5359
-4833
-4360
-4076
-4017
-4025
-3911
-3674
-3379
-2936
-2283
-1455
-451
671
1749
2679
3407
3873
4039
3795
3071
2079
1083
-12
-1276
-2460
-3382
-3988
-4184
-4046
-3733
-3216
-2458
-1642
-940
-373
11
136
87
64
59
-45
-140
12
415
930
1528
2234
2969
3665
4264
4650
4794
4754
4532
4192
3847
3549
3302
3173
3235
3483
3911
4453
5069
5703
6103
6059
5777
5414
4709
3495
1970
272
-1502
-3107
-4525
-5836
-6862
-7413
-7573
-7432
-7017
-6462
-5912
-5385
-4833
-4358
-4124
-4113
-4072
-3895
-3663
-3330
-2788
-2059
-1177
-77
1110
2176
3095
3841
4306
4399
4060
3312
2319
1249
67
-1219
-2418
-3378
-4003
-4259
-4219
-3957
-3445
-2738
-1999
-1324
-763
-400
-251
-211
-188
-190
-266
-305
-120
266
737
1312
2011
2744
3433
4046
4487
4687
4714
4586
4333
4079
3856
3644
3517
3571
3816
4222
4740
5375
6023
6385
6325
6081
5748
5016
3767
2191
394
-1467
-3142
-4670
-6124
-7244
-7838
-8084
-8033
-7621
-7060
-6530
-5954
-5311
-4785
-4506
-4379
-4226
-3982
-3672
-3255
-2660
-1914
-982
156
1332
2373
3303
4073
4499
4543
4184
3374
2293
1179
-31
-1357
-2563
-3471
-4036
-4197
-4033
-3655
-3036
-2220
-1404
-723
-211
70
130
55
-67
-232
-431
-522
-357
41
562
1225
2017
2812
3539
4171
4601
4741
4679
4473
4162
3869
3627
3423
3347
3530
3929
4455
5118
5913
6611
6883
6764
6488
6012
5055
3624
1905
-12
-1900
-3564
-5095
-6487
-7434
-7888
-8044
-7874
-7370
-6811
-6347
-5809
-5239
-4878
-4751
-4705
-4606
-4413
-4114
-3665
-3029
-2210
-1180
38
1246
2355
3349
4115
4527
4589
4218
3342
2247
1148
-75
-1434
-2638
-3547
-4115
-4264
-4069
-3674
-3062
-2206
-1358
-683
-185
112
163
69
-65
-282
-509
-593
-415
-24
523
1211
1996
2820
3607
4270
4686
4821
4758
4568
4304
4026
3772
3579
3577
3818
4258
4829
5547
6386
7065
7289
7129
6821
6227
5128
3576
1746
-249
-2197
-3937
-5562
-6992
-7941
-8385
-8511
-8297
-7772
-7208
-6687
-6092
-5486
-5118
-4969
-4883
-4737
-4509
-4176
-3677
-3001
-2087
-938
364
1635
2800
3838
4639
5121
5185
4744
3832
2729
1593
293
-1137
-2434
-3420
-4044
-4265
-4173
-3863
-3295
-2493
-1701
-1060
-550
-240
-179
-244
-339
-549
-803
-841
-645
-266
284
1013
1805
2650
3509
4221
4665
4857
4878
4732
4501
4234
3973
3783
3752
3964
4359
4914
5613
6449
7163
7440
7315
7012
6483
5446
3916
2073
68
-1942
-3779
-5468
-6991
-8089
-8665
-8829
-8694
-8268
-7703
-7145
-6556
-5956
-5496
-5297
-5168
-4980
-4706
-4352
-3855
-3132
-2168
-962
391
1769
3023
4118
5000
5573
5697
5267
4388
3274
2050
692
-757
-2132
-3219
-3910
-4196
-4156
-3904
-3391
-2708
-2001
-1402
-922
-634
-596
-659
-732
-878
-1061
-1051
-798
-380
230
1012
1852
2689
3529
4217
4671
4910
4965
4841
4609
4387
4160
3995
3981
4166
4549
5091
5761
6499
7215
7573
7463
7101
6596
5674
4197
2410
443
-1605
-3540
-5244
-6791
-8049
-8801
-9121
-9124
-8827
-8318
-7786
-7235
-6634
-6099
-5742
-5529
-5281
-4926
-4483
-3953
-3207
-2220
-1031
308
1695
3018
4163
5122
5802
6072
5848
5159
4130
2904
1550
68
-1390
-2653
-3590
-4150
-4345
-4242
-3906
-3359
-2705
-2042
-1480
-1093
-930
-892
-883
-942
-1063
-1101
-903
-493
72
798
1636
2536
3413
4194
4799
5203
5377
5352
5182
4930
4621
4318
4186
4234
4444
4834
5358
5975
6690
7254
7311
7006
6603
5905
4635
2982
1125
-926
-2964
-4754
-6330
-7739
-8716
-9208
-9334
-9116
-8631
-8091
-7551
-6932
-6320
-5859
-5585
-5344
-5000
-4562
-4049
-3398
-2496
-1360
-77
1260
2571
3765
4766
5509
5879
5778
5192
4231
3066
1800
401
-1030
-2278
-3223
-3829
-4082
-4045
-3801
-3349
-2751
-2122
-1620
-1295
-1139
-1121
-1142
-1182
-1259
-1299
-1109
-627
10
728
1538
2428
3312
4073
4683
5099
5296
5299
5173
4970
4705
4438
4322
4423
4644
4993
5470
6013
6638
7255
7458
7126
6646
6091
5087
3544
1779
-114
-2118
-3957
-5546
-7020
-8253
-8985
-9291
-9288
-8994
-8564
-8121
-7613
-6985
-6417
-6051
-5780
-5397
-4877
-4308
-3625
-2742
-1646
-386
960
2294
3537
4622
5483
6019
6120
5700
4829
3740
2573
1221
-293
-1706
-2852
-3661
-4102
-4277
-4250
-3962
-3426
-2783
-2204
-1759
-1451
-1279
-1204
-1146
-1132
-1179
-1099
-732
-169
446
1128
1939
2819
3630
4332
4865
5177
5306
5295
5156
4929
4660
4445
4413
4532
4758
5136
5639
6233
6904
7378
7334
6971
6582
5919
4663
2986
1123
-898
-2911
-4685
-6332
-7866
-8957
-9501
-9661
-9523
-9157
-8651
-8064
-7385
-6687
-6162
-5821
-5462
-4982
-4462
-3864
-3092
-2117
-961
339
1699
3016
4214
5226
5956
6303
6193
5557
4586
3490
2183
618
-952
-2274
-3313
-4001
-4369
-4511
-4371
-3922
-3306
-2700
-2160
-1723
-1454
-1329
-1260
-1224
-1268
-1281
-1070
-623
-61
592
1399
2320
3236
4062
4729
5178
5441
5559
5477
5252
4999
4752
4585
4568
4686
4971
5437
5998
6639
7230
7424
7168
6791
6300
5309
3763
1940
-43
-2091
-3961
-5674
-7339
-8680
-9421
-9711
-9738
-9479
-9005
-8446
-7804
-7082
-6459
-6073
-5749
-5286
-4739
-4169
-3447
-2509
-1400
-104
1315
2674
3899
4982
5793
6200
6204
5766
4905
3808
2558
1112
-405
-1738
-2820
-3601
-4068
-4288
-4267
-3987
-3544
-3103
-2671
-2264
-1987
-1852
-1758
-1646
-1555
-1444
-1190
-743
-164
510
1287
2142
2998
3761
4377
4837
5179
5401
5437
5328
5206
5109
5028
5023
5120
5329
5675
6096
6581
7098
7352
7141
6729
6321
5604
4332
2711
913
-1021
-2904
-4651
-6391
-7946
-8979
-9551
-9832
-9774
-9416
-8949
-8386
-7648
-6887
-6334
-5895
-5356
-4741
-4121
-3425
-2569
-1561
-370
991
2336
3574
4727
5652
6168
6300
6056
5341
4227
2940
1509
-62
-1573
-2860
-3857
-4521
-4828
-4847
-4612
-4176
-3630
-3053
-2522
-2106
-1858
-1713
-1592
-1459
-1316
-1135
-807
-269
395
1137
1973
2845
3644
4304
4824
5189
5382
5395
5278
5120
4949
4794
4732
4829
5044
5380
5854
6405
7001
7485
7555
7244
6857
6315
5229
3662
1873
-98
-2128
-4053
-5872
-7533
-8801
-9592
-9991
-10019
-9723
-9273
-8724
-8035
-7284
-6648
-6156
-5667
-5093
-4463
-3777
-2973
-1993
-807
529
1896
3206
4432
5424
6011
6232
6112
5521
4492
3243
1876
378
-1101
-2400
-3467
-4210
-4577
-4631
-4456
-4074
-3536
-2964
-2460
-2063
-1800
-1665
-1587
-1470
-1300
-1124
-852
-360
288
995
1787
2646
3439
4127
4735
5147
5314
5333
5269
5141
4987
4826
4746
4818
5008
5300
5726
6260
6849
7379
7572
7320
6927
6447
5510
4022
2262
310
-1763
-3712
-5513
-7214
-8596
-9473
-9919
-9982
-9727
-9270
-8692
-7997
-7246
-6574
-6061
-5656
-5182
-4598
-3986
-3310
-2422
-1319
-47
1342
2723
4013
5117
5930
6355
6320
5796
4869
3656
2218
621
-986
-2470
-3718
-4586
-5062
-5222
-5078
-4634
-3997
-3306
-2655
-2132
-1774
-1551
-1435
-1373
-1323
-1234
-1029
-633
-53
635
1437
2341
3262
4077
4795
5370
5663
5720
5660
5505
5248
4983
4813
4776
4862
5082
5489
6041
6707
7430
7903
7870
7578
7260
6568
5235
3490
1504
-695
-2826
-4763
-6665
-8388
-9551
-10161
-10414
-10318
-9909
-9349
-8684
-7880
-7065
-6456
-6029
-5545
-4942
-4317
-3656
-2827
-1816
-621
771
2206
3515
4680
5657
6325
6534
6201
5389
4256
2898
1365
-279
-1915
-3362
-4441
-5081
-5377
-5386
-5093
-4514
-3754
-2987
-2331
-1820
-1469
-1240
-1090
-1027
-1019
-936
-643
-162
426
1111
1948
2898
3797
4591
5252
5678
5880
5942
5867
5636
5344
5124
5027
5063
5220
5527
5992
6595
7329
7940
8055
7747
7377
6784
5559
3830
1829
-432
-2698
-4722
-6670
-8520
-9858
-10564
-10830
-10735
-10291
-9649
-8908
-8046
-7155
-6435
-5952
-5517
-4997
-4441
-3839
-3089
-2166
-1030
343
1813
3219
4523
5651
6499
6957
6837
6114
5001
3686
2136
366
-1426
-3075
-4408
-5289
-5727
-5830
-5625
-5067
-4236
-3347
-2562
-1915
-1451
-1169
-988
-919
-990
-1052
-911
-538
-38
606
1428
2390
3405
4348
5135
5691
6004
6104
6014
5771
5433
5048
4746
4651
4723
4923
5334
5967
6737
7574
8166
8183
7882
7529
6775
5343
3456
1294
-1054
-3289
-5326
-7321
-9076
-10219
-10750
-10857
-10635
-10154
-9479
-8666
-7783
-6957
-6341
-5893
-5427
-4855
-4239
-3575
-2745
-1683
-378
1091
2576
3999
5286
6335
7072
7338
6942
6005
4813
3413
1719
-143
-1944
-3514
-4710
-5488
-5897
-5973
-5695
-5085
-4293
-3513
-2856
-2330
-1941
-1680
-1507
-1443
-1446
-1347
-1034
-549
63
823
1731
2716
3668
4502
5177
5664
5893
5874
5717
5494
5189
4882
4720
4726
4853
5165
5735
6441
7239
8081
8582
8520
8234
7870
6994
5440
3491
1258
-1177
-3486
-5610
-7727
-9566
-10741
-11321
-11503
-11319
-10819
-10117
-9267
-8321
-7421
-6707
-6130
-5520
-4810
-4083
-3319
-2379
-1219
151
1651
3176
4623
5889
6895
7547
7680
7185
6183
4853
3250
1424
-473
-2289
-3881
-5074
-5799
-6098
-6031
-5630
-4943
-4066
-3193
-2469
-1927
-1586
-1381
-1257
-1242
-1303
-1262
-979
-463
218
1039
1985
3011
4026
4933
5655
6110
6258
6199
6013
5677
5247
4888
4718
4686
4787
5110
5667
6391
7237
8032
8339
8101
7747
7246
6119
4359
2294
-27
-2433
-4598
-6613
-8589
-10120
-10902
-11161
-11103
-10710
-10063
-9287
-8410
-7522
-6770
-6242
-5787
-5216
-4549
-3880
-3114
-2110
-832
638
2184
3701
5087
6298
7236
7750
7675
6977
5836
4404
2701
781
-1169
-2977
-4484
-5560
-6214
-6481
-6350
-5842
-5054
-4145
-3294
-2574
-2012
-1650
-1455
-1373
-1414
-1491
-1385
-1024
-478
241
1151
2216
3352
4426
5347
6082
6545
6714
6641
6355
5895
5429
5107
4917
4846
4965
5372
6012
6812
7732
8476
8638
8364
8060
7450
6021
4029
1815
-665
-3178
-5417
-7558
-9584
-10972
-11615
-11804
-11610
-11047
-10266
-9366
-8366
-7384
-6588
-6035
-5551
-4923
-4230
-3569
-2772
-1711
-408
1099
2709
4234
5608
6806
7715
8191
8069
7269
5950
4357
2530
480
-1639
-3587
-5151
-6234
-6841
-7006
-6756
-6136
-5201
-4125
-3117
-2283
-1681
-1352
-1197
-1133
-1239
-1425
-1426
-1108
-523
264
1210
2297
3477
4623
5634
6392
6793
6885
6768
6435
5932
5409
4976
4702
4664
4894
5335
5955
6789
7795
8508
8553
8288
8020
7246
5610
3536
1209
-1398
-3884
-6085
-8244
-10148
-11319
-11806
-11846
-11455
-10737
-9873
-8886
-7830
-6850
-6134
-5683
-5200
-4554
-3932
-3332
-2495
-1367
-14
1556
3148
4607
5948
7091
7868
8149
7774
6743
5345
3764
1902
-212
-2276
-3991
-5242
-6075
-6546
-6613
-6249
-5517
-4584
-3693
-2947
-2304
-1835
-1593
-1506
-1549
-1698
-1743
-1498
-1002
-366
425
1430
2616
3798
4801
5604
6186
6527
6641
6516
6162
5734
5419
5247
5200
5305
5584
6072
6768
7645
8470
8747
8413
8029
7614
6437
4451
2177
-266
-2789
-5072
-7231
-9374
-10992
-11791
-12016
-11873
-11367
-10581
-9591
-8458
-7338
-6410
-5775
-5272
-4614
-3877
-3274
-2624
-1670
-458
957
2494
3954
5313
6578
7587
8192
8321
7778
6587
5112
3467
1470
-806
-2954
-4694
-5998
-6914
-7414
-7472
-7068
-6207
-5129
-4108
-3170
-2302
-1659
-1280
-1059
-1041
-1219
-1304
-1109
-724
-188
544
1531
2755
3981
5068
6010
6721
7120
7221
7043
6635
6145
5671
5269
5060
5083
5320
5795
6538
7506
8376
8653
8427
8210
7766
6440
4392
2055
-529
-3134
-5474
-7723
-9875
-11394
-12119
-12267
-11991
-11377
-10513
-9455
-8268
-7127
-6246
-5699
-5196
-4520
-3885
-3392
-2740
-1756
-531
921
2478
3958
5396
6728
7723
8309
8391
7732
6441
4932
3207
1043
-1348
-3486
-5166
-6474
-7361
-7768
-7728
-7201
-6214
-5044
-3983
-2989
-2084
-1474
-1112
-882
-894
-1107
-1167
-901
-455
83
856
1958
3224
4448
5572
6506
7146
7502
7574
7315
6818
6251
5696
5274
5069
5058
5244
5705
6466
7458
8247
8351
8105
7957
7389
5874
3798
1445
-1228
-3812
-6085
-8345
-10448
-11799
-12334
-12372
-11991
-11222
-10234
-9108
-7855
-6695
-5875
-5354
-4781
-4089
-3529
-3050
-2351
-1337
-90
1383
2946
4431
5832
7082
8021
8522
8442
7670
6320
4664
2797
648
-1677
-3801
-5466
-6703
-7504
-7795
-7650
-7099
-6104
-4927
-3866
-2932
-2128
-1603
-1315
-1148
-1197
-1412
-1440
-1100
-577
67
966
2125
3398
4678
5852
6719
7270
7605
7673
7402
6902
6313
5785
5463
5340
5357
5599
6076
6822
7778
8367
8240
7922
7672
6803
5075
2946
480
-2237
-4701
-6916
-9180
-11079
-12120
-12489
-12422
-11887
-10997
-9956
-8782
-7515
-6414
-5687
-5165
-4563
-3903
-3350
-2798
-2022
-974
336
1853
3399
4891
6291
7478
8324
8731
8567
7746
6333
4524
2535
353
-2001
-4166
-5878
-7156
-7973
-8226
-8011
-7375
-6300
-5040
-3840
-2784
-1922
-1314
-979
-860
-942
-1140
-1206
-976
-508
166
1091
2254
3597
4979
6203
7126
7720
8028
8018
7655
7018
6307
5679
5211
4971
4983
5272
5830
6696
7689
8234
8161
7980
7704
6627
4767
2549
-60
-2850
-5357
-7654
-9887
-11593
-12476
-12721
-12471
-11767
-10742
-9602
-8363
-7060
-5968
-5306
-4823
-4186
-3560
-3087
-2530
-1688
-590
747
2296
3845
5346
6781
7944
8682
8932
8597
7635
6167
4235
1999
-336
-2676
-4782
-6469
-7712
-8451
-8576
-8188
-7403
-6274
-5013
-3782
-2701
-1872
-1337
-1084
-1046
-1152
-1266
-1244
-985
-486
304
1405
2681
4039
5404
6632
7535
8070
8293
8163
7658
6955
6302
5687
5140
4900
4986
5308
5910
6824
7770
8175
8026
7835
7445
6165
4161
1901
-768
-3607
-6108
-8387
-10540
-12072
-12768
-12847
-12451
-11602
-10426
-9175
-7900
-6592
-5514
-4899
-4461
-3850
-3278
-2887
-2353
-1469
-329
1030
2606
4188
5670
7049
8156
8830
8951
8440
7383
5937
3996
1643
-742
-2991
-5010
-6672
-7872
-8553
-8643
-8192
-7332
-6185
-4933
-3648
-2476
-1612
-1071
-806
-793
-959
-1099
-1108
-965
-580
177
1307
2586
3963
5372
6662
7657
8261
8486
8308
7776
7065
6363
5661
5067
4803
4882
5248
5890
6840
7852
8340
8220
8013
7600
6272
4194
1838
-954
-3894
-6427
-8731
-10938
-12488
-13106
-13111
-12644
-11725
-10502
-9208
-7913
-6567
-5480
-4889
-4487
-3903
-3335
-2924
-2350
-1457
-307
1106
2785
4419
5920
7348
8500
9207
9363
8857
7760
6317
4422
2027
-468
-2811
-4951
-6803
-8186
-9040
-9372
-9129
-8363
-7255
-6009
-4642
-3286
-2187
-1402
-834
-545
-582
-641
-586
-501
-270
360
1343
2498
3822
5272
6638
7730
8509
8920
8867
8445
7803
6979
6117
5411
4929
4752
4956
5498
6349
7418
8129
8208
8132
7944
6920
4995
2663
-138
-3185
-5936
-8473
-10960
-12872
-13784
-13959
-13608
-12763
-11472
-10001
-8509
-6958
-5611
-4763
-4210
-3550
-2934
-2533
-2041
-1257
-241
1047
2656
4281
5820
7343
8625
9433
9680
9279
8229
6688
4626
2116
-542
-3071
-5335
-7246
-8640
-9427
-9580
-9145
-8201
-6932
-5522
-4050
-2690
-1684
-1098
-734
-638
-873
-1121
-1167
-1075
-765
-6
1150
2517
3999
5549
6999
8102
8794
9052
8862
8327
7603
6713
5815
5138
4732
4674
4972
5548
6419
7499
8145
8077
7855
7550
6396
4320
1910
-831
-3782
-6448
-8822
-11097
-12812
-13532
-13533
-13106
-12227
-10901
-9453
-8050
-6642
-5417
-4647
-4168
-3551
-2896
-2433
-1913
-1030
119
1496
3104
4696
6219
7687
8890
9593
9707
9166
8057
6507
4390
1773
-918
-3341
-5494
-7370
-8718
-9438
-9550
-9052
-8024
-6786
-5465
-4021
-2648
-1700
-1194
-865
-828
-1065
-1227
-1168
-1047
-703
159
1447
2907
4372
5889
7315
8404
9030
9191
8888
8244
7476
6602
5700
4956
4586
4614
4939
5563
6513
7516
7989
7914
7732
7289
5903
3730
1270
-1538
-4478
-7107
-9482
-11675
-13150
-13685
-13550
-12939
-11837
-10367
-8854
-7374
-5995
-4883
-4223
-3783
-3251
-2724
-2336
-1828
-906
304
1736
3360
4990
6524
7902
8972
9541
9457
8684
7404
5716
3540
925
-1738
-4047
-6000
-7607
-8713
-9225
-9159
-8546
-7451
-6212
-4995
-3712
-2510
-1688
-1244
-979
-1004
-1217
-1272
-1094
-832
-375
550
1844
3281
4711
6136
7399
8301
8820
8943
8623
7943
7140
6328
5596
5022
4734
4812
5227
5940
6923
7838
8103
7885
7667
7098
5520
3254
750
-2053
-4880
-7345
-9618
-11737
-13059
-13394
-13138
-12550
-11500
-10086
-8613
-7190
-5902
-4904
-4308
-3777
-3148
-2614
-2242
-1672
-654
645
2112
3646
5207
6724
8059
9041
9534
9380
8535
7269
5677
3553
925
-1713
-3952
-5847
-7491
-8701
-9307
-9308
-8745
-7736
-6621
-5486
-4196
-2915
-2003
-1479
-1140
-1055
-1132
-1120
-971
-762
-348
519
1749
3075
4356
5706
7004
7964
8514
8668
8436
7889
7170
6358
5601
5011
4661
4696
5128
5827
6757
7741
8207
8134
8010
7571
6115
3881
1390
-1416
-4417
-7145
-9569
-11776
-13299
-13808
-13578
-12976
-11919
-10422
-8812
-7331
-5948
-4775
-4062
-3550
-2984
-2465
-2108
-1578
-646
575
2020
3583
5176
6691
8050
9045
9540
9386
8492
7074
5325
3216
624
-2101
-4441
-6293
-7763
-8777
-9174
-9023
-8318
-7094
-5769
-4616
-3457
-2308
-1502
-1102
-924
-1019
-1272
-1331
-1111
-793
-332
588
1935
3404
4763
6096
7292
8124
8587
8657
8276
7548
6774
5995
5286
4787
4547
4659
5155
5968
6952
7846
8180
7996
7737
7129
5521
3162
623
-2147
-5025
-7581
-9829
-11822
-13090
-13387
-13053
-12371
-11281
-9877
-8429
-7079
-5814
-4805
-4235
-3818
-3298
-2774
-2323
-1660
-654
606
2126
3788
5404
6837
8093
9011
9403
9163
8214
6663
4776
2741
371
-2263
-4661
-6474
-7795
-8676
-9049
-8948
-8319
-7178
-5839
-4667
-3607
-2590
-1808
-1329
-1059
-1040
-1234
-1289
-984
-489
80
933
2186
3645
5050
6356
7442
8186
8587
8659
8320
7591
6774
5971
5284
4810
4576
4627
5035
5812
6813
7804
8205
7974
7685
7231
5813
3501
986
-1746
-4625
-7202
-9438
-11527
-12998
-13429
-13153
-12529
-11555
-10213
-8777
-7372
-6032
-4957
-4333
-3899
-3314
-2726
-2248
-1626
-632
651
2145
3789
5423
6903
8181
9135
9547
9306
8355
6809
4968
2959
568
-2088
-4404
-6153
-7499
-8426
-8815
-8734
-8120
-6989
-5762
-4696
-3676
-2649
-1884
-1456
-1209
-1135
-1227
-1247
-900
-367
193
1017
2287
3730
5056
6282
7309
8028
8406
8477
8146
7481
6747
6016
5363
4896
4706
4740
5089
5793
6763
7715
8055
7815
7528
7081
5689
3498
1065
-1647
-4487
-7027
-9260
-11374
-12870
-13409
-13232
-12642
-11683
-10378
-8972
-7570
-6211
-5089
-4429
-3965
-3354
-2744
-2248
-1626
-657
566
2022
3637
5240
6706
7971
8923
9328
9094
8154
6653
4859
2849
405
-2264
-4507
-6218
-7570
-8515
-8890
-8763
-8092
-6940
-5740
-4667
-3636
-2629
-1889
-1504
-1362
-1346
-1444
-1455
-1107
-573
18
911
2276
3789
5146
6368
7422
8138
8475
8483
8096
7408
6639
5912
5260
4780
4574
4637
5018
5746
6723
7576
7831
7598
7325
6728
5214
3025
605
-2078
-4815
-7227
-9418
-11386
-12649
-13053
-12830
-12169
-11143
-9856
-8465
-7088
-5815
-4813
-4188
-3711
-3141
-2561
-2066
-1421
-450
800
2280
3849
5396
6831
8050
8940
9329
9043
8030
6513
4754
2701
252
-2317
-4525
-6219
-7493
-8337
-8651
-8439
-7696
-6530
-5313
-4202
-3172
-2249
-1601
-1271
-1145
-1207
-1347
-1328
-965
-433
203
1174
2551
4078
5429
6646
7638
8285
8572
8483
8030
7271
6483
5750
5129
4698
4565
4717
5176
5985
7000
7803
7887
7601
7300
6507
4748
2424
-66
-2833
-5519
-7844
-10015
-11902
-12920
-13057
-12732
-12010
-10903
-9566
-8163
-6760
-5547
-4707
-4172
-3679
-3122
-2616
-2136
-1458
-438
875
2399
3933
5414
6783
7872
8596
8823
8370
7186
5624
3891
1880
-443
-2785
-4770
-6280
-7303
-7919
-8090
-7870
-7177
-6082
-5006
-4067
-3207
-2408
-1854
-1500
-1292
-1283
-1316
-1105
-580
-9
652
1585
2857
4186
5375
6478
7339
7894
8147
8126
7740
7107
6434
5796
5269
4879
4714
4831
5225
5857
6769
7441
7343
6991
6777
6024
4259
2080
-305
-3041
-5624
-7779
-9913
-11821
-12750
-12811
-12490
-11822
-10657
-9259
-7863
-6424
-5118
-4255
-3760
-3194
-2548
-2053
-1632
-951
17
1252
2699
4130
5493
6738
7797
8448
8574
8083
6968
5461
3705
1713
-561
-2843
-4853
-6380
-7438
-8074
-8245
-8051
-7364
-6318
-5201
-4210
-3287
-2420
-1775
-1340
-1109
-1033
-1035
-821
-373
155
776
1632
2817
4055
5264
6362
7210
7764
8071
8069
7713
7196
6571
5933
5399
5055
4921
5091
5545
6206
7089
7637
7518
7225
6973
6064
4237
1983
-568
-3366
-5963
-8228
-10450
-12255
-13147
-13232
-12864
-12078
-10831
-9410
-7953
-6512
-5216
-4369
-3827
-3205
-2539
-2063
-1645
-906
122
1424
2860
4316
5735
7025
8091
8693
8735
8103
6886
5223
3214
923
-1500
-3841
-5880
-7343
-8273
-8662
-8490
-7820
-6741
-5459
-4105
-2900
-1949
-1293
-913
-812
-970
-1251
-1474
-1417
-1074
-411
496
1707
3234
4801
6226
7416
8247
8611
8606
8243
7591
6774
5933
5210
4744
4637
4845
5379
6173
7152
7997
8205
7852
7428
6636
4860
2451
-191
-3066
-5877
-8221
-10286
-12057
-13020
-13126
-12670
-11793
-10503
-9056
-7642
-6280
-5067
-4193
-3733
-3321
-2808
-2351
-1929
-1263
-264
1021
2568
4118
5566
6886
8000
8693
8829
8364
7250
5644
3797
1788
-478
-2750
-4728
-6263
-7315
-7956
-8148
-7911
-7239
-6300
-5301
-4295
-3347
-2568
-2002
-1581
-1347
-1276
-1238
-1032
-654
-182
500
1409
2527
3800
5047
6101
6995
7659
7944
7918
7669
7223
6599
5983
5492
5174
5104
5300
5773
6488
7378
7977
7862
7472
7204
6315
4336
1951
-621
-3478
-6141
-8417
-10620
-12422
-13246
-13290
-12876
-12018
-10746
-9317
-7860
-6410
-5139
-4296
-3794
-3193
-2537
-2090
-1637
-875
173
1514
3039
4494
5869
7164
8230
8852
8931
8370
7175
5584
3778
1726
-624
-2962
-4938
-6410
-7445
-8073
-8264
-8007
-7245
-6218
-5180
-4183
-3239
-2484
-1971
-1628
-1469
-1480
-1490
-1230
-817
-340
392
1427
2647
3958
5233
6285
7103
7682
7936
7828
7469
6958
6330
5735
5296
5096
5120
5379
5897
6697
7582
7937
7637
7263
6883
5665
3553
1163
-1522
-4337
-6767
-8952
-11115
-12625
-13124
-12992
-12458
-11473
-10147
-8741
-7282
-5840
-4674
-4011
-3543
-2867
-2241
-1842
-1326
-483
620
2018
3532
4950
6313
7573
8541
9019
8908
8157
6844
5096
3070
832
-1604
-4011
-5983
-7358
-8286
-8745
-8670
-8094
-7074
-5755
-4410
-3217
-2192
-1421
-939
-727
-762
-989
-1190
-1109
-829
-349
476
1629
2991
4485
5945
7117
7949
8479
8651
8356
7733
6995
6205
5467
4963
4802
4925
5319
6045
7070
7904
7994
7618
7244
6486
4753
2373
-297
-3241
-6009
-8329
-10501
-12371
-13279
-13265
-12779
-11884
-10524
-8994
-7522
-6059
-4740
-3924
-3558
-3157
-2623
-2216
-1880
-1288
-362
890
2428
3970
5385
6722
7865
8586
8761
8344
7291
5758
3983
2021
-191
-2468
-4437
-5928
-6986
-7703
-7978
-7809
-7267
-6384
-5394
-4498
-3662
-2865
-2295
-1945
-1698
-1589
-1599
-1442
-1033
-547
100
1057
2241
3510
4798
5980
6934
7642
8075
8161
7884
7411
6852
6258
5740
5401
5303
5474
5913
6609
7499
8067
7892
7434
7086
6224
4345
1927
-671
-3448
-6085
-8396
-10564
-12369
-13261
-13280
-12871
-12101
-10848
-9361
-7911
-6472
-5156
-4295
-3788
-3162
-2406
-1870
-1434
-672
466
1806
3280
4768
6118
7343
8374
8985
9015
8421
7248
5645
3795
1688
-664
-2976
-4943
-6491
-7660
-8374
-8567
-8295
-7592
-6563
-5469
-4455
-3429
-2499
-1905
-1547
-1269
-1234
-1334
-1222
-915
-528
82
1039
2213
3460
4737
5957
6959
7644
8011
8060
7786
7296
6705
6094
5565
5261
5274
5548
6026
6775
7751
8336
8129
7686
7276
6224
4182
1694
-994
-3875
-6521
-8790
-10922
-12656
-13399
-13274
-12764
-11913
-10603
-9113
-7731
-6374
-5152
-4377
-3951
-3363
-2634
-2123
-1606
-673
569
1943
3490
5065
6445
7663
8653
9159
9044
8383
7200
5536
3560
1440
-747
-2950
-4942
-6495
-7537
-8114
-8266
-8042
-7444
-6533
-5501
-4503
-3598
-2856
-2299
-1867
-1598
-1557
-1562
-1365
-977
-412
350
1306
2466
3797
5161
6377
7299
7918
8262
8312
7995
7430
6792
6165
5655
5419
5473
5729
6193
6986
8026
8532
8237
7786
7366
6207
4089
1570
-1228
-4144
-6681
-8918
-11155
-12846
-13424
-13256
-12764
-11850
-10481
-9044
-7683
-6263
-5066
-4400
-4017
-3395
-2716
-2256
-1700
-783
383
1811
3440
4942
6292
7547
8471
8851
8694
7937
6558
4816
2912
786
-1474
-3637
-5435
-6776
-7603
-7959
-8003
-7706
-6930
-5915
-4968
-4073
-3206
-2529
-2073
-1701
-1503
-1502
-1463
-1135
-648
-80
675
1719
2933
4198
5458
6561
7395
7944
8241
8202
7816
7271
6705
6179
5803
5646
5708
6008
6566
7385
8226
8376
7886
7424
6865
5360
3014
448
-2328
-5084
-7450
-9602
-11650
-12963
-13267
-12946
-12323
-11330
-9964
-8564
-7235
-5927
-4920
-4383
-3960
-3273
-2612
-2104
-1438
-418
911
2473
4066
5494
6830
7978
8746
8972
8596
7533
5994
4283
2328
17
-2331
-4324
-5843
-6953
-7636
-7880
-7717
-7099
-6108
-5130
-4302
-3452
-2664
-2169
-1975
-1879
-1928
-2041
-1961
-1578
-1062
-421
534
1858
3218
4471
5685
6761
7568
8003
8081
7824
7380
6844
6325
5901
5643
5615
5853
6379
7131
8036
8696
8607
8133
7690
6786
4840
2327
-316
-3167
-5903
-8259
-10406
-12264
-13220
-13289
-12849
-12102
-10969
-9530
-8110
-6795
-5622
-4780
-4292
-3772
-3083
-2498
-1940
-1090
86
1515
3092
4619
5999
7239
8199
8743
8699
8030
6808
5228
3395
1254
-1090
-3303
-5115
-6506
-7536
-8144
-8238
-7853
-7066
-6055
-5026
-4041
-3068
-2268
-1795
-1603
-1557
-1629
-1710
-1616
-1285
-759
-33
1013
2344
3686
4951
6163
7184
7873
8166
8085
7729
7241
6665
6113
5701
5533
5646
6041
6659
7489
8437
8886
8593
8105
7533
6201
3975
1394
-1416
-4343
-6926
-9154
-11224
-12710
-13198
-12982
-12358
-11352
-10017
-8565
-7176
-5902
-4915
-4315
-3896
-3357
-2784
-2309
-1661
-673
612
2147
3783
5322
6725
7937
8754
9062
8799
7923
6539
4793
2704
398
-1891
-3942
-5651
-6989
-7905
-8295
-8134
-7584
-6758
-5749
-4671
-3602
-2676
-2064
-1740
-1584
-1583
-1702
-1788
-1678
-1301
-632
298
1456
2786
4173
5537
6758
7660
8145
8259
8050
7589
6997
6321
5714
5350
5295
5539
6011
6669
7610
8582
8850
8421
7939
7218
5578
3231
594
-2367
-5279
-7693
-9862
-11862
-13078
-13338
-13046
-12344
-11195
-9834
-8493
-7166
-5933
-5055
-4572
-4134
-3548
-2995
-2470
-1702
-610
766
2394
4059
5574
6949
8081
8769
8928
8493
7413
5865
4050
1948
-340
-2542
-4434
-5965
-7118
-7839
-8064
-7810
-7211
-6387
-5469
-4521
-3569
-2779
-2300
-2005
-1790
-1745
-1776
-1656
-1333
-842
-110
896
2073
3326
4596
5807
6831
7542
7897
7932
7694
7260
6721
6146
5659
5406
5434
5730
6222
6915
7879
8659
8666
8209
7765
6840
4978
2618
-25
-2993
-5750
-8018
-10189
-12069
-12992
-13071
-12726
-11909
-10636
-9261
-7945
-6622
-5430
-4656
-4230
-3767
-3177
-2638
-2073
-1242
-113
1304
2947
4557
5993
7294
8347
8924
8955
8355
7115
5515
3725
1657
-649
-2835
-4613
-5981
-6973
-7563
-7722
-7432
-6749
-5857
-4985
-4139
-3264
-2538
-2121
-1893
-1770
-1820
-1863
-1669
-1307
-861
-145
942
2213
3501
4763
5930
6900
7590
7940
7902
7571
7106
6586
6038
5602
5413
5497
5851
6449
7279
8234
8800
8641
8216
7753
6602
4523
2053
-635
-3513
-6113
-8353
-10523
-12180
-12829
-12787
-12381
-11522
-10295
-8995
-7709
-6457
-5444
-4842
-4438
-3911
-3305
-2788
-2175
-1228
22
1508
3113
4645
6035
7284
8201
8616
8457
7662
6333
4721
2903
755
-1581
-3686
-5328
-6562
-7448
-7916
-7902
-7440
-6646
-5731
-4842
-3952
-3068
-2401
-2052
-1864
-1802
-1867
-1856
-1614
-1247
-746
106
1320
2645
3935
5173
6319
7257
7864
8077
7910
7507
7022
6476
5913
5511
5401
5568
5983
6647
7548
8439
8768
8438
8014
7433
5939
3616
1079
-1654
-4485
-6958
-9147
-11179
-12488
-12785
-12530
-11956
-10928
-9592
-8253
-6970
-5764
-4874
-4405
-4019
-3426
-2861
-2435
-1759
-676
640
2135
3727
5214
6543
7697
8488
8740
8399
7503
6161
4523
2635
503
-1766
-3864
-5503
-6710
-7607
-8099
-8084
-7650
-6916
-5975
-5006
-4062
-3133
-2356
-1850
-1583
-1499
-1522
-1485
-1325
-1048
-581
201
1293
2548
3827
5090
6276
7231
7855
8111
8005
7614
7082
6466
5844
5385
5222
5363
5769
6454
7434
8353
8602
8329
8029
7353
5685
3355
760
-2192
-5100
-7559
-9866
-11940
-13068
-13251
-12950
-12188
-10929
-9482
-8061
-6640
-5354
-4491
-4034
-3583
-3019
-2560
-2128
-1412
-375
925
2480
4081
5557
6910
8058
8788
8972
8573
7567
6123
4421
2467
244
-2121
-4280
-5937
-7143
-8048
-8544
-8542
-8100
-7287
-6261
-5245
-4246
-3222
-2316
-1684
-1357
-1258
-1220
-1142
-1014
-739
-239
521
1593
2915
4307
5624
6812
7794
8455
8693
8497
8006
7320
6540
5802
5241
4967
5054
5463
6143
7154
8080
8317
8069
7811
7085
5352
3022
372
-2633
-5487
-7907
-10211
-12179
-13158
-13257
-12865
-11971
-10629
-9149
-7694
-6261
-5003
-4201
-3771
-3324
-2835
-2446
-1994
-1274
-280
1048
2656
4253
5712
7084
8209
8861
8979
8510
7406
5862
4114
2138
-120
-2455
-4450
-5927
-7040
-7850
-8205
-8122
-7701
-6923
-6004
-5180
-4338
-3403
-2656
-2187
-1871
-1706
-1625
-1453
-1155
-770
-230
594
1700
2932
4187
5403
6474
7335
7951
8196
8029
7654
7163
6541
5926
5502
5335
5435
5797
6406
7269
8022
8140
7825
7537
6812
5105
2821
299
-2532
-5301
-7691
-9932
-11855
-12895
-13058
-12722
-11953
-10715
-9231
-7777
-6375
-5086
-4195
-3686
-3166
-2574
-2149
-1733
-993
59
1331
2807
4339
5758
7081
8177
8802
8898
8451
7437
5971
4203
2158
-96
-2367
-4396
-6001
-7227
-8065
-8407
-8338
-7928
-7129
-6139
-5209
-4231
-3230
-2497
-2005
-1634
-1496
-1511
-1431
-1190
-871
-374
467
1577
2811
4130
5470
6633
7517
8147
8431
8263
7827
7294
6611
5894
5422
5270
5357
5673
6322
7234
7924
7991
7719
7401
6518
4697
2390
-203
-3104
-5794
-8080
-10284
-12085
-12904
-12910
-12489
-11600
-10260
-8790
-7356
-5961
-4752
-3966
-3476
-2940
-2390
-1996
-1549
-780
284
1565
3018
4481
5847
7114
8095
8579
8588
8055
6951
5496
3749
1687
-488
-2579
-4485
-6030
-7105
-7790
-8141
-8101
-7642
-6906
-6074
-5205
-4285
-3462
-2831
-2284
-1883
-1741
-1645
-1409
-1110
-706
-73
792
1847
3073
4370
5590
6650
7489
8047
8249
8097
7703
7119
6426
5817
5425
5266
5358
5705
6366
7262
7873
7857
7593
7298
6341
4464
2162
-458
-3349
-5956
-8220
-10425
-12131
-12853
-12827
-12360
-11415
-10092
-8687
-7289
-5878
-4692
-3970
-3522
-2978
-2392
-1945
-1441
-656
418
1766
3306
4789
6102
7309
8253
8723
8673
7985
6692
5123
3368
1284
-1056
-3283
-5060
-6372
-7315
-7888
-8066
-7758
-6953
-5940
-5014
-4145
-3215
-2418
-1926
-1640
-1554
-1651
-1666
-1473
-1173
-784
-100
980
2287
3622
4894
6079
7112
7869
8238
8153
7736
7212
6603
5965
5467
5176
5175
5480
6039
6861
7628
7829
7559
7267
6656
5100
2847
398
-2286
-4992
-7332
-9470
-11340
-12352
-12477
-12145
-11443
-10294
-8908
-7510
-6184
-5046
-4263
-3803
-3364
-2842
-2413
-2031
-1391
-379
919
2381
3854
5255
6595
7738
8415
8564
8222
7298
5934
4361
2492
340
-1826
-3710
-5206
-6384
-7224
-7637
-7605
-7152
-6442
-5688
-4894
-4011
-3183
-2615
-2282
-2056
-1955
-1911
-1777
-1545
-1200
-625
266
1383
2587
3827
5063
6225
7161
7754
7971
7855
7547
7099
6498
5934
5583
5435
5523
5872
6505
7334
7857
7774
7460
7080
6086
4227
1917
-651
-3417
-5976
-8244
-10375
-11952
-12603
-12584
-12121
-11204
-9967
-8604
-7185
-5848
-4821
-4164
-3687
-3195
-2681
-2255
-1788
-1029
92
1499
2987
4409
5754
7002
7971
8436
8360
7732
6555
5051
3371
1440
-685
-2773
-4533
-5825
-6737
-7347
-7597
-7403
-6807
-6022
-5208
-4372
-3561
-2856
-2284
-1916
-1776
-1735
-1642
-1443
-1144
-709
-66
849
2015
3289
4544
5699
6731
7563
8064
8161
7926
7495
6942
6371
5904
5608
5532
5735
6200
6958
7710
7904
7631
7324
6719
5283
3181
740
-1949
-4574
-6904
-9111
-11030
-12090
-12302
-12032
-11328
-10218
-8928
-7575
-6184
-4976
-4191
-3719
-3276
-2780
-2359
-1975
-1406
-528
689
2156
3614
4915
6174
7325
8057
8243
7955
7112
5735
4128
2395
392
-1781
-3724
-5209
-6267
-6985
-7361
-7356
-6906
-6116
-5265
-4475
-3695
-2959
-2382
-1996
-1820
-1820
-1853
-1771
-1550
-1206
-662
165
1241
2476
3776
5008
6094
7030
7676
7881
7741
7416
6922
6328
5796
5456
5366
5496
5822
6473
7338
7792
7633
7364
6983
5905
4078
1796
-850
-3526
-5882
-8128
-10271
-11682
-12138
-12052
-11568
-10605
-9374
-8087
-6741
-5486
-4598
-4105
-3704
-3217
-2769
-2412
-1934
-1122
14
1386
2831
4179
5445
6637
7535
7922
7793
7205
6125
4619
2887
1012
-1049
-3084
-4692
-5826
-6661
-7148
-7143
-6703
-5961
-5062
-4183
-3387
-2646
-2058
-1741
-1676
-1773
-1922
-2005
-1928
-1657
-1181
-399
696
1963
3294
4613
5801
6785
7478
7751
7628
7290
6867
6351
5837
5500
5434
5656
6039
6664
7572
8168
8059
7713
7347
6352
4536
2293
-305
-3078
-5510
-7671
-9831
-11416
-11966
-11889
-11488
-10649
-9460
-8224
-6971
-5754
-4869
-4397
-4080
-3676
-3272
-2944
-2491
-1729
-624
771
2261
3659
4997
6249
7200
7722
7736
7205
6235
4934
3330
1545
-296
-2164
-3823
-4991
-5777
-6381
-6633
-6377
-5810
-5141
-4389
-3629
-2940
-2345
-1875
-1641
-1665
-1733
-1715
-1631
-1437
-1076
-468
452
1572
2784
4018
5195
6251
7058
7512
7592
7386
7051
6630
6160
5740
5534
5655
5992
6514
7328
8045
8140
7863
7572
6817
5201
3083
663
-2095
-4709
-6950
-9146
-10979
-11871
-12018
-11773
-11102
-10012
-8789
-7540
-6269
-5208
-4555
-4162
-3736
-3247
-2878
-2472
-1758
-760
509
1960
3369
4688
5957
6980
7591
7715
7268
6303
5045
3568
1796
-67
-1819
-3400
-4584
-5302
-5760
-5992
-5765
-5144
-4492
-3900
-3262
-2669
-2261
-2033
-1944
-2022
-2174
-2218
-2072
-1822
-1454
-787
189
1296
2453
3621
4708
5681
6440
6855
6933
6812
6596
6281
5947
5704
5633
5828
6269
6848
7603
8290
8431
8119
7730
7000
5442
3314
950
-1702
-4299
-6550
-8699
-10547
-11520
-11739
-11575
-11026
-10064
-8949
-7805
-6628
-5675
-5104
-4736
-4333
-3841
-3400
-2963
-2241
-1171
162
1637
3054
4405
5694
6737
7357
7491
7105
6190
4985
3657
2018
175
-1455
-2862
-4082
-4910
-5360
-5623
-5571
-5082
-4519
-4086
-3573
-2992
-2592
-2395
-2262
-2193
-2249
-2277
-2084
-1790
-1456
-870
6
992
2026
3138
4189
5108
5916
6470
6669
6686
6649
6469
6231
6122
6140
6293
6692
7282
7952
8516
8626
8310
7878
7145
5650
3536
1184
-1384
-3943
-6244
-8407
-10249
-11308
-11624
-11518
-11055
-10196
-9137
-8034
-6922
-5991
-5370
-4933
-4490
-3968
-3462
-2970
-2257
-1195
145
1591
2993
4338
5602
6633
7280
7453
7116
6279
5141
3897
2380
614
-1000
-2319
-3446
-4319
-4823
-5057
-5058
-4713
-4236
-3895
-3532
-3057
-2687
-2510
-2397
-2296
-2281
-2220
-1963
-1628
-1253
-690
110
1024
1957
2920
3879
4749
5499
6037
6273
6347
6392
6332
6146
6040
6108
6287
6646
7208
7882
8515
8753
8516
8160
7611
6354
4424
2203
-262
-2853
-5240
-7465
-9492
-10867
-11478
-11611
-11360
-10684
-9742
-8711
-7648
-6670
-5930
-5418
-4974
-4436
-3869
-3353
-2665
-1659
-377
1098
2598
4013
5325
6455
7239
7566
7400
6671
5528
4272
2807
987
-861
-2395
-3620
-4630
-5300
-5569
-5556
-5210
-4572
-3985
-3518
-2973
-2458
-2193
-2104
-2075
-2206
-2350
-2230
-1987
-1726
-1262
-485
517
1587
2644
3678
4657
5481
6042
6299
6306
6180
6019
5801
5596
5583
5778
6166
6775
7564
8433
8986
8906
8503
8010
6963
5088
2795
319
-2342
-4845
-7042
-9082
-10633
-11328
-11410
-11160
-10531
-9566
-8526
-7507
-6570
-5887
-5479
-5179
-4781
-4285
-3798
-3162
-2187
-886
657
2275
3807
5210
6446
7338
7739
7670
7095
6046
4767
3379
1766
23
-1520
-2722
-3716
-4521
-4958
-5044
-4936
-4637
-4219
-3859
-3532
-3157
-2873
-2763
-2666
-2576
-2556
-2423
-2116
-1738
-1259
-578
282
1223
2179
3128
4065
4879
5483
5890
6140
6201
6139
6027
5896
5887
6006
6248
6649
7221
7951
8673
8925
8601
8126
7501
6209
4227
1988
-523
-3139
-5446
-7550
-9557
-10967
-11531
-11613
-11371
-10700
-9766
-8811
-7815
-6864
-6189
-5754
-5293
-4706
-4126
-3531
-2733
-1668
-319
1243
2782
4209
5552
6722
7505
7830
7680
6981
5912
4634
3109
1398
-278
-1790
-3072
-4144
-4969
-5423
-5530
-5413
-5145
-4755
-4353
-3947
-3500
-3139
-2929
-2735
-2545
-2387
-2195
-1915
-1525
-995
-271
582
1500
2452
3456
4426
5236
5828
6221
6451
6501
6435
6276
6147
6122
6227
6525
6995
7591
8351
9104
9316
8998
8545
7831
6391
4374
2040
-646
-3311
-5635
-7810
-9848
-11188
-11707
-11768
-11453
-10706
-9769
-8822
-7781
-6793
-6110
-5663
-5145
-4530
-3926
-3244
-2371
-1235
187
1784
3310
4753
6103
7191
7883
8128
7826
6945
5734
4310
2665
919
-752
-2234
-3457
-4360
-4945
-5222
-5222
-4994
-4607
-4226
-3940
-3659
-3381
-3237
-3190
-3130
-3081
-2985
-2718
-2276
-1746
-1073
-200
781
1769
2709
3605
4409
5069
5525
5785
5891
5911
5881
5860
5891
5979
6240
6668
7182
7779
8530
9077
9016
8592
8078
7196
5619
3618
1280
-1328
-3802
-5983
-8111
-10018
-11133
-11542
-11595
-11297
-10584
-9723
-8803
-7788
-6888
-6286
-5804
-5201
-4570
-3933
-3192
-2205
-951
547
2123
3604
5031
6333
7323
7905
8082
7735
6902
5736
4299
2621
846
-869
-2473
-3829
-4859
-5548
-5928
-5993
-5741
-5280
-4755
-4214
-3636
-3123
-2771
-2538
-2380
-2343
-2323
-2156
-1873
-1490
-890
-51
932
1980
3073
4153
5111
5881
6408
6692
6734
6572
6331
6110
5931
5878
6049
6414
6936
7665
8544
9072
8970
8572
8054
6991
5223
3028
480
-2245
-4726
-6913
-9057
-10747
-11550
-11716
-11534
-10987
-10130
-9190
-8163
-7138
-6319
-5798
-5358
-4824
-4250
-3670
-2952
-1940
-639
909
2484
3982
5382
6625
7534
7991
7963
7372
6364
5088
3582
1846
80
-1571
-2979
-4056
-4826
-5310
-5529
-5415
-5052
-4626
-4279
-3910
-3499
-3198
-3075
-2991
-2906
-2879
-2723
-2384
-1963
-1425
-636
344
1348
2336
3338
4270
5034
5607
5956
6108
6080
5951
5827
5723
5692
5846
6182
6666
7301
8105
8916
9206
8925
8505
7908
6620
4692
2472
-66
-2709
-5035
-7182
-9286
-10761
-11400
-11562
-11371
-10768
-9941
-9032
-8022
-7048
-6284
-5765
-5263
-4632
-3957
-3296
-2455
-1321
47
1582
3143
4590
5887
7030
7825
8161
7934
7144
6021
4706
3101
1261
-589
-2323
-3702
-4682
-5375
-5860
-5962
-5588
-5002
-4455
-3938
-3391
-2880
-2538
-2411
-2409
-2529
-2605
-2516
-2315
-1995
-1442
-577
495
1636
2784
3891
4880
5700
6209
6405
6368
6190
5985
5764
5580
5580
5855
6358
7010
7809
8758
9418
9401
8977
8444
7389
5511
3234
736
-1999
-4541
-6688
-8783
-10480
-11247
-11382
-11214
-10614
-9699
-8798
-7833
-6852
-6135
-5742
-5426
-5007
-4507
-3976
-3294
-2278
-961
559
2166
3737
5168
6423
7346
7827
7837
7268
6218
4971
3510
1795
84
-1485
-2839
-3875
-4565
-5060
-5297
-5142
-4803
-4520
-4241
-3893
-3591
-3382
-3256
-3170
-3156
-3116
-2877
-2532
-2106
-1487
-657
296
1305
2330
3317
4185
4971
5558
5833
5943
5973
5914
5797
5700
5697
5848
6197
6716
7312
8053
8866
9249
9017
8563
7938
6652
4717
2488
-51
-2739
-5070
-7183
-9274
-10753
-11334
-11480
-11282
-10602
-9766
-8908
-7887
-6897
-6266
-5865
-5422
-4892
-4333
-3714
-2885
-1775
-380
1176
2772
4251
5617
6793
7551
7870
7730
7061
5978
4672
3077
1314
-393
-1902
-3195
-4274
-5046
-5503
-5541
-5281
-4946
-4580
-4090
-3555
-3110
-2808
-2657
-2561
-2577
-2582
-2469
-2285
-1975
-1416
-592
360
1394
2510
3607
4604
5447
5999
6215
6277
6238
6039
5737
5522
5472
5585
5961
6565
7276
8119
9006
9406
9185
8747
7994
6537
4477
2133
-564
-3266
-5527
-7571
-9503
-10710
-11050
-10999
-10559
-9715
-8775
-7877
-6909
-6054
-5570
-5283
-4963
-4558
-4113
-3515
-2699
-1591
-189
1415
3048
4492
5778
6816
7458
7638
7307
6424
5181
3784
2218
545
-1088
-2445
-3512
-4296
-4777
-4989
-4917
-4618
-4226
-3888
-3643
-3448
-3266
-3237
-3306
-3358
-3451
-3440
-3194
-2744
-2183
-1409
-365
789
1905
2963
3935
4685
5263
5590
5648
5573
5469
5366
5245
5237
5417
5778
6338
7094
7876
8703
9465
9630
9236
8666
7800
6202
4079
1727
-912
-3499
-5661
-7684
-9618
-10769
-11125
-11115
-10764
-10033
-9155
-8300
-7357
-6513
-5992
-5641
-5150
-4563
-3964
-3249
-2297
-1061
368
2012
3590
4909
6083
7025
7535
7571
7147
6193
4935
3559
2035
330
-1308
-2648
-3768
-4595
-5086
-5327
-5328
-5013
-4526
-4103
-3749
-3352
-2986
-2817
-2677
-2594
-2671
-2692
-2507
-2203
-1833
-1221
-331
704
1753
2852
3883
4747
5443
5869
6053
6017
5870
5655
5401
5228
5226
5449
5942
6634
7391
8319
9063
9156
8785
8267
7272
5501
3283
760
-1986
-4482
-6581
-8606
-10235
-10945
-11009
-10711
-10066
-9135
-8162
-7191
-6265
-5614
-5311
-5101
-4750
-4318
-3832
-3183
-2195
-869
703
2398
3938
5274
6473
7319
7622
7451
6794
5672
4318
2862
1238
-453
-1910
-3106
-4080
-4740
-5107
-5259
-5179
-4871
-4509
-4188
-3873
-3547
-3322
-3191
-3046
-2949
-2886
-2751
-2468
-2054
-1505
-757
191
1232
2262
3296
4277
5100
5668
5998
6126
6065
5922
5719
5507
5413
5519
5861
6443
7133
7899
8797
9400
9284
8750
8051
6802
4850
2509
-132
-2873
-5237
-7266
-9214
-10581
-11010
-10909
-10500
-9706
-8698
-7729
-6747
-5847
-5285
-5010
-4759
-4401
-3945
-3379
-2632
-1570
-170
1453
3054
4459
5684
6684
7280
7351
6916
5986
4696
3295
1839
265
-1257
-2483
-3370
-3960
-4286
-4412
-4343
-4065
-3702
-3439
-3304
-3205
-3179
-3276
-3426
-3532
-3571
-3503
-3246
-2794
-2133
-1301
-322
783
1894
2860
3691
4436
4988
5255
5330
5290
5204
5155
5127
5149
5359
5772
6306
6956
7658
8344
9032
9414
9080
8315
7482
6242
4351
2134
-231
-2679
-4830
-6675
-8481
-9882
-10432
-10450
-10271
-9768
-9015
-8263
-7481
-6675
-6100
-5749
-5347
-4771
-4113
-3355
-2423
-1267
148
1738
3258
4530
5611
6489
6985
7027
6615
5727
4515
3251
1959
492
-1015
-2275
-3209
-3906
-4409
-4737
-4870
-4741
-4429
-4156
-3993
-3776
-3513
-3360
-3282
-3174
-3080
-2988
-2760
-2383
-1911
-1295
-503
425
1427
2404
3291
4126
4878
5386
5631
5720
5712
5605
5454
5374
5420
5597
5955
6515
7190
7952
8732
9155
8925
8336
7561
6249
4258
1928
-569
-3092
-5331
-7282
-9072
-10348
-10764
-10621
-10179
-9463
-8551
-7622
-6721
-5948
-5428
-5131
-4850
-4426
-3878
-3217
-2367
-1199
246
1845
3382
4711
5815
6659
7086
7003
6436
5375
4004
2634
1250
-278
-1738
-2831
-3528
-3952
-4151
-4168
-4025
-3706
-3313
-3063
-3020
-3031
-3047
-3160
-3318
-3397
-3414
-3336
-2971
-2356
-1633
-753
296
1392
2428
3350
4092
4691
5149
5391
5427
5393
5325
5260
5290
5465
5754
6120
6626
7237
7883
8528
9052
9002
8367
7573
6561
4927
2835
603
-1776
-3998
-5875
-7639
-9221
-10073
-10262
-10120
-9678
-9005
-8285
-7488
-6676
-6070
-5640
-5296
-4887
-4301
-3555
-2761
-1756
-440
1039
2514
3865
4988
5860
6420
6498
6128
5345
4230
2953
1671
332
-1053
-2219
-3029
-3573
-3927
-4065
-3999
-3780
-3453
-3140
-2965
-2882
-2778
-2734
-2837
-2960
-3010
-3010
-2858
-2497
-2004
-1326
-436
591
1617
2582
3427
4206
4876
5273
5420
5427
5376
5305
5281
5327
5492
5785
6271
6901
7547
8201
8857
9050
8521
7707
6736
5200
3131
904
-1531
-3887
-5789
-7442
-8971
-9840
-9955
-9737
-9241
-8489
-7722
-7016
-6296
-5753
-5445
-5268
-5034
-4613
-4000
-3293
-2391
-1154
303
1811
3205
4376
5287
5908
6031
5673
4976
3966
2711
1434
249
-917
-1947
-2629
-2986
-3167
-3181
-3038
-2844
-2592
-2342
-2307
-2460
-2585
-2716
-2988
-3232
-3314
-3271
-3022
-2503
-1848
-1070
-146
845
1792
2623
3307
3856
4301
4588
4725
4742
4756
4848
5027
5255
5604
6033
6484
7057
7695
8247
8750
9033
8636
7840
7045
5912
4144
2126
-53
-2412
-4485
-6205
-7898
-9302
-9934
-10070
-9954
-9509
-8834
-8176
-7463
-6707
-6124
-5778
-5435
-4875
-4196
-3491
-2670
-1585
-310
1111
2540
3739
4655
5412
5845
5765
5320
4570
3434
2116
918
-285
-1569
-2654
-3360
-3818
-4038
-4001
-3845
-3553
-3050
-2589
-2349
-2161
-2021
-2087
-2248
-2361
-2477
-2550
-2398
-1978
-1396
-661
254
1285
2299
3266
4153
4811
5172
5369
5406
5261
5083
4973
4892
4981
5362
5856
6462
7234
8050
8820
9384
9248
8465
7557
6408
4584
2356
33
-2429
-4624
-6280
-7740
-9030
-9598
-9505
-9180
-8659
-7980
-7404
-6895
-6327
-5916
-5806
-5741
-5419
-4847
-4124
-3258
-2159
-797
762
2320
3630
4622
5339
5699
5611
5140
4331
3229
2048
981
-18
-935
-1661
-2167
-2450
-2545
-2590
-2638
-2591
-2535
-2625
-2797
-2924
-3042
-3200
-3302
-3278
-3123
-2828
-2398
-1848
-1197
-464
339
1151
1864
2481
3098
3667
4074
4363
4587
4740
4913
5144
5312
5445
5722
6138
6562
7011
7507
8058
8587
8697
8188
7478
6720
5500
3715
1658
-533
-2749
-4708
-6460
-8111
-9307
-9797
-9805
-9560
-9084
-8471
-7802
-7061
-6355
-5865
-5593
-5273
-4710
-4008
-3291
-2448
-1312
49
1467
2776
3857
4695
5267
5461
5238
4650
3715
2553
1417
359
-691
-1611
-2274
-2692
-2918
-2972
-2939
-2855
-2684
-2526
-2521
-2616
-2650
-2699
-2832
-2918
-2881
-2761
-2511
-2069
-1533
-922
-170
677
1483
2203
2848
3405
3887
4283
4539
4657
4756
4920
5136
5379
5669
6060
6564
7164
7759
8356
8940
9108
8593
7828
7029
5679
3716
1633
-544
-2823
-4778
-6429
-8004
-9100
-9451
-9460
-9284
-8768
-8129
-7559
-6938
-6326
-5956
-5754
-5469
-4988
-4345
-3593
-2681
-1500
-91
1338
2657
3772
4625
5218
5452
5260
4747
3975
2899
1725
654
-351
-1304
-2080
-2646
-3026
-3194
-3209
-3140
-2989
-2732
-2494
-2391
-2355
-2324
-2376
-2502
-2564
-2572
-2546
-2362
-1948
-1395
-707
155
1099
1995
2857
3638
4215
4629
4913
4998
4917
4862
4868
4927
5133
5540
6082
6747
7512
8305
9115
9590
9303
8528
7750
6555
4583
2326
36
-2377
-4514
-6204
-7834
-9122
-9577
-9552
-9397
-8908
-8219
-7654
-7096
-6474
-6081
-5984
-5811
-5389
-4821
-4121
-3201
-2007
-557
1020
2498
3736
4683
5351
5603
5370
4789
3932
2815
1669
642
-340
-1141
-1658
-2024
-2253
-2269
-2283
-2341
-2307
-2279
-2418
-2615
-2745
-2908
-3050
-3072
-2991
-2817
-2474
-1991
-1454
-880
-238
454
1136
1772
2318
2826
3302
3744
4128
4418
4660
4915
5205
5461
5739
6096
6532
7007
7485
7972
8517
8973
8865
8170
7390
6506
4993
3009
887
-1401
-3593
-5392
-7076
-8637
-9497
-9710
-9668
-9376
-8796
-8215
-7666
-7040
-6511
-6241
-6057
-5661
-5065
-4354
-3519
-2436
-1095
407
1888
3190
4206
4940
5394
5422
5051
4380
3440
2367
1367
344
-660
-1412
-1965
-2375
-2587
-2685
-2783
-2742
-2628
-2629
-2689
-2687
-2731
-2850
-2907
-2923
-2922
-2813
-2502
-2089
-1592
-966
-239
560
1354
2086
2733
3317
3812
4217
4479
4634
4801
4973
5134
5363
5732
6204
6747
7356
7989
8609
9218
9465
9002
8164
7313
6047
4146
2001
-295
-2626
-4597
-6281
-7928
-9121
-9569
-9606
-9413
-8952
-8372
-7825
-7232
-6693
-6378
-6217
-5936
-5446
-4802
-4011
-3021
-1738
-234
1329
2748
3883
4696
5243
5408
5102
4481
3573
2499
1481
522
-429
-1146
-1568
-1870
-2023
-2041
-2053
-2049
-2036
-2159
-2367
-2554
-2747
-2975
-3131
-3176
-3144
-2973
-2607
-2130
-1603
-959
-235
480
1141
1726
2245
2729
3186
3567
3853
4096
4430
4805
5123
5451
5857
6332
6846
7391
7904
8386
8897
9286
9121
8407
7612
6684
5182
3251
1131
-1193
-3364
-5169
-6918
-8535
-9472
-9808
-9842
-9556
-9048
-8514
-7904
-7191
-6668
-6409
-6132
-5654
-5055
-4346
-3460
-2369
-1003
569
2069
3348
4387
5124
5517
5513
5114
4328
3257
2136
1039
-74
-1063
-1796
-2363
-2707
-2800
-2809
-2756
-2579
-2416
-2299
-2192
-2222
-2361
-2437
-2479
-2570
-2629
-2556
-2324
-1946
-1447
-831
-124
670
1508
2277
2925
3489
3920
4198
4346
4426
4552
4696
4856
5187
5690
6249
6938
7724
8422
9106
9720
9718
8964
8006
6973
5386
3260
1010
-1283
-3461
-5188
-6684
-8118
-8938
-9048
-8967
-8729
-8253
-7861
-7538
-7095
-6755
-6680
-6607
-6257
-5641
-4853
-3890
-2702
-1275
343
1924
3212
4174
4886
5235
5164
4778
4135
3244
2251
1335
463
-375
-1033
-1514
-1958
-2277
-2440
-2634
-2800
-2852
-2886
-2915
-2906
-2949
-2996
-2919
-2781
-2675
-2534
-2296
-1963
-1525
-983
-368
283
1014
1810
2527
3140
3660
4022
4260
4446
4574
4668
4794
5013
5404
5918
6487
7172
7907
8592
9318
9774
9402
8493
7622
6493
4662
2424
124
-2181
-4177
-5792
-7410
-8750
-9238
-9236
-9169
-8849
-8346
-7971
-7528
-7009
-6761
-6674
-6418
-5898
-5170
-4275
-3230
-1957
-424
1187
2604
3680
4462
4973
5113
4828
4216
3377
2442
1536
687
-112
-780
-1182
-1393
-1588
-1767
-1897
-2033
-2184
-2351
-2555
-2793
-2973
-3057
-3092
-3050
-2916
-2670
-2340
-1933
-1481
-1020
-493
104
673
1170
1666
2186
2757
3273
3669
4027
4390
4728
5044
5368
5680
6044
6467
6955
7496
7999
8515
9124
9356
8828
8012
7260
6047
4146
2009
-308
-2677
-4622
-6257
-7926
-9146
-9549
-9589
-9427
-8892
-8297
-7856
-7272
-6691
-6413
-6268
-5949
-5429
-4726
-3809
-2749
-1456
89
1670
3024
4111
4941
5451
5542
5252
4624
3706
2699
1650
583
-450
-1256
-1824
-2254
-2569
-2772
-2856
-2835
-2756
-2710
-2683
-2666
-2615
-2595
-2631
-2696
-2729
-2664
-2514
-2245
-1879
-1373
-691
146
981
1713
2370
3054
3679
4070
4258
4338
4421
4504
4688
4956
5322
5852
6556
7388
8186
8866
9554
10167
10070
9214
8218
7144
5430
3280
1039
-1421
-3703
-5420
-6947
-8475
-9356
-9593
-9662
-9458
-8934
-8548
-8238
-7708
-7266
-7068
-6852
-6390
-5730
-4801
-3668
-2394
-893
757
2299
3561
4547
5175
5411
5235
4720
3896
2906
1883
877
-67
-852
-1379
-1750
-2003
-2168
-2278
-2363
-2404
-2463
-2592
-2753
-2849
-2860
-2880
-2896
-2858
-2664
-2402
-2064
-1629
-1154
-590
101
877
1540
2078
2615
3210
3704
4042
4267
4447
4600
4805
5105
5397
5782
6275
6887
7518
8083
8584
9158
9483
8999
8039
7142
5977
4151
2117
-85
-2443
-4389
-5844
-7377
-8712
-9220
-9311
-9289
-8927
-8409
-8116
-7698
-7119
-6780
-6657
-6359
-5806
-5042
-4030
-2911
-1643
-172
1380
2729
3775
4487
4888
5003
4811
4277
3458
2569
1688
839
4
-736
-1388
-1939
-2328
-2650
-2993
-3270
-3388
-3415
-3401
-3335
-3167
-2954
-2737
-2528
-2318
-2138
-1980
-1740
-1442
-1113
-683
-72
649
1373
2112
2884
3627
4242
4684
4951
5052
5045
5097
5194
5333
5620
6096
6752
7505
8289
9083
9871
10114
9477
8511
7493
5890
3671
1266
-1322
-3797
-5645
-7132
-8637
-9515
-9547
-9338
-8971
-8326
-7829
-7563
-7156
-6794
-6768
-6801
-6522
-5912
-4962
-3776
-2405
-804
972
2668
3998
4853
5269
5357
5100
4440
3429
2307
1309
528
-171
-802
-1247
-1504
-1662
-1806
-2051
-2426
-2708
-2843
-3019
-3266
-3372
-3294
-3110
-2857
-2558
-2309
-2052
-1668
-1228
-877
-574
-156
423
1088
1734
2365
3027
3724
4318
4760
5044
5169
5245
5406
5591
5765
6042
6468
7051
7736
8437
9156
9723
9563
8706
7768
6634
4768
2460
52
-2486
-4723
-6373
-7897
-9226
-9671
-9516
-9268
-8755
-8037
-7588
-7269
-6834
-6583
-6562
-6401
-5939
-5199
-4155
-2870
-1372
279
1921
3314
4357
4990
5205
5019
4494
3732
2838
1931
1112
384
-283
-745
-1080
-1527
-2064
-2550
-3021
-3439
-3712
-3934
-4113
-3987
-3563
-3146
-2794
-2408
-2020
-1725
-1540
-1476
-1451
-1365
-1081
-599
42
814
1711
2758
3798
4591
5096
5450
5588
5487
5283
5128
5089
5303
5772
6384
7230
8235
9214
10133
10543
9877
8641
7403
5681
3241
634
-1989
-4476
-6233
-7455
-8713
-9477
-9350
-8994
-8625
-8067
-7678
-7626
-7415
-7110
-7077
-7036
-6596
-5776
-4586
-3113
-1588
-3
1671
3172
4224
4798
4918
4664
4174
3552
2734
1808
1047
566
200
-157
-476
-831
-1233
-1637
-2171
-2849
-3380
-3700
-3944
-4072
-3939
-3631
-3257
-2765
-2235
-1838
-1567
-1358
-1210
-1053
-891
-644
-168
507
1256
2080
3009
3880
4568
5123
5478
5575
5570
5581
5615
5735
6015
6433
7042
7887
8753
9517
10197
10213
9231
7978
6701
4785
2321
-191
-2770
-5060
-6555
-7768
-9018
-9514
-9234
-8894
-8429
-7810
-7532
-7447
-7112
-6806
-6765
-6580
-5954
-4965
-3602
-2080
-592
976
2566
3831
4569
4808
4655
4251
3698
3055
2294
1543
1071
880
599
84
-417
-850
-1377
-2053
-2947
-3876
-4383
-4494
-4526
-4475
-4133
-3526
-2851
-2216
-1787
-1663
-1623
-1567
-1588
-1636
-1575
-1248
-519
464
1412
2333
3364
4344
5027
5385
5432
5260
5145
5152
5190
5340
5721
6384
7295
8291
9124
9807
10437
10387
9236
7719
6228
4260
1859
-564
-3043
-5244
-6634
-7675
-8770
-9287
-9129
-8900
-8505
-7914
-7651
-7588
-7250
-6805
-6516
-6141
-5449
-4404
-2974
-1427
-19
1369
2716
3744
4357
4536
4318
3876
3358
2836
2296
1747
1339
1104
760
155
-477
-1098
-1880
-2765
-3637
-4422
-4854
-4887
-4767
-4463
-3847
-3079
-2423
-1920
-1608
-1582
-1725
-1875
-2053
-2146
-1947
-1430
-566
570
1716
2776
3839
4765
5284
5445
5393
5113
4830
4763
4838
5052
5558
6399
7412
8366
9101
9684
10220
10219
9098
7422
5866
4086
1920
-306
-2652
-4899
-6362
-7291
-8355
-9127
-9256
-9201
-8899
-8261
-7871
-7785
-7407
-6775
-6260
-5771
-5102
-4164
-2809
-1207
179
1385
2581
3560
4223
4548
4409
3917
3417
3053
2650
2089
1486
955
534
119
-505
-1356
-2270
-3050
-3624
-4075
-4410
-4611
-4524
-4024
-3379
-2880
-2524
-2261
-2034
-1872
-1947
-2214
-2368
-2165
-1681
-1048
-252
711
1778
2862
3784
4398
4686
4831
4987
5027
4933
4911
5120
5549
6140
6832
7522
8157
8695
9090
9480
9605
8685
7067
5757
4422
2463
323
-1867
-4240
-6010
-7014
-8212
-9414
-9710
-9539
-9292
-8625
-7966
-7730
-7319
-6543
-5980
-5594
-4970
-4115
-2941
-1391
28
1182
2412
3535
4251
4627
4618
4171
3627
3266
2843
2190
1515
1003
643
226
-476
-1386
-2287
-3050
-3679
-4230
-4634
-4766
-4535
-3981
-3379
-2891
-2484
-2117
-1823
-1753
-1923
-2159
-2257
-2050
-1575
-964
-164
923
2154
3232
4025
4561
4833
4960
5066
5072
4979
4963
5230
5788
6430
7048
7623
8160
8621
8879
9030
9129
8545
7050
5530
4293
2652
585
-1460
-3636
-5675
-6948
-7942
-9122
-9775
-9658
-9292
-8753
-8034
-7514
-7179
-6600
-5911
-5408
-4894
-4132
-3030
-1578
-94
1162
2293
3358
4158
4571
4575
4124
3463
2978
2616
2062
1353
764
389
67
-434
-1221
-2167
-2982
-3573
-4089
-4542
-4823
-4795
-4408
-3870
-3415
-3095
-2848
-2608
-2436
-2378
-2420
-2441
-2183
-1597
-868
-126
740
1784
2780
3580
4161
4457
4608
4844
5097
5184
5196
5361
5715
6186
6741
7187
7460
7784
8124
8318
8509
8547
7747
6319
5049
3669
1752
-305
-2409
-4668
-6411
-7455
-8514
-9419
-9521
-9197
-8811
-8143
-7482
-7193
-6814
-6135
-5604
-5083
-4276
-3300
-2042
-452
979
2033
3034
3883
4260
4351
4212
3674
3087
2754
2400
1959
1598
1165
506
-150
-792
-1684
-2647
-3484
-4251
-4771
-4873
-4740
-4548
-4200
-3698
-3204
-2793
-2592
-2663
-2747
-2685
-2586
-2424
-2008
-1382
-638
363
1481
2342
3028
3734
4236
4533
4848
5014
5016
5188
5478
5687
5917
6216
6511
6882
7295
7542
7677
7871
8139
8385
7977
6572
4946
3535
1874
-192
-2394
-4597
-6458
-7469
-8073
-8794
-9097
-8813
-8328
-7650
-6969
-6690
-6545
-6013
-5279
-4594
-3772
-2836
-1668
-50
1480
2460
3188
3829
4189
4274
4129
3574
2811
2335
2063
1694
1174
471
-271
-845
-1435
-2326
-3362
-4146
-4552
-4672
-4631
-4590
-4461
-4071
-3528
-3114
-2962
-2999
-2997
-2802
-2521
-2326
-2159
-1698
-909
-14
865
1635
2320
3022
3692
4158
4378
4568
4839
5079
5292
5460
5581
5763
5974
6228
6504
6672
6782
6933
7090
7195
7351
7152
5908
4219
2894
1472
-387
-2284
-4149
-5918
-6985
-7445
-8119
-8677
-8518
-8125
-7641
-6888
-6363
-6146
-5617
-4767
-4049
-3269
-2268
-1248
41
1488
2469
3070
3666
4044
4087
4009
3691
3010
2398
2030
1594
999
303
-482
-1157
-1656
-2333
-3206
-3891
-4216
-4311
-4264
-4157
-4097
-3932
-3521
-3115
-2931
-2927
-2940
-2745
-2340
-1914
-1635
-1324
-662
218
1055
1734
2235
2740
3343
3896
4225
4380
4580
4843
5117
5344
5407
5448
5583
5752
5926
6056
6111
6160
6314
6503
6624
6668
6141
4769
3308
2118
683
-1082
-2814
-4526
-6047
-6873
-7340
-8031
-8441
-8217
-7796
-7213
-6451
-5949
-5629
-4990
-4136
-3371
-2542
-1566
-518
754
2033
2844
3333
3744
3930
3858
3607
3093
2381
1813
1426
906
183
-626
-1407
-2050
-2616
-3295
-4032
-4516
-4639
-4581
-4460
-4300
-4122
-3852
-3428
-3049
-2879
-2756
-2519
-2164
-1744
-1338
-959
-444
316
1107
1745
2294
2797
3304
3831
4213
4356
4476
4741
4987
5151
5218
5131
5127
5301
5443
5478
5526
5609
5694
5871
6044
6170
6284
5782
4359
2888
1767
382
-1350
-3006
-4656
-6106
-6739
-7030
-7631
-7978
-7691
-7204
-6553
-5712
-5198
-4940
-4319
-3444
-2626
-1768
-913
-45
1071
2233
2904
3231
3515
3542
3377
3166
2630
1815
1233
892
366
-354
-1102
-1896
-2547
-2973
-3476
-4129
-4539
-4513
-4341
-4169
-4030
-3955
-3805
-3481
-3105
-2871
-2673
-2297
-1783
-1166
-561
-119
336
935
1544
2023
2447
2851
3187
3601
4025
4207
4278
4462
4656
4730
4759
4725
4641
4680
4809
4916
4984
5020
5092
5202
5324
5502
5735
5489
4294
2851
1799
674
-836
-2426
-3971
-5362
-6130
-6429
-6916
-7368
-7213
-6660
-6037
-5352
-4811
-4502
-4026
-3221
-2358
-1555
-778
66
1073
2077
2694
2881
2981
3027
2907
2651
2142
1401
790
457
63
-639
-1448
-2140
-2665
-3059
-3451
-3900
-4229
-4242
-4015
-3814
-3714
-3639
-3473
-3198
-2877
-2558
-2261
-1893
-1383
-742
-106
357
740
1154
1557
1944
2316
2632
2913
3277
3702
3976
4083
4206
4286
4261
4232
4212
4122
4075
4146
4230
4301
4364
4426
4541
4728
4917
5141
5221
4569
3270
2129
1142
-145
-1547
-2882
-4282
-5379
-5791
-6108
-6662
-6783
-6368
-5910
-5351
-4639
-4148
-3775
-3077
-2228
-1492
-778
-77
643
1483
2191
2473
2542
2629
2566
2360
2074
1537
883
419
77
-442
-1147
-1874
-2555
-3063
-3429
-3778
-4031
-4094
-4027
-3838
-3578
-3412
-3276
-3015
-2699
-2359
-1952
-1552
-1213
-811
-241
257
533
787
1108
1416
1716
2047
2346
2622
2954
3237
3396
3541
3622
3573
3602
3728
3672
3499
3553
3759
3890
4032
4192
4288
4485
4841
5212
5573
5576
4690
3416
2492
1562
277
-1087
-2515
-3930
-4787
-5163
-5699
-6267
-6370
-6107
-5615
-4928
-4368
-4098
-3720
-2998
-2178
-1466
-910
-404
268
1090
1725
1977
2010
1993
1963
1896
1642
1105
471
-8
-321
-704
-1350
-2136
-2699
-2945
-3210
-3577
-3776
-3739
-3534
-3186
-2903
-2828
-2678
-2312
-1947
-1632
-1287
-1031
-775
-300
183
411
519
668
843
1110
1426
1636
1805
2117
2540
2832
2952
3024
3108
3194
3293
3361
3317
3244
3337
3600
3830
3962
4083
4272
4597
5032
5452
5834
5967
5361
4126
2953
1988
928
-334
-1823
-3268
-4167
-4714
-5363
-5966
-6260
-6229
-5754
-5003
-4460
-4125
-3732
-3218
-2587
-1980
-1562
-1136
-500
211
878
1348
1480
1510
1622
1582
1255
835
343
-170
-524
-837
-1321
-1892
-2370
-2690
-2833
-2954
-3148
-3199
-2969
-2633
-2385
-2253
-2122
-1871
-1534
-1255
-1053
-891
-672
-313
41
190
227
264
295
419
653
824
939
1174
1557
1977
2270
2358
2371
2478
2693
2872
2934
2985
3172
3499
3851
4163
4445
4702
4978
5352
5799
6183
6382
6175
5315
4066
2872
1825
827
-369
-1910
-3368
-4219
-4708
-5246
-5834
-6332
-6389
-5760
-4950
-4479
-4243
-3991
-3527
-2829
-2187
-1753
-1280
-607
218
1056
1604
1807
1905
1897
1736
1473
1033
455
-35
-400
-778
-1176
-1617
-2076
-2400
-2575
-2683
-2740
-2730
-2621
-2402
-2178
-2049
-1931
-1756
-1575
-1412
-1270
-1139
-955
-739
-572
-456
-361
-266
-149
-27
106
326
673
1091
1480
1754
1943
2138
2370
2584
2735
2817
2904
3141
3513
3899
4185
4380
4599
4910
5210
5371
5397
5427
5599
5709
5300
4261
2961
1877
1168
407
-878
-2472
-3744
-4343
-4492
-4814
-5552
-6130
-5977
-5231
-4495
-4304
-4546
-4536
-3927
-3033
-2280
-1830
-1432
-693
312
1181
1673
1825
1815
1847
1853
1689
1368
974
614
353
119
-217
-639
-1113
-1515
-1747
-1883
-2026
-2216
-2413
-2505
-2459
-2367
-2354
-2435
-2495
-2420
-2199
-1948
-1744
-1592
-1411
-1124
-768
-439
-175
49
299
633
1003
1342
1595
1764
1908
2080
2251
2385
2458
2477
2557
2731
2917
3044
3103
3151
3290
3481
3605
3591
3457
3335
3337
3392
3349
3099
2621
2057
1577
1204
866
421
-204
-910
-1493
-1866
-2062
-2242
-2586
-3003
-3293
-3351
-3214
-3073
-3093
-3157
-3067
-2740
-2214
-1691
-1308
-1011
-667
-201
336
768
943
935
939
1086
1348
1495
1397
1125
827
609
423
97
-398
-959
-1444
-1734
-1909
-2115
-2383
-2665
-2888
-2959
-2926
-2831
-2722
-2630
-2477
-2187
-1782
-1347
-1006
-791
-563
-240
144
543
870
1084
1268
1432
1612
1792
1915
1958
1937
1880
1864
1887
1908
1909
1827
1716
1654
1586
1505
1424
1258
1106
1056
1018
995
1010
913
759
667
582
520
498
360
153
15
-121
-218
-282
-402
-550
-591
-554
-467
-389
-374
-326
-189
-20
172
387
628
900
1112
1250
1382
1491
1543
1577
1520
1418
1287
1054
741
375
-84
-583
-1050
-1482
-1874
-2250
-2612
-2919
-3145
-3321
-3463
-3574
-3602
-3518
-3332
-3067
-2721
-2345
-1954
-1536
-1129
-749
-372
-29
274
624
957
1202
1379
1495
1558
1664
1733
1672
1550
1439
1340
1266
1175
1055
931
819
724
606
516
430
301
219
238
229
241
266
248
263
271
177
129
168
179
150
79
32
42
68
56
0
-55
-22
49
145
277
361
433
625
890
1150
1373
1498
1602
1770
1963
2041
1988
1872
1749
1662
1589
1338
894
399
-91
-522
-896
-1375
-1900
-2316
-2654
-2884
-3077
-3285
-3434
-3503
-3487
-3342
-3132
-2823
-2475
-2205
-1861
-1379
-928
-550
-306
-99
303
683
835
911
1041
1268
1419
1187
931
978
1103
1011
564
101
202
524
430
-22
-437
-416
-47
9
-412
-665
-493
-100
87
-141
-377
-179
251
408
142
-100
94
582
873
601
114
126
705
1210
1160
647
384
840
1578
1813
1474
1185
1501
2210
2636
2458
2113
2200
2534
2595
2316
2016
1939
2000
1754
1167
646
329
-1
-526
-1227
-1788
-2041
-2197
-2501
-2946
-3289
-3362
-3286
-3255
-3274
-3238
-2985
-2614
-2300
-2057
-1783
-1413
-983
-666
-486
-298
-71
187
386
428
431
511
553
531
425
233
88
6
-138
-325
-506
-662
-729
-740
-779
-817
-826
-833
-822
-755
-638
-518
-342
-130
6
86
198
381
659
846
803
776
1024
1411
1670
1645
1486
1564
1900
2167
2159
2071
2158
2474
2779
2877
2866
2939
3062
3055
2940
2909
2997
2979
2730
2386
2151
1962
1544
826
68
-524
-1000
-1567
-2271
-2916
-3384
-3746
-4073
-4330
-4417
-4347
-4236
-4115
-3894
-3535
-3159
-2860
-2568
-2135
-1587
-1044
-608
-229
145
457
638
720
778
820
819
709
520
356
216
-6
-338
-705
-996
-1177
-1343
-1536
-1674
-1724
-1719
-1704
-1699
-1659
-1560
-1434
-1263
-1025
-750
-487
-263
-63
155
383
595
814
1063
1352
1664
1958
2205
2437
2683
2913
3096
3208
3306
3468
3678
3904
4057
4071
3995
3955
3991
4020
3964
3786
3577
3439
3374
3267
2934
2244
1306
404
-274
-849
-1610
-2629
-3644
-4354
-4766
-5092
-5470
-5787
-5772
-5378
-4827
-4373
-4074
-3797
-3380
-2805
-2164
-1529
-946
-402
151
681
1106
1343
1393
1379
1384
1350
1204
930
560
190
-153
-532
-971
-1430
-1796
-2017
-2165
-2323
-2488
-2578
-2576
-2521
-2445
-2340
-2166
-1926
-1632
-1288
-957
-693
-446
-180
98
378
634
862
1111
1408
1755
2090
2367
2609
2857
3098
3321
3512
3660
3819
3995
4129
4181
4194
4179
4157
4121
4047
3951
3867
3815
3731
3577
3408
3209
2784
1960
922
25
-639
-1248
-2080
-3100
-4016
-4648
-5066
-5426
-5688
-5700
-5379
-4825
-4228
-3746
-3418
-3112
-2694
-2147
-1501
-833
-219
320
829
1264
1513
1539
1441
1349
1248
1086
832
515
133
-297
-735
-1184
-1619
-2034
-2340
-2486
-2537
-2592
-2674
-2718
-2703
-2611
-2470
-2292
-2052
-1783
-1464
-1088
-721
-455
-298
-127
121
421
722
989
1216
1438
1705
1995
2220
2380
2552
2761
2983
3194
3355
3469
3579
3682
3730
3703
3677
3703
3779
3867
3895
3844
3761
3704
3618
3496
3383
3128
2469
1463
507
-158
-715
-1496
-2585
-3675
-4436
-4823
-5083
-5401
-5623
-5510
-5008
-4314
-3704
-3360
-3172
-2849
-2288
-1574
-900
-343
164
702
1288
1700
1751
1525
1296
1174
1068
860
513
90
-361
-781
-1187
-1628
-2077
-2463
-2670
-2695
-2631
-2601
-2616
-2585
-2499
-2329
-2086
-1816
-1577
-1349
-1028
-634
-271
-55
68
229
446
694
934
1180
1422
1636
1849
2048
2230
2419
2624
2784
2872
2959
3077
3212
3311
3352
3317
3256
3281
3375
3475
3488
3429
3383
3399
3447
3418
3311
3173
2888
2234
1283
408
-250
-874
-1676
-2623
-3514
-4178
-4577
-4866
-5094
-5140
-4893
-4401
-3827
-3311
-2961
-2702
-2364
-1875
-1292
-701
-136
357
809
1224
1464
1405
1154
934
749
541
290
-27
-424
-865
-1271
-1674
-2076
-2391
-2586
-2649
-2613
-2524
-2421
-2323
-2204
-2051
-1848
-1585
-1294
-1033
-766
-424
-65
207
358
482
635
817
994
1179
1387
1597
1794
1936
2032
2132
2257
2373
2431
2445
2439
2453
2500
2527
2497
2431
2382
2405
2509
2619
2642
2642
2670
2738
2839
2915
2941
2910
2722
2152
1320
598
76
-467
-1108
-1779
-2504
-3126
-3479
-3699
-3927
-4016
-3843
-3516
-3113
-2674
-2377
-2231
-2027
-1679
-1240
-739
-246
141
467
783
968
921
755
581
394
204
2
-258
-621
-1029
-1408
-1767
-2095
-2303
-2372
-2406
-2441
-2398
-2300
-2209
-2111
-1971
-1809
-1606
-1336
-1064
-788
-481
-192
13
201
397
561
740
940
1113
1244
1409
1586
1696
1770
1855
1919
1958
2045
2147
2172
2126
2080
2085
2115
2127
2104
2123
2248
2405
2510
2598
2708
2784
2821
2898
2993
3102
3218
3077
2415
1492
790
333
-164
-824
-1666
-2564
-3225
-3560
-3820
-4132
-4292
-4176
-3808
-3306
-2896
-2697
-2557
-2265
-1838
-1297
-695
-232
104
500
917
1114
1091
999
891
780
680
489
111
-329
-702
-1013
-1323
-1632
-1873
-1981
-1973
-1948
-1945
-1956
-1947
-1853
-1668
-1451
-1282
-1179
-1036
-788
-530
-396
-346
-260
-96
138
413
607
683
762
910
1072
1181
1246
1294
1350
1428
1545
1673
1705
1623
1587
1673
1802
1909
1989
2051
2160
2383
2575
2643
2723
2844
2925
3046
3245
3357
3374
3346
2970
2153
1382
833
197
-518
-1173
-1938
-2752
-3273
-3604
-3998
-4223
-4111
-3853
-3504
-3028
-2653
-2434
-2137
-1746
-1343
-860
-318
102
468
878
1144
1190
1162
1079
903
707
507
219
-142
-493
-822
-1124
-1388
-1624
-1792
-1847
-1838
-1770
-1635
-1474
-1348
-1210
-1021
-855
-728
-583
-442
-358
-317
-260
-218
-190
-144
-93
-60
17
182
303
330
335
327
318
371
478
523
555
683
836
971
1135
1306
1438
1599
1869
2135
2321
2480
2623
2751
2908
3101
3220
3243
3257
3303
3312
3173
2819
2174
1370
670
92
-528
-1196
-1898
-2645
-3221
-3503
-3692
-3882
-3881
-3654
-3307
-2787
-2201
-1819
-1562
-1203
-780
-333
187
644
935
1178
1389
1396
1217
967
641
318
95
-119
-420
-740
-1028
-1304
-1519
-1645
-1727
-1744
-1643
-1446
-1227
-1035
-884
-765
-654
-527
-404
-328
-290
-239
-187
-173
-233
-369
-531
-655
-709
-734
-750
-764
-761
-710
-598
-492
-413
-307
-185
-29
185
406
577
769
1035
1326
1603
1842
2030
2194
2388
2619
2789
2853
2860
2888
2961
3038
3091
3043
2887
2764
2718
2637
2447
2094
1492
753
118
-443
-1037
-1554
-1999
-2465
-2778
-2871
-2937
-2940
-2711
-2354
-1970
-1474
-1023
-798
-647
-457
-348
-256
-73
51
84
141
146
-9
-198
-361
-546
-681
-742
-818
-922
-991
-1038
-1087
-1105
-1071
-983
-803
-545
-291
-106
3
53
73
59
28
-23
-93
-156
-215
-318
-505
-724
-931
-1088
-1167
-1190
-1191
-1155
-1062
-936
-816
-716
-640
-535
-338
-92
159
339
427
497
593
704
831
961
1084
1229
1423
1613
1739
1826
1860
1869
1931
2007
2071
2195
2365
2495
2599
2625
2528
2408
2375
2322
2163
1900
1457
861
316
-127
-606
-1084
-1492
-1892
-2203
-2307
-2359
-2450
-2432
-2291
-2121
-1868
-1569
-1396
-1288
-1094
-872
-671
-442
-242
-136
-39
54
46
-51
-142
-219
-277
-268
-242
-266
-328
-362
-381
-396
-385
-358
-330
-272
-197
-170
-188
-221
-255
-301
-326
-321
-322
-322
-314
-334
-383
-432
-478
-507
-496
-474
-442
-401
-335
-268
-226
-210
-233
-240
-209
-175
-164
-173
-206
-229
-217
-179
-157
-142
-97
-19
109
255
368
437
509
620
752
879
994
1071
1143
1254
1376
1475
1543
1621
1696
1768
1844
1891
1870
1833
1843
1836
1773
1661
1442
1095
738
447
147
-157
-413
-695
-984
-1174
-1302
-1427
-1481
-1418
-1311
-1167
-961
-805
-735
-644
-519
-416
-291
-151
-70
-37
14
20
-55
-148
-243
-346
-397
-380
-386
-410
-400
-373
-361
-325
-277
-250
-202
-120
-39
4
19
4
-45
-83
-117
-170
-223
-254
-292
-349
-402
-473
-553
-590
-586
-564
-527
-470
-403
-321
-246
-201
-185
-170
-138
-102
-61
-50
-75
-95
-103
-124
-163
-191
-212
-204
-152
-97
-70
-60
-41
-4
54
132
185
226
308
411
511
598
651
656
659
689
698
667
634
614
583
563
530
415
287
192
134
86
57
37
-11
-34
-25
-24
-33
3
73
146
236
305
303
269
249
232
218
227
242
237
244
257
230
179
151
131
122
128
144
131
123
134
139
136
132
125
100
93
91
51
-13
-67
-129
-206
-283
-368
-472
-576
-667
-745
-816
-885
-940
-1001
-1046
-1061
-1059
-1042
-998
-931
-851
-761
-663
-580
-507
-433
-338
-228
-117
-6
92
178
270
375
466
558
650
749
852
947
1028
1065
1082
1107
1126
1134
1152
1159
1147
1144
1144
1116
1053
965
860
760
660
565
457
340
229
92
-66
-225
-387
-544
-645
-700
-754
-791
-811
-852
-875
-860
-824
-757
-656
-548
-465
-407
-379
-376
-380
-374
-337
-285
-243
-203
-181
-194
-229
-269
-301
-300
-289
-270
-259
-261
-272
-309
-346
-379
-403
-408
-399
-374
-363
-376
-403
-426
-442
-446
-424
-391
-344
-286
-222
-172
-126
-75
-17
53
135
215
281
349
389
407
410
399
366
326
291
250
196
131
65
-12
-81
-139
-188
-220
-233
-225
-216
-206
-192
-169
-140
-92
-37
18
81
144
204
245
282
326
377
433
486
538
591
639
684
726
774
825
887
941
990
1031
1059
1094
1109
1117
1130
1133
1128
1098
1056
992
903
807
721
627
526
405
260
101
-72
-244
-403
-542
-662
-765
-861
-955
-1031
-1086
-1117
-1118
-1085
-1031
-958
-880
-820
-779
-743
-690
-629
-553
-473
-403
-348
-318
-310
-316
-329
-333
-327
-306
-279
-264
-262
-271
-283
-292
-296
-283
-258
-230
-207
-196
-190
-205
-224
-236
-238
-216
-189
-154
-120
-91
-59
-41
-24
5
50
111
171
224
263
300
312
309
304
292
291
287
283
266
236
197
143
91
47
17
6
12
27
33
30
11
-12
-16
-15
-1
29
60
84
92
88
75
60
51
53
67
92
108
115
114
105
94
88
93
105
124
148
167
178
174
169
162
151
141
140
126
116
102
72
41
4
-42
-96
-140
-180
-212
-237
-262
-284
-305
-329
-345
-343
-324
-299
-249
-196
-149
-102
-53
1
47
100
152
207
274
327
359
370
361
351
340
334
333
334
336
330
315
285
249
210
182
169
166
159
144
124
94
58
17
-17
-35
-49
-54
-48
-53
-68
-91
-125
-156
-177
-176
-159
-131
-109
-89
-69
-52
-42
-26
-6
24
69
100
117
128
115
99
80
59
45
38
36
34
19
-4
-32
-80
-110
-130
-155
-169
-174
-181
-199
-226
-252
-282
-307
-316
-310
-296
-272
-257
-257
-256
-257
-254
-242
-218
-182
-143
-99
-67
-47
-26
-7
13
35
66
93
122
145
154
149
139
136
124
122
122
127
125
107
85
57
27
-4
-27
-36
-44
-50
-50
-63
-78
-95
-108
-123
-125
-106
-90
-74
-64
-53
-47
-40
-29
-17
4
38
65
102
126
141
154
156
172
185
210
228
249
270
271
258
246
233
220
202
191
185
169
155
130
98
59
27
8
-9
-21
-32
-40
-51
-68
-89
-99
-107
-110
-95
-82
-68
-57
-55
-53
-55
-49
-42
-26
-7
12
30
53
59
57
63
72
81
84
95
97
96
94
82
72
53
36
21
6
-4
-15
-30
-57
-81
-105
-120
-137
-145
-146
-150
-157
-166
-168
-173
-175
-177
-170
-159
-145
-125
-110
-97
-85
-75
-60
-45
-24
-7
11
24
35
44
53
59
57
64
71
73
75
75
71
58
50
38
24
20
14
7
5
-3
-12
-16
-20
-24
-29
-33
-27
-28
-30
-30
-24
-18
-19
-8
-1
5
14
25
27
35
34
30
32
28
32
35
38
42
40
42
45
38
33
35
36
27
23
25
27
28
24
23
17
10
4
2
2
0
-2
-10
-12
-14
-14
-10
-7
-9
-8
-8
-6
-8
-6
-10
-7
-3
-5
-6
-1
6
5
0
-2
3
5
10
10
10
16
17
13
4
3
-5
-7
-13
-22
-22
-26
-27
-28
-25
-21
-17
-13
-12
-8
-8
-12
-9
-6
-7
-2
-1
1
8
11
25
33
37
31
25
26
19
13
12
8
7
7
8
4
2
4
4
8
6
5
2
-5
-7
-7
-10
-9
-11
-9
-13
-13
-14
-17
-14
-15
-10
-10
-11
-16
-26
-27
-25
-22
-20
-16
-20
-17
-8
-1
-2
-2
4
9
10
14
7
-3
-3
-5
-11
-15
-14
-24
-22
-18
-24
-29
-34
-29
-19
-17
-15
-6
3
6
5
2
3
2
7
9
6
16
20
13
9
15
10
4
5
5
1
-2
1
4
4
8
7
5
9
9
11
12
13
12
15
19
14
10
12
13
8
6
7
3
6
4
0
