-14
-10
-5
0
6
17
26
36
49
65
82
96
108
117
125
132
136
140
144
149
153
159
166
169
177
182
190
191
189
187
184
179
172
168
169
164
155
150
138
126
111
92
75
50
26
5
-18
-39
-61
-81
-99
-117
-137
-157
-176
-193
-204
-217
-227
-231
-227
-223
-214
-205
-194
-185
-176
-170
-165
-170
-174
-176
-172
-163
-158
-141
-121
-102
-83
-65
-51
-39
-28
-18
-13
-8
-5
1
18
27
41
56
73
87
101
118
123
131
132
137
145
147
155
158
167
176
180
187
189
190
191
191
186
180
175
171
168
164
164
162
156
146
132
120
106
85
64
43
21
-3
-27
-49
-68
-86
-102
-118
-137
-154
-171
-184
-197
-208
-214
-211
-210
-204
-194
-186
-175
-165
-159
-155
-156
-161
-159
-159
-159
-153
-143
-129
-107
-89
-72
-55
-41
-28
-19
-12
-9
-4
3
12
25
34
44
61
83
97
109
119
130
133
137
143
147
151
154
160
165
172
174
179
184
184
180
177
178
173
165
163
160
159
159
155
146
136
124
113
94
74
53
28
5
-16
-39
-61
-80
-96
-110
-128
-145
-163
-177
-189
-206
-212
-216
-214
-209
-200
-190
-183
-174
-168
-161
-159
-167
-175
-175
-173
-170
-162
-151
-131
-113
-94
-77
-61
-46
-37
-26
-22
-20
-15
-8
3
15
29
47
66
85
97
112
124
129
135
139
143
145
149
160
167
172
175
181
186
191
189
184
183
179
172
168
168
168
165
164
159
146
137
123
105
81
58
34
9
-16
-42
-62
-82
-100
-114
-130
-146
-165
-181
-192
-206
-214
-218
-218
-211
-203
-194
-180
-169
-155
-148
-144
-145
-151
-155
-155
-153
-153
-141
-130
-116
-100
-86
-71
-53
-43
-36
-31
-30
-28
-23
-18
-8
3
16
35
52
70
86
100
114
126
132
140
146
152
159
168
178
182
189
197
202
207
207
203
202
196
193
189
185
183
182
176
164
149
133
112
87
62
36
12
-16
-42
-64
-86
-104
-119
-136
-153
-170
-187
-196
-208
-220
-225
-224
-214
-207
-192
-179
-165
-151
-141
-129
-124
-130
-140
-146
-149
-146
-143
-131
-113
-93
-79
-62
-48
-37
-27
-22
-20
-22
-25
-24
-14
-5
6
25
45
68
91
106
115
126
133
144
153
155
162
176
183
191
200
210
220
224
225
224
222
220
218
214
209
207
205
198
180
163
144
119
91
57
26
-7
-38
-65
-90
-112
-135
-150
-161
-180
-198
-213
-224
-238
-244
-246
-241
-230
-215
-192
-169
-146
-130
-115
-101
-99
-102
-106
-116
-121
-124
-127
-120
-109
-99
-82
-72
-61
-53
-50
-48
-46
-47
-48
-46
-44
-38
-27
-12
5
23
47
69
86
102
117
132
145
157
168
182
197
207
215
226
236
242
248
252
252
252
249
249
249
249
240
223
195
168
140
104
62
18
-20
-57
-92
-121
-147
-167
-185
-193
-206
-226
-243
-255
-259
-270
-276
-269
-252
-230
-204
-172
-143
-117
-91
-70
-60
-58
-60
-71
-87
-103
-114
-119
-119
-117
-107
-95
-82
-71
-67
-57
-57
-56
-58
-63
-65
-63
-55
-43
-23
-4
25
52
80
109
134
154
168
181
196
211
225
238
255
270
283
297
307
316
320
319
314
314
311
304
286
247
207
171
129
69
8
-47
-96
-147
-186
-210
-237
-253
-256
-255
-268
-282
-289
-288
-292
-294
-286
-269
-240
-204
-164
-121
-78
-41
-11
10
18
11
-2
-17
-42
-64
-83
-92
-103
-110
-115
-116
-113
-111
-109
-105
-101
-98
-92
-85
-74
-61
-45
-25
-6
19
48
78
108
137
167
198
228
254
274
292
309
322
333
344
351
360
372
381
383
386
389
390
380
341
277
213
152
76
-20
-105
-174
-240
-291
-321
-344
-357
-350
-331
-320
-327
-331
-324
-318
-313
-302
-280
-242
-191
-135
-80
-30
12
47
69
76
65
40
9
-25
-64
-99
-125
-145
-158
-174
-182
-186
-183
-180
-175
-161
-148
-134
-115
-100
-79
-61
-39
-11
12
40
75
113
146
179
220
258
289
316
339
358
370
382
391
399
403
411
420
422
428
431
432
418
360
268
186
113
12
-109
-211
-294
-360
-405
-427
-434
-429
-402
-361
-336
-335
-335
-322
-308
-296
-282
-254
-208
-143
-75
-14
42
84
111
117
105
76
33
-7
-44
-95
-142
-170
-180
-195
-210
-216
-220
-221
-216
-206
-190
-172
-156
-128
-99
-79
-58
-30
4
34
65
105
144
181
219
263
302
335
367
392
411
426
436
448
456
461
469
474
483
486
480
477
445
357
245
153
57
-76
-210
-315
-398
-464
-496
-497
-483
-453
-401
-347
-318
-308
-297
-275
-262
-249
-227
-189
-131
-57
14
67
111
144
147
132
101
54
-2
-52
-89
-136
-186
-214
-229
-236
-246
-252
-245
-234
-219
-190
-164
-137
-106
-76
-46
-30
-25
-11
8
27
54
91
134
185
243
305
353
393
429
452
467
472
473
472
474
482
495
507
516
519
519
499
416
282
167
58
-85
-241
-371
-459
-532
-564
-554
-536
-497
-428
-352
-306
-292
-281
-260
-247
-237
-217
-189
-141
-65
11
59
98
126
127
102
61
11
-49
-104
-138
-167
-208
-237
-232
-221
-223
-227
-223
-213
-211
-198
-172
-154
-148
-132
-99
-79
-81
-76
-56
-32
1
43
88
133
185
248
307
346
376
407
440
468
492
510
533
574
626
673
712
757
806
838
762
547
325
148
-78
-381
-660
-873
-1034
-1104
-1056
-967
-869
-697
-442
-246
-189
-171
-127
-124
-161
-141
-114
-97
38
269
402
419
453
486
373
178
9
-168
-376
-496
-479
-462
-511
-463
-264
-105
-66
-22
74
145
179
257
320
275
206
235
225
6
-246
-366
-481
-655
-707
-648
-608
-524
-289
-25
124
237
371
456
511
596
681
751
941
1283
1608
1825
2039
2317
2566
2433
1690
776
148
-529
-1550
-2526
-3148
-3522
-3535
-3088
-2531
-2046
-1257
-155
693
960
991
1071
1024
765
559
381
140
192
673
962
802
695
740
471
-95
-580
-957
-1335
-1488
-1263
-891
-636
-331
235
787
973
925
907
890
765
630
572
417
142
25
54
-193
-709
-1077
-1245
-1509
-1755
-1696
-1479
-1309
-975
-403
90
338
544
769
877
890
944
1044
1276
1698
2208
2688
3035
3308
3743
3958
2983
1154
-93
-911
-2447
-4273
-5280
-5735
-5851
-5049
-3672
-2664
-1568
384
2263
2871
2727
2777
2667
1931
1203
797
145
-407
-19
620
432
49
248
276
-412
-1072
-1305
-1591
-1851
-1488
-690
-142
262
1033
1811
1969
1704
1508
1220
634
115
-96
-355
-778
-953
-817
-856
-1164
-1338
-1385
-1573
-1731
-1579
-1287
-1051
-728
-171
402
785
1025
1185
1188
1120
1119
1070
1030
1297
1780
2187
2517
2830
3129
3506
3279
1763
-29
-951
-1894
-3598
-5068
-5647
-5790
-5313
-3977
-2608
-1613
-147
1900
3254
3207
2787
2656
2150
1120
428
-71
-816
-1000
-215
229
-167
-286
100
-52
-739
-1138
-1219
-1389
-1251
-454
388
735
1177
2002
2360
1850
1168
660
-35
-934
-1518
-1778
-2149
-2409
-2148
-1764
-1800
-1890
-1628
-1430
-1536
-1405
-862
-369
64
773
1615
2232
2655
3044
3195
3013
2877
2895
2787
2718
3047
3580
3920
4178
4575
4998
5057
3830
1444
-419
-1577
-3385
-5585
-6953
-7476
-7418
-6344
-4666
-3421
-2040
180
2264
2907
2297
1737
1345
264
-895
-1408
-1966
-2388
-1569
-259
-60
-338
135
496
-174
-922
-1095
-1239
-1305
-631
515
1147
1391
2079
2641
2065
703
-608
-1828
-3161
-4282
-4854
-5172
-5340
-4910
-3967
-3275
-3018
-2511
-1773
-1427
-1249
-577
312
1046
2001
3257
4354
5127
5914
6582
6726
6609
6655
6626
6471
6549
6878
7086
7201
7589
8037
8248
7416
4527
1188
-762
-2774
-5964
-8868
-10317
-10810
-10366
-8815
-7137
-5690
-3282
-362
1525
1303
130
-434
-1081
-2641
-3662
-4007
-4316
-3647
-1528
44
186
550
1609
1705
849
180
-30
-86
216
1125
2070
2283
2455
3038
2847
1096
-1381
-3393
-5030
-6577
-7587
-8002
-8194
-7732
-6408
-5045
-4380
-3920
-2874
-1864
-1487
-1032
-13
1162
2318
3793
5484
6693
7513
8558
9312
9314
9144
9049
8923
8862
8936
9013
8902
8937
9363
9826
9493
6769
2490
-178
-1964
-5192
-8817
-11052
-12057
-11961
-10498
-8627
-7438
-5470
-2115
557
969
-360
-1425
-1955
-3373
-4879
-5427
-5959
-5726
-3485
-1094
-445
-178
1142
2067
1594
1054
876
754
1125
2211
3270
3544
3509
4046
4060
2404
-328
-3126
-5469
-7414
-8798
-9442
-9721
-9284
-7580
-5574
-4248
-3281
-2026
-685
-74
194
749
1431
2234
3401
4633
5740
6774
7999
9073
9376
9410
9653
9595
9406
9424
9440
9247
9147
9613
10144
10356
9704
6510
2262
-23
-2031
-5768
-9528
-11438
-12120
-12015
-10715
-8896
-7496
-5203
-1845
579
336
-1362
-2064
-2475
-4336
-5859
-6108
-6333
-5651
-3060
-919
-681
-342
1075
1609
668
-141
-288
-270
67
972
1755
1667
1421
1813
1445
-782
-3749
-5917
-7402
-8835
-9597
-9356
-8780
-7635
-5492
-3391
-2305
-1576
-309
728
761
820
1639
2546
3405
4609
5910
6902
7852
9094
9910
9870
9869
10234
10322
10156
10170
10341
10330
10427
10923
11300
11447
10859
7599
3278
845
-1440
-5451
-9246
-11320
-12298
-12358
-11013
-9142
-7592
-5175
-1688
706
295
-1447
-2147
-2920
-5214
-6702
-6906
-7423
-6677
-3894
-2018
-1819
-1074
369
568
-370
-1026
-1183
-1195
-794
167
898
775
645
1130
617
-1765
-4590
-6907
-8877
-10294
-10770
-10495
-9894
-8364
-5753
-3334
-1881
-563
1029
2071
2213
2289
2596
2719
3177
4319
5225
5873
7190
8938
10144
10729
11335
11898
12033
12058
12082
11673
11155
11124
11561
11876
12000
12184
10381
5874
2360
319
-3378
-8041
-11127
-12460
-12949
-12204
-10160
-8115
-6040
-2809
291
838
-1173
-2779
-3432
-5549
-8037
-8444
-8513
-8323
-5960
-3190
-2389
-2125
-952
-59
-561
-1471
-1741
-1368
-705
306
1440
1943
1823
2012
1771
-377
-3457
-5997
-8124
-9891
-10690
-10375
-9481
-8121
-5876
-3372
-1737
-723
491
1427
1509
1370
1664
1925
2088
2973
4261
5067
6221
8081
9596
10546
11442
12300
12668
12496
12360
12140
11498
10887
10788
11193
11566
12096
12103
8883
4066
1586
-712
-5471
-10344
-12961
-13931
-13949
-12559
-10250
-8171
-5421
-1450
1374
630
-1847
-2777
-3594
-6448
-8565
-8683
-8901
-7973
-4845
-2816
-2929
-2400
-744
-232
-1165
-1874
-1645
-896
122
1280
2048
2082
1807
1602
300
-2654
-5896
-8325
-10091
-11109
-11003
-10109
-8882
-6899
-4139
-1811
-600
286
1385
2067
2199
2239
2276
2399
3080
4191
5088
5991
7465
9175
10697
11732
12445
13024
13250
13190
12861
12014
10999
10559
10835
11149
11470
11786
9544
4822
1602
-411
-4409
-9375
-12538
-13613
-13670
-12422
-9915
-7359
-4676
-852
2511
2617
-76
-1658
-2391
-5042
-7758
-8130
-8217
-7811
-5058
-2601
-2498
-2310
-822
-201
-1074
-1893
-1811
-1167
-277
649
1257
1160
560
60
-1228
-3985
-6941
-9026
-10658
-11680
-11436
-10194
-8746
-6913
-4325
-1936
-606
281
1313
2035
2236
2493
2861
3004
3399
4408
5314
6009
7336
9059
10503
11524
12394
13080
13228
12943
12463
11548
10481
9850
9923
10281
10777
11595
10476
5998
1990
-50
-3550
-8720
-12474
-13839
-14066
-12940
-10339
-7397
-4772
-1062
2684
3582
849
-1525
-2490
-4920
-8302
-9238
-9111
-8985
-6729
-3687
-2951
-3036
-1641
-302
-652
-1612
-1550
-666
271
1250
2120
2052
1027
201
-954
-3867
-7444
-9686
-10629
-10986
-10497
-9007
-7008
-4852
-2431
-350
541
557
858
1410
1139
511
795
1767
2706
4021
5477
6417
7437
9160
10658
11119
11305
11925
12280
12056
11772
11264
10521
10042
10282
10610
10722
11331
10796
6709
2352
283
-2579
-7429
-11411
-13074
-13526
-12851
-10744
-8079
-5739
-2482
1075
2414
239
-2238
-3203
-5119
-8374
-9670
-9596
-9457
-7448
-4389
-3248
-3182
-2037
-619
-567
-1306
-1266
-320
572
1499
2352
2241
1076
293
-664
-3339
-6500
-8474
-9814
-10527
-9865
-8395
-6628
-4616
-2334
-342
694
944
1214
1454
1165
832
1194
1748
2314
3661
5211
6009
7099
8915
10395
11213
11991
12680
12748
12340
12136
11659
10583
9746
9912
10412
10720
11499
11301
7458
2839
767
-2016
-7062
-11317
-12932
-13363
-12647
-10634
-7821
-5342
-2103
1441
3047
834
-2116
-3116
-4776
-8275
-9845
-9312
-9000
-7289
-3974
-2463
-2650
-1642
1
-37
-1170
-1409
-466
403
1019
1695
1626
313
-834
-1733
-4346
-7930
-10129
-10909
-11111
-10399
-8709
-6580
-4438
-2171
-201
617
504
415
658
324
-514
-389
746
1920
3476
5458
6898
8243
10114
11745
12303
12509
12986
13102
12513
11859
11173
10379
9597
9400
9849
10312
10938
10979
7612
2808
175
-2393
-6931
-11249
-13219
-13725
-12903
-10906
-8114
-5522
-2348
1086
3081
1361
-1883
-3360
-4862
-8075
-10022
-9606
-9066
-7308
-4008
-2113
-2022
-1154
334
539
-382
-884
-185
749
1398
1814
1698
515
-801
-1910
-4317
-7745
-10240
-11160
-11131
-10198
-8347
-6136
-3851
-1420
469
1180
1084
804
753
371
-384
-441
421
1711
3410
5372
6840
8299
10150
11840
12447
12634
12951
12934
12441
11862
11088
10259
9620
9548
10024
10308
10777
10490
6875
2211
-293
-2986
-7540
-11433
-12788
-13043
-12222
-10066
-7117
-4744
-1869
1182
2449
-48
-3129
-4502
-6437
-9698
-11076
-10348
-9622
-7463
-4138
-2438
-2206
-1183
111
225
-650
-993
-146
788
1331
1677
1386
5
-1271
-2323
-4767
-8040
-10067
-10370
-9900
-8682
-6586
-4275
-2042
66
1383
1516
994
619
501
-122
-829
-549
577
2059
3815
5625
7076
8540
10207
11560
11957
12146
12436
12316
11821
11313
10509
9758
9427
9657
10169
10503
11070
10025
5827
1884
-216
-3462
-8111
-11159
-11857
-11847
-10750
-8115
-5163
-2923
28
2767
2680
-897
-3519
-4833
-7750
-11155
-11492
-10591
-9827
-6970
-3610
-2579
-2230
-813
127
-452
-1429
-1322
-278
466
775
1053
623
-954
-2130
-3286
-6335
-9681
-10736
-10279
-9720
-8252
-5563
-2835
-685
970
1876
1554
585
205
-120
-1284
-2139
-1089
811
2333
4087
6346
8153
9640
11157
11983
11970
12070
12479
12261
11561
11048
10818
10563
10150
10110
10623
11179
11283
8823
4244
1026
-1089
-4604
-8793
-11169
-11610
-11006
-9458
-7071
-4712
-2325
637
2675
1367
-2323
-4248
-5562
-8621
-11244
-11093
-10363
-8866
-5458
-2873
-2283
-1444
106
607
-242
-1113
-786
197
739
821
697
-131
-1482
-2442
-4222
-7664
-10334
-10603
-9946
-9237
-7607
-4871
-2152
-253
935
1272
540
-293
-535
-1269
-2644
-2960
-1131
1109
2811
4976
7471
9437
11099
12371
12621
12331
12296
12422
11838
10913
10447
10428
10214
9946
10239
10915
11580
11060
7530
3083
371
-2311
-6243
-9805
-11432
-11640
-10569
-8695
-6308
-4000
-1455
1203
2300
-288
-3773
-5185
-7064
-10293
-11813
-11201
-10419
-8114
-4632
-2888
-2331
-1043
251
287
-623
-1168
-346
711
996
1021
668
-542
-1701
-2771
-5385
-8584
-9928
-9572
-8975
-7937
-5777
-2884
-448
966
1527
1270
318
-349
-818
-2050
-3176
-2400
-130
1790
3577
5982
8217
9953
11387
12054
11782
11695
12027
11804
10786
10223
10212
10044
9651
9576
9976
10728
11342
9501
5080
1620
-287
-3226
-7029
-9679
-10251
-9694
-8327
-6490
-4288
-2131
498
2487
1646
-2039
-4543
-5875
-8550
-11359
-11897
-11124
-9639
-6712
-4037
-2987
-2152
-869
-59
-468
-1525
-1580
-369
436
506
325
-432
-1627
-2519
-3840
-6439
-8823
-9419
-8798
-7950
-6641
-4512
-1839
206
1119
1323
855
-25
-464
-783
-1781
-2466
-1281
1024
2782
4397
6405
8349
9968
11215
11700
11671
11855
12089
11683
10892
10290
9991
9784
9764
9881
10481
11385
10354
6312
2634
577
-2317
-6034
-8764
-9762
-9719
-8359
-6483
-4522
-2610
63
2161
1825
-1451
-4252
-5714
-8110
-10908
-11708
-11150
-9971
-7185
-4225
-2962
-2054
-601
264
-5
-788
-1019
-149
753
1017
848
118
-1152
-2195
-3436
-5875
-8510
-9515
-9253
-8564
-7281
-5372
-3047
-901
333
630
292
-548
-1128
-1409
-2015
-2738
-2094
56
2116
3783
5716
7737
9413
10888
11878
12045
12096
12478
12415
11574
10793
10508
10229
10078
10265
10730
11308
10476
6760
2921
724
-2007
-5671
-8541
-9546
-9525
-8400
-6732
-4816
-3010
-652
1495
1449
-1564
-4582
-5940
-8196
-11029
-12014
-11379
-10393
-7839
-4741
-3238
-2308
-668
554
369
-444
-649
285
1184
1465
1430
727
-641
-1746
-2958
-5530
-8269
-9140
-8720
-8222
-7127
-5041
-2654
-641
636
1008
553
-270
-775
-1385
-2432
-3150
-2526
-775
1227
3185
5256
7316
9124
10550
11401
11623
11627
11829
11724
11088
10482
10448
10290
10089
10264
10725
11122
10494
7055
2911
643
-1524
-4779
-7674
-8500
-8268
-7142
-5633
-3799
-2370
-511
1362
1548
-1358
-4664
-6005
-7736
-10524
-11829
-11125
-10214
-8266
-5423
-3827
-3115
-1657
-156
12
-722
-993
-155
716
886
815
268
-1009
-2272
-3219
-4921
-7159
-8397
-8264
-7716
-6840
-5138
-3026
-1142
200
900
747
29
-491
-710
-1200
-1867
-1988
-998
738
2461
3945
5627
7571
9371
10689
11400
11628
11655
11578
11185
10435
9806
9677
9856
10302
10874
11561
11454
8462
4048
1369
-851
-4319
-7544
-8509
-8212
-7376
-5779
-3662
-1963
-419
1407
1808
-773
-4434
-5943
-7510
-10425
-12155
-11357
-10237
-8674
-5876
-3886
-3085
-1856
-284
146
-470
-703
162
1014
989
895
625
-560
-2157
-3217
-4468
-6177
-7489
-7909
-7753
-7202
-5826
-3940
-2364
-1239
-340
63
-373
-1022
-1177
-1201
-1378
-1482
-1150
-43
1612
3233
4796
6562
8418
10186
11583
12210
12186
12034
11814
11393
10770
10224
10006
10501
11371
12141
12242
9689
5166
2207
34
-3545
-7224
-8653
-8439
-7777
-6459
-4676
-2912
-1386
401
1114
-823
-4562
-6216
-7183
-9787
-11954
-11579
-10444
-9162
-6522
-4452
-3697
-2514
-672
285
-19
-325
441
1550
1615
1284
943
-90
-1672
-2785
-3994
-5652
-6895
-7298
-7201
-6847
-5825
-4094
-2477
-1357
-602
-94
-250
-806
-940
-980
-1275
-1446
-1215
-403
963
2587
4270
6047
7884
9653
11035
11806
12029
12002
11587
11061
10601
10216
9872
10172
11065
11964
12430
10603
6094
2519
473
-2548
-6087
-8002
-7935
-7344
-5988
-4412
-2827
-1580
121
1048
-283
-4038
-6264
-6982
-8949
-11200
-11445
-10544
-9600
-7321
-5143
-4434
-3619
-1847
-626
-624
-947
-390
750
1128
800
453
-439
-1907
-3039
-4084
-5530
-6671
-6972
-6757
-6254
-5254
-3621
-2068
-883
-123
347
330
-130
-424
-500
-707
-972
-990
-372
797
2236
3876
5576
7298
8956
10393
11269
11591
11583
11146
10573
10176
9988
9794
10050
10992
11989
12511
10956
6626
2696
495
-2221
-5499
-7533
-7532
-6752
-5297
-3741
-2320
-1179
354
1204
-24
-3660
-6327
-7191
-8974
-11100
-11631
-10832
-9842
-7661
-5487
-4721
-3979
-2274
-927
-734
-969
-526
646
1215
826
276
-668
-2018
-3131
-4240
-5667
-6653
-6870
-6574
-6014
-5195
-3896
-2381
-1150
-554
-289
-203
-488
-792
-879
-989
-1163
-1149
-505
727
2143
3737
5627
7530
9191
10623
11652
12035
12070
11827
11436
10967
10695
10438
10690
11533
12283
12594
10957
6652
2715
510
-2066
-5308
-7316
-7155
-6516
-5533
-4344
-3075
-2173
-965
-71
-972
-4306
-6731
-7325
-8930
-11008
-11538
-10746
-9976
-8039
-5827
-4805
-3891
-2045
-425
-59
-208
199
1249
1671
1155
511
-548
-2022
-3084
-3997
-5480
-6690
-6795
-6235
-5747
-5205
-4018
-2521
-1317
-745
-496
-503
-787
-899
-990
-1386
-1674
-1419
-544
771
2248
3878
5819
7895
9625
10808
11563
11998
12122
11869
11337
10793
10659
10780
11256
11892
12521
12762
10475
5763
2116
97
-2550
-5597
-7057
-6581
-6040
-5034
-3672
-2434
-1856
-660
279
-1145
-4892
-6868
-7456
-9346
-11324
-11444
-10754
-10034
-8061
-5972
-5102
-4182
-2202
-512
-264
-538
96
1182
1373
735
57
-1229
-2710
-3600
-4552
-6223
-7181
-6557
-5447
-4845
-4225
-2840
-1378
-568
-252
-95
-302
-548
-527
-784
-1426
-1517
-812
140
1241
2683
4379
6193
7970
9447
10453
11017
11406
11411
10998
10391
10192
10470
10832
11246
11908
12797
12142
8325
3919
1603
-499
-3298
-5559
-6035
-5638
-4705
-3445
-2359
-1760
-866
445
374
-2558
-5705
-6677
-7871
-10207
-11436
-11308
-11001
-9710
-7627
-6483
-5819
-4073
-1895
-732
-697
-475
499
1204
898
185
-826
-2368
-3464
-4151
-5449
-6703
-6688
-5675
-4665
-3982
-3184
-1960
-915
-479
-385
-498
-739
-771
-713
-1154
-1635
-1205
-284
600
1841
3475
5169
6996
8736
9939
10679
11362
11697
11392
10881
10594
10710
10905
11410
12020
12746
12987
10756
6146
2651
747
-1588
-4236
-5767
-5666
-5095
-4022
-3086
-2301
-1852
-854
-99
-1338
-4739
-6637
-7163
-8812
-10802
-11236
-11133
-10819
-9153
-7519
-6755
-5535
-3126
-1068
-111
101
758
1695
1794
996
192
-1193
-2890
-3758
-4567
-6016
-6916
-6423
-5237
-4349
-3745
-2890
-1878
-1281
-1078
-1012
-1101
-1267
-927
-733
-1327
-1576
-700
280
1180
2646
4331
5967
7800
9461
10358
10832
11305
11510
11262
10771
10671
10967
11640
12396
13000
13541
12316
8076
3748
1465
-731
-3410
-5342
-5640
-5247
-4398
-3394
-2486
-1921
-1176
-66
-223
-3071
-5731
-6322
-7546
-9782
-10742
-10792
-10992
-10044
-8380
-7632
-6787
-4671
-2385
-976
-322
246
1143
1592
1018
207
-926
-2636
-3905
-4719
-5958
-6798
-6483
-5389
-4414
-3508
-2663
-1868
-1357
-1116
-1057
-1028
-1136
-1046
-790
-1026
-1175
-446
670
1545
2833
4466
5833
7194
8672
9695
10057
10473
10735
10616
10254
10253
10500
11062
11890
12658
13403
12738
8963
4528
2233
141
-2477
-4415
-4783
-4479
-3648
-2756
-2008
-1553
-828
200
319
-2180
-5003
-5792
-6832
-9093
-10327
-10394
-10690
-10115
-8744
-8203
-7876
-6150
-3956
-2506
-1712
-823
339
1085
733
-34
-1006
-2734
-4215
-5208
-6438
-7134
-6558
-5365
-4245
-3082
-1897
-1055
-723
-679
-749
-834
-1140
-1435
-1391
-1516
-1498
-686
587
1753
3157
4961
6451
7661
8890
9947
10381
10616
10687
10578
10338
10257
10325
10767
11701
12691
13593
12985
9283
4981
2840
813
-2000
-4075
-4301
-3930
-3296
-2681
-2025
-1632
-934
43
47
-2459
-5197
-5860
-6822
-9140
-10477
-10443
-10666
-10206
-8884
-8434
-8328
-6654
-4322
-2835
-2129
-1109
412
1407
962
140
-724
-2309
-3696
-4726
-6278
-7338
-6852
-5640
-4644
-3729
-2516
-1459
-1108
-1198
-1390
-1388
-1415
-1554
-1560
-1872
-2020
-1232
86
1192
2558
4534
6408
7904
9219
10182
10546
10768
10923
10744
10369
10387
10793
11386
12296
13303
14256
13573
9696
5308
3032
1019
-1793
-3908
-4197
-3802
-3216
-2510
-1908
-1517
-791
298
277
-2141
-4717
-5345
-6394
-8617
-9944
-10063
-10340
-9894
-8684
-8371
-8285
-6672
-4447
-3106
-2540
-1636
-134
816
405
-427
-1379
-2835
-3935
-4931
-6464
-7455
-6855
-5592
-4750
-4053
-2912
-1859
-1451
-1448
-1659
-1677
-1444
-1306
-1354
-1775
-1876
-1103
151
1189
2389
4241
6196
7806
9080
9965
10230
10453
10690
10422
9770
9829
10503
11144
11934
12923
13837
13100
9310
5152
2989
1073
-1432
-3221
-3371
-3028
-2397
-1633
-1096
-868
-173
773
563
-1837
-4073
-4651
-5840
-7955
-9124
-9335
-9646
-9289
-8380
-8311
-8229
-6762
-4902
-3848
-3410
-2456
-984
-130
-516
-1202
-2179
-3581
-4603
-5406
-6503
-6990
-6196
-4943
-4226
-3534
-2556
-1753
-1442
-1337
-1369
-1282
-1045
-869
-942
-1329
-1381
-853
147
1206
2506
4271
6123
7733
9020
10032
10411
10476
10416
10025
9393
9352
9909
10493
11230
12191
13213
12513
8760
4803
2951
1265
-1069
-2793
-2811
-2471
-1949
-1372
-915
-857
-269
701
436
-2115
-4220
-4660
-5763
-7797
-9003
-9327
-9652
-9218
-8355
-8420
-8326
-6799
-4876
-3763
-3382
-2414
-961
-166
-565
-1248
-2280
-3694
-4597
-5305
-6415
-6828
-5748
-4358
-3662
-3018
-2187
-1523
-1425
-1665
-1979
-1974
-1594
-1167
-1182
-1529
-1501
-852
184
1208
2507
4293
6227
7897
9046
9842
10212
10469
10479
9980
9351
9446
10195
10813
11439
12309
13292
12724
9133
5013
2771
1209
-858
-2642
-2998
-2693
-2190
-1608
-1195
-1098
-588
467
413
-1861
-4091
-4742
-5678
-7422
-8725
-9247
-9620
-9177
-8305
-8152
-7919
-6594
-4800
-3672
-3195
-2421
-1233
-489
-788
-1482
-2546
-4171
-5353
-6054
-6657
-6698
-5679
-4428
-3543
-2842
-2209
-1847
-1910
-2078
-2132
-2012
-1845
-1757
-1653
-1434
-1098
-530
519
1822
3209
4676
6096
7436
8548
9499
9972
10227
10202
9956
9649
9727
10136
10663
11456
12370
13090
11858
7955
4281
2611
1069
-1154
-2785
-2538
-1869
-1399
-1124
-717
-466
179
950
471
-1993
-3821
-4227
-5369
-7226
-8227
-8432
-8573
-8275
-7901
-8095
-7861
-6385
-4723
-3900
-3545
-2602
-1286
-909
-1810
-2615
-3408
-4565
-5544
-6401
-7264
-7178
-5704
-4140
-3329
-2597
-1643
-1113
-1606
-2319
-2428
-1846
-1173
-791
-758
-831
-560
96
861
1680
3099
4985
6694
7850
8679
9397
9858
10036
9951
9638
9343
9667
10428
10951
11428
12387
12772
10149
5744
3132
1991
295
-1733
-2427
-1816
-1351
-1038
-650
-314
-37
719
1129
-357
-2899
-3930
-4601
-6368
-7913
-8298
-8404
-8382
-7903
-7774
-8104
-7543
-6014
-4786
-4220
-3507
-2074
-857
-1043
-2279
-3416
-4672
-5873
-6623
-7029
-7134
-6271
-4641
-3377
-2697
-2014
-1145
-801
-1298
-1947
-2183
-1976
-1565
-1391
-1330
-984
-239
716
1699
2847
4321
6010
7680
8818
9438
9858
10159
10232
10012
9609
9498
9971
10723
11413
12124
13175
12564
8797
4838
2900
1340
-828
-2630
-2778
-2239
-1774
-1404
-801
-225
457
1163
862
-1483
-3573
-4317
-5542
-7497
-8519
-8656
-8683
-8301
-7982
-8337
-8277
-7064
-5633
-4706
-4077
-2982
-1426
-655
-1577
-3015
-4157
-5557
-6952
-7611
-7481
-6853
-5613
-4081
-2760
-2069
-1536
-973
-1094
-1920
-2526
-2526
-2243
-1925
-1597
-1036
-362
473
1420
2554
3989
5608
7309
8740
9439
9819
10153
10165
9890
9657
9690
9880
10263
10948
11678
12663
13023
10395
6214
3727
2334
354
-1919
-2856
-2545
-1988
-1719
-1342
-573
509
1557
1871
238
-2183
-3304
-4294
-6268
-7895
-8295
-8219
-7818
-7447
-7786
-8075
-7336
-6256
-5469
-4924
-4050
-2567
-1149
-1225
-2515
-3723
-4995
-6529
-7744
-8083
-7575
-6403
-4971
-3543
-2535
-1922
-1283
-1020
-1608
-2230
-2181
-1853
-1527
-1083
-633
-120
550
1336
2047
3169
4710
6344
7893
8842
9284
9675
9842
9693
9507
9510
9700
9916
10271
10715
11445
12093
10515
6730
4015
2845
1306
-876
-2125
-2096
-1831
-1708
-1485
-809
192
1458
2190
1201
-1142
-2548
-3476
-5224
-6990
-7693
-7705
-7351
-6932
-7111
-7619
-7290
-6394
-5691
-5170
-4405
-3147
-1715
-1268
-2221
-3591
-4856
-6033
-7046
-7750
-7814
-6981
-5575
-4347
-3487
-2871
-1989
-1245
-1410
-2212
-2477
-2129
-1665
-1231
-809
-284
458
1421
2195
2861
3982
5551
7396
8705
9144
9532
10035
10067
9700
9355
9551
10071
10486
10796
11296
11982
10910
7269
4036
2810
1734
-159
-1754
-1991
-1882
-1840
-1727
-1002
-140
1047
2188
1972
-272
-2078
-3073
-4559
-6378
-7455
-7755
-7382
-6807
-6768
-7276
-7194
-6356
-5630
-5110
-4436
-3332
-2045
-1388
-2034
-3082
-4248
-5669
-6959
-7777
-8033
-7488
-6355
-5015
-3940
-3281
-2525
-1902
-2011
-2550
-2684
-2321
-2039
-1724
-1217
-639
66
991
1985
3052
4300
5694
7371
8807
9450
9785
10170
10190
9888
9773
10184
10653
10901
11065
11504
12084
10821
7085
3896
2723
1843
-4
-1903
-2280
-1952
-1832
-2036
-1701
-642
872
2166
2189
143
-1601
-2434
-3895
-5871
-7084
-7443
-7020
-6445
-6514
-7019
-6851
-6047
-5484
-5213
-4621
-3471
-2275
-1643
-2136
-2858
-3706
-5390
-7080
-7879
-8006
-7483
-6699
-5679
-4607
-3992
-3396
-2773
-2650
-2637
-2234
-1687
-1582
-1514
-991
-484
-3
786
1730
2862
4320
5631
7011
8354
9166
9583
9869
9869
9814
9871
10330
10638
10843
11151
11459
11689
10368
6892
4026
2761
1683
241
-1176
-1616
-1620
-1687
-1981
-1928
-1117
356
1617
1874
288
-1273
-2154
-3584
-5455
-6500
-6873
-6703
-6266
-6223
-6644
-6587
-6046
-5635
-5400
-4760
-3639
-2459
-1739
-2051
-3027
-4092
-5430
-6648
-7314
-7543
-7237
-6508
-5675
-4921
-4514
-4052
-3291
-2888
-2875
-2533
-1977
-1688
-1374
-900
-499
-105
693
1712
2616
3818
5214
6681
8057
8865
9203
9606
9794
9841
9880
10201
10638
11073
11443
11770
11837
10370
7025
4198
2899
1752
375
-687
-1041
-1383
-1660
-1898
-1621
-929
309
1557
1868
396
-963
-1929
-3334
-4952
-5820
-6157
-6051
-5805
-5879
-6382
-6519
-6099
-5730
-5445
-4716
-3604
-2532
-2016
-2540
-3500
-4487
-5380
-6126
-6741
-7035
-6724
-6169
-5644
-5174
-4773
-4234
-3590
-3400
-3655
-3390
-2715
-2357
-2007
-1375
-703
-157
661
1754
2838
4080
5557
6980
8256
9079
9539
9863
10007
10076
10259
10576
10951
11340
11709
12199
12267
10359
6769
3996
2652
1341
-345
-1400
-1614
-1772
-2121
-2445
-2060
-1121
170
1346
1316
-71
-1026
-1916
-3388
-4854
-5567
-5774
-5543
-5392
-5775
-6339
-6260
-5867
-5697
-5391
-4514
-3457
-2674
-2516
-3073
-3738
-4476
-5270
-5876
-6247
-6323
-5952
-5645
-5426
-5094
-4688
-4317
-4045
-4034
-4095
-3669
-2976
-2514
-2019
-1163
-290
277
1020
2069
3243
4595
5948
7071
8196
9161
9662
9704
9635
9847
10188
10490
10810
11259
11702
12217
11916
9567
6117
3944
2750
1205
-689
-1611
-1831
-2009
-2513
-2904
-2396
-1137
108
948
529
-637
-1244
-2182
-3646
-4862
-5333
-5326
-5050
-5180
-5746
-6196
-5872
-5664
-5694
-5269
-4160
-3191
-2779
-2996
-3474
-3863
-4438
-5203
-5661
-5618
-5397
-5106
-5075
-5067
-4836
-4489
-4344
-4317
-4274
-4056
-3569
-3010
-2414
-1758
-785
166
781
1485
2374
3405
4717
5810
6759
7961
8948
9461
9377
9275
9545
9951
10266
10731
11247
11830
12138
11176
8332
5461
4169
3170
1366
-540
-1304
-1722
-2154
-2841
-2935
-2216
-748
304
777
-125
-973
-1524
-2460
-3735
-4426
-4645
-4402
-4356
-4879
-5601
-5848
-5572
-5606
-5648
-5039
-3898
-3118
-2933
-3368
-3788
-4028
-4496
-5216
-5453
-5104
-4781
-4752
-4990
-5091
-4961
-4788
-4763
-4746
-4569
-4081
-3647
-3273
-2750
-2065
-1021
-33
738
1653
2643
3767
5012
5928
7058
8403
9356
9745
9750
9794
10140
10437
10784
11264
11750
12340
12085
9830
6741
4966
4189
2757
458
-983
-1571
-2259
-3158
-3615
-3212
-1931
-720
-80
-433
-1316
-1710
-2284
-3355
-4053
-4129
-3933
-3673
-4106
-4891
-5406
-5440
-5470
-5609
-5335
-4381
-3511
-3242
-3528
-4032
-4186
-4283
-4751
-5073
-4744
-4261
-4127
-4378
-4588
-4479
-4395
-4503
-4771
-4797
-4374
-3912
-3665
-3286
-2745
-1891
-865
47
993
2082
3311
4520
5548
6555
7762
8908
9594
9837
9938
10113
10332
10605
11082
11568
12005
12287
10897
8000
5747
4841
3837
1743
-198
-1001
-1760
-2852
-3730
-3848
-2885
-1719
-1012
-1139
-1898
-2274
-2492
-3294
-4000
-4065
-3727
-3353
-3469
-4208
-4861
-5027
-5115
-5276
-5143
-4391
-3561
-3291
-3593
-4183
-4585
-4547
-4632
-4830
-4536
-3953
-3696
-3872
-4097
-4073
-3880
-3844
-4093
-4427
-4314
-3961
-3719
-3400
-2903
-2179
-1236
-290
677
1659
2731
3869
4777
5733
6869
7858
8728
9205
9436
9541
9536
9599
9991
10490
10931
11371
11018
9065
6728
5446
4684
3266
1284
182
-654
-1712
-2725
-3311
-3012
-2077
-1424
-1232
-1902
-2516
-2592
-3069
-3627
-3703
-3489
-3052
-2784
-3199
-3865
-4328
-4513
-4746
-4894
-4465
-3685
-3278
-3294
-3730
-4413
-4761
-4834
-4932
-4696
-4083
-3667
-3708
-3899
-3963
-3933
-3841
-3821
-3963
-4063
-3949
-3824
-3644
-3236
-2655
-1966
-1194
-306
650
1628
2573
3407
4164
5332
6573
7526
8122
8589
8968
9085
9004
9130
9554
10004
10425
10564
9740
7923
6446
5617
4784
3165
1697
783
-318
-1522
-2474
-2707
-2172
-1560
-1300
-1572
-2493
-2806
-3140
-3768
-3901
-3559
-3218
-2735
-2716
-3119
-3560
-4014
-4204
-4439
-4458
-3824
-3202
-3128
-3252
-3790
-4378
-4564
-4696
-4713
-4190
-3592
-3417
-3579
-3654
-3604
-3539
-3550
-3591
-3762
-3838
-3833
-3769
-3574
-3171
-2681
-2173
-1496
-684
196
1070
1990
2711
3575
4830
6074
6922
7488
8104
8537
8696
8796
9083
9463
9845
10156
10187
9432
8161
7162
6408
5505
4054
2921
1877
696
-518
-1317
-1481
-1231
-1042
-1025
-1633
-2555
-2928
-3565
-4097
-4016
-3737
-3470
-3108
-3190
-3450
-3834
-4179
-4239
-4411
-4336
-3800
-3497
-3599
-3849
-4354
-4728
-4785
-4913
-4797
-4273
-3821
-3723
-3756
-3667
-3491
-3418
-3410
-3474
-3737
-3851
-3817
-3637
-3348
-2948
-2531
-1986
-1337
-620
59
780
1654
2353
3180
4227
5150
5820
6478
7034
7378
7685
7978
8348
8617
8821
9151
9363
9164
8581
7761
7181
6630
5667
4866
3859
2750
1811
1035
580
464
310
156
-480
-1524
-2157
-2892
-3404
-3416
-3559
-3626
-3434
-3627
-4010
-4470
-4888
-4986
-5118
-5154
-4932
-4903
-5030
-5109
-5398
-5640
-5588
-5529
-5228
-4841
-4585
-4439
-4237
-3911
-3611
-3506
-3380
-3329
-3469
-3574
-3538
-3342
-2933
-2574
-2259
-1842
-1355
-790
-281
271
1000
1658
2435
3341
3996
4663
5360
5869
6301
6776
7201
7713
8007
8301
8702
9054
9403
9223
8654
8387
8107
7536
7058
5988
4963
4155
3347
2790
2395
1820
1449
607
-638
-1462
-2448
-2972
-3106
-3609
-3984
-4098
-4556
-5000
-5568
-6186
-6308
-6331
-6338
-6273
-6397
-6401
-6217
-6336
-6421
-6212
-5938
-5458
-5060
-4915
-4742
-4344
-3884
-3532
-3374
-3150
-2911
-2950
-3038
-3068
-2948
-2475
-2115
-1968
-1732
-1389
-925
-465
-69
473
1172
1991
2892
3564
4263
5055
5689
6240
6828
7345
7943
8414
8782
9165
9655
10109
10038
9652
9408
9138
8736
8175
6921
5821
4934
4128
3459
2726
1872
1320
271
-934
-1922
-3052
-3494
-3738
-4414
-4903
-5201
-5695
-6046
-6674
-7305
-7327
-7297
-7223
-7206
-7332
-7192
-6858
-6865
-6740
-6419
-6080
-5538
-5141
-4985
-4659
-4088
-3601
-3161
-2951
-2623
-2289
-2261
-2296
-2302
-2149
-1646
-1330
-1278
-1045
-749
-361
41
352
852
1553
2251
3008
3581
4182
4954
5550
6097
6709
7198
7734
8216
8585
9037
9648
10018
9908
9596
9386
9185
8848
8089
6770
5718
4820
4034
3318
2503
1695
1085
-101
-1243
-2319
-3347
-3753
-4199
-4962
-5384
-5709
-6155
-6452
-7088
-7567
-7537
-7543
-7551
-7586
-7601
-7366
-7045
-6988
-6707
-6265
-5900
-5431
-5072
-4813
-4252
-3532
-3024
-2491
-2141
-1760
-1459
-1395
-1389
-1260
-1003
-674
-500
-476
-264
28
300
555
840
1264
1817
2374
2888
3381
3957
4585
5141
5683
6254
6746
7156
7532
7968
8511
9172
9430
9265
9011
8902
8737
8419
7553
6332
5444
4567
3784
3046
2288
1629
1007
-241
-1348
-2447
-3325
-3775
-4392
-5138
-5483
-5825
-6255
-6628
-7271
-7574
-7556
-7621
-7715
-7726
-7593
-7260
-6949
-6849
-6549
-6078
-5645
-5243
-4927
-4626
-4048
-3384
-2917
-2395
-1957
-1547
-1286
-1197
-1190
-1006
-724
-493
-359
-302
-83
242
491
641
883
1269
1792
2336
2796
3329
3935
4590
5181
5739
6325
6860
7287
7670
8154
8742
9364
9510
9327
9080
9000
8859
8515
7530
6398
5495
4568
3759
2940
2080
1471
743
-538
-1614
-2741
-3565
-4018
-4769
-5455
-5740
-6128
-6484
-6889
-7564
-7705
-7668
-7763
-7784
-7755
-7570
-7060
-6783
-6731
-6406
-6028
-5552
-5111
-4881
-4618
-4051
-3548
-3075
-2609
-2233
-1782
-1477
-1429
-1370
-1174
-938
-657
-547
-442
-82
262
545
749
939
1322
1880
2338
2840
3398
3996
4727
5277
5811
6437
6965
7411
7871
8295
8920
9481
9532
9354
9121
9044
8933
8495
7440
6376
5403
4495
3684
2782
1897
1279
433
-791
-1845
-2947
-3627
-4098
-4831
-5431
-5681
-5991
-6226
-6646
-7172
-7198
-7150
-7203
-7234
-7203
-6954
-6456
-6224
-6153
-5896
-5549
-5096
-4769
-4574
-4342
-3835
-3398
-3024
-2663
-2269
-1863
-1550
-1470
-1417
-1164
-944
-726
-608
-505
-166
238
447
650
847
1151
1645
2069
2509
3091
3695
4376
4915
5417
5987
6540
6983
7471
7953
8588
9103
9128
8934
8776
8807
8757
8397
7345
6370
5441
4601
3748
2855
1948
1412
524
-669
-1711
-2749
-3393
-3857
-4645
-5265
-5504
-5835
-6091
-6560
-7077
-7066
-7019
-7115
-7171
-7169
-6924
-6425
-6244
-6167
-5838
-5470
-5053
-4738
-4532
-4271
-3721
-3346
-3019
-2702
-2326
-1941
-1630
-1581
-1470
-1225
-1022
-784
-678
-535
-146
195
370
598
770
1086
1555
1944
2419
3013
3608
4285
4796
5351
5981
6525
6962
7499
8028
8706
9237
9173
8889
8734
8838
8861
8585
7603
6686
5802
4993
4115
3206
2302
1752
837
-430
-1514
-2563
-3252
-3775
-4628
-5333
-5580
-5925
-6306
-6861
-7439
-7497
-7446
-7537
-7596
-7544
-7260
-6768
-6594
-6524
-6145
-5734
-5327
-4991
-4715
-4393
-3820
-3486
-3265
-2945
-2516
-2129
-1855
-1802
-1667
-1392
-1198
-958
-817
-602
-139
195
367
644
885
1273
1783
2219
2749
3423
4054
4720
5234
5822
6510
7049
7456
7979
8496
9136
9665
9532
9152
8923
8921
8922
8661
7709
6745
5830
4945
4084
3136
2227
1614
676
-597
-1665
-2756
-3457
-3962
-4794
-5454
-5680
-6014
-6355
-6883
-7470
-7480
-7405
-7408
-7380
-7362
-7085
-6619
-6489
-6398
-6070
-5750
-5314
-4969
-4699
-4326
-3813
-3519
-3326
-3088
-2706
-2323
-2119
-2035
-1886
-1615
-1373
-1122
-980
-706
-249
69
284
579
877
1279
1764
2207
2764
3437
4087
4721
5282
5909
6624
7195
7630
8111
8633
9211
9729
9662
9246
8954
8851
8738
8509
7604
6549
5625
4703
3816
2905
1919
1244
403
-815
-1849
-2896
-3627
-4025
-4741
-5397
-5625
-5941
-6259
-6680
-7268
-7359
-7244
-7221
-7171
-7162
-6937
-6497
-6352
-6283
-5979
-5658
-5222
-4830
-4568
-4204
-3711
-3380
-3218
-3007
-2633
-2221
-1977
-1870
-1734
-1471
-1174
-955
-830
-661
-281
19
195
421
727
1088
1549
1967
2392
3014
3698
4304
4874
5503
6203
6864
7372
7832
8416
9006
9644
9852
9496
9133
9008
8877
8764
8105
6947
6038
5086
4135
3221
2165
1335
676
-544
-1651
-2661
-3586
-3965
-4544
-5377
-5654
-5909
-6311
-6630
-7284
-7570
-7377
-7377
-7342
-7286
-7222
-6751
-6457
-6490
-6217
-5858
-5476
-4941
-4631
-4327
-3786
-3387
-3193
-2966
-2681
-2262
-1911
-1853
-1773
-1573
-1292
-954
-770
-701
-391
-61
122
387
642
964
1437
1850
2241
2777
3390
4084
4727
5290
6024
6682
7245
7808
8334
8935
9668
10126
9955
9558
9239
9196
9152
8843
7812
6717
5736
4780
3758
2701
1699
971
0
-1282
-2377
-3429
-4055
-4519
-5327
-5918
-6055
-6374
-6728
-7210
-7723
-7661
-7451
-7416
-7380
-7284
-6951
-6480
-6357
-6274
-5922
-5557
-5091
-4710
-4460
-4123
-3644
-3408
-3297
-3041
-2697
-2380
-2168
-2133
-2059
-1755
-1399
-1099
-906
-713
-346
-61
169
537
893
1279
1781
2200
2648
3302
3944
4565
5183
5810
6427
7020
7569
8105
8696
9296
9891
10004
9618
9221
9051
8954
8872
8211
6963
5979
4986
3989
3022
1971
1054
405
-795
-1939
-2954
-3852
-4255
-4807
-5626
-5872
-6020
-6428
-6688
-7261
-7526
-7215
-7090
-7087
-6989
-6866
-6435
-6058
-6068
-5840
-5550
-5195
-4714
-4451
-4257
-3810
-3460
-3316
-3111
-2864
-2473
-2142
-1984
-1901
-1712
-1362
-963
-732
-545
-219
57
359
670
965
1324
1743
2148
2587
3079
3694
4317
4850
5448
6024
6522
7124
7638
8122
8704
9212
9571
9465
8994
8660
8542
8447
8276
7293
6110
5204
4196
3231
2338
1297
590
-144
-1411
-2454
-3470
-4174
-4543
-5242
-5885
-5986
-6263
-6592
-6933
-7515
-7516
-7211
-7155
-7137
-7041
-6850
-6395
-6114
-6062
-5811
-5477
-5001
-4548
-4230
-3943
-3476
-3157
-2996
-2699
-2381
-2027
-1670
-1552
-1523
-1184
-889
-647
-446
-375
-79
282
492
817
1088
1340
1833
2167
2546
3179
3734
4366
5027
5517
6135
6730
7261
7823
8298
8849
9446
9652
9500
9097
8698
8724
8685
8310
7375
6222
5229
4307
3232
2308
1362
553
-231
-1558
-2765
-3645
-4386
-4925
-5530
-6176
-6328
-6542
-7005
-7366
-7814
-7771
-7470
-7440
-7414
-7166
-6895
-6484
-6219
-6144
-5817
-5436
-4956
-4555
-4182
-3780
-3424
-3187
-2963
-2740
-2347
-1991
-1839
-1652
-1503
-1249
-905
-864
-755
-505
-314
53
387
543
953
1304
1556
2037
2472
3061
3800
4325
4948
5600
6096
6723
7281
7699
8382
8943
9394
9710
9511
9160
8954
8866
8807
8463
7440
6437
5397
4394
3507
2534
1575
835
-145
-1409
-2464
-3472
-4135
-4674
-5336
-5867
-6098
-6398
-6725
-7102
-7507
-7423
-7267
-7239
-7153
-6966
-6749
-6385
-6219
-6214
-5904
-5564
-5169
-4768
-4465
-4167
-3764
-3545
-3351
-3017
-2709
-2315
-2048
-1922
-1647
-1295
-1036
-821
-651
-443
20
381
684
1014
1347
1724
2081
2395
2881
3519
4096
4661
5162
5669
6263
6745
7162
7580
8076
8590
9016
9173
8988
8667
8444
8376
8239
7905
6981
6011
5067
4150
3321
2485
1494
711
-237
-1445
-2369
-3361
-4088
-4539
-5190
-5767
-5975
-6389
-6710
-7001
-7496
-7461
-7294
-7309
-7192
-7065
-6892
-6480
-6333
-6342
-6006
-5678
-5199
-4757
-4473
-4121
-3686
-3393
-3156
-2846
-2497
-2054
-1745
-1544
-1338
-1030
-737
-576
-399
-185
209
614
896
1141
1450
1784
2145
2534
2939
3572
4158
4683
5215
5694
6203
6713
7109
7494
8012
8456
8905
9115
8907
8552
8282
8162
8132
7861
6985
6048
5098
4195
3421
2551
1537
783
-134
-1303
-2299
-3377
-4177
-4663
-5377
-5986
-6290
-6722
-7050
-7398
-7922
-7879
-7676
-7620
-7488
-7400
-7133
-6636
-6355
-6280
-5955
-5571
-4966
-4471
-4087
-3688
-3287
-2949
-2757
-2503
-2120
-1707
-1390
-1149
-1057
-830
-624
-584
-415
-288
-53
350
560
760
1050
1269
1672
2124
2509
3174
3778
4307
4959
5439
5962
6552
6975
7457
8034
8450
8930
9220
9065
8769
8423
8255
8295
8135
7405
6471
5495
4594
3786
2893
1922
1144
334
-796
-1864
-2964
-3820
-4383
-5079
-5788
-6171
-6576
-6970
-7319
-7854
-7914
-7700
-7629
-7572
-7497
-7311
-6836
-6513
-6438
-6167
-5796
-5269
-4749
-4367
-3951
-3505
-3178
-2970
-2679
-2304
-1856
-1518
-1321
-1126
-904
-672
-587
-441
-273
49
362
613
866
1148
1458
1770
2125
2568
3173
3732
4299
4794
5329
5924
6419
6873
7351
7792
8268
8664
8866
8921
8668
8318
8145
8038
7964
7546
6559
5637
4743
3883
3112
2230
1317
676
-379
-1464
-2507
-3538
-4142
-4696
-5481
-5966
-6349
-6884
-7133
-7646
-7960
-7846
-7805
-7855
-7756
-7692
-7352
-6921
-6817
-6574
-6203
-5792
-5218
-4723
-4338
-3862
-3466
-3221
-2841
-2418
-1981
-1531
-1255
-973
-700
-467
-344
-146
39
308
591
830
1119
1395
1657
1885
2204
2643
3201
3713
4205
4694
5220
5795
6276
6731
7210
7661
8084
8445
8745
8945
8839
8507
8263
8151
8152
7926
7031
6041
5119
4302
3540
2679
1697
991
59
-1095
-2225
-3384
-4146
-4701
-5494
-6204
-6648
-7155
-7491
-7903
-8405
-8421
-8284
-8248
-8161
-8021
-7729
-7202
-6885
-6722
-6343
-5883
-5248
-4633
-4171
-3781
-3278
-2914
-2600
-2196
-1809
-1349
-965
-780
-655
-446
-337
-179
-49
36
321
614
844
1080
1244
1424
1786
2190
2665
3237
3745
4327
4887
5392
5972
6542
7056
7564
8013
8412
8899
9225
9165
8900
8624
8564
8614
8450
7675
6716
5783
4938
4149
3243
2276
1470
571
-624
-1783
-3004
-3884
-4527
-5332
-6096
-6585
-7029
-7425
-7844
-8378
-8489
-8375
-8291
-8220
-8109
-7795
-7300
-6918
-6720
-6394
-5934
-5298
-4711
-4240
-3804
-3347
-2923
-2652
-2335
-1961
-1521
-1178
-971
-842
-671
-515
-429
-336
-220
55
345
573
794
1001
1235
1524
1882
2368
2966
3545
4116
4619
5139
5771
6323
6834
7325
7752
8220
8639
8963
9039
8851
8561
8465
8364
8270
7765
6816
5956
5127
4341
3533
2617
1678
964
-121
-1242
-2330
-3347
-4022
-4676
-5504
-6065
-6466
-6967
-7344
-7871
-8222
-8142
-8094
-8090
-8006
-7816
-7440
-7002
-6847
-6604
-6173
-5695
-5108
-4612
-4184
-3709
-3258
-3002
-2662
-2313
-1902
-1523
-1263
-1050
-804
-669
-570
-457
-294
14
323
520
774
1039
1308
1580
1863
2366
2988
3571
4096
4574
5068
5675
6179
6620
7116
7555
8014
8360
8623
8828
8753
8481
8265
8120
8073
7881
7022
6147
5339
4578
3858
2959
1971
1293
430
-722
-1802
-2970
-3718
-4289
-5154
-5897
-6353
-6846
-7246
-7726
-8285
-8284
-8184
-8160
-8070
-7936
-7623
-7105
-6834
-6633
-6155
-5689
-5094
-4541
-4106
-3592
-3035
-2747
-2481
-2168
-1844
-1424
-1158
-1000
-763
-643
-628
-548
-509
-310
17
172
350
615
826
1125
1396
1742
2338
2941
3474
4029
4494
5099
5721
6160
6705
7259
7741
8247
8559
8850
9075
8907
8661
8523
8405
8438
8047
7070
6285
5427
4641
3875
2861
1918
1263
117
-1097
-2292
-3435
-4066
-4761
-5715
-6347
-6835
-7373
-7704
-8298
-8664
-8499
-8393
-8298
-8123
-7943
-7510
-6993
-6749
-6369
-5843
-5326
-4693
-4195
-3725
-3197
-2702
-2460
-2191
-1918
-1584
-1232
-1003
-885
-760
-656
-647
-582
-512
-330
-71
88
256
518
760
1027
1365
1759
2314
2929
3474
4007
4545
5168
5761
6301
6829
7350
7836
8282
8630
8955
9058
8874
8639
8464
8392
8362
7789
6889
6065
5201
4426
3627
2605
1770
1022
-171
-1322
-2505
-3495
-4079
-4799
-5701
-6260
-6772
-7240
-7602
-8198
-8446
-8286
-8194
-8148
-8035
-7866
-7418
-6955
-6761
-6396
-5919
-5382
-4794
-4325
-3911
-3365
-2915
-2722
-2440
-2129
-1694
-1279
-1053
-961
-747
-592
-499
-383
-315
-40
246
397
584
822
1074
1408
1722
2079
2665
3178
3699
4161
4654
5282
5855
6301
6771
7173
7602
8093
8381
8691
8761
8515
8283
8126
8032
8016
7414
6530
5739
4865
4121
3349
2339
1578
833
-323
-1412
-2554
-3463
-4013
-4769
-5631
-6153
-6646
-7056
-7459
-8045
-8243
-8091
-8018
-7990
-7921
-7718
-7261
-6822
-6672
-6410
-5946
-5355
-4758
-4251
-3876
-3373
-2890
-2701
-2373
-2001
-1569
-1076
-851
-867
-642
-529
-428
-209
-197
51
382
480
646
841
955
1383
1722
2016
2599
3026
3546
4112
4569
5157
5789
6250
6815
7232
7632
8202
8577
8885
8905
8618
8441
8402
8294
8166
7469
6615
5843
4905
4056
3219
2233
1485
560
-743
-1849
-2975
-3860
-4487
-5345
-6116
-6553
-7060
-7481
-7881
-8360
-8350
-8197
-8172
-8035
-7850
-7533
-7006
-6650
-6431
-5960
-5504
-4945
-4372
-3888
-3408
-2918
-2672
-2479
-2106
-1757
-1301
-998
-886
-754
-602
-595
-494
-358
-214
103
218
316
546
754
975
1276
1579
2102
2681
3087
3609
4102
4724
5386
5875
6356
6945
7425
7941
8381
8699
9078
9045
8768
8571
8467
8453
8274
7404
6501
5656
4779
3981
3011
1959
1212
227
-1037
-2191
-3349
-4109
-4691
-5575
-6317
-6771
-7216
-7549
-7992
-8437
-8358
-8185
-8101
-7985
-7830
-7442
-6891
-6582
-6370
-5952
-5506
-4936
-4424
-3976
-3515
-3070
-2834
-2649
-2330
-1956
-1527
-1243
-1098
-966
-794
-681
-543
-329
-88
231
441
600
851
1141
1407
1733
2100
2583
3142
3574
4030
4551
5122
5689
6161
6577
7123
7635
8103
8507
8809
9044
9004
8716
8498
8446
8380
8080
7156
6188
5343
4538
3678
2729
1668
881
-111
-1379
-2529
-3597
-4296
-4894
-5731
-6484
-6914
-7341
-7690
-8123
-8519
-8430
-8285
-8250
-8177
-8006
-7600
-7083
-6820
-6598
-6182
-5709
-5103
-4616
-4191
-3686
-3184
-2896
-2666
-2402
-1991
-1505
-1221
-984
-833
-636
-428
-302
-112
158
436
667
876
1040
1371
1650
1917
2320
2715
3237
3795
4244
4754
5381
5882
6415
6949
7436
8032
8577
8954
9328
9434
9259
9112
8938
8849
8789
8178
7217
6321
5306
4415
3498
2383
1429
547
-744
-1907
-3150
-4148
-4764
-5535
-6405
-6973
-7496
-7918
-8225
-8744
-8913
-8766
-8703
-8571
-8431
-8196
-7659
-7233
-6984
-6551
-6083
-5509
-4853
-4424
-3922
-3291
-2853
-2517
-2265
-2009
-1520
-1113
-853
-631
-536
-362
-201
-157
-3
227
435
670
833
1011
1332
1532
1868
2283
2723
3315
3853
4320
4946
5526
6057
6688
7245
7812
8465
8893
9325
9631
9548
9408
9246
9093
9056
8739
7821
6949
5920
4954
4051
3022
1964
1143
-14
-1259
-2457
-3624
-4354
-5017
-5888
-6581
-7075
-7594
-7937
-8398
-8815
-8761
-8652
-8570
-8429
-8310
-7992
-7512
-7225
-6943
-6412
-5945
-5332
-4805
-4436
-3891
-3287
-2936
-2634
-2339
-2014
-1485
-1125
-928
-701
-526
-374
-186
-82
97
470
661
876
1133
1351
1635
1989
2309
2774
3366
3833
4382
4870
5405
6025
6527
7063
7628
8123
8596
9028
9265
9329
9186
8963
8869
8746
8557
7880
6936
6004
5087
4183
3320
2316
1449
538
-674
-1824
-2984
-3876
-4471
-5206
-5980
-6496
-7009
-7472
-7830
-8368
-8523
-8444
-8401
-8330
-8270
-8144
-7740
-7416
-7257
-6868
-6469
-5902
-5277
-4884
-4489
-3938
-3496
-3101
-2744
-2397
-1917
-1456
-1166
-934
-738
-498
-259
-66
103
406
715
944
1161
1402
1651
1967
2368
2738
3245
3757
4252
4773
5314
5896
6448
6964
7492
7992
8459
8901
9243
9385
9313
9096
8986
8900
8762
8322
7408
6503
5617
4705
3796
2866
1874
1040
-94
-1347
-2522
-3569
-4340
-5018
-5851
-6499
-6968
-7512
-7942
-8391
-8745
-8734
-8644
-8605
-8524
-8341
-8042
-7613
-7331
-7038
-6590
-6099
-5479
-4895
-4454
-3996
-3473
-3095
-2694
-2289
-1891
-1437
-1061
-814
-621
-453
-315
-155
-21
160
393
604
814
1030
1220
1426
1748
2183
2653
3184
3696
4242
4844
5515
6061
6633
7250
7821
8368
8839
9231
9622
9713
9512
9354
9236
9172
8999
8190
7241
6399
5479
4590
3631
2518
1695
723
-598
-1803
-3049
-3970
-4605
-5522
-6337
-6823
-7388
-7810
-8248
-8806
-8858
-8758
-8756
-8627
-8534
-8306
-7809
-7508
-7278
-6800
-6401
-5837
-5204
-4768
-4259
-3673
-3333
-2967
-2570
-2251
-1724
-1326
-1093
-782
-619
-519
-299
-232
-50
283
426
658
940
1098
1357
1596
1879
2419
2931
3418
4005
4483
5127
5803
6257
6814
7432
7939
8517
8931
9257
9593
9529
9300
9175
9029
8983
8641
7674
6797
5938
5010
4178
3156
2112
1377
270
-976
-2116
-3241
-3950
-4584
-5520
-6170
-6640
-7146
-7500
-8035
-8500
-8470
-8428
-8426
-8366
-8330
-8043
-7625
-7438
-7192
-6805
-6393
-5796
-5300
-4888
-4370
-3872
-3546
-3200
-2888
-2439
-1920
-1572
-1283
-1049
-839
-590
-437
-292
16
310
612
897
1085
1380
1638
1908
2346
2784
3282
3856
4286
4794
5434
5888
6443
6966
7443
8003
8506
8863
9261
9402
9290
9158
8961
8898
8806
8330
7453
6601
5637
4791
3926
2954
2003
1165
43
-1142
-2263
-3298
-3999
-4698
-5548
-6196
-6720
-7235
-7632
-8155
-8562
-8545
-8498
-8483
-8409
-8336
-8052
-7640
-7400
-7125
-6683
-6222
-5599
-5060
-4618
-4097
-3601
-3289
-2919
-2560
-2133
-1638
-1346
-1135
-925
-765
-559
-383
-247
12
259
473
734
915
1164
1421
1699
2116
2588
3045
3539
4001
4530
5192
5716
6280
6835
7409
7977
8518
8915
9349
9604
9540
9370
9188
9124
9047
8650
7760
6887
5917
5022
4131
3107
2081
1227
69
-1177
-2344
-3441
-4169
-4885
-5782
-6475
-6998
-7513
-7905
-8452
-8832
-8786
-8744
-8706
-8624
-8542
-8186
-7742
-7471
-7137
-6645
-6112
-5444
-4914
-4421
-3844
-3330
-2981
-2620
-2270
-1816
-1321
-1045
-847
-651
-483
-307
-167
-81
150
370
517
726
885
1109
1371
1589
1927
2427
2877
3369
3843
4329
4997
5576
6107
6676
7261
7824
8412
8828
9253
9611
9605
9425
9230
9137
9089
8790
7940
7034
6099
5218
4315
3276
2225
1360
294
-975
-2208
-3358
-4168
-4884
-5776
-6580
-7162
-7674
-8112
-8656
-9114
-9171
-9075
-9011
-8951
-8821
-8484
-8013
-7661
-7370
-6890
-6298
-5648
-5069
-4559
-4030
-3420
-3022
-2703
-2322
-1891
-1379
-1001
-838
-615
-354
-169
57
167
348
679
897
1123
1380
1578
1882
2168
2411
2871
3328
3776
4292
4704
5223
5812
6239
6692
7179
7555
8043
8445
8716
9002
8975
8721
8544
8360
8249
8059
7324
6490
5693
4814
4037
3169
2167
1410
508
-642
-1708
-2810
-3679
-4301
-5131
-5911
-6472
-7055
-7500
-7970
-8523
-8679
-8667
-8705
-8644
-8589
-8415
-7996
-7703
-7485
-7079
-6648
-6079
-5488
-5049
-4561
-4009
-3628
-3223
-2840
-2445
-1907
-1482
-1218
-893
-628
-329
2
177
444
796
1091
1460
1802
2062
2429
2723
3029
3498
3919
4369
4855
5224
5708
6186
6507
6899
7256
7521
7869
8115
8307
8563
8492
8185
7929
7676
7574
7424
6782
5999
5262
4453
3743
2950
2023
1334
565
-497
-1527
-2572
-3436
-4010
-4791
-5621
-6165
-6676
-7133
-7570
-8161
-8434
-8380
-8426
-8430
-8385
-8294
-7927
-7599
-7489
-7176
-6744
-6277
-5697
-5277
-4915
-4338
-3902
-3577
-3172
-2794
-2254
-1681
-1405
-1124
-750
-435
-47
226
385
765
1154
1469
1837
2109
2432
2846
3120
3469
3944
4391
4902
5315
5654
6139
6557
6923
7309
7550
7848
8184
8374
8578
8583
8310
8085
7843
7651
7532
7002
6227
5456
4564
3799
3059
2125
1349
516
-601
-1642
-2739
-3705
-4371
-5174
-6004
-6587
-7176
-7627
-8046
-8623
-8906
-8931
-8943
-8834
-8727
-8581
-8188
-7829
-7548
-7141
-6678
-6088
-5427
-4875
-4342
-3771
-3284
-2859
-2453
-2018
-1513
-1050
-715
-504
-279
-18
216
438
606
805
1073
1322
1589
1909
2174
2463
2762
3097
3562
4059
4514
4997
5449
5941
6447
6870
7319
7752
8098
8451
8729
8972
9151
8997
8690
8455
8268
8135
7725
6861
5993
5101
4193
3360
2400
1422
616
-503
-1714
-2820
-3871
-4649
-5375
-6307
-6999
-7477
-7988
-8399
-8931
-9355
-9345
-9269
-9245
-9079
-8918
-8570
-8094
-7793
-7440
-6894
-6324
-5670
-5034
-4513
-3911
-3340
-2982
-2609
-2174
-1708
-1192
-830
-639
-383
-112
105
367
543
739
1028
1298
1553
1924
2215
2504
2825
3132
3585
4134
4586
5060
5518
5976
6491
6932
7329
7756
8120
8455
8768
8992
9171
9069
8737
8421
8212
8032
7734
6943
6020
5088
4158
3270
2373
1385
572
-419
-1610
-2703
-3728
-4558
-5246
-6083
-6827
-7270
-7753
-8187
-8678
-9143
-9235
-9163
-9169
-9067
-8909
-8637
-8219
-7935
-7684
-7232
-6736
-6147
-5543
-5005
-4452
-3896
-3528
-3175
-2742
-2227
-1676
-1237
-934
-642
-290
37
384
699
1028
1386
1759
2107
2512
2910
3257
3578
3929
4359
4835
5261
5639
6008
6425
6835
7189
7491
7799
8091
8376
8600
8756
8893
8783
8461
8084
7797
7594
7357
6678
5808
4895
3970
3118
2262
1313
527
-350
-1476
-2534
-3572
-4424
-5064
-5847
-6603
-7078
-7549
-7981
-8417
-8940
-9114
-9041
-9050
-8962
-8831
-8603
-8171
-7846
-7639
-7221
-6730
-6147
-5516
-4997
-4469
-3886
-3496
-3135
-2705
-2229
-1660
-1169
-878
-590
-274
29
360
654
938
1288
1600
1897
2243
2588
2922
3237
3542
3931
4432
4879
5311
5726
6164
6652
7084
7424
7805
8176
8501
8818
9001
9176
9188
8929
8563
8262
7988
7734
7154
6221
5288
4312
3363
2459
1445
485
-378
-1531
-2700
-3782
-4782
-5518
-6268
-7102
-7659
-8082
-8529
-8895
-9351
-9607
-9483
-9372
-9248
-8988
-8694
-8228
-7730
-7448
-7019
-6415
-5795
-5094
-4466
-3973
-3382
-2905
-2588
-2168
-1701
-1234
-769
-527
-381
-138
53
241
459
619
841
1113
1249
1489
1793
2065
2367
2651
2975
3501
4030
4494
5011
5505
6119
6713
7187
7668
8174
8617
9086
9393
9644
9834
9698
9420
9128
8840
8626
8179
7256
6308
5245
4200
3250
2130
1019
63
-1155
-2422
-3618
-4834
-5721
-6529
-7469
-8127
-8609
-9093
-9411
-9855
-10204
-10102
-9935
-9727
-9358
-9032
-8527
-7888
-7473
-6994
-6341
-5700
-4938
-4214
-3627
-2979
-2444
-2131
-1747
-1318
-843
-363
-83
18
219
358
468
599
671
818
1039
1146
1279
1531
1729
2005
2246
2517
3005
3582
4060
4570
5041
5611
6287
6807
7276
7772
8204
8654
9065
9300
9555
9544
9267
8951
8656
8433
8197
7497
6533
5548
4487
3535
2557
1430
423
-610
-1884
-3101
-4337
-5411
-6235
-7099
-7931
-8459
-8945
-9358
-9728
-10162
-10291
-10114
-9926
-9658
-9304
-8898
-8298
-7758
-7337
-6754
-6098
-5374
-4590
-3916
-3285
-2650
-2209
-1821
-1369
-874
-334
68
270
447
640
811
972
1025
1167
1359
1517
1682
1854
2040
2306
2492
2708
3111
3565
4071
4534
4919
5428
6048
6563
7089
7521
7917
8371
8749
9034
9339
9447
9299
9009
8627
8377
8149
7641
6752
5756
4689
3706
2706
1624
563
-402
-1519
-2742
-3945
-5070
-5937
-6684
-7475
-8123
-8542
-8955
-9294
-9657
-9938
-9863
-9638
-9469
-9176
-8823
-8367
-7770
-7331
-6926
-6324
-5713
-5019
-4305
-3727
-3160
-2647
-2341
-1958
-1505
-1022
-549
-268
-124
66
259
441
632
781
1023
1277
1494
1730
1982
2271
2589
2845
3192
3657
4136
4635
5053
5458
6013
6562
7026
7494
7884
8274
8663
8925
9138
9388
9353
9113
8750
8377
8126
7819
7090
6104
5083
4034
3089
2053
945
-24
-932
-2079
-3244
-4418
-5411
-6107
-6800
-7553
-8042
-8416
-8779
-9092
-9506
-9698
-9514
-9339
-9161
-8875
-8551
-8040
-7480
-7146
-6699
-6084
-5468
-4728
-4073
-3547
-2964
-2523
-2260
-1854
-1422
-938
-466
-262
-160
44
203
398
625
784
1070
1355
1548
1803
2094
2379
2718
2987
3324
3832
4315
4754
5162
5541
6072
6603
7012
7433
7837
8217
8609
8850
9036
9254
9165
8898
8535
8199
7990
7663
6803
5790
4736
3730
2821
1774
662
-230
-1208
-2375
-3533
-4723
-5605
-6249
-7013
-7725
-8223
-8657
-8974
-9372
-9832
-9921
-9767
-9611
-9373
-9150
-8807
-8229
-7734
-7339
-6767
-6139
-5379
-4593
-3953
-3317
-2662
-2191
-1768
-1313
-827
-237
200
407
594
800
1012
1260
1420
1597
1882
2092
2267
2473
2671
2933
3187
3351
3673
4097
4477
4843
5124
5447
5971
6426
6785
7162
7500
7867
8249
8456
8691
8861
8741
8467
8145
7885
7740
7345
6434
5442
4405
3477
2580
1529
433
-475
-1544
-2739
-3956
-5123
-5958
-6636
-7435
-8133
-8661
-9096
-9425
-9851
-10227
-10243
-10070
-9852
-9625
-9394
-8958
-8370
-7846
-7352
-6764
-6088
-5274
-4552
-3894
-3256
-2619
-2056
-1557
-1094
-525
15
408
668
845
1078
1368
1563
1716
1899
2097
2337
2525
2658
2891
3137
3355
3626
3914
4319
4762
5119
5459
5903
6399
6914
7332
7672
8048
8404
8758
9021
9251
9326
9163
8801
8476
8213
7960
7436
6435
5360
4281
3305
2317
1219
33
-971
-2152
-3417
-4679
-5866
-6756
-7478
-8312
-9017
-9510
-9937
-10217
-10555
-10834
-10728
-10453
-10158
-9838
-9510
-9006
-8279
-7654
-7076
-6413
-5690
-4872
-4155
-3542
-2935
-2273
-1717
-1228
-800
-313
161
490
650
785
1020
1277
1428
1491
1571
1737
1960
2126
2252
2471
2738
3030
3323
3646
4102
4632
5117
5567
6068
6661
7253
7750
8148
8538
8914
9319
9589
9795
9825
9592
9225
8839
8501
8188
7608
6559
5442
4255
3214
2190
1044
-181
-1243
-2470
-3724
-4996
-6222
-7123
-7859
-8661
-9328
-9821
-10211
-10420
-10698
-10901
-10748
-10413
-10036
-9672
-9305
-8744
-7993
-7325
-6714
-6082
-5347
-4522
-3796
-3167
-2579
-1950
-1363
-910
-489
-15
414
745
906
987
1226
1479
1579
1640
1638
1749
1998
2132
2230
2445
2639
2948
3253
3515
3962
4476
4929
5428
5890
6425
7042
7522
7919
8308
8651
9047
9341
9504
9583
9391
9029
8674
8300
7946
7431
6399
5279
4120
3024
2029
915
-336
-1385
-2564
-3804
-4983
-6211
-7144
-7839
-8644
-9306
-9755
-10154
-10333
-10552
-10754
-10588
-10263
-9908
-9499
-9122
-8565
-7787
-7136
-6561
-5919
-5230
-4412
-3686
-3130
-2573
-1933
-1377
-941
-568
-168
269
602
758
854
1081
1332
1481
1483
1454
1617
1860
2015
2128
2302
2556
2935
3231
3517
3965
4465
4963
5387
5771
6280
6854
7280
7610
7870
8184
8593
8842
8964
9065
8939
8658
8271
7820
7445
7007
6137
5070
3897
2817
1917
895
-252
-1265
-2289
-3379
-4420
-5579
-6461
-7082
-7761
-8375
-8837
-9194
-9335
-9452
-9662
-9587
-9365
-9019
-8627
-8331
-7902
-7238
-6632
-6153
-5620
-5118
-4437
-3770
-3236
-2728
-2172
-1663
-1225
-861
-564
-177
160
377
524
674
828
1052
1188
1259
1475
1689
1905
2150
2329
2593
2975
3321
3683
4082
4470
4958
5336
5677
6144
6578
6959
7305
7536
7813
8122
8375
8585
8674
8597
8334
7876
7427
6969
6414
5751
4728
3601
2487
1443
472
-493
-1526
-2362
-3320
-4318
-5227
-6190
-6924
-7456
-8086
-8535
-8795
-9037
-9102
-9259
-9391
-9153
-8875
-8500
-8062
-7721
-7160
-6490
-5981
-5453
-4885
-4342
-3650
-3100
-2569
-1990
-1388
-868
-503
-224
117
443
693
876
1008
1184
1287
1401
1522
1619
1876
2143
2307
2559
2771
3038
3414
3686
3985
4437
4779
5129
5386
5622
6051
6419
6632
6858
7037
7274
7561
7725
7879
7982
7849
7457
6926
6432
5986
5415
4659
3609
2516
1411
374
-592
-1511
-2426
-3183
-4078
-5021
-5889
-6770
-7407
-7898
-8443
-8758
-8926
-9126
-9195
-9295
-9280
-8947
-8606
-8185
-7695
-7234
-6594
-5884
-5344
-4787
-4195
-3672
-3039
-2463
-1863
-1204
-625
-191
194
491
800
1130
1376
1626
1827
1941
2034
2174
2299
2469
2649
2784
2987
3237
3443
3632
3889
4169
4498
4823
5102
5343
5544
5870
6209
6409
6533
6708
6931
7148
7315
7483
7712
7683
7255
6537
5888
5392
4732
3906
3039
2016
944
-147
-1248
-2123
-2778
-3414
-4045
-4869
-5659
-6302
-6979
-7556
-8028
-8354
-8350
-8250
-8338
-8362
-8278
-8008
-7586
-7232
-6837
-6321
-5720
-5135
-4663
-4296
-3843
-3387
-3069
-2752
-2326
-1769
-1220
-764
-518
-345
-146
26
168
272
501
795
980
1011
1130
1323
1615
1928
2169
2530
2940
3363
3741
4088
4428
4867
5398
5847
6029
6115
6552
7110
7393
7455
7529
7832
8104
8267
8412
8819
9119
8603
7258
5887
4973
3989
2643
1299
184
-955
-2246
-3569
-4707
-5291
-5452
-5510
-5862
-6592
-7120
-7388
-7730
-8301
-8689
-8527
-7926
-7625
-7602
-7374
-6991
-6526
-6137
-5826
-5381
-4630
-3741
-3101
-2926
-2830
-2452
-2176
-2181
-2013
-1436
-731
-273
-95
-119
-217
-283
-197
-69
7
289
732
876
689
571
746
1180
1588
2071
2729
3359
3899
4389
4767
5167
5782
6547
7132
7361
7614
8079
8344
8279
8103
8067
8233
8412
8426
8471
8762
8723
7527
5516
3990
3056
1894
368
-928
-1976
-3168
-4498
-5773
-6669
-6907
-6537
-6202
-6554
-7323
-7719
-7883
-8340
-8939
-9073
-8551
-7841
-7482
-7233
-6882
-6468
-5885
-5313
-4856
-4207
-3181
-2088
-1456
-1383
-1287
-929
-771
-861
-741
-264
323
619
549
208
-108
-250
-161
-104
-39
345
852
1022
870
714
879
1353
1815
2325
2996
3651
4281
4757
4937
5197
5695
6358
6824
7048
7281
7534
7523
7301
7036
6837
6953
7225
7329
7371
7610
7410
5899
3842
2505
1742
643
-769
-1841
-2791
-3909
-5184
-6224
-6816
-6745
-6172
-5737
-6077
-6821
-7165
-7386
-7881
-8429
-8338
-7638
-6907
-6484
-6178
-5885
-5530
-4881
-4265
-3784
-3140
-2121
-1091
-701
-869
-836
-480
-433
-609
-502
41
596
761
574
232
-61
-83
92
162
288
760
1323
1493
1285
1138
1404
1897
2305
2799
3439
4066
4618
4901
4934
5042
5454
6047
6357
6386
6481
6688
6608
6323
6024
5942
6113
6330
6489
6715
6958
6365
4625
2806
1722
873
-345
-1611
-2504
-3373
-4420
-5540
-6280
-6558
-6209
-5588
-5280
-5761
-6310
-6535
-6835
-7461
-7956
-7675
-6933
-6269
-5964
-5701
-5395
-4929
-4410
-4013
-3578
-2900
-1960
-1268
-1122
-1245
-1058
-783
-895
-1059
-820
-237
228
362
231
6
-136
-31
48
68
355
973
1492
1601
1503
1575
1926
2353
2757
3266
3895
4536
5044
5214
5200
5323
5711
6074
6139
6096
6228
6384
6307
6070
5818
5822
6018
6180
6313
6648
6789
5793
3850
2257
1271
158
-1255
-2333
-3097
-3993
-5037
-5903
-6337
-6359
-5900
-5332
-5266
-5809
-6104
-6237
-6622
-7254
-7447
-7012
-6373
-5890
-5542
-5134
-4734
-4255
-3919
-3574
-3081
-2346
-1596
-1132
-1007
-910
-650
-609
-856
-894
-508
-53
203
266
230
69
-18
29
45
215
717
1298
1610
1685
1733
1857
2047
2282
2623
3124
3708
4276
4702
4842
4837
4970
5277
5404
5325
5342
5558
5601
5389
5105
4887
4899
5062
5167
5333
5794
5940
4789
2845
1466
577
-534
-1873
-2832
-3500
-4120
-4936
-5595
-5917
-5763
-5177
-4510
-4479
-4902
-5002
-4981
-5338
-6019
-6144
-5703
-5071
-4646
-4271
-3934
-3528
-3029
-2787
-2645
-2389
-1716
-1000
-612
-665
-612
-367
-442
-875
-1108
-734
-231
87
126
73
-79
-72
-29
-114
18
614
1360
1729
1715
1638
1728
1897
2034
2260
2723
3400
4030
4395
4406
4280
4365
4647
4704
4503
4524
4866
5027
4734
4254
4021
4174
4405
4452
4603
5161
5520
4523
2571
1094
260
-622
-1874
-2935
-3561
-3805
-4290
-4906
-5318
-5112
-4339
-3524
-3415
-3869
-4044
-4018
-4297
-5093
-5579
-5335
-4640
-4185
-4046
-3915
-3519
-2965
-2779
-2811
-2777
-2277
-1542
-1051
-1095
-1171
-944
-933
-1335
-1741
-1500
-888
-405
-347
-378
-354
-265
-220
-285
-153
331
1085
1651
1794
1668
1761
2063
2219
2313
2672
3386
4036
4370
4388
4286
4291
4473
4537
4333
4285
4587
4888
4777
4309
4037
4207
4467
4458
4544
5084
5498
4706
2910
1411
514
-358
-1521
-2521
-3179
-3441
-3769
-4271
-4663
-4547
-3825
-3027
-2893
-3399
-3636
-3677
-4031
-4766
-5261
-5128
-4552
-4026
-3865
-3756
-3436
-2940
-2770
-2788
-2700
-2311
-1656
-1148
-1079
-1153
-973
-1034
-1346
-1521
-1302
-926
-554
-321
-335
-421
-430
-314
-327
-209
172
736
1185
1332
1301
1345
1523
1672
1935
2334
2842
3416
3898
4003
3837
3797
3931
3958
3721
3634
3840
4042
3992
3724
3454
3389
3625
3891
4074
4399
4939
4748
3267
1598
619
-109
-1188
-2161
-2683
-2885
-3129
-3472
-3730
-3777
-3340
-2491
-1936
-2276
-2683
-2679
-2847
-3610
-4374
-4442
-4000
-3476
-3197
-3024
-2804
-2442
-2248
-2275
-2311
-2121
-1494
-844
-618
-785
-737
-687
-971
-1317
-1358
-1072
-731
-423
-393
-462
-484
-307
-250
-267
-63
436
992
1166
1040
999
1215
1323
1366
1554
1963
2494
2992
3245
3135
3054
3147
3218
2996
2730
2856
3245
3354
3044
2817
2887
3095
3247
3503
3956
4677
5074
4210
2520
1297
657
-133
-1247
-2023
-2205
-2128
-2349
-2802
-3053
-2762
-2025
-1397
-1445
-2002
-2196
-2253
-2797
-3841
-4436
-4287
-3775
-3446
-3395
-3318
-2998
-2655
-2703
-2902
-2919
-2444
-1688
-1204
-1183
-1239
-1058
-1060
-1441
-1860
-1782
-1297
-830
-743
-852
-782
-591
-447
-510
-444
-51
625
1098
1077
909
1044
1362
1460
1453
1613
2103
2664
3009
3019
2890
2981
3128
3112
2890
2827
3125
3542
3578
3273
3145
3364
3662
3856
4185
4807
5571
5532
4267
2722
1837
1210
216
-822
-1326
-1464
-1641
-2102
-2569
-2625
-2118
-1479
-1163
-1464
-1913
-2074
-2398
-3252
-4148
-4362
-4061
-3710
-3605
-3615
-3504
-3182
-3038
-3191
-3291
-3075
-2489
-1844
-1545
-1601
-1542
-1302
-1358
-1776
-2042
-1811
-1376
-1120
-1178
-1231
-1146
-938
-763
-736
-639
-212
451
779
665
583
838
1104
1153
1163
1374
1805
2212
2490
2540
2538
2663
2817
2816
2666
2721
3072
3393
3315
3139
3153
3354
3549
3860
4390
5016
5536
5357
4232
2886
2120
1567
610
-464
-911
-957
-1260
-1866
-2182
-1925
-1399
-944
-752
-1005
-1393
-1608
-2034
-2951
-3776
-3851
-3475
-3257
-3291
-3250
-2964
-2667
-2688
-2862
-2842
-2518
-1998
-1581
-1472
-1513
-1386
-1214
-1378
-1693
-1720
-1453
-1270
-1267
-1277
-1212
-1186
-1134
-1025
-960
-829
-500
-67
125
161
305
541
636
611
662
862
1103
1275
1508
1797
2060
2215
2282
2331
2392
2523
2776
3025
3086
3071
3187
3394
3519
3802
4327
4884
5374
5608
5089
3951
3037
2542
1798
626
-173
-386
-567
-1140
-1629
-1655
-1341
-1013
-815
-964
-1374
-1719
-2071
-2757
-3637
-4046
-3960
-3771
-3753
-3755
-3639
-3385
-3263
-3339
-3337
-3054
-2631
-2279
-2000
-1843
-1700
-1542
-1511
-1671
-1737
-1557
-1393
-1449
-1511
-1404
-1311
-1334
-1345
-1255
-1088
-848
-588
-405
-264
19
351
486
447
539
766
878
856
1007
1453
1997
2371
2546
2717
2959
3164
3239
3315
3554
3831
4002
4086
4251
4579
4939
5232
5571
6123
6437
5923
4802
3909
3244
2322
1161
322
-150
-528
-933
-1251
-1422
-1359
-1078
-945
-1286
-1983
-2484
-2851
-3417
-4165
-4545
-4525
-4393
-4368
-4368
-4348
-4234
-3981
-3759
-3625
-3482
-3151
-2726
-2395
-2285
-2135
-1868
-1656
-1661
-1703
-1672
-1636
-1590
-1513
-1471
-1455
-1316
-1179
-1183
-1202
-1057
-823
-586
-339
14
340
514
574
607
591
541
620
937
1417
1889
2269
2580
2813
2962
3049
3176
3427
3757
4041
4190
4239
4300
4506
4741
4932
5254
5957
6445
5984
4846
3980
3337
2343
1131
365
65
-207
-570
-937
-1177
-1211
-1005
-946
-1294
-1870
-2176
-2453
-3061
-3855
-4285
-4321
-4254
-4207
-4166
-4071
-3853
-3551
-3413
-3395
-3289
-2927
-2514
-2232
-2106
-1890
-1574
-1423
-1564
-1721
-1704
-1622
-1551
-1479
-1347
-1189
-1053
-1042
-1139
-1237
-1155
-911
-618
-341
4
385
592
566
503
528
590
714
957
1333
1741
2115
2408
2559
2607
2762
3044
3278
3411
3630
3908
4029
3955
3905
4039
4360
4795
5300
5792
5885
5313
4370
3570
2821
1937
1097
595
227
-207
-711
-1079
-1288
-1315
-1233
-1253
-1604
-2146
-2569
-3039
-3732
-4449
-4806
-4854
-4725
-4609
-4553
-4476
-4242
-4030
-3928
-3767
-3426
-2971
-2500
-2155
-2040
-1925
-1747
-1676
-1792
-1828
-1708
-1543
-1424
-1312
-1163
-1010
-906
-873
-872
-896
-823
-564
-235
-24
200
497
726
794
822
912
1086
1290
1440
1631
1945
2319
2623
2826
2914
3017
3162
3272
3296
3409
3651
3857
3986
4126
4369
4727
5170
5650
6262
6686
6386
5441
4601
3982
3117
2028
1253
770
263
-373
-926
-1292
-1468
-1488
-1591
-2053
-2798
-3384
-3817
-4401
-5136
-5577
-5643
-5522
-5447
-5448
-5396
-5133
-4780
-4540
-4306
-3912
-3391
-2874
-2507
-2352
-2196
-1908
-1667
-1636
-1618
-1466
-1235
-1078
-973
-824
-591
-348
-220
-230
-284
-280
-150
64
224
431
742
1027
1133
1145
1145
1173
1233
1270
1298
1444
1793
2168
2383
2419
2451
2540
2588
2550
2619
2867
3162
3374
3485
3636
3948
4387
4803
5316
6003
6417
5985
5076
4327
3694
2771
1732
957
453
-44
-612
-1173
-1598
-1785
-1815
-2017
-2589
-3196
-3520
-3778
-4331
-4976
-5324
-5290
-5181
-5146
-5079
-4831
-4417
-3976
-3690
-3498
-3221
-2788
-2321
-2054
-1906
-1644
-1289
-1117
-1099
-1039
-836
-570
-314
-96
122
386
630
694
535
347
300
378
427
474
628
859
981
956
929
944
938
914
892
868
950
1181
1409
1477
1463
1534
1700
1806
1879
2056
2358
2664
2873
3017
3240
3666
4140
4564
5027
5630
6025
5726
4875
4141
3624
2913
1889
969
366
-154
-835
-1558
-2017
-2152
-2113
-2208
-2634
-3203
-3560
-3850
-4376
-5069
-5479
-5459
-5300
-5242
-5175
-4948
-4569
-4126
-3760
-3522
-3236
-2748
-2204
-1827
-1619
-1278
-805
-515
-449
-340
-79
199
369
479
632
808
940
1021
1003
893
820
793
703
526
439
509
595
580
589
669
623
415
238
202
236
316
486
719
852
880
947
1055
1161
1347
1677
2090
2515
2908
3261
3654
4141
4659
5115
5584
6187
6594
6301
5427
4617
3981
3136
2026
1088
523
-15
-719
-1364
-1761
-1983
-2096
-2254
-2646
-3213
-3677
-4028
-4528
-5186
-5634
-5698
-5607
-5520
-5344
-4981
-4518
-4055
-3660
-3333
-2996
-2506
-1861
-1291
-867
-408
104
437
524
537
644
778
832
884
991
1085
1162
1221
1149
921
689
592
535
383
212
165
138
20
-83
-183
-355
-554
-631
-612
-642
-659
-480
-217
-142
-163
-35
221
424
635
968
1390
1818
2268
2738
3144
3525
3995
4482
4900
5330
5766
5934
5644
5079
4476
3776
2883
1966
1167
427
-257
-812
-1274
-1672
-1953
-2100
-2298
-2674
-3124
-3460
-3780
-4179
-4544
-4713
-4676
-4499
-4235
-3922
-3572
-3211
-2844
-2494
-2159
-1728
-1167
-615
-182
139
430
666
743
737
778
840
855
851
903
973
1050
1085
1054
872
594
349
154
-87
-343
-494
-560
-667
-842
-1004
-1146
-1289
-1412
-1466
-1467
-1401
-1246
-1052
-943
-833
-641
-405
-201
-9
282
685
1084
1496
1945
2423
2878
3276
3619
4024
4509
5007
5472
5858
6052
5877
5323
4593
3764
2783
1784
1016
426
-188
-790
-1267
-1622
-1985
-2301
-2537
-2786
-3147
-3449
-3661
-3907
-4155
-4183
-4001
-3782
-3578
-3275
-2898
-2582
-2258
-1856
-1468
-1133
-746
-285
59
235
415
633
756
713
686
715
724
672
668
669
606
504
426
305
77
-174
-347
-509
-738
-963
-1107
-1227
-1365
-1487
-1560
-1653
-1785
-1860
-1874
-1885
-1877
-1745
-1520
-1305
-1117
-871
-606
-347
-69
277
626
1006
1502
2092
2624
3123
3693
4297
4770
5180
5679
6174
6490
6647
6662
6333
5577
4667
3784
2802
1748
872
228
-438
-1126
-1681
-2072
-2449
-2740
-2895
-3040
-3308
-3544
-3671
-3825
-4023
-4033
-3849
-3648
-3442
-3109
-2696
-2354
-2007
-1561
-1132
-841
-556
-175
144
274
379
562
699
723
743
821
863
821
779
707
537
276
27
-217
-481
-748
-937
-1057
-1170
-1307
-1456
-1594
-1719
-1850
-1953
-2023
-2077
-2087
-2049
-1972
-1886
-1779
-1601
-1374
-1159
-949
-704
-390
-26
385
856
1382
1938
2527
3106
3622
4056
4460
4842
5173
5454
5728
5979
6126
6104
5902
5464
4788
3988
3142
2249
1321
445
-298
-959
-1564
-2038
-2336
-2497
-2624
-2721
-2807
-2920
-3053
-3144
-3183
-3192
-3148
-2996
-2789
-2573
-2346
-2090
-1827
-1575
-1323
-1072
-843
-615
-341
-84
84
193
308
378
343
263
235
220
167
126
143
132
47
-50
-130
-281
-483
-633
-733
-851
-981
-1063
-1128
-1200
-1264
-1309
-1347
-1395
-1412
-1392
-1369
-1334
-1261
-1154
-1058
-967
-828
-678
-526
-331
-120
94
317
559
824
1103
1399
1722
2061
2416
2795
3144
3440
3712
3956
4112
4177
4199
4171
4043
3833
3582
3216
2698
2112
1523
881
209
-381
-834
-1244
-1577
-1772
-1848
-1907
-1947
-1930
-1930
-2022
-2124
-2153
-2189
-2251
-2237
-2105
-1967
-1853
-1694
-1492
-1346
-1245
-1096
-925
-788
-632
-403
-180
-37
77
203
257
221
197
209
200
165
174
207
187
116
61
1
-122
-238
-292
-306
-338
-354
-315
-308
-374
-462
-534
-629
-765
-840
-850
-850
-850
-810
-749
-742
-764
-771
-753
-746
-715
-589
-407
-222
9
303
600
859
1112
1401
1672
1904
2151
2425
2657
2820
2965
3058
3041
2915
2760
2589
2345
2069
1835
1630
1371
1092
842
551
152
-269
-622
-980
-1330
-1581
-1697
-1760
-1786
-1717
-1585
-1494
-1435
-1332
-1243
-1245
-1268
-1234
-1205
-1223
-1215
-1125
-1028
-969
-865
-698
-561
-454
-295
-115
10
111
251
379
425
439
466
448
339
226
147
49
-78
-146
-145
-153
-184
-181
-153
-187
-247
-265
-275
-312
-333
-296
-269
-280
-285
-256
-269
-315
-330
-321
-321
-329
-300
-257
-225
-187
-119
-30
62
175
328
476
597
709
798
854
867
855
840
810
778
760
742
703
646
589
529
453
396
368
338
321
308
287
253
172
66
-48
-158
-240
-274
-243
-177
-78
40
135
194
215
197
158
107
61
40
45
84
142
184
223
227
192
129
34
-57
-135
-199
-240
-254
-253
-248
-235
-236
-250
-294
-349
-391
-447
-495
-538
-585
-625
-672
-710
-738
-747
-724
-666
-588
-495
-397
-311
-239
-192
-166
-144
-116
-84
-30
18
77
127
162
182
179
184
207
242
289
358
428
489
512
501
462
403
331
270
236
229
258
323
393
438
466
449
362
227
75
-67
-198
-296
-348
-345
-288
-208
-118
-44
15
38
25
-42
-133
-228
-305
-359
-392
-386
-360
-321
-289
-259
-245
-241
-235
-207
-161
-110
-52
13
67
93
94
68
31
-11
-39
-36
0
65
162
255
339
406
429
421
379
337
294
262
251
246
263
274
265
248
216
185
159
129
103
83
65
41
15
-20
-62
-106
-142
-167
-172
-165
-145
-133
-146
-171
-210
-253
-306
-346
-368
-363
-332
-293
-254
-216
-180
-152
-138
-129
-112
-88
-54
-27
-3
18
25
16
-4
-17
-18
2
47
105
165
232
287
320
324
306
278
260
242
237
247
270
291
293
279
231
175
109
41
-9
-25
-22
-3
35
56
72
68
49
16
-33
-74
-104
-133
-156
-166
-184
-196
-210
-228
-251
-261
-257
-251
-222
-174
-123
-70
-32
-16
-25
-41
-59
-91
-118
-131
-123
-93
-54
-13
27
57
79
95
103
106
115
131
150
176
190
204
215
209
192
176
163
159
163
172
186
191
192
169
138
98
48
10
-15
-20
-27
-12
8
8
-2
-24
-67
-114
-150
-184
-201
-194
-182
-166
-165
-164
-165
-168
-166
-166
-155
-146
-119
-89
-69
-58
-61
-73
-92
-117
-133
-128
-118
-77
-24
15
55
87
106
108
99
86
81
96
106
114
126
127
118
110
91
72
55
57
54
66
77
86
96
94
88
66
42
17
13
17
18
32
43
50
38
19
-2
-23
-46
-61
-51
-38
-29
-22
-18
-23
-40
-70
-96
-117
-125
-125
-114
-95
-77
-73
-70
-72
-90
-97
-96
-94
-83
-65
-36
-11
-1
9
9
-2
-12
-14
-10
2
20
44
66
73
72
58
36
22
11
2
7
21
36
48
65
75
74
61
40
27
15
17
16
26
37
36
26
8
-18
-39
-55
-68
-68
-62
-50
-39
-34
-33
-34
-40
-50
-51
-45
-32
-11
17
36
44
59
56
50
43
38
37
41
52
61
71
73
70
57
40
24
1
-17
-25
-23
-18
-17
-23
-30
-44
-59
-67
-77
-81
-74
-57
-36
-21
-14
-16
-13
-3
-6
-16
-8
6
16
25
33
43
53
50
46
34
31
40
45
50
60
74
75
67
51
43
39
33
32
23
23
28
35
39
39
42
35
18
-1
-14
-22
-26
-37
-38
-45
-54
-57
-74
-81
-82
-80
-70
-69
-51
-25
-11
-8
-10
-6
-5
9
10
13
19
23
31
24
25
37
45
52
52
48
51
45
42
40
36
33
25
20
8
-5
-9
-11
-15
-10
-11
-13
-8
-11
-14
-8
-10
-13
-14
-17
-24
-28
-24
-26
-30
-38
-40
-33
-30
-22
-20
-18
-20
-22
-26
-36
-34
-33
-34
-30
-29
-23
-25
-30
-36
-46
-44
-46
-50
-50
-49
-49
-42
-30
-24
-15
-8
2
23
36
44
56
67
69
65
61
67
75
71
70
70
73
63
57
56
44
38
42
46
37
36
35
26
17
14
12
6
-2
-15
-23
-33
-35
-51
-58
-54
-56
-54
-46
-42
-43
-30
-21
-14
-15
-16
-21
-23
-19
-27
-27
-22
-20
-21
-19
-13
-6
-3
-1
-4
2
4
1
0
5
15
22
29
30
43
49
52
48
42
36
33
31
19
12
9
10
16
9
2
10
18
20
21
20
16
13
23
19
22
21
20
20
16
18
20
10
2
7
8
11
2
1
-4
-10
-9
-12
-6
-6
-1
7
8
8
5
6
11
14
8
9
14
17
18
10
5
1
-5
-1
-3
-1
4
6
9
3
4
4
-5
-9
-13
-21
-25
-15
-11
-7
-4
0
0
2
-2
-11
-11
-18
-21
-17
-14
-14
-18
-26
-35
-43
-51
-49
-34
-26
-17
-8
-10
-6
-1
-5
-12
-15
-10
-3
0
7
19
26
22
30
29
35
44
44
47
46
45
46
43
29
25
10
2
-5
-17
-20
-30
-36
-42
-51
-62
-73
-83
-88
-93
-95
-82
-76
-69
-62
-55
-50
-46
-36
-29
-16
-6
11
17
8
14
13
13
15
13
15
16
24
23
21
26
23
21
9
-4
-19
-26
-26
-17
-9
-7
3
-1
-5
-20
-18
-13
-7
-3
2
7
3
4
-5
-9
-13
-15
-12
1
2
6
7
7
9
13
19
21
29
34
48
63
67
60
58
60
60
56
44
44
46
46
53
49
51
47
35
22
7
-8
-13
-23
-32
-45
-56
-58
-71
-75
-82
-84
-85
-81
-77
-73
-65
-61
-55
-46
-40
-33
-20
-15
-6
13
16
21
20
21
17
9
7
1
3
12
10
13
25
31
37
40
47
57
63
58
66
72
73
77
71
67
56
45
43
34
28
30
28
32
25
13
6
7
8
5
5
4
14
23
28
