4
10
3
6
8
11
11
8
5
5
6
0
1
6
3
-1
-3
-1
-1
-6
-8
-6
-5
-6
-7
-4
1
0
-2
1
0
2
1
-1
1
-2
0
-4
-6
-2
-7
-7
-3
-2
0
-1
-4
-5
-6
0
2
1
-1
-4
-3
-1
1
-6
-9
-8
-4
-3
-7
-7
-12
-12
-11
-14
-11
-10
-17
-17
-15
-13
-9
-10
-6
-5
-12
-4
-9
-10
-6
-10
-5
-4
-3
3
1
-2
-3
-4
-3
-7
0
4
2
2
4
8
5
6
9
5
4
6
5
4
3
4
1
-6
-1
-4
-5
-6
-3
-4
-6
-9
-10
-13
-20
-14
-11
-7
-2
-7
-8
-8
-9
-9
-12
-12
-6
-8
-11
-8
-7
-7
-2
3
-1
1
2
5
9
6
9
5
4
2
3
6
4
5
5
2
4
5
4
12
12
5
1
4
5
11
11
5
6
9
11
8
6
10
12
17
18
13
13
17
17
15
16
10
10
9
5
4
9
4
4
2
-1
-3
-6
-5
-14
-14
-10
-8
-5
-4
-3
-5
-4
-1
-2
2
1
3
0
0
1
2
3
2
7
-2
-1
6
0
4
4
3
3
3
1
2
0
-2
-2
-8
-5
-6
-3
-4
2
-1
-8
-7
-9
-7
-6
-5
-6
-2
-6
-4
2
-3
-3
-3
1
-1
-1
-2
1
4
2
1
8
10
9
12
8
13
12
16
18
19
17
14
16
13
20
18
18
14
10
13
5
8
11
9
2
7
10
2
-3
-1
4
4
3
3
-2
-1
-3
-7
-8
-9
-9
-8
-5
-8
-6
-5
-15
-14
-10
-9
-11
-10
-11
-13
-10
-11
-9
-7
-9
-6
-4
-6
-4
-2
-2
2
1
1
3
7
2
4
6
9
6
4
1
1
-2
-4
-3
-3
-3
-2
3
-3
-7
-1
-1
-3
-3
-5
-4
-6
-6
-7
-12
-10
-13
-11
-10
-14
-19
-21
-13
-14
-18
-23
-26
-25
-27
-28
-28
-38
-36
-40
-37
-39
-44
-35
-40
-44
-49
-51
-40
-38
-43
-43
-47
-52
-50
-52
-61
-70
-71
-73
-72
-54
-58
-76
-80
-86
-76
-74
-68
-63
-65
-60
-54
-42
-52
-68
-61
-66
-64
-53
-61
-68
-61
-63
-71
-66
-58
-54
-37
-41
-43
-45
-48
-28
-30
-41
-44
-22
-15
-20
-3
8
29
41
31
44
57
32
18
9
-11
10
28
35
42
52
68
56
61
65
66
67
47
44
52
35
32
35
5
19
30
25
21
15
6
-21
-11
-18
5
16
-9
10
30
64
54
44
51
50
70
50
38
41
42
39
61
49
25
14
-1
27
-6
-52
-29
3
21
29
47
61
80
50
62
91
86
103
94
65
82
84
72
150
169
120
129
101
135
158
135
137
172
198
191
215
175
152
167
149
148
126
140
148
128
115
128
157
135
96
120
146
108
103
129
136
115
78
115
143
134
161
126
121
153
124
83
97
78
25
29
51
42
40
61
39
18
28
18
26
-44
-82
-85
-106
-83
-84
-75
-56
-109
-161
-140
-120
-145
-188
-135
-198
-1274
-2308
-2043
-999
189
814
556
-567
-2074
-2432
-1102
563
1598
1701
610
-598
-993
-533
426
1163
868
-532
-1983
-2421
-1372
81
586
113
-909
-1557
-1153
138
1420
1857
1135
-192
-1126
-1264
-784
-304
7
-494
-1577
-1845
-1481
-1174
-1103
-913
-802
-798
-264
513
783
533
359
352
1091
2167
2578
2404
1939
1770
1583
989
610
748
1080
1367
1394
1223
1257
1012
657
531
456
498
682
750
525
329
174
161
93
-161
-181
-28
384
703
556
137
-192
-403
-373
-217
-301
-46
369
562
706
530
115
-255
-314
-93
302
446
321
255
-79
-471
-604
-665
-782
-821
-865
-806
-619
-579
-596
-685
-927
-1261
-1310
-1079
-821
-570
-419
-463
-758
-969
-969
-812
-585
-371
-230
-272
-292
-236
-179
-176
-85
33
-56
9
252
408
468
546
592
546
470
448
623
794
878
997
1099
1110
1075
976
845
890
1034
1217
1376
1435
1328
1199
1189
1260
1429
1450
1464
1443
1326
1200
1028
924
770
664
561
510
334
-101
-627
-1121
-1455
-1816
-2133
-2496
-2873
-3279
-3664
-3890
-4020
-4083
-4170
-4165
-4105
-4053
-4001
-3803
-3426
-3046
-2697
-2403
-2161
-1862
-1456
-974
-460
6
291
490
790
1128
1385
1534
1797
2124
2445
2800
3102
3287
3381
3481
3592
3743
3856
3932
4068
4244
4368
4400
4349
4401
4472
4587
4807
4949
5010
5161
5223
4566
3393
2223
1465
961
337
-561
-1786
-3111
-4371
-5313
-6157
-6885
-7525
-8025
-8156
-8040
-7853
-7881
-7893
-7806
-7366
-6504
-5544
-4696
-4048
-3189
-2169
-1124
-302
167
481
889
1608
2213
2578
2704
2667
2538
2254
1915
1397
836
464
393
463
567
680
620
572
673
901
1274
1774
2297
2858
3455
4084
4813
5477
6020
6484
6990
7617
8342
9051
9677
9858
9046
7620
6232
5245
4424
3274
1629
-277
-2095
-3733
-5156
-6641
-8135
-9440
-10330
-10634
-10586
-10557
-10677
-10760
-10509
-9718
-8611
-7341
-6028
-4646
-3142
-1518
-52
876
1337
1695
2305
2958
3402
3478
3124
2735
2461
2116
1469
543
-463
-1288
-1811
-2182
-2476
-2886
-3277
-3374
-3134
-2675
-2075
-1319
-442
542
1569
2668
3748
4727
5588
6535
7479
8316
8955
9449
10029
10606
11153
11433
11621
11287
10011
8127
6338
4962
3575
1924
-273
-2592
-4671
-6326
-7725
-9209
-10730
-12020
-12588
-12538
-12161
-11879
-11695
-11269
-10551
-9329
-7830
-6238
-4799
-3285
-1534
186
1708
2677
3324
3720
4143
4244
3992
3550
3064
2701
2177
1499
441
-607
-1540
-2201
-2701
-3135
-3519
-3826
-3912
-3829
-3522
-3225
-2735
-1943
-809
480
1709
2905
3992
5122
6190
7172
7972
8547
9167
9870
10676
11335
11890
12335
12655
12485
11294
9448
7529
6088
4662
2966
835
-1665
-3955
-5862
-7325
-8908
-10544
-12026
-12991
-13235
-13107
-12795
-12641
-12326
-11705
-10556
-9085
-7571
-6105
-4595
-2661
-657
1180
2440
3248
3803
4419
5118
5318
4872
4035
3448
3147
2821
1992
743
-453
-1300
-1811
-2375
-3061
-3828
-4245
-4200
-3892
-3585
-3439
-3113
-2395
-1272
-34
1082
2077
3023
4149
5431
6690
7686
8345
8954
9588
10324
10938
11517
12041
12484
12536
11594
9971
8062
6479
4876
3069
893
-1571
-3730
-5560
-7031
-8675
-10360
-11928
-12973
-13343
-13338
-13142
-13012
-12552
-11790
-10565
-9151
-7730
-6359
-4939
-3092
-1172
660
2123
3394
4395
5055
5237
4951
4620
4342
4185
3811
3272
2455
1580
767
-18
-795
-1724
-2519
-3151
-3433
-3550
-3528
-3445
-3289
-2941
-2398
-1597
-704
273
1246
2319
3409
4434
5293
6043
6750
7555
8364
9124
9754
10323
10977
11594
11926
11263
9881
8225
6861
5507
3787
1613
-775
-2750
-4400
-5812
-7472
-9211
-10817
-11897
-12327
-12466
-12500
-12581
-12280
-11577
-10522
-9290
-8050
-6716
-5315
-3571
-1735
-6
1455
2727
3905
4746
5100
4977
4857
4798
4762
4450
3878
3118
2293
1552
763
-2
-889
-1773
-2537
-3097
-3456
-3728
-3887
-3884
-3611
-3105
-2498
-1865
-1256
-505
436
1571
2729
3753
4667
5492
6392
7250
8086
8854
9620
10491
11383
11986
11727
10703
9360
8109
6859
5188
3145
826
-1252
-2984
-4531
-6148
-7990
-9599
-10833
-11502
-11940
-12185
-12347
-12297
-11828
-11029
-9847
-8658
-7323
-5855
-4089
-2239
-533
962
2308
3646
4851
5782
6085
6032
5861
5822
5641
4960
3975
2968
2176
1388
477
-562
-1565
-2399
-3047
-3546
-4077
-4499
-4769
-4634
-4240
-3755
-3197
-2595
-1775
-881
206
1312
2416
3388
4394
5508
6544
7430
8147
8915
9755
10724
11592
11959
11384
10253
9001
7912
6525
4527
2210
-139
-2044
-3766
-5353
-7112
-8784
-10150
-11054
-11593
-12162
-12558
-12818
-12469
-11737
-10634
-9384
-8131
-6622
-4975
-3040
-1279
357
1784
3262
4833
6141
7015
7138
7086
7010
6933
6537
5636
4598
3551
2710
1868
874
-320
-1524
-2441
-3134
-3731
-4419
-5005
-5338
-5350
-5089
-4793
-4379
-3899
-3174
-2173
-1001
199
1223
2282
3452
4715
5797
6723
7598
8440
9416
10487
11632
12171
11825
10904
9869
8897
7489
5541
3201
914
-1084
-2775
-4399
-6216
-8017
-9513
-10424
-11128
-11810
-12370
-12644
-12357
-11711
-10747
-9735
-8653
-7291
-5627
-3693
-1930
-240
1289
2865
4386
5629
6534
6858
7058
7045
6965
6535
5732
4793
3738
2834
1795
755
-443
-1589
-2636
-3547
-4233
-4970
-5419
-5795
-5818
-5677
-5424
-4947
-4411
-3572
-2612
-1388
-173
1099
2349
3676
5006
6102
7115
7978
8907
9818
10831
11854
12657
12701
12085
11108
10040
8753
6885
4677
2231
10
-1985
-3741
-5506
-7286
-8834
-10041
-10864
-11612
-12130
-12478
-12504
-12141
-11548
-10655
-9722
-8433
-6874
-5035
-3043
-1208
578
2081
3688
5050
6210
6837
7024
7166
7011
6829
6014
5031
3901
2869
1907
714
-448
-1745
-2716
-3634
-4294
-4981
-5633
-5999
-6306
-6216
-6189
-5854
-5352
-4558
-3473
-2239
-769
603
2099
3473
4980
6331
7433
8368
9143
10032
10899
11838
12689
13123
12878
12096
11065
9857
8200
6022
3513
1055
-1257
-3289
-5204
-7034
-8656
-9990
-10834
-11509
-12004
-12390
-12466
-12237
-11753
-11054
-10198
-9017
-7554
-5731
-3796
-1832
47
1805
3506
4981
6148
6868
7228
7379
7362
7082
6451
5539
4496
3470
2344
1064
-350
-1735
-2942
-3986
-4885
-5641
-6298
-6736
-6906
-6883
-6702
-6444
-5902
-5081
-3966
-2774
-1425
-88
1375
2894
4362
5877
7081
8262
9205
10172
10910
11547
12152
12715
13033
12536
11708
10456
9283
7710
5769
3539
1055
-1197
-3330
-5079
-6944
-8590
-9953
-10781
-11184
-11599
-11765
-11979
-11760
-11368
-10658
-9777
-8818
-7503
-6054
-4183
-2423
-576
1065
2683
4173
5291
6143
6425
6570
6334
6065
5514
4766
3885
2894
1960
913
-37
-1133
-2183
-3220
-4048
-4683
-5331
-5824
-6157
-6152
-5959
-5611
-5042
-4281
-3271
-2165
-884
368
1668
2938
4209
5492
6528
7533
8370
9278
10059
10802
11547
12175
12358
11853
11132
10125
9040
7466
5598
3505
1229
-842
-2763
-4479
-6277
-7783
-8951
-9720
-10281
-10802
-11047
-11254
-11127
-10828
-10240
-9500
-8598
-7413
-6085
-4494
-2956
-1281
318
1918
3310
4391
5183
5540
5709
5586
5322
4696
3915
3064
2226
1366
443
-411
-1327
-2210
-3060
-3694
-4248
-4750
-5103
-5282
-5283
-5214
-4916
-4345
-3555
-2600
-1484
-247
962
2243
3425
4595
5595
6397
7186
7877
8640
9271
9955
10531
11053
11141
10721
10106
9114
8103
6632
4983
3025
966
-893
-2571
-4044
-5693
-6933
-8010
-8641
-9144
-9570
-9745
-10004
-9849
-9632
-9080
-8548
-7795
-6797
-5663
-4218
-2904
-1343
27
1490
2776
3743
4477
4815
5107
5066
4876
4262
3508
2711
1906
1190
294
-520
-1407
-2169
-2773
-3299
-3747
-4227
-4526
-4736
-4810
-4817
-4681
-4233
-3605
-2686
-1668
-535
587
1759
2979
4050
5021
5733
6471
7139
7786
8396
8957
9504
10002
10405
10316
9922
9146
8287
7250
5831
4185
2264
390
-1371
-2898
-4489
-5899
-7068
-7920
-8423
-8942
-9216
-9511
-9634
-9556
-9237
-8804
-8264
-7510
-6571
-5272
-3919
-2413
-1000
371
1733
2881
3780
4385
4722
4799
4673
4268
3689
2918
2148
1460
781
56
-621
-1283
-1866
-2362
-2867
-3328
-3858
-4236
-4479
-4578
-4518
-4213
-3632
-2859
-1869
-826
280
1315
2361
3328
4181
4933
5598
6260
6832
7481
8162
8862
9530
10117
10293
10046
9496
8698
7795
6459
4919
3150
1303
-449
-2007
-3522
-4989
-6110
-7056
-7643
-8266
-8714
-9038
-9359
-9424
-9346
-9076
-8717
-8038
-7179
-6029
-4718
-3342
-1854
-537
834
2004
2876
3525
3911
4109
4037
3757
3251
2645
1975
1323
755
107
-378
-854
-1313
-1691
-2133
-2548
-3044
-3443
-3752
-3966
-4039
-3879
-3393
-2781
-1924
-985
64
1150
2187
3181
3976
4735
5387
6043
6564
7071
7682
8300
8967
9549
9893
9778
9409
8809
8109
6990
5483
3782
1960
217
-1421
-2933
-4471
-5654
-6580
-7133
-7646
-8164
-8462
-8762
-8846
-8866
-8721
-8514
-8015
-7267
-6307
-5122
-3970
-2618
-1317
36
1305
2229
2905
3386
3739
3825
3652
3207
2638
2033
1421
889
285
-299
-772
-1217
-1600
-2007
-2446
-2888
-3324
-3638
-3854
-3950
-3896
-3531
-2925
-2171
-1261
-294
774
1833
2846
3743
4545
5215
5860
6402
6911
7468
8020
8596
9102
9571
9616
9442
8936
8354
7423
5993
4402
2523
795
-971
-2443
-3983
-5284
-6262
-6996
-7423
-8018
-8260
-8542
-8678
-8741
-8681
-8449
-8100
-7402
-6615
-5574
-4517
-3286
-1933
-632
711
1785
2570
3176
3592
3805
3693
3345
2837
2241
1652
1052
515
-143
-650
-1077
-1496
-1856
-2328
-2691
-3106
-3415
-3662
-3818
-3811
-3576
-2984
-2313
-1443
-540
494
1597
2654
3656
4481
5204
5817
6401
6851
7307
7719
8142
8597
9100
9370
9280
8955
8444
7830
6658
5201
3458
1691
-33
-1622
-3084
-4594
-5752
-6690
-7194
-7700
-8086
-8316
-8555
-8592
-8608
-8472
-8289
-7868
-7224
-6403
-5405
-4311
-2994
-1662
-292
1020
1990
2782
3345
3702
3756
3494
3079
2523
1946
1345
834
241
-299
-669
-1027
-1338
-1741
-2143
-2524
-2907
-3229
-3481
-3625
-3583
-3268
-2808
-2173
-1378
-467
575
1643
2711
3676
4525
5250
5936
6487
6962
7404
7794
8278
8765
9304
9460
9346
9035
8593
7911
6682
5285
3579
1866
107
-1527
-3130
-4750
-5925
-6871
-7404
-8003
-8399
-8628
-8785
-8688
-8716
-8544
-8404
-7947
-7323
-6559
-5541
-4443
-3064
-1737
-225
1090
2167
3084
3741
4198
4201
3947
3451
2829
2169
1516
836
87
-518
-977
-1376
-1775
-2236
-2615
-2997
-3350
-3622
-3852
-3956
-3929
-3666
-3277
-2642
-1850
-860
263
1380
2570
3598
4591
5451
6201
6789
7248
7669
8039
8482
8947
9441
9551
9389
9150
8710
8092
6993
5661
4091
2306
548
-1198
-2903
-4625
-5917
-6903
-7606
-8187
-8661
-8746
-8823
-8691
-8595
-8439
-8182
-7812
-7200
-6533
-5553
-4531
-3259
-1872
-464
903
1927
2872
3508
3919
3953
3711
3283
2660
2118
1472
859
182
-356
-724
-1141
-1546
-2021
-2424
-2862
-3249
-3564
-3823
-3970
-3953
-3657
-3197
-2525
-1683
-660
448
1534
2617
3569
4470
5248
5938
6499
6955
7431
7889
8445
9036
9593
9697
9598
9345
8914
8256
7055
5753
4084
2341
594
-1073
-2802
-4471
-5671
-6679
-7276
-7992
-8320
-8481
-8599
-8530
-8559
-8395
-8290
-7849
-7332
-6584
-5689
-4667
-3288
-1943
-452
808
1897
2788
3370
3748
3712
3440
2905
2284
1653
950
310
-362
-778
-1125
-1464
-1771
-2174
-2473
-2897
-3255
-3571
-3858
-4010
-3991
-3653
-3162
-2438
-1548
-469
697
1818
2960
3938
4849
5637
6297
6863
7302
7767
8227
8759
9363
9833
9930
9862
9656
9275
8526
7314
5901
4167
2353
535
-1219
-3080
-4716
-5973
-6957
-7612
-8281
-8536
-8736
-8813
-8775
-8755
-8653
-8544
-8089
-7564
-6789
-5954
-4865
-3491
-2118
-623
656
1798
2704
3369
3729
3693
3386
2850
2270
1586
868
197
-397
-788
-1113
-1432
-1757
-2090
-2420
-2823
-3216
-3581
-3910
-4088
-4037
-3697
-3163
-2445
-1507
-411
750
1965
3104
4093
4999
5787
6511
7057
7517
7960
8467
9028
9662
10085
10133
10143
9910
9567
8721
7461
5996
4191
2362
459
-1339
-3270
-4864
-6145
-7132
-7799
-8489
-8739
-9001
-9067
-9024
-9021
-8934
-8781
-8268
-7688
-6850
-5940
-4769
-3330
-1929
-372
926
2073
3042
3693
4023
3900
3610
3089
2483
1763
988
339
-317
-698
-1101
-1500
-1852
-2223
-2540
-3022
-3408
-3817
-4119
-4263
-4221
-3842
-3388
-2639
-1700
-639
518
1684
2832
3829
4818
5691
6471
7096
7605
8214
8792
9444
10119
10441
10525
10485
10279
9818
8850
7542
5954
4130
2166
272
-1691
-3675
-5234
-6567
-7498
-8327
-8978
-9277
-9520
-9550
-9551
-9462
-9363
-8980
-8411
-7741
-6817
-5849
-4474
-3014
-1451
139
1472
2684
3640
4336
4545
4472
4106
3527
2881
2035
1254
422
-275
-754
-1223
-1685
-2129
-2481
-2908
-3315
-3709
-4091
-4341
-4477
-4302
-3940
-3435
-2648
-1647
-537
652
1915
3071
4220
5243
6153
6957
7518
8094
8653
9219
9842
10398
10559
10506
10362
9985
9358
8154
6697
4995
3045
1081
-901
-2918
-4825
-6275
-7479
-8329
-9099
-9626
-9725
-9832
-9713
-9581
-9398
-9057
-8517
-7835
-7051
-6051
-4939
-3459
-1926
-364
1190
2410
3533
4403
4878
4956
4686
4172
3501
2757
1848
972
117
-594
-1024
-1567
-2058
-2481
-2896
-3233
-3635
-3982
-4308
-4473
-4473
-4186
-3702
-3132
-2164
-1103
99
1402
2626
3853
4946
5933
6806
7503
8021
8547
9095
9614
10267
10646
10661
10578
10280
9867
8977
7636
6081
4230
2230
186
-1800
-3917
-5692
-7101
-8222
-9011
-9810
-10115
-10225
-10214
-10039
-9860
-9541
-9107
-8401
-7652
-6656
-5561
-4281
-2700
-1189
398
1752
2876
3868
4550
4845
4781
4475
3901
3264
2488
1638
881
77
-504
-1019
-1604
-2088
-2580
-3041
-3522
-3985
-4371
-4621
-4721
-4620
-4204
-3662
-2875
-1805
-638
666
1964
3215
4450
5496
6436
7251
7905
8495
9088
9683
10274
10841
10999
10941
10708
10257
9517
8199
6677
4814
2758
625
-1427
-3423
-5414
-6887
-8102
-8917
-9625
-10081
-10164
-10230
-10041
-9870
-9557
-9193
-8589
-7780
-6876
-5703
-4481
-2959
-1419
169
1643
2812
3859
4603
5047
5048
4785
4274
3555
2772
1872
1018
140
-609
-1208
-1842
-2385
-2893
-3350
-3792
-4253
-4609
-4858
-4943
-4843
-4497
-3956
-3232
-2233
-1054
277
1631
2944
4267
5435
6486
7396
8141
8799
9390
10006
10558
11068
11251
11171
10928
10436
9770
8511
6992
5200
3166
1064
-1079
-3046
-5050
-6682
-7988
-8910
-9644
-10224
-10343
-10430
-10306
-10129
-9829
-9434
-8880
-8064
-7156
-6011
-4828
-3345
-1819
-265
1287
2516
3603
4443
5025
5195
5040
4627
4012
3270
2369
1485
568
-272
-927
-1574
-2203
-2732
-3244
-3679
-4097
-4507
-4777
-4922
-4863
-4553
-4044
-3396
-2465
-1330
-27
1383
2676
4001
5210
6293
7275
8054
8724
9296
9911
10475
11014
11271
11191
11044
10568
9962
8860
7318
5612
3596
1524
-667
-2705
-4751
-6498
-7863
-8937
-9616
-10298
-10477
-10498
-10421
-10209
-9980
-9570
-9087
-8306
-7486
-6417
-5256
-3900
-2293
-787
821
2184
3296
4233
4887
5180
5071
4692
4091
3353
2441
1479
606
-262
-951
-1534
-2155
-2645
-3143
-3549
-3928
-4298
-4601
-4809
-4785
-4573
-4079
-3505
-2617
-1497
-268
1133
2433
3795
5031
6167
7216
8088
8836
9433
10068
10623
11167
11446
11340
11158
10667
10039
8995
7509
5847
3877
1862
-236
-2254
-4303
-6062
-7442
-8555
-9276
-9985
-10260
-10331
-10290
-10080
-9871
-9525
-9071
-8360
-7565
-6548
-5418
-4133
-2585
-1068
496
1908
2990
3924
4602
4911
4886
4491
3904
3156
2289
1353
483
-350
-1059
-1583
-2180
-2639
-3083
-3476
-3783
-4132
-4423
-4643
-4674
-4488
-4038
-3470
-2643
-1559
-351
1020
2364
3715
4977
6125
7189
8096
8810
9398
9993
10519
11044
11277
11191
10980
10520
9938
8918
7506
5800
3896
1889
-194
-2222
-4359
-6082
-7522
-8599
-9368
-10056
-10305
-10413
-10265
-10050
-9728
-9402
-8917
-8136
-7369
-6313
-5260
-3961
-2479
-971
609
1991
3134
4037
4814
5180
5210
4882
4255
3553
2676
1739
794
-137
-913
-1554
-2186
-2724
-3201
-3626
-3988
-4301
-4601
-4839
-4915
-4772
-4355
-3811
-3018
-1959
-740
644
2027
3433
4770
5995
7123
8066
8859
9472
10093
10633
11125
11357
11195
10969
10486
9888
8842
7380
5710
3761
1781
-334
-2389
-4505
-6291
-7704
-8860
-9663
-10375
-10653
-10716
-10592
-10315
-10005
-9600
-9040
-8234
-7377
-6355
-5200
-3898
-2405
-876
661
2075
3171
4140
4904
5306
5358
5017
4486
3768
2975
2064
1162
292
-492
-1103
-1749
-2278
-2784
-3224
-3621
-3964
-4252
-4505
-4542
-4370
-3946
-3391
-2605
-1571
-371
896
2177
3488
4704
5879
6898
7825
8566
9207
9868
10465
11029
11078
10968
10653
10152
9470
8181
6751
4918
3028
1016
-1027
-2999
-5052
-6532
-7891
-8802
-9630
-10229
-10374
-10505
-10290
-10162
-9803
-9449
-8828
-7981
-7152
-5995
-4879
-3401
-1912
-378
1159
2426
3567
4463
5177
5436
5371
5008
4413
3699
2789
1861
925
41
-689
-1363
-1968
-2502
-2978
-3373
-3771
-4080
-4370
-4556
-4521
-4333
-3902
-3367
-2534
-1454
-255
1020
2270
3632
4886
6102
7155
8045
8799
9447
10170
10762
11185
11093
10915
10580
10002
9192
7783
6327
4458
2550
587
-1479
-3443
-5404
-6783
-8075
-8988
-9782
-10317
-10406
-10537
-10323
-10155
-9820
-9352
-8675
-7813
-6927
-5758
-4552
-3072
-1589
-136
1326
2493
3569
4412
4924
5096
4953
4596
4023
3297
2418
1531
708
-70
-702
-1321
-1861
-2274
-2695
-3052
-3415
-3723
-3966
-4113
-4053
-3840
-3427
-2856
-1989
-902
219
1435
2666
3947
5165
6238
7235
8045
8733
9434
10076
10691
10905
10807
10640
10177
9618
8546
7208
5624
3735
1866
-198
-2108
-4168
-5844
-7216
-8397
-9180
-9956
-10202
-10407
-10346
-10168
-9913
-9506
-9066
-8230
-7505
-6437
-5320
-4019
-2530
-1167
371
1665
2856
3800
4555
4940
4986
4841
4368
3822
3043
2185
1341
504
-219
-854
-1472
-1981
-2376
-2783
-3164
-3481
-3748
-3977
-4054
-4006
-3717
-3305
-2700
-1771
-755
394
1585
2871
4136
5333
6426
7410
8258
8946
9705
10292
10847
10932
10761
10537
9950
9354
8138
6812
5175
3317
1505
-538
-2360
-4396
-5889
-7230
-8330
-9064
-9783
-9944
-10166
-10057
-9881
-9597
-9208
-8707
-7900
-7185
-6104
-5017
-3713
-2306
-970
500
1719
2782
3680
4316
4618
4609
4361
3906
3312
2593
1740
945
124
-544
-1109
-1763
-2195
-2651
-3048
-3387
-3682
-3890
-4086
-4071
-3917
-3524
-3037
-2344
-1376
-360
791
1956
3154
4342
5424
6462
7408
8196
8954
9640
10303
10811
10801
10712
10366
9867
9135
7886
6537
4797
3035
1150
-700
-2597
-4448
-5767
-7087
-7963
-8796
-9340
-9589
-9807
-9696
-9591
-9320
-9066
-8426
-7753
-6983
-5924
-4857
-3480
-2189
-801
572
1690
2670
3485
4025
4236
4193
3925
3491
2952
2307
1579
894
182
-333
-888
-1440
-1848
-2346
-2732
-3117
-3411
-3679
-3866
-3838
-3630
-3202
-2738
-1981
-1059
-48
1048
2103
3248
4294
5322
6283
7164
7967
8711
9470
10152
10540
10511
10443
10063
9521
8599
7246
5790
3964
2205
350
-1460
-3342
-4918
-6129
-7281
-8004
-8793
-9161
-9410
-9545
-9420
-9354
-9131
-8768
-8087
-7436
-6567
-5493
-4283
-2836
-1463
-32
1273
2316
3286
3999
4339
4405
4190
3846
3333
2709
2009
1294
650
48
-427
-986
-1459
-1840
-2305
-2697
-3110
-3460
-3734
-3906
-3818
-3563
-3150
-2575
-1722
-696
349
1472
2537
3660
4669
5607
6537
7260
8026
8732
9480
10129
10218
10260
10093
9712
9115
7929
6609
4933
3174
1344
-530
-2397
-4285
-5557
-6845
-7747
-8499
-9120
-9286
-9554
-9461
-9399
-9237
-8985
-8451
-7750
-7149
-6162
-5138
-3781
-2385
-1011
418
1576
2658
3554
4206
4437
4409
4209
3785
3270
2573
1871
1199
566
58
-499
-1019
-1452
-1828
-2224
-2675
-3038
-3385
-3625
-3693
-3582
-3260
-2840
-2153
-1225
-227
838
1909
3017
4047
4982
5877
6688
7415
8098
8791
9498
9952
9955
9956
9701
9240
8500
7214
5875
4153
2402
633
-1224
-3047
-4690
-5828
-7018
-7814
-8474
-8911
-9028
-9242
-9126
-9046
-8894
-8541
-7947
-7325
-6670
-5667
-4562
-3245
-1913
-582
724
1814
2779
3597
4092
4211
4161
3918
3428
2861
2220
1528
918
349
-158
-655
-1115
-1471
-1807
-2195
-2602
-2875
-3196
-3399
-3381
-3255
-2923
-2445
-1689
-801
177
1210
2286
3376
4292
5208
6021
6762
7438
8121
8758
9377
9749
9722
9759
9406
8973
8118
6863
5502
3705
2034
125
-1668
-3522
-5091
-6241
-7454
-8150
-8840
-9090
-9276
-9365
-9189
-9127
-8847
-8516
-7870
-7327
-6584
-5568
-4448
-3125
-1847
-445
789
1927
2880
3683
4130
4237
4227
3889
3414
2798
2156
1453
847
278
-279
-738
-1212
-1524
-1920
-2294
-2604
-2874
-3135
-3276
-3169
-3045
-2654
-2119
-1383
-500
417
1490
2543
3598
4517
5418
6252
6982
7751
8431
9079
9711
9964
9999
9881
9479
8960
7920
6675
5143
3399
1672
-189
-1928
-3782
-5165
-6376
-7428
-8148
-8791
-9021
-9317
-9348
-9324
-9220
-9024
-8673
-8050
-7505
-6617
-5624
-4378
-3068
-1720
-317
879
1993
2853
3606
3929
4038
3939
3552
3096
2479
1880
1246
677
129
-360
-818
-1242
-1583
-2006
-2389
-2732
-3063
-3326
-3389
-3341
-3109
-2684
-2082
-1251
-341
724
1831
2970
4011
4994
5910
6664
7424
8108
8776
9356
9902
10047
10061
9943
9513
9043
7933
6735
5196
3484
1774
-129
-1914
-3825
-5141
-6434
-7466
-8189
-8850
-9011
-9273
-9247
-9190
-9041
-8836
-8438
-7852
-7368
-6464
-5534
-4358
-3076
-1814
-470
713
1777
2667
3381
3670
3784
3676
3290
2834
2246
1605
987
391
-159
-634
-1121
-1493
-1818
-2186
-2554
-2876
-3140
-3335
-3308
-3226
-2967
-2551
-1938
-1131
-235
788
1775
2882
3838
4826
5774
6512
7341
8068
8808
9466
10031
10179
10222
10071
9591
9060
7841
6577
5018
3267
1546
-348
-2137
-3914
-5127
-6358
-7263
-7970
-8590
-8709
-8987
-8968
-8936
-8858
-8689
-8304
-7777
-7267
-6330
-5407
-4196
-2885
-1601
-201
991
2063
2961
3614
3855
3940
3775
3343
2879
2244
1565
910
296
-234
-707
-1198
-1592
-1912
-2315
-2693
-3037
-3349
-3583
-3604
-3539
-3326
-2892
-2299
-1480
-529
507
1600
2721
3743
4818
5810
6598
7432
8192
8888
9602
10107
10201
10279
10026
9621
9046
7849
6622
5055
3356
1623
-188
-2054
-3739
-5007
-6319
-7178
-8046
-8616
-8834
-9129
-9081
-9069
-8950
-8748
-8242
-7726
-7082
-6136
-5228
-3939
-2683
-1338
34
1180
2233
3109
3719
3921
4007
3772
3355
2877
2164
1479
780
154
-359
-871
-1381
-1741
-2073
-2454
-2761
-3110
-3425
-3616
-3636
-3525
-3247
-2848
-2177
-1303
-332
801
1902
3041
4108
5186
6135
6939
7671
8367
9078
9660
10123
10140
10168
9937
9546
8917
7726
6480
4833
3193
1370
-490
-2377
-4128
-5410
-6757
-7633
-8493
-8986
-9201
-9413
-9300
-9297
-9063
-8805
-8245
-7678
-7058
-6097
-5162
-3867
-2619
-1272
54
1176
2282
3124
3754
3957
4009
3852
3444
2981
2283
1596
912
296
-241
-828
-1339
-1758
-2109
-2470
-2825
-3129
-3403
-3517
-3452
-3281
-2970
-2546
-1857
-1015
-97
944
1961
3023
4026
5012
5941
6737
7475
8230
8979
9592
9987
10036
10003
9774
9314
8533
7366
6003
4446
2806
1014
-758
-2588
-4120
-5363
-6547
-7423
-8194
-8631
-8899
-9030
-9055
-8994
-8811
-8543
-7962
-7447
-6764
-5840
-4816
-3605
-2367
-1083
124
1281
2263
3089
3644
3801
3834
3658
3282
2790
2163
1493
888
352
-201
-706
-1168
-1552
-1863
-2235
-2579
-2878
-3141
-3265
-3188
-3033
-2765
-2314
-1698
-896
-20
923
1934
2925
3892
4861
5745
6526
7295
8062
8817
9497
9851
9954
9971
9697
9259
8435
7236
5881
4303
2620
818
-979
-2821
-4294
-5549
-6747
-7601
-8411
-8829
-9090
-9268
-9291
-9244
-9071
-8801
-8205
-7692
-6953
-5979
-4947
-3643
-2406
-1100
170
1331
2371
3209
3789
3969
4035
3866
3499
3038
2369
1741
1120
558
8
-546
-1012
-1434
-1780
-2199
-2559
-2880
-3176
-3292
-3274
-3088
-2806
-2341
-1675
-856
76
1037
2118
3143
4141
5158
6020
6839
7576
8329
9079
9709
10050
10096
10085
9748
9261
8365
7099
5743
4079
2370
542
-1280
-3101
-4583
-5817
-6987
-7805
-8582
-8966
-9211
-9413
-9409
-9366
-9194
-8881
-8302
-7750
-6980
-5991
-4900
-3596
-2354
-1055
225
1334
2317
3136
3628
3853
3876
3705
3372
2864
2257
1629
1074
501
20
-503
-969
-1314
-1730
-2079
-2483
-2794
-3082
-3241
-3206
-3082
-2766
-2357
-1641
-820
100
1101
2122
3207
4187
5204
6046
6839
7559
8268
9024
9620
9993
10046
10063
9814
9390
8554
7361
6065
4438
2773
941
-862
-2700
-4229
-5503
-6703
-7550
-8360
-8742
-9060
-9258
-9276
-9279
-9111
-8863
-8301
-7809
-7069
-6138
-5101
-3858
-2695
-1365
-152
917
1884
2710
3266
3501
3626
3502
3230
2786
2222
1674
1092
543
29
-502
-982
-1395
-1802
-2209
-2537
-2832
-3080
-3166
-3126
-2917
-2624
-2169
-1516
-744
102
1007
2016
2978
4002
4984
5913
6806
7607
8496
9316
10044
10353
10429
10346
10003
9461
8371
7128
5582
3906
2155
339
-1406
-3203
-4537
-5801
-6791
-7644
-8337
-8695
-9093
-9203
-9325
-9302
-9230
-8905
-8365
-7835
-6945
-5979
-4742
-3457
-2074
-646
575
1645
2578
3384
3727
3875
3782
3527
3125
2559
1979
1337
791
241
-179
-691
-1117
-1481
-1938
-2287
-2684
-2973
-3273
-3354
-3286
-3082
-2679
-2179
-1360
-523
448
1479
2531
3572
4541
5509
6329
7115
7835
8606
9357
9873
10058
10071
9929
9580
8911
7802
6531
4979
3329
1575
-231
-2038
-3720
-5011
-6246
-7168
-7994
-8540
-8824
-9095
-9087
-9126
-9002
-8798
-8329
-7792
-7236
-6331
-5382
-4139
-2898
-1572
-239
856
1944
2870
3567
3844
3940
3859
3558
3141
2523
1891
1251
656
137
-405
-926
-1339
-1726
-2124
-2519
-2849
-3137
-3345
-3353
-3268
-3013
-2646
-2040
-1234
-409
556
1576
2672
3687
4662
5600
6428
7256
8027
8869
9613
10013
10180
10189
10011
9562
8728
7581
6214
4638
2917
1124
-722
-2568
-4076
-5381
-6552
-7471
-8246
-8687
-9009
-9200
-9245
-9238
-9110
-8819
-8303
-7824
-7125
-6189
-5105
-3821
-2527
-1159
124
1268
2327
3230
3793
4006
4071
3894
3550
3062
2413
1794
1172
590
67
-525
-1022
-1434
-1860
-2296
-2719
-3033
-3320
-3470
-3479
-3320
-3021
-2582
-1882
-1089
-188
776
1853
2913
3881
4853
5726
6569
7336
8117
8906
9600
9944
10050
10070
9761
9311
8394
7191
5822
4155
2467
649
-1179
-2996
-4443
-5710
-6810
-7605
-8362
-8702
-9012
-9186
-9165
-9167
-9009
-8727
-8211
-7697
-6959
-5989
-4905
-3598
-2287
-912
414
1524
2558
3456
3968
4212
4261
4058
3697
3171
2540
1945
1342
739
248
-309
-778
-1147
-1605
-1998
-2389
-2701
-2964
-3126
-3140
-3019
-2740
-2382
-1756
-994
-142
829
1811
2822
3802
4755
5678
6489
7271
8029
8807
9504
9714
9811
9742
9420
8947
7923
6732
5304
3672
2008
267
-1553
-3342
-4683
-5960
-6950
-7795
-8517
-8826
-9179
-9263
-9286
-9253
-9108
-8749
-8166
-7660
-6808
-5853
-4697
-3386
-2107
-699
521
1601
2600
3453
3916
4122
4202
4003
3687
3192
2612
2064
1439
871
386
-183
-676
-1090
-1551
-1998
-2381
-2715
-2952
-3020
-2999
-2777
-2524
-2137
-1434
-695
169
1062
2004
2986
3925
4887
5785
6588
7387
8232
9073
9702
9860
9965
9849
9483
8882
7709
6453
4886
3206
1497
-318
-2162
-3873
-5098
-6366
-7274
-8091
-8708
-8950
-9289
-9326
-9406
-9331
-9191
-8773
-8217
-7712
-6724
-5768
-4488
-3163
-1861
-400
760
1907
2871
3606
3968
4120
4127
3828
3464
2924
2346
1804
1202
693
208
-351
-758
-1158
-1632
-2065
-2458
-2776
-3009
-3044
-2987
-2754
-2438
-1922
-1104
-326
610
1564
2552
3564
4477
5443
6250
7019
7840
8627
9431
9828
9957
10076
9801
9440
8612
7424
6129
4446
2808
957
-835
-2700
-4275
-5471
-6784
-7594
-8422
-8840
-9093
-9355
-9308
-9369
-9153
-8969
-8444
-7962
-7352
-6306
-5347
-4017
-2828
-1471
-109
1022
2187
3045
3738
4051
4246
4198
3855
3474
2873
2305
1690
1044
496
-74
-598
-1019
-1451
-1902
-2295
-2614
-2925
-3114
-3142
-3076
-2807
-2462
-1875
-1114
-317
598
1538
2572
3540
4530
5499
6325
7236
8062
8900
9660
9886
10057
10062
9732
9242
8216
7024
5546
3888
2198
374
-1366
-3195
-4487
-5697
-6833
-7559
-8280
-8573
-8928
-9110
-9147
-9200
-9052
-8827
-8296
-7856
-7075
-6046
-4936
-3606
-2363
-932
357
1496
2535
3320
3828
4032
4114
3882
3485
3012
2389
1838
1243
653
188
-325
-789
-1196
-1620
-2033
-2377
-2672
-2975
-3072
-3065
-2888
-2533
-2121
-1431
-647
234
1163
2141
3170
4095
5126
5986
6825
7696
8429
9296
9760
9895
9994
9796
9425
8652
7536
6173
4587
2909
1132
-601
-2452
-4008
-5218
-6387
-7280
-8001
-8476
-8781
-9019
-9095
-9072
-9040
-8840
-8388
-7907
-7274
-6423
-5357
-4139
-2864
-1539
-209
1028
2031
2971
3604
3904
4057
3929
3623
3177
2615
1999
1474
918
393
-45
-567
-968
-1361
-1782
-2133
-2469
-2762
-2967
-3035
-2978
-2716
-2338
-1783
-1016
-192
739
1731
2731
3730
4672
5572
6419
7228
7975
8739
9455
9712
9831
9828
9553
9121
8173
6997
5582
3933
2242
467
-1319
-3127
-4525
-5769
-6849
-7635
-8307
-8624
-8908
-9045
-8996
-8999
-8893
-8586
-8128
-7626
-6949
-6035
-4913
-3638
-2384
-1075
251
1358
2368
3176
3638
3907
3939
3754
3357
2850
2223
1662
1164
573
137
-382
-815
-1156
-1579
-1915
-2266
-2554
-2780
-2880
-2910
-2744
-2399
-1981
-1265
-513
316
1298
2234
3205
4172
5037
5906
6740
7493
8256
9056
9588
9705
9786
9626
9298
8650
7510
6271
4702
3044
1309
-487
-2301
-3993
-5228
-6427
-7339
-8095
-8596
-8789
-9067
-9035
-9001
-8942
-8723
-8331
-7796
-7267
-6446
-5439
-4217
-2953
-1740
-411
783
1842
2783
3452
3848
4049
4052
3800
3386
2857
2255
1713
1112
549
43
-517
-942
-1375
-1798
-2166
-2524
-2797
-2993
-3026
-2964
-2685
-2316
-1798
-1008
-264
633
1591
2539
3552
4495
5424
6284
7116
7935
8766
9547
9877
9959
9965
9717
9291
8378
7181
5815
4165
2507
720
-1063
-2886
-4367
-5541
-6689
-7504
-8248
-8605
-8879
-9108
-9073
-9123
-9028
-8844
-8384
-7911
-7326
-6415
-5381
-4123
-2928
-1632
-367
764
1827
2681
3316
3601
3798
3766
3502
3142
2622
2121
1558
1020
533
17
-484
-912
-1304
-1735
-2089
-2395
-2668
-2784
-2768
-2622
-2340
-1941
-1308
-551
226
1107
2047
2985
3910
4812
5694
6523
7328
8184
9010
9647
9884
9967
9943
9606
9052
7992
6737
5263
3544
1868
42
-1751
-3523
-4858
-5999
-7070
-7793
-8449
-8714
-9002
-9141
-9113
-9167
-9035
-8795
-8260
-7798
-7069
-6044
-4933
-3616
-2367
-983
223
1328
2350
3111
3589
3740
3864
3680
3334
2903
2343
1820
1237
764
275
-234
-697
-1105
-1504
-1973
-2292
-2597
-2865
-2946
-2919
-2705
-2425
-1952
-1230
-472
393
1315
2280
3212
4107
5017
5882
6718
7517
8383
9191
9665
9852
9962
9838
9460
8730
7573
6298
4671
2964
1256
-574
-2385
-4020
-5169
-6309
-7210
-7894
-8377
-8556
-8839
-8820
-8806
-8793
-8595
-8217
-7704
-7222
-6356
-5352
-4163
-2915
-1647
-282
804
1860
2793
3462
3783
3909
3918
3598
3215
2690
2125
1571
966
488
-33
-542
-952
-1354
-1746
-2154
-2463
-2745
-2934
-2928
-2871
-2620
-2312
-1763
-982
-245
683
1592
2545
3541
4431
5369
6220
7046
7879
8698
9420
9665
9775
9761
9454
8965
7907
6695
5266
3506
1860
52
-1762
-3549
-4949
-6029
-7083
-7818
-8467
-8731
-8917
-9059
-8920
-8906
-8755
-8404
-7870
-7360
-6668
-5679
-4594
-3307
-2055
-706
553
1615
2641
3470
3980
4171
4260
4062
3681
3214
2596
2038
1429
857
328
-207
-656
-1057
-1447
-1898
-2273
-2604
-2885
-2965
-2947
-2813
-2535
-2096
-1425
-636
187
1118
2078
3034
4003
4875
5753
6536
7311
8123
8859
9415
9515
9588
9469
9088
8426
7264
6053
4451
2762
1085
-757
-2558
-4270
-5470
-6592
-7515
-8186
-8684
-8847
-9056
-9010
-8921
-8843
-8589
-8153
-7609
-7127
-6279
-5303
-4175
-2905
-1688
-350
787
1845
2837
3551
3968
4132
4182
3915
3507
3016
2387
1878
1276
697
181
-339
-741
-1144
-1535
-1970
-2285
-2572
-2793
-2742
-2710
-2480
-2118
-1615
-885
-144
692
1551
2505
3397
4256
5158
5917
6743
7489
8277
9076
9432
9599
9609
9458
9016
8122
7031
5592
3994
2271
510
-1242
-3135
-4550
-5734
-6729
-7516
-8145
-8386
-8657
-8700
-8727
-8672
-8561
-8392
-7862
-7511
-6914
-6077
-5068
-3864
-2676
-1361
-121
1043
2005
2910
3511
3753
3908
3757
3449
2975
2412
1846
1329
764
203
-263
-753
-1098
-1453
-1845
-2173
-2447
-2707
-2798
-2733
-2633
-2331
-1955
-1363
-637
136
958
1859
2813
3642
4608
5442
6268
7072
7763
8622
9301
9612
9662
9664
9373
8839
7934
6686
5313
3590
1922
222
-1581
-3347
-4744
-5818
-6856
-7580
-8202
-8470
-8648
-8782
-8683
-8682
-8550
-8298
-7808
-7376
-6771
-5826
-4820
-3566
-2348
-1047
227
1280
2259
3089
3598
3785
3870
3660
3261
2799
2171
1618
1091
499
19
-474
-951
-1270
-1644
-2018
-2329
-2611
-2871
-2935
-2858
-2727
-2367
-1970
-1307
-480
323
1272
2238
3217
4122
5074
5954
6728
7494
8160
8963
9584
9767
9842
9747
9435
8898
7931
6730
5270
3578
1884
163
-1699
-3541
-4919
-6156
-7199
-8019
-8712
-8964
-9218
-9255
-9146
-9074
-8869
-8520
-7954
-7506
-6775
-5870
-4832
-3579
-2402
-1047
151
1233
2251
3101
3662
3888
4050
3845
3519
3087
2455
1939
1329
728
223
-345
-837
-1227
-1626
-2016
-2309
-2597
-2842
-2833
-2772
-2589
-2230
-1837
-1156
-397
394
1320
2254
3170
4073
5009
5847
6687
7458
8199
9056
9651
9874
9960
9866
9535
8948
7915
6637
5131
3401
1690
-56
-1936
-3693
-4997
-6182
-7149
-7943
-8563
-8802
-9047
-9100
-9052
-8994
-8862
-8483
-7964
-7515
-6725
-5840
-4721
-3463
-2239
-877
280
1358
2319
3124
3570
3730
3810
3543
3192
2700
2086
1550
966
413
-89
-609
-1109
-1506
-1894
-2309
-2617
-2932
-3152
-3141
-3073
-2824
-2439
-1927
-1240
-434
477
1404
2431
3358
4318
5272
6087
6958
7718
8526
9300
9905
10133
10147
10123
9746
9186
8143
6854
5390
3666
2000
175
-1641
-3413
-4753
-5897
-7005
-7769
-8442
-8732
-8971
-9098
-9046
-9034
-8834
-8479
-7930
-7450
-6724
-5775
-4751
-3507
-2334
-1055
90
1120
2106
2862
3374
3578
3696
3552
3221
2798
2219
1679
1134
576
25
-531
-1065
-1476
-1886
-2294
-2605
-2904
-3064
-3069
-2925
-2689
-2307
-1781
-1175
-392
416
1309
2242
3117
4063
4965
5838
6668
7521
8373
9176
9857
10065
10183
10119
9760
9190
8078
6806
5241
3544
1833
-17
-1813
-3589
-4862
-6050
-7096
-7833
-8484
-8737
-9013
-9093
-9091
-9087
-8904
-8581
-8033
-7597
-6795
-5844
-4789
-3479
-2282
-912
275
1351
2393
3139
3621
3818
3912
3712
3335
2860
2216
1651
1059
464
-65
-637
-1129
-1510
-1908
-2276
-2560
-2823
-2982
-2949
-2836
-2584
-2192
-1708
-1046
-285
536
1456
2367
3258
4188
5116
6018
6839
7697
8535
9372
9963
10116
10248
10058
9660
8954
7766
6433
4760
3060
1256
-569
-2427
-4108
-5286
-6494
-7379
-8113
-8603
-8856
-9095
-9087
-9125
-9033
-8914
-8517
-8030
-7573
-6705
-5766
-4618
-3363
-2059
-686
542
1660
2672
3450
3807
3999
4027
3770
3351
2796
2168
1574
1000
411
-91
-621
-1085
-1434
-1808
-2177
-2472
-2726
-2919
-2898
-2816
-2579
-2195
-1724
-1034
-267
598
1532
2483
3407
4342
5320
6204
7031
7860
8679
9478
9970
10085
10136
9944
9467
8695
7538
6173
4586
2915
1165
-600
-2420
-3990
-5146
-6296
-7221
-7939
-8448
-8775
-9020
-9085
-9117
-9040
-8878
-8453
-7937
-7401
-6510
-5459
-4298
-3047
-1747
-458
747
1794
2730
3428
3704
3851
3846
3594
3163
2620
2017
1462
928
330
-163
-693
-1189
-1583
-2017
-2427
-2766
-3032
-3225
-3211
-3088
-2833
-2390
-1847
-1110
-278
620
1602
2580
3514
4448
5393
6266
7070
7890
8692
9466
9933
10055
10133
9919
9474
8693
7543
6194
4581
2921
1122
-682
-2519
-4112
-5300
-6502
-7406
-8136
-8634
-8929
-9162
-9155
-9164
-9031
-8792
-8337
-7771
-7207
-6286
-5232
-4040
-2789
-1520
-216
934
2007
2936
3610
3915
4042
4036
3751
3329
2740
2099
1526
920
323
-231
-785
-1283
-1710
-2155
-2574
-2885
-3163
-3326
-3305
-3188
-2905
-2474
-1911
-1165
-335
577
1559
2556
3511
4465
5419
6288
7127
7938
8745
9517
9959
10109
10158
9934
9481
8692
7530
6171
4561
2853
1074
-731
-2578
-4153
-5368
-6571
-7470
-8201
-8704
-8992
-9220
-9213
-9207
-9104
-8873
-8406
-7861
-7276
-6368
-5326
-4121
-2857
-1561
-251
922
2002
2966
3690
4024
4213
4224
3971
3595
3014
2365
1764
1137
504
-78
-688
-1227
-1676
-2160
-2594
-2919
-3221
-3391
-3364
-3255
-2958
-2541
-1974
-1229
-391
518
1471
2488
3426
4412
5359
6205
7082
7898
8747
9530
10009
10199
10282
10110
9671
8919
7765
6408
4791
3052
1251
-580
-2464
-4082
-5333
-6576
-7500
-8232
-8754
-9060
-9290
-9313
-9284
-9187
-8979
-8505
-7978
-7375
-6481
-5431
-4201
-2922
-1592
-281
928
1990
2961
3661
3963
4160
4111
3839
3415
2815
2128
1498
884
227
-310
-894
-1392
-1800
-2259
-2641
-2976
-3270
-3451
-3424
-3320
-3071
-2636
-2090
-1356
-508
413
1421
2449
3478
4542
5537
6445
7330
8225
9037
9833
10343
10469
10562
10335
9913
9108
7918
6557
4866
3154
1284
-538
-2461
-4171
-5418
-6708
-7639
-8441
-8947
-9256
-9511
-9511
-9529
-9373
-9182
-8687
-8137
-7585
-6666
-5636
-4344
-3061
-1687
-291
946
2136
3131
3900
4280
4526
4562
4280
3865
3233
2533
1857
1190
497
-149
-740
-1288
-1754
-2236
-2681
-3031
-3360
-3589
-3625
-3555
-3350
-2948
-2364
-1659
-813
159
1192
2280
3360
4482
5525
6482
7393
8282
9107
9846
10433
10570
10621
10466
10031
9327
8178
6889
5236
3524
1702
-175
-2025
-3883
-5218
-6534
-7625
-8479
-9102
-9453
-9790
-9801
-9827
-9684
-9444
-8983
-8366
-7842
-6911
-5872
-4601
-3298
-1943
-510
727
1990
2994
3816
4267
4509
4629
4368
3960
3327
2654
1920
1237
545
-171
-721
-1310
-1777
-2239
-2689
-3005
-3302
-3505
-3583
-3501
-3337
-2958
-2366
-1738
-916
25
1022
2090
3150
4252
5297
6274
7194
8107
8990
9766
10483
10725
10807
10776
10374
9796
8736
7454
5879
4128
2303
351
-1523
-3493
-4968
-6304
-7565
-8440
-9172
-9566
-9918
-10003
-9968
-9889
-9634
-9247
-8600
-8061
-7230
-6166
-5010
-3654
-2335
-952
336
1531
2594
3464
4002
4249
4420
4292
3887
3363
2726
2029
1380
695
10
-604
-1214
-1736
-2204
-2668
-3070
-3363
-3626
-3742
-3694
-3582
-3211
-2671
-2029
-1175
-203
820
1915
3032
4155
5270
6286
7202
8122
8996
9780
10536
10848
10923
10930
10555
10030
9052
7787
6293
4598
2821
889
-933
-2898
-4427
-5746
-7054
-7999
-8830
-9258
-9646
-9822
-9849
-9817
-9621
-9339
-8677
-8173
-7406
-6407
-5307
-3952
-2680
-1263
32
1282
2371
3313
4003
4245
4489
4429
4136
3646
2998
2353
1645
958
226
-448
-1147
-1771
-2282
-2785
-3265
-3613
-3865
-4029
-3996
-3875
-3500
-3007
-2351
-1535
-625
422
1419
2535
3566
4661
5682
6561
7528
8334
9218
10007
10619
10868
10927
10890
10420
9801
8657
7294
5736
3907
2109
126
-1753
-3578
-5054
-6379
-7632
-8476
-9200
-9565
-9871
-10034
-9963
-9928
-9664
-9214
-8607
-7975
-7128
-6024
-4847
-3476
-2087
-666
685
1839
2949
3789
4267
4532
4583
4366
3886
3281
2584
1886
1202
493
-128
-770
-1353
-1859
-2350
-2796
-3233
-3558
-3829
-4013
-4009
-3823
-3452
-2935
-2238
-1378
-367
759
1886
3015
4177
5296
6346
7305
8221
9108
9905
10661
11083
11187
11168
10910
10416
9538
8325
6833
5148
3335
1396
-540
-2541
-4284
-5778
-7192
-8320
-9171
-9753
-10117
-10317
-10359
-10252
-10046
-9686
-9087
-8441
-7721
-6779
-5669
-4422
-3087
-1717
-361
881
2031
3083
3854
4309
4591
4628
4342
3894
3296
2609
1910
1167
425
-294
-964
-1593
-2153
-2675
-3164
-3556
-3885
-4085
-4149
-4010
-3706
-3230
-2582
-1834
-850
216
1346
2484
3583
4723
5785
6810
7722
8653
9516
10289
11017
11286
11375
11309
10972
10393
9357
8051
6481
4733
2839
905
-1048
-3067
-4659
-6124
-7482
-8471
-9279
-9777
-10118
-10317
-10342
-10234
-10034
-9662
-9043
-8452
-7649
-6606
-5435
-4064
-2699
-1288
86
1338
2458
3421
4055
4379
4568
4391
3967
3420
2732
1992
1253
500
-249
-910
-1542
-2069
-2570
-3072
-3462
-3788
-4074
-4228
-4175
-4024
-3671
-3123
-2468
-1630
-593
547
1730
2926
4051
5253
6339
7327
8306
9190
10017
10765
11383
11519
11561
11414
10937
10267
9024
7657
5986
4110
2178
178
-1826
-3864
-5352
-6870
-8139
-9078
-9870
-10202
-10563
-10610
-10527
-10294
-9977
-9444
-8656
-8037
-7025
-5948
-4667
-3258
-1945
-537
722
1934
2923
3804
4294
4544
4655
4360
4000
3408
2732
2009
1292
530
-245
-914
-1636
-2184
-2788
-3336
-3746
-4144
-4415
-4496
-4371
-4158
-3678
-3064
-2323
-1384
-307
841
2027
3203
4339
5549
6569
7598
8589
9465
10338
11113
11652
11716
11782
11517
10972
10089
8707
7276
5406
3493
1502
-509
-2575
-4455
-5820
-7311
-8384
-9290
-9877
-10168
-10509
-10450
-10395
-10172
-9885
-9267
-8600
-7991
-6946
-5892
-4508
-3154
-1779
-318
964
2195
3206
4051
4430
4688
4675
4312
3877
3147
2426
1627
843
57
-694
-1380
-2047
-2507
-3071
-3528
-3874
-4200
-4333
-4334
-4153
-3846
-3336
-2685
-1860
-833
242
1441
2679
3852
5068
6222
7281
8290
9186
10059
10878
11570
11865
11927
11901
11528
10938
9872
8518
6939
5052
3139
1078
-1016
-3140
-4898
-6438
-7925
-9007
-9922
-10436
-10819
-11039
-10965
-10855
-10562
-10130
-9430
-8786
-7973
-6870
-5691
-4261
-2886
-1436
-14
1289
2495
3472
4162
4496
4692
4545
4156
3600
2828
2048
1222
433
-359
-1091
-1771
-2339
-2822
-3373
-3762
-4100
-4337
-4418
-4358
-4128
-3767
-3182
-2444
-1521
-463
690
1942
3174
4401
5612
6758
7808
8785
9671
10485
11257
11850
12085
12083
11969
11613
10923
9793
8391
6753
4860
2867
776
-1370
-3478
-5251
-6794
-8228
-9346
-10148
-10621
-10948
-11079
-10981
-10790
-10461
-9939
-9248
-8563
-7733
-6640
-5399
-4080
-2714
-1310
50
1311
2442
3412
4054
4439
4609
4526
4207
3654
3006
2220
1441
643
-174
-921
-1659
-2250
-2864
-3415
-3881
-4222
-4414
-4528
-4390
-4162
-3730
-3112
-2334
-1395
-376
801
1940
3145
4316
5460
6594
7594
8601
9487
10345
11131
11788
12085
12056
11983
11609
10903
9742
8299
6630
4697
2676
560
-1558
-3678
-5416
-6897
-8305
-9392
-10180
-10620
-10943
-11076
-11012
-10831
-10511
-10032
-9330
-8657
-7813
-6660
-5366
-3979
-2539
-1038
391
1696
2845
3813
4458
4772
4880
4717
4283
3645
2893
2029
1166
301
-559
-1322
-2032
-2623
-3178
-3675
-4080
-4361
-4533
-4593
-4455
-4183
-3736
-3113
-2285
-1313
-226
954
2178
3463
4681
5923
7064
8117
9110
9993
10827
11519
12105
12260
12188
11955
11448
10675
9376
7919
6183
4267
2224
110
-1943
-4054
-5694
-7195
-8527
-9573
-10356
-10710
-11034
-11088
-10986
-10725
-10357
-9845
-9077
-8423
-7475
-6377
-5115
-3734
-2403
-945
370
1586
2596
3489
4073
4301
4408
4164
3800
3222
2507
1761
953
175
-638
-1326
-2026
-2600
-3096
-3588
-3909
-4199
-4334
-4337
-4189
-3846
-3362
-2693
-1885
-873
216
1347
2585
3793
5010
6192
7248
8282
9204
10078
10885
11594
12123
12250
12211
11932
11424
10583
9259
7769
5989
4043
1964
-117
-2185
-4201
-5777
-7257
-8504
-9500
-10224
-10583
-10892
-10934
-10824
-10592
-10271
-9746
-9040
-8387
-7423
-6342
-5092
-3710
-2358
-889
482
1693
2720
3603
4136
4377
4429
4127
3717
3103
2349
1602
804
-12
-808
-1517
-2218
-2801
-3312
-3776
-4094
-4365
-4483
-4444
-4277
-3860
-3290
-2593
-1735
-702
436
1591
2850
4080
5288
6458
7485
8511
9374
10209
10983
11653
12100
12124
12077
11738
11187
10287
8907
7384
5523
3558
1437
-667
-2773
-4761
-6278
-7773
-8936
-9876
-10513
-10824
-11074
-11000
-10839
-10527
-10124
-9483
-8725
-8017
-6960
-5864
-4581
-3229
-1893
-455
856
2055
3047
3876
4337
4551
4548
4197
3733
3056
2286
1500
668
-175
-976
-1689
-2378
-2933
-3417
-3812
-4110
-4323
-4374
-4297
-4062
-3624
-3034
-2351
-1518
-525
557
1678
2875
4076
5242
6403
7448
8467
9374
10208
10997
11659
12048
12024
11924
11546
10919
9958
8532
6986
5146
3203
1168
-882
-2912
-4772
-6221
-7649
-8734
-9603
-10212
-10512
-10797
-10769
-10656
-10415
-10030
-9418
-8691
-7952
-6875
-5778
-4495
-3165
-1867
-461
791
1925
2878
3635
4063
4264
4245
3913
3480
2844
2109
1381
611
-181
-942
-1640
-2301
-2822
-3307
-3717
-4021
-4218
-4258
-4160
-3875
-3425
-2807
-2064
-1195
-188
876
1991
3146
4300
5418
6494
7485
8443
9338
10154
10920
11595
11917
11909
11811
11420
10784
9767
8366
6791
4962
3003
986
-1028
-3070
-4832
-6292
-7666
-8706
-9521
-10011
-10303
-10496
-10445
-10285
-10038
-9662
-9044
-8396
-7632
-6615
-5507
-4253
-2979
-1658
-345
877
1933
2816
3491
3830
4003
3878
3506
2989
2302
1545
766
13
-795
-1527
-2201
-2792
-3235
-3669
-3975
-4197
-4319
-4293
-4120
-3782
-3307
-2640
-1846
-943
89
1199
2335
3514
4688
5822
6870
7844
8809
9664
10442
11168
11770
11988
11910
11749
11267
10512
9355
7901
6269
4369
2430
418
-1581
-3577
-5267
-6659
-7995
-8981
-9747
-10164
-10437
-10596
-10480
-10317
-9997
-9569
-8905
-8213
-7401
-6293
-5129
-3776
-2457
-1075
303
1518
2579
3390
4016
4283
4383
4209
3752
3174
2400
1656
865
53
-748
-1487
-2161
-2778
-3243
-3720
-4056
-4295
-4439
-4395
-4237
-3904
-3400
-2724
-1933
-991
87
1248
2433
3634
4818
5936
6989
7954
8885
9670
10407
11110
11605
11801
11698
11523
11049
10284
9146
7666
6066
4137
2229
235
-1817
-3764
-5488
-6864
-8212
-9201
-9948
-10363
-10578
-10747
-10543
-10349
-9970
-9441
-8759
-8008
-7218
-6093
-4957
-3664
-2405
-1108
266
1402
2449
3257
3852
4137
4243
4125
3681
3153
2407
1703
931
87
-662
-1405
-2062
-2638
-3105
-3573
-3901
-4077
-4184
-4070
-3867
-3515
-2973
-2332
-1530
-640
390
1510
2652
3828
4909
6008
7029
7987
8916
9692
10486
11147
11656
11806
11699
11516
10962
10221
8969
7469
5817
3829
1923
-130
-2143
-4125
-5753
-7112
-8428
-9311
-10077
-10412
-10678
-10808
-10627
-10482
-10095
-9623
-8900
-8235
-7390
-6253
-5149
-3810
-2585
-1235
98
1265
2337
3162
3783
4022
4199
4053
3633
3144
2409
1729
948
153
-610
-1311
-1945
-2528
-2988
-3487
-3805
-4009
-4116
-4003
-3799
-3447
-2912
-2243
-1432
-533
511
1637
2762
3963
5026
6118
7138
8064
8964
9714
10508
11113
11608
11689
11539
11360
10713
9979
8741
7270
5639
3689
1854
-196
-2134
-4130
-5687
-6995
-8321
-9120
-9915
-10232
-10502
-10615
-10447
-10330
-9908
-9486
-8721
-8042
-7191
-6019
-4914
-3549
-2325
-980
290
1421
2473
3237
3845
4042
4184
4023
3613
3112
2381
1715
916
156
-629
-1317
-1944
-2547
-3011
-3514
-3803
-4038
-4090
-3976
-3797
-3391
-2868
-2172
-1364
-445
590
1693
2807
3926
5020
6055
7053
7987
8792
9532
10290
10895
11380
11489
11328
11118
10529
9743
8570
7140
5500
3617
1794
-226
-2159
-4143
-5750
-7050
-8360
-9214
-9967
-10290
-10524
-10594
-10387
-10234
-9807
-9361
-8635
-7941
-7144
-6037
-4931
-3618
-2408
-1081
174
1276
2339
3109
3713
3966
4070
3909
3510
2970
2250
1564
775
22
-735
-1392
-1988
-2513
-2940
-3361
-3596
-3800
-3825
-3721
-3536
-3156
-2643
-1995
-1239
-333
672
1766
2858
3929
5039
6063
7032
7985
8778
9500
10244
10859
11355
11488
11355
11155
10626
9834
8695
7319
5679
3836
1984
-7
-1919
-3915
-5526
-6874
-8185
-9107
-9887
-10269
-10560
-10644
-10491
-10305
-9937
-9515
-8817
-8148
-7338
-6275
-5171
-3906
-2671
-1344
-87
1053
2069
2874
3468
3741
3854
3695
3315
2768
2119
1440
695
-23
-764
-1401
-2003
-2508
-2942
-3354
-3636
-3849
-3890
-3831
-3619
-3266
-2733
-2056
-1291
-365
644
1774
2876
3986
5104
6145
7115
8039
8864
9583
10323
10922
11459
11642
11527
11387
10875
10146
9017
7660
6061
4218
2364
341
-1532
-3532
-5153
-6472
-7817
-8739
-9565
-9984
-10274
-10418
-10295
-10143
-9792
-9405
-8725
-8070
-7304
-6272
-5232
-4002
-2814
-1534
-330
746
1749
2539
3152
3425
3588
3487
3144
2675
2053
1414
689
13
-717
-1407
-2036
-2591
-3030
-3480
-3784
-3994
-4062
-3996
-3778
-3394
-2880
-2186
-1404
-539
422
1479
2570
3649
4710
5749
6720
7631
8500
9270
10019
10650
11228
11512
11446
11344
10887
10214
9160
7789
6296
4468
2613
646
-1286
-3217
-4906
-6213
-7552
-8519
-9322
-9829
-10054
-10275
-10176
-10027
-9753
-9321
-8704
-8026
-7313
-6316
-5282
-4061
-2825
-1602
-341
744
1777
2617
3237
3570
3730
3696
3351
2889
2246
1566
871
163
-521
-1213
-1829
-2372
-2815
-3229
-3579
-3779
-3903
-3902
-3758
-3479
-3035
-2412
-1682
-897
22
1034
2120
3227
4256
5292
6283
7201
8085
8841
9531
10154
10739
11123
11172
11093
10741
10192
9361
8159
6781
5095
3293
1435
-489
-2401
-4182
-5655
-6983
-8062
-8924
-9541
-9844
-10062
-10057
-9922
-9724
-9365
-8867
-8266
-7608
-6800
-5854
-4719
-3526
-2324
-1056
105
1202
2148
2869
3385
3639
3694
3522
3098
2481
1804
1097
374
-312
-997
-1621
-2137
-2571
-2941
-3255
-3488
-3597
-3613
-3543
-3324
-2941
-2408
-1749
-995
-137
840
1926
3025
4092
5127
6119
7088
7965
8699
9352
9961
10476
10894
11055
10905
10644
10156
9460
8484
7172
5669
3971
2211
374
-1480
-3329
-5014
-6342
-7570
-8565
-9319
-9820
-10043
-10132
-10011
-9823
-9501
-9057
-8438
-7696
-7001
-6109
-5078
-3969
-2828
-1679
-565
439
1369
2093
2683
2997
3104
3123
2856
2409
1844
1224
588
-54
-704
-1346
-1897
-2384
-2767
-3093
-3382
-3544
-3570
-3505
-3303
-2950
-2475
-1846
-1134
-280
603
1606
2655
3648
4689
5607
6555
7397
8149
8866
9479
10103
10545
10957
10964
10762
10464
9797
9047
7825
6427
4802
3008
1261
-624
-2382
-4229
-5657
-6889
-8015
-8761
-9457
-9688
-9885
-9874
-9682
-9515
-9148
-8755
-8055
-7443
-6686
-5730
-4727
-3522
-2451
-1223
-103
941
1883
2558
3104
3266
3366
3221
2829
2296
1617
1001
281
-384
-1062
-1672
-2158
-2595
-2861
-3137
-3312
-3353
-3315
-3149
-2881
-2496
-1969
-1346
-597
244
1150
2150
3158
4203
5171
6132
7036
7814
8583
9179
9792
10303
10707
10941
10759
10487
9964
9279
8270
6949
5481
3716
1989
144
-1673
-3497
-5229
-6548
-7773
-8712
-9500
-9959
-10170
-10284
-10097
-9892
-9534
-9116
-8499
-7742
-7017
-6109
-5113
-3947
-2840
-1713
-514
534
1542
2327
2935
3272
3394
3392
3131
2692
2063
1465
820
113
-521
-1185
-1757
-2249
-2626
-2920
-3161
-3293
-3330
-3212
-3028
-2716
-2229
-1669
-962
-134
726
1701
2755
3777
4815
5795
6684
7559
8297
8909
9505
10014
10424
10754
10765
10501
10170
9556
8727
7637
6189
4641
2901
1071
-735
-2573
-4410
-5969
-7201
-8359
-9187
-9823
-10207
-10268
-10284
-10034
-9705
-9328
-8779
-8075
-7342
-6613
-5648
-4646
-3549
-2449
-1380
-219
781
1676
2410
2913
3139
3235
3163
2782
2298
1666
1042
394
-299
-925
-1550
-2074
-2508
-2775
-3033
-3213
-3226
-3193
-3022
-2787
-2413
-1893
-1282
-562
245
1111
2071
3134
4134
5127
6059
6955
7790
8502
9123
9643
10132
10496
10768
10700
10398
10043
9374
8538
7386
5977
4410
2683
958
-842
-2639
-4429
-5848
-7061
-8194
-8989
-9628
-9970
-10103
-10064
-9859
-9594
-9200
-8649
-7913
-7268
-6490
-5501
-4509
-3421
-2336
-1239
-178
796
1664
2355
2766
2943
3049
2902
2510
1982
1369
712
48
-599
-1268
-1856
-2372
-2705
-2947
-3184
-3259
-3236
-3113
-2912
-2597
-2171
-1632
-969
-230
578
1433
2426
3454
4448
5428
6345
7245
8056
8794
9406
9902
10336
10678
10864
10693
10357
9850
9081
8139
6867
5364
3690
1910
174
-1643
-3445
-5119
-6481
-7626
-8618
-9277
-9778
-10012
-9992
-9849
-9532
-9223
-8747
-8108
-7408
-6697
-5898
-4922
-3975
-2902
-1849
-845
152
999
1812
2366
2682
2817
2800
2600
2139
1631
975
312
-315
-979
-1560
-2143
-2570
-2852
-3075
-3200
-3244
-3159
-3009
-2745
-2373
-1910
-1299
-622
161
1008
1892
2903
3880
4845
5776
6639
7484
8202
8841
9327
9769
10140
10384
10491
10233
9916
9343
8555
7614
6285
4854
3168
1491
-241
-2021
-3698
-5321
-6497
-7643
-8474
-9041
-9503
-9562
-9587
-9353
-9116
-8795
-8334
-7812
-7117
-6551
-5721
-4873
-3952
-2902
-1962
-923
-12
868
1580
2120
2421
2493
2516
2201
1806
1264
632
45
-595
-1152
-1690
-2136
-2511
-2716
-2838
-2936
-2866
-2776
-2591
-2294
-1946
-1471
-879
-242
519
1344
2185
3150
4097
5029
5923
6777
7566
8273
8863
9286
9738
10039
10282
10340
10052
9701
9104
8349
7330
6074
4601
2975
1354
-438
-2126
-3862
-5407
-6605
-7717
-8512
-9134
-9470
-9570
-9502
-9279
-9012
-8585
-8142
-7532
-6873
-6233
-5435
-4606
-3679
-2706
-1767
-846
50
864
1543
2044
2295
2396
2345
2097
1658
1120
500
-111
-673
-1284
-1788
-2248
-2588
-2772
-2924
-2953
-2916
-2760
-2556
-2260
-1867
-1406
-764
-114
632
1432
2264
3218
4117
5022
5873
6695
7451
8121
8715
9132
9525
9832
10072
10115
9825
9418
8808
8024
7006
5686
4221
2598
943
-742
-2442
-4105
-5585
-6732
-7706
-8451
-9017
-9325
-9329
-9256
-9012
-8720
-8344
-7851
-7289
-6649
-6023
-5254
-4423
-3472
-2493
-1579
-561
323
1182
1890
2349
2643
2676
2595
2257
1771
1118
406
-202
-895
-1451
-2003
-2426
-2670
-2862
-2893
-2910
-2797
-2655
-2403
-2093
-1803
-1318
-779
-91
610
1342
2224
3178
4156
5047
5965
6769
7555
8239
8731
9157
9407
9671
9843
9838
9532
9076
8523
7724
6832
5546
4152
2637
971
-580
-2291
-3899
-5405
-6574
-7532
-8355
-8874
-9305
-9284
-9217
-9009
-8625
-8327
-7774
-7231
-6569
-5959
-5288
-4443
-3626
-2684
-1915
-1018
-158
544
1237
1658
1986
2071
2064
1893
1519
1073
507
76
-449
-959
-1382
-1769
-1998
-2187
-2260
-2309
-2257
-2150
-1956
-1634
-1353
-914
-365
266
936
1623
2381
3210
4094
4861
5635
6337
6970
7594
8050
8417
8695
8974
9216
9334
9171
8808
8373
7677
6871
5755
4371
2908
1307
-274
-1910
-3505
-4979
-6133
-7050
-7835
-8313
-8683
-8762
-8682
-8521
-8250
-8019
-7679
-7276
-6738
-6240
-5682
-4933
-4154
-3241
-2362
-1434
-523
282
1020
1566
1944
1999
1979
1806
1388
916
299
-217
-741
-1275
-1690
-2029
-2243
-2385
-2382
-2384
-2317
-2151
-1972
-1675
-1364
-983
-469
112
753
1457
2194
3014
3903
4751
5575
6327
7028
7630
8146
8542
8802
9051
9205
9352
9220
8834
8416
7725
6969
5955
4662
3253
1684
146
-1451
-3025
-4565
-5824
-6799
-7694
-8267
-8684
-8873
-8835
-8677
-8379
-8089
-7707
-7239
-6644
-6064
-5480
-4755
-3978
-3141
-2300
-1421
-637
112
817
1368
1757
1836
1856
1735
1419
1009
472
-21
-545
-1021
-1453
-1836
-2077
-2249
-2262
-2282
-2264
-2124
-1948
-1677
-1392
-1019
-538
37
691
1372
2080
2852
3701
4521
5314
6029
6698
7284
7793
8220
8477
8718
8865
9039
9025
8664
8285
7696
6969
6045
4852
3507
1996
511
-1021
-2514
-4020
-5356
-6295
-7170
-7830
-8251
-8499
-8532
-8440
-8200
-7958
-7671
-7283
-6783
-6237
-5736
-5104
-4344
-3551
-2737
-1878
-1071
-303
458
1096
1538
1709
1765
1728
1480
1085
600
117
-384
-856
-1266
-1648
-1912
-2044
-2073
-2081
-2081
-1976
-1807
-1607
-1353
-1050
-634
-120
477
1141
1792
2550
3371
4205
5018
5742
6461
7054
7620
8090
8370
8638
8809
9000
9032
8751
8368
7840
7184
6300
5230
3932
2477
1054
-470
-1933
-3421
-4797
-5828
-6734
-7464
-8030
-8344
-8475
-8478
-8297
-8115
-7842
-7522
-7056
-6515
-6013
-5414
-4734
-3913
-3142
-2334
-1529
-811
-60
561
1063
1274
1352
1372
1195
921
490
112
-316
-736
-1067
-1422
-1641
-1810
-1821
-1837
-1867
-1765
-1663
-1452
-1262
-957
-544
-96
517
1129
1813
2502
3260
4085
4791
5508
6129
6709
7227
7638
7991
8195
8450
8665
8789
8717
8369
8004
7420
6677
5737
4518
3170
1685
247
-1269
-2772
-4139
-5328
-6201
-6995
-7559
-7932
-8126
-8108
-8034
-7810
-7626
-7365
-6992
-6593
-6117
-5678
-5078
-4387
-3628
-2821
-2059
-1243
-511
219
823
1176
1366
1364
1308
1062
679
260
-226
-633
-1063
-1403
-1670
-1862
-1875
-1877
-1806
-1755
-1618
-1410
-1233
-963
-674
-258
217
773
1392
2006
2718
3479
4275
5008
5697
6341
6919
7374
7752
8024
8209
8416
8510
8520
8214
7821
7346
6676
5921
4806
3660
2277
915
-421
-1922
-3232
-4580
-5496
-6342
-7037
-7477
-7893
-7906
-7988
-7784
-7620
-7433
-7023
-6712
-6141
-5780
-5200
-4562
-3898
-3071
-2433
-1603
-967
-251
369
762
1068
1079
1176
1026
821
510
108
-195
-603
-856
-1161
-1345
-1453
-1516
-1479
-1524
-1425
-1327
-1159
-960
-749
-365
46
597
1163
1742
2391
3039
3796
4446
5050
5619
6091
6556
6856
7154
7369
7554
7803
7896
7892
7632
7314
6901
6236
5423
4297
3105
1774
408
-945
-2430
-3728
-4870
-5703
-6399
-6999
-7336
-7553
-7548
-7471
-7304
-7123
-6936
-6599
-6256
-5868
-5476
-4990
-4361
-3707
-2990
-2241
-1490
-759
-70
507
876
1095
1197
1193
1058
765
401
13
-357
-678
-968
-1201
-1340
-1388
-1367
-1327
-1265
-1142
-987
-828
-633
-378
-53
362
838
1323
1866
2476
3155
3852
4472
5061
5621
6128
6555
6888
7147
7340
7541
7701
7749
7580
7267
6897
6365
5651
4710
3626
2422
1169
-109
-1450
-2763
-4002
-4963
-5737
-6419
-6937
-7269
-7385
-7417
-7293
-7148
-6976
-6705
-6398
-5975
-5595
-5165
-4623
-3998
-3319
-2659
-1906
-1210
-535
76
507
834
980
1072
1055
874
599
259
-56
-380
-661
-924
-1132
-1218
-1273
-1245
-1222
-1172
-1045
-911
-741
-538
-273
77
509
979
1455
2008
2627
3277
3897
4450
4984
5482
5932
6303
6589
6810
7025
7230
7414
7410
7194
6934
6542
5995
5271
4331
3252
2098
900
-346
-1584
-2862
-3968
-4802
-5569
-6181
-6626
-6897
-7002
-6996
-6917
-6797
-6634
-6434
-6116
-5774
-5470
-5050
-4527
-3942
-3328
-2693
-2014
-1343
-737
-207
215
472
642
753
732
586
369
138
-96
-316
-542
-713
-804
-885
-879
-858
-838
-765
-662
-535
-399
-181
93
448
886
1285
1759
2285
2848
3430
3937
4414
4857
5296
5683
6000
6280
6507
6776
7049
7205
7190
7019
6776
6370
5793
5016
4030
2946
1755
529
-704
-1989
-3184
-4171
-4980
-5674
-6197
-6546
-6721
-6773
-6757
-6649
-6533
-6405
-6173
-5904
-5660
-5351
-4947
-4457
-3879
-3289
-2645
-1937
-1313
-699
-146
224
478
662
727
656
485
238
-20
-263
-537
-724
-857
-976
-982
-955
-895
-817
-702
-548
-405
-217
12
320
688
1050
1480
1917
2432
3000
3551
4097
4557
5051
5500
5890
6247
6482
6750
6986
7185
7263
7124
6906
6537
6081
5437
4600
3642
2516
1418
258
-923
-2078
-3199
-4077
-4863
-5496
-5984
-6332
-6513
-6630
-6590
-6563
-6504
-6351
-6165
-5890
-5651
-5327
-4922
-4436
-3884
-3329
-2685
-2106
-1520
-961
-520
-177
46
225
271
239
127
-37
-167
-353
-456
-541
-616
-629
-630
-579
-544
-460
-349
-236
-95
53
312
604
944
1329
1699
2147
2625
3163
3661
4085
4511
4910
5313
5636
5910
6151
6361
6615
6804
6877
6794
6600
6327
5890
5296
4490
3525
2475
1358
228
-951
-2112
-3167
-4056
-4797
-5429
-5876
-6191
-6371
-6433
-6435
-6391
-6340
-6221
-6045
-5848
-5625
-5345
-4958
-4520
-4007
-3429
-2815
-2187
-1568
-965
-479
-98
194
394
484
456
369
225
57
-107
-241
-353
-456
-497
-506
-498
-469
-395
-272
-162
-40
126
342
609
930
1268
1621
2022
2493
3003
3470
3901
4308
4726
5130
5490
5796
6028
6264
6512
6729
6811
6717
6521
6215
5801
5198
4404
3440
2351
1278
151
-1001
-2153
-3201
-4052
-4775
-5333
-5798
-6114
-6291
-6353
-6327
-6345
-6308
-6232
-6075
-5878
-5686
-5410
-5090
-4626
-4098
-3501
-2873
-2255
-1573
-963
-426
-35
259
483
576
615
517
386
235
89
9
-116
-188
-244
-249
-229
-230
-157
-116
-27
67
176
348
545
853
1152
1483
1851
2265
2754
3174
3591
3972
4359
4761
5111
5436
5679
5954
6259
6518
6682
6640
6516
6264
5891
5351
4558
3628
2569
1500
381
-790
-1918
-2968
-3817
-4533
-5106
-5556
-5895
-6066
-6171
-6214
-6266
-6284
-6237
-6168
-6025
-5880
-5643
-5316
-4895
-4352
-3780
-3112
-2419
-1703
-1033
-497
-40
288
554
683
702
648
505
381
233
113
-11
-105
-135
-166
-148
-151
-120
-73
-40
22
80
218
398
633
909
1195
1572
1991
2456
2902
3330
3767
4201
4651
5037
5363
5660
5953
6269
6516
6642
6614
6463
6220
5846
5300
4555
3658
2681
1646
569
-529
-1627
-2620
-3478
-4194
-4786
-5278
-5626
-5884
-6024
-6134
-6214
-6223
-6213
-6095
-5980
-5794
-5538
-5206
-4736
-4237
-3624
-2995
-2305
-1585
-969
-406
-15
335
582
715
776
665
571
423
293
182
30
-39
-129
-134
-153
-177
-169
-203
-172
-180
-122
-17
121
363
599
920
1280
1708
2192
2644
3116
3555
4023
4478
4872
5231
5521
5834
6139
6396
6557
6550
6458
6243
5906
5412
4717
3882
2915
1885
816
-302
-1391
-2420
-3310
-4054
-4682
-5167
-5552
-5808
-5967
-6068
-6108
-6137
-6089
-6009
-5891
-5730
-5525
-5197
-4796
-4285
-3712
-3079
-2374
-1677
-980
-397
86
464
748
954
996
935
752
548
358
157
-18
-202
-314
-387
-401
-401
-419
-394
-378
-304
-227
-126
29
209
473
738
1075
1450
1892
2389
2847
3340
3797
4290
4765
5171
5552
5855
6209
6489
6675
6710
6565
6391
6050
5615
4950
4110
3214
2216
1237
135
-940
-1962
-2868
-3601
-4323
-4899
-5411
-5756
-5977
-6191
-6332
-6476
-6463
-6397
-6277
-6105
-5913
-5542
-5092
-4526
-3932
-3296
-2571
-1851
-1122
-545
-47
361
695
959
1038
1031
915
799
664
480
307
124
21
-85
-171
-269
-368
-403
-435
-418
-414
-345
-201
1
274
550
923
1322
1802
2295
2746
3222
3675
4163
4600
5008
5373
5706
6082
6383
6623
6701
6675
6578
6318
5926
5285
4512
3615
2632
1598
451
-651
-1717
-2639
-3451
-4205
-4818
-5339
-5668
-5917
-6121
-6273
-6407
-6419
-6392
-6295
-6172
-5980
-5662
-5262
-4739
-4186
-3544
-2841
-2111
-1384
-767
-215
219
575
826
943
973
884
776
620
450
280
103
-3
-110
-186
-274
-347
-391
-435
-423
-427
-374
-267
-90
159
441
792
1170
1634
2129
2625
3121
3586
4081
4539
4978
5360
5718
6085
6401
6672
6795
6802
6705
6491
6141
5562
4823
3943
2980
1944
829
-301
-1395
-2357
-3221
-3984
-4665
-5228
-5625
-5926
-6143
-6347
-6499
-6576
-6580
-6518
-6424
-6237
-5945
-5519
-5007
-4422
-3759
-3040
-2258
-1509
-816
-233
250
633
881
1020
1013
949
819
664
476
265
95
-55
-142
-229
-300
-371
-424
-433
-459
-442
-421
-327
-161
69
355
657
1049
1484
2001
2517
3011
3521
4000
4510
4947
5339
5686
6016
6354
6595
6753
6735
6641
6443
6092
5597
4873
4057
3109
2111
1034
-99
-1157
-2156
-2997
-3781
-4456
-5027
-5471
-5765
-6028
-6197
-6353
-6427
-6429
-6399
-6286
-6147
-5850
-5461
-4949
-4367
-3739
-3002
-2268
-1495
-817
-214
305
696
1007
1137
1171
1082
948
785
563
353
119
-40
-176
-281
-372
-482
-532
-585
-596
-622
-629
-574
-446
-221
15
315
655
1088
1594
2115
2642
3131
3662
4161
4638
5048
5390
5749
6083
6398
6594
6679
6652
6514
6290
5869
5295
4549
3692
2747
1683
590
-535
-1566
-2507
-3352
-4092
-4752
-5245
-5640
-5921
-6146
-6323
-6392
-6413
-6362
-6278
-6128
-5865
-5504
-5013
-4468
-3840
-3151
-2425
-1662
-977
-352
176
613
952
1139
1207
1145
1038
882
674
451
210
9
-156
-291
-433
-568
-676
-757
-805
-852
-872
-846
-723
-518
-268
25
355
789
1291
1842
2385
2908
3454
3977
4491
4920
5304
5681
6045
6408
6657
6807
6817
6725
6533
6153
5637
4915
4093
3157
2102
1016
-136
-1202
-2195
-3067
-3836
-4529
-5049
-5501
-5817
-6071
-6277
-6386
-6466
-6441
-6398
-6280
-6068
-5759
-5297
-4783
-4161
-3489
-2760
-1989
-1260
-569
9
497
873
1127
1259
1256
1184
1036
852
645
406
186
-15
-174
-314
-452
-567
-667
-748
-809
-852
-840
-764
-618
-409
-167
132
503
948
1458
1987
2527
3068
3611
4148
4629
5078
5490
5883
6261
6562
6770
6823
6761
6589
6277
5813
5167
4394
3505
2533
1497
402
-665
-1676
-2583
-3371
-4081
-4685
-5194
-5573
-5867
-6111
-6284
-6410
-6423
-6369
-6246
-6036
-5763
-5337
-4824
-4227
-3578
-2908
-2179
-1474
-792
-219
237
601
838
1006
1027
968
853
702
559
355
159
-52
-220
-352
-486
-593
-726
-818
-892
-945
-946
-916
-776
-565
-288
42
397
841
1345
1900
2448
2982
3498
4022
4532
4974
5381
5739
6113
6450
6700
6818
6795
6686
6461
6087
5517
4788
3953
3029
2026
935
-172
-1236
-2193
-3024
-3806
-4475
-5045
-5466
-5776
-6058
-6242
-6404
-6432
-6382
-6291
-6123
-5894
-5520
-5040
-4474
-3868
-3212
-2497
-1766
-1045
-423
105
541
869
1104
1177
1163
1050
907
740
497
255
-22
-248
-445
-622
-765
-905
-999
-1061
-1096
-1108
-1071
-957
-750
-478
-171
182
583
1051
1575
2110
2668
3209
3761
4314
4801
5260
5668
6075
6463
6759
6926
6961
6871
6677
6339
5815
5138
4312
3410
2414
1327
216
-873
-1860
-2743
-3569
-4297
-4914
-5401
-5749
-6037
-6256
-6398
-6456
-6424
-6332
-6188
-5950
-5612
-5148
-4609
-4025
-3366
-2671
-1936
-1213
-557
21
501
865
1126
1241
1257
1185
1034
860
621
370
104
-156
-375
-556
-726
-856
-977
-1073
-1115
-1135
-1097
-1021
-862
-618
-327
13
395
812
1316
1857
2407
2961
3488
4035
4565
5057
5512
5915
6301
6646
6869
6958
6901
6735
6463
6019
5408
4638
3756
2803
1776
697
-379
-1409
-2331
-3166
-3938
-4605
-5165
-5583
-5899
-6156
-6354
-6484
-6527
-6466
-6355
-6162
-5883
-5499
-4983
-4421
-3798
-3124
-2408
-1670
-967
-354
160
568
890
1106
1201
1199
1103
971
798
581
345
115
-98
-250
-401
-551
-695
-812
-853
-868
-848
-791
-672
-465
-181
133
487
857
1312
1832
2324
2818
3285
3784
4292
4756
5179
5570
5932
6284
6561
6708
6717
6618
6420
6059
5519
4803
3983
3075
2094
1040
-54
-1117
-2086
-2944
-3748
-4464
-5057
-5518
-5866
-6156
-6396
-6531
-6593
-6553
-6438
-6275
-6021
-5670
-5178
-4631
-4029
-3359
-2641
-1902
-1196
-563
-9
436
799
1074
1211
1241
1187
1078
914
718
481
258
45
-157
-323
-498
-666
-799
-876
-907
-919
-871
-754
-576
-319
-24
322
708
1140
1638
2123
2603
3089
3593
4107
4586
5034
5458
5861
6245
6569
6787
6872
6840
6696
6383
5895
5230
4457
3584
2598
1545
460
-609
-1615
-2512
-3335
-4092
-4718
-5227
-5633
-5970
-6262
-6439
-6534
-6569
-6508
-6387
-6193
-5883
-5449
-4943
-4381
-3743
-3064
-2351
-1679
-1084
-523
-65
299
590
765
835
840
812
718
591
445
292
158
5
-141
-265
-412
-548
-634
-695
-731
-712
-616
-466
-240
32
359
747
1147
1606
2084
2537
2989
3451
3917
4356
4782
5206
5607
5996
6327
6593
6748
6764
6678
6438
6028
5433
4699
3863
2896
1872
811
-250
-1247
-2160
-2969
-3705
-4329
-4841
-5247
-5576
-5871
-6082
-6215
-6305
-6316
-6255
-6142
-5916
-5574
-5133
-4614
-4020
-3362
-2653
-1937
-1309
-710
-187
210
533
734
807
788
713
580
389
188
-40
-221
-392
-583
-704
-819
-931
-981
-1001
-1006
-958
-839
-675
-446
-167
146
553
978
1433
1958
2467
2985
3519
4050
4559
5056
5536
5973
6381
6708
6953
7112
7105
6980
6733
6312
5734
5013
4195
3261
2258
1221
169
-841
-1807
-2674
-3445
-4158
-4754
-5243
-5654
-6002
-6279
-6438
-6548
-6557
-6471
-6325
-6070
-5736
-5284
-4757
-4175
-3535
-2865
-2189
-1580
-1021
-512
-112
222
459
590
649
652
614
522
398
245
116
-12
-191
-341
-484
-644
-756
-856
-923
-944
-895
-777
-593
-337
-52
323
747
1175
1664
2169
2655
3153
3629
4086
4530
4964
5378
5785
6153
6450
6706
6838
6841
6736
6479
6070
5508
4802
3976
3044
2039
987
-45
-1055
-2006
-2836
-3588
-4243
-4774
-5217
-5585
-5878
-6098
-6247
-6320
-6310
-6238
-6076
-5844
-5518
-5081
-4582
-4001
-3366
-2688
-2020
-1388
-805
-307
106
421
622
730
731
664
543
369
174
-38
-220
-416
-590
-731
-863
-966
-1038
-1074
-1070
-1022
-905
-740
-518
-246
70
455
861
1320
1820
2339
2873
3402
3929
4432
4915
5379
5814
6223
6554
6821
6992
7019
6927
6688
6309
5778
5108
4322
3432
2465
1464
442
-556
-1518
-2391
-3178
-3878
-4460
-4964
-5368
-5708
-5967
-6143
-6258
-6284
-6234
-6100
-5868
-5566
-5164
-4697
-4156
-3549
-2925
-2292
-1698
-1147
-676
-280
34
255
397
458
452
394
283
164
26
-111
-245
-388
-515
-648
-765
-877
-967
-1019
-1036
-987
-875
-692
-428
-114
257
666
1118
1605
2101
2619
3120
3618
4084
4526
4952
5353
5742
6101
6408
6664
6817
6868
6797
6570
6209
5678
5004
4190
3272
2277
1236
192
-825
-1788
-2663
-3444
-4102
-4661
-5113
-5464
-5757
-5962
-6120
-6200
-6218
-6165
-6040
-5838
-5543
-5161
-4695
-4144
-3531
-2869
-2200
-1563
-957
-431
13
358
602
733
770
719
593
418
217
-6
-226
-427
-606
-762
-901
-996
-1068
-1104
-1114
-1076
-977
-834
-626
-369
-57
301
689
1131
1600
2089
2610
3136
3672
4184
4684
5159
5605
6012
6361
6654
6862
6954
6925
6763
6462
6003
5399
4670
3823
2897
1903
897
-97
-1055
-1955
-2778
-3516
-4168
-4730
-5200
-5577
-5874
-6100
-6250
-6311
-6298
-6192
-6002
-5722
-5342
-4893
-4370
-3778
-3145
-2497
-1864
-1262
-730
-282
80
341
527
612
632
588
494
367
217
72
-79
-238
-392
-542
-689
-827
-946
-1025
-1076
-1078
-1027
-909
-706
-434
-95
313
773
1257
1757
2278
2797
3309
3802
4261
4698
5090
5457
5802
6119
6383
6572
6672
6666
6540
6285
5885
5336
4637
3805
2878
1878
853
-184
-1184
-2131
-3002
-3791
-4468
-5020
-5461
-5798
-6049
-6205
-6289
-6307
-6238
-6095
-5883
-5600
-5242
-4800
-4289
-3707
-3075
-2412
-1755
-1136
-572
-83
328
636
838
947
963
896
761
584
379
144
-100
-351
-591
-814
-1015
-1166
-1276
-1344
-1365
-1319
-1209
-1033
-791
-476
-100
323
787
1290
1817
2352
2885
3407
3913
4390
4842
5274
5682
6053
6373
6636
6819
6906
6876
6715
6412
5962
5368
4641
3792
2859
1851
810
-216
-1226
-2181
-3056
-3836
-4512
-5084
-5558
-5923
-6200
-6398
-6509
-6537
-6492
-6373
-6155
-5853
-5450
-4972
-4426
-3815
-3174
-2517
-1886
-1293
-747
-281
83
374
583
703
750
733
670
560
418
254
82
-94
-290
-480
-652
-817
-957
-1053
-1109
-1119
-1064
-937
-716
-417
-47
398
904
1439
1973
2507
3040
3560
4050
4504
4926
5324
5687
6014
6323
6582
6779
6892
6886
6745
6469
6048
5469
4745
3881
2906
1863
773
-327
-1397
-2389
-3291
-4100
-4792
-5365
-5814
-6155
-6411
-6577
-6662
-6679
-6627
-6478
-6254
-5948
-5545
-5066
-4501
-3869
-3190
-2485
-1773
-1089
-462
96
545
891
1128
1238
1234
1135
967
754
510
234
-55
-320
-562
-788
-984
-1142
-1249
-1299
-1330
-1331
-1251
-1084
-847
-541
-168
271
767
1297
1833
2387
2963
3534
4088
4598
5065
5509
5931
6289
6592
6849
7026
7111
7067
6884
6566
6122
5527
4772
3907
2946
1907
830
-268
-1350
-2351
-3264
-4087
-4807
-5418
-5917
-6300
-6586
-6781
-6877
-6881
-6799
-6643
-6392
-6069
-5656
-5146
-4574
-3934
-3257
-2572
-1897
-1235
-631
-113
324
653
887
1019
1040
979
878
737
550
341
120
-93
-290
-485
-681
-840
-955
-1042
-1110
-1138
-1099
-967
-753
-476
-121
317
816
1338
1872
2418
2981
3544
4059
4520
4958
5364
5728
6055
6345
6596
6813
6949
6950
6841
6606
6222
5690
4998
4166
3229
2191
1062
-88
-1212
-2281
-3255
-4131
-4894
-5523
-6014
-6407
-6681
-6847
-6918
-6896
-6809
-6649
-6411
-6092
-5699
-5223
-4656
-4007
-3314
-2590
-1865
-1156
-476
126
628
1016
1294
1435
1439
1335
1151
920
635
313
-3
-306
-589
-842
-1062
-1244
-1372
-1456
-1511
-1525
-1473
-1348
-1146
-868
-513
-77
432
991
1576
2201
2844
3478
4095
4670
5187
5665
6078
6421
6718
6956
7115
7187
7158
7000
6723
6315
5766
5100
4306
3399
2393
1316
215
-886
-1932
-2925
-3825
-4599
-5269
-5825
-6257
-6571
-6759
-6836
-6834
-6746
-6566
-6305
-5972
-5565
-5095
-4551
-3924
-3261
-2594
-1928
-1270
-661
-121
333
685
949
1105
1150
1095
970
807
613
389
143
-101
-327
-551
-759
-952
-1121
-1251
-1347
-1402
-1402
-1319
-1158
-911
-576
-172
301
845
1425
2013
2600
3170
3720
4240
4710
5126
5504
5843
6140
6393
6587
6707
6760
6716
6544
6237
5795
5219
4509
3670
2708
1661
579
-507
-1578
-2586
-3510
-4316
-5001
-5577
-6027
-6349
-6551
-6660
-6687
-6634
-6504
-6297
-6023
-5695
-5289
-4801
-4239
-3619
-2959
-2274
-1578
-896
-273
277
738
1091
1326
1436
1412
1277
1074
808
488
142
-203
-536
-831
-1087
-1305
-1464
-1563
-1612
-1608
-1555
-1434
-1237
-974
-660
-283
159
660
1215
1799
2394
2995
3589
4169
4719
5218
5665
6062
6398
6666
6861
6978
7019
6956
6769
6460
6019
5456
4763
3937
2999
1979
906
-178
-1258
-2296
-3256
-4114
-4855
-5477
-5979
-6354
-6606
-6756
-6825
-6806
-6699
-6513
-6240
-5893
-5475
-4973
-4391
-3749
-3058
-2348
-1629
-933
-300
250
711
1058
1291
1412
1414
1321
1162
957
712
450
171
-93
-338
-567
-768
-957
-1104
-1221
-1305
-1324
-1288
-1171
-974
-690
-334
88
578
1121
1703
2292
2876
3435
3966
4466
4908
5304
5667
5975
6240
6451
6595
6678
6677
6564
6335
5972
5487
4860
4104
3227
2244
1194
115
-958
-2008
-2992
-3871
-4644
-5305
-5837
-6247
-6532
-6710
-6783
-6779
-6706
-6552
-6316
-6007
-5634
-5187
-4676
-4100
-3465
-2799
-2124
-1439
-775
-182
340
770
1091
1298
1392
1362
1236
1043
799
515
207
-93
-383
-642
-865
-1044
-1176
-1258
-1287
-1278
-1223
-1101
-921
-674
-361
6
431
911
1444
1994
2566
3147
3715
4263
4776
5232
5629
5985
6269
6481
6622
6688
6672
6563
6346
6005
5545
4984
4307
3510
2621
1654
643
-392
-1407
-2383
-3304
-4117
-4829
-5429
-5915
-6272
-6523
-6667
-6706
-6677
-6560
-6367
-6102
-5767
-5367
-4893
-4364
-3769
-3131
-2480
-1822
-1182
-579
-53
399
772
1031
1189
1250
1216
1102
939
740
514
285
43
-189
-409
-607
-774
-915
-1015
-1070
-1087
-1040
-925
-744
-491
-156
243
696
1200
1734
2279
2824
3357
3859
4325
4755
5140
5469
5753
5992
6168
6295
6365
6354
6253
6047
5722
5272
4708
4031
3232
2346
1392
394
-626
-1624
-2569
-3451
-4232
-4903
-5469
-5922
-6253
-6485
-6625
-6662
-6622
-6499
-6302
-6032
-5693
-5281
-4795
-4244
-3637
-2987
-2300
-1621
-964
-345
203
661
1028
1289
1424
1472
1414
1260
1054
806
530
245
-27
-284
-519
-720
-884
-1016
-1102
-1135
-1129
-1065
-944
-765
-532
-210
178
612
1111
1648
2207
2761
3320
3864
4358
4816
5224
5564
5847
6064
6208
6280
6284
6218
6057
5804
5447
4973
4386
3703
2917
2047
1126
161
-816
-1774
-2692
-3547
-4301
-4949
-5486
-5902
-6204
-6398
-6493
-6494
-6405
-6243
-6002
-5679
-5299
-4868
-4375
-3830
-3267
-2667
-2049
-1450
-880
-354
99
475
765
965
1068
1088
1041
924
762
569
350
122
-85
-275
-459
-613
-730
-824
-877
-878
-839
-751
-599
-378
-101
244
647
1086
1564
2072
2582
3082
3564
4015
4417
4774
5081
5327
5521
5662
5754
5774
5752
5667
5501
5261
4932
4496
3964
3329
2600
1797
934
38
-864
-1768
-2622
-3423
-4142
-4752
-5251
-5642
-5927
-6103
-6199
-6214
-6150
-6020
-5821
-5548
-5216
-4828
-4381
-3882
-3344
-2775
-2182
-1585
-1006
-456
27
425
730
941
1052
1065
998
867
677
465
230
-9
-229
-429
-606
-738
-835
-902
-933
-926
-878
-788
-651
-454
-203
122
509
944
1422
1937
2473
3015
3547
4057
4516
4928
5289
5578
5796
5937
6018
6017
5947
5811
5602
5309
4934
4470
3914
3273
2556
1764
933
61
-819
-1692
-2526
-3303
-4011
-4628
-5143
-5539
-5830
-6020
-6104
-6104
-6015
-5857
-5621
-5321
-4967
-4560
-4103
-3620
-3111
-2589
-2066
-1558
-1072
-623
-234
96
345
523
620
642
615
541
422
283
126
-32
-193
-340
-480
-596
-690
-753
-783
-773
-725
-620
-467
-251
28
372
777
1227
1708
2210
2708
3192
3646
4060
4423
4738
4989
5192
5334
5427
5470
5471
5418
5318
5168
4943
4653
4270
3797
3228
2579
1859
1070
247
-586
-1416
-2220
-2968
-3642
-4234
-4724
-5111
-5395
-5592
-5695
-5724
-5686
-5587
-5427
-5218
-4955
-4642
-4267
-3849
-3389
-2903
-2398
-1878
-1368
-899
-463
-90
207
426
548
598
575
486
351
188
15
-170
-337
-502
-642
-741
-820
-872
-889
-859
-795
-697
-556
-364
-117
187
537
956
1417
1909
2418
2924
3415
3879
4292
4652
4949
5179
5339
5418
5425
5371
5257
5090
4869
4612
4303
3933
3499
3006
2459
1854
1201
512
-200
-921
-1633
-2318
-2963
-3542
-4050
-4474
-4803
-5033
-5171
-5229
-5206
-5112
-4949
-4734
-4478
-4177
-3840
-3481
-3105
-2723
-2333
-1941
-1564
-1214
-889
-598
-348
-150
2
98
148
151
119
58
-19
-104
-201
-290
-368
-434
-478
-495
-484
-435
-351
-239
-84
118
359
641
969
1338
1738
2141
2555
2964
3351
3715
4024
4287
4502
4669
4769
4810
4816
4770
4678
4538
4353
4136
3874
3558
3186
2769
2297
1762
1176
558
-80
-735
-1381
-2010
-2599
-3130
-3601
-4003
-4329
-4560
-4722
-4823
-4855
-4817
-4727
-4598
-4426
-4215
-3956
-3674
-3358
-3006
-2630
-2244
-1859
-1481
-1117
-771
-476
-241
-52
79
146
156
110
38
-59
-173
-298
-409
-499
-572
-618
-637
-625
-592
-531
-445
-320
-160
21
236
495
799
1132
1493
1880
2291
2705
3100
3478
3820
4115
4348
4510
4608
4646
4619
4527
4384
4196
3967
3695
3390
3050
2682
2267
1809
1325
803
267
-304
-888
-1460
-2015
-2533
-3018
-3438
-3783
-4050
-4248
-4365
-4399
-4372
-4278
-4132
-3953
-3730
-3482
-3217
-2945
-2656
-2355
-2059
-1770
-1484
-1202
-947
-712
-510
-333
-193
-93
-23
14
26
10
-28
-75
-114
-162
-208
-240
-252
-244
-219
-176
-100
11
138
296
484
710
967
1244
1549
1873
2217
2553
2867
3178
3449
3679
3873
4006
4090
4130
4107
4046
3938
3794
3619
3398
3144
2860
2545
2184
1790
1368
916
444
-56
-558
-1047
-1520
-1977
-2401
-2770
-3079
-3334
-3537
-3679
-3761
-3792
-3776
-3720
-3632
-3507
-3372
-3205
-3010
-2801
-2576
-2342
-2101
-1847
-1584
-1345
-1123
-920
-741
-599
-486
-409
-360
-336
-336
-356
-380
-401
-426
-445
-449
-435
-406
-366
-300
-219
-115
12
156
331
546
779
1034
1315
1618
1940
2261
2583
2885
3166
3407
3597
3736
3819
3851
3825
3749
3630
3473
3284
3064
2825
2559
2283
1981
1659
1330
974
601
221
-171
-565
-957
-1345
-1708
-2048
-2354
-2623
-2858
-3036
-3157
-3239
-3281
-3277
-3237
-3166
-3062
-2937
-2795
-2627
-2442
-2254
-2054
-1848
-1638
-1436
-1254
-1079
-931
-798
-697
-607
-540
-506
-473
-457
-447
-433
-424
-409
-383
-356
-320
-270
-212
-142
-55
47
166
307
469
659
866
1093
1347
1612
1895
2176
2447
2704
2932
3120
3272
3371
3417
3413
3364
3277
3155
3002
2821
2621
2405
2176
1937
1675
1402
1117
816
504
184
-138
-468
-791
-1102
-1398
-1668
-1918
-2135
-2320
-2463
-2577
-2661
-2698
-2710
-2693
-2654
-2587
-2497
-2397
-2276
-2143
-1995
-1840
-1679
-1508
-1348
-1190
-1048
-925
-819
-730
-666
-616
-583
-557
-535
-525
-512
-498
-481
-461
-434
-409
-367
-320
-264
-193
-107
-11
104
244
394
570
765
967
1183
1415
1640
1865
2075
2262
2426
2545
2641
2688
2698
2672
2617
2531
2419
2293
2143
1989
1815
1635
1446
1243
1044
833
621
406
193
-19
-234
-438
-632
-810
-983
-1135
-1270
-1397
-1494
-1581
-1646
-1685
-1703
-1710
-1705
-1679
-1640
-1584
-1515
-1441
-1360
-1267
-1181
-1100
-1013
-930
-854
-792
-743
-698
-661
-634
-609
-590
-573
-556
-538
-517
-497
-471
-443
-411
-366
-313
-250
-178
-92
0
101
215
337
456
579
715
848
971
1088
1193
1290
1364
1418
1455
1468
1459
1437
1393
1330
1254
1169
1082
990
894
795
694
599
498
400
310
219
123
29
-64
-158
-246
-337
-428
-519
-602
-669
-741
-801
-850
-893
-913
-928
-928
-921
-904
-881
-850
-807
-762
-711
-665
-607
-549
-487
-425
-368
-310
-260
-214
-171
-131
-97
-70
-48
-25
-3
14
28
46
69
92
120
147
170
200
234
269
308
354
400
450
499
546
597
638
685
718
737
753
754
742
719
686
639
586
527
462
407
354
294
240
194
152
106
61
19
-29
-70
-119
-164
-215
-265
-317
-367
-407
-455
-492
-526
-550
-577
-597
-614
-633
-643
-648
-651
-649
-637
-617
-592
-558
-512
-462
-404
-348
-284
-227
-161
-100
-43
14
50
96
136
167
192
217
243
264
277
287
298
297
297
297
286
276
273
270
267
269
275
289
304
325
346
354
359
357
350
328
307
273
234
197
155
122
82
60
47
37
34
30
28
31
20
10
-3
-27
-52
-77
-102
-130
-154
-179
-199
-221
-244
-265
-293
-323
-353
-392
-430
-475
-510
-543
-575
-581
-589
-585
-564
-539
-498
-449
-396
-346
-292
-235
-184
-129
-76
-22
42
92
148
214
269
326
379
416
440
459
468
459
447
430
405
384
365
346
336
331
332
335
334
335
333
319
299
273
242
208
173
144
117
105
102
105
114
129
148
165
171
170
162
139
112
76
38
0
-38
-75
-101
-122
-146
-169
-191
-215
-236
-270
-315
-351
-399
-442
-475
-510
-535
-545
-550
-531
-508
-481
-441
-395
-349
-315
-274
-239
-208
-175
-145
-112
-82
-44
6
53
100
157
201
239
268
285
295
304
301
295
286
280
280
284
300
315
333
353
373
387
388
387
373
349
326
299
274
250
229
218
209
204
200
200
195
186
173
141
110
67
21
-27
-77
-114
-155
-181
-200
-217
-225
-234
-243
-258
-274
-292
-314
-340
-376
-404
-430
-442
-451
-450
-436
-422
-394
-367
-331
-300
-275
-254
-233
-214
-204
-194
-173
-144
-120
-86
-37
9
58
109
156
190
225
258
278
292
306
308
317
327
334
347
360
379
398
416
426
432
430
410
387
363
333
297
256
222
197
173
143
129
110
91
71
49
27
-7
-44
-86
-127
-162
-199
-234
-263
-282
-295
-303
-301
-305
-303
-307
-317
-325
-331
-333
-342
-350
-349
-344
-338
-318
-299
-271
-235
-204
-173
-145
-119
-99
-77
-57
-37
-24
-7
16
36
60
86
116
148
169
192
213
224
239
245
242
241
237
231
224
220
218
215
210
205
199
187
180
161
145
122
99
75
43
20
-4
-24
-44
-66
-82
-95
-105
-116
-133
-152
-161
-181
-192
-201
-220
-232
-240
-247
-249
-249
-248
-242
-230
-217
-213
-205
-191
-181
-170
-154
-146
-131
-119
-104
-85
-72
-57
-35
-16
1
30
46
63
82
94
112
123
136
147
156
164
171
188
194
197
203
209
218
220
218
219
210
202
197
184
176
166
159
149
135
128
119
111
103
92
89
77
66
60
53
42
30
28
18
6
-2
-6
-11
-13
-14
-13
-20
-22
-23
-28
-30
-30
-26
-31
-34
-36
-34
-26
-22
-17
-18
-12
-11
-9
-2
-7
-7
-6
-7
-9
-6
-6
-10
-15
-16
-17
-11
-14
-20
-25
-28
-32
-37
-38
-41
-40
-43
-46
-41
-44
-49
-51
-49
-52
-55
-59
-58
-62
-66
-60
-66
-65
-63
-67
-67
-63
-66
-73
-73
-76
-67
-67
-69
-71
-69
-65
-64
-61
-58
-58
-58
-54
-57
-58
-55
-54
-59
-58
-55
-52
-50
-49
-46
-41
-33
-33
-33
-34
-28
-26
-28
-28
-26
-25
-29
-26
-23
-25
-21
-17
-18
-20
-25
-19
-16
-10
-4
0
4
4
8
8
8
14
14
17
25
24
22
23
33
34
36
36
35
42
42
45
44
45
43
46
50
47
50
47
45
49
45
44
46
47
49
57
58
57
61
59
59
59
55
60
57
56
56
54
54
55
56
57
63
54
50
54
49
44
40
37
38
35
29
32
33
27
28
30
27
29
27
26
19
19
15
13
11
3
3
-4
-5
1
3
1
0
-3
1
-1
-9
-7
-14
-16
-17
-20
-17
-18
-17
-21
-21
-21
-25
-27
-23
-17
-22
-27
-27
-27
-33
-29
-31
-31
-26
-28
-27
-30
-28
-30
-29
-23
-26
-21
-13
-17
-14
-11
-16
-10
-6
-9
-7
-11
-10
-8
-8
-11
-7
-4
-2
-5
-11
-9
-11
-8
-12
-15
-12
-21
-23
-17
-14
-14
-15
-15
-12
-12
-12
-13
-13
-14
-17
-13
-12
-10
-9
-8
-10
-8
-5
-2
-2
-11
-3
-3
-1
-1
-3
0
3
0
-2
-3
-10
-4
-5
-5
-4
-1
-3
-7
-11
-6
-8
-14
-11
-13
-12
-14
-13
-11
-11
-11
-13
-9
-6
-6
-3
-2
3
3
-2
1
-2
5
9
7
6
5
10
7
5
7
6
5
5
6
4
4
10
6
5
4
0
3
5
-1
-1
3
0
-2
2
7
3
1
3
6
6
7
3
-5
-7
-5
-1
-4
-4
-3
-3
7
6
5
6
4
8
3
4
4
4
3
-4
-1
-5
-7
-7
-8
-8
-10
-9
-9
-8
-3
-1
-4
1
1
2
6
6
6
1
7
10
7
9
12
17
13
16
11
12
18
17
24
20
22
23
20
18
16
14
12
13
13
5
2
2
1
-5
-4
-3
-6
-4
-4
-1
-5
-6
-6
-9
-10
-9
-7
-6
-5
2
-2
-1
-2
-3
-2
-3
-1
-4
-2
-6
-9
-7
-11
-13
-8
-10
-11
-6
-5
-4
1
3
2
2
-1
-4
-4
-3
-6
-1
3
-3
3
6
6
5
3
4
1
2
-6
-6
4
1
-2
0
-3
-3
-2
1
4
-1
2
3
4
8
5
6
2
3
-1
-2
-5
-8
-5
-4
-8
-16
-11
-12
-19
-12
-17
-15
-19
-21
-20
-21
-23
-17
-12
-10
-9
-11
-10
-10
-3
-1
-2
-4
1
2
0
-3
-3
-3
-3
-5
-3
1
2
7
0
1
5
3
5
2
-3
-3
0
-2
-1
-2
-2
1
3
-1
-1
-3
-3
0
-4
-4
-10
-8
-7
-3
-1
-1
-4
-5
4
5
