-4
-2
-4
-9
-8
-6
-6
-4
-3
4
5
8
9
4
7
7
7
3
7
6
10
12
8
13
4
6
13
9
6
2
-1
-4
-9
-4
1
0
-7
-11
-6
-3
-4
-6
-2
-5
-8
-4
-6
-10
-10
-9
-8
-6
-3
-7
-9
-10
-16
-5
1
-3
0
3
-1
0
6
14
17
12
11
12
18
24
14
11
8
11
16
8
4
2
2
0
3
8
4
9
11
6
8
5
3
3
4
8
8
5
14
18
4
8
11
7
9
8
10
13
10
9
4
4
8
11
19
21
16
16
13
12
6
7
12
5
5
0
-2
-5
-12
-13
-10
-10
-10
-9
-8
-4
-7
-2
-2
0
2
-7
-3
-8
-13
-11
-12
-8
-8
-6
-6
-10
-14
-8
-7
-5
-1
-5
-1
1
9
9
8
6
4
8
4
8
9
8
6
1
11
7
2
11
2
3
3
-4
-5
-4
1
1
0
-4
-6
-5
-15
-14
-18
-19
-17
-10
-10
-13
-5
-3
-4
-8
-6
-10
-15
-13
-9
-5
-11
-8
-9
-15
-16
-15
-16
-10
-5
-13
-11
-6
-4
-9
-4
0
4
4
0
3
4
9
10
12
12
5
0
-5
-1
9
7
6
2
-4
-3
-3
-5
-2
-6
-2
-3
-8
1
-1
-7
-13
-7
1
-4
-5
1
-4
-8
-6
-6
-5
-4
-5
2
1
-1
2
-8
2
7
9
7
9
14
8
13
8
13
13
3
4
3
4
-8
-6
-2
-6
-11
-7
-10
-17
-13
-9
-9
-9
-7
-4
1
1
1
-4
1
1
3
7
7
3
9
12
11
19
10
10
9
10
12
8
13
4
-4
-8
-8
-4
-5
-3
0
0
0
4
6
0
2
-1
-1
5
5
8
2
10
9
11
11
9
6
0
2
-11
-3
3
-5
-2
-5
-3
13
8
15
13
-4
5
7
7
-2
-5
2
-4
7
-16
-21
-1
0
-12
3
-7
-24
3
4
-7
-4
2
-15
-20
1
-10
-10
18
-18
-41
2
10
-5
19
8
-5
1
1
34
32
-2
-2
-41
-13
27
13
-12
-4
9
-2
10
4
-7
21
31
15
-23
-16
39
7
-13
-14
22
48
26
4
-35
5
16
22
29
-19
-1
0
-20
31
10
28
41
11
16
-2
-10
-23
-42
-10
-5
-50
-47
-43
36
11
-31
3
42
51
51
-46
-47
-10
15
24
-52
-51
-47
14
23
-10
-82
40
31
-3
16
-73
-59
68
-1
6
14
-69
-15
-5
76
20
2
-20
-32
-41
24
76
20
-16
-55
-49
114
55
17
48
-65
24
68
-16
-86
-10
78
49
28
-72
-175
78
192
42
-96
-3
15
61
146
-32
-216
13
145
63
25
-117
-145
8
155
3
-61
-51
7
-15
78
0
-32
20
59
40
-36
-55
-72
-1
-11
38
-78
-15
-33
-79
46
87
-25
51
-42
-54
87
-4
49
-49
-29
-70
53
91
-21
-48
-13
-16
44
70
-26
-66
-29
30
-42
113
0
-43
59
20
5
30
52
-21
-31
-95
-10
-39
-92
-10
10
-18
55
-49
-87
82
95
81
-24
-36
-88
-18
45
-12
0
19
13
-48
-97
-17
176
106
-35
-97
-51
60
91
42
-113
-69
116
80
-19
-70
-123
6
189
87
-75
-158
-59
74
105
38
-36
-147
31
175
-17
-85
-132
-28
81
77
-91
-175
-4
139
-8
-15
-65
-77
103
74
-49
-95
2
50
92
-29
48
-33
-34
36
-63
-40
66
-46
-103
-12
65
35
8
-32
-124
54
166
6
-95
-100
-65
127
99
-72
-204
-65
9
131
209
-130
-271
57
134
171
201
-232
-228
100
89
1
9
-90
-44
71
160
-41
-160
-3
51
142
148
-141
-243
-6
28
125
109
-20
-64
1
88
72
2
37
68
-72
-9
-102
-111
98
71
12
76
-45
41
67
83
96
-103
-107
-90
53
-23
-33
20
-67
-29
-23
9
72
94
3
-73
-91
-12
44
84
101
-93
-155
-95
33
236
9
-127
-60
-106
83
190
79
-101
5
103
11
-41
-25
-65
6
199
-199
-274
97
113
181
117
-1
-17
-9
133
-38
-135
-77
-149
-107
67
69
-133
97
285
85
112
26
-199
-64
82
-14
-170
-95
-103
-48
221
175
-25
115
99
-84
91
-15
-107
-43
-26
-70
49
-52
-226
32
68
63
89
21
11
-61
-25
92
-85
14
-23
-95
8
-45
-92
-42
86
90
16
-69
23
-63
-67
160
150
-4
-33
-101
-51
-52
11
-15
-239
-49
57
74
226
176
-1
64
92
-58
-69
-40
-192
-234
-98
-41
186
141
-9
188
138
164
67
-73
-135
-152
-57
0
-76
-116
52
73
83
40
-22
128
247
-8
-118
-100
-78
-27
-33
-16
-119
-125
74
123
149
110
-7
140
189
46
-277
-177
-46
-139
132
81
-151
-150
3
78
123
96
-154
-262
-170
-105
-4
110
107
-235
-317
-54
45
248
22
-194
-106
-68
66
160
-28
-136
77
23
50
-4
-71
35
156
170
-49
138
120
-70
35
86
-25
-73
20
-51
20
193
-75
34
181
-158
-230
51
127
27
198
22
-80
68
58
58
133
195
14
-44
74
-58
97
189
-29
155
122
-153
-50
-138
-237
72
96
-74
-111
-71
-81
-91
1
-30
-99
-81
128
104
3
6
-55
-103
50
28
-20
-162
-270
-16
-47
-75
-90
56
-18
-131
-164
-71
-125
-90
-2
18
218
248
114
-155
-120
-138
-90
132
177
-8
110
-7
-90
149
182
294
324
151
-55
8
-117
-19
109
-2
-10
-92
-96
33
33
-50
41
57
1
-26
-91
-125
-47
93
182
-8
58
366
157
89
76
-50
86
86
63
7
-35
-1
-20
73
175
3
-246
-215
-241
-147
73
20
-322
-284
-96
-90
57
-99
-168
-125
150
71
26
45
2
124
-49
-87
-306
-215
-4
214
152
-233
-9
30
-72
175
119
-84
-143
-280
-134
28
275
239
-31
-142
3
254
29
5
15
55
-56
14
49
-103
245
330
3
133
55
-68
38
93
-33
13
243
-171
-236
-80
-28
-46
83
-47
-140
23
-3
32
93
107
20
12
10
228
171
18
45
54
-120
-16
69
-136
-95
-195
-62
46
-125
-98
-182
-236
-314
-97
-56
-260
-134
-214
-158
50
245
59
-45
-13
33
-16
86
172
-125
-192
-138
61
130
154
92
-119
-82
112
99
89
206
169
36
7
-99
-100
95
93
124
78
71
-99
61
162
146
242
26
-115
71
103
-10
207
56
-15
170
166
-87
-39
126
45
130
-28
-140
40
49
-30
-81
22
61
-52
135
133
-139
-196
-383
-58
5
-89
131
-244
-285
9
273
52
-48
-53
-115
-44
47
-150
-330
9
-215
-229
-45
-12
-209
-303
-164
-181
-127
16
149
52
-24
233
230
115
-74
-160
25
99
-64
-38
13
5
49
-106
8
117
110
65
267
185
66
189
112
5
73
127
116
49
106
85
104
101
-39
-5
168
188
73
254
137
93
187
-32
-114
41
-52
0
16
-76
14
170
314
-30
-101
-133
11
109
70
-97
-171
24
-250
-76
-193
-162
-105
-42
140
-95
-62
-75
-9
-23
-284
-249
-66
-144
-141
-66
-155
-233
-70
84
12
100
15
-149
-151
-113
-101
-54
43
-192
-262
-145
-51
36
108
90
119
63
66
23
-136
71
-37
179
360
154
9
-179
-196
-60
241
208
198
-28
-50
119
-28
-50
112
95
349
419
191
25
-75
117
26
11
109
144
79
-13
-104
-86
-84
-35
35
123
90
112
166
-66
-126
-111
-3
69
-27
-77
-85
1
-30
56
150
-60
-176
-172
-84
-127
-63
-49
-176
-179
-71
51
70
-46
-62
-83
50
-58
-194
129
-39
-238
-283
-217
-152
127
244
63
81
120
-78
-46
4
-126
-122
-89
-56
-197
-1
-209
-166
194
54
58
66
297
319
188
229
-124
-325
-43
42
9
134
-69
-200
215
269
84
51
-14
-58
185
149
-12
-232
10
213
-8
91
77
47
220
239
-78
-25
-113
-74
119
69
-214
-192
-41
212
76
-48
127
77
-62
-149
-179
-160
131
2
16
-13
-114
-154
22
195
206
-86
-84
28
11
309
-22
-327
-252
27
162
80
-197
-331
-62
159
143
-43
-27
43
164
105
-75
-86
14
-197
34
269
-113
-20
-49
-26
206
161
1
68
83
-191
-130
67
43
-189
-94
-2
-79
14
205
184
159
-177
-133
121
138
-47
-74
-4
-29
-52
-16
86
-47
138
51
45
32
-17
-301
-95
107
-50
-131
-116
24
-116
54
214
221
12
39
23
-55
-1
-14
-42
-166
15
81
86
28
-14
-30
120
189
55
-91
-253
-127
106
-86
-210
50
-251
-178
220
142
117
339
-16
-199
66
0
-27
91
-56
-154
-87
-129
43
66
-3
132
284
154
-92
-343
-188
-68
146
147
-54
-119
-136
-14
252
329
132
44
-14
-200
-160
-2
-134
19
-74
25
49
33
139
17
110
12
-89
-79
-270
-336
-102
-62
102
15
-14
63
263
292
-65
-55
-62
50
-124
39
-68
-206
94
-20
24
15
-37
130
173
76
199
-143
-308
83
34
174
159
26
-11
44
128
-65
-178
-201
23
-219
-190
-162
-224
55
188
-40
67
81
-47
148
54
-186
-100
80
-67
-127
-56
-1
302
249
223
263
92
175
33
-32
-92
-66
-28
63
36
-47
-41
-131
-261
-42
101
-247
-96
-117
-94
45
70
-62
16
215
187
329
-13
-209
-226
9
72
-18
-111
-174
-3
26
55
174
294
100
118
233
-232
31
264
-226
-120
-148
-223
23
58
-97
-80
80
54
91
-34
-102
-160
48
257
-87
-1
-56
-144
236
291
-31
22
65
-84
-186
-152
-315
-353
58
67
-59
-100
-86
71
478
377
192
182
-127
66
187
29
-120
63
83
-10
86
72
-9
-37
117
-89
-179
-39
-179
-176
-68
-49
-45
-107
-296
-42
172
-95
-186
-105
-126
-132
114
-129
83
412
4
72
89
273
221
-42
134
116
18
107
141
-194
-97
172
242
270
-60
-101
58
-64
-46
-220
-320
-252
-361
-381
-164
-359
-153
97
7
137
-49
-25
90
405
241
-109
195
160
-94
313
226
149
165
97
135
-44
-118
-241
90
216
-42
-270
-159
78
83
-107
-60
-189
-82
132
-275
-123
-197
-163
14
-89
59
91
186
187
84
91
-26
148
45
-211
-113
-219
-117
-90
105
52
-125
195
300
121
-3
178
125
11
44
-112
-357
-156
-5
-91
23
108
101
-18
-32
-242
44
378
111
30
-8
-61
-177
-80
37
116
98
221
-32
-305
-76
-341
-322
-53
-173
-113
8
-50
-17
80
200
230
86
188
97
120
228
115
-19
115
278
85
312
194
78
-26
-221
-284
-140
-109
-95
-306
-528
-327
166
223
-29
-194
-528
-27
213
428
384
-311
-300
130
252
411
309
-143
-193
-53
-36
91
279
-94
-99
-94
-57
121
-69
111
74
362
375
165
60
-124
-145
-221
-87
-165
-336
-301
-321
-113
-160
-88
37
-91
16
316
259
138
284
93
113
161
-49
-8
20
-62
-121
-137
-116
-55
121
119
108
48
-76
-136
-74
-107
18
106
239
-182
-202
74
93
274
203
186
50
219
62
186
20
-262
-143
-216
-142
-242
-254
-148
-36
-7
44
-34
-163
-24
150
-131
-29
-55
-169
210
216
271
365
49
18
157
-25
-42
-206
-268
19
33
-91
43
-70
51
225
238
209
65
-7
-232
45
16
-171
-148
-319
-312
-324
-187
-364
-57
338
42
54
218
-35
-109
251
65
-15
174
166
161
290
300
-25
-213
1
133
121
242
-241
-288
18
-104
-52
74
-4
50
170
-136
-362
-172
-151
-52
49
-141
-41
-194
-378
-82
67
225
344
54
392
451
72
10
-148
-105
182
-153
-249
53
29
-170
-50
-96
-338
217
292
35
-15
80
144
202
248
260
-116
69
-28
29
148
-275
-352
-429
-2
-21
-81
-351
-180
146
190
-88
-125
-65
257
137
50
94
-348
96
-152
132
167
7
-49
165
170
170
202
-122
-68
-80
9
40
237
-137
167
116
-100
-201
64
-45
100
354
79
379
28
25
50
-79
-1052
-1078
-272
-86
65
-182
-675
-375
438
893
400
355
362
246
475
147
-40
-420
-42
117
-215
66
60
84
488
201
124
-34
-241
-52
92
-39
-264
-254
-306
-331
-222
-118
-63
151
99
-56
-53
199
327
-14
-58
-184
-202
-40
3
-75
-117
113
48
170
148
89
145
261
152
-17
57
-35
28
-4
-27
-61
68
62
-120
-64
-322
-236
-95
8
61
-12
-98
7
30
9
231
8
-137
-51
-92
49
-37
-299
-59
23
146
241
112
23
110
123
303
47
-269
34
-58
14
210
-13
-153
24
-121
-91
-16
-41
135
121
152
25
47
29
59
-128
-121
190
29
37
-98
-260
-229
-168
-223
-113
-32
-74
-29
-64
-122
191
230
146
33
-123
49
-98
-108
-15
-27
-15
270
111
173
221
204
312
116
132
-36
-218
-358
-192
-47
-18
-76
-241
-363
-123
204
264
72
-68
-211
-121
227
-10
-107
-149
-119
34
193
233
98
229
196
-13
59
-137
-173
45
96
68
74
159
-42
69
118
-66
-170
31
-73
-177
-39
-173
-297
-285
-140
-127
-149
129
247
137
216
154
61
-52
113
120
10
99
13
-95
-6
-65
-204
-229
-219
-101
148
194
-7
-21
-26
-7
241
235
58
-61
-203
-68
118
182
155
42
7
168
129
130
110
-110
-118
-49
21
-43
-65
-15
16
-22
90
74
-164
-75
40
-27
24
-53
-315
-84
-26
-208
-191
-131
-233
-155
-14
-32
5
-88
-77
118
297
353
278
266
327
134
180
276
134
-7
33
86
-12
-513
-823
-643
-575
-368
-86
-244
-400
23
187
293
587
649
597
714
693
489
243
-65
-179
-205
-122
-213
-129
1
-348
-547
-281
-311
-443
-204
-67
-41
74
157
69
148
158
32
65
247
175
52
125
63
-67
-77
-66
10
34
-78
-185
-216
-154
-154
-138
-112
-120
-152
44
299
387
336
166
-8
-43
-70
-63
-58
-125
-37
-28
-193
-207
-52
86
168
155
276
331
84
1
40
32
-28
-98
-7
96
38
-39
-22
-9
-121
-185
-69
64
29
-215
-296
-188
-195
-243
-148
63
76
-27
62
268
347
217
151
212
243
16
-162
-82
-20
-110
-175
-114
-107
-133
-59
77
91
23
31
161
179
58
-33
-26
48
99
106
49
56
195
305
172
36
184
262
92
-19
66
5
-147
-75
41
51
11
-16
77
116
-2
-67
-70
-53
-127
-194
-124
-78
-137
-226
-190
-54
53
40
9
8
-49
-37
11
-9
-74
-157
-206
-118
-45
-105
-181
-231
-185
-95
-92
-168
-208
-176
-83
-65
-63
-55
-145
-170
-55
87
100
46
-12
-19
40
105
160
114
49
58
106
129
113
86
-35
-190
-109
90
92
-31
-107
-96
-20
104
92
-9
-13
-9
16
84
95
-20
-32
76
83
63
125
81
-50
28
157
40
-148
-109
27
42
13
40
32
-34
-88
-46
78
61
-137
-231
-80
16
-42
-12
39
-9
-62
34
140
41
-167
-280
-239
-162
-163
-228
-274
-264
-160
27
120
88
76
109
97
129
219
223
137
66
68
180
313
242
79
122
268
248
197
218
163
115
204
328
383
401
305
195
357
591
509
234
112
83
76
123
105
-10
-104
-114
-34
156
261
132
21
93
173
119
53
27
-34
-156
-237
-177
-67
-112
-288
-302
-162
-146
-264
-338
-314
-302
-386
-491
-456
-342
-359
-448
-370
-217
-242
-356
-365
-301
-301
-403
-523
-531
-428
-374
-396
-304
-106
-30
-37
51
137
112
57
27
6
-66
-180
-229
-88
101
120
112
237
371
390
422
504
490
324
153
137
250
265
136
73
173
267
309
364
329
209
172
219
241
212
152
103
133
234
346
429
390
240
221
362
370
166
0
-45
-34
-66
-167
-211
-156
-164
-225
-211
-190
-292
-411
-410
-362
-388
-484
-580
-624
-576
-572
-699
-806
-824
-833
-813
-742
-767
-841
-787
-709
-686
-605
-533
-587
-542
-352
-260
-227
-111
-28
21
125
178
205
286
355
385
483
549
472
433
525
669
804
900
964
1050
1167
1252
1304
1305
1239
1143
1048
1015
1075
1168
1182
1156
1243
1438
1564
1546
1498
1454
1245
922
782
749
557
291
180
183
118
-48
-191
-238
-362
-639
-745
-644
-799
-1195
-1412
-1373
-1320
-1377
-1559
-1707
-1648
-1613
-1785
-1880
-1774
-1855
-2081
-2068
-1901
-1840
-1930
-2004
-1881
-1566
-1365
-1418
-1393
-1222
-1121
-1087
-930
-693
-573
-559
-490
-314
-159
-132
-119
19
210
352
495
743
1097
1474
1774
2001
2260
2476
2468
2349
2394
2466
2343
2159
2112
2145
2144
2076
2058
2284
2595
2688
2662
2748
2805
2726
2689
2794
2912
2929
2854
2789
2748
2608
2362
2022
1485
666
-442
-1720
-2862
-3778
-4677
-5556
-6202
-6555
-6628
-6378
-5947
-5432
-4825
-4315
-3951
-3484
-3025
-2875
-2902
-2911
-2916
-2828
-2608
-2397
-2131
-1778
-1436
-1050
-627
-395
-302
-134
23
136
330
508
611
839
1130
1336
1642
2027
2215
2269
2438
2647
2765
2830
2790
2642
2556
2585
2648
2773
2941
3032
3263
3825
4419
4788
5060
5261
5328
5489
5770
5850
5795
5763
5606
5455
5091
3674
1491
-266
-1810
-3708
-5288
-6597
-8126
-8825
-8268
-7707
-7159
-5991
-4927
-4000
-2596
-1524
-1266
-1058
-1059
-1502
-1628
-1677
-2202
-2462
-2434
-2862
-3171
-3115
-3485
-3853
-3724
-3846
-4028
-3548
-2970
-2478
-1461
-499
-75
457
949
927
866
809
355
26
135
182
218
524
753
885
1259
1640
1805
1930
2061
2247
2691
3180
3439
3742
4204
4661
5213
5840
6172
6376
6823
7117
7022
6843
6452
5873
5639
5597
5501
5409
4413
2283
591
-525
-2161
-3704
-4911
-6746
-8062
-7756
-7407
-7294
-6354
-5467
-4864
-3340
-1839
-1470
-1263
-1291
-2065
-2376
-2259
-2854
-3268
-2924
-2942
-2871
-2014
-1778
-2333
-2343
-2365
-2943
-2893
-2452
-2605
-2299
-1175
-552
-163
592
709
295
328
87
-754
-1198
-1549
-2168
-2145
-1731
-1725
-1444
-722
-283
368
1513
2297
2814
3574
4070
4366
4950
5199
5012
5126
5343
5340
5582
5943
6038
6157
6310
6190
5928
5725
5545
5485
5638
5995
5806
4082
1807
371
-1099
-2999
-4228
-5582
-7632
-8349
-7683
-7529
-7201
-6074
-5412
-4556
-2722
-1555
-1369
-1124
-1388
-2006
-1889
-1889
-2484
-2548
-2262
-2106
-1425
-843
-1261
-1673
-1722
-2152
-2483
-2499
-2951
-3210
-2412
-1491
-941
-296
-24
-310
-293
-198
-744
-1348
-1729
-2237
-2384
-2036
-1987
-2053
-1653
-1162
-595
370
1279
1979
2854
3616
4060
4546
4914
4964
5100
5264
5236
5373
5679
5845
6132
6536
6603
6541
6533
6227
5924
6039
6211
6389
6105
4220
1706
336
-970
-3061
-4515
-5760
-7722
-8375
-7379
-7007
-6753
-5535
-4685
-3900
-2092
-989
-1216
-1268
-1489
-2163
-2175
-2197
-2915
-3032
-2595
-2416
-1820
-1181
-1577
-1995
-1847
-2105
-2488
-2586
-3060
-3296
-2528
-1853
-1638
-1112
-740
-816
-557
-294
-784
-1342
-1570
-1939
-2119
-1986
-2170
-2376
-2037
-1506
-877
143
1124
1967
3107
4108
4626
5092
5501
5555
5665
5890
5627
5172
5170
5315
5355
5608
5887
5937
6065
6204
6194
6333
6574
6897
7319
6440
3793
1687
571
-1323
-3277
-4548
-6662
-8546
-8179
-7446
-7461
-6714
-5828
-5369
-3790
-1954
-1661
-1801
-1828
-2508
-2794
-2496
-3006
-3521
-3108
-2842
-2524
-1554
-1325
-1824
-1673
-1671
-2386
-2586
-2625
-3129
-2785
-1765
-1532
-1382
-670
-451
-473
-115
-348
-1085
-1270
-1377
-1726
-1675
-1617
-1873
-1651
-1067
-720
-107
873
1660
2663
4024
4815
5066
5424
5594
5511
5590
5409
4728
4313
4319
4354
4605
5023
5153
5215
5545
5868
6030
6092
6146
6573
7207
6538
4065
1653
198
-1494
-3448
-5029
-7075
-9057
-9143
-8271
-7944
-7193
-6011
-5279
-3825
-1695
-885
-1096
-1214
-1762
-2272
-2131
-2487
-3207
-3119
-2786
-2499
-1731
-1391
-1845
-2015
-1993
-2144
-2064
-2312
-3034
-2883
-1957
-1356
-879
-489
-570
-450
10
68
-149
-415
-882
-1002
-622
-524
-772
-958
-1071
-839
-100
620
1247
2193
3326
4340
5147
5538
5454
5297
5229
4966
4503
4105
3843
3871
4315
4687
4688
4762
5093
5427
5724
5911
5771
5631
6049
6381
5047
2246
-146
-1912
-3795
-5203
-6463
-8496
-9611
-8835
-7951
-7085
-5639
-4936
-4334
-2280
-645
-533
-517
-903
-1869
-1912
-1817
-2725
-3202
-3033
-3145
-2709
-1893
-2067
-2414
-2098
-2010
-1962
-1608
-1803
-2114
-1513
-762
-525
-264
-63
-94
36
81
-298
-681
-945
-1141
-911
-589
-833
-1225
-1171
-897
-453
295
950
1443
2331
3499
4361
4787
4822
4599
4464
4450
4299
3957
3493
3195
3369
3652
3637
3654
3877
4199
4742
5288
5550
5737
6008
6512
7062
6111
3285
888
-505
-2417
-4264
-5536
-7544
-9108
-8442
-7402
-6958
-5766
-4565
-3738
-1856
-63
66
-238
-621
-1564
-1944
-2043
-3117
-3861
-3513
-3363
-3115
-2302
-2191
-2533
-2104
-1668
-1637
-1336
-1332
-1677
-1178
-307
-184
-180
-100
-464
-561
-286
-559
-991
-943
-921
-840
-436
-435
-776
-671
-343
-62
437
846
1083
1764
2695
3286
3723
4004
3905
3885
4089
4018
3725
3398
2920
2704
2971
3095
3022
3194
3583
4214
5043
5533
5759
6146
6562
7202
7502
5687
2467
385
-1060
-3155
-4863
-6377
-8435
-9072
-7780
-6820
-6150
-4909
-4042
-2989
-1047
-36
-467
-985
-1679
-2454
-2552
-2980
-3988
-4207
-3942
-3809
-3053
-2265
-2351
-2174
-1410
-1111
-910
-463
-453
-373
340
689
470
332
-135
-787
-850
-981
-1495
-1438
-1120
-1150
-806
-231
-170
-77
295
418
545
695
490
453
828
1129
1532
2220
2576
2800
3345
3611
3456
3338
3014
2439
2156
2025
1815
1991
2635
3292
3945
4764
5646
6341
6884
7463
7957
8178
7622
5614
2974
1043
-862
-3238
-4895
-6184
-7846
-8252
-7255
-6705
-6079
-4701
-3763
-2903
-1484
-882
-1329
-1652
-2039
-2684
-3081
-3640
-4344
-4391
-4102
-3788
-3037
-2418
-2270
-1704
-807
-430
-196
21
-467
-847
-244
328
363
556
722
516
560
743
430
48
-50
-159
-226
-244
-655
-1203
-1353
-1361
-1304
-991
-673
-204
755
1782
2393
2767
2979
2961
2980
2955
2591
2176
2083
2268
2537
2930
3393
3744
4257
5037
5662
6029
6465
6941
7454
8258
8593
7033
4270
2142
383
-1738
-3449
-4975
-7055
-8188
-7550
-6852
-6391
-5339
-4530
-3888
-2435
-1300
-1481
-2042
-2608
-3330
-3734
-4090
-4892
-5200
-4747
-4238
-3381
-2182
-1518
-1060
-125
521
676
1048
934
85
-88
283
265
339
620
385
70
59
-198
-403
-313
-514
-739
-692
-977
-1533
-1791
-2105
-2440
-2097
-1391
-645
547
1941
2852
3389
3688
3590
3420
3238
2645
1999
1754
1739
1954
2587
3172
3475
3995
4819
5605
6273
6700
6949
7423
8163
8939
8790
6449
3172
1136
-531
-2736
-4349
-5969
-8176
-8627
-7396
-6883
-6356
-5229
-4725
-3714
-1746
-1053
-1595
-1916
-2611
-3386
-3350
-3938
-4990
-4794
-4157
-3625
-2379
-1363
-1207
-540
475
685
776
667
-149
-479
-166
-207
-284
-129
-216
-159
62
-278
-710
-690
-729
-684
-482
-834
-1494
-1765
-1974
-2183
-1948
-1564
-1088
21
1465
2542
3211
3560
3566
3577
3628
3335
2780
2397
2346
2494
2879
3380
3689
3976
4595
5327
5886
6363
6889
7475
8183
9049
9503
8048
4795
2077
193
-2266
-4498
-5918
-7891
-9326
-8612
-7664
-7223
-5960
-4781
-3980
-2249
-791
-936
-1329
-1825
-2941
-3445
-3726
-4734
-5044
-4387
-3930
-3131
-1899
-1457
-1117
-86
391
390
617
313
-159
31
-54
-512
-478
-521
-786
-633
-782
-1394
-1376
-1043
-1009
-700
-511
-1009
-1298
-1273
-1553
-1665
-1376
-1110
-426
904
2018
2778
3520
3807
3876
4087
3945
3417
2990
2693
2494
2748
3160
3234
3478
4194
4952
5673
6419
6851
7142
7884
8848
9674
9391
6634
3070
947
-1072
-3659
-5349
-7150
-9568
-9735
-8124
-7439
-6558
-4946
-4091
-2707
-399
172
-651
-1143
-2167
-3158
-3177
-3931
-5062
-4789
-4169
-3827
-2762
-1997
-2057
-1389
-492
-327
35
400
185
289
499
-106
-604
-579
-840
-944
-871
-1492
-1932
-1425
-1014
-838
-422
-492
-915
-841
-921
-1461
-1712
-1679
-1448
-519
776
1759
2670
3447
3893
4313
4490
4139
3624
3102
2564
2374
2483
2499
2710
3390
4235
5132
6039
6698
7131
7642
8283
8985
9643
8775
5466
2209
453
-1682
-4068
-5403
-7321
-9470
-8983
-7384
-6905
-5845
-4306
-3588
-2075
-41
107
-691
-1233
-2341
-3014
-3020
-4088
-5088
-4711
-4432
-4150
-2953
-2369
-2403
-1417
-389
-126
429
861
586
751
1220
630
-395
-858
-1229
-1451
-1327
-1593
-2080
-1905
-1455
-1161
-711
-588
-981
-1070
-987
-1237
-1436
-1438
-1351
-758
410
1483
2331
3137
3734
4193
4499
4314
3729
3124
2564
2231
2339
2532
2790
3541
4627
5706
6668
7391
7869
8362
8991
9727
10175
8706
5155
2031
-62
-2543
-4724
-6190
-8311
-9740
-8747
-7478
-6778
-5284
-4007
-3249
-1586
-123
-238
-827
-1536
-2560
-3019
-3503
-4701
-5289
-5094
-4924
-4270
-3264
-2892
-2437
-1311
-474
63
676
881
901
1465
2004
1413
116
-796
-1278
-1575
-1726
-2062
-2569
-2523
-1852
-1175
-623
-404
-608
-619
-476
-665
-1089
-1520
-1759
-1328
-253
798
1749
2718
3515
4191
4671
4577
3938
3261
2697
2340
2446
2635
2799
3434
4516
5681
6764
7562
7937
8392
9254
10010
10449
9551
6257
2661
606
-1461
-4036
-5716
-7503
-9655
-9484
-7894
-7421
-6513
-4810
-3987
-2783
-694
-78
-821
-1231
-1957
-2953
-3420
-4340
-5474
-5460
-5032
-4658
-3648
-2896
-2653
-1576
-287
166
692
1264
1215
1626
2574
2272
921
1
-690
-1341
-1573
-1995
-2732
-2837
-2341
-1830
-1244
-964
-1190
-1165
-942
-1070
-1297
-1528
-1818
-1570
-685
226
1111
2012
2752
3437
4027
4215
3970
3604
3203
2808
2755
2886
3000
3499
4406
5388
6347
7350
8122
8726
9649
10553
11167
10709
7691
3649
1050
-1169
-3816
-5511
-7257
-9814
-10133
-8431
-7746
-6722
-4907
-4373
-3330
-890
-9
-681
-1105
-2169
-3395
-3444
-4174
-5556
-5482
-5011
-4726
-3404
-2337
-2267
-1310
116
565
1118
1835
1608
1762
2870
2852
1379
33
-997
-1930
-2244
-2406
-3091
-3476
-2960
-2203
-1513
-985
-1086
-1442
-1306
-1099
-1282
-1632
-2040
-2147
-1451
-262
704
1450
2285
3174
4066
4730
4671
4133
3674
3290
3183
3360
3419
3659
4533
5737
6957
8149
8929
9335
10121
11124
11710
10897
7417
2981
127
-1969
-4286
-6061
-7927
-10175
-10380
-8698
-7687
-6780
-5503
-4821
-3478
-1291
-410
-1007
-1854
-2786
-3392
-3519
-4304
-5271
-5254
-4863
-4182
-2938
-2276
-2125
-1261
-142
530
1292
1862
1854
2343
3205
3026
1940
723
-466
-1279
-1811
-2665
-3496
-3651
-3367
-2765
-1953
-1675
-1809
-1666
-1372
-1252
-1233
-1427
-1710
-1439
-657
212
1090
1783
2370
3290
4183
4542
4502
4294
3953
3632
3572
3545
3500
3823
4552
5545
6734
7874
8705
9402
10276
11106
11657
10804
7201
2999
471
-1817
-4413
-6083
-8035
-10501
-10609
-9116
-8538
-7428
-5666
-4949
-3461
-1005
-326
-964
-1410
-2372
-3230
-3352
-4213
-5193
-4981
-4649
-4200
-2973
-2295
-2187
-1300
-240
334
1127
1730
1752
2202
2770
2548
1828
747
-491
-1248
-1882
-2773
-3205
-3160
-3026
-2503
-1929
-1964
-1972
-1708
-1606
-1464
-1324
-1432
-1444
-1089
-556
225
1131
1740
2289
3136
3773
4085
4193
3951
3642
3519
3430
3334
3445
3675
4107
5252
6777
7943
8870
9620
10132
10918
12057
11603
7944
3490
603
-1813
-4183
-5716
-7850
-10672
-11060
-9543
-8678
-7375
-5718
-5209
-3807
-1159
-107
-582
-1178
-2355
-3138
-2987
-3812
-4902
-4774
-4618
-4248
-2824
-2107
-2239
-1401
-255
267
1235
2127
2059
2484
3501
3710
3173
1985
-138
-2009
-2984
-3861
-4432
-4363
-4347
-4141
-3229
-2487
-2093
-1520
-1014
-679
-200
55
-267
-676
-799
-552
140
947
1536
2384
3471
4273
4729
4846
4499
4005
3844
3733
3513
3645
3980
4493
5748
7325
8311
8895
9827
10871
11919
12315
9585
4490
912
-1144
-3635
-5465
-7018
-10071
-11754
-10310
-8969
-8012
-6289
-5581
-4755
-1994
11
-249
-889
-1894
-3055
-2959
-3226
-4518
-4785
-4428
-4271
-3104
-1912
-2071
-1857
-633
7
582
1677
1939
1992
2862
3398
2838
1701
245
-1172
-1999
-2693
-3393
-3633
-3673
-3504
-2860
-2391
-2324
-2137
-1752
-1413
-1041
-813
-953
-1039
-697
59
955
1629
2083
2705
3389
3862
4110
4095
3824
3585
3518
3515
3516
3610
3964
4636
5771
7102
8207
8922
9694
10729
11654
11935
9700
5120
1481
-543
-2799
-4770
-6239
-8988
-11105
-10234
-8969
-8326
-6793
-5803
-5063
-2511
-227
-220
-850
-1636
-2849
-2998
-3036
-4169
-4558
-4157
-4001
-3122
-2016
-2138
-2182
-1205
-518
141
1462
2107
2333
3463
4287
3652
2338
948
-598
-1784
-2480
-3445
-4285
-4395
-4214
-3830
-3226
-2835
-2649
-2027
-1126
-599
-341
-431
-835
-845
-308
233
589
961
1474
2203
2930
3288
3466
3655
3740
3843
3970
3829
3465
3595
4371
5507
6868
7959
8722
9598
10645
11424
12018
11162
7155
2853
690
-1518
-4130
-5481
-7492
-10507
-10735
-9185
-8832
-7742
-5975
-5505
-3940
-1155
-377
-880
-1156
-2227
-3011
-2688
-3484
-4348
-3788
-3643
-3436
-2051
-1534
-1919
-1146
-240
79
1262
2451
2554
3209
4388
4380
3282
1680
-166
-1750
-2745
-3498
-4166
-4624
-4921
-4673
-3990
-3485
-3120
-2675
-2044
-1257
-582
-384
-718
-1086
-1126
-782
-278
123
659
1505
2339
3010
3628
3971
3961
4039
4256
4268
4144
4058
4226
4898
6126
7524
8678
9549
10163
10840
11682
12289
10732
6359
2258
-73
-2183
-4145
-5500
-8210
-11330
-11405
-9904
-9149
-7897
-6677
-6210
-4264
-1381
-336
-815
-1453
-2443
-2799
-2496
-2998
-3379
-3181
-3091
-2390
-1147
-1109
-1585
-1022
-382
222
1604
2457
2500
3308
4206
3784
2469
803
-1003
-2190
-2750
-3373
-3980
-4550
-5008
-4680
-3924
-3569
-3286
-2665
-1964
-1174
-467
-525
-1109
-1385
-1195
-762
-185
378
994
1847
2760
3523
4028
4140
4077
4308
4743
4887
4724
4654
4917
5590
6817
8142
8966
9509
10243
11183
12081
12166
9283
4444
1287
-406
-2481
-4164
-5898
-9399
-11688
-10831
-9890
-9347
-7853
-6945
-5833
-2848
-595
-676
-1371
-2291
-3356
-3044
-2782
-3323
-3116
-2718
-2546
-1590
-849
-1527
-1759
-1018
-415
735
2252
2686
2871
3587
3732
2913
1421
-528
-2026
-2675
-3192
-3512
-3818
-4746
-5258
-4628
-4024
-3698
-2957
-2307
-1766
-878
-490
-997
-1658
-1856
-1478
-665
138
837
1662
2412
3237
4232
4651
4561
4714
4955
4970
4856
4647
4425
4889
6104
7441
8476
9161
9755
10627
11725
12592
11523
7246
2939
821
-946
-3010
-4546
-7306
-10851
-11408
-10299
-10025
-8925
-7500
-6906
-4594
-1481
-670
-1203
-1695
-2813
-3022
-2120
-2537
-2899
-2349
-2305
-1929
-808
-1080
-2011
-1610
-977
-278
1340
2281
2180
2781
3455
3130
2315
872
-1081
-2205
-2709
-3338
-3743
-4349
-5380
-5584
-4874
-4440
-3880
-2886
-2230
-1464
-546
-477
-1105
-1520
-1479
-1151
-455
269
910
1788
2694
3643
4560
4960
5144
5340
5338
5113
4935
4709
4675
5638
7053
8137
9048
9686
9947
10746
11930
12426
10546
6153
2223
173
-1553
-3581
-5319
-8384
-11552
-11561
-10323
-9934
-8773
-7590
-7031
-4755
-1857
-1258
-1931
-2233
-2930
-2853
-2065
-2290
-2575
-2258
-2096
-1666
-872
-1331
-2161
-1735
-978
-96
1414
2158
2003
2529
3068
2484
1637
535
-1155
-2225
-2611
-3163
-3794
-4373
-5045
-5091
-4377
-3821
-3256
-2517
-1963
-1330
-722
-774
-1351
-1635
-1471
-1060
-230
649
1395
2351
3414
4454
5203
5500
5477
5434
5533
5484
5435
5401
5577
6545
8029
9015
9539
10049
10422
10945
12082
12098
8388
3714
1116
-738
-2611
-3858
-6303
-10290
-11786
-10879
-10396
-9431
-8055
-7786
-6318
-3348
-1915
-2144
-2622
-3454
-3614
-2481
-2275
-2487
-2024
-2023
-1991
-1029
-966
-1957
-1762
-1008
-446
780
1708
1592
1877
2438
1971
1105
342
-747
-1415
-1663
-2441
-3298
-3934
-4597
-4699
-4092
-3748
-3554
-2962
-2435
-1904
-1351
-1482
-1957
-1800
-1222
-623
182
875
1315
2149
3230
4109
4885
5280
5323
5385
5509
5341
5025
4972
5214
6075
7434
8575
9367
9887
10134
10658
11668
12399
10344
5685
2004
112
-1338
-2718
-4641
-8470
-11873
-12130
-11100
-10147
-8770
-8055
-7408
-5061
-2679
-2122
-2724
-3469
-3833
-2851
-1692
-1516
-1458
-1607
-1961
-1527
-860
-1337
-1787
-1270
-498
576
1634
1679
1411
1824
2215
2056
1638
808
-497
-1631
-2511
-3322
-3983
-4625
-5034
-4923
-4417
-3915
-3502
-3007
-2296
-1541
-1094
-1003
-1117
-1184
-1073
-662
-3
726
1492
2447
3544
4589
5310
5701
5862
5782
5747
5624
5410
5498
6005
6812
7749
8580
9209
9644
10198
10987
12103
11758
7799
3347
1091
-525
-2140
-3472
-6514
-10815
-12378
-11594
-10928
-9681
-8496
-8267
-6692
-4096
-2888
-2988
-3439
-3993
-3391
-1921
-1511
-1387
-1174
-1630
-1650
-847
-919
-1537
-1153
-459
214
1175
1575
1306
1534
2160
2363
2088
1534
807
-309
-1728
-2823
-3475
-4183
-4646
-4597
-4564
-4478
-4064
-3543
-2806
-1825
-1258
-1121
-968
-921
-993
-833
-443
73
974
2038
3021
4037
4789
5107
5439
5722
5705
5710
5705
5563
5729
6424
7274
8071
8826
9206
9539
10306
11330
12155
10191
5401
1960
617
-944
-2407
-3997
-8073
-11907
-11854
-10868
-10612
-9295
-8463
-8313
-6146
-3578
-3349
-3795
-3709
-3667
-2539
-1056
-846
-917
-976
-1391
-1054
-277
-861
-1393
-590
44
514
1329
1231
691
1332
2044
1752
1246
676
-266
-1201
-1934
-2774
-3549
-4242
-4592
-4290
-3934
-4040
-3979
-3405
-2782
-2078
-1560
-1619
-1822
-1637
-1257
-685
119
837
1549
2511
3670
4625
5215
5504
5728
6027
6083
5935
5848
5901
6204
7056
8033
8627
9013
9410
9936
10711
11822
10846
6536
2512
716
-608
-1827
-3092
-6602
-10922
-12082
-11305
-10897
-9700
-8491
-8220
-6486
-3904
-3254
-3768
-3874
-3877
-2870
-1076
-492
-535
-537
-938
-911
-131
-299
-988
-458
284
636
1136
1116
590
939
1827
2120
1974
1520
760
-421
-1816
-2940
-3590
-4096
-4310
-4107
-4295
-4818
-4748
-4050
-3276
-2298
-1605
-1578
-1469
-1262
-1159
-933
-485
39
971
2070
3021
3995
4601
4803
5199
5872
6064
6034
6047
5916
6065
6741
7558
8258
8835
9015
9353
10087
11194
11515
8536
3940
1299
307
-675
-1619
-4147
-9097
-12195
-11711
-10961
-10208
-8871
-8890
-8452
-5873
-4099
-4413
-4585
-4385
-3855
-1845
-276
-286
-511
-836
-1036
-184
533
-148
-252
491
766
1074
1239
484
227
1229
1998
2005
1360
23
-1293
-1771
-2010
-2467
-3039
-3756
-3877
-3397
-3356
-3715
-3712
-3433
-2756
-1713
-1341
-1812
-2257
-2190
-1631
-635
266
967
1732
2716
3931
4837
5156
5213
5797
6523
6717
6535
6221
6199
6867
8159
8963
9088
9037
9259
9987
11113
11409
8200
3499
1003
56
-664
-1444
-4162
-8849
-11528
-11061
-10344
-9641
-8610
-8624
-7930
-5700
-4515
-4925
-5273
-4965
-3926
-1864
-556
-584
-734
-1102
-1023
-138
248
-267
-173
490
644
706
582
-104
7
1134
1971
2043
1606
536
-727
-1373
-2083
-3140
-3708
-3860
-3871
-3752
-4214
-5144
-5144
-4008
-2731
-1746
-1157
-1456
-1822
-1507
-1003
-553
-76
634
1565
2647
3604
4186
4656
5002
5546
6393
6867
6864
6686
6733
6909
7485
8338
8918
9067
9203
9788
10688
11710
10374
6025
2461
1040
366
69
-1419
-6019
-10745
-11784
-11166
-10650
-9318
-8856
-9259
-7712
-5714
-5563
-5987
-5551
-4827
-2983
-694
-109
-500
-939
-1109
-283
755
674
435
940
1087
873
843
111
-489
262
1333
1600
1474
356
-1622
-2629
-2579
-2583
-2587
-2674
-3236
-3572
-3703
-4112
-4095
-3421
-2620
-1802
-1034
-1301
-2201
-2515
-2156
-1289
-149
799
1474
2241
3017
3624
4351
5135
5767
6574
7122
6958
6467
6420
6867
7822
8766
9067
9067
9169
9633
10442
11296
9596
5133
2077
977
326
136
-1553
-6491
-10791
-11230
-10510
-9887
-8596
-8601
-9243
-7595
-5975
-6054
-6220
-5798
-5121
-2999
-770
-561
-877
-1152
-1305
-62
1326
1169
847
1316
1150
747
796
170
-223
774
1909
1984
1628
611
-837
-1551
-1622
-1964
-2631
-3206
-3620
-3869
-4310
-4965
-5194
-4665
-3446
-2070
-1353
-1554
-2067
-2222
-1651
-599
222
653
1228
1939
2568
3329
3993
4695
5479
6279
6841
7000
6821
6795
7154
7873
8763
9265
9334
9307
9837
10546
11420
10805
6768
2945
1765
1324
728
-377
-4465
-9911
-11750
-10967
-10707
-9785
-8841
-9606
-9177
-7550
-7232
-7496
-6575
-5354
-3650
-1239
-432
-811
-971
-1154
-362
1279
1857
1549
2039
2044
1041
766
502
-95
611
2038
2183
1493
414
-1293
-2405
-2367
-2341
-2502
-2687
-3277
-3869
-4251
-4839
-5001
-4008
-2775
-1960
-1352
-1648
-2538
-2830
-2325
-1515
-508
378
867
1373
1872
2449
3375
4657
5776
6673
7210
6997
6514
6465
6837
7502
8732
9531
9624
9669
9699
9849
10775
11342
8484
4482
2717
1931
1154
525
-2669
-8192
-11141
-10773
-10059
-9128
-8303
-9527
-10150
-8762
-7868
-7521
-6831
-6053
-4843
-2628
-1319
-1315
-1212
-1332
-576
1515
2611
2193
2133
2030
1212
1018
1140
509
582
1600
1888
1229
273
-982
-1845
-1788
-1777
-2447
-3285
-3933
-4194
-4213
-4594
-5212
-5113
-4054
-2829
-1798
-1536
-2152
-2652
-2244
-1196
-266
271
539
863
1513
2419
3383
4305
5222
6121
6863
7076
6919
6827
7306
8013
8701
9360
9621
9582
9659
10089
10667
11515
10491
6566
3269
2293
1671
924
-513
-4955
-10005
-11480
-10810
-10516
-9581
-9361
-10746
-10532
-9204
-8771
-8408
-7125
-5988
-4264
-2032
-1341
-1404
-1160
-784
634
2645
3174
2781
2887
2420
1515
1688
1674
1131
1663
2335
1651
603
-317
-1720
-2541
-2307
-2372
-2693
-2949
-3713
-4645
-4983
-5039
-4631
-3394
-2327
-2046
-1906
-2223
-2888
-2702
-1691
-787
-85
562
748
899
1617
2560
3682
4979
6046
6731
6902
6634
6369
6689
7549
8592
9618
9938
9636
9487
9715
10369
11613
11285
7512
3863
2674
2156
1501
414
-3867
-9360
-11092
-10224
-9839
-9170
-9154
-11113
-11401
-9695
-8885
-8535
-7448
-6651
-5294
-2933
-1958
-2022
-1657
-1173
271
2576
3444
2925
2849
2480
1717
2034
2459
1992
2194
2639
1926
688
-257
-1369
-2326
-2481
-2505
-2790
-3246
-3985
-4879
-5500
-5546
-4703
-3393
-2350
-2029
-2215
-2726
-3034
-2606
-1622
-572
209
606
805
945
1386
2311
3609
5069
6186
6740
6690
6334
6237
6715
7718
8687
9494
10063
10186
10027
9997
10251
11186
11717
9006
5120
3314
2559
1561
798
-2278
-7963
-10895
-10192
-9932
-9857
-9377
-11006
-12328
-10892
-9622
-9523
-8543
-7277
-6271
-4139
-2542
-2549
-2253
-1353
82
2417
3874
3456
3093
2965
2303
2330
2957
2453
2133
2703
2342
878
-429
-1614
-2442
-2182
-1944
-2558
-3490
-4539
-5200
-4996
-4684
-4367
-3605
-2872
-2676
-2468
-2438
-2835
-2616
-1596
-705
-95
220
219
377
1149
2358
3549
4606
5352
5900
6306
6380
6390
6653
7427
8441
9348
9830
9956
9829
9814
10369
11487
12197
9879
5870
3749
3248
2764
2098
-843
-6537
-10214
-9872
-9261
-9471
-9417
-10958
-12617
-11522
-10108
-10006
-9424
-8168
-7036
-4987
-3218
-3234
-3084
-1875
-172
2202
3880
3611
3167
3375
3160
3131
3696
3292
2844
3398
3121
1471
-14
-927
-1506
-1249
-1492
-3224
-4605
-5076
-5204
-4831
-4851
-5653
-5593
-4156
-2893
-2452
-2365
-2899
-3082
-1839
-519
-79
-30
38
361
1191
2177
2849
3635
4710
5721
6573
6643
6059
5927
6948
8220
9140
9759
9697
9312
9440
10276
11008
11917
11539
8102
4859
3905
3391
2663
1236
-3011
-8219
-10161
-9656
-9747
-9683
-10071
-12162
-12915
-11788
-11014
-10419
-8984
-7768
-6508
-4644
-3860
-3627
-2395
-749
1269
3375
4120
3794
3934
4003
3693
4167
4520
3931
3800
3680
2330
728
-76
-825
-1537
-1688
-2374
-3698
-4601
-5227
-5693
-5739
-5563
-5086
-4342
-3655
-3422
-3367
-3150
-2805
-1998
-914
-299
-151
-60
145
614
1562
2656
3622
4497
5183
5615
5904
5997
6173
6709
7570
8319
8926
9237
9164
9181
9470
10170
11214
12189
10375
6255
3994
3714
3453
2828
137
-5276
-9347
-9608
-9052
-9404
-9697
-11159
-13006
-12531
-11412
-11141
-10470
-8924
-7785
-6242
-4739
-4512
-3758
-1771
467
2741
4213
4076
3778
4321
4559
4757
5357
5182
4581
4477
3724
1925
568
17
-357
-476
-948
-2756
-4979
-6293
-6393
-5648
-5030
-5222
-5766
-6066
-5713
-4722
-3675
-3131
-2649
-1914
-1209
-940
-816
-400
358
1606
2905
3584
3716
4074
5040
6092
6766
6849
6669
6870
7775
8734
9174
9214
9206
9391
9864
10574
11361
11930
9771
5973
4171
4043
3735
2898
-86
-5611
-9405
-9256
-8676
-9122
-9609
-11588
-13737
-13154
-11697
-11266
-10568
-9190
-8433
-7047
-5447
-4812
-3669
-1428
870
2908
4099
3866
3730
4513
5211
5783
6323
5897
5039
4574
3647
2152
1179
727
306
-343
-1849
-4087
-5814
-6365
-5890
-5263
-5568
-6559
-6970
-6592
-5686
-4375
-3578
-3561
-3006
-1994
-1442
-1237
-719
-156
663
2009
2920
3094
3304
4112
5277
6342
6754
6532
6452
6944
7916
8738
8999
8917
9067
9557
10050
10529
11151
11640
9647
6308
4725
4489
4013
2891
-303
-5430
-8611
-8447
-8128
-8949
-9890
-11881
-13551
-12806
-11521
-11194
-10802
-9711
-8839
-7392
-5892
-4992
-3554
-1378
831
2868
3970
3817
4014
5069
6036
6688
7038
6450
5447
4918
4179
2942
1847
1219
521
-445
-1750
-3970
-6129
-6900
-6436
-5788
-5835
-6779
-7916
-8159
-6866
-5045
-3986
-3568
-3343
-2926
-2197
-1490
-756
20
1029
2208
3133
3325
3306
4126
5406
6456
7018
7008
6674
6780
7723
8581
8926
9096
9076
9166
9577
10080
10670
11521
10159
6395
4324
4305
3982
3124
585
-4502
-8329
-8460
-7826
-8608
-9607
-11442
-13569
-13178
-11753
-11360
-11183
-10161
-9334
-8123
-6511
-5483
-3979
-1649
649
2615
3748
3683
4037
5542
6867
7496
7717
7091
5942
5518
5177
4158
3006
2170
1092
-294
-1710
-3830
-5803
-6435
-6295
-6158
-6531
-7689
-8724
-8593
-7272
-5711
-4744
-4221
-4101
-3658
-2715
-1985
-1016
207
1283
2283
3092
3287
3451
4478
5833
6812
7334
7153
6746
6957
7858
8756
9054
8839
8476
8754
9443
9949
10461
10978
9915
6584
4281
4083
4015
3431
1440
-3205
-7650
-8703
-7947
-8171
-9091
-10653
-13061
-13648
-12469
-11668
-11475
-10663
-9677
-8742
-7298
-6034
-4623
-2468
-54
2094
3390
3571
3934
5398
6958
7835
8140
7554
6455
6023
5785
4928
3771
2792
1688
244
-1647
-3819
-5349
-5820
-5883
-6146
-7124
-8648
-9247
-8345
-7009
-5954
-5299
-5096
-4951
-3930
-2574
-1879
-1069
148
1140
2049
2934
3400
3783
4748
6074
6961
7354
7393
7219
7422
8010
8667
8831
8552
8304
8547
9020
9397
9850
10220
10023
7432
4421
3798
4231
4000
2573
-1417
-6533
-8622
-7599
-7081
-8085
-9683
-12317
-13806
-12753
-11450
-11261
-10954
-10041
-9496
-8308
-6791
-5584
-3720
-1174
1025
2393
2880
3164
4505
6585
7965
8317
7825
6721
6139
6314
6226
5132
3718
2322
807
-814
-2288
-3724
-5344
-6344
-6636
-7212
-8206
-8895
-9180
-8789
-7523
-6077
-5542
-5610
-5021
-3987
-2752
-1182
108
810
1547
2533
3460
4221
5005
6155
7313
7949
8106
7776
7496
7906
8908
9377
8919
8303
8233
8448
8857
9435
9500
9607
8068
4821
3298
3669
3724
2744
-112
-4778
-8039
-7887
-6831
-7459
-8858
-10982
-13070
-12936
-11544
-10785
-10670
-9976
-9565
-8827
-7409
-6059
-4290
-1872
282
1632
2312
2600
3649
5818
7596
7989
7604
6887
6216
6201
6365
5624
4202
3029
1826
63
-1991
-3692
-4865
-5443
-5626
-6532
-8447
-9819
-9710
-8416
-6962
-6163
-6231
-6622
-5940
-4110
-2488
-1316
-257
553
1275
2315
3349
4176
5233
6723
7876
7995
7625
7393
7647
8554
9439
9286
8506
7875
7927
8616
9126
9214
9022
9207
8007
4864
3339
3853
3828
2873
224
-4518
-7844
-7471
-6120
-6910
-8597
-10754
-13021
-12850
-11169
-10343
-10665
-10384
-10003
-9378
-7851
-6313
-4629
-2426
-452
861
1693
2093
3188
5529
7354
7706
7420
6796
6078
6360
6853
6186
4755
3503
2189
610
-813
-2680
-4298
-4859
-5181
-6167
-7892
-9545
-9931
-8629
-6897
-6147
-6482
-6954
-6586
-4775
-2564
-1350
-601
158
684
1546
3098
4328
5318
6744
7695
7571
7379
7628
8083
8912
9577
9190
8223
7797
7856
8476
9077
8979
8592
8722
7801
4884
3211
3670
3832
3038
699
-4104
-7654
-7458
-5838
-6090
-7731
-10074
-12712
-12793
-10974
-9759
-9959
-10048
-10036
-9674
-8215
-6481
-4752
-2797
-939
334
1149
1724
2904
5232
7203
7691
7339
6724
6066
6487
7242
6907
5511
3866
2534
1137
73
-1451
-3441
-4555
-5176
-6181
-7775
-9409
-10085
-9236
-7645
-6747
-7252
-7782
-7181
-5377
-2903
-1602
-1217
-771
114
1407
3118
4475
5237
6325
7393
7703
7716
7869
8255
9013
9672
9397
8155
7490
7750
8537
9065
8715
7914
8025
7983
5451
3212
3119
3216
2817
1476
-2820
-7203
-7877
-6081
-5662
-6882
-8970
-12080
-12881
-10999
-9386
-9448
-9717
-9895
-9803
-8337
-6518
-5018
-3309
-1477
-170
801
1466
2343
4456
6673
7361
7098
6611
5954
6314
7401
7402
5949
4219
2954
1690
449
-1202
-2970
-4044
-4751
-5846
-7895
-9896
-10321
-9007
-7359
-6894
-7726
-8391
-7845
-5478
-2680
-1602
-1430
-1093
-278
1338
3441
5010
5765
6534
7310
7677
8060
8537
8990
9459
9683
9166
8207
7811
7985
8501
8950
8527
7636
7720
7129
4328
2795
3269
3245
2325
178
-4246
-7640
-7030
-5097
-5541
-7506
-9895
-12319
-11932
-9767
-8775
-9321
-9702
-9800
-9334
-7720
-6128
-4674
-2935
-1486
-506
317
1007
2284
4617
6418
6449
5959
5619
5543
6427
7476
6975
5264
3855
2795
1904
811
-1033
-2481
-3297
-4255
-5553
-7571
-9255
-9144
-7685
-6577
-7104
-8009
-8060
-7111
-4510
-2308
-2075
-2163
-1295
79
1876
3654
4764
5427
6435
7473
7898
8156
8613
9327
9891
9939
9070
8134
7966
8455
9097
9080
8107
7344
7539
6228
3802
3038
3235
2782
1649
-1388
-5698
-7576
-6301
-5034
-5945
-8110
-10994
-12629
-11200
-9162
-8642
-9231
-9741
-10039
-9040
-7241
-5700
-4167
-2511
-1499
-641
256
1078
2821
5126
6240
5915
5505
5169
5540
6841
7479
6453
4737
3485
2492
1846
881
-1097
-2557
-3384
-4609
-6031
-7578
-8875
-8691
-7455
-6809
-7474
-7995
-7604
-6432
-4174
-2466
-2290
-2084
-1002
442
2148
3720
4788
5609
6632
7451
7867
8294
8790
9398
9825
9611
8713
8122
8197
8503
8894
8841
7956
7693
7342
4924
3098
3345
3692
2821
634
-3436
-6886
-6794
-4881
-4705
-6510
-9158
-11706
-11791
-9686
-8311
-8631
-9158
-9745
-9702
-8264
-6588
-5091
-3413
-2114
-1690
-1049
-16
1385
3690
5592
5588
4853
4806
5194
6289
7428
7105
5521
4245
3435
2644
1604
248
-1234
-2438
-3433
-5099
-6975
-8015
-8190
-7436
-6888
-7325
-7971
-7996
-6838
-5024
-3561
-2806
-2575
-1937
-561
1108
2686
3968
5116
6038
6760
7351
7936
8661
9436
9850
9552
8786
8361
8359
8809
9088
8725
8043
7528
7726
6341
3779
2952
3379
3301
1957
-1461
-5673
-7198
-5511
-4187
-5526
-8096
-10939
-12170
-10535
-8398
-8224
-9321
-9742
-9953
-9045
-7249
-5729
-4509
-3044
-2110
-1674
-910
404
2374
4531
5408
4714
4247
4585
5766
7211
7481
5968
4249
3703
3477
3046
1565
-647
-2197
-2942
-3542
-4999
-6813
-7883
-7912
-6938
-6460
-7074
-7408
-7148
-5912
-4050
-3075
-2775
-2334
-1147
357
1895
3198
4139
5334
6660
7525
7879
8253
8849
9555
10081
9849
8983
8468
8482
9000
9282
8795
7971
7639
6778
4441
3098
3360
3352
2402
-248
-4506
-7052
-6237
-4541
-4973
-7262
-10058
-12116
-11333
-9040
-8042
-8769
-9585
-10029
-9519
-7882
-6221
-4839
-3502
-2514
-2017
-1376
-200
1612
3771
4965
4586
4055
4280
5203
6550
7197
6342
4704
3752
3554
3187
1921
136
-1255
-2166
-3031
-4434
-6405
-7428
-7131
-6338
-6284
-7213
-7752
-7404
-5922
-4160
-3497
-3496
-3124
-1977
-253
1441
2568
3368
4476
5813
6854
7651
8207
8656
9192
9679
9766
9368
9228
9113
9219
9319
9064
8540
8311
7821
5360
3273
3314
3591
2809
709
-3413
-6785
-6763
-4959
-4922
-6949
-9446
-11884
-11873
-9743
-8460
-8931
-9612
-10062
-9922
-8399
-6740
-5494
-4055
-2835
-2361
-1620
-532
973
3148
4732
4497
3955
4302
5063
6419
7436
6701
4911
3964
3918
3874
2871
815
-1072
-1765
-2235
-3608
-5585
-7075
-7288
-6279
-5723
-6934
-7971
-7611
-6369
-4534
-3460
-3733
-3888
-2567
-689
924
2136
2951
3836
5285
6649
7291
7862
8639
9337
9709
9756
9335
9271
9713
9949
9687
9038
8408
8538
8811
6620
3730
3061
3509
3308
1784
-2264
-6536
-7266
-5313
-4648
-6421
-9307
-12192
-12500
-10223
-8640
-9155
-10152
-10664
-10412
-8699
-6951
-6015
-4775
-3307
-2453
-1616
-656
633
2663
4525
4735
4082
4143
4913
6308
7516
6966
5136
3922
3973
4057
2881
1167
-559
-1540
-2036
-3262
-5275
-6635
-6647
-5735
-5466
-6501
-7461
-7493
-6148
-4371
-3503
-3764
-3906
-3003
-1311
529
1845
2672
3517
4703
5854
6820
7683
8572
9305
9544
9356
9114
9316
9933
10539
10286
9305
8403
8694
9119
7083
4544
3702
3595
3132
1612
-2137
-5958
-6639
-5097
-4934
-6861
-9522
-12138
-12229
-10082
-8763
-9602
-10678
-10917
-10372
-8512
-6783
-6001
-5149
-3706
-2625
-1604
-493
751
2539
4123
4281
3783
4055
4843
6243
7272
6437
4552
3599
3816
3263
2198
1258
-248
-1616
-2565
-4188
-5588
-5570
-5090
-5083
-5980
-6983
-7338
-6322
-4408
-3459
-3719
-4131
-3667
-2265
-197
1266
2026
2645
3470
4584
5874
7049
7993
8703
8820
8795
8962
9535
9810
10056
10172
9697
9268
9361
9574
7725
5252
4430
4636
4306
2706
-1129
-5031
-5988
-4757
-4321
-6317
-9145
-11787
-12091
-10285
-9068
-9651
-10949
-11378
-10799
-9030
-7518
-6707
-5855
-4599
-3604
-2430
-1221
33
1930
3527
3835
3377
3731
4724
6062
7336
6979
5334
4095
4335
4397
3477
2371
984
-530
-1609
-2803
-4201
-4853
-4935
-4981
-5738
-6455
-6729
-6481
-5326
-4334
-4086
-4294
-4025
-2957
-1328
47
839
1412
2258
3507
4950
6072
6635
7103
7679
8358
8841
9209
9340
9290
9639
9870
9829
9755
9946
9647
7195
4997
4973
5431
4874
2701
-1613
-5385
-5649
-3876
-4009
-6530
-9583
-12252
-12307
-10320
-9240
-10205
-11455
-11842
-11474
-9799
-8075
-7143
-6116
-4790
-4042
-3119
-1666
19
2118
3804
3885
3271
3743
5085
6766
7799
7006
5181
4180
4621
4637
3304
1871
696
-245
-1207
-2742
-4534
-5192
-4598
-3992
-4735
-6358
-7048
-6436
-4756
-3359
-3340
-4141
-4005
-2512
-580
757
1312
1926
2754
3995
5241
6067
6659
7437
8289
8700
8668
8732
9164
9722
10265
10253
9654
9507
9796
8381
6203
5538
5659
5112
3554
189
-3722
-4944
-3835
-3621
-5614
-8482
-11192
-11889
-10397
-9341
-10128
-11479
-11980
-11785
-10332
-8737
-7973
-7229
-6042
-5005
-3902
-2456
-1079
697
2368
2919
2944
3630
4623
5762
6939
6841
5794
5019
4897
4336
3310
2666
1754
650
-571
-2291
-3818
-4123
-3759
-3682
-4549
-5931
-6505
-6017
-4822
-4001
-3954
-4248
-3991
-2826
-1321
-223
503
1260
2138
3217
4317
5204
6084
6894
7475
7922
8183
8680
9286
9758
10033
9996
9762
10069
10856
9638
6793
5620
6318
6356
5123
1977
-2460
-4543
-3349
-2377
-4256
-7337
-10317
-11663
-10393
-8857
-9652
-11588
-12349
-12180
-10849
-9176
-8546
-8321
-7268
-5975
-4779
-3408
-2096
-537
1200
2089
2186
2803
4077
5365
6626
6885
5859
5010
4955
4791
4360
3772
2429
910
-401
-1572
-2292
-2591
-3028
-3943
-4737
-5343
-5590
-5007
-4403
-4436
-4607
-4380
-3888
-2781
-1334
-479
0
642
1567
2822
4228
5239
5918
6334
6605
7110
8062
9061
9263
9339
9349
9411
9869
10823
11129
8953
6432
5847
6602
6816
5267
1364
-2612
-3733
-2430
-2182
-4326
-7353
-10228
-10918
-9471
-8590
-9822
-11488
-12106
-11911
-10521
-9108
-8676
-8347
-7409
-6364
-5209
-4016
-2538
-893
567
1187
1298
2152
3610
5085
6115
5993
5135
5083
5333
4944
4380
3470
2310
1491
519
-786
-1927
-2447
-2627
-3094
-3682
-4456
-5041
-4667
-4078
-3824
-3830
-3864
-3735
-2762
-1402
-523
107
711
1365
2491
3820
4739
5427
5991
6383
6857
7719
8448
8674
9099
9456
9670
9979
10884
10629
8272
6705
6906
7345
6779
4516
362
-2622
-2419
-1125
-2299
-5205
-8109
-10344
-9936
-8370
-8429
-10465
-11903
-12147
-11506
-9892
-8790
-8698
-8476
-7590
-6548
-5188
-3743
-2332
-945
80
334
819
2211
3717
4966
5495
4805
4146
4801
5584
5222
4028
2595
1524
1317
1074
109
-1516
-2488
-2647
-2664
-2847
-3488
-3960
-4013
-3649
-3396
-3296
-3347
-2868
-1904
-1159
-608
-75
585
1523
2731
3547
3975
4509
5194
5900
6607
7111
7382
7759
8450
8972
9217
9478
10317
9999
7916
6664
6947
7363
6669
4540
621
-2128
-1735
-454
-1718
-4571
-7478
-9687
-9166
-7616
-7749
-10040
-11511
-11857
-11231
-9543
-8569
-8721
-8755
-7895
-6983
-5581
-4069
-2826
-1638
-785
-533
94
1654
3189
4298
4657
4027
3571
4222
5026
4832
3924
2665
1586
1158
971
375
-682
-1411
-1931
-2156
-2389
-2864
-2999
-2859
-2777
-2782
-2675
-2772
-2340
-1358
-488
-28
410
890
1484
2552
3653
4313
4658
4972
5326
6080
6955
7408
7717
8014
8292
8658
9517
10092
8647
6899
6815
7328
7089
5802
2645
-588
-1216
-85
-488
-2996
-5699
-8102
-8508
-7197
-6869
-8731
-10680
-11176
-10880
-9683
-8625
-8611
-8870
-8276
-7542
-6450
-5093
-3877
-2748
-1745
-1471
-1177
187
1764
3065
3784
3496
2837
3390
4368
4401
3861
3251
2342
1578
1072
282
-199
-250
-541
-1551
-2433
-2827
-2556
-1777
-1694
-2476
-3067
-2850
-2122
-1011
-328
-458
-528
192
1216
2123
3004
3506
3679
3940
4443
5100
6030
6880
7198
7091
6965
7511
8593
10149
10128
7560
5652
6239
7674
7937
5936
1461
-1703
-1193
895
388
-2647
-6144
-8598
-7931
-6009
-5955
-8479
-10424
-10934
-10308
-8781
-7946
-8254
-8465
-7792
-7186
-6165
-4886
-3674
-2480
-1710
-1802
-1621
-99
1745
3182
3569
2544
1734
2834
4504
4414
3217
1968
1122
1376
1773
837
-779
-1290
-892
-814
-1218
-1945
-2489
-2170
-1409
-1397
-1949
-2187
-1692
-647
213
324
190
698
1703
2723
3378
3640
3670
3981
4614
5274
5882
6175
6462
6670
7027
7422
8303
9104
7850
5933
5851
6887
6943
5981
2861
-535
-1071
528
574
-1861
-4657
-7133
-7492
-5957
-5314
-7274
-9414
-10125
-9886
-8626
-7548
-7663
-8321
-7904
-7224
-6269
-5057
-3955
-3062
-2296
-2170
-2061
-759
945
2288
2935
2466
1622
2173
3613
3925
3234
2435
1529
1054
1284
788
-146
-374
-372
-853
-1483
-1774
-1824
-1257
-773
-1234
-1992
-2007
-1315
-305
579
604
301
561
1417
2494
3326
3693
3609
3706
4011
4555
5214
5709
5931
6205
6507
6594
6964
7990
8630
7050
5398
5561
6452
6478
5318
2154
-941
-958
734
533
-2074
-4753
-6937
-6997
-5379
-4991
-7148
-9126
-9531
-9309
-8134
-7203
-7518
-8208
-7737
-7068
-6220
-5068
-4127
-3392
-2695
-2547
-2364
-998
615
1644
2126
1713
957
1554
3009
3324
2538
1746
868
624
1208
1066
134
-472
-577
-742
-778
-873
-1146
-1160
-891
-949
-1130
-929
-556
7
637
865
898
1343
2015
2616
3174
3617
3750
3958
4328
4808
5304
5681
5947
6238
6629
6973
7462
8219
7504
5662
5362
6550
6766
5792
3364
24
-1185
411
1247
-877
-3743
-6184
-7094
-5793
-4489
-5800
-8246
-9265
-9321
-8445
-7128
-6819
-7594
-7695
-7311
-6623
-5381
-4152
-3382
-2816
-2706
-2883
-1829
-99
967
1576
1489
612
421
1605
2665
2580
1896
819
-223
94
1024
1123
453
-460
-1085
-1026
-391
72
-29
-481
-870
-787
-190
375
759
1045
1167
1292
1737
2312
2754
3266
3722
3811
3784
3988
4460
5003
5278
5425
5505
5749
6138
6838
7489
6348
4588
4713
5884
5921
4851
2261
-695
-1109
581
664
-1679
-4123
-6054
-6342
-4843
-4196
-6077
-8062
-8444
-8101
-7154
-6223
-6418
-7079
-6732
-6046
-5340
-4470
-3714
-3020
-2361
-2235
-2315
-1364
-53
830
1464
1189
269
322
1534
2228
1844
1037
-32
-761
-173
563
208
-543
-1154
-1277
-905
-385
-218
-359
-456
-346
0
392
706
1097
1582
1879
2222
2621
2918
3243
3827
4216
4245
4333
4479
4623
4949
5129
5206
5398
5788
6018
6304
6663
5506
4082
4440
5486
5160
3672
1008
-1294
-1142
291
-24
-2398
-4706
-6350
-6087
-4573
-4328
-6188
-7884
-8178
-7632
-6402
-5617
-5882
-6332
-5964
-5410
-4540
-3593
-2966
-2436
-1983
-2056
-1976
-904
239
803
1118
822
335
515
1278
1570
1137
541
-208
-946
-995
-662
-658
-926
-1585
-2027
-1855
-1223
-432
-275
-633
-854
-420
364
1195
1609
1673
1759
2308
2988
3473
3907
4254
4391
4446
4621
4766
4956
5288
5384
5282
5259
5482
5831
6375
6976
5768
3690
3452
4826
5349
4220
1281
-1862
-2356
-501
330
-1777
-4690
-6903
-6996
-5171
-4030
-5542
-7902
-8546
-7888
-6460
-5296
-5307
-6045
-5833
-5065
-4137
-3116
-2433
-1915
-1455
-1387
-1504
-753
461
1180
1423
1123
448
473
1432
1617
802
172
-256
-659
-840
-1182
-1791
-1807
-1468
-1547
-1976
-2023
-1520
-808
-155
-142
-417
-164
789
1709
2328
2524
2736
3264
3768
4231
4718
5068
5236
5392
5242
5050
5208
5682
5884
5770
5575
5463
5590
6473
6522
4471
3064
3619
4351
4047
2288
-1006
-2878
-2021
-620
-1490
-3961
-6347
-7507
-6401
-4701
-5062
-7288
-8490
-8315
-7092
-5617
-5100
-5841
-6030
-5191
-4325
-3310
-2591
-2071
-1558
-1121
-1264
-978
-22
873
1360
1355
722
239
1028
1427
685
44
-227
-684
-971
-1450
-2270
-2306
-1673
-1562
-2305
-2559
-2188
-1456
-408
-121
-780
-814
289
1371
2258
2534
2474
2858
3791
4563
4966
5122
5111
5424
5758
5817
5677
5834
5889
5766
5920
6082
6109
6403
6814
5349
3487
3571
4612
4766
3533
381
-2540
-2348
-586
-263
-2520
-5536
-7606
-7063
-4881
-4273
-6185
-8344
-8975
-8009
-6012
-4948
-5481
-6300
-5909
-4947
-3714
-2547
-2068
-1722
-1237
-1104
-924
49
1111
1688
1771
1210
632
1188
2245
1910
578
-325
-574
-303
-252
-1276
-2695
-2910
-2207
-1703
-1924
-2525
-2951
-2367
-1065
-553
-816
-878
-356
565
1594
2170
2371
2772
3475
4113
4427
4728
5117
5530
5723
5577
5400
5565
5929
6265
6299
5955
5688
6175
6816
5596
3776
3588
4256
4340
3294
339
-2365
-2295
-607
-564
-3043
-5914
-7586
-6878
-4907
-4624
-6925
-8930
-8982
-7724
-6042
-5382
-6153
-6778
-5899
-4735
-3582
-2742
-2332
-1790
-1065
-801
-598
353
1417
2088
2299
1750
1071
1621
2705
2763
1790
369
-554
-378
236
-29
-1358
-2567
-2878
-2215
-1370
-1469
-2170
-2384
-2113
-1414
-637
-378
-383
-20
571
1159
1794
2475
2968
3374
3750
4022
4394
4919
5296
5452
5476
5448
5542
6002
6335
6493
6476
6687
6905
5771
4462
4597
5351
5019
3616
796
-1538
-1394
101
-266
-3003
-5658
-7178
-6578
-5022
-4951
-7253
-9141
-9149
-8028
-6651
-6128
-6731
-7229
-6330
-5310
-4232
-3321
-2707
-2107
-1467
-1239
-879
327
1576
2094
2064
1701
1541
2507
3425
2969
1775
726
410
791
873
-182
-1721
-2386
-2107
-1684
-1590
-2242
-2953
-2673
-1972
-1517
-1386
-1444
-1314
-599
261
767
1190
1792
2442
2998
3568
3926
4390
5066
5394
5322
5406
5692
5968
6462
6654
6397
6334
7068
7838
6733
4930
4500
5332
5777
4926
1932
-1255
-1597
73
380
-2028
-5050
-7250
-7163
-5401
-4764
-6781
-9213
-9742
-8856
-7347
-6482
-6841
-7639
-7218
-6122
-4835
-3665
-2924
-2386
-1893
-1510
-993
309
1701
2321
2353
2041
1881
2759
4240
4337
2647
1023
744
1478
2075
1223
-1178
-2843
-2531
-1358
-1042
-2039
-3324
-3843
-3194
-2074
-1641
-2058
-2320
-1972
-1159
-300
378
977
1461
1987
2540
3141
3868
4681
5133
5124
5046
5335
6083
6672
6812
6555
6486
6881
7998
8329
6500
4713
4964
6219
6350
4573
944
-1407
-826
725
75
-2835
-5949
-7550
-6538
-5081
-5652
-8169
-9782
-9922
-8848
-7464
-7250
-8045
-8205
-7193
-6143
-4876
-3919
-3277
-2571
-1701
-1194
-420
1003
2148
2753
2856
2719
2947
4098
5003
4245
2751
1936
2146
2731
2439
570
-1232
-1536
-925
-551
-1306
-2624
-3422
-2969
-2179
-2018
-2469
-2844
-2582
-1781
-959
-757
-535
30
908
1782
2417
2746
3224
4070
4643
4895
5172
5635
6095
6550
6791
6822
7066
7657
8668
8177
6068
5023
6046
6980
6325
3942
424
-1361
-258
1171
-492
-3793
-6505
-7512
-6551
-5329
-6335
-9098
-10397
-10107
-8973
-7948
-7816
-8650
-8557
-7449
-6274
-5112
-4208
-3522
-2730
-1888
-1391
-395
1113
2259
2805
2920
2620
2903
4205
5083
4381
3066
1971
1686
2357
2641
1338
-669
-1842
-1904
-1079
-808
-1795
-3329
-3898
-3453
-2579
-2016
-2259
-2730
-2623
-1816
-1023
-105
693
1267
1691
2166
2661
3528
4727
5462
5638
5595
5671
6112
7325
8202
8122
7849
8320
8435
7285
6744
7198
7383
6618
4904
1808
-3
723
1467
-170
-3144
-5730
-7088
-6138
-5118
-6253
-9051
-10573
-10339
-8985
-7775
-8014
-9056
-9230
-7925
-6464
-5010
-4433
-4158
-3425
-2236
-1367
-305
999
1748
2309
2759
2914
3133
4167
4899
4377
3128
2296
2242
2753
2788
1364
-563
-1541
-1211
-640
-977
-2268
-3494
-3778
-3181
-2497
-2541
-3122
-3349
-2783
-1934
-1284
-807
-370
288
1082
1743
2297
2955
3713
4415
4908
5225
5569
6134
6842
7328
7551
7795
8256
9063
8658
6933
6275
7114
7671
6759
4300
988
-308
758
1449
-576
-3780
-6395
-7300
-6157
-5448
-7009
-9671
-10680
-10366
-9250
-8389
-8639
-9305
-8947
-7776
-6791
-5666
-4828
-3959
-2953
-2031
-1490
-383
1015
1923
2636
3061
3103
3494
4312
4469
3894
3415
3125
2914
2768
2058
850
141
1
-257
-638
-1332
-2232
-2560
-2321
-2212
-2347
-2486
-2668
-2380
-1684
-1219
-914
-382
293
874
1539
2212
2700
3379
4154
4699
5167
5700
6057
6445
7066
7599
7925
8269
8909
8153
6633
6410
7271
7467
6375
3799
827
91
1064
1122
-1180
-4071
-6242
-6777
-5792
-5658
-7516
-9737
-10307
-9948
-8926
-8348
-8796
-9422
-8832
-7680
-6642
-5613
-4895
-4164
-3235
-2322
-1626
-467
790
1585
2130
2375
2592
3123
3861
4028
3589
2930
2573
2368
2352
2068
1204
305
-400
-736
-690
-786
-1431
-2145
-2617
-2604
-2152
-1817
-1833
-1995
-1853
-1406
-595
204
768
1162
1498
2044
2717
3539
4140
4694
5178
5520
5728
6212
6915
7490
7955
8283
8630
7645
6429
6521
7417
7499
6177
3325
638
399
1469
1272
-1232
-4148
-6290
-6477
-5338
-5320
-7320
-9485
-10178
-9747
-8502
-7894
-8373
-9121
-8641
-7633
-6434
-5356
-4668
-4041
-3224
-2535
-1795
-469
738
1524
2056
2153
2229
2983
3820
3847
3275
2692
2333
2216
2205
1675
645
114
-155
-521
-765
-1179
-1726
-1931
-1955
-2096
-2120
-2034
-1880
-1668
-1341
-986
-502
169
743
1291
1751
2201
2763
3526
4021
4339
4813
5380
5720
6151
6588
6861
7308
8090
8716
7733
6233
6076
6997
7330
6420
3655
646
81
1307
1395
-963
-3853
-6127
-6531
-5345
-5048
-6990
-9259
-9986
-9625
-8479
-7759
-8145
-9008
-8570
-7519
-6386
-5276
-4585
-4035
-3291
-2533
-1786
-508
766
1615
2032
2137
2233
3165
4473
4594
3490
2375
2157
2745
3214
2261
234
-1080
-879
-161
-54
-1200
-2735
-3240
-2694
-1865
-1685
-2278
-2937
-2689
-1808
-955
-500
-190
135
750
1581
2229
2815
3504
4112
4400
4755
5298
5977
6538
6901
7020
7139
7625
8648
9270
7747
6057
6093
7127
7294
6114
2783
-222
-124
1335
896
-1793
-4786
-7023
-6739
-5254
-5429
-7890
-9903
-10345
-9734
-8362
-7870
-8694
-9285
-8457
-7537
-6332
-5153
-4574
-3970
-3044
-2497
-1792
-197
1165
1829
2246
2297
2489
3800
5010
4411
3282
2916
3169
3403
3048
1484
-11
-80
437
14
-1206
-2272
-2730
-2279
-1954
-2461
-3319
-3425
-2819
-2113
-1836
-1960
-1700
-822
304
970
1328
1652
2500
3547
4154
4390
4822
5499
6141
6763
7004
7062
7494
8265
9116
9444
8001
6277
6556
7785
7828
6230
2991
127
12
1492
1166
-1662
-4916
-6978
-6986
-5672
-5670
-7995
-10269
-10726
-10118
-9005
-8397
-9009
-9564
-8849
-7786
-6715
-5502
-4719
-4011
-3100
-2381
-1560
-215
1253
2135
2704
2793
3013
3823
4675
4714
4204
3720
3241
3015
2642
2172
1322
612
-65
-620
-976
-1493
-2026
-2433
-2753
-3123
-3039
-3083
-3137
-2862
-2424
-2167
-1752
-955
-272
470
1195
1760
2273
3112
3940
4583
5220
5674
6015
6506
7246
7761
8253
8724
9222
9131
7795
6977
7630
8376
7583
5525
2393
529
1052
1968
545
-2778
-5543
-6839
-6305
-5571
-6416
-9091
-10768
-10712
-9891
-9141
-9083
-9719
-9957
-8930
-7913
-6821
-5873
-5066
-4265
-3242
-2454
-1481
7
1352
2144
2626
2995
3477
4461
5124
4824
4210
3952
3896
3662
3134
2211
1214
728
507
-122
-925
-1667
-2218
-2358
-2508
-2876
-3200
-3307
-3166
-2814
-2508
-2285
-1788
-1040
-311
293
891
1493
2319
3238
3936
4450
5005
5619
6137
6773
7531
8060
8429
8872
9462
9105
7861
7513
8104
8085
7160
5113
1985
652
1479
1658
-461
-3327
-5779
-6950
-6114
-5593
-7190
-9740
-10754
-10786
-9948
-9144
-9320
-10097
-9832
-8807
-7915
-6611
-5680
-4957
-3980
-2873
-2324
-1149
520
1743
2560
3128
3354
3851
5248
5855
5305
4488
4055
3984
4199
3731
2095
507
-42
75
-161
-940
-2334
-3442
-3488
-3063
-2970
-3448
-4092
-4219
-3557
-2887
-2468
-2048
-1482
-811
84
878
1443
2340
3448
4190
4620
5131
5681
6457
7393
8045
8235
8471
9000
9822
9736
8300
7547
7989
8179
7384
5480
2350
638
1237
1609
-275
-3093
-5469
-6938
-6456
-5761
-6972
-9455
-10592
-10713
-10166
-9293
-9099
-9694
-9688
-8797
-7899
-6596
-5491
-4654
-3712
-2786
-2231
-1081
627
1864
2664
3250
3478
3943
5077
5593
5164
4619
4363
4154
3835
3001
1696
699
501
189
-797
-1961
-2875
-3111
-2980
-3112
-3773
-4367
-4464
-3853
-3237
-3114
-3071
-2592
-1664
-752
185
773
1353
2298
3417
4056
4556
5326
6068
6809
7381
7719
7997
8825
9678
10219
9638
7929
7296
8265
9066
8026
5387
1983
590
1621
2385
390
-3188
-5955
-7020
-6085
-5351
-6758
-9577
-10956
-10894
-10107
-9224
-9212
-9918
-10047
-9157
-8176
-6844
-5697
-4808
-3994
-3188
-2542
-1357
488
1965
2789
3113
3211
3557
4764
5915
5891
4898
3828
3415
3692
3931
2982
1219
-232
-705
-523
-633
-1648
-3003
-3839
-3905
-3459
-3388
-3777
-4125
-3979
-3499
-2897
-2213
-1522
-831
-47
616
1198
2148
3354
4312
4854
5189
5579
6513
7754
8556
8726
8750
9099
10058
10151
8759
7926
8198
8370
7662
5598
2475
889
1490
1815
-181
-3206
-5694
-6915
-6258
-5694
-7242
-9764
-10851
-10879
-10206
-9405
-9466
-10277
-10074
-8976
-8014
-6888
-5857
-5039
-4075
-3108
-2429
-1221
441
1684
2422
2954
3205
3658
4836
5404
4832
4260
4061
3815
3643
3116
1833
829
563
316
-479
-1372
-2154
-2641
-2694
-2761
-3252
-3705
-3688
-3332
-2885
-2635
-2468
-1920
-1064
-232
486
1059
1621
2484
3526
4191
4672
5219
5897
6680
7549
8062
8273
8631
9454
9831
8670
7660
7884
8378
7969
6417
3454
1315
1505
2241
972
-1973
-4593
-6115
-5864
-5201
-6159
-8693
-10218
-10350
-9857
-9210
-9210
-9924
-10198
-9146
-8212
-7185
-6236
-5478
-4679
-3526
-2766
-1875
-400
878
1840
2524
2994
3020
3736
4866
5119
4579
3955
3327
3090
3470
3179
1924
496
-162
-270
-295
-630
-1750
-2844
-3189
-2816
-2667
-2870
-3232
-3228
-2926
-2384
-1797
-1297
-669
2
658
1239
1891
2796
3756
4521
4941
5272
5865
6845
7838
8383
8380
8614
9280
8853
7902
7834
8085
7672
6754
4635
2068
1346
1959
1440
-795
-3359
-5526
-6109
-5214
-5336
-7398
-9462
-10236
-10105
-9169
-8683
-9407
-10186
-9678
-8632
-7521
-6390
-5854
-5321
-4289
-3305
-2419
-1103
46
854
1667
2304
2659
3243
4126
4414
4119
3805
3442
3310
3418
3102
2138
1190
586
439
332
-143
-998
-1804
-2167
-2091
-1859
-2033
-2439
-2554
-2306
-1942
-1348
-803
-435
-41
405
1013
1784
2705
3321
3784
4267
4788
5385
6284
7155
7530
7790
8279
8894
8339
7449
7407
7910
7766
6705
4403
1996
1614
2310
1809
-551
-3205
-5282
-5550
-4596
-4846
-7099
-9230
-9858
-9569
-8617
-8286
-9145
-9993
-9418
-8320
-7274
-6320
-5814
-5312
-4387
-3446
-2588
-1327
-125
630
1295
1817
2353
3123
4051
4210
3817
3415
3159
3104
3274
2800
1654
706
169
41
-10
-465
-1408
-2154
-2385
-2232
-2085
-2158
-2415
-2549
-2276
-1826
-1272
-713
-159
316
736
1191
2005
3001
3707
4141
4554
4984
5535
6355
7170
7593
7834
8283
8880
8498
7420
7236
7832
7820
6764
4631
2100
1407
2156
1903
-369
-3016
-5016
-5611
-4798
-4733
-6732
-9050
-9693
-9502
-8711
-8212
-8809
-9800
-9438
-8345
-7359
-6417
-5777
-5304
-4494
-3524
-2772
-1562
-199
657
1232
1769
2216
2952
3942
4356
4060
3660
3150
2906
3169
3170
2241
1119
119
-339
-52
-13
-845
-1978
-2584
-2629
-2158
-1889
-2255
-2782
-2639
-2084
-1540
-883
-465
-112
410
1028
1605
2421
3227
3819
4384
4755
5160
5797
6712
7380
7721
7947
8497
8898
8072
7321
7497
7945
7375
6061
3660
1726
1633
2181
1131
-1408
-3695
-5354
-5421
-4777
-5381
-7732
-9360
-9721
-9465
-8668
-8512
-9307
-9888
-9073
-8184
-7224
-6365
-5716
-5119
-4142
-3323
-2535
-1164
81
888
1493
1979
2212
2960
3920
4263
3997
3515
2828
2570
2961
3008
2163
931
-9
-316
-64
8
-722
-1854
-2472
-2338
-1921
-1679
-1933
-2203
-2137
-1660
-960
-233
271
633
988
1426
2189
3056
3728
4290
4701
4971
5329
6092
6893
7359
7644
8173
8383
7476
6824
7114
7630
7308
6056
3419
1373
1518
2254
1380
-1010
-3540
-5367
-5197
-4311
-4881
-7180
-8970
-9493
-9082
-8110
-7980
-8919
-9566
-8896
-7908
-6821
-6027
-5628
-5134
-4180
-3378
-2498
-1219
-115
580
1189
1595
2025
2922
3729
3922
3662
3315
2905
2860
2951
2708
1990
1115
396
93
143
-145
-728
-1485
-2003
-2038
-1694
-1668
-2021
-2197
-2007
-1588
-995
-433
-128
169
664
1245
1960
2662
3117
3574
4169
4740
5233
5772
6326
6793
7298
8003
8590
7864
6772
6792
7567
7653
6676
4389
1821
1340
2238
1991
-215
-2730
-4808
-5361
-4533
-4481
-6384
-8554
-9321
-9353
-8586
-8033
-8569
-9528
-9248
-8351
-7395
-6369
-5792
-5369
-4604
-3689
-2968
-1722
-452
383
1025
1528
1781
2476
3625
4088
3810
3403
3012
2794
3103
3092
2254
1254
689
396
307
200
-452
-1250
-1686
-1691
-1651
-1599
-1765
-1940
-1824
-1491
-1130
-655
-81
391
751
1071
1577
2309
3044
3682
4118
4431
4780
5412
6225
6819
7135
7567
8223
7853
6819
6707
7393
7569
6805
4746
2043
1282
2255
2346
308
-2335
-4612
-5291
-4293
-3996
-5814
-8231
-9218
-9240
-8362
-7725
-8296
-9478
-9325
-8477
-7461
-6397
-5867
-5615
-4891
-3964
-3268
-2017
-747
52
699
1258
1452
2184
3540
4173
3882
3359
2909
2859
3556
3740
2605
1284
666
623
920
866
-187
-1362
-1768
-1579
-1286
-1287
-1717
-2211
-2140
-1678
-1204
-768
-394
-92
253
680
1217
1954
2648
3165
3542
3892
4325
5031
5861
6327
6571
6966
7780
8097
7188
6504
6858
7393
7165
5811
3198
1476
1801
2517
1404
-1019
-3489
-4975
-4624
-3912
-4803
-7144
-8654
-9055
-8631
-7896
-7937
-8963
-9280
-8580
-7844
-6903
-6176
-5717
-5148
-4231
-3584
-2779
-1497
-344
452
1061
1372
1656
2638
3791
4115
3680
3072
2742
3026
3634
3248
2051
928
541
787
965
451
-626
-1457
-1654
-1285
-1124
-1331
-1782
-1992
-1790
-1340
-821
-406
-77
195
580
1035
1648
2366
2995
3492
3849
4211
4683
5421
6139
6675
7053
7579
7948
7220
6612
7007
7558
7221
6050
3759
1966
1991
2604
1694
-569
-2828
-4473
-4489
-3918
-4574
-6680
-8311
-8901
-8724
-8076
-7972
-8855
-9400
-8891
-8244
-7271
-6474
-6073
-5630
-4799
-4042
-3169
-1892
-849
-168
537
1113
1567
2414
3354
3684
3538
3221
3004
3106
3478
3178
2264
1384
913
981
1044
555
-318
-1019
-1313
-1111
-987
-1261
-1630
-1751
-1643
-1340
-883
-519
-213
227
615
955
1484
2242
2823
3361
3908
4219
4563
5229
5958
6492
7092
7552
7932
7342
6596
6788
7542
7523
6432
4237
2143
1845
2561
2220
-3
-2465
-4279
-4602
-3933
-4112
-6056
-8149
-8864
-8724
-8065
-7748
-8395
-9338
-8984
-8163
-7256
-6446
-5935
-5538
-4841
-3969
-3221
-2124
-935
-76
501
1032
1408
2128
3234
3805
3608
3056
2801
2898
3416
3294
2304
1137
586
646
864
564
-459
-1349
-1646
-1380
-1245
-1372
-1858
-2113
-1930
-1537
-1201
-870
-432
-27
344
731
1293
1953
2688
3174
3472
3768
4406
5136
5766
6096
6430
6918
7833
8160
7031
6300
6749
7477
7299
5996
3302
1589
1890
2698
1703
-721
-3112
-4698
-4397
-3635
-4390
-6693
-8287
-8802
-8433
-7640
-7631
-8599
-9099
-8487
-7756
-6829
-6120
-5695
-5207
-4424
-3711
-2862
-1689
-669
93
765
1176
1637
2515
3332
3548
3374
3084
2872
2963
3029
2619
1896
1244
729
467
377
24
-544
-1034
-1402
-1585
-1503
-1429
-1537
-1575
-1607
-1456
-979
-329
188
511
807
1181
1811
2517
3077
3504
3993
4501
4807
5278
5820
6478
7135
7841
7920
6768
6034
6695
7603
7364
5982
3296
1385
1729
2628
1741
-763
-3118
-4797
-4647
-3805
-4421
-6682
-8311
-8834
-8622
-7816
-7671
-8544
-9129
-8529
-7874
-7053
-6156
-5707
-5227
-4395
-3764
-3103
-1823
-599
145
805
1145
1425
2461
3664
3911
3490
3060
2789
3141
3613
3192
1958
1071
744
738
841
382
-659
-1391
-1401
-1300
-1305
-1501
-1884
-1952
-1616
-1303
-1124
-771
-238
326
821
1136
1473
2112
2914
3527
3909
4213
4534
5120
5925
6481
6857
7327
7974
7707
6713
6540
7172
7414
6794
5008
2465
1471
2133
2334
599
-1846
-3949
-4896
-4269
-3977
-5510
-7723
-8732
-8795
-8177
-7656
-8113
-9087
-8999
-8109
-7339
-6571
-6041
-5593
-4835
-3935
-3315
-2450
-1291
-315
476
1056
1380
2043
3059
3585
3460
3221
3076
3160
3320
2910
1991
1296
1057
809
509
-74
-841
-1275
-1341
-1472
-1786
-2021
-2283
-2220
-1833
-1589
-1577
-1305
-741
-100
533
984
1292
1826
2525
3189
3783
4231
4588
5058
5759
6272
6768
7301
7981
8344
7595
6725
6854
7652
7569
6477
4212
2074
1663
2485
2127
-148
-2542
-4357
-4808
-4198
-4300
-6235
-8201
-8825
-8730
-8154
-7806
-8368
-9134
-8737
-7864
-7158
-6430
-5757
-5174
-4429
-3631
-2962
-2034
-857
134
885
1380
1738
2300
3024
3425
3461
3402
3200
2886
2537
2171
1763
1479
1048
352
-287
-659
-780
-928
-1214
-1770
-2123
-2184
-1978
-1628
-1418
-1479
-1463
-929
-183
546
1084
1379
1604
2122
2934
3725
4311
4697
4854
5147
5844
6622
7192
7835
8233
7378
6357
6501
7420
7594
6748
4557
1951
1237
2206
2372
462
-2087
-4385
-5201
-4376
-3991
-5570
-7801
-8920
-9093
-8296
-7578
-8015
-9013
-9021
-8263
-7359
-6365
-5746
-5365
-4681
-3869
-3199
-2170
-950
-21
735
1288
1506
2021
3104
3798
3725
3406
3068
2848
3077
3111
2415
1480
934
631
470
320
-201
-972
-1414
-1494
-1562
-1653
-1744
-1802
-1711
-1504
-1318
-931
-297
340
768
1067
1418
1977
2820
3591
4033
4263
4590
5055
5844
6619
6975
7357
8021
7801
6833
6590
7106
7345
6924
5399
2760
1278
1755
2199
957
-1288
-3804
-5372
-4909
-4196
-5143
-7203
-8698
-9364
-8802
-7826
-7900
-8805
-9092
-8587
-7756
-6680
-5949
-5562
-4897
-4085
-3459
-2542
-1406
-418
512
1170
1357
1829
2723
3399
3727
3580
3060
2757
2992
2909
2378
1680
968
427
386
241
-480
-1020
-1289
-1548
-1623
-1609
-1955
-2024
-1543
-1245
-1221
-926
-428
139
879
1427
1630
2090
2864
3543
4184
4669
4831
5110
5914
6661
7093
7479
8019
7981
7153
6705
7023
7392
7004
5644
3225
1475
1510
2039
1080
-1187
-3607
-5263
-5172
-4421
-5037
-7112
-8682
-9243
-8873
-7969
-7786
-8650
-9144
-8554
-7648
-6650
-5842
-5434
-4956
-4006
-3194
-2423
-1351
-355
480
1334
1793
2077
2846
3521
3827
3985
3822
3152
2768
2704
2476
2061
1437
379
-516
-572
-551
-857
-1341
-1996
-2556
-2418
-2030
-1967
-1883
-1813
-1790
-1487
-754
-112
480
1030
1409
1784
2454
3134
3806
4593
4999
5059
5360
6125
6822
7510
8127
8380
7683
6647
6595
7452
7886
6912
4754
2198
1170
1749
2121
515
-2195
-4563
-5598
-5101
-4604
-5595
-7717
-9089
-9456
-8799
-8060
-8035
-8696
-8897
-8412
-7546
-6476
-5701
-5075
-4360
-3558
-3030
-2093
-835
292
1191
1882
2002
2265
3195
3972
4263
4143
3637
2878
2658
2716
2620
1966
901
-224
-727
-610
-636
-1054
-1866
-2596
-2770
-2360
-2151
-2144
-2115
-2076
-1927
-1374
-631
-32
567
1109
1501
1910
2618
3429
4192
4759
5036
5160
5667
6574
7356
7782
8123
8341
7678
6901
7103
7733
7478
6454
4580
2316
1342
1732
1575
-126
-2262
-4378
-5598
-5429
-5060
-6048
-7733
-8907
-9501
-9202
-8510
-8317
-8698
-8681
-8371
-7763
-6811
-5847
-5017
-4162
-3483
-3098
-2205
-832
403
1330
1888
1884
2164
3108
3873
3998
3815
3386
2866
2730
2796
2492
1797
1047
372
-69
-256
-481
-944
-1470
-1857
-2037
-2021
-1915
-1757
-1635
-1661
-1519
-1006
-301
332
804
1128
1436
2037
2884
3639
4131
4495
4736
5160
5977
6715
7139
7573
8070
7752
6849
6569
7032
7363
6890
5380
2914
1294
1307
1693
770
-1183
-3567
-5365
-5577
-5112
-5435
-6894
-8371
-9397
-9387
-8735
-8340
-8530
-8612
-8418
-7951
-7045
-6162
-5324
-4378
-3449
-2922
-2277
-1266
-171
1001
2068
2442
2428
2712
3213
3702
4125
4087
3398
2655
2287
2186
2181
1873
1068
183
-443
-721
-752
-803
-1186
-1677
-1965
-2065
-1897
-1457
-1218
-1184
-930
-480
-25
535
1195
1707
2101
2641
3195
3729
4338
4856
5196
5638
6183
6658
7224
7928
7953
6867
6121
6407
7025
6856
5670
3309
1178
722
1276
905
-801
-3071
-5149
-5771
-5323
-5266
-6470
-7950
-9061
-9331
-8726
-8219
-8300
-8432
-8170
-7794
-7030
-6135
-5337
-4463
-3440
-2852
-2502
-1655
-555
601
1726
2240
2010
2001
2718
3533
3955
3749
2958
2165
2138
2489
2453
1776
819
180
-3
41
-113
-582
-1138
-1374
-1306
-1226
-1268
-1208
-1064
-864
-535
-123
211
612
1212
1787
2091
2379
2882
3542
4228
4716
4901
5022
5515
6264
7068
7712
7733
6681
5812
6051
6817
6880
5865
3828
1672
819
1099
1012
-237
-2134
-4124
-5247
-5373
-5370
-6096
-7226
-8200
-8768
-8726
-8559
-8458
-8263
-7823
-7449
-7038
-6575
-5986
-4974
-3726
-2849
-2477
-2044
-1346
-289
1069
2050
2290
2090
2138
2605
3255
3551
3231
2494
1863
1608
1622
1484
976
484
73
-340
-667
-871
-1061
-1151
-1094
-1183
-1405
-1378
-1078
-664
-182
236
453
683
1186
1888
2449
2780
3052
3480
4113
4720
5100
5264
5540
6064
6759
7501
7897
7197
6022
5679
6248
6642
6158
4542
2182
601
519
798
179
-1383
-3463
-5098
-5526
-5398
-5723
-6579
-7558
-8448
-8624
-8319
-8232
-8194
-7740
-7259
-6918
-6434
-5956
-5377
-4222
-2958
-2304
-1926
-1377
-755
276
1593
2404
2398
2282
2375
2655
3067
3227
2826
2165
1624
1276
1073
837
484
180
-118
-499
-909
-1158
-1275
-1183
-1023
-1059
-1218
-1157
-854
-391
221
740
1037
1289
1698
2233
2752
3169
3512
3939
4426
4783
4938
5145
5580
6157
6740
7282
7451
6757
5731
5424
5868
6093
5526
3975
1821
237
-52
122
-408
-1800
-3628
-5145
-5726
-5779
-6086
-6755
-7464
-8078
-8308
-8231
-8211
-8172
-7669
-6948
-6359
-5946
-5635
-5153
-4127
-2869
-1982
-1432
-946
-428
383
1479
2259
2376
2342
2502
2766
2935
2886
2477
1951
1625
1468
1209
765
312
7
-133
-262
-555
-934
-1183
-1203
-1116
-980
-882
-833
-723
-405
52
548
1021
1374
1637
1962
2366
2701
3090
3570
3960
4225
4462
4699
5005
5474
5946
6377
6726
6583
5847
5298
5321
5381
5132
4403
2997
1412
509
149
-350
-1111
-2170
-3511
-4603
-5142
-5606
-6177
-6597
-6997
-7443
-7631
-7633
-7665
-7439
-6890
-6365
-5899
-5349
-4838
-4245
-3380
-2526
-1830
-1125
-410
200
883
1496
1742
1888
2217
2516
2623
2599
2279
1795
1542
1512
1391
1107
734
280
-75
-252
-431
-676
-882
-1064
-1189
-1138
-1034
-998
-926
-719
-431
-93
263
556
767
1037
1387
1743
2096
2412
2720
3075
3463
3814
4132
4446
4786
5203
5654
6002
6010
5705
5383
5238
5152
4966
4513
3661
2617
1648
891
248
-436
-1299
-2338
-3294
-4058
-4722
-5347
-5916
-6514
-7008
-7194
-7156
-7128
-7108
-6984
-6748
-6285
-5615
-4913
-4270
-3637
-2992
-2283
-1410
-515
228
843
1354
1718
2029
2373
2630
2722
2697
2563
2338
2139
1942
1682
1416
1129
725
326
46
-241
-566
-846
-1118
-1431
-1610
-1604
-1517
-1353
-1147
-1032
-943
-726
-455
-107
368
799
1051
1278
1576
1898
2328
2879
3345
3668
3946
4167
4446
4895
5389
5739
5929
5917
5654
5377
5225
5027
4685
4199
3470
2582
1726
898
22
-843
-1698
-2577
-3390
-4134
-4942
-5768
-6457
-6972
-7274
-7311
-7250
-7216
-7109
-6862
-6460
-5853
-5100
-4354
-3606
-2789
-1950
-1101
-271
489
1172
1881
2552
3046
3334
3352
3159
2980
2899
2817
2627
2237
1649
982
430
1
-367
-704
-1133
-1647
-2116
-2511
-2860
-3084
-3135
-3084
-2934
-2672
-2396
-2101
-1732
-1281
-777
-202
376
886
1436
2011
2484
2930
3392
3793
4173
4598
4991
5251
5450
5591
5695
5852
5987
5979
5854
5630
5242
4772
4364
3897
3281
2621
1865
988
107
-765
-1664
-2512
-3283
-4046
-4744
-5331
-5916
-6458
-6800
-6955
-7001
-6849
-6507
-6152
-5734
-5196
-4576
-3846
-3004
-2151
-1341
-537
226
903
1609
2295
2773
3106
3315
3343
3214
3048
2817
2431
1973
1421
807
239
-300
-845
-1372
-1848
-2338
-2805
-3132
-3401
-3668
-3843
-3899
-3867
-3705
-3391
-3021
-2580
-2042
-1451
-785
-75
577
1153
1713
2287
2815
3320
3818
4206
4484
4729
4953
5141
5298
5413
5428
5347
5196
4983
4810
4663
4458
4178
3811
3306
2704
2132
1615
1088
514
-131
-841
-1586
-2278
-2879
-3422
-3871
-4272
-4611
-4838
-4991
-5099
-5142
-5078
-4879
-4557
-4096
-3570
-3050
-2524
-1962
-1339
-692
-64
496
971
1390
1736
2024
2265
2377
2335
2149
1863
1484
1048
628
197
-278
-803
-1362
-1903
-2374
-2739
-3008
-3202
-3347
-3484
-3568
-3562
-3490
-3369
-3142
-2789
-2370
-1883
-1338
-792
-220
354
959
1593
2191
2739
3173
3552
3865
4105
4321
4512
4636
4648
4586
4484
4329
4183
4010
3750
3450
3119
2805
2521
2293
2052
1755
1475
1139
772
430
136
-144
-437
-730
-1044
-1372
-1663
-1904
-2108
-2252
-2361
-2426
-2439
-2416
-2417
-2425
-2377
-2287
-2125
-1892
-1620
-1379
-1164
-952
-758
-546
-336
-181
-61
6
16
-7
-57
-146
-345
-583
-830
-1119
-1380
-1616
-1829
-2061
-2295
-2500
-2673
-2759
-2776
-2728
-2631
-2503
-2358
-2179
-1918
-1631
-1348
-994
-576
-125
345
807
1251
1638
2022
2398
2745
3091
3356
3508
3592
3617
3579
3515
3456
3345
3163
2970
2721
2449
2183
1914
1677
1429
1202
985
827
729
649
608
597
605
596
598
592
579
572
574
550
502
405
253
92
-90
-246
-401
-535
-678
-863
-1074
-1288
-1477
-1629
-1705
-1751
-1795
-1863
-1926
-1965
-1964
-1900
-1822
-1736
-1682
-1650
-1633
-1591
-1551
-1520
-1487
-1465
-1455
-1489
-1538
-1593
-1625
-1616
-1592
-1549
-1494
-1445
-1398
-1312
-1170
-1011
-846
-639
-459
-289
-107
109
359
620
900
1132
1339
1499
1650
1809
1966
2098
2161
2177
2126
2020
1910
1826
1719
1625
1519
1402
1283
1166
1083
1013
974
951
960
978
1018
1083
1166
1305
1451
1599
1747
1873
1938
1968
1963
1940
1878
1751
1560
1273
946
584
226
-128
-488
-861
-1232
-1581
-1909
-2193
-2444
-2626
-2772
-2866
-2919
-2924
-2873
-2766
-2599
-2410
-2194
-1994
-1782
-1577
-1359
-1142
-950
-777
-646
-543
-489
-468
-471
-465
-473
-482
-514
-562
-594
-609
-580
-546
-514
-488
-454
-429
-371
-295
-225
-124
-23
84
163
259
347
453
573
682
773
809
854
865
886
882
889
887
898
914
912
958
1016
1105
1201
1322
1420
1519
1613
1712
1823
1942
2089
2203
2314
2373
2403
2406
2392
2355
2259
2115
1906
1643
1328
992
620
245
-149
-554
-950
-1335
-1679
-1988
-2226
-2421
-2560
-2666
-2731
-2756
-2717
-2612
-2456
-2255
-2040
-1797
-1567
-1328
-1105
-887
-655
-455
-283
-158
-76
-43
-36
-57
-97
-171
-280
-394
-520
-617
-710
-796
-876
-934
-977
-1005
-1032
-1060
-1049
-1026
-977
-922
-854
-789
-698
-576
-446
-301
-142
25
182
346
493
636
775
922
1046
1174
1285
1384
1516
1623
1751
1854
1957
2043
2112
2179
2228
2262
2277
2288
2275
2266
2222
2170
2099
2013
1908
1786
1644
1461
1249
1000
760
493
231
-47
-349
-648
-943
-1192
-1404
-1572
-1714
-1824
-1907
-1959
-1970
-1938
-1869
-1768
-1631
-1495
-1339
-1183
-1029
-874
-717
-568
-460
-385
-342
-320
-321
-340
-396
-482
-597
-736
-889
-1061
-1226
-1385
-1508
-1597
-1657
-1733
-1792
-1828
-1835
-1791
-1710
-1598
-1465
-1313
-1158
-989
-809
-608
-371
-112
153
408
653
879
1102
1309
1505
1680
1836
1958
2041
2103
2143
2162
2170
2170
2141
2094
2028
1941
1852
1778
1715
1648
1571
1485
1402
1314
1254
1193
1153
1139
1129
1099
1050
990
904
815
750
679
587
467
326
163
-4
-153
-293
-426
-550
-658
-758
-859
-966
-1054
-1120
-1178
-1220
-1265
-1309
-1360
-1412
-1455
-1492
-1521
-1547
-1584
-1642
-1707
-1772
-1830
-1868
-1894
-1912
-1935
-1968
-1983
-1985
-1963
-1886
-1778
-1655
-1519
-1376
-1232
-1073
-895
-717
-525
-318
-129
37
180
323
456
599
741
890
1023
1135
1211
1281
1354
1399
1442
1467
1475
1473
1448
1412
1380
1357
1335
1320
1311
1289
1280
1278
1278
1310
1352
1403
1464
1507
1544
1592
1655
1745
1834
1920
1967
1980
1964
1913
1835
1727
1594
1436
1239
1000
721
411
101
-213
-527
-831
-1124
-1401
-1663
-1907
-2122
-2316
-2485
-2620
-2731
-2809
-2857
-2866
-2847
-2792
-2704
-2588
-2450
-2322
-2190
-2047
-1884
-1705
-1524
-1343
-1188
-1062
-961
-869
-783
-675
-553
-426
-297
-199
-116
-47
0
52
92
127
181
220
258
287
287
313
357
419
499
586
680
771
867
966
1060
1148
1223
1284
1355
1422
1491
1558
1619
1704
1782
1860
1923
1978
2044
2108
2177
2233
2282
2324
2351
2371
2374
2367
2361
2346
2293
2184
2017
1785
1512
1215
874
500
100
-323
-756
-1190
-1609
-2006
-2376
-2678
-2923
-3104
-3239
-3346
-3418
-3449
-3433
-3372
-3250
-3073
-2853
-2595
-2319
-2053
-1792
-1537
-1299
-1061
-839
-641
-461
-322
-224
-182
-186
-217
-269
-319
-360
-387
-405
-423
-442
-467
-493
-504
-498
-481
-465
-428
-393
-350
-296
-237
-163
-66
59
218
402
616
835
1036
1229
1401
1561
1706
1842
1966
2098
2217
2334
2440
2523
2594
2663
2724
2773
2804
2826
2846
2832
2799
2751
2682
2595
2501
2395
2268
2101
1873
1579
1220
819
401
-42
-493
-959
-1439
-1898
-2332
-2728
-3082
-3364
-3564
-3691
-3735
-3726
-3677
-3593
-3458
-3273
-3049
-2777
-2466
-2131
-1780
-1438
-1137
-871
-624
-408
-219
-58
51
115
149
136
72
-44
-207
-388
-571
-740
-883
-972
-1037
-1077
-1109
-1126
-1118
-1084
-1013
-922
-829
-722
-593
-474
-334
-170
4
201
442
717
1013
1318
1593
1846
2078
2277
2444
2598
2703
2788
2888
2982
3049
3094
3127
3116
3104
3092
3065
3025
2968
2875
2748
2617
2461
2301
2149
1983
1802
1556
1218
805
378
-55
-500
-953
-1423
-1902
-2353
-2728
-3060
-3348
-3569
-3732
-3825
-3801
-3690
-3573
-3424
-3228
-2993
-2711
-2371
-2017
-1690
-1342
-984
-648
-358
-142
-20
36
68
88
68
18
-64
-188
-353
-571
-850
-1163
-1437
-1653
-1774
-1838
-1884
-1898
-1852
-1744
-1594
-1411
-1236
-1070
-858
-555
-235
55
320
562
797
1098
1459
1789
2106
2444
2760
3040
3303
3462
3476
3454
3444
3407
3360
3309
3193
3046
2957
2868
2717
2580
2441
2293
2208
2167
2077
1983
1953
1902
1837
1722
1435
1014
630
251
-188
-630
-1141
-1745
-2282
-2678
-3076
-3460
-3747
-3977
-4121
-4066
-3925
-3858
-3732
-3513
-3276
-2937
-2496
-2104
-1718
-1229
-727
-294
86
338
411
448
504
493
423
337
205
35
-122
-374
-769
-1177
-1569
-1920
-2182
-2391
-2614
-2784
-2783
-2637
-2409
-2086
-1773
-1495
-1096
-601
-147
264
640
933
1217
1592
1940
2157
2372
2636
2894
3185
3458
3566
3536
3527
3507
3386
3252
3061
2794
2610
2537
2437
2325
2270
2222
2226
2349
2465
2512
2612
2740
2802
2842
2736
2310
1764
1291
778
196
-404
-1139
-1970
-2629
-3134
-3677
-4157
-4526
-4850
-4981
-4877
-4778
-4733
-4572
-4328
-4005
-3482
-2883
-2373
-1812
-1124
-484
63
540
823
938
1053
1133
1079
966
811
584
393
224
-96
-549
-955
-1352
-1757
-2088
-2476
-2977
-3310
-3331
-3179
-2904
-2525
-2207
-1892
-1379
-782
-299
153
623
1008
1418
1876
2140
2206
2307
2463
2636
2931
3235
3359
3453
3612
3623
3479
3301
3033
2736
2630
2615
2560
2591
2702
2782
2933
3172
3274
3331
3515
3704
3865
3963
3607
2803
2080
1489
746
-22
-811
-1876
-2902
-3488
-4016
-4702
-5206
-5575
-5898
-5840
-5478
-5317
-5214
-4878
-4493
-3992
-3240
-2559
-2022
-1279
-433
243
892
1427
1598
1677
1855
1852
1655
1480
1186
787
531
218
-365
-914
-1331
-1850
-2353
-2736
-3284
-3911
-4173
-4122
-3969
-3627
-3193
-2886
-2485
-1815
-1150
-589
42
659
1165
1720
2214
2402
2439
2563
2710
2928
3314
3606
3718
3890
4028
3909
3682
3439
3075
2803
2785
2799
2801
2943
3129
3307
3563
3754
3790
3931
4245
4545
4756
4485
3502
2462
1740
886
-106
-1062
-2324
-3686
-4430
-4859
-5608
-6286
-6661
-7015
-6994
-6413
-5996
-5862
-5456
-4856
-4232
-3362
-2438
-1750
-917
181
1134
1888
2520
2795
2852
3013
3058
2828
2530
2169
1655
1173
694
-12
-799
-1444
-2053
-2660
-3171
-3698
-4316
-4777
-4872
-4733
-4482
-4128
-3750
-3347
-2763
-2020
-1318
-661
30
694
1286
1860
2288
2468
2605
2839
3112
3429
3762
3964
4095
4243
4265
4100
3857
3589
3313
3177
3189
3219
3293
3478
3744
4018
4240
4447
4664
4896
5195
5419
5006
3855
2673
1713
602
-560
-1670
-3137
-4651
-5471
-5972
-6752
-7377
-7693
-7989
-7838
-7112
-6534
-6214
-5626
-4897
-4144
-3077
-1968
-1124
-140
1078
2069
2857
3477
3657
3588
3634
3553
3200
2809
2331
1684
1080
485
-342
-1236
-1975
-2650
-3248
-3643
-3976
-4429
-4830
-5001
-4951
-4725
-4380
-3992
-3588
-3013
-2283
-1523
-783
-87
523
1087
1680
2195
2549
2824
3092
3337
3633
3922
4067
4161
4281
4316
4227
4114
3931
3690
3577
3593
3596
3643
3834
4080
4320
4557
4795
5010
5186
5392
5497
4977
3741
2476
1439
213
-1071
-2250
-3758
-5334
-6200
-6678
-7413
-7995
-8200
-8336
-8065
-7195
-6435
-5954
-5223
-4312
-3404
-2236
-1026
-100
911
2136
3135
3851
4386
4510
4348
4236
4002
3442
2814
2170
1359
551
-207
-1202
-2316
-3151
-3841
-4561
-5043
-5276
-5651
-6056
-6090
-5902
-5674
-5178
-4511
-3921
-3217
-2270
-1357
-560
258
975
1540
2132
2692
3046
3337
3648
3887
4112
4420
4642
4745
4896
4975
4853
4661
4462
4180
3972
3961
3952
3933
4140
4451
4582
4688
4901
4996
4986
5168
5190
4382
3075
1913
723
-635
-1782
-2934
-4512
-5854
-6475
-6997
-7635
-7929
-8049
-8107
-7576
-6661
-6005
-5399
-4547
-3682
-2703
-1479
-427
432
1496
2608
3454
4095
4426
4303
4080
3918
3525
2923
2294
1584
801
115
-669
-1742
-2758
-3522
-4198
-4758
-5091
-5370
-5672
-5812
-5782
-5730
-5521
-5083
-4568
-3922
-3072
-2205
-1415
-548
295
952
1567
2164
2584
2915
3287
3542
3695
3922
4154
4314
4515
4668
4631
4547
4453
4211
3971
3878
3758
3642
3760
4034
4308
4592
4818
4954
5133
5362
5544
5547
4912
3589
2303
1220
-123
-1499
-2694
-4162
-5628
-6366
-6804
-7514
-7975
-7991
-7946
-7562
-6668
-5909
-5370
-4534
-3516
-2533
-1429
-357
516
1499
2645
3551
4089
4332
4266
4009
3730
3311
2656
1931
1186
423
-314
-1176
-2230
-3184
-3901
-4545
-5039
-5281
-5462
-5570
-5418
-5192
-5125
-4953
-4532
-4054
-3452
-2625
-1830
-1168
-359
521
1207
1789
2347
2750
3073
3400
3607
3673
3757
3899
4022
4175
4259
4187
4079
4028
3918
3729
3588
3451
3362
3462
3663
3841
4081
4279
4369
4594
4898
5059
5163
5020
4103
2758
1666
548
-814
-1999
-3192
-4698
-5849
-6355
-6890
-7465
-7640
-7652
-7514
-6847
-5972
-5321
-4626
-3728
-2820
-1798
-636
342
1220
2250
3210
3855
4258
4349
4098
3774
3396
2754
1971
1247
497
-317
-1093
-1991
-3022
-3842
-4415
-4953
-5367
-5545
-5675
-5652
-5322
-5010
-4868
-4579
-4086
-3558
-2840
-1974
-1312
-726
74
871
1470
2025
2515
2838
3176
3540
3710
3715
3761
3842
3913
3987
3987
3840
3668
3612
3581
3496
3394
3333
3387
3600
3846
4081
4369
4562
4692
5007
5355
5479
5598
5562
4664
3235
2060
764
-806
-1989
-3158
-4841
-6099
-6580
-7230
-7842
-7825
-7829
-7803
-6975
-5942
-5341
-4501
-3417
-2630
-1657
-341
590
1373
2458
3312
3770
4186
4255
3862
3526
3114
2272
1390
643
-282
-1161
-1814
-2648
-3603
-4211
-4612
-5046
-5272
-5287
-5320
-5181
-4711
-4273
-4009
-3623
-3107
-2605
-1972
-1291
-810
-360
286
915
1372
1774
2094
2336
2653
2958
3036
2988
2975
2998
3082
3173
3139
3031
2985
3048
3154
3225
3233
3237
3327
3550
3830
4035
4221
4462
4686
4949
5372
5696
5725
5647
5200
4009
2641
1551
239
-1283
-2490
-3759
-5269
-6202
-6581
-7178
-7652
-7515
-7302
-6976
-6060
-5070
-4418
-3611
-2572
-1689
-764
337
1216
1925
2727
3362
3635
3706
3573
3170
2632
1952
1064
143
-703
-1526
-2259
-2908
-3630
-4293
-4671
-4925
-5178
-5222
-5105
-4995
-4675
-4120
-3665
-3298
-2755
-2167
-1677
-1114
-546
-133
350
975
1494
1895
2284
2537
2689
2897
3015
2934
2859
2833
2744
2738
2828
2814
2752
2825
2954
3004
3078
3227
3327
3439
3654
3873
4039
4305
4668
4951
5181
5474
5688
5736
5617
4962
3695
2363
1134
-291
-1717
-2992
-4468
-5865
-6553
-6982
-7617
-7862
-7653
-7454
-6905
-5823
-4967
-4344
-3306
-2179
-1344
-358
709
1425
2178
3089
3585
3679
3738
3509
2957
2426
1683
587
-381
-1109
-1891
-2567
-3077
-3698
-4280
-4505
-4646
-4915
-4982
-4808
-4576
-4128
-3444
-2899
-2507
-1966
-1390
-996
-641
-276
-30
246
679
1047
1262
1494
1723
1862
1975
2017
1953
1908
1936
1981
2048
2158
2222
2342
2591
2804
2944
3136
3380
3596
3890
4220
4410
4502
4690
5038
5362
5526
5619
5635
5464
5293
5141
4414
3006
1629
404
-1039
-2358
-3419
-4811
-6188
-6724
-6925
-7356
-7438
-7074
-6760
-6127
-4945
-3997
-3389
-2472
-1426
-607
268
1116
1655
2176
2823
3184
3201
3057
2640
2035
1452
695
-299
-1147
-1816
-2446
-2890
-3199
-3633
-4000
-4075
-4119
-4192
-4084
-3845
-3581
-3114
-2490
-2043
-1694
-1245
-843
-591
-369
-152
-26
129
406
646
755
855
995
1108
1161
1213
1262
1285
1378
1554
1738
1919
2129
2324
2532
2739
2902
3069
3257
3418
3586
3792
3943
4023
4107
4214
4338
4493
4568
4498
4430
4380
4199
3921
3383
2320
1097
107
-956
-2190
-3244
-4273
-5358
-5919
-5961
-6127
-6212
-5799
-5260
-4662
-3684
-2757
-2230
-1601
-769
-120
447
1087
1504
1752
2112
2313
2154
1852
1411
766
151
-451
-1193
-1865
-2321
-2701
-3008
-3163
-3328
-3489
-3453
-3298
-3190
-3007
-2667
-2324
-1950
-1468
-1075
-851
-598
-340
-258
-256
-209
-203
-178
24
234
281
366
542
619
687
820
851
842
1043
1329
1551
1832
2087
2219
2420
2705
2872
2986
3175
3315
3444
3687
3887
3952
4037
4157
4234
4301
4311
4271
4267
4226
4082
3887
3419
2521
1541
597
-630
-1932
-2911
-3854
-4797
-5227
-5344
-5616
-5653
-5237
-4891
-4537
-3808
-3104
-2621
-1931
-1152
-684
-237
327
675
913
1245
1397
1285
1179
1015
634
179
-298
-867
-1387
-1745
-2041
-2278
-2425
-2520
-2502
-2351
-2228
-2174
-2070
-1926
-1785
-1589
-1351
-1229
-1163
-977
-767
-670
-626
-576
-589
-596
-474
-348
-314
-267
-116
46
203
404
575
741
1003
1315
1598
1849
2050
2204
2372
2501
2570
2641
2733
2833
2984
3163
3274
3398
3552
3671
3726
3716
3654
3603
3598
3567
3548
3530
3376
3147
2890
2302
1359
436
-502
-1603
-2514
-3215
-4035
-4709
-4911
-5036
-5207
-4997
-4638
-4375
-3791
-2977
-2435
-1970
-1300
-825
-515
-13
374
481
700
993
1013
957
915
627
218
-90
-470
-929
-1214
-1421
-1634
-1667
-1615
-1680
-1688
-1583
-1612
-1669
-1551
-1437
-1389
-1192
-910
-773
-667
-471
-413
-503
-546
-591
-681
-692
-562
-437
-312
-112
73
226
394
550
666
828
1027
1206
1400
1584
1703
1792
1928
2053
2136
2261
2376
2461
2563
2710
2844
2918
2976
3008
3006
2973
2956
2972
2949
2973
3109
3199
3114
2949
2622
1923
1098
314
-646
-1696
-2493
-3185
-3944
-4396
-4543
-4772
-4856
-4518
-4139
-3809
-3185
-2510
-2078
-1592
-1010
-642
-375
50
388
576
858
1090
1099
1012
883
548
152
-209
-619
-986
-1244
-1457
-1626
-1674
-1681
-1736
-1690
-1606
-1595
-1505
-1329
-1217
-1119
-904
-724
-602
-433
-314
-304
-296
-256
-286
-302
-234
-206
-179
-75
3
0
60
149
187
309
516
689
855
1077
1234
1310
1431
1518
1559
1666
1790
1889
2026
2207
2305
2417
2586
2675
2756
2901
2992
2981
3060
3145
3120
3169
3273
3207
3032
2879
2444
1705
961
133
-891
-1829
-2551
-3298
-3931
-4188
-4330
-4452
-4295
-3920
-3604
-3180
-2570
-2096
-1723
-1266
-852
-587
-264
102
325
550
778
841
759
637
410
49
-276
-580
-913
-1141
-1284
-1427
-1508
-1496
-1513
-1518
-1418
-1348
-1306
-1191
-1041
-962
-851
-684
-618
-571
-484
-443
-465
-441
-401
-433
-411
-336
-330
-332
-267
-229
-221
-117
10
117
314
584
798
987
1221
1353
1396
1476
1530
1519
1539
1631
1681
1729
1845
1943
2033
2155
2279
2375
2468
2557
2589
2622
2637
2620
2625
2651
2613
2493
2338
1993
1450
825
110
-714
-1493
-2139
-2770
-3274
-3536
-3663
-3718
-3584
-3293
-3024
-2682
-2226
-1826
-1473
-1081
-711
-447
-170
131
334
495
648
714
672
599
463
222
-19
-271
-538
-776
-939
-1059
-1146
-1148
-1135
-1103
-1043
-992
-949
-901
-830
-785
-722
-647
-598
-538
-482
-431
-407
-393
-395
-431
-449
-468
-478
-459
-410
-362
-303
-204
-141
-72
27
112
194
306
446
566
693
831
943
1027
1084
1138
1165
1212
1277
1368
1494
1658
1869
2092
2311
2494
2659
2793
2880
2941
2984
3011
3026
3046
3031
2936
2747
2435
1960
1348
685
-23
-765
-1451
-2072
-2600
-2985
-3234
-3362
-3387
-3288
-3115
-2875
-2567
-2243
-1922
-1600
-1281
-991
-732
-485
-259
-54
120
239
305
318
274
183
57
-102
-260
-402
-514
-608
-689
-750
-819
-888
-948
-1013
-1062
-1103
-1118
-1115
-1103
-1071
-1056
-1032
-998
-968
-934
-887
-830
-741
-644
-538
-419
-323
-232
-150
-92
-58
-42
-35
-45
-63
-76
-94
-109
-119
-118
-115
-80
-26
48
172
321
498
679
878
1089
1308
1534
1778
2024
2272
2521
2743
2934
3069
3159
3216
3256
3277
3279
3268
3222
3135
2972
2717
2335
1825
1224
562
-121
-797
-1424
-1985
-2456
-2800
-3002
-3113
-3117
-3012
-2812
-2547
-2231
-1891
-1553
-1221
-902
-605
-335
-82
148
345
488
573
586
511
366
161
-88
-344
-587
-801
-975
-1095
-1184
-1233
-1261
-1273
-1251
-1216
-1161
-1074
-948
-798
-641
-483
-349
-246
-182
-152
-163
-207
-255
-307
-347
-373
-418
-476
-534
-602
-672
-724
-759
-768
-741
-686
-608
-525
-451
-394
-355
-306
-229
-125
31
234
466
717
959
1192
1385
1533
1644
1734
1815
1892
1967
2034
2099
2161
2214
2246
2269
2294
2319
2359
2409
2456
2479
2466
2392
2250
2027
1692
1263
747
186
-388
-958
-1475
-1926
-2283
-2503
-2589
-2565
-2449
-2247
-2003
-1738
-1467
-1233
-1034
-871
-727
-599
-492
-391
-308
-239
-182
-149
-168
-223
-309
-419
-526
-631
-706
-753
-759
-729
-676
-604
-536
-475
-425
-405
-420
-442
-481
-531
-600
-681
-772
-877
-992
-1103
-1208
-1298
-1360
-1403
-1402
-1364
-1291
-1165
-1007
-822
-613
-395
-175
27
228
388
508
594
644
674
688
688
686
695
711
750
808
902
1033
1173
1336
1507
1673
1833
1994
2140
2265
2376
2473
2555
2639
2704
2751
2766
2737
2678
2567
2411
2207
1967
1676
1345
1006
636
219
-237
-714
-1195
-1643
-2044
-2370
-2604
-2720
-2705
-2573
-2355
-2074
-1762
-1452
-1180
-955
-776
-653
-553
-455
-361
-271
-172
-75
-7
27
23
-17
-91
-191
-294
-397
-480
-539
-595
-641
-683
-755
-831
-922
-1035
-1154
-1266
-1356
-1422
-1442
-1434
-1398
-1326
-1245
-1161
-1057
-947
-843
-734
-612
-490
-360
-218
-79
64
191
310
398
474
524
555
578
590
607
629
642
677
729
791
874
965
1061
1169
1287
1390
1490
1581
1652
1712
1761
1792
1824
1862
1892
1916
1935
1951
1956
1943
1908
1834
1737
1592
1410
1198
934
598
201
-221
-666
-1091
-1508
-1874
-2150
-2329
-2379
-2311
-2152
-1915
-1618
-1310
-1002
-725
-497
-309
-152
-31
49
110
144
158
139
85
-16
-165
-334
-500
-663
-830
-955
-1029
-1057
-1038
-991
-951
-913
-846
-784
-714
-646
-595
-542
-480
-413
-352
-300
-281
-286
-293
-311
-333
-336
-327
-301
-251
-198
-119
-19
79
185
291
383
459
537
605
653
701
728
726
718
698
654
612
551
491
454
398
356
324
294
279
281
277
270
281
286
291
294
277
255
216
154
89
15
-82
-171
-250
-322
-373
-388
-386
-369
-322
-257
-174
-57
61
187
340
490
642
793
926
1021
1104
1150
1137
1094
1026
928
821
692
541
404
262
117
-21
-162
-322
-453
-574
-682
-759
-826
-861
-862
-856
-837
-802
-787
-789
-799
-827
-871
-913
-975
-1047
-1081
-1114
-1146
-1141
-1119
-1089
-1025
-936
-842
-719
-582
-442
-276
-102
60
229
388
527
656
773
859
926
975
1001
1031
1046
1046
1053
1057
1056
1060
1071
1084
1103
1131
1160
1202
1256
1313
1376
1434
1476
1503
1508
1469
1374
1237
1025
752
420
31
-363
-776
-1168
-1511
-1791
-1995
-2108
-2125
-2079
-1958
-1777
-1567
-1333
-1077
-836
-606
-383
-190
-30
99
178
229
258
234
183
98
-21
-143
-258
-367
-460
-549
-619
-651
-665
-664
-639
-589
-537
-471
-381
-300
-217
-136
-72
-14
51
88
111
122
121
123
129
137
149
180
204
260
324
378
447
509
571
635
692
722
716
697
646
581
496
392
278
154
27
-84
-188
-294
-369
-424
-467
-482
-476
-475
-462
-422
-369
-321
-266
-218
-170
-125
-99
-71
-61
-74
-94
-108
-134
-153
-163
-183
-181
-156
-125
-96
-53
9
75
160
245
328
416
498
579
653
709
753
790
809
806
795
780
751
722
682
619
548
474
398
323
243
156
94
28
-22
-57
-100
-140
-185
-214
-240
-268
-293
-316
-342
-366
-391
-418
-461
-507
-542
-588
-632
-663
-693
-713
-719
-711
-681
-636
-584
-521
-439
-350
-269
-188
-117
-54
4
51
92
137
173
206
240
267
288
318
350
396
435
469
491
504
517
523
525
513
490
462
439
423
406
387
378
362
360
352
351
343
325
306
265
225
167
98
30
-59
-152
-238
-322
-397
-462
-517
-555
-566
-572
-561
-534
-516
-495
-468
-441
-426
-424
-425
-431
-432
-427
-418
-415
-406
-388
-350
-295
-253
-213
-156
-96
-37
27
78
131
191
240
279
317
354
395
431
468
494
515
523
516
508
483
455
411
366
315
262
214
180
164
147
154
171
206
248
292
329
355
379
373
360
314
232
134
8
-137
-289
-423
-550
-673
-762
-821
-858
-850
-805
-747
-669
-566
-464
-366
-257
-168
-95
-37
-4
8
16
22
12
-9
-21
-41
-57
-57
-53
-44
-35
-20
8
43
81
118
147
190
222
250
279
294
308
325
341
345
339
329
315
291
267
243
212
185
158
132
112
101
85
73
71
72
79
69
58
44
29
12
-10
-40
-84
-134
-187
-231
-272
-311
-348
-378
-399
-408
-397
-374
-338
-299
-254
-204
-151
-99
-45
4
57
102
134
162
178
185
183
172
154
126
106
84
54
26
10
-1
-9
-20
-31
-35
-30
-13
12
43
65
91
123
147
170
186
190
183
175
163
143
115
81
45
9
-23
-45
-70
-96
-116
-127
-125
-122
-124
-126
-103
-80
-57
-33
-18
4
27
48
62
68
62
56
54
47
33
13
-1
-17
-30
-43
-57
-65
-68
-59
-48
-43
-33
-15
2
15
33
42
51
58
56
58
47
35
24
8
-3
-13
-30
-42
-54
-62
-65
-67
-55
-43
-32
-18
-4
12
31
56
65
72
86
90
93
91
73
62
43
26
16
2
-12
-32
-38
-44
-50
-56
-51
-50
-45
-29
-15
-2
8
14
27
35
38
37
37
39
27
10
-5
-29
-45
-58
-71
-85
-100
-106
-109
-104
-100
-94
-84
-70
-55
-39
-30
-24
-8
-5
-8
-2
1
-2
-12
-19
-27
-36
-36
-45
-50
-55
-53
-47
-42
-36
-23
-1
13
33
59
79
98
117
130
141
150
152
143
136
123
112
101
92
78
64
58
49
47
42
37
32
28
21
29
33
29
27
21
16
10
0
-21
-28
-35
-60
-91
-111
-134
-162
-186
-211
-237
-265
-272
-276
-281
-277
-267
-261
-246
-223
-208
-198
-186
-175
-174
-156
-142
-133
-125
-118
-105
-92
-76
-60
-39
-19
-2
13
26
50
75
107
133
155
182
208
248
283
314
338
360
376
391
404
409
405
400
396
393
392
386
383
377
372
369
363
361
350
336
322
303
278
250
228
198
170
145
122
91
57
23
-16
-54
-100
-133
-182
-233
-279
-323
-356
-385
-408
-427
-435
-445
-443
-436
-442
-445
-447
-449
-447
-444
-441
-436
-424
-413
-395
-370
-353
-332
-311
-277
-245
-219
-194
-169
-146
-121
-94
-70
-41
-10
18
50
81
111
138
164
183
198
215
223
227
234
245
250
263
273
273
277
280
279
282
277
268
252
241
226
208
193
174
156
136
120
106
90
78
67
53
35
14
-6
-24
-43
-63
-80
-92
-103
-112
-120
-130
-131
-135
-146
-152
-155
-157
-166
-176
-179
-182
-178
-167
-162
-154
-145
-129
-110
-97
-82
-68
-50
-33
-18
-6
4
17
37
58
71
86
105
117
132
149
155
163
166
166
168
162
154
147
145
144
144
141
134
130
126
128
116
104
93
81
68
55
40
29
17
10
6
4
-1
-6
-11
-21
-28
-38
-46
-56
-62
-70
-78
-80
-85
-89
-89
-89
-84
-81
-78
-77
-82
-81
-81
-82
-82
-85
-79
-72
-65
-58
-47
-35
-28
-18
-10
-4
-3
2
11
15
20
20
22
29
29
37
35
40
48
44
45
48
42
36
30
23
21
18
14
10
4
0
-2
-1
-4
-6
-1
-7
-13
-14
-22
-26
-26
-27
-28
-30
-29
-27
-23
-15
-15
-20
-24
-20
-20
-21
-21
-24
-25
-24
-25
-23
-18
-16
-14
-18
-18
-18
-18
-16
-19
-23
-23
-17
-15
-14
-12
-10
-6
-2
1
0
2
3
-2
1
4
1
-1
-1
2
7
12
10
9
11
13
19
18
19
13
10
15
14
13
13
10
4
3
1
0
-1
-2
-2
1
4
1
2
1
-1
1
2
4
4
7
7
7
6
8
6
6
8
7
2
-1
3
8
11
11
13
10
5
6
4
-1
-3
-2
-3
-3
-2
-4
-9
-8
-8
-7
-11
-14
-11
-10
-10
-10
-7
-6
-5
-5
-4
-7
-4
1
1
0
-4
-5
-3
0
1
0
2
0
-2
-1
3
4
3
2
7
8
9
12
16
21
27
29
28
30
31
33
34
32
27
27
25
26
25
22
18
17
13
13
12
8
6
3
-2
-9
-11
-12
-14
-15
-10
-11
-11
-11
-12
-11
-10
-10
-11
-14
-12
-13
-14
-14
-15
-13
-14
-12
-8
-7
-7
-7
-8
-7
-6
-6
-3
1
2
3
2
2
5
2
2
4
5
0
-3
-2
-3
-1
-4
-7
-7
-12
-8
-8
-9
-6
-6
-7
-5
-5
-5
-1
2
6
4
6
6
7
12
9
10
10
9
11
12
10
6
6
5
4
3
1
-1
-4
-5
-4
-5
-9
-11
-10
-10
-9
-8
-9
-14
-14
-13
-13
-13
-12
-11
-7
-4
-5
-4
-5
-3
0
1
1
-1
-2
-2
-3
-3
-2
-2
-4
-6
-6
-8
-3
-2
-3
-7
-7
-2
0
2
5
3
2
6
7
7
4
3
4
4
4
4
0
-2
-3
-3
-6
-9
-9
-9
-7
-11
-11
-12
-10
-10
-12
-12
-10
-11
-12
-9
-8
-10
-9
-7
-7
-6
-4
1
0
-1
0
-1
0
2
1
1
2
5
6
10
12
11
12
14
14
11
14
16
17
15
16
20
21
19
19
16
13
13
12
12
12
16
11
8
6
4
1
0
1
-2
-5
-8
-7
-8
-9
-14
-14
-12
-13
-13
-15
-14
-15
-13
-11
-10
-10
-10
-12
-10
-7
-7
-5
-2
1
4
6
8
10
10
13
13
13
11
8
8
8
8
4
3
3
3
3
2
2
-1
0
-1
-1
0
-3
-3
-3
-2
-2
-1
-2
-3
1
4
4
6
5
6
4
5
6
6
5
5
6
6
9
7
5
4
5
6
4
4
3
1
0
-2
-1
-1
-1
0
-4
-7
-9
-8
-6
-9
-11
-9
-5
-4
-1
-4
-3
-4
1
4
5
8
7
5
8
8
6
7
6
4
3
4
3
0
-3
-4
-4
-4
-6
-9
-11
-10
-12
-12
-11
-11
-12
-10
-10
-8
-6
-6
-4
-3
-1
-2
0
2
5
8
8
8
9
12
13
15
14
14
14
12
12
11
9
7
7
5
4
2
0
3
2
1
1
2
0
2
4
5
8
11
10
10
11
9
9
10
10
7
5
7
7
6
4
1
-1
-1
-2
-3
-5
-7
-8
-8
-9
-10
-8
-9
-11
-13
-13
-14
-15
-11
-10
-10
-10
-11
