-13
7
-4
4
4
-1
3
13
27
18
7
-6
2
19
7
-4
-4
-14
-7
-1
-1
-5
-9
-3
1
-6
-10
-7
-3
-8
-10
-9
-6
-13
-10
-4
-15
-11
-5
-4
0
1
-10
-13
-12
-3
0
-3
-2
-3
-2
-2
13
10
0
-3
2
4
6
-3
-12
-12
-21
-12
-5
-1
-17
-18
-14
-23
-10
-16
-18
-26
-26
-17
-11
-13
-7
-2
-7
2
-6
-4
0
4
2
-6
-6
-10
-12
-6
2
13
12
16
8
-7
3
6
3
9
6
-2
4
-1
-2
-6
-9
-1
-13
-13
-12
-12
-11
-10
-12
-7
-3
-2
1
0
1
0
7
4
7
-6
-8
-1
7
10
3
1
-9
-9
-2
-3
-1
0
5
15
3
-5
2
3
10
9
16
21
20
25
19
22
25
16
10
9
22
13
7
10
6
7
-1
1
5
9
-3
-18
-11
-1
2
-9
-6
-15
-15
-6
-15
-14
-5
-3
-7
-11
-5
-1
-7
-9
-15
1
2
-5
-6
-17
-4
7
1
-22
-15
4
10
4
-4
-5
-7
10
14
3
12
9
5
13
20
12
3
5
-6
2
5
3
14
3
-4
-14
-14
-10
-11
-11
-19
-11
-7
-17
-11
-7
-9
-7
-28
-19
-10
-28
-18
-14
-17
-12
-17
-17
-13
-6
-3
1
6
-3
-10
-7
-6
0
-1
-7
-8
-3
0
-8
-3
-6
-4
14
3
-8
-12
0
2
3
10
-2
-3
1
10
8
7
0
-7
-9
-11
-11
-11
1
3
2
4
10
7
5
9
10
11
13
20
7
-3
-5
-13
-27
-12
-6
-4
-3
4
7
7
7
4
0
-5
-17
-16
-3
11
14
8
1
-16
23
33
7
-6
-26
-39
27
18
-12
-4
-27
-4
23
28
4
-8
-43
-12
-22
3
-13
-8
47
8
38
3
-17
-22
-7
-15
-13
-53
-46
6
-23
-40
-11
36
-17
27
80
49
37
42
-9
-6
49
21
38
27
-7
-29
18
28
-6
97
66
38
91
68
-16
-14
-8
-44
-37
-67
-73
-109
-52
-88
-89
40
53
10
14
-70
-135
-75
-72
-71
-47
66
4
-32
32
54
85
143
150
94
149
159
122
106
116
-4
-24
36
-83
-81
-19
-99
-94
-8
-97
-114
-93
-60
-76
-66
-144
-242
-30
-49
-39
108
150
116
226
148
10
-23
-103
18
-97
-36
-18
-125
-48
33
34
162
252
63
-47
33
178
35
123
62
-117
107
116
-81
-90
-99
-37
116
-76
-113
-1
100
57
-132
-206
-352
-393
-321
-373
-310
-125
-24
195
181
300
488
390
448
423
275
94
10
-66
32
27
-10
79
-28
-113
-132
-45
-224
-166
70
-139
-317
-372
-472
-496
-192
8
-61
8
32
175
359
332
309
387
338
259
192
-153
-271
-287
-217
-155
-70
138
176
195
214
126
-50
-103
-261
-361
-353
-247
-193
-231
-19
207
457
580
447
402
413
254
68
-97
-339
-251
-8
-150
-386
-373
-200
-88
-114
-200
-19
141
64
-98
-293
-295
57
245
88
-112
-5
183
-53
-24
-5
84
324
537
488
336
351
189
30
-101
-130
-336
-291
-238
-312
-212
-250
-226
23
140
-15
-85
-137
-145
-95
-106
-221
-148
-30
60
278
384
381
341
426
320
206
136
-122
-98
133
211
83
-12
-72
82
131
29
-163
-235
-4
-3
-56
-92
-137
-83
62
24
41
-134
-177
-82
-294
-183
-188
-179
4
-25
-16
160
276
509
521
377
315
123
-6
-205
-436
-423
-485
-453
-173
-255
-21
-103
-388
-116
2
162
76
26
228
362
264
-88
-245
-5
311
278
129
-102
17
187
1
-90
-116
30
161
230
40
-266
-325
-232
50
344
267
28
94
220
308
85
-214
-261
-20
114
-177
-266
-110
30
81
-93
-229
-51
84
69
-21
68
220
397
468
285
232
35
-119
-250
-109
-37
-98
70
53
234
291
273
-9
-106
-72
-188
-163
-356
-475
-471
-65
161
374
441
296
468
384
140
-283
-399
-510
-537
-521
-583
-443
-237
-41
-162
133
276
411
462
158
4
-144
-123
-305
-189
-182
-186
-209
-255
-92
-20
287
185
116
190
83
-35
-193
-469
-573
-556
-600
-415
-303
106
338
477
597
466
511
434
140
-113
-115
-31
225
193
55
-114
-23
335
364
499
328
197
170
26
-117
-245
-305
-283
-272
-296
-231
-307
-64
-77
10
278
317
343
51
-89
-166
32
168
109
-106
-269
-195
-171
190
335
531
597
453
316
222
152
-45
-2
-80
-74
-114
-137
-131
-88
37
-202
-353
-330
-284
-281
-217
-289
-113
232
265
302
288
286
232
211
36
-251
-403
-527
-491
-213
158
223
244
243
72
-25
-155
-376
-376
-332
-386
-331
-174
-15
64
132
63
74
184
193
57
-31
0
-6
164
295
262
141
51
18
176
350
205
36
-87
34
284
454
340
71
30
84
172
239
202
75
115
167
174
160
134
153
184
285
158
44
-100
-257
-246
-299
-388
-455
-429
-279
-117
-41
14
-52
-11
108
28
-77
-268
-348
-230
-143
-169
-239
-280
-85
238
412
449
294
152
74
-23
-93
-187
-326
-444
-405
-304
-93
51
-8
-118
-209
-169
-61
-1
-17
-69
-142
-81
15
88
77
-120
-219
-167
10
209
270
235
274
383
466
458
280
65
-92
-182
-139
-71
-66
-76
-131
-186
-202
-190
-106
49
165
161
-8
-241
-340
-316
-211
-76
31
181
338
437
480
417
277
181
100
52
1
-124
-265
-354
-371
-296
-194
-133
-51
-4
-12
-6
-43
-68
-150
-349
-548
-660
-626
-442
-233
-64
88
169
246
323
364
371
329
261
211
151
62
-12
-50
-15
59
82
53
-19
-94
-116
-107
-25
126
252
308
284
202
177
228
275
325
309
243
217
239
338
429
436
403
347
278
222
101
-86
-215
-290
-300
-305
-349
-347
-300
-179
-15
100
171
176
129
91
44
-69
-195
-281
-307
-265
-240
-230
-180
-77
62
156
158
120
56
-1
-29
-96
-192
-269
-286
-179
-2
118
118
0
-110
-115
-78
-24
7
-12
-6
30
73
131
161
159
172
174
191
221
205
221
291
357
400
384
308
237
158
68
-12
-86
-128
-158
-193
-199
-211
-253
-276
-293
-285
-263
-274
-266
-241
-185
-67
53
169
268
289
238
172
104
47
-41
-157
-259
-319
-311
-261
-217
-191
-167
-128
-75
-11
22
5
-46
-78
-62
-72
-119
-186
-242
-241
-203
-170
-146
-162
-215
-275
-321
-320
-264
-198
-137
-86
-70
-52
-20
33
124
220
299
339
334
324
293
262
234
186
132
31
-73
-156
-186
-151
-90
9
115
235
344
411
465
478
449
374
273
180
83
5
-44
-50
-18
32
89
140
203
239
221
180
118
58
16
-40
-93
-99
-85
-29
54
146
228
279
312
289
243
156
37
-94
-194
-261
-310
-354
-378
-375
-381
-374
-373
-339
-283
-237
-203
-157
-115
-70
-3
42
44
31
-6
-54
-118
-169
-185
-180
-133
-76
-27
4
26
11
-31
-90
-178
-267
-364
-458
-508
-511
-468
-387
-286
-164
-40
84
201
305
389
443
444
400
337
271
227
198
204
248
325
429
553
668
744
786
783
718
598
447
283
148
58
24
32
65
121
153
185
231
262
280
281
268
242
226
228
228
225
232
219
183
103
-10
-126
-218
-301
-372
-450
-553
-671
-800
-917
-1022
-1102
-1150
-1139
-1098
-1046
-959
-871
-778
-674
-603
-600
-646
-710
-802
-881
-929
-932
-891
-806
-695
-582
-478
-380
-295
-231
-166
-118
-94
-42
37
120
227
359
506
637
774
901
1011
1119
1239
1354
1439
1519
1597
1668
1736
1782
1793
1798
1834
1876
1897
1932
1950
1983
2028
2014
1953
1843
1710
1557
1412
1236
1036
854
683
529
357
173
-46
-285
-533
-824
-1165
-1539
-1913
-2299
-2650
-2970
-3280
-3535
-3706
-3806
-3841
-3803
-3708
-3573
-3393
-3169
-2952
-2753
-2516
-2278
-2036
-1737
-1413
-1103
-773
-422
-93
199
453
611
677
724
738
735
727
747
788
879
1049
1230
1413
1585
1746
1889
1984
2027
2024
2035
2089
2150
2216
2300
2393
2549
2744
2928
3095
3242
3373
3489
3595
3643
3606
3557
3476
3324
3098
2766
2287
1724
1109
368
-498
-1398
-2295
-3188
-3963
-4610
-5156
-5514
-5618
-5572
-5418
-5127
-4783
-4438
-4067
-3683
-3394
-3129
-2823
-2531
-2257
-1915
-1545
-1216
-859
-508
-256
-90
44
73
-8
-110
-243
-427
-587
-701
-822
-912
-916
-884
-830
-707
-535
-320
-34
310
682
1084
1518
1955
2365
2735
3057
3323
3520
3646
3748
3808
3824
3862
3917
3976
4047
4165
4279
4362
4468
4530
4508
4441
4305
3997
3557
3050
2398
1558
647
-311
-1345
-2327
-3169
-3961
-4639
-5030
-5226
-5304
-5171
-4923
-4709
-4428
-4056
-3777
-3578
-3326
-3079
-2844
-2494
-2063
-1696
-1309
-820
-400
-105
113
187
61
-129
-360
-734
-1147
-1471
-1723
-1907
-1961
-1909
-1842
-1691
-1457
-1266
-1126
-977
-844
-728
-553
-322
-69
259
705
1219
1745
2251
2734
3187
3552
3849
4105
4252
4307
4389
4499
4579
4705
4895
5051
5187
5369
5457
5420
5316
4979
4406
3792
3098
2106
947
-193
-1432
-2682
-3737
-4710
-5633
-6223
-6440
-6512
-6398
-6032
-5622
-5214
-4639
-4062
-3682
-3332
-2900
-2520
-2146
-1648
-1136
-661
-94
516
970
1244
1378
1329
1097
729
153
-581
-1270
-1830
-2343
-2764
-3001
-3052
-2914
-2613
-2288
-2057
-1812
-1544
-1348
-1223
-1077
-916
-720
-331
237
858
1564
2368
3175
3937
4610
5089
5365
5558
5611
5501
5353
5238
5162
5158
5262
5409
5549
5671
5793
5730
5258
4507
3726
2805
1570
206
-1188
-2621
-3847
-4789
-5709
-6485
-6780
-6756
-6573
-6123
-5558
-5125
-4622
-3960
-3444
-3085
-2724
-2427
-2130
-1643
-1109
-640
-56
644
1280
1871
2341
2418
2161
1890
1450
572
-497
-1498
-2467
-3288
-3826
-4269
-4573
-4431
-3941
-3457
-3000
-2485
-2054
-1717
-1390
-1161
-1099
-1001
-696
-269
305
1054
1871
2765
3787
4731
5431
5984
6409
6587
6571
6458
6199
5919
5793
5727
5665
5749
5877
5965
6079
5871
5120
4250
3460
2258
647
-932
-2554
-4149
-5321
-6262
-7267
-7826
-7693
-7353
-6854
-6055
-5339
-4787
-4014
-3220
-2801
-2537
-2204
-1943
-1645
-1146
-669
-243
392
1151
1793
2330
2680
2592
2224
1824
1124
-54
-1307
-2417
-3506
-4422
-5010
-5427
-5589
-5209
-4541
-3962
-3351
-2604
-2012
-1585
-1142
-857
-794
-644
-256
210
799
1605
2508
3493
4576
5549
6290
6873
7286
7420
7352
7141
6771
6407
6144
5909
5745
5725
5795
5938
5943
5468
4708
4051
3197
1783
126
-1551
-3275
-4744
-5897
-7043
-7968
-8206
-7953
-7508
-6786
-5975
-5295
-4521
-3654
-3053
-2723
-2447
-2216
-1992
-1667
-1292
-898
-374
307
1044
1744
2277
2538
2528
2287
1766
880
-250
-1418
-2571
-3664
-4562
-5230
-5652
-5681
-5285
-4741
-4159
-3418
-2649
-2027
-1484
-993
-689
-509
-252
141
640
1282
2079
2985
4011
5075
6056
6887
7531
7968
8213
8209
7959
7600
7213
6767
6342
6039
5772
5583
5591
5378
4596
3758
3169
2194
650
-948
-2614
-4360
-5727
-6795
-7997
-8822
-8786
-8402
-7887
-6988
-6012
-5236
-4281
-3244
-2657
-2330
-1955
-1680
-1515
-1234
-907
-619
-137
518
1142
1725
2217
2445
2426
2197
1592
583
-520
-1610
-2816
-3961
-4834
-5508
-5962
-5916
-5486
-5003
-4357
-3429
-2533
-1845
-1175
-587
-244
46
410
753
1161
1799
2578
3411
4354
5371
6298
7105
7770
8206
8409
8381
8123
7771
7379
6861
6360
6063
5797
5514
5486
5364
4609
3735
3211
2328
781
-819
-2422
-4231
-5696
-6770
-8051
-9077
-9142
-8787
-8408
-7615
-6607
-5830
-4904
-3753
-3038
-2707
-2266
-1853
-1606
-1301
-940
-626
-135
566
1223
1812
2342
2652
2707
2574
2052
1037
-110
-1199
-2445
-3763
-4820
-5660
-6290
-6398
-6041
-5626
-5050
-4066
-3004
-2172
-1423
-732
-295
52
482
841
1148
1718
2527
3372
4333
5425
6469
7388
8198
8768
9027
9038
8808
8385
7864
7223
6527
6039
5707
5392
5240
5132
4563
3760
3274
2616
1216
-431
-1997
-3762
-5431
-6728
-8046
-9247
-9604
-9316
-8951
-8257
-7193
-6231
-5256
-4028
-3049
-2567
-2142
-1659
-1360
-1142
-841
-544
-209
371
1089
1704
2244
2708
2913
2854
2549
1781
610
-576
-1781
-3185
-4511
-5528
-6344
-6809
-6667
-6252
-5786
-4946
-3778
-2739
-1866
-1045
-424
21
502
954
1259
1666
2341
3122
3973
5001
6087
7053
7953
8713
9134
9254
9150
8794
8254
7656
6963
6263
5785
5460
5192
5080
4801
4069
3404
2967
2008
420
-1176
-2830
-4676
-6221
-7532
-8951
-9849
-9856
-9575
-9159
-8252
-7172
-6230
-5060
-3801
-3003
-2533
-2015
-1581
-1328
-1038
-730
-479
-53
635
1325
1879
2408
2837
2998
2906
2505
1613
420
-735
-1994
-3431
-4673
-5640
-6454
-6798
-6560
-6171
-5666
-4702
-3512
-2527
-1631
-786
-200
288
866
1320
1604
2061
2787
3560
4417
5426
6454
7386
8237
8920
9261
9299
9101
8688
8139
7499
6765
6101
5667
5328
5132
5113
4770
3993
3395
2924
1817
227
-1363
-3181
-5072
-6498
-7820
-9329
-10155
-10072
-9813
-9348
-8331
-7251
-6269
-4970
-3680
-2912
-2363
-1758
-1310
-980
-617
-340
-76
423
1087
1702
2250
2710
3010
3152
3042
2486
1481
318
-888
-2234
-3644
-4904
-5962
-6769
-7074
-6931
-6637
-6106
-5123
-3968
-2952
-2002
-1127
-439
161
787
1276
1620
2128
2903
3710
4516
5483
6522
7435
8277
8990
9316
9332
9223
8888
8280
7596
6860
6139
5629
5266
4961
4811
4524
3794
3087
2601
1653
119
-1428
-3070
-4906
-6393
-7601
-8986
-9953
-9967
-9682
-9312
-8393
-7175
-6130
-4935
-3535
-2530
-1968
-1363
-749
-407
-156
148
395
666
1182
1794
2188
2472
2782
2903
2722
2238
1363
194
-986
-2182
-3559
-4880
-5914
-6699
-7091
-6995
-6684
-6196
-5232
-4017
-2969
-2005
-1014
-204
422
1062
1613
1988
2474
3213
3969
4702
5585
6560
7413
8186
8852
9160
9168
9076
8756
8123
7383
6631
5896
5325
4886
4492
4264
4034
3377
2570
2019
1248
-99
-1589
-3131
-4876
-6379
-7508
-8749
-9811
-9997
-9683
-9312
-8493
-7248
-6130
-4996
-3575
-2412
-1766
-1164
-515
-133
99
390
595
771
1206
1762
2129
2413
2691
2753
2563
2176
1372
161
-1020
-2166
-3529
-4891
-5963
-6806
-7286
-7203
-6885
-6485
-5615
-4339
-3205
-2196
-1105
-197
473
1191
1876
2321
2794
3523
4291
5026
5871
6768
7562
8292
8893
9174
9129
8929
8560
7888
7057
6230
5472
4846
4373
3977
3729
3646
3286
2567
1987
1470
467
-930
-2351
-3941
-5537
-6735
-7842
-9003
-9518
-9276
-8895
-8297
-7182
-5994
-4937
-3665
-2409
-1642
-1133
-550
-135
39
221
385
481
738
1191
1597
1898
2184
2342
2275
2026
1452
428
-726
-1785
-3020
-4382
-5516
-6391
-7007
-7116
-6847
-6549
-5908
-4719
-3501
-2467
-1355
-315
445
1192
1981
2512
2931
3589
4348
5037
5790
6613
7367
8071
8699
9035
9023
8841
8518
7928
7136
6277
5435
4702
4157
3694
3324
3194
2974
2324
1655
1228
474
-785
-2084
-3467
-5051
-6312
-7284
-8420
-9197
-9086
-8665
-8213
-7246
-5987
-4945
-3791
-2427
-1492
-992
-432
51
219
339
491
500
562
891
1250
1458
1689
1893
1855
1647
1236
369
-746
-1741
-2811
-4133
-5290
-6123
-6794
-7049
-6795
-6438
-5927
-4836
-3503
-2395
-1278
-101
771
1494
2278
2858
3209
3684
4323
4910
5513
6197
6842
7441
8005
8357
8391
8195
7854
7330
6606
5762
4877
4095
3514
3075
2718
2566
2518
2126
1536
1188
753
-200
-1349
-2531
-3961
-5278
-6200
-7217
-8203
-8412
-8076
-7734
-7035
-5883
-4855
-3840
-2542
-1475
-908
-409
107
318
390
484
432
381
590
881
1023
1212
1460
1510
1386
1145
527
-450
-1376
-2287
-3459
-4636
-5502
-6193
-6627
-6553
-6234
-5857
-5019
-3726
-2532
-1454
-250
800
1572
2329
2995
3398
3773
4305
4829
5320
5878
6445
6946
7397
7755
7864
7691
7376
6941
6315
5556
4776
4027
3418
3022
2725
2539
2544
2427
1917
1450
1175
498
-639
-1788
-3053
-4475
-5571
-6493
-7593
-8264
-8108
-7770
-7378
-6481
-5362
-4419
-3305
-2084
-1354
-954
-437
-31
56
104
160
133
241
596
893
1065
1330
1596
1628
1442
1053
285
-713
-1650
-2690
-3957
-5084
-5876
-6474
-6721
-6533
-6181
-5610
-4490
-3126
-1960
-825
371
1346
2094
2814
3368
3694
4077
4597
5053
5470
5976
6508
6955
7324
7568
7553
7311
7009
6561
5886
5143
4444
3789
3282
2950
2698
2613
2593
2262
1748
1477
1101
163
-952
-2078
-3419
-4646
-5591
-6659
-7628
-7836
-7601
-7387
-6796
-5775
-4849
-3895
-2709
-1791
-1310
-836
-342
-131
-60
9
-18
22
286
563
723
930
1193
1316
1266
1023
447
-378
-1200
-2071
-3179
-4310
-5195
-5843
-6202
-6179
-5966
-5599
-4761
-3543
-2401
-1356
-224
802
1614
2362
2958
3327
3710
4225
4708
5123
5584
6072
6538
6950
7222
7255
7099
6852
6476
5905
5217
4523
3889
3386
3008
2715
2614
2656
2427
1930
1606
1340
607
-475
-1597
-2877
-4153
-5181
-6235
-7343
-7865
-7780
-7613
-7205
-6342
-5425
-4544
-3418
-2362
-1746
-1247
-715
-381
-209
-57
1
62
315
623
847
1100
1402
1603
1662
1526
1031
245
-564
-1423
-2514
-3695
-4711
-5475
-5926
-6001
-5849
-5523
-4763
-3585
-2365
-1266
-147
920
1805
2574
3164
3521
3835
4271
4710
5079
5458
5871
6304
6733
7051
7136
7042
6863
6533
6009
5357
4640
3973
3453
3040
2656
2469
2503
2327
1814
1412
1140
491
-534
-1636
-2898
-4235
-5308
-6342
-7501
-8165
-8161
-8002
-7660
-6819
-5831
-4950
-3844
-2670
-1889
-1324
-720
-298
-115
53
152
154
300
615
850
1049
1371
1633
1699
1609
1239
530
-279
-1110
-2148
-3355
-4413
-5213
-5782
-5991
-5885
-5594
-4926
-3779
-2528
-1408
-280
844
1771
2515
3110
3490
3761
4089
4448
4739
5051
5426
5826
6247
6614
6824
6857
6749
6489
6032
5442
4771
4097
3572
3178
2831
2645
2732
2713
2333
1972
1793
1333
420
-637
-1868
-3258
-4458
-5575
-6892
-7880
-8123
-8103
-7978
-7367
-6459
-5631
-4630
-3449
-2566
-1956
-1298
-766
-491
-276
-105
-50
98
435
741
980
1322
1681
1859
1845
1574
971
214
-560
-1546
-2767
-3890
-4767
-5458
-5850
-5886
-5708
-5215
-4233
-3055
-1987
-919
217
1195
1967
2620
3083
3413
3792
4207
4528
4830
5228
5707
6163
6545
6801
6878
6818
6612
6212
5626
4956
4278
3716
3308
2965
2725
2750
2817
2523
2087
1832
1454
620
-451
-1680
-3117
-4404
-5482
-6716
-7826
-8233
-8190
-8055
-7533
-6607
-5698
-4760
-3576
-2531
-1854
-1251
-689
-361
-169
14
94
171
440
788
1051
1330
1676
1898
1908
1695
1169
418
-345
-1239
-2409
-3576
-4468
-5148
-5599
-5688
-5520
-5104
-4259
-3114
-2052
-1044
50
1014
1758
2401
2900
3194
3499
3939
4314
4590
4970
5484
5994
6416
6729
6848
6798
6667
6348
5770
5100
4471
3891
3440
3113
2870
2838
2973
2877
2450
2112
1827
1135
70
-1135
-2549
-3976
-5158
-6368
-7650
-8414
-8536
-8483
-8173
-7392
-6486
-5604
-4482
-3302
-2490
-1879
-1224
-718
-454
-244
-70
29
248
632
948
1190
1516
1830
1924
1761
1345
692
-48
-869
-1927
-3103
-4064
-4756
-5255
-5497
-5444
-5103
-4406
-3398
-2363
-1389
-379
600
1412
2072
2618
3026
3394
3857
4326
4686
5069
5583
6124
6554
6842
6965
6963
6857
6575
6064
5450
4872
4345
3905
3557
3278
3179
3273
3153
2679
2243
1908
1222
117
-1114
-2516
-3968
-5180
-6355
-7634
-8500
-8690
-8615
-8354
-7643
-6719
-5818
-4719
-3497
-2600
-1977
-1307
-721
-388
-146
60
187
404
787
1133
1359
1636
1927
2031
1867
1437
760
-3
-827
-1887
-3077
-4082
-4798
-5315
-5604
-5593
-5292
-4646
-3695
-2679
-1721
-749
219
1052
1737
2294
2752
3164
3644
4142
4547
4953
5458
5990
6422
6714
6832
6807
6709
6463
5988
5402
4839
4307
3848
3507
3219
3088
3194
3144
2688
2243
2000
1430
383
-762
-2034
-3465
-4697
-5782
-7030
-7993
-8256
-8218
-8069
-7486
-6605
-5775
-4788
-3614
-2714
-2114
-1458
-814
-468
-272
-21
161
338
713
1094
1309
1566
1898
2019
1845
1465
856
104
-689
-1660
-2810
-3803
-4488
-5000
-5301
-5275
-4963
-4365
-3470
-2483
-1591
-713
226
1057
1680
2204
2645
3020
3437
3903
4312
4696
5189
5740
6207
6530
6702
6733
6682
6505
6105
5575
5045
4549
4091
3694
3381
3245
3292
3126
2574
2090
1786
1135
12
-1205
-2539
-4010
-5260
-6368
-7618
-8524
-8721
-8618
-8378
-7717
-6772
-5834
-4729
-3494
-2539
-1889
-1193
-516
-164
-7
217
421
595
942
1303
1496
1734
2057
2147
1907
1474
858
84
-777
-1832
-3013
-4021
-4757
-5294
-5567
-5516
-5189
-4560
-3653
-2675
-1790
-874
98
948
1599
2138
2605
3030
3503
4008
4453
4922
5504
6088
6561
6920
7125
7163
7091
6867
6425
5857
5293
4760
4278
3867
3545
3428
3485
3281
2717
2274
1976
1256
103
-1116
-2511
-4003
-5220
-6382
-7690
-8549
-8682
-8605
-8397
-7724
-6801
-5896
-4789
-3569
-2675
-2052
-1335
-682
-395
-220
65
296
508
913
1303
1498
1783
2143
2175
1875
1432
793
-33
-964
-2082
-3307
-4292
-5034
-5621
-5917
-5846
-5502
-4876
-3960
-2993
-2091
-1122
-112
710
1361
1982
2521
3002
3543
4097
4567
5106
5775
6370
6803
7160
7407
7428
7315
7103
6652
6068
5553
5033
4518
4140
3885
3756
3755
3536
2932
2413
2075
1314
64
-1223
-2652
-4179
-5392
-6558
-7918
-8765
-8841
-8749
-8547
-7865
-6901
-5976
-4870
-3603
-2686
-2058
-1314
-638
-339
-133
188
423
635
1066
1489
1677
1962
2327
2319
2000
1603
993
142
-799
-1920
-3144
-4148
-4908
-5558
-5931
-5899
-5601
-5047
-4180
-3216
-2315
-1351
-332
491
1148
1823
2427
2909
3460
4053
4516
5021
5716
6320
6686
7028
7335
7382
7282
7122
6689
6116
5660
5186
4650
4262
4020
3835
3754
3517
2906
2350
2011
1244
-23
-1272
-2648
-4136
-5316
-6471
-7824
-8654
-8736
-8679
-8539
-7906
-6994
-6135
-5058
-3827
-2955
-2346
-1577
-873
-529
-301
26
299
530
963
1370
1528
1774
2105
2071
1762
1391
793
-26
-920
-1970
-3115
-4067
-4777
-5341
-5667
-5623
-5333
-4800
-3953
-3033
-2202
-1292
-295
528
1183
1872
2503
3023
3631
4285
4802
5327
6026
6632
6982
7290
7557
7566
7413
7199
6756
6199
5731
5273
4782
4418
4197
4071
3974
3648
3049
2547
2121
1194
-142
-1474
-2956
-4460
-5694
-6988
-8311
-8988
-9035
-8964
-8679
-7925
-6956
-5967
-4766
-3550
-2714
-2023
-1236
-599
-280
-93
165
420
661
1031
1351
1519
1776
2038
1965
1615
1163
531
-307
-1276
-2373
-3507
-4459
-5146
-5629
-5863
-5765
-5406
-4763
-3857
-2933
-2077
-1132
-171
617
1259
1882
2447
2959
3563
4176
4694
5275
5979
6583
7002
7367
7615
7655
7552
7307
6867
6324
5806
5309
4823
4413
4161
4061
3899
3423
2807
2391
1888
850
-449
-1783
-3274
-4655
-5837
-7177
-8357
-8794
-8794
-8711
-8287
-7453
-6510
-5468
-4241
-3189
-2425
-1684
-928
-385
-114
53
268
542
820
1127
1363
1544
1786
1924
1783
1416
839
101
-721
-1719
-2884
-3985
-4863
-5499
-5881
-5962
-5805
-5396
-4613
-3605
-2699
-1832
-833
125
907
1590
2226
2734
3273
3953
4549
4998
5559
6235
6776
7181
7507
7656
7649
7553
7288
6810
6265
5756
5266
4806
4412
4143
4026
3810
3219
2534
2106
1509
350
-983
-2318
-3775
-5097
-6255
-7559
-8647
-8985
-8934
-8816
-8329
-7459
-6520
-5492
-4302
-3273
-2546
-1818
-1040
-474
-194
6
284
609
961
1296
1532
1717
1916
1985
1842
1461
791
20
-766
-1754
-2936
-4004
-4827
-5446
-5754
-5756
-5612
-5222
-4412
-3433
-2600
-1775
-798
125
861
1568
2229
2740
3318
4072
4681
5119
5707
6416
6960
7347
7629
7722
7663
7541
7222
6682
6118
5618
5150
4731
4376
4127
4064
3920
3350
2686
2315
1746
574
-762
-2087
-3575
-4945
-6136
-7488
-8643
-9015
-8964
-8874
-8415
-7519
-6579
-5568
-4335
-3252
-2524
-1837
-1043
-486
-253
-51
218
478
778
1086
1280
1447
1618
1670
1565
1230
589
-171
-923
-1873
-3018
-4027
-4825
-5439
-5705
-5689
-5569
-5172
-4333
-3366
-2531
-1625
-596
322
1092
1858
2532
3055
3659
4366
4936
5408
5994
6634
7142
7500
7751
7845
7796
7642
7317
6826
6293
5793
5335
4920
4545
4262
4164
3939
3269
2562
2152
1496
265
-1084
-2428
-3906
-5196
-6326
-7638
-8677
-8942
-8840
-8708
-8209
-7313
-6410
-5449
-4288
-3283
-2627
-1983
-1237
-755
-567
-328
-19
251
573
936
1183
1365
1528
1537
1374
1004
331
-477
-1259
-2216
-3299
-4233
-4989
-5543
-5757
-5692
-5501
-5041
-4216
-3276
-2443
-1566
-595
239
926
1640
2307
2871
3503
4207
4843
5410
6070
6751
7263
7624
7895
8004
7930
7723
7385
6902
6371
5887
5429
5019
4639
4397
4318
4041
3346
2678
2278
1523
220
-1142
-2565
-4071
-5308
-6502
-7871
-8820
-9006
-8923
-8759
-8183
-7249
-6298
-5237
-4029
-3050
-2366
-1654
-898
-469
-310
-74
196
403
673
977
1122
1232
1375
1309
1047
634
-40
-838
-1640
-2546
-3542
-4418
-5096
-5562
-5726
-5601
-5310
-4777
-3904
-2923
-2052
-1161
-183
640
1294
1987
2643
3180
3774
4466
5083
5614
6264
6921
7362
7703
7957
7982
7824
7596
7241
6715
6163
5676
5234
4825
4474
4286
4237
3924
3249
2697
2290
1413
90
-1245
-2743
-4259
-5453
-6706
-8092
-8918
-9036
-8981
-8756
-8049
-7117
-6192
-5077
-3881
-3008
-2417
-1729
-1053
-717
-555
-313
-79
158
529
870
1012
1182
1414
1387
1115
644
-73
-864
-1688
-2662
-3717
-4612
-5257
-5690
-5833
-5688
-5368
-4768
-3844
-2882
-2047
-1147
-169
615
1267
1967
2593
3158
3819
4540
5144
5715
6445
7120
7574
7942
8180
8190
8034
7787
7394
6833
6295
5842
5402
4970
4629
4483
4372
3906
3194
2682
2170
1102
-282
-1668
-3227
-4681
-5865
-7167
-8474
-9108
-9128
-9037
-8681
-7872
-6925
-5961
-4798
-3647
-2839
-2218
-1501
-877
-578
-376
-105
153
416
775
1077
1207
1377
1543
1456
1114
541
-203
-982
-1849
-2866
-3886
-4719
-5314
-5672
-5744
-5593
-5234
-4542
-3601
-2710
-1922
-1015
-75
679
1331
1994
2615
3236
3949
4635
5177
5747
6475
7086
7486
7798
7968
7937
7776
7544
7133
6584
6111
5720
5294
4864
4585
4515
4331
3709
2970
2490
1873
666
-772
-2217
-3774
-5145
-6350
-7736
-8938
-9386
-9359
-9244
-8800
-7937
-6947
-5871
-4672
-3581
-2748
-2011
-1230
-634
-330
-70
265
557
817
1148
1419
1558
1694
1773
1632
1220
548
-231
-1042
-1999
-3076
-4083
-4905
-5497
-5789
-5803
-5646
-5228
-4428
-3454
-2576
-1742
-791
136
888
1570
2215
2820
3474
4217
4872
5403
6035
6744
7344
7789
8098
8217
8156
8003
7721
7239
6669
6160
5713
5260
4822
4543
4460
4208
3500
2812
2428
1714
385
-1053
-2500
-4046
-5393
-6643
-8065
-9130
-9390
-9310
-9180
-8628
-7651
-6605
-5494
-4283
-3252
-2490
-1766
-1045
-590
-394
-160
118
330
577
897
1113
1277
1474
1566
1418
998
327
-458
-1272
-2246
-3388
-4430
-5226
-5789
-6046
-6027
-5853
-5382
-4500
-3503
-2657
-1792
-789
126
868
1561
2211
2816
3523
4314
4969
5536
6231
6987
7606
8067
8389
8503
8466
8335
8028
7541
7031
6562
6096
5642
5215
4950
4829
4399
3546
2854
2377
1375
-170
-1678
-3210
-4821
-6172
-7461
-8854
-9682
-9709
-9571
-9329
-8559
-7449
-6365
-5188
-3946
-2965
-2229
-1476
-784
-409
-220
37
321
544
823
1121
1303
1481
1668
1659
1381
866
133
-708
-1606
-2668
-3837
-4830
-5560
-6053
-6249
-6168
-5870
-5259
-4298
-3280
-2408
-1474
-420
474
1184
1884
2515
3105
3807
4530
5095
5622
6290
6967
7489
7884
8136
8219
8166
7996
7637
7138
6641
6192
5759
5310
4936
4780
4699
4212
3384
2814
2351
1293
-196
-1628
-3164
-4720
-6028
-7381
-8770
-9464
-9470
-9410
-9148
-8337
-7307
-6289
-5104
-3899
-3007
-2306
-1543
-875
-519
-308
-21
256
534
900
1202
1393
1641
1869
1831
1534
1023
302
-523
-1419
-2529
-3701
-4633
-5322
-5808
-5990
-5871
-5550
-4933
-3969
-3004
-2190
-1258
-205
618
1274
1987
2640
3223
3944
4698
5252
5805
6550
7248
7727
8074
8296
8310
8170
7911
7433
6800
6240
5769
5288
4806
4479
4425
4341
3790
3027
2559
2048
928
-515
-1990
-3619
-5144
-6446
-7890
-9223
-9757
-9691
-9574
-9177
-8294
-7253
-6162
-4867
-3656
-2830
-2165
-1410
-800
-531
-342
-82
156
452
851
1142
1310
1562
1776
1707
1371
804
60
-756
-1666
-2750
-3856
-4722
-5330
-5700
-5781
-5620
-5243
-4515
-3506
-2584
-1780
-831
183
971
1636
2343
2960
3540
4270
4971
5482
6075
6813
7416
7840
8170
8306
8250
8141
7908
7411
6800
6285
5834
5362
4914
4603
4480
4259
3590
2773
2239
1613
449
-999
-2496
-4090
-5532
-6790
-8164
-9335
-9741
-9655
-9508
-9075
-8198
-7173
-6067
-4788
-3622
-2803
-2104
-1306
-703
-418
-158
166
424
699
1077
1315
1423
1605
1738
1570
1131
537
-205
-1035
-1944
-2979
-4016
-4835
-5369
-5673
-5743
-5570
-5140
-4423
-3501
-2610
-1792
-853
140
965
1680
2424
3104
3732
4456
5178
5745
6323
6984
7541
7915
8148
8223
8104
7926
7644
7145
6534
6037
5671
5283
4892
4650
4599
4313
3568
2851
2379
1633
343
-1104
-2638
-4281
-5722
-7029
-8443
-9504
-9800
-9734
-9576
-9024
-8044
-6976
-5833
-4577
-3455
-2650
-1915
-1144
-617
-355
-105
232
458
738
1100
1303
1416
1615
1744
1483
978
380
-317
-1162
-2141
-3158
-4101
-4799
-5256
-5486
-5507
-5263
-4749
-3992
-3128
-2321
-1520
-604
315
1051
1733
2452
3156
3857
4639
5346
5924
6597
7302
7857
8186
8430
8492
8389
8191
7825
7309
6739
6353
6009
5559
5131
4966
4786
4066
3126
2449
1747
500
-1036
-2612
-4291
-5836
-7158
-8546
-9788
-10262
-10169
-9970
-9491
-8506
-7365
-6217
-4935
-3711
-2809
-2103
-1335
-703
-371
-184
95
373
670
1042
1277
1398
1591
1825
1672
1156
517
-179
-984
-1977
-3068
-4119
-4867
-5361
-5683
-5771
-5565
-5052
-4294
-3381
-2510
-1684
-785
172
990
1654
2323
3033
3767
4521
5210
5782
6438
7180
7808
8180
8427
8609
8609
8434
8065
7587
6999
6514
6169
5729
5213
4959
4918
4363
3438
2763
2226
1168
-317
-1834
-3494
-5083
-6451
-7883
-9329
-10105
-10182
-10114
-9827
-9031
-7960
-6866
-5584
-4261
-3231
-2457
-1621
-880
-446
-192
65
344
623
987
1214
1305
1454
1681
1646
1211
613
-66
-792
-1687
-2760
-3832
-4636
-5175
-5594
-5773
-5658
-5265
-4630
-3768
-2875
-2072
-1240
-315
563
1284
1983
2714
3491
4296
5050
5690
6375
7155
7850
8296
8583
8829
8901
8775
8446
8007
7445
6887
6489
6058
5524
5110
4965
4470
3470
2638
2006
941
-597
-2176
-3840
-5489
-6871
-8223
-9609
-10423
-10493
-10308
-9902
-9064
-7948
-6771
-5427
-4035
-2941
-2100
-1252
-497
-35
254
521
796
1100
1490
1754
1874
2015
2179
2129
1708
1076
266
-613
-1555
-2712
-3929
-4850
-5460
-5953
-6171
-6033
-5651
-4996
-4068
-3110
-2268
-1416
-493
349
1037
1716
2389
3082
3848
4597
5250
5956
6807
7590
8149
8582
8914
9067
9048
8844
8444
7875
7300
6822
6313
5762
5288
4983
4493
3557
2662
2003
1031
-489
-2103
-3689
-5354
-6848
-8215
-9583
-10507
-10722
-10588
-10259
-9482
-8372
-7197
-5899
-4515
-3327
-2411
-1530
-706
-164
145
421
720
1058
1405
1651
1794
1922
2066
2024
1649
1064
314
-534
-1467
-2544
-3672
-4593
-5210
-5685
-5954
-5887
-5528
-4915
-4110
-3243
-2401
-1553
-619
243
936
1654
2420
3160
3919
4715
5413
6112
6993
7804
8350
8785
9151
9344
9330
9164
8812
8307
7797
7304
6792
6243
5779
5473
4925
3894
2890
2187
1147
-498
-2213
-3926
-5728
-7260
-8652
-10118
-11096
-11271
-11139
-10819
-9965
-8782
-7606
-6243
-4741
-3527
-2626
-1719
-839
-279
69
371
666
1035
1472
1828
2004
2171
2391
2347
1959
1403
664
-306
-1334
-2363
-3543
-4599
-5262
-5756
-6087
-6000
-5596
-5075
-4349
-3408
-2548
-1771
-870
-17
634
1331
2135
2828
3534
4413
5190
5908
6816
7668
8264
8767
9268
9529
9477
9346
9115
8691
8176
7720
7236
6645
6250
6017
5355
4207
3237
2504
1304
-426
-2211
-4096
-5924
-7403
-8896
-10456
-11357
-11425
-11281
-10916
-9971
-8772
-7552
-6110
-4603
-3462
-2615
-1694
-837
-298
39
303
582
968
1455
1830
1998
2217
2472
2408
2001
1453
698
-306
-1341
-2418
-3665
-4726
-5393
-5868
-6126
-5995
-5593
-5000
-4149
-3205
-2371
-1565
-733
27
695
1329
1974
2610
3343
4185
4970
5769
6679
7551
8247
8837
9341
9629
9654
9513
9234
8788
8255
7761
7268
6692
6260
5971
5321
4196
3224
2525
1334
-433
-2251
-4052
-5813
-7352
-8880
-10434
-11341
-11411
-11252
-10952
-10103
-8865
-7598
-6227
-4767
-3600
-2727
-1800
-923
-368
-39
272
606
976
1420
1786
1971
2200
2443
2389
1986
1436
738
-185
-1215
-2346
-3583
-4637
-5345
-5849
-6117
-6038
-5706
-5114
-4226
-3328
-2521
-1664
-813
-72
606
1283
1921
2548
3295
4130
4929
5737
6670
7563
8269
8876
9377
9658
9715
9586
9277
8785
8226
7755
7275
6701
6238
5953
5343
4201
3210
2545
1390
-425
-2258
-4023
-5799
-7353
-8893
-10526
-11527
-11617
-11447
-11186
-10385
-9107
-7781
-6366
-4840
-3589
-2614
-1608
-659
-52
303
639
1002
1354
1730
2036
2203
2419
2673
2633
2235
1680
962
56
-994
-2189
-3488
-4608
-5405
-6017
-6390
-6397
-6121
-5575
-4696
-3734
-2865
-1934
-967
-142
597
1356
2061
2692
3407
4236
5023
5790
6695
7609
8315
8915
9448
9756
9827
9763
9523
9054
8512
8064
7628
7076
6611
6346
5742
4580
3542
2826
1584
-322
-2190
-4044
-5963
-7593
-9162
-10866
-11916
-11968
-11789
-11527
-10664
-9337
-7996
-6544
-5014
-3781
-2813
-1782
-851
-328
-6
354
728
1099
1516
1833
2043
2355
2660
2619
2264
1769
1031
83
-970
-2184
-3499
-4618
-5426
-6061
-6451
-6444
-6113
-5548
-4670
-3687
-2839
-1941
-944
-128
499
1187
1831
2402
3078
3878
4617
5381
6376
7368
8141
8818
9464
9865
10017
10041
9865
9404
8852
8396
7915
7316
6828
6530
5871
4694
3630
2823
1518
-380
-2254
-4161
-6124
-7788
-9376
-11059
-12015
-12031
-11873
-11517
-10512
-9123
-7746
-6226
-4656
-3408
-2394
-1325
-400
78
372
706
1043
1388
1777
2036
2181
2447
2693
2596
2182
1615
828
-107
-1176
-2418
-3728
-4822
-5594
-6209
-6601
-6623
-6266
-5656
-4788
-3830
-2954
-2001
-946
-61
639
1361
2009
2643
3417
4209
4849
5577
6536
7432
8130
8734
9297
9674
9881
9910
9699
9267
8763
8325
7835
7260
6758
6452
5851
4701
3591
2796
1622
-207
-2100
-3974
-5874
-7554
-9146
-10840
-11922
-12057
-11966
-11729
-10859
-9538
-8246
-6824
-5234
-3907
-2890
-1821
-778
-173
145
519
939
1293
1707
2080
2258
2452
2722
2766
2366
1750
1022
150
-928
-2168
-3470
-4643
-5462
-6053
-6511
-6678
-6383
-5794
-4998
-4069
-3157
-2217
-1203
-266
476
1210
1919
2618
3424
4270
5013
5766
6722
7686
8452
9056
9626
10055
10240
10238
10014
9517
8923
8458
7931
7248
6662
6318
5726
4556
3408
2595
1485
-286
-2195
-4109
-6040
-7710
-9302
-11014
-12160
-12327
-12187
-11891
-10992
-9623
-8233
-6692
-5018
-3620
-2512
-1450
-454
162
485
740
1015
1315
1665
1970
2147
2343
2576
2644
2344
1752
997
170
-842
-2117
-3453
-4625
-5495
-6104
-6505
-6664
-6436
-5815
-4941
-3991
-3042
-2047
-1032
-134
607
1309
1945
2558
3286
4033
4710
5422
6301
7210
8000
8679
9275
9759
10026
10084
9889
9456
8915
8394
7870
7255
6621
6164
5691
4672
3478
2648
1763
165
-1744
-3538
-5421
-7160
-8714
-10357
-11713
-12151
-12059
-11868
-11237
-10043
-8664
-7219
-5624
-4159
-2968
-1900
-800
30
461
774
1155
1535
1888
2242
2422
2544
2741
2833
2527
1935
1227
403
-578
-1740
-3000
-4204
-5068
-5670
-6131
-6359
-6221
-5764
-5079
-4224
-3367
-2525
-1599
-657
137
859
1592
2334
3131
3986
4817
5576
6466
7440
8241
8860
9428
9873
10057
10095
9926
9461
8896
8409
7901
7273
6652
6232
5792
4824
3624
2761
1876
308
-1623
-3504
-5440
-7197
-8789
-10481
-11910
-12423
-12361
-12165
-11551
-10367
-8965
-7479
-5848
-4354
-3119
-2028
-884
-18
424
740
1081
1447
1793
2112
2232
2345
2612
2751
2454
1949
1328
484
-497
-1584
-2827
-4106
-5023
-5679
-6194
-6436
-6332
-5947
-5265
-4323
-3387
-2523
-1560
-538
309
1068
1810
2544
3284
4113
4920
5606
6438
7398
8212
8824
9393
9874
10169
10300
10210
9843
9375
8918
8421
7816
7185
6742
6195
5078
3763
2816
1777
16
-2030
-3985
-5979
-7776
-9422
-11160
-12509
-12906
-12784
-12545
-11827
-10531
-9042
-7502
-5862
-4347
-3083
-1948
-823
25
506
858
1241
1654
2024
2337
2523
2749
3002
3001
2670
2180
1445
444
-626
-1804
-3141
-4446
-5397
-6117
-6604
-6743
-6583
-6135
-5342
-4295
-3289
-2349
-1370
-411
405
1198
1938
2619
3332
4169
5006
5752
6627
7579
8440
9109
9708
10194
10466
10546
10425
10074
9539
8992
8447
7840
7203
6745
6106
4889
3616
2747
1614
-303
-2337
-4222
-6211
-8051
-9722
-11457
-12696
-12950
-12762
-12511
-11720
-10329
-8814
-7266
-5641
-4155
-2936
-1786
-684
47
442
843
1290
1655
2000
2338
2577
2803
2996
2925
2580
2033
1197
184
-891
-2148
-3518
-4736
-5663
-6367
-6773
-6807
-6579
-6061
-5175
-4127
-3170
-2213
-1192
-274
500
1301
2065
2739
3494
4386
5251
6066
7020
8028
8877
9560
10156
10563
10769
10824
10678
10246
9682
9198
8669
7993
7384
6967
6099
4675
3519
2655
1123
-1080
-3097
-5057
-7144
-8969
-10675
-12416
-13379
-13310
-13064
-12742
-11721
-10182
-8646
-7025
-5326
-3912
-2744
-1476
-374
201
563
1076
1552
1892
2281
2614
2808
2984
3125
2979
2498
1817
956
-32
-1180
-2502
-3855
-4996
-5854
-6505
-6846
-6853
-6581
-5983
-5059
-4080
-3213
-2201
-1082
-190
547
1372
2170
2867
3684
4602
5414
6221
7223
8238
9019
9682
10282
10701
10950
11046
10885
10441
9976
9597
9050
8311
7782
7255
6012
4472
3444
2341
347
-1942
-3966
-6069
-8064
-9770
-11577
-13127
-13576
-13299
-13079
-12514
-11236
-9673
-8072
-6355
-4754
-3485
-2243
-948
-3
504
942
1453
1903
2312
2651
2830
2976
3171
3153
2753
2163
1403
445
-611
-1795
-3176
-4475
-5407
-6161
-6786
-6997
-6859
-6543
-5894
-4919
-4028
-3191
-2082
-983
-192
556
1475
2314
3082
4027
4968
5762
6629
7682
8616
9278
9898
10447
10774
10911
10954
10722
10239
9834
9479
8905
8240
7830
7142
5736
4377
3467
2095
-94
-2258
-4329
-6524
-8453
-10230
-12120
-13391
-13567
-13401
-13172
-12373
-10992
-9416
-7742
-6034
-4557
-3302
-2029
-816
18
500
943
1490
2015
2457
2783
3027
3282
3482
3389
2947
2317
1474
468
-648
-1999
-3498
-4733
-5631
-6448
-6970
-7034
-6847
-6429
-5603
-4606
-3745
-2786
-1675
-733
12
800
1610
2345
3158
4071
4890
5697
6684
7749
8615
9344
10083
10648
10956
11128
11172
10893
10463
10083
9653
9023
8401
7853
6772
5222
3963
2890
1087
-1205
-3315
-5465
-7573
-9361
-11136
-12816
-13559
-13500
-13333
-12882
-11775
-10290
-8727
-7043
-5455
-4134
-2927
-1674
-599
79
553
1080
1663
2166
2616
2977
3250
3512
3636
3365
2769
2048
1114
5
-1268
-2752
-4236
-5367
-6243
-7003
-7383
-7312
-6959
-6342
-5398
-4381
-3419
-2372
-1264
-330
429
1211
2021
2788
3591
4447
5271
6148
7177
8200
9017
9768
10506
11015
11257
11362
11282
10907
10458
10037
9503
8817
8239
7560
6237
4736
3683
2475
419
-1809
-3882
-6055
-8043
-9802
-11665
-13168
-13608
-13546
-13398
-12748
-11474
-9968
-8342
-6583
-5025
-3723
-2449
-1161
-195
399
889
1408
1896
2309
2690
2921
3097
3316
3368
2976
2303
1571
683
-378
-1673
-3116
-4445
-5437
-6216
-6868
-7183
-7088
-6644
-5928
-5054
-4150
-3194
-2109
-1016
-153
556
1338
2183
2989
3793
4593
5396
6345
7405
8311
9012
9727
10411
10851
11059
11095
10895
10556
10220
9799
9227
8623
8173
7376
5924
4574
3584
2078
-119
-2270
-4426
-6624
-8477
-10228
-12094
-13266
-13418
-13296
-12979
-12053
-10629
-9125
-7470
-5764
-4359
-3176
-2001
-859
-97
382
825
1314
1780
2217
2617
2870
3133
3402
3414
2929
2201
1413
480
-697
-2152
-3641
-4917
-5844
-6579
-7120
-7342
-7101
-6431
-5621
-4734
-3778
-2709
-1591
-595
139
784
1553
2335
3085
3857
4655
5524
6602
7690
8514
9264
10057
10698
11062
11231
11159
10838
10449
10036
9494
8764
8167
7646
6534
5032
3918
2851
1000
-1158
-3142
-5303
-7382
-9109
-10921
-12631
-13310
-13297
-13246
-12755
-11553
-10113
-8630
-6925
-5305
-3943
-2742
-1511
-449
253
789
1278
1806
2254
2671
2998
3202
3390
3440
3140
2508
1763
844
-233
-1489
-2918
-4258
-5267
-6060
-6715
-6985
-6915
-6516
-5848
-4983
-4064
-3158
-2108
-1101
-293
361
1101
1866
2566
3381
4233
5036
5953
7090
8038
8730
9475
10200
10661
10906
11019
10859
10555
10280
9947
9343
8727
8359
7556
6102
4772
3794
2255
16
-2119
-4236
-6482
-8435
-10229
-12147
-13353
-13508
-13436
-13239
-12363
-10956
-9480
-7828
-6122
-4660
-3432
-2194
-984
-136
435
930
1523
2083
2558
3008
3312
3571
3783
3704
3195
2523
1696
623
-619
-2061
-3561
-4834
-5767
-6581
-7134
-7234
-6998
-6490
-5677
-4701
-3840
-2870
-1773
-824
-83
634
1455
2209
2998
3885
4746
5589
6641
7745
8530
9193
9938
10566
10859
10996
10988
10746
10454
10233
9804
9122
8735
8219
6930
5445
4410
3150
980
-1316
-3442
-5721
-7880
-9726
-11646
-13235
-13698
-13593
-13467
-12873
-11577
-10056
-8468
-6727
-5153
-3897
-2696
-1425
-470
148
664
1230
1836
2363
2864
3178
3443
3758
3821
3428
2816
2095
1091
-95
-1460
-3018
-4452
-5479
-6338
-7082
-7331
-7122
-6712
-5998
-4970
-4061
-3169
-2034
-979
-248
419
1244
1993
2667
3495
4353
5178
6191
7349
8280
9023
9806
10543
11024
11223
11276
11103
10793
10515
10109
9439
8894
8363
7172
5637
4453
3243
1207
-1160
-3331
-5575
-7726
-9651
-11575
-13199
-13838
-13822
-13653
-13092
-11920
-10375
-8743
-7048
-5456
-4065
-2790
-1565
-566
158
739
1323
1944
2495
2978
3350
3661
3943
4021
3740
3144
2348
1382
237
-1132
-2681
-4147
-5303
-6198
-6910
-7285
-7226
-6817
-6058
-5077
-4168
-3214
-2092
-1040
-243
438
1133
1855
2529
3229
3949
4717
5672
6741
7716
8506
9261
10004
10643
10995
11106
11063
10897
10695
10369
9865
9369
8828
7718
6209
5015
3843
1864
-569
-2759
-4967
-7176
-9163
-11136
-12886
-13689
-13803
-13784
-13378
-12323
-10887
-9368
-7739
-6145
-4735
-3422
-2110
-1010
-209
465
1150
1840
2477
3030
3436
3781
4123
4292
4049
3452
2650
1705
602
-771
-2360
-3908
-5140
-6098
-6913
-7448
-7517
-7180
-6488
-5567
-4686
-3714
-2549
-1433
-579
186
962
1731
2461
3200
3950
4708
5627
6721
7747
8574
9360
10133
10755
11174
11417
11403
11208
11031
10746
10221
9677
9112
7960
6345
5065
3876
1861
-616
-2800
-5032
-7299
-9239
-11129
-12914
-13746
-13775
-13709
-13307
-12205
-10782
-9300
-7629
-6013
-4697
-3450
-2123
-1060
-337
308
954
1602
2289
2911
3297
3656
4130
4392
4179
3650
2922
1962
863
-459
-2103
-3764
-5010
-5994
-6922
-7521
-7587
-7304
-6655
-5669
-4761
-3855
-2691
-1503
-666
26
759
1449
2084
2788
3519
4203
5097
6272
7387
8258
9123
10009
10710
11196
11480
11471
11242
11047
10746
10195
9613
9072
8070
6562
5260
4168
2457
127
-2050
-4203
-6429
-8436
-10360
-12221
-13294
-13513
-13523
-13284
-12407
-11075
-9617
-7998
-6413
-5026
-3714
-2390
-1258
-443
209
832
1513
2178
2774
3210
3601
4013
4252
4159
3752
3072
2103
1056
-160
-1724
-3419
-4759
-5805
-6784
-7454
-7671
-7550
-7026
-6070
-5154
-4313
-3216
-1984
-1011
-273
461
1175
1863
2593
3375
4060
4875
5985
7131
8027
8827
9703
10453
10999
11320
11398
11243
11085
10859
10429
9876
9370
8590
7203
5782
4662
3176
925
-1353
-3488
-5722
-7829
-9761
-11658
-13005
-13391
-13414
-13293
-12629
-11420
-10062
-8583
-7040
-5687
-4438
-3141
-1933
-1044
-349
323
1061
1801
2486
3038
3496
3962
4261
4245
3942
3388
2468
1396
261
-1153
-2784
-4169
-5200
-6184
-6903
-7142
-7079
-6751
-5950
-5001
-4220
-3315
-2193
-1245
-586
131
867
1502
2184
3039
3827
4579
5589
6740
7705
8511
9360
10075
10617
10972
11101
10965
10754
10551
10184
9676
9219
8673
7499
6069
4986
3765
1724
-580
-2678
-4903
-7069
-9007
-10957
-12592
-13187
-13223
-13196
-12696
-11568
-10238
-8818
-7240
-5847
-4639
-3391
-2138
-1210
-556
48
700
1401
2074
2641
3064
3541
3936
4021
3779
3336
2586
1544
441
-835
-2345
-3765
-4821
-5784
-6570
-6865
-6796
-6565
-5955
-5017
-4179
-3338
-2290
-1300
-623
68
850
1516
2141
2939
3777
4534
5436
6488
7468
8280
9084
9817
10368
10723
10894
10861
10660
10439
10150
9698
9239
8815
7831
6340
5145
4076
2209
-181
-2339
-4548
-6770
-8717
-10651
-12444
-13258
-13287
-13251
-12879
-11850
-10506
-9100
-7535
-6059
-4819
-3644
-2407
-1363
-683
-116
533
1246
1919
2561
3056
3487
3943
4171
3993
3547
2880
1874
714
-559
-2053
-3576
-4775
-5709
-6533
-7001
-6990
-6699
-6153
-5271
-4346
-3493
-2482
-1407
-607
31
775
1500
2119
2816
3621
4395
5245
6289
7317
8146
8916
9681
10300
10672
10850
10848
10640
10378
10096
9665
9161
8746
7978
6586
5281
4327
2817
550
-1646
-3715
-5877
-7876
-9793
-11708
-12904
-13175
-13206
-13075
-12378
-11197
-9849
-8372
-6877
-5536
-4318
-3082
-1876
-992
-375
307
1099
1819
2447
2979
3414
3855
4173
4129
3727
3121
2287
1252
86
-1310
-2816
-4084
-5031
-5872
-6508
-6711
-6559
-6142
-5444
-4620
-3863
-2999
-1968
-1089
-436
257
1033
1712
2402
3187
3954
4746
5754
6826
7664
8384
9143
9836
10299
10584
10690
10598
10443
10284
10006
9565
9177
8595
7379
5979
4954
3686
1549
-776
-2879
-5046
-7161
-9104
-11063
-12594
-13141
-13205
-13151
-12655
-11609
-10302
-8853
-7335
-5961
-4731
-3531
-2327
-1348
-683
-67
682
1457
2108
2681
3173
3672
4110
4215
3937
3437
2738
1777
624
-748
-2280
-3683
-4791
-5752
-6531
-6880
-6828
-6502
-5880
-5044
-4245
-3387
-2330
-1340
-604
109
919
1654
2348
3117
3895
4669
5617
6688
7563
8266
8998
9703
10198
10496
10629
10544
10391
10250
9999
9562
9161
8712
7670
6251
5135
4037
2113
-241
-2378
-4550
-6738
-8700
-10606
-12304
-13070
-13168
-13166
-12788
-11815
-10539
-9139
-7598
-6195
-4969
-3790
-2605
-1581
-846
-232
458
1224
1909
2537
3080
3600
4121
4361
4170
3733
3145
2231
1070
-284
-1822
-3324
-4537
-5545
-6409
-6839
-6822
-6522
-5966
-5148
-4300
-3454
-2445
-1471
-728
-92
660
1385
2030
2720
3472
4269
5192
6293
7289
8076
8870
9680
10270
10578
10766
10736
10523
10337
10131
9717
9220
8867
8102
6722
5483
4553
2991
652
-1557
-3686
-5982
-8067
-9969
-11890
-13126
-13371
-13418
-13285
-12512
-11262
-9910
-8388
-6872
-5601
-4406
-3176
-2052
-1236
-583
97
846
1562
2231
2819
3305
3878
4303
4275
3874
3374
2615
1558
337
-1137
-2731
-4094
-5137
-6140
-6890
-7117
-6960
-6533
-5839
-5003
-4205
-3211
-2105
-1226
-553
194
1031
1766
2514
3280
4017
4878
5971
7075
7926
8718
9580
10318
10792
11081
11188
11015
10785
10591
10249
9694
9218
8679
7493
6032
4969
3784
1715
-619
-2706
-4943
-7124
-9012
-10924
-12597
-13251
-13289
-13303
-12884
-11800
-10480
-9060
-7498
-6092
-4876
-3662
-2450
-1501
-792
-129
577
1335
2044
2688
3168
3712
4274
4533
4307
3805
3120
2142
1052
-285
-1959
-3586
-4791
-5817
-6826
-7411
-7509
-7251
-6619
-5718
-4862
-3957
-2757
-1628
-829
-116
660
1369
2059
2850
3552
4215
5143
6314
7339
8123
8964
9800
10475
10947
11204
11154
10895
10699
10449
9942
9347
8910
8149
6754
5465
4511
3020
820
-1296
-3381
-5635
-7633
-9466
-11443
-12792
-13113
-13185
-13172
-12513
-11289
-9970
-8490
-6940
-5570
-4325
-3053
-1855
-1001
-314
363
1090
1786
2439
2990
3437
3973
4434
4553
4253
3636
2743
1742
630
-889
-2665
-4194
-5341
-6404
-7295
-7767
-7796
-7393
-6604
-5683
-4794
-3709
-2453
-1409
-629
119
853
1484
2162
2940
3617
4323
5343
6541
7532
8365
9247
10059
10680
11095
11235
11044
10713
10457
10083
9436
8826
8353
7387
5922
4798
3841
2144
19
-1925
-4001
-6177
-7976
-9798
-11683
-12665
-12789
-12863
-12721
-11836
-10542
-9186
-7658
-6141
-4811
-3577
-2310
-1206
-434
190
838
1520
2147
2682
3120
3568
4080
4424
4427
4100
3391
2416
1423
262
-1360
-3125
-4538
-5696
-6745
-7505
-7876
-7870
-7364
-6454
-5536
-4632
-3470
-2197
-1192
-411
352
1047
1671
2422
3193
3811
4562
5646
6789
7717
8585
9443
10172
10749
11081
11095
10826
10464
10121
9655
8987
8372
7853
6845
5405
4319
3342
1649
-451
-2377
-4381
-6425
-8189
-9993
-11708
-12531
-12626
-12674
-12443
-11522
-10251
-8882
-7348
-5854
-4557
-3330
-2072
-971
-180
436
1073
1770
2399
2873
3244
3648
4095
4344
4277
3880
3092
2079
1091
-86
-1744
-3493
-4870
-5998
-6965
-7647
-7989
-7923
-7310
-6294
-5338
-4419
-3229
-1934
-893
-104
617
1258
1933
2722
3406
3974
4777
5882
6949
7858
8724
9517
10196
10724
10978
10896
10553
10140
9725
9209
8522
7900
7375
6393
5037
3996
3052
1423
-653
-2545
-4471
-6460
-8239
-10029
-11666
-12466
-12552
-12570
-12304
-11323
-9985
-8574
-7005
-5439
-4094
-2859
-1569
-475
266
843
1464
2100
2590
3012
3355
3703
4080
4287
4211
3811
3059
2063
1035
-193
-1843
-3596
-5045
-6208
-7195
-7901
-8256
-8209
-7576
-6519
-5517
-4517
-3247
-1888
-787
81
849
1507
2206
2975
3630
4201
4981
6019
7061
7958
8785
9573
10221
10712
10954
10839
10405
9936
9497
8903
8128
7411
6817
5803
4446
3375
2442
882
-1124
-2901
-4737
-6663
-8365
-10035
-11593
-12346
-12392
-12387
-12078
-11045
-9683
-8294
-6723
-5133
-3763
-2509
-1204
-130
592
1187
1812
2403
2828
3237
3534
3789
4096
4212
4012
3583
2908
1941
889
-354
-1921
-3556
-4885
-5974
-6951
-7598
-7861
-7757
-7207
-6266
-5320
-4333
-3129
-1874
-867
-61
752
1455
2114
2872
3632
4268
5047
6089
7132
7993
8776
9550
10133
10526
10727
10607
10127
9630
9179
8593
7851
7162
6637
5651
4305
3245
2351
804
-1229
-3021
-4859
-6792
-8525
-10182
-11744
-12475
-12446
-12384
-12025
-10941
-9518
-8071
-6463
-4862
-3457
-2204
-928
127
797
1326
1881
2414
2790
3141
3379
3597
3860
3954
3731
3256
2611
1712
678
-581
-2130
-3708
-4969
-6016
-6953
-7585
-7793
-7580
-7021
-6097
-5095
-4031
-2799
-1542
-515
284
1131
1837
2445
3167
3891
4468
5165
6134
7081
7857
8606
9349
9915
10308
10479
10354
9912
9427
8954
8352
7600
6888
6372
5384
3994
2918
2052
567
-1461
-3247
-5011
-6844
-8508
-10110
-11597
-12292
-12216
-12121
-11772
-10715
-9317
-7880
-6312
-4755
-3371
-2152
-892
182
886
1434
1991
2550
2937
3277
3523
3738
3971
4043
3799
3260
2584
1683
625
-659
-2228
-3776
-4996
-6012
-6899
-7503
-7692
-7442
-6896
-6027
-5058
-4017
-2838
-1657
-664
143
988
1715
2398
3168
3916
4576
5351
6373
7321
8120
8900
9589
10109
10457
10520
10289
9784
9219
8652
7971
7154
6388
5845
4895
3571
2497
1655
284
-1665
-3428
-5154
-6900
-8510
-10074
-11487
-12191
-12152
-12001
-11594
-10553
-9146
-7652
-6065
-4495
-3100
-1874
-643
393
1074
1587
2091
2590
2913
3202
3434
3635
3861
3938
3737
3224
2553
1698
680
-583
-2117
-3602
-4806
-5825
-6681
-7257
-7447
-7214
-6667
-5797
-4845
-3832
-2678
-1509
-514
279
1103
1838
2556
3319
4040
4697
5460
6464
7389
8168
8922
9548
10016
10333
10384
10128
9598
9002
8406
7722
6868
6056
5511
4583
3233
2152
1353
6
-1920
-3636
-5333
-7052
-8611
-10138
-11527
-12236
-12196
-12013
-11575
-10512
-9070
-7550
-5934
-4340
-2960
-1742
-504
515
1132
1575
2030
2479
2755
3027
3207
3347
3591
3720
3544
3040
2391
1568
601
-592
-2077
-3555
-4737
-5710
-6566
-7147
-7347
-7128
-6533
-5619
-4670
-3657
-2480
-1287
-298
449
1232
1950
2642
3374
4071
4687
5400
6377
7315
8108
8857
9493
9971
10284
10365
10135
9616
9021
8419
7737
6866
6045
5518
4592
3207
2140
1403
82
-1778
-3394
-5024
-6725
-8239
-9721
-11159
-11895
-11889
-11828
-11499
-10508
-9169
-7775
-6228
-4644
-3283
-2063
-780
293
962
1456
1954
2404
2710
3016
3187
3299
3513
3639
3461
2954
2283
1441
506
-642
-2111
-3616
-4828
-5807
-6663
-7271
-7510
-7296
-6648
-5703
-4764
-3737
-2509
-1272
-259
539
1337
2052
2769
3510
4199
4811
5529
6519
7496
8291
8994
9649
10129
10387
10395
10130
9599
8977
8358
7657
6774
5996
5487
4522
3145
2084
1306
-83
-1962
-3594
-5292
-7043
-8576
-10023
-11434
-12088
-11973
-11797
-11355
-10256
-8796
-7329
-5725
-4118
-2747
-1549
-345
631
1206
1638
2060
2436
2711
2996
3172
3316
3514
3588
3390
2908
2223
1315
334
-847
-2308
-3807
-5030
-6000
-6827
-7362
-7537
-7283
-6622
-5634
-4629
-3604
-2412
-1199
-198
615
1418
2094
2767
3490
4209
4819
5508
6471
7455
8248
8900
9572
10033
10265
10257
9966
9417
8758
8140
7418
6549
5759
5252
4422
3132
2041
1289
136
-1597
-3235
-4844
-6520
-8034
-9425
-10851
-11699
-11668
-11479
-11148
-10256
-8897
-7488
-5966
-4374
-3000
-1818
-655
401
1027
1422
1821
2210
2518
2783
2964
3107
3325
3433
3317
2936
2285
1385
421
-675
-2099
-3651
-4943
-5939
-6790
-7356
-7580
-7407
-6789
-5781
-4695
-3656
-2455
-1199
-140
671
1442
2103
2727
3422
4125
4756
5398
6318
7321
8180
8876
9534
10020
10263
10262
9899
9282
8508
7773
7006
6131
5271
4727
4209
3166
2053
1345
597
-832
-2467
-3985
-5621
-7195
-8604
-10077
-11290
-11584
-11443
-11236
-10570
-9343
-7957
-6486
-4847
-3375
-2139
-976
159
937
1384
1741
2062
2367
2625
2799
2885
3073
3235
3219
3013
2567
1791
854
-60
-1252
-2751
-4133
-5185
-6105
-6835
-7218
-7287
-6972
-6172
-5128
-4155
-3064
-1805
-632
277
1082
1817
2456
3153
3860
4487
5048
5794
6697
7556
8278
8910
9434
9780
9946
9763
9296
8655
7975
7281
6525
5702
5017
4579
3798
2628
1691
1070
-72
-1759
-3283
-4812
-6441
-7895
-9262
-10609
-11269
-11228
-11041
-10588
-9595
-8257
-6865
-5322
-3791
-2483
-1382
-318
564
1085
1442
1728
2020
2271
2460
2583
2747
2949
3022
2946
2671
2053
1120
218
-777
-2158
-3636
-4802
-5722
-6523
-7026
-7170
-7002
-6419
-5421
-4385
-3378
-2202
-950
95
926
1702
2380
3045
3747
4412
4961
5563
6378
7228
7923
8507
9044
9404
9610
9578
9205
8582
7917
7263
6509
5717
4972
4505
3983
3011
1983
1344
600
-853
-2385
-3784
-5382
-6916
-8249
-9656
-10750
-11017
-10910
-10654
-9961
-8783
-7447
-6017
-4460
-3033
-1869
-847
134
820
1205
1472
1746
2008
2177
2339
2457
2594
2736
2771
2601
2097
1270
402
-436
-1604
-3042
-4295
-5227
-5992
-6570
-6834
-6783
-6368
-5520
-4502
-3563
-2566
-1390
-243
623
1334
2008
2676
3390
4083
4674
5235
5992
6884
7625
8164
8672
9088
9283
9279
9012
8409
7685
7087
6426
5662
4948
4501
4230
3552
2564
1816
1292
219
-1352
-2798
-4362
-6012
-7420
-8812
-10183
-10827
-10775
-10576
-10074
-9040
-7731
-6346
-4810
-3335
-2136
-1137
-167
618
1030
1247
1441
1682
1880
2072
2237
2366
2567
2742
2736
2410
1701
834
50
-943
-2383
-3844
-4944
-5808
-6519
-6945
-7040
-6750
-5979
-4886
-3841
-2829
-1651
-384
656
1403
2031
2609
3261
3916
4464
4946
5572
6411
7217
7840
8353
8857
9172
9259
9114
8637
7904
7184
6527
5761
4944
4262
3901
3420
2503
1598
1070
401
-944
-2396
-3770
-5318
-6755
-8016
-9365
-10341
-10492
-10331
-10019
-9192
-7955
-6650
-5195
-3648
-2326
-1280
-292
618
1160
1424
1607
1779
1926
2070
2207
2257
2348
2499
2487
2259
1751
927
65
-748
-1906
-3394
-4625
-5483
-6242
-6798
-6986
-6861
-6345
-5380
-4314
-3382
-2327
-1073
58
903
1640
2280
2878
3571
4211
4710
5263
5999
6760
7413
7951
8406
8751
8913
8894
8569
7977
7313
6671
6006
5293
4582
4040
3673
2977
1967
1183
659
-375
-1905
-3298
-4756
-6271
-7562
-8779
-9949
-10446
-10275
-9972
-9356
-8249
-6932
-5576
-4067
-2641
-1549
-625
307
1016
1367
1576
1767
1945
2129
2326
2428
2515
2700
2773
2604
2251
1577
639
-236
-1174
-2525
-3962
-4963
-5743
-6437
-6813
-6789
-6477
-5768
-4696
-3675
-2729
-1594
-341
615
1346
2048
2660
3244
3859
4435
4921
5514
6255
6991
7575
8048
8461
8710
8744
8526
8027
7331
6608
5900
5189
4468
3833
3472
3173
2451
1562
1073
613
-525
-1984
-3332
-4793
-6254
-7558
-8880
-9980
-10303
-10129
-9816
-9159
-8046
-6713
-5315
-3847
-2550
-1525
-626
254
895
1179
1312
1493
1738
1924
2044
2139
2325
2540
2614
2475
2064
1362
569
-237
-1319
-2685
-3911
-4847
-5658
-6279
-6573
-6519
-6145
-5363
-4332
-3350
-2373
-1190
5
873
1572
2262
2921
3493
4052
4601
5093
5670
6383
7069
7558
7998
8379
8559
8531
8266
7733
7030
6347
5691
4986
4252
3714
3431
2961
2051
1252
850
139
-1211
-2611
-3923
-5350
-6674
-7892
-9113
-9881
-9887
-9588
-9157
-8325
-7083
-5706
-4308
-2920
-1774
-887
-59
721
1152
1274
1377
1569
1774
1884
1956
2049
2235
2391
2374
2113
1546
770
-35
-939
-2188
-3534
-4602
-5449
-6177
-6624
-6707
-6483
-5908
-4962
-3909
-2944
-1894
-677
379
1135
1821
2475
3049
3606
4198
4712
5179
5821
6559
7180
7633
8023
8246
8301
8204
7798
7147
6445
5795
5137
4495
3915
3534
3338
2823
1972
1398
1061
163
-1278
-2602
-3968
-5439
-6734
-7999
-9234
-9831
-9692
-9429
-8982
-8016
-6697
-5344
-3952
-2606
-1573
-765
63
744
1012
1101
1243
1454
1638
1805
1933
2062
2316
2534
2502
2124
1559
846
23
-996
-2288
-3557
-4598
-5425
-6106
-6478
-6485
-6166
-5506
-4542
-3498
-2546
-1479
-302
677
1399
2035
2637
3210
3777
4325
4769
5240
5895
6576
7134
7557
7890
8024
8042
7882
7381
6738
6087
5471
4817
4208
3731
3469
3245
2582
1756
1282
869
-210
-1682
-3023
-4418
-5778
-7003
-8301
-9405
-9704
-9442
-9121
-8518
-7439
-6127
-4759
-3372
-2192
-1317
-527
257
744
899
955
1094
1301
1466
1648
1756
1905
2168
2367
2235
1788
1218
467
-337
-1329
-2571
-3773
-4670
-5351
-5933
-6182
-6115
-5729
-4979
-3993
-3063
-2202
-1140
-62
764
1401
1996
2572
3162
3726
4223
4684
5255
5913
6521
7050
7451
7716
7796
7777
7513
6965
6343
5736
5165
4546
4007
3630
3518
3330
2640
1880
1506
1084
-90
-1572
-2930
-4328
-5676
-6953
-8296
-9343
-9554
-9294
-8972
-8350
-7259
-5953
-4587
-3252
-2138
-1270
-481
254
654
771
816
996
1223
1416
1639
1820
2070
2395
2656
2563
2147
1526
796
3
-1174
-2600
-3858
-4797
-5624
-6296
-6604
-6528
-6035
-5150
-4110
-3143
-2068
-856
224
1008
1632
2163
2673
3177
3607
3998
4422
5029
5694
6343
6889
7329
7672
7821
7776
7431
6878
6198
5527
4876
4188
3571
3190
3159
2954
2240
1577
1383
978
-203
-1572
-2851
-4252
-5589
-6832
-8191
-9209
-9354
-9120
-8844
-8151
-6985
-5697
-4374
-3003
-1875
-1057
-290
446
827
875
883
1042
1250
1431
1610
1768
2038
2402
2638
2519
2143
1588
968
206
-990
-2368
-3525
-4404
-5241
-5922
-6250
-6188
-5734
-4928
-4014
-3137
-2075
-888
131
846
1468
2037
2546
3034
3490
3867
4266
4878
5561
6158
6621
7048
7418
7581
7494
7198
6719
6118
5519
4927
4310
3736
3401
3378
3195
2477
1791
1547
1097
-86
-1462
-2805
-4277
-5575
-6771
-8134
-9191
-9332
-9102
-8818
-8127
-7004
-5772
-4516
-3155
-2089
-1344
-661
40
424
453
495
660
902
1133
1380
1561
1863
2273
2469
2328
1975
1460
801
17
-1107
-2395
-3480
-4300
-5056
-5638
-5850
-5748
-5328
-4565
-3666
-2847
-1860
-737
207
877
1476
2073
2557
3051
3560
3985
4399
4981
5627
6159
6591
6961
7247
7316
7176
6881
6401
5810
5207
4664
4131
3643
3334
3343
3259
2621
1987
1766
1397
276
-1071
-2377
-3790
-5043
-6236
-7625
-8757
-8944
-8759
-8553
-7973
-6929
-5756
-4553
-3237
-2213
-1510
-860
-145
224
255
324
511
716
919
1199
1394
1718
2134
2305
2126
1797
1319
639
-189
-1304
-2549
-3636
-4440
-5169
-5714
-5884
-5716
-5263
-4530
-3632
-2797
-1817
-725
201
828
1407
2001
2471
2963
3480
3957
4418
5049
5738
6292
6723
7090
7365
7387
7222
6873
6324
5714
5107
4535
4001
3565
3269
3281
3231
2650
2026
1794
1417
231
-1161
-2491
-3912
-5162
-6349
-7729
-8795
-8863
-8587
-8313
-7671
-6564
-5358
-4138
-2859
-1921
-1284
-682
-32
234
206
260
455
677
934
1253
1477
1863
2272
2393
2187
1848
1307
553
-319
-1431
-2667
-3763
-4562
-5254
-5707
-5833
-5620
-5154
-4425
-3509
-2668
-1703
-661
249
873
1455
2039
2503
2969
3498
4010
4484
5130
5808
6371
6808
7175
7433
7455
7302
6936
6384
5769
5149
4520
3977
3528
3169
3090
3014
2482
1851
1594
1250
133
-1221
-2481
-3888
-5161
-6340
-7691
-8762
-8919
-8702
-8495
-7887
-6794
-5661
-4517
-3249
-2251
-1556
-944
-307
0
16
72
264
488
768
1116
1375
1770
2157
2293
2174
1903
1344
552
-285
-1311
-2529
-3648
-4485
-5200
-5596
-5680
-5502
-5073
-4322
-3327
-2438
-1509
-507
392
1038
1618
2142
2564
2984
3522
4083
4538
5128
5802
6403
6860
7210
7392
7365
7174
6789
6196
5514
4858
4237
3748
3325
3009
3004
3070
2694
2165
1967
1722
781
-524
-1795
-3215
-4530
-5728
-7088
-8254
-8591
-8455
-8287
-7761
-6784
-5737
-4664
-3418
-2418
-1790
-1258
-677
-339
-332
-315
-176
44
374
765
1060
1446
1892
2148
2188
1995
1440
635
-150
-1084
-2353
-3600
-4505
-5222
-5654
-5788
-5701
-5326
-4514
-3446
-2549
-1682
-685
256
940
1488
1916
2286
2712
3276
3834
4274
4850
5602
6301
6808
7183
7401
7451
7342
6989
6369
5688
5079
4508
4014
3614
3318
3297
3408
3045
2497
2204
1905
956
-449
-1833
-3343
-4710
-5982
-7346
-8469
-8794
-8600
-8321
-7698
-6706
-5572
-4428
-3180
-2209
-1625
-1113
-559
-219
-225
-207
-40
235
580
987
1320
1709
2152
2381
2398
2122
1494
673
-159
-1171
-2484
-3718
-4593
-5245
-5679
-5824
-5711
-5260
-4440
-3443
-2585
-1753
-777
131
789
1322
1791
2199
2668
3237
3806
4294
4901
5659
6315
6807
7142
7361
7400
7273
6894
6276
5635
5022
4494
4005
3651
3396
3376
3480
3083
2515
2192
1866
846
-611
-2015
-3549
-4937
-6241
-7651
-8780
-9056
-8856
-8608
-7967
-6937
-5788
-4598
-3339
-2393
-1810
-1264
-680
-338
-313
-258
-26
328
685
1099
1483
1917
2387
2606
2585
2285
1643
782
-95
-1169
-2547
-3759
-4632
-5331
-5819
-5939
-5791
-5341
-4506
-3527
-2660
-1792
-785
129
780
1348
1870
2303
2774
3322
3865
4347
4971
5715
6348
6854
7177
7391
7413
7272
6886
6278
5643
4990
4445
3967
3629
3382
3420
3656
3368
2796
2508
2305
1383
-49
-1435
-2973
-4440
-5728
-7162
-8480
-8901
-8688
-8492
-8015
-7015
-5883
-4754
-3506
-2511
-1949
-1468
-863
-502
-499
-451
-210
143
531
1021
1414
1821
2348
2649
2632
2341
1741
840
-125
-1242
-2669
-3955
-4876
-5630
-6187
-6315
-6132
-5697
-4870
-3829
-2887
-1996
-972
-22
605
1130
1651
2066
2472
2975
3525
4024
4676
5456
6147
6746
7194
7467
7494
7368
7013
6410
5737
5027
4374
3814
3454
3221
3211
3509
3480
3046
2793
2728
2072
767
-579
-2057
-3607
-4973
-6427
-7890
-8606
-8541
-8378
-8054
-7160
-5988
-4871
-3651
-2544
-1866
-1417
-840
-431
-463
-497
-339
-82
230
721
1142
1519
2070
2489
2592
2434
2018
1236
316
-733
-2089
-3433
-4469
-5307
-5976
-6254
-6180
-5848
-5165
-4192
-3244
-2344
-1322
-337
361
902
1446
1886
2279
2761
3290
3760
4357
5112
5796
6413
6907
7214
7310
7225
6931
6410
5795
5128
4446
3877
3492
3247
3186
3406
3496
3143
2814
2732
2286
1148
-195
-1602
-3141
-4550
-5930
-7400
-8366
-8488
-8319
-8103
-7392
-6287
-5224
-4099
-2951
-2164
-1741
-1252
-754
-661
-705
-579
-314
29
556
1097
1519
2094
2625
2834
2740
2375
1634
705
-263
-1564
-3014
-4149
-5004
-5745
-6155
-6153
-5879
-5288
-4337
-3350
-2479
-1510
-519
214
690
1184
1597
1919
2372
2915
3411
3969
4745
5515
6188
6765
7126
7273
7271
7044
6516
5855
5198
4507
3921
3498
3208
3106
3322
3615
3387
2934
2782
2594
1688
283
-1142
-2697
-4171
-5491
-6928
-8199
-8572
-8321
-8103
-7601
-6531
-5367
-4290
-3104
-2147
-1650
-1263
-737
-489
-525
-472
-286
8
458
1039
1449
1911
2488
2834
2836
2505
1806
814
-110
-1245
-2771
-4152
-5080
-5767
-6291
-6422
-6229
-5715
-4744
-3610
-2670
-1740
-648
277
823
1250
1657
1967
2338
2837
3336
3845
4546
5336
6028
6659
7108
7290
7315
7148
6697
6022
5320
4585
3911
3464
3167
3005
3101
3542
3698
3340
3014
2909
2412
1155
-310
-1903
-3504
-4871
-6238
-7707
-8604
-8541
-8270
-7925
-7076
-5891
-4779
-3606
-2471
-1827
-1476
-1027
-637
-606
-642
-537
-310
79
646
1158
1555
2117
2634
2824
2661
2154
1305
338
-675
-2025
-3513
-4676
-5443
-6005
-6299
-6250
-5912
-5154
-4100
-3068
-2186
-1241
-233
496
988
1365
1706
2056
2510
3032
3508
4110
4832
5550
6169
6646
6909
6979
6922
6606
6033
5382
4731
4061
3538
3232
3103
3065
3334
3761
3692
3298
3034
2833
1968
537
-991
-2639
-4098
-5395
-6780
-8042
-8443
-8178
-7897
-7337
-6351
-5247
-4165
-3005
-2157
-1792
-1443
-1034
-855
-893
-823
-625
-256
343
944
1403
1911
2531
2892
2848
2502
1832
921
-110
-1331
-2752
-4036
-4906
-5517
-5945
-6006
-5722
-5123
-4234
-3258
-2328
-1482
-566
247
787
1168
1482
1868
2238
2667
3157
3733
4388
5058
5725
6235
6575
6755
6792
6546
6050
5453
4844
4209
3624
3241
3017
3005
3155
3600
3967
3786
3426
3214
2918
1875
324
-1261
-2852
-4248
-5617
-7047
-8110
-8309
-8017
-7687
-7051
-6059
-4982
-3886
-2833
-2182
-1872
-1555
-1254
-1167
-1192
-1129
-935
-467
175
757
1255
1828
2396
2665
2652
2321
1588
618
-439
-1652
-2983
-4124
-4937
-5573
-5897
-5786
-5463
-4875
-4000
-3004
-2084
-1245
-359
361
877
1263
1603
1939
2242
2652
3183
3769
4328
4947
5587
6099
6445
6634
6590
6265
5871
5388
4790
4148
3665
3387
3214
3258
3472
3911
4161
3900
3522
3280
2869
1688
110
-1449
-3000
-4388
-5752
-7077
-7974
-8082
-7747
-7336
-6629
-5628
-4596
-3561
-2599
-2029
-1778
-1531
-1227
-1123
-1156
-1083
-757
-209
404
1008
1495
1993
2431
2619
2492
1950
1035
-26
-1091
-2265
-3509
-4548
-5241
-5641
-5653
-5364
-4978
-4297
-3315
-2316
-1500
-763
1
584
981
1277
1544
1797
2136
2667
3229
3765
4345
5011
5615
6075
6335
6312
6069
5718
5294
4679
4003
3431
3081
2959
2947
3091
3447
4027
4232
3883
3528
3267
2595
1179
-429
-2055
-3663
-5028
-6334
-7558
-8166
-7999
-7595
-7046
-6139
-5080
-4132
-3131
-2295
-1923
-1805
-1609
-1396
-1399
-1404
-1226
-744
-96
590
1276
1871
2425
2839
2940
2630
1933
958
-184
-1370
-2564
-3697
-4633
-5251
-5460
-5289
-4898
-4416
-3673
-2678
-1701
-913
-231
397
861
1228
1519
1760
2001
2410
3020
3613
4168
4795
5445
5993
6384
6536
6399
6075
5684
5170
4488
3831
3350
3063
2954
3027
3222
3616
4112
4053
3550
3205
2873
1842
232
-1350
-3007
-4542
-5793
-7077
-8187
-8389
-7961
-7517
-6856
-5810
-4782
-3835
-2841
-2220
-2024
-1896
-1649
-1550
-1579
-1467
-1153
-608
67
819
1480
1999
2449
2711
2611
2136
1271
100
-1044
-2072
-3197
-4273
-4984
-5286
-5208
-4820
-4371
-3855
-2964
-1860
-1038
-503
57
553
896
1186
1391
1549
1884
2477
3146
3745
4362
5044
5690
6204
6457
6402
6152
5834
5397
4777
4140
3668
3351
3228
3307
3515
3820
4385
4744
4376
3833
3492
2823
1401
-258
-1971
-3707
-5085
-6260
-7528
-8294
-8086
-7560
-6997
-6100
-5061
-4199
-3255
-2441
-2129
-2084
-1976
-1800
-1762
-1673
-1430
-985
-264
593
1366
1937
2408
2711
2681
2307
1505
265
-1044
-2138
-3261
-4466
-5313
-5651
-5627
-5225
-4657
-4104
-3262
-2111
-1127
-559
-82
416
730
914
1067
1209
1500
2026
2679
3406
4152
4845
5503
6138
6520
6515
6233
5875
5411
4794
4108
3511
3122
2989
3073
3246
3562
4104
4764
4858
4378
3890
3431
2419
760
-976
-2777
-4411
-5659
-6832
-7920
-8245
-7775
-7166
-6445
-5426
-4483
-3731
-2878
-2325
-2263
-2357
-2312
-2177
-2099
-1887
-1501
-795
204
1221
2048
2657
3194
3456
3227
2570
1559
274
-1089
-2384
-3591
-4656
-5348
-5610
-5529
-5057
-4407
-3727
-2911
-1934
-1089
-580
-199
165
396
563
787
1059
1481
2118
2944
3794
4600
5325
5971
6468
6684
6590
6194
5710
5154
4497
3858
3379
3055
2939
3120
3456
3770
4300
4928
4856
4254
3744
3224
2014
265
-1448
-3224
-4749
-5843
-6953
-7956
-8079
-7460
-6853
-6180
-5199
-4323
-3626
-2910
-2553
-2599
-2672
-2572
-2438
-2311
-1981
-1464
-631
416
1385
2141
2693
3124
3229
2847
2053
975
-244
-1501
-2753
-3833
-4645
-5140
-5345
-5235
-4747
-4113
-3471
-2764
-1992
-1297
-807
-427
-94
150
409
758
1157
1598
2236
3084
3922
4641
5263
5837
6214
6380
6334
5978
5502
5027
4527
4019
3630
3388
3317
3540
3923
4214
4636
5177
5116
4438
3806
3251
2045
267
-1443
-3188
-4758
-5860
-6849
-7824
-8031
-7406
-6784
-6139
-5195
-4358
-3755
-3100
-2703
-2760
-2853
-2672
-2465
-2260
-1778
-1154
-344
696
1738
2452
2864
3159
3100
2629
1859
745
-549
-1703
-2727
-3669
-4363
-4728
-4879
-4774
-4310
-3773
-3338
-2810
-2127
-1563
-1186
-837
-518
-239
147
633
1041
1484
2185
3029
3786
4399
4914
5405
5772
5923
5845
5560
5193
4803
4419
3995
3589
3381
3403
3586
3865
4161
4572
5050
5026
4415
3795
3238
2098
417
-1257
-2994
-4607
-5736
-6703
-7652
-7889
-7339
-6759
-6066
-5084
-4308
-3764
-3105
-2684
-2779
-2907
-2734
-2535
-2263
-1641
-933
-144
941
2105
2852
3234
3467
3265
2627
1792
662
-807
-2125
-3095
-3943
-4568
-4835
-4858
-4604
-3919
-3198
-2778
-2285
-1565
-1036
-783
-561
-364
-194
184
727
1154
1675
2517
3449
4268
4957
5452
5761
6006
6070
5776
5293
4808
4338
3950
3656
3343
3141
3338
3754
4051
4311
4744
5098
4817
4064
3348
2552
1242
-393
-2022
-3712
-5111
-6033
-6927
-7692
-7670
-7088
-6574
-5879
-4934
-4284
-3818
-3247
-2952
-3036
-3044
-2823
-2571
-2140
-1421
-637
215
1254
2249
2847
3119
3183
2861
2148
1200
90
-1153
-2332
-3311
-4054
-4446
-4573
-4593
-4343
-3732
-3113
-2706
-2276
-1758
-1339
-1000
-705
-483
-233
190
734
1261
1871
2640
3482
4278
4938
5412
5685
5868
5939
5755
5370
4896
4448
4133
3926
3701
3501
3607
3987
4331
4565
4893
5204
4906
4077
3326
2555
1254
-398
-2018
-3663
-5024
-5865
-6680
-7428
-7389
-6768
-6232
-5593
-4738
-4159
-3768
-3269
-3034
-3140
-3145
-2909
-2584
-2036
-1246
-459
446
1509
2420
2903
3019
2887
2472
1794
811
-435
-1599
-2507
-3331
-4021
-4298
-4314
-4302
-4031
-3517
-3136
-2884
-2494
-2093
-1792
-1416
-1038
-704
-245
337
887
1431
2074
2770
3478
4130
4591
4916
5211
5400
5430
5333
5126
4791
4496
4332
4127
3906
3816
3889
4050
4288
4536
4774
5034
4871
4098
3286
2614
1493
-140
-1782
-3435
-4927
-5892
-6673
-7471
-7644
-7091
-6479
-5816
-4964
-4304
-3884
-3341
-2932
-2950
-2991
-2727
-2307
-1774
-989
-159
695
1701
2672
3135
3099
2871
2404
1681
718
-537
-1894
-2855
-3475
-4061
-4393
-4331
-4189
-3879
-3262
-2792
-2622
-2309
-1799
-1484
-1220
-862
-517
-126
475
1110
1612
2212
2980
3728
4351
4837
5120
5304
5483
5546
5341
5001
4659
4337
4134
3949
3708
3577
3697
3911
4082
4312
4593
4852
4711
3971
3102
2371
1359
-162
-1776
-3397
-4851
-5790
-6498
-7229
-7482
-7017
-6421
-5777
-5006
-4420
-4060
-3548
-3109
-3099
-3122
-2859
-2356
-1722
-909
-87
782
1807
2732
3160
3071
2736
2188
1500
613
-600
-1908
-2815
-3417
-3947
-4160
-4100
-4059
-3856
-3311
-2932
-2841
-2605
-2222
-1895
-1477
-1005
-635
-168
541
1238
1791
2366
2996
3640
4249
4707
4903
5010
5193
5327
5241
4985
4677
4399
4248
4097
3814
3614
3635
3768
3934
4162
4411
4690
4703
4017
3082
2392
1531
62
-1564
-3130
-4594
-5552
-6196
-6921
-7285
-6814
-6162
-5571
-4851
-4271
-3960
-3565
-3152
-3124
-3152
-2938
-2462
-1762
-875
-27
816
1850
2767
3201
3115
2683
2019
1305
458
-725
-1945
-2751
-3281
-3741
-3886
-3771
-3745
-3607
-3191
-2911
-2877
-2727
-2449
-2179
-1725
-1158
-721
-246
471
1188
1754
2278
2765
3244
3785
4242
4424
4521
4750
5005
5100
5013
4791
4553
4456
4381
4074
3755
3725
3863
4030
4267
4547
4844
5078
4678
3701
2850
2106
794
-970
-2629
-4173
-5375
-6133
-6800
-7349
-7153
-6401
-5739
-5128
-4518
-4131
-3849
-3438
-3254
-3307
-3177
-2702
-2019
-1163
-209
641
1535
2486
3096
3088
2679
2081
1345
520
-485
-1600
-2446
-2845
-3176
-3525
-3575
-3437
-3345
-3197
-3032
-3063
-3047
-2727
-2362
-2030
-1469
-774
-162
516
1229
1760
2168
2572
2915
3250
3628
3878
4031
4323
4696
4910
4996
4968
4777
4571
4458
4198
3752
3519
3554
3693
3933
4256
4551
4939
5118
4503
3442
2653
1754
201
-1513
-3104
-4562
-5525
-6024
-6626
-6996
-6562
-5870
-5342
-4796
-4402
-4337
-4126
-3767
-3703
-3671
-3256
-2585
-1748
-682
325
1146
1984
2691
2890
2622
2146
1441
566
-231
-948
-1677
-2194
-2400
-2642
-2918
-2909
-2836
-3012
-3198
-3225
-3265
-3171
-2806
-2393
-1917
-1139
-253
464
1084
1641
2047
2314
2503
2661
2894
3197
3489
3811
4196
4521
4698
4784
4767
4537
4171
3861
3559
3236
3107
3189
3353
3724
4246
4675
5064
5204
4523
3413
2631
1743
214
-1467
-2938
-4224
-4968
-5330
-5896
-6280
-5909
-5322
-4916
-4516
-4357
-4438
-4252
-3882
-3791
-3699
-3240
-2533
-1579
-474
380
988
1668
2214
2269
1936
1366
588
-109
-555
-1030
-1651
-2066
-2188
-2251
-2321
-2440
-2711
-2981
-3027
-3012
-3063
-3016
-2725
-2177
-1440
-724
-120
501
1093
1545
1877
2002
1967
2124
2554
2931
3216
3620
4035
4356
4611
4716
4572
4301
4052
3810
3541
3326
3276
3401
3700
4145
4553
4895
5294
5377
4654
3564
2732
1848
504
-1030
-2505
-3737
-4453
-4939
-5568
-5952
-5763
-5406
-5063
-4708
-4599
-4610
-4374
-4073
-3933
-3696
-3250
-2619
-1699
-689
35
595
1235
1699
1769
1528
1009
343
-144
-462
-919
-1481
-1860
-1956
-1940
-2082
-2489
-2875
-2959
-2914
-2981
-3093
-3042
-2611
-1853
-1149
-671
-109
640
1239
1582
1745
1702
1649
1889
2249
2475
2740
3169
3647
4099
4401
4434
4340
4230
4036
3789
3535
3248
3141
3407
3784
4087
4433
4823
5270
5620
5234
4078
3046
2338
1315
-137
-1646
-3050
-4034
-4503
-5025
-5685
-5882
-5620
-5316
-4958
-4689
-4762
-4754
-4343
-3953
-3753
-3429
-2911
-2147
-1090
-174
303
705
1201
1446
1346
962
344
-177
-366
-538
-941
-1308
-1537
-1729
-1838
-2009
-2429
-2842
-2947
-2860
-2745
-2578
-2337
-1891
-1105
-284
243
597
925
1168
1331
1419
1344
1310
1597
2055
2466
2872
3258
3546
3829
4051
4023
3771
3499
3326
3264
3243
3247
3369
3652
4022
4402
4686
4877
5153
5243
4607
3558
2776
2065
1016
-229
-1514
-2777
-3672
-4254
-4934
-5487
-5553
-5377
-5168
-4834
-4606
-4583
-4413
-4080
-3829
-3592
-3240
-2746
-1996
-1113
-436
90
638
1044
1147
1003
634
154
-148
-304
-586
-947
-1151
-1197
-1334
-1660
-2014
-2286
-2513
-2706
-2833
-2848
-2663
-2253
-1760
-1261
-678
-41
471
787
946
1010
1043
1111
1248
1464
1773
2210
2766
3262
3543
3712
3879
3959
3867
3642
3440
3394
3451
3554
3692
3829
4040
4416
4785
4943
5108
5166
4581
3653
3021
2351
1236
32
-1178
-2490
-3475
-4108
-4889
-5504
-5502
-5342
-5214
-4884
-4675
-4737
-4627
-4351
-4224
-4046
-3652
-3185
-2454
-1508
-782
-217
432
926
1109
1135
909
402
68
37
-129
-515
-775
-821
-850
-979
-1331
-1912
-2394
-2519
-2567
-2740
-2840
-2677
-2215
-1562
-923
-445
13
524
929
1127
1133
981
968
1264
1619
1925
2312
2752
3148
3607
3988
3995
3810
3748
3692
3537
3351
3204
3223
3502
3871
4173
4428
4708
5113
5486
5146
4035
3126
2602
1769
499
-880
-2232
-3154
-3534
-4076
-4895
-5215
-5052
-4875
-4648
-4598
-4889
-5034
-4784
-4533
-4376
-4108
-3679
-2923
-1893
-1106
-626
-105
407
728
881
803
490
295
367
384
173
-4
-52
-170
-536
-1003
-1419
-1829
-2173
-2378
-2480
-2442
-2184
-1770
-1300
-851
-430
-105
137
284
315
298
273
350
641
1039
1445
1923
2412
2796
3071
3323
3443
3367
3272
3198
3115
3112
3213
3375
3596
3899
4253
4601
4877
5079
5427
5510
4692
3613
3080
2481
1300
-23
-1307
-2536
-3243
-3692
-4509
-5134
-5123
-5068
-5063
-4922
-5073
-5368
-5244
-4928
-4753
-4382
-3823
-3183
-2192
-1149
-559
-81
514
844
967
1067
980
771
806
849
611
402
398
247
-300
-1068
-1670
-1922
-2089
-2431
-2704
-2539
-2082
-1582
-1191
-977
-793
-437
-121
-121
-242
-225
-55
246
648
983
1348
1914
2461
2729
2796
2847
3026
3238
3280
3139
3059
3206
3427
3629
3751
3778
3926
4334
4706
4865
5124
5516
5276
4396
3717
3174
2216
990
-283
-1657
-2743
-3359
-4062
-4831
-5088
-5172
-5325
-5287
-5344
-5685
-5829
-5644
-5464
-5145
-4615
-4071
-3256
-2139
-1311
-746
-123
408
762
1037
1076
922
945
1135
1134
941
712
509
308
-218
-1015
-1577
-1826
-2092
-2296
-2283
-2206
-2017
-1580
-1170
-1003
-806
-530
-369
-204
-64
-69
42
379
780
1163
1617
2021
2282
2554
2735
2811
2995
3126
3108
3124
3219
3356
3494
3706
3912
4065
4338
4662
4936
5266
5704
5860
5195
4271
3756
3106
2001
712
-710
-2100
-2998
-3626
-4561
-5326
-5477
-5586
-5634
-5497
-5673
-5981
-5875
-5585
-5415
-5000
-4343
-3677
-2742
-1679
-960
-363
287
720
989
1263
1325
1209
1252
1327
1217
1059
911
532
-76
-665
-1113
-1433
-1738
-2091
-2218
-2006
-1711
-1531
-1426
-1255
-1043
-770
-545
-569
-609
-457
-196
83
332
624
993
1484
1936
2106
2201
2392
2674
2987
3134
3121
3110
3222
3438
3572
3670
3754
3912
4353
4810
5087
5441
5913
5835
4983
4217
3645
2699
1521
231
-1254
-2499
-3205
-3938
-4897
-5404
-5546
-5680
-5594
-5581
-5881
-6003
-5779
-5534
-5214
-4638
-4042
-3278
-2178
-1298
-719
-85
452
792
1149
1394
1279
1180
1361
1405
1185
968
740
343
-204
-751
-1177
-1466
-1722
-1940
-1959
-1809
-1649
-1537
-1419
-1289
-1116
-878
-760
-794
-743
-558
-305
-112
86
429
866
1344
1730
1964
2176
2467
2890
3175
3200
3237
3313
3491
3709
3821
3913
4107
4525
5011
5373
5670
6029
6387
6120
5081
4164
3470
2443
1134
-294
-1764
-2953
-3624
-4319
-5260
-5794
-5963
-6072
-6007
-6064
-6359
-6420
-6113
-5729
-5266
-4589
-3921
-3098
-1941
-1044
-523
69
629
997
1354
1533
1399
1388
1635
1657
1363
1098
841
496
29
-686
-1306
-1505
-1585
-1743
-1848
-1868
-1807
-1569
-1302
-1310
-1309
-1064
-874
-731
-638
-665
-588
-319
5
278
585
966
1366
1844
2165
2281
2541
2873
3093
3199
3274
3441
3708
4042
4355
4600
4933
5348
5798
6203
6546
6708
6161
5054
4133
3390
2340
904
-659
-2098
-3128
-3802
-4670
-5601
-6058
-6214
-6250
-6168
-6260
-6520
-6485
-6105
-5717
-5235
-4540
-3796
-2806
-1621
-790
-277
295
903
1321
1617
1788
1727
1737
1910
1947
1737
1391
1028
638
105
-571
-1167
-1434
-1507
-1652
-1814
-1869
-1758
-1600
-1531
-1516
-1467
-1279
-1023
-899
-872
-803
-681
-525
-289
44
374
804
1353
1728
1970
2292
2660
2953
3153
3239
3289
3481
3743
3916
4145
4473
4761
5115
5583
5972
6325
6600
6235
5149
4088
3322
2436
1216
-335
-1943
-3059
-3688
-4489
-5526
-6176
-6341
-6294
-6146
-6155
-6396
-6477
-6185
-5756
-5272
-4680
-4047
-3159
-1933
-912
-326
239
946
1502
1857
2085
2064
2019
2181
2258
2042
1678
1286
907
583
63
-817
-1498
-1629
-1619
-1793
-2110
-2390
-2387
-2087
-1906
-2047
-2072
-1789
-1482
-1194
-1018
-1065
-1008
-578
-34
323
688
1197
1715
2253
2663
2855
3099
3463
3742
3832
3889
3990
4138
4481
4843
5020
5205
5500
5828
6134
6333
6159
5396
4399
3463
2548
1574
321
-1165
-2523
-3488
-4235
-5070
-5817
-6279
-6513
-6527
-6513
-6628
-6750
-6729
-6465
-6013
-5411
-4738
-3979
-2942
-1811
-863
-80
630
1308
1874
2280
2507
2554
2611
2685
2666
2505
2133
1692
1310
930
368
-451
-1147
-1488
-1645
-1839
-2221
-2604
-2736
-2617
-2472
-2444
-2379
-2198
-1899
-1498
-1235
-1145
-982
-654
-220
234
707
1198
1729
2291
2695
2980
3309
3607
3822
3953
4034
4188
4478
4794
5009
5177
5333
5468
5674
5874
5950
5822
5245
4282
3321
2492
1634
620
-605
-2005
-3192
-3970
-4701
-5459
-6053
-6534
-6819
-6788
-6743
-6878
-6886
-6678
-6433
-5963
-5185
-4327
-3319
-2133
-1117
-272
668
1536
2106
2534
2832
2953
3166
3487
3532
3258
2893
2479
2019
1527
807
-223
-1149
-1696
-2050
-2368
-2733
-3199
-3564
-3583
-3424
-3337
-3226
-2994
-2693
-2298
-1864
-1556
-1299
-877
-381
102
685
1357
2009
2613
3095
3398
3674
4003
4244
4334
4333
4344
4477
4698
4874
4959
4973
4945
4950
5034
5123
5174
5049
4539
3746
2936
2169
1441
642
-463
-1788
-2903
-3728
-4440
-5039
-5610
-6191
-6530
-6576
-6653
-6794
-6842
-6808
-6562
-5916
-5057
-4157
-3114
-2018
-1036
-114
737
1416
2020
2643
3179
3589
3976
4280
4397
4303
3941
3321
2591
1897
1168
302
-612
-1436
-2069
-2505
-2869
-3356
-3922
-4335
-4489
-4427
-4188
-3854
-3513
-3095
-2591
-2124
-1697
-1213
-708
-179
475
1217
1956
2666
3240
3536
3659
3758
3813
3831
3852
3813
3755
3771
3828
3804
3706
3576
3408
3265
3162
3062
2977
2901
2755
2464
1996
1463
967
496
-8
-624
-1362
-2044
-2537
-2915
-3253
-3600
-3984
-4314
-4509
-4647
-4772
-4795
-4679
-4410
-3958
-3408
-2786
-2083
-1348
-685
-117
430
1015
1649
2252
2738
3062
3288
3449
3481
3359
3064
2644
2202
1728
1160
536
-114
-767
-1360
-1925
-2491
-2991
-3377
-3671
-3841
-3898
-3872
-3716
-3445
-3144
-2816
-2457
-2090
-1641
-1106
-554
-5
530
1007
1436
1822
2152
2413
2582
2696
2769
2819
2857
2867
2836
2772
2667
2529
2390
2239
2104
2009
1888
1742
1610
1446
1268
1085
830
557
345
165
6
-123
-305
-506
-658
-825
-993
-1134
-1294
-1406
-1414
-1393
-1308
-1135
-973
-818
-653
-539
-412
-226
-48
132
317
461
608
764
843
839
767
643
502
381
234
44
-166
-404
-645
-893
-1160
-1431
-1684
-1898
-2083
-2217
-2306
-2359
-2369
-2355
-2336
-2304
-2230
-2109
-1914
-1662
-1413
-1165
-909
-673
-437
-186
55
309
578
815
1048
1302
1528
1732
1883
1913
1885
1889
1925
1984
2026
1941
1767
1610
1491
1389
1250
1032
763
538
403
334
269
158
8
-110
-149
-132
-70
-3
67
174
342
532
722
895
1004
1102
1200
1272
1321
1347
1332
1271
1213
1114
976
807
586
342
102
-152
-427
-692
-950
-1163
-1307
-1428
-1541
-1631
-1720
-1799
-1838
-1886
-1944
-1948
-1892
-1811
-1709
-1635
-1597
-1525
-1428
-1362
-1322
-1313
-1323
-1258
-1108
-984
-915
-870
-851
-736
-495
-294
-186
-134
-118
14
277
497
635
697
699
786
982
1117
1154
1083
902
794
852
940
981
891
626
435
471
601
705
647
430
344
545
924
1280
1436
1422
1480
1756
2148
2482
2614
2583
2583
2695
2840
2874
2692
2336
1916
1512
1140
741
263
-263
-783
-1219
-1527
-1784
-2089
-2461
-2868
-3158
-3236
-3166
-3041
-2939
-2861
-2692
-2369
-2023
-1740
-1534
-1364
-1124
-810
-538
-329
-168
-68
21
62
16
-61
-152
-260
-376
-529
-702
-836
-923
-995
-1069
-1181
-1288
-1306
-1233
-1083
-916
-804
-684
-517
-357
-247
-196
-173
-89
87
281
468
637
783
963
1121
1187
1242
1334
1484
1719
1910
2033
2198
2408
2636
2861
2993
3087
3297
3594
3875
4062
4103
4071
4034
3869
3445
2806
2140
1652
1310
809
-9
-977
-1818
-2369
-2736
-3161
-3660
-4019
-4143
-4105
-4089
-4194
-4311
-4216
-3852
-3336
-2806
-2311
-1789
-1228
-685
-225
149
474
768
1023
1195
1271
1272
1230
1124
915
599
236
-133
-457
-779
-1158
-1586
-2009
-2324
-2496
-2588
-2683
-2803
-2911
-2890
-2694
-2406
-2103
-1810
-1528
-1209
-843
-516
-225
45
333
691
1104
1528
1959
2364
2690
2929
3103
3267
3491
3702
3798
3809
3831
3942
4124
4226
4171
4075
4070
4165
4257
4208
4024
3777
3394
2770
1970
1165
529
9
-673
-1628
-2657
-3430
-3851
-4107
-4438
-4840
-5046
-4933
-4673
-4543
-4629
-4696
-4421
-3751
-2897
-2092
-1398
-696
31
699
1212
1531
1783
2062
2357
2576
2676
2635
2403
1967
1372
748
236
-169
-615
-1186
-1812
-2352
-2766
-3164
-3624
-4077
-4307
-4228
-4017
-3882
-3826
-3661
-3220
-2571
-1950
-1493
-1107
-620
-12
574
1023
1381
1794
2343
2961
3470
3777
3971
4143
4279
4374
4381
4304
4267
4293
4289
4194
4038
3885
3808
3778
3696
3575
3502
3487
3306
2713
1786
855
201
-187
-693
-1635
-2786
-3640
-4054
-4246
-4545
-5053
-5432
-5316
-4844
-4494
-4473
-4558
-4358
-3674
-2729
-1891
-1253
-583
260
1121
1792
2177
2374
2592
2893
3106
3100
2958
2736
2376
1836
1113
321
-348
-865
-1412
-2085
-2777
-3348
-3802
-4222
-4637
-4968
-5022
-4769
-4424
-4186
-3973
-3599
-2989
-2236
-1514
-918
-340
340
1021
1544
1916
2252
2671
3196
3719
4073
4256
4389
4510
4545
4479
4327
4126
4009
3987
3934
3788
3619
3478
3375
3334
3307
3254
3240
3233
2964
2271
1366
549
-12
-403
-988
-1994
-3127
-3905
-4272
-4472
-4735
-5096
-5279
-5008
-4517
-4233
-4201
-4136
-3752
-2945
-1931
-1077
-419
292
1124
1907
2482
2800
2929
3056
3232
3267
3062
2730
2311
1769
1132
372
-487
-1288
-1937
-2543
-3163
-3765
-4347
-4877
-5272
-5508
-5577
-5430
-5108
-4733
-4344
-3857
-3260
-2548
-1781
-1057
-367
344
1058
1658
2108
2426
2729
3108
3555
3957
4226
4346
4360
4338
4318
4279
4163
3965
3742
3586
3527
3510
3427
3262
3104
3017
3050
3150
3205
3139
2821
2200
1413
679
96
-423
-1052
-1928
-2907
-3656
-4088
-4361
-4588
-4762
-4778
-4528
-4119
-3812
-3654
-3445
-3000
-2304
-1448
-602
139
864
1598
2219
2637
2892
3026
3083
3083
2950
2643
2246
1777
1190
496
-262
-1018
-1700
-2283
-2837
-3426
-4015
-4530
-4890
-5080
-5151
-5132
-5032
-4804
-4415
-3900
-3364
-2846
-2288
-1667
-976
-259
355
803
1187
1610
2042
2455
2825
3082
3310
3613
3896
4024
4024
3970
3887
3884
3915
3783
3540
3380
3295
3241
3226
3171
3035
2955
2969
2952
2914
2824
2408
1643
832
187
-300
-731
-1362
-2314
-3211
-3684
-3865
-3993
-4106
-4197
-4130
-3712
-3157
-2846
-2712
-2502
-2112
-1470
-613
148
686
1189
1717
2147
2462
2628
2546
2377
2284
2128
1814
1415
876
167
-540
-1150
-1724
-2255
-2776
-3409
-4021
-4373
-4522
-4655
-4819
-5007
-5097
-4848
-4312
-3801
-3411
-3026
-2548
-1887
-1114
-477
-31
412
949
1508
2022
2370
2525
2725
3062
3389
3651
3841
3910
3914
3943
3901
3779
3696
3624
3485
3383
3326
3243
3206
3183
3068
2951
3002
3152
3244
3187
2773
1989
1220
669
198
-326
-1025
-1932
-2752
-3226
-3546
-3884
-4115
-4141
-3946
-3515
-3105
-2958
-2885
-2658
-2289
-1781
-1148
-548
5
610
1154
1490
1667
1713
1633
1579
1571
1449
1195
855
384
-181
-745
-1316
-1853
-2288
-2696
-3120
-3455
-3639
-3760
-3871
-4005
-4163
-4179
-3916
-3506
-3119
-2744
-2378
-1975
-1473
-932
-452
-22
431
876
1273
1580
1765
1854
1967
2176
2426
2680
2894
3032
3083
3089
3077
3054
3085
3192
3282
3320
3363
3436
3509
3613
3695
3676
3663
3812
4025
4149
4053
3517
2584
1699
1089
532
-131
-945
-1915
-2786
-3302
-3694
-4127
-4382
-4392
-4256
-3951
-3625
-3516
-3470
-3204
-2795
-2278
-1548
-789
-154
473
1009
1235
1318
1432
1461
1435
1467
1380
1116
824
401
-251
-884
-1381
-1849
-2177
-2359
-2603
-2892
-3067
-3285
-3603
-3765
-3754
-3663
-3415
-3098
-2910
-2689
-2252
-1810
-1420
-942
-425
82
618
1026
1192
1311
1511
1691
1890
2161
2394
2604
2829
2929
2851
2813
2889
3004
3175
3354
3387
3320
3327
3385
3421
3514
3649
3686
3732
3869
3980
3980
3854
3422
2583
1699
1025
437
-209
-989
-1985
-2954
-3567
-4012
-4484
-4750
-4749
-4596
-4250
-3894
-3805
-3808
-3542
-3028
-2320
-1453
-702
-108
573
1230
1559
1650
1703
1784
1968
2130
1987
1568
1122
658
88
-533
-1173
-1746
-2133
-2349
-2568
-2863
-3175
-3421
-3593
-3709
-3690
-3549
-3348
-3047
-2715
-2507
-2354
-2069
-1656
-1206
-726
-298
63
504
937
1169
1277
1410
1590
1833
2056
2137
2176
2284
2383
2485
2675
2828
2933
3116
3358
3567
3735
3824
3853
3943
4055
4119
4189
4265
4258
4195
4081
3861
3566
3043
2135
1158
406
-336
-1218
-2182
-3244
-4206
-4779
-5107
-5409
-5501
-5336
-5051
-4550
-3946
-3578
-3347
-2885
-2159
-1275
-322
416
911
1440
1939
2146
2160
2176
2155
2084
1943
1559
939
316
-272
-915
-1489
-1907
-2289
-2626
-2806
-2981
-3231
-3383
-3390
-3326
-3112
-2756
-2459
-2167
-1799
-1631
-1712
-1594
-1197
-778
-394
-139
-110
-5
319
532
597
775
999
1189
1454
1606
1480
1334
1359
1550
1921
2291
2419
2495
2734
2926
2972
3030
3130
3270
3466
3588
3575
3564
3592
3539
3379
3194
3024
2902
2752
2420
1806
877
-138
-895
-1427
-2004
-2684
-3352
-3878
-4104
-4114
-4150
-4176
-3992
-3594
-3041
-2405
-1911
-1595
-1203
-651
-52
570
1114
1463
1754
2017
2061
1849
1533
1150
769
460
92
-430
-963
-1436
-1913
-2322
-2623
-2851
-2941
-2852
-2741
-2645
-2455
-2232
-2002
-1699
-1385
-1144
-878
-549
-217
83
267
283
301
375
389
406
452
425
365
356
283
177
190
227
244
414
631
717
809
927
987
1110
1348
1542
1731
2019
2214
2294
2438
2526
2489
2558
2697
2735
2745
2749
2616
2470
2417
2251
2003
1882
1749
1491
1244
863
185
-443
-814
-1133
-1431
-1668
-2024
-2394
-2519
-2550
-2656
-2600
-2348
-2049
-1633
-1195
-1017
-983
-862
-708
-540
-296
-179
-231
-202
-169
-356
-630
-839
-1048
-1186
-1174
-1232
-1390
-1480
-1507
-1538
-1488
-1369
-1264
-1052
-705
-414
-246
-117
-10
88
265
444
503
527
599
587
470
359
189
-46
-207
-293
-460
-624
-688
-760
-842
-877
-943
-988
-844
-593
-401
-177
49
171
289
441
510
571
775
1046
1285
1518
1682
1742
1823
1987
2116
2197
2335
2515
2669
2771
2768
2654
2554
2545
2538
2512
2481
2390
2217
2006
1657
1049
375
-120
-478
-801
-1163
-1674
-2279
-2758
-3079
-3359
-3541
-3547
-3436
-3160
-2802
-2598
-2564
-2476
-2236
-1847
-1324
-834
-484
-170
166
372
452
530
611
726
914
1061
1030
883
724
546
395
292
155
52
54
16
-134
-297
-454
-569
-543
-453
-419
-375
-290
-246
-233
-225
-288
-353
-312
-246
-233
-274
-403
-575
-654
-723
-823
-829
-768
-721
-617
-512
-500
-475
-354
-216
-56
153
296
419
614
778
875
1025
1208
1384
1635
1859
1941
1965
2006
1997
2009
2082
2082
2013
1988
1956
1857
1727
1534
1275
1082
983
852
652
360
-120
-630
-984
-1219
-1451
-1663
-1877
-2098
-2183
-2146
-2127
-2087
-1928
-1691
-1364
-977
-701
-564
-425
-238
-20
230
419
480
532
625
637
571
481
344
226
182
124
-6
-158
-301
-420
-504
-610
-736
-797
-760
-667
-574
-505
-485
-448
-367
-287
-234
-190
-140
-56
36
57
-10
-120
-192
-214
-216
-245
-310
-347
-349
-370
-452
-608
-773
-821
-741
-634
-607
-672
-776
-841
-808
-732
-676
-607
-507
-390
-271
-198
-192
-172
-45
165
399
606
758
890
1056
1279
1488
1663
1831
1985
2148
2323
2440
2479
2504
2518
2533
2537
2487
2359
2208
2068
1907
1702
1424
1023
550
91
-310
-658
-988
-1341
-1730
-2059
-2297
-2453
-2527
-2526
-2453
-2281
-2005
-1726
-1495
-1293
-1079
-802
-457
-90
223
491
702
851
943
982
973
992
1051
1089
1050
912
688
436
229
58
-125
-287
-411
-533
-668
-845
-1061
-1256
-1358
-1395
-1414
-1426
-1458
-1488
-1474
-1449
-1437
-1395
-1299
-1149
-961
-804
-719
-633
-490
-328
-208
-159
-183
-184
-59
115
220
232
171
130
182
282
336
332
357
423
506
545
476
342
281
342
451
548
573
545
535
556
554
528
544
616
736
860
901
866
852
912
1058
1256
1437
1587
1761
1931
2035
2063
2044
2014
2014
2024
1948
1727
1389
997
603
266
-40
-350
-647
-907
-1159
-1409
-1637
-1826
-1908
-1848
-1720
-1574
-1448
-1360
-1262
-1129
-960
-777
-578
-371
-212
-97
-44
-81
-150
-209
-245
-266
-283
-327
-404
-488
-578
-661
-718
-730
-713
-646
-548
-482
-451
-439
-430
-402
-337
-252
-159
-62
26
85
107
112
95
88
116
156
185
195
173
118
54
-1
-65
-113
-155
-174
-139
-108
-116
-160
-211
-249
-235
-188
-142
-103
-37
33
82
110
115
129
183
296
415
503
538
530
517
507
482
445
422
417
416
420
410
346
278
230
213
228
274
316
332
359
374
365
334
313
317
353
416
458
463
434
382
311
250
195
149
118
83
31
-58
-180
-322
-442
-525
-573
-600
-624
-658
-703
-757
-816
-852
-862
-837
-782
-723
-683
-664
-665
-664
-647
-626
-585
-539
-489
-431
-398
-392
-401
-400
-360
-289
-200
-107
-23
63
145
228
301
380
467
583
705
806
877
904
912
921
927
944
960
970
982
990
975
938
890
850
852
899
976
1025
1044
1027
988
944
906
880
849
816
760
664
504
281
23
-199
-361
-482
-586
-706
-849
-990
-1113
-1212
-1265
-1254
-1181
-1068
-955
-877
-837
-812
-781
-719
-613
-499
-405
-352
-345
-388
-461
-547
-620
-646
-653
-644
-660
-714
-781
-842
-875
-875
-824
-733
-631
-523
-434
-364
-304
-239
-132
-9
132
267
385
487
563
613
646
672
706
746
787
813
805
766
718
661
599
542
491
444
393
350
297
228
154
77
22
-6
-11
-5
-6
-10
-16
-23
-27
-37
-42
-24
9
43
59
55
34
19
27
42
58
78
87
87
81
73
56
33
24
24
33
33
21
-19
-62
-83
-107
-121
-137
-145
-160
-175
-182
-200
-217
-216
-208
-183
-160
-135
-114
-99
-75
-57
-34
-14
0
23
44
54
47
32
31
28
28
33
46
61
70
77
79
80
82
94
114
138
159
171
179
181
182
181
181
180
185
178
174
162
134
108
78
58
45
34
27
12
-8
-31
-62
-91
-113
-131
-131
-116
-108
-110
-115
-115
-122
-129
-125
-122
-103
-82
-71
-64
-76
-91
-105
-123
-130
-129
-128
-127
-130
-142
-168
-184
-195
-192
-176
-160
-139
-126
-121
-128
-124
-114
-98
-58
-15
20
62
81
84
87
106
135
164
196
225
240
238
231
206
195
193
193
207
210
205
191
155
105
67
60
63
70
73
66
49
37
27
17
19
51
86
116
127
118
97
80
61
59
66
75
85
72
44
-3
-54
-97
-113
-125
-117
-119
-136
-162
-197
-229
-258
-255
-237
-198
-163
-151
-151
-160
-173
-174
-164
-131
-92
-65
-55
-55
-68
-87
-93
-83
-58
-29
0
26
26
17
1
-4
5
28
57
76
97
93
79
50
23
19
37
58
72
90
89
80
68
62
70
96
138
171
192
201
194
173
155
154
145
138
136
121
89
49
5
-41
-64
-71
-83
-83
-79
-86
-93
-90
-85
-73
-53
-44
-29
-21
-13
-9
-16
-16
-15
-18
-28
-35
-46
-63
-76
-84
-88
-94
-96
-89
-83
-83
-77
-68
-40
-17
10
27
32
31
16
-18
-46
-49
-63
-79
-87
-106
-123
-126
-124
-117
-99
-55
-7
33
64
68
64
68
78
99
122
139
156
151
131
92
47
14
-9
-14
-5
-1
-11
-23
-32
-37
-43
-36
-12
28
66
88
99
95
85
72
59
58
65
67
56
49
19
-22
-47
-60
-58
-57
-48
-40
-31
-24
-22
-26
-21
-11
1
15
17
25
21
11
-3
-24
-38
-50
-57
-60
-64
-62
-57
-51
-46
-41
-27
-9
7
28
47
63
73
79
82
73
62
48
32
20
5
-2
-11
-25
-41
-62
-71
-77
-67
-46
-23
-2
8
19
27
25
26
35
49
61
75
72
56
35
11
-10
-30
-31
-20
-6
2
-12
-20
-23
-27
-20
-1
27
53
71
75
62
48
38
30
29
32
42
40
27
8
-21
-39
-52
-49
-39
-28
-11
-4
-6
-15
-14
-9
-3
8
24
27
30
27
13
-2
-14
-20
-18
-14
-15
-20
-24
-30
-34
-32
-31
-23
-13
-2
-3
-4
-3
-6
-5
-1
0
-1
-3
-9
-16
-18
-18
-19
-13
-6
3
8
10
15
17
29
43
53
62
64
62
58
48
39
42
38
35
31
21
8
-1
-17
-21
-25
-25
-19
-23
-22
-26
-30
-40
-43
-43
-34
-26
-17
-10
-7
-4
-7
-7
-9
-2
9
14
15
10
2
-11
-21
-18
-8
2
12
14
7
0
-4
-9
-5
-5
2
11
15
12
-3
-6
-11
-19
-21
-14
-12
-12
-9
-12
-18
