-6
8
25
1
1
27
-2
12
16
-6
5
16
-9
5
0
-13
17
-6
-2
11
-7
5
-5
-13
7
-10
1
5
-9
-2
-7
-21
-5
-10
-20
4
-10
-10
-13
-5
-1
-1
-2
-9
-9
-1
-11
-7
1
-16
6
6
-16
4
2
-15
-3
-3
-2
-6
1
7
2
-7
3
-5
0
12
5
-1
7
15
-16
4
19
-1
6
4
-10
-6
8
0
-7
1
-1
-4
4
6
-4
2
-1
-6
17
2
-5
15
-8
-8
18
2
-8
-1
3
4
3
4
-5
-4
10
5
-8
-2
-3
-8
2
-8
-11
-8
-20
8
-4
-21
0
-19
-18
6
1
-9
10
-12
-12
6
-11
-1
-4
-5
3
-10
-3
6
-15
3
5
-1
8
4
10
13
-3
0
8
-8
15
18
7
5
-3
5
7
11
22
-1
7
19
7
17
15
14
15
13
21
18
4
13
4
4
16
10
5
10
10
8
15
-2
5
24
5
-1
8
-7
-1
15
-1
2
6
-4
3
3
-12
-4
-14
-15
-3
-11
-7
-11
-7
-7
-1
-6
-11
-8
-4
5
-4
-7
-7
-2
6
9
3
-2
7
-5
7
7
-4
8
-5
-3
2
-7
-18
-7
0
-3
-2
-11
-3
0
-7
-1
-8
-12
-1
-6
-13
-14
-6
-7
-13
-3
-2
-16
6
6
-8
3
-12
-12
-2
-7
-2
-3
-18
2
1
-7
-4
-11
-11
-6
-5
-11
-12
-13
-11
-14
-8
-4
-12
-17
-9
-5
-19
-19
-18
-33
-13
-5
-15
-20
-14
-24
-10
-10
-27
-24
-31
-12
-1
-19
-26
-15
-6
-3
8
-3
-16
-5
6
23
42
27
10
16
17
35
31
19
1
0
-1
1
2
-10
-20
-20
16
14
13
2
-32
-10
-10
1
21
7
-1
4
5
-2
17
14
18
49
58
70
65
65
53
54
73
48
55
50
-3
-23
-32
-52
-21
5
-33
-35
-55
-92
-104
-127
-134
-124
-126
-132
-141
-169
-212
-227
-242
-231
-180
-169
-156
-171
-185
-190
-164
-137
-108
-125
-121
-127
-148
-113
-143
-149
-115
-78
-41
23
0
-24
-6
-22
63
99
128
132
137
156
206
229
226
242
252
315
318
389
428
411
466
517
543
595
614
587
602
626
654
657
656
664
634
636
676
649
623
549
518
502
497
481
440
387
283
174
51
-73
-204
-316
-440
-532
-623
-738
-872
-978
-1071
-1156
-1186
-1228
-1316
-1367
-1484
-1571
-1577
-1609
-1568
-1538
-1561
-1556
-1543
-1542
-1459
-1347
-1217
-1057
-881
-770
-671
-615
-545
-455
-334
-116
41
222
320
392
528
654
833
1068
1224
1332
1474
1564
1657
1804
1893
1964
2126
2224
2323
2398
2347
2359
2405
2463
2557
2573
2551
2500
2391
2324
2270
2151
2010
1876
1673
1474
1245
923
563
190
-181
-587
-1033
-1542
-2049
-2511
-2923
-3250
-3565
-3836
-4040
-4207
-4274
-4322
-4289
-4229
-4119
-3905
-3686
-3427
-3130
-2821
-2511
-2178
-1878
-1586
-1288
-972
-646
-362
-107
105
252
361
439
503
550
633
756
852
1002
1142
1209
1367
1521
1699
1966
2153
2271
2388
2459
2604
2826
2947
3161
3350
3482
3697
3865
3966
4088
4221
4379
4450
4323
4055
3610
3119
2681
2180
1565
844
29
-786
-1555
-2244
-2905
-3530
-3970
-4305
-4582
-4789
-5019
-5215
-5226
-5004
-4600
-4120
-3602
-3093
-2634
-2103
-1560
-1081
-559
-33
413
784
993
981
830
620
371
101
-229
-621
-1017
-1413
-1825
-2199
-2543
-2823
-2943
-2930
-2858
-2778
-2664
-2463
-2111
-1647
-1084
-422
224
945
1680
2286
2891
3426
3902
4442
4891
5154
5453
5670
5705
5727
5783
5797
5737
5732
5730
5530
5360
5229
4634
3783
3109
2450
1749
1196
412
-819
-1994
-2809
-3528
-4208
-4581
-4965
-5444
-5534
-5539
-5825
-6015
-5940
-5737
-5248
-4410
-3760
-3372
-2858
-2301
-1811
-1176
-450
62
570
1190
1539
1553
1542
1520
1386
1245
1064
680
164
-264
-746
-1407
-2094
-2587
-2945
-3156
-3286
-3478
-3643
-3755
-3609
-3304
-3027
-2650
-2103
-1464
-641
247
937
1563
2313
3181
4025
4829
5431
5791
6275
6752
6905
6912
7022
7124
7111
7240
7234
6862
6605
6524
5659
4289
3289
2407
1598
1022
47
-1873
-3627
-4474
-5139
-5787
-6044
-6458
-7022
-6898
-6582
-6908
-7174
-6909
-6402
-5408
-4020
-3081
-2739
-2181
-1346
-639
149
1014
1528
1992
2746
3069
2711
2413
2291
2062
1982
1850
1080
41
-723
-1408
-2266
-3042
-3656
-4260
-4647
-4738
-4941
-5235
-5232
-4927
-4395
-3751
-3153
-2658
-2098
-1287
-267
706
1576
2463
3342
4293
5198
5794
6179
6619
7140
7524
7688
7788
7715
7547
7629
7671
7422
7348
7322
6450
5013
3807
2773
1899
1392
523
-1325
-3174
-4232
-5074
-5785
-6047
-6371
-6905
-6866
-6482
-6718
-7097
-6897
-6471
-5602
-4085
-2891
-2450
-1928
-1211
-661
105
1068
1649
2056
2710
3001
2707
2418
2249
1903
1685
1659
1127
174
-783
-1989
-3252
-3916
-4180
-4609
-5133
-5690
-6253
-6355
-5993
-5494
-4935
-4215
-3405
-2631
-1864
-1255
-589
539
1912
3211
4379
5229
5763
6361
7033
7575
8011
8353
8484
8492
8461
8199
7800
7595
7524
7585
7597
6660
4865
3285
2240
1436
855
-98
-2041
-3914
-4926
-5726
-6535
-6885
-7108
-7444
-7150
-6637
-6863
-7254
-7044
-6444
-5347
-3816
-2754
-2323
-1810
-1030
-309
412
1132
1658
2119
2729
2977
2599
2166
1900
1702
1569
1436
874
-83
-881
-1700
-3013
-4185
-4679
-5016
-5265
-5376
-5948
-6693
-6627
-5789
-4869
-3918
-2963
-2346
-1694
-689
199
1018
2135
3402
4619
5813
6756
7135
7430
7934
8380
8773
9054
8968
8687
8387
8080
7823
7561
7415
7491
6926
5267
3540
2360
1406
700
-9
-1849
-4252
-5478
-6046
-6986
-7373
-7380
-7941
-7978
-7141
-7040
-7556
-7353
-6674
-5767
-4092
-2533
-2146
-1871
-1003
-236
495
1488
2070
2258
2790
3189
2814
2271
1954
1623
1413
1370
890
-92
-1067
-1838
-2698
-3944
-5000
-5537
-5801
-5855
-5863
-6458
-7192
-6895
-5702
-4395
-3234
-2286
-1693
-993
205
1390
2215
3248
4516
5702
6868
7679
7870
7946
8327
8897
9290
9280
8979
8478
8040
7813
7568
7146
6944
6891
6002
4120
2515
1511
625
132
-734
-3066
-5393
-6206
-6719
-7401
-7363
-7449
-8141
-7889
-6977
-7116
-7483
-6915
-6145
-5003
-2990
-1670
-1616
-1213
-275
367
1299
2393
2720
2875
3390
3472
2956
2542
2164
1696
1554
1462
745
-334
-1324
-2263
-3184
-4215
-5289
-6020
-6281
-6332
-6391
-6810
-7395
-7141
-5926
-4441
-3095
-1996
-1271
-527
625
1860
2867
3820
5036
6239
7171
7788
7994
8018
8283
8870
9208
9035
8682
8210
7616
7226
7015
6599
6315
6257
5198
3085
1479
612
-202
-795
-1811
-4174
-6327
-6935
-7332
-7889
-7742
-7707
-8160
-7668
-6751
-6917
-7103
-6375
-5419
-3979
-1927
-838
-838
-365
558
1210
2091
3003
3140
3202
3570
3409
2739
2226
1812
1441
1337
1100
344
-728
-1729
-2471
-3041
-3820
-4995
-6040
-6501
-6498
-6290
-6395
-6968
-7043
-5999
-4433
-3040
-1935
-1104
-257
997
2405
3387
3968
4790
5943
7046
7856
8232
8106
8104
8675
9082
8878
8448
8044
7493
7154
7181
6828
6268
6329
5844
3828
1971
1063
276
-261
-905
-3155
-6036
-7195
-7324
-7772
-7775
-7584
-8224
-8299
-7277
-7067
-7551
-7090
-6066
-4770
-2659
-1047
-1059
-1071
-54
909
1809
2974
3384
3161
3397
3535
2948
2350
2079
1768
1546
1356
674
-399
-1392
-2206
-2771
-3228
-4138
-5352
-6382
-6928
-6819
-6447
-6545
-6905
-6587
-5529
-4244
-2853
-1602
-666
508
1971
3082
3756
4350
5023
6005
7190
7952
8177
8152
8170
8385
8493
8215
7848
7515
7187
6990
6811
6349
5946
5920
5167
3249
1627
912
365
-81
-1130
-3776
-6402
-7134
-7047
-7158
-6966
-6987
-7717
-7649
-6678
-6525
-6714
-6045
-4992
-3603
-1675
-562
-757
-683
251
1205
2198
3108
3186
2864
2933
2959
2486
1930
1556
1211
893
591
-8
-1013
-1988
-2617
-3058
-3554
-4293
-5326
-6386
-6711
-6242
-5794
-5910
-6106
-5877
-5013
-3467
-1887
-734
241
1339
2351
3262
4000
4417
4945
5945
6896
7340
7483
7317
6966
7047
7292
7016
6612
6404
6031
5677
5569
5250
4911
5084
4702
2961
1391
822
400
-49
-861
-3117
-5662
-6329
-6089
-6285
-6173
-6196
-7011
-7037
-5992
-5771
-6106
-5625
-4699
-3483
-1780
-727
-912
-869
-9
912
1812
2551
2543
2290
2499
2614
2214
1611
1110
843
774
534
-85
-1001
-1899
-2403
-2662
-3130
-3851
-4669
-5458
-5726
-5375
-5093
-5224
-5321
-4967
-4063
-2731
-1350
-279
591
1557
2501
3258
3766
4164
4708
5486
6174
6455
6449
6291
6184
6300
6408
6176
5758
5452
5258
5111
5111
4994
4795
5130
5260
3865
2044
1364
1246
999
537
-1329
-4326
-5663
-5240
-5252
-5446
-5331
-6065
-6648
-5746
-5239
-6007
-6065
-5183
-4181
-2611
-1298
-1590
-2073
-1340
-371
471
1390
1627
1321
1506
1813
1520
989
636
526
688
724
315
-432
-1284
-1888
-2032
-2192
-2723
-3236
-3844
-4663
-4924
-4628
-4584
-4612
-4238
-3746
-3085
-1912
-799
-61
695
1499
2142
2646
3098
3451
3821
4311
4762
5036
5219
5327
5371
5442
5450
5339
5296
5301
5284
5353
5496
5559
5804
6320
5734
3809
2559
2550
2519
2181
972
-1995
-4615
-4802
-4352
-4659
-4737
-5134
-6314
-6293
-5374
-5729
-6369
-5870
-4988
-3827
-2262
-1852
-2593
-2383
-1294
-396
615
1402
1265
1182
1550
1530
1164
900
870
1146
1342
981
330
-437
-1167
-1368
-1282
-1684
-2340
-2802
-3644
-4553
-4602
-4392
-4445
-4159
-3639
-3400
-2943
-2046
-1254
-566
291
1055
1467
1815
2233
2504
2841
3440
3918
4246
4577
4715
4676
4655
4741
4909
5216
5543
5640
5595
5677
5908
6486
6955
5866
3901
3149
3295
3084
2453
489
-2741
-4477
-4136
-4043
-4546
-4880
-5901
-6937
-6382
-5771
-6486
-6818
-6181
-5357
-3915
-2587
-2801
-3241
-2419
-1208
-107
956
1307
1158
1401
1806
1839
1640
1486
1670
2109
2049
1429
774
57
-406
-241
-345
-1179
-1906
-2523
-3524
-4193
-4150
-4180
-4178
-3818
-3693
-3713
-3253
-2506
-1727
-784
4
394
663
977
1354
1859
2432
2990
3548
4018
4295
4490
4598
4732
5039
5417
5883
6315
6363
6277
6424
6749
7448
7888
6686
4603
3649
3596
3313
2589
515
-2799
-4628
-4423
-4531
-5136
-5575
-6697
-7632
-6992
-6499
-7334
-7709
-7079
-6153
-4550
-3090
-3211
-3578
-2717
-1413
-185
948
1387
1372
1753
2248
2372
2260
2092
2206
2578
2517
1949
1334
558
-119
-192
-364
-1200
-1957
-2719
-3924
-4599
-4472
-4402
-4435
-4398
-4584
-4539
-3772
-2779
-1938
-1191
-675
-333
109
551
944
1497
2159
2842
3544
3990
4223
4480
4775
5113
5530
5867
6200
6505
6577
6550
6701
7093
7796
8301
7113
4862
3645
3530
3465
3023
1086
-2339
-4438
-4457
-4554
-5007
-5272
-6313
-7310
-6753
-6373
-7276
-7599
-6996
-6103
-4397
-2840
-2983
-3462
-2742
-1585
-327
1048
1661
1691
2025
2462
2570
2506
2386
2474
2836
2787
2278
1631
680
-204
-404
-591
-1358
-2158
-3123
-4380
-4927
-4716
-4734
-4945
-5093
-5257
-4855
-3790
-2891
-2286
-1730
-1285
-752
-52
447
786
1396
2163
2918
3626
4038
4276
4704
5191
5536
5798
6009
6290
6621
6749
6759
6889
7203
7914
8380
7097
4799
3620
3538
3484
2982
870
-2647
-4683
-4678
-4786
-5249
-5598
-6758
-7762
-7198
-6905
-7761
-7998
-7359
-6375
-4606
-3178
-3415
-3787
-2961
-1656
-186
1280
1859
1866
2209
2612
2807
2867
2746
2870
3232
3062
2435
1736
804
4
-177
-472
-1373
-2397
-3461
-4429
-4627
-4421
-4667
-5053
-5257
-5063
-4125
-2995
-2404
-2006
-1481
-970
-217
583
941
1261
2002
2788
3473
4080
4395
4685
5254
5735
5905
5955
6053
6365
6696
6742
6724
6866
7170
7881
8211
6623
4231
3256
3362
3304
2587
115
-3508
-5189
-4816
-4860
-5345
-5881
-7178
-7971
-7227
-6976
-7875
-8119
-7454
-6300
-4478
-3272
-3702
-4029
-3110
-1683
-105
1194
1516
1506
1887
2299
2536
2538
2338
2450
2846
2687
1995
1275
410
-236
-362
-692
-1636
-2771
-3822
-4481
-4444
-4277
-4601
-5103
-5249
-4791
-3674
-2636
-2180
-1820
-1289
-712
55
732
937
1347
2235
3029
3600
3995
4146
4471
5114
5586
5672
5644
5730
6006
6334
6399
6387
6643
7132
7971
8345
6757
4358
3428
3618
3702
3153
761
-2817
-4491
-4176
-4254
-4751
-5248
-6500
-7224
-6474
-6357
-7412
-7722
-7124
-6024
-4165
-2963
-3433
-3848
-3057
-1729
-220
1040
1360
1361
1770
2129
2214
2157
1939
2083
2609
2504
1742
941
44
-584
-641
-940
-1872
-2907
-3845
-4449
-4464
-4421
-4713
-5005
-4969
-4436
-3475
-2722
-2388
-1948
-1325
-738
-76
426
635
1144
2015
2671
3106
3466
3684
4067
4685
5044
5055
5089
5284
5657
5979
6102
6247
6570
7087
7962
8415
7018
4868
4050
4145
4104
3624
1451
-2039
-3822
-3722
-3987
-4484
-4921
-6169
-7077
-6591
-6590
-7573
-7837
-7300
-6340
-4668
-3480
-3864
-4204
-3444
-2204
-662
646
1041
1206
1601
1868
2112
2197
2036
2278
2796
2586
1863
1159
284
-363
-381
-717
-1816
-2858
-3569
-3993
-4013
-4027
-4449
-4850
-4605
-3710
-2770
-2199
-1927
-1557
-974
-297
367
720
925
1514
2322
2898
3335
3676
3921
4417
5011
5241
5184
5198
5429
5745
5996
6130
6345
6690
7173
7930
8057
6457
4518
4052
4245
4077
3302
753
-2739
-4169
-3924
-4188
-4638
-5104
-6441
-7279
-6799
-7012
-8015
-8042
-7331
-6314
-4745
-3939
-4555
-4821
-3928
-2563
-985
165
433
545
858
1124
1449
1579
1507
1902
2367
2056
1385
793
47
-344
-239
-793
-2054
-2894
-3195
-3339
-3319
-3548
-4270
-4584
-3856
-2719
-1931
-1610
-1498
-1207
-623
39
501
688
981
1702
2499
2937
3167
3415
3823
4522
5093
5071
4890
5031
5365
5733
6004
6139
6406
6950
7614
8232
8029
6342
4691
4536
4854
4509
3281
498
-2657
-3658
-3347
-3791
-4418
-5058
-6395
-7013
-6558
-7017
-8027
-7868
-7109
-6126
-4688
-4170
-4815
-4767
-3657
-2325
-937
25
188
322
750
1071
1285
1371
1416
1838
2225
1869
1224
670
34
-306
-378
-1146
-2357
-2887
-2933
-3075
-3304
-3818
-4506
-4386
-3333
-2344
-1865
-1736
-1713
-1430
-834
-277
52
375
918
1644
2233
2414
2530
2947
3716
4501
4810
4550
4351
4659
5207
5754
6112
6196
6452
7085
7696
8276
8154
6642
5190
5069
5149
4507
3137
508
-2295
-3192
-3078
-3771
-4596
-5368
-6710
-7323
-6941
-7338
-8135
-7948
-7366
-6548
-5249
-4666
-4989
-4656
-3488
-2257
-1003
-118
133
450
966
1294
1565
1731
1797
2192
2488
2029
1386
893
231
-230
-485
-1326
-2335
-2643
-2657
-2964
-3393
-3878
-4162
-3585
-2447
-1656
-1377
-1344
-1290
-892
-263
219
603
1034
1570
2156
2466
2440
2640
3353
4191
4766
4771
4341
4204
4644
5248
5737
5963
5967
6260
6883
7470
7972
7843
6445
5027
4789
4796
4170
2873
359
-2462
-3490
-3507
-4164
-4915
-5637
-6919
-7589
-7328
-7659
-8391
-8349
-7803
-6977
-5727
-5050
-5273
-5119
-4143
-2931
-1636
-615
-156
224
638
922
1248
1496
1638
2082
2411
2018
1464
961
209
-386
-630
-1108
-1786
-2086
-2389
-3034
-3545
-3766
-3641
-2888
-1993
-1582
-1509
-1473
-1295
-774
-163
269
721
1162
1559
2009
2291
2361
2801
3687
4438
4810
4739
4406
4416
4947
5543
5917
6092
6216
6594
7172
7652
8093
7962
6683
5289
4848
4675
4074
2889
460
-2332
-3529
-3659
-4296
-5026
-5647
-6755
-7413
-7197
-7532
-8340
-8300
-7682
-6778
-5451
-4703
-4931
-4861
-3957
-2724
-1373
-259
232
501
828
1097
1381
1576
1695
2066
2365
2039
1465
904
129
-473
-630
-1011
-1756
-2345
-2852
-3408
-3701
-3768
-3734
-3345
-2771
-2358
-2040
-1815
-1619
-1178
-626
-117
443
881
1157
1606
2051
2324
2798
3508
4104
4482
4644
4565
4579
4937
5395
5773
6124
6439
6817
7261
7602
7999
8030
6899
5470
4894
4628
4025
2882
540
-2297
-3710
-3951
-4512
-5219
-5855
-6913
-7709
-7688
-7907
-8503
-8449
-7772
-6759
-5500
-4747
-4842
-4694
-3700
-2330
-909
184
632
838
1213
1616
1983
2165
2240
2581
2896
2609
1935
1300
700
256
46
-581
-1713
-2537
-2819
-2917
-3086
-3491
-3927
-3850
-3216
-2378
-1756
-1628
-1687
-1351
-706
-126
372
728
958
1492
2191
2488
2712
3193
3727
4295
4761
4772
4610
4804
5226
5679
6107
6379
6634
7045
7495
8044
8307
7309
5599
4732
4639
4311
3365
1258
-1835
-3865
-4219
-4523
-5225
-5907
-6957
-8046
-8251
-8287
-8857
-9141
-8615
-7554
-6212
-5280
-5286
-5348
-4570
-3104
-1465
-177
438
712
1089
1510
1919
2236
2368
2708
3185
3016
2267
1600
1007
425
-65
-701
-1507
-2001
-2180
-2593
-3401
-4130
-4166
-3454
-2622
-2087
-1941
-2138
-2111
-1412
-619
-277
43
463
856
1415
1918
1993
2198
2996
3840
4381
4593
4412
4302
4706
5325
5819
6125
6286
6553
7038
7446
7908
8419
7889
6291
5213
4906
4428
3671
2079
-753
-3026
-3639
-3979
-4765
-5451
-6340
-7402
-7684
-7617
-8152
-8653
-8445
-7650
-6359
-5259
-5055
-5132
-4569
-3385
-1871
-518
245
684
1107
1441
1739
2082
2296
2625
3121
3073
2348
1636
1057
389
-240
-851
-1488
-1846
-2058
-2723
-3875
-4759
-4607
-3604
-2682
-2402
-2587
-2884
-2787
-1955
-1027
-664
-431
-15
419
940
1388
1523
1863
2774
3664
4167
4305
4126
4093
4611
5291
5797
6148
6240
6419
6947
7404
7862
8551
8293
6671
5311
4790
4330
3717
2416
-257
-2878
-3881
-4265
-5048
-5721
-6440
-7458
-7838
-7703
-8081
-8587
-8463
-7714
-6407
-5102
-4653
-4690
-4256
-3132
-1639
-231
657
1075
1435
1821
2203
2508
2653
2881
3345
3465
2908
2148
1482
803
151
-378
-902
-1311
-1594
-2185
-3310
-4251
-4184
-3341
-2544
-2187
-2274
-2649
-2729
-2101
-1295
-852
-464
-22
341
752
1108
1253
1643
2530
3399
3917
4098
3944
3867
4300
4982
5551
5913
6079
6267
6702
7144
7632
8384
8450
7083
5496
4682
4213
3808
2877
432
-2502
-4017
-4496
-5097
-5700
-6381
-7467
-8156
-8076
-8196
-8714
-8815
-8211
-7026
-5674
-4957
-4986
-4821
-3849
-2320
-791
265
748
1008
1372
1860
2314
2559
2741
3095
3289
2844
2136
1598
1008
268
-404
-972
-1389
-1506
-1806
-2858
-4055
-4277
-3522
-2625
-2073
-2100
-2612
-2895
-2331
-1411
-923
-660
-282
166
733
1215
1343
1515
2273
3322
4071
4332
4187
4015
4330
5101
5777
6115
6211
6428
6922
7392
7813
8479
8759
7723
6147
5098
4504
4106
3427
1395
-1572
-3496
-4130
-4684
-5286
-5899
-6942
-7818
-7815
-7761
-8214
-8462
-8098
-7108
-5740
-4769
-4632
-4556
-3801
-2477
-995
146
693
990
1320
1697
2130
2379
2381
2545
2765
2451
1812
1270
573
-430
-1212
-1599
-1853
-1945
-2231
-3279
-4481
-4683
-3917
-3072
-2541
-2393
-2729
-3005
-2622
-1921
-1409
-940
-365
157
579
883
1055
1381
2234
3289
3954
4127
4065
4028
4249
4844
5533
5933
6137
6457
6843
7107
7440
8169
8877
8494
6990
5536
4682
4250
3895
2537
-166
-2547
-3610
-4281
-5056
-5643
-6487
-7478
-7662
-7502
-7975
-8511
-8352
-7587
-6242
-4919
-4429
-4415
-3946
-2824
-1394
-130
654
1080
1411
1808
2253
2492
2422
2449
2694
2665
2224
1660
811
-369
-1130
-1293
-1404
-1619
-2072
-3050
-4027
-4087
-3422
-2858
-2555
-2387
-2421
-2469
-2257
-1921
-1588
-1054
-337
304
682
773
852
1272
2076
2982
3602
3816
3904
4029
4114
4362
4926
5492
5962
6345
6523
6594
6847
7564
8622
8915
7573
5698
4702
4435
4275
3511
1135
-1879
-3426
-3920
-4720
-5458
-6171
-7343
-7878
-7595
-7906
-8717
-8909
-8423
-7318
-5803
-4962
-5034
-4888
-3951
-2537
-1061
-49
389
785
1374
1921
2318
2414
2398
2684
2964
2670
1777
596
-314
-430
-156
-456
-1559
-2800
-3483
-3374
-2871
-2623
-2780
-3018
-3039
-2742
-2382
-2278
-2213
-1714
-908
-300
24
223
408
932
1873
2691
3036
3262
3644
4053
4387
4583
4688
4957
5584
6283
6544
6402
6426
6830
7580
8662
9063
7568
5419
4533
4475
4315
3697
1639
-1511
-3382
-3793
-4447
-5184
-5653
-6599
-7347
-7173
-7370
-8211
-8417
-7896
-6897
-5449
-4531
-4616
-4606
-3842
-2596
-1166
-107
326
663
1172
1607
1931
2033
1936
2160
2519
2355
1594
429
-707
-1039
-619
-549
-1366
-2514
-3361
-3519
-3075
-2727
-2816
-2954
-2884
-2703
-2548
-2582
-2661
-2249
-1287
-461
-155
-148
-112
345
1297
2218
2694
2916
3261
3756
4159
4368
4491
4834
5558
6373
6763
6664
6612
6959
7737
8827
9314
8027
5902
4844
4666
4420
3791
1886
-1140
-3103
-3616
-4392
-5360
-5950
-6852
-7575
-7317
-7427
-8440
-8851
-8301
-7233
-5723
-4613
-4592
-4606
-3803
-2562
-1213
-105
509
1033
1687
2121
2292
2273
2169
2438
2906
2808
2217
1523
435
-676
-995
-939
-1076
-1353
-1960
-3023
-3696
-3524
-3075
-2619
-2193
-2098
-2366
-2534
-2451
-2119
-1435
-658
-107
247
491
665
941
1510
2274
2998
3543
3804
3870
3883
4053
4587
5329
5983
6330
6411
6492
6788
7317
8155
9016
8691
6929
5225
4429
4106
3890
2901
310
-2467
-3790
-4465
-5358
-5966
-6630
-7637
-7941
-7713
-8265
-9079
-9055
-8314
-6967
-5435
-4776
-4914
-4698
-3764
-2388
-949
2
475
976
1467
1797
1984
1972
2044
2510
2792
2452
1918
1140
-87
-891
-793
-673
-904
-1384
-2408
-3462
-3520
-2957
-2602
-2310
-2046
-2113
-2281
-2285
-2211
-1879
-1126
-327
205
486
538
713
1311
2140
2925
3540
3860
3999
4148
4289
4551
5116
5758
6167
6364
6448
6599
7040
7841
8838
9198
8038
6063
4786
4450
4395
3946
2115
-840
-3024
-3942
-4742
-5513
-5953
-6679
-7415
-7463
-7685
-8600
-9064
-8538
-7404
-5913
-4791
-4673
-4843
-4313
-3082
-1588
-294
417
784
1240
1668
1946
2037
1998
2231
2677
2660
2132
1366
127
-1005
-1123
-790
-962
-1611
-2639
-3790
-4102
-3499
-3057
-2956
-2753
-2698
-2814
-2801
-2724
-2494
-1763
-844
-189
85
61
218
940
1960
2780
3321
3636
3900
4254
4506
4623
4932
5521
6115
6494
6582
6547
6797
7495
8483
9228
8687
6830
5204
4648
4517
4193
2926
241
-2407
-3679
-4419
-5373
-6011
-6530
-7236
-7451
-7459
-8183
-8958
-8752
-7749
-6337
-4995
-4513
-4667
-4402
-3397
-1985
-573
386
927
1440
1890
2173
2300
2268
2403
2909
3206
2849
2126
1013
-293
-799
-469
-343
-743
-1657
-3010
-3846
-3561
-2907
-2534
-2373
-2502
-2854
-2971
-2778
-2485
-1959
-1242
-607
-144
38
61
403
1194
2118
2957
3532
3804
3983
4146
4278
4632
5294
5989
6507
6665
6563
6659
7131
7927
8893
9025
7520
5542
4465
4124
3898
3139
933
-2032
-3839
-4556
-5370
-6128
-6692
-7471
-7932
-7817
-8133
-8942
-9178
-8538
-7227
-5707
-4846
-4841
-4798
-4033
-2662
-1121
26
663
1191
1699
2037
2235
2265
2301
2722
3174
3000
2328
1341
112
-658
-599
-434
-702
-1366
-2425
-3363
-3454
-2985
-2580
-2270
-2102
-2254
-2448
-2515
-2447
-2046
-1340
-610
-65
219
249
433
1023
1843
2683
3363
3797
4099
4268
4249
4407
4951
5677
6331
6652
6535
6494
6945
7704
8649
9125
8020
5952
4730
4475
4236
3604
1814
-1112
-3285
-3960
-4550
-5476
-6117
-6809
-7474
-7424
-7396
-8123
-8662
-8278
-7198
-5770
-4664
-4467
-4555
-4042
-2920
-1519
-300
380
839
1350
1702
1890
2002
2022
2243
2687
2681
2124
1336
262
-746
-1043
-959
-1146
-1586
-2311
-3229
-3647
-3416
-3071
-2732
-2358
-2228
-2342
-2483
-2565
-2384
-1788
-1027
-418
-30
95
199
655
1343
2043
2674
3166
3582
3917
3976
3972
4293
4956
5731
6306
6422
6335
6638
7422
8460
9338
8942
6985
5262
4830
4802
4464
3265
534
-2344
-3594
-4102
-4967
-5685
-6348
-7277
-7639
-7486
-7967
-8724
-8677
-7826
-6411
-4966
-4365
-4463
-4239
-3322
-1891
-403
531
1006
1470
1922
2270
2492
2469
2503
2902
3181
2878
2174
1017
-315
-903
-745
-725
-1165
-1988
-3069
-3700
-3499
-3048
-2822
-2656
-2486
-2412
-2344
-2319
-2352
-2084
-1392
-582
82
374
364
559
1215
2044
2740
3193
3478
3788
4096
4198
4288
4684
5341
5974
6289
6266
6314
6823
7689
8645
8795
7218
5083
4163
4137
4025
3328
1093
-2112
-3979
-4411
-4968
-5571
-6056
-7000
-7657
-7451
-7647
-8481
-8713
-8082
-6850
-5308
-4452
-4567
-4573
-3848
-2523
-967
136
636
1090
1571
1939
2246
2322
2324
2720
3139
2979
2385
1439
271
-475
-590
-639
-951
-1517
-2358
-3145
-3443
-3287
-2940
-2572
-2276
-2167
-2262
-2437
-2471
-2192
-1628
-905
-272
100
265
469
971
1687
2365
2963
3505
3956
4295
4406
4319
4501
5207
6050
6532
6547
6424
6680
7425
8426
9039
8134
5972
4493
4296
4264
3778
2198
-853
-3513
-4304
-4582
-5242
-5696
-6423
-7439
-7543
-7325
-7966
-8527
-8073
-7016
-5603
-4405
-4222
-4411
-3904
-2700
-1163
139
782
1152
1620
1977
2255
2423
2399
2612
3046
3013
2384
1497
399
-528
-917
-1089
-1406
-1879
-2544
-3338
-3943
-4104
-3811
-3271
-2793
-2574
-2617
-2859
-2956
-2654
-2073
-1389
-754
-329
-73
187
606
1227
1873
2523
3139
3658
4031
4195
4159
4227
4781
5620
6244
6464
6458
6545
7024
7889
8814
8854
7333
5442
4657
4552
4250
3443
1199
-1901
-3662
-4085
-4727
-5351
-5789
-6856
-7612
-7359
-7489
-8261
-8343
-7665
-6522
-5089
-4245
-4325
-4275
-3436
-2061
-498
580
1062
1429
1828
2170
2572
2766
2756
3061
3362
3094
2422
1471
299
-457
-640
-764
-1084
-1658
-2566
-3455
-3891
-3749
-3213
-2686
-2461
-2497
-2635
-2815
-2759
-2338
-1730
-1104
-520
-133
56
296
802
1501
2225
2943
3481
3747
3890
4036
4176
4574
5264
5837
6120
6295
6509
6867
7444
8150
8723
8230
6475
4872
4227
3854
3424
2409
-182
-3050
-4373
-4962
-5675
-5875
-6280
-7465
-8030
-7844
-8265
-8801
-8483
-7709
-6527
-5171
-4566
-4639
-4334
-3344
-1823
-265
707
1179
1507
1735
2134
2691
2870
2933
3269
3449
3049
2309
1114
-281
-831
-475
-258
-752
-1859
-3244
-3972
-3608
-2754
-2247
-2250
-2485
-2617
-2572
-2524
-2492
-2233
-1580
-795
-118
101
-74
40
899
2033
2927
3444
3548
3584
3877
4289
4624
5104
5653
6091
6363
6535
6729
7175
7853
8659
9103
8068
6011
4677
4344
4096
3696
2203
-820
-3351
-4227
-4839
-5495
-5642
-6321
-7450
-7755
-7818
-8548
-8855
-8242
-7253
-6027
-5019
-4808
-4808
-4183
-2924
-1341
-47
686
1190
1620
1870
2269
2656
2697
2915
3402
3340
2672
1695
176
-1087
-1127
-569
-640
-1530
-3014
-4358
-4522
-3689
-2938
-2776
-2956
-3196
-3199
-3097
-3072
-2939
-2376
-1486
-624
-142
-237
-364
233
1460
2546
3179
3367
3445
3848
4406
4687
4878
5354
6005
6627
6970
6932
6911
7395
8318
9370
9495
7824
5628
4636
4600
4565
3939
1632
-1738
-3775
-4289
-4863
-5486
-6022
-7094
-7920
-7840
-8053
-8868
-9015
-8303
-7094
-5695
-4868
-4911
-4862
-4001
-2428
-674
488
1021
1447
1901
2324
2785
2947
2945
3308
3699
3450
2760
1680
166
-786
-615
-246
-564
-1568
-3031
-4149
-4153
-3404
-2831
-2697
-2808
-3022
-3176
-3190
-3008
-2591
-1926
-1159
-493
-190
-187
37
766
1710
2567
3212
3564
3818
4149
4372
4472
4902
5634
6282
6686
6829
6800
6962
7581
8524
9283
8772
6803
4914
4175
4026
3840
2767
-18
-3056
-4430
-4890
-5540
-6020
-6664
-7780
-8263
-8083
-8488
-9127
-9047
-8336
-7111
-5711
-5046
-5101
-4821
-3790
-2180
-523
511
984
1454
1986
2423
2780
2870
2921
3294
3564
3259
2455
1203
-77
-505
-159
-67
-712
-1899
-3130
-3657
-3282
-2713
-2479
-2496
-2643
-2720
-2653
-2630
-2617
-2206
-1441
-681
-68
112
-16
288
1219
2154
2863
3410
3709
3936
4256
4473
4678
5161
5784
6371
6777
6871
6899
7232
7943
8939
9405
8133
5935
4728
4497
4347
3894
2021
-1251
-3549
-4173
-4756
-5527
-6027
-6978
-7952
-7963
-7985
-8727
-9157
-8808
-7868
-6431
-5328
-5098
-5038
-4460
-3255
-1589
-196
545
1154
1754
2092
2380
2619
2605
2788
3238
3147
2334
1193
-80
-810
-633
-445
-995
-2062
-3185
-3785
-3582
-3158
-3006
-2986
-3011
-3053
-2937
-2893
-2993
-2635
-1725
-923
-364
-24
-35
218
1219
2263
2824
3220
3579
3897
4378
4772
4883
5149
5708
6300
6760
6917
6966
7404
8137
8917
9402
8465
6288
4997
4995
4843
4227
2702
-418
-3157
-3919
-4401
-5380
-5885
-6540
-7619
-7937
-7975
-8766
-9325
-8846
-7808
-6420
-5325
-5207
-5318
-4734
-3498
-1845
-362
400
947
1580
1960
2278
2604
2638
2848
3386
3359
2576
1586
421
-402
-302
-67
-526
-1429
-2367
-3048
-3021
-2583
-2428
-2456
-2430
-2454
-2466
-2475
-2612
-2434
-1665
-879
-389
-100
-55
128
932
1898
2474
2857
3166
3383
3794
4252
4408
4656
5233
5812
6211
6404
6509
6967
7753
8460
8921
8323
6357
4763
4553
4425
3783
2562
-139
-3136
-4276
-4615
-5523
-6079
-6442
-7427
-7955
-7854
-8460
-9185
-8844
-7878
-6639
-5377
-4985
-5186
-4808
-3724
-2246
-744
188
723
1316
1726
1985
2291
2378
2503
3043
3219
2586
1760
846
-175
-585
-460
-761
-1424
-2055
-2773
-3254
-3124
-2824
-2656
-2449
-2292
-2278
-2253
-2211
-2063
-1533
-762
-165
308
665
859
1290
1992
2588
3110
3636
3936
4184
4508
4626
4709
5129
5688
6095
6351
6492
6780
7363
8017
8678
8849
7575
5716
4943
4841
4438
3672
1694
-1455
-3498
-4024
-4742
-5561
-6008
-6988
-7993
-8061
-8282
-9143
-9394
-8792
-7800
-6517
-5646
-5602
-5526
-4757
-3409
-1813
-545
161
702
1209
1570
1977
2240
2297
2650
3034
2768
2066
1251
233
-490
-509
-535
-1093
-1809
-2525
-3174
-3330
-3006
-2718
-2597
-2530
-2552
-2586
-2467
-2225
-1831
-1226
-625
-168
223
556
941
1574
2285
2884
3396
3769
4045
4465
4874
5049
5306
5772
6177
6455
6651
6852
7234
7742
8334
8735
7933
6024
4667
4314
4025
3523
2183
-642
-3275
-4254
-4725
-5376
-5689
-6295
-7340
-7682
-7649
-8224
-8670
-8252
-7296
-6039
-4958
-4701
-4809
-4368
-3217
-1679
-329
417
832
1207
1533
1891
2134
2170
2378
2804
2796
2159
1267
224
-563
-567
-286
-653
-1590
-2449
-3026
-3182
-2824
-2487
-2553
-2618
-2501
-2523
-2582
-2437
-2176
-1649
-828
-258
-116
-2
301
930
1846
2597
2959
3146
3384
3856
4435
4694
4865
5401
6066
6548
6826
6885
7036
7666
8588
9350
9068
7222
5157
4365
4301
4023
3061
557
-2626
-4313
-4802
-5506
-6079
-6547
-7577
-8225
-8120
-8546
-9336
-9298
-8495
-7233
-5811
-5166
-5281
-5058
-4107
-2630
-1015
79
644
1189
1644
1897
2137
2238
2325
2812
3155
2706
1835
790
-381
-835
-408
-354
-1076
-1904
-2681
-3229
-2968
-2391
-2313
-2316
-2078
-2093
-2231
-2141
-2059
-1754
-899
-95
222
375
521
863
1647
2512
3074
3455
3749
4077
4507
4677
4693
5192
5955
6518
6863
6801
6580
6978
7939
8883
9205
7887
5472
4150
4176
4147
3609
1794
-1466
-3812
-4252
-4665
-5413
-5809
-6696
-7708
-7614
-7556
-8431
-8856
-8367
-7426
-5997
-4919
-4936
-5036
-4410
-3254
-1685
-355
239
690
1210
1487
1763
2002
1945
2174
2704
2565
1861
1011
-323
-1326
-1054
-677
-1210
-1989
-2887
-3765
-3666
-2946
-2763
-2827
-2609
-2552
-2583
-2401
-2370
-2256
-1493
-592
-60
256
399
625
1347
2253
2882
3333
3650
3949
4431
4702
4685
5037
5734
6321
6779
6918
6744
6982
7797
8709
9399
8809
6591
4829
4578
4567
4230
3045
80
-2918
-3877
-4223
-5054
-5517
-6204
-7476
-7811
-7561
-8209
-8897
-8671
-7903
-6572
-5205
-4881
-5086
-4713
-3645
-2050
-508
249
663
1238
1639
1949
2293
2261
2316
2878
3004
2368
1501
251
-865
-780
-289
-709
-1676
-2618
-3390
-3331
-2646
-2496
-2737
-2651
-2436
-2304
-2220
-2378
-2414
-1732
-786
-177
72
35
158
979
2067
2743
3070
3240
3469
4037
4540
4575
4708
5254
5895
6482
6727
6519
6576
7259
8180
9103
9057
7119
4920
4224
4215
4019
3331
886
-2508
-4210
-4589
-5301
-5824
-6247
-7409
-8154
-7969
-8252
-8991
-9131
-8572
-7358
-5860
-5135
-5241
-5183
-4406
-2862
-1107
-54
446
1010
1460
1804
2210
2305
2282
2727
3118
2781
1990
886
-325
-710
-279
-259
-1002
-1962
-2828
-3161
-2746
-2316
-2358
-2371
-2109
-1905
-1901
-2016
-2061
-1628
-761
-23
308
328
360
848
1803
2638
3080
3307
3551
3976
4450
4598
4606
4994
5677
6304
6610
6533
6436
6873
7779
8813
9312
8115
5760
4431
4461
4558
4169
2442
-858
-3443
-4086
-4471
-5205
-5660
-6501
-7622
-7867
-7868
-8588
-9138
-8769
-7758
-6411
-5413
-5349
-5538
-5009
-3644
-1938
-613
44
485
971
1381
1774
2040
2092
2354
2825
2759
2030
1121
179
-520
-571
-516
-1125
-1995
-2585
-3095
-3391
-3231
-3090
-3083
-2764
-2421
-2530
-2731
-2594
-2185
-1514
-712
-287
-145
152
659
1314
2048
2584
2949
3448
3952
4297
4484
4554
4853
5639
6362
6601
6642
6740
7040
7780
8774
9499
9236
7535
5658
5104
5264
5029
4030
1549
-1635
-3262
-3687
-4591
-5423
-5918
-7047
-7937
-7897
-8356
-9362
-9449
-8629
-7507
-6232
-5565
-5766
-5601
-4462
-2882
-1334
-188
407
899
1479
1877
2144
2333
2493
2891
3189
2593
1429
535
-42
-262
-180
-676
-1858
-2531
-2565
-2735
-2903
-2880
-2951
-2848
-2379
-2241
-2583
-2648
-2237
-1570
-788
-309
-293
-121
518
1305
2034
2489
2660
3079
3765
4197
4356
4404
4490
5103
6028
6354
6162
6153
6474
7109
7955
8717
8913
7824
5873
4715
4553
4328
3838
2335
-754
-3249
-3986
-4800
-5789
-5963
-6580
-7783
-8010
-8117
-9144
-9624
-9007
-8074
-6817
-5749
-5704
-5835
-5143
-3851
-2273
-839
-7
551
1131
1482
1757
2077
2236
2617
3234
3029
1840
731
119
-49
265
240
-876
-2091
-2358
-2160
-2108
-2085
-2133
-2262
-2092
-1800
-1979
-2348
-2207
-1558
-727
-117
-50
-190
145
1016
1975
2616
2824
3023
3591
4213
4540
4630
4646
5036
5892
6496
6456
6229
6376
7001
7871
8748
9285
8492
6370
4855
4687
4631
4302
3198
214
-2878
-3928
-4454
-5457
-5769
-6160
-7421
-7964
-7953
-8828
-9597
-9236
-8335
-7038
-5807
-5607
-5857
-5466
-4380
-2789
-1217
-310
288
877
1170
1430
1791
1912
2213
2913
2965
1933
694
-167
-531
-286
-110
-935
-2301
-2994
-2917
-2702
-2590
-2594
-2720
-2684
-2310
-2146
-2436
-2503
-1957
-1119
-309
96
-6
53
761
1795
2611
3002
3151
3466
4075
4649
4882
4868
5037
5693
6431
6690
6537
6488
6918
7765
8689
9394
9027
7110
5243
4840
4973
4684
3730
1174
-2047
-3528
-3907
-4839
-5561
-5930
-6882
-7588
-7662
-8364
-9329
-9307
-8453
-7103
-5856
-5588
-5848
-5525
-4492
-2979
-1429
-563
4
769
1253
1498
1806
1883
2049
2811
3166
2324
1185
272
-327
-250
-50
-696
-1852
-2563
-2749
-2653
-2500
-2587
-2724
-2563
-2210
-2041
-2155
-2223
-1907
-1139
-334
41
24
94
677
1641
2468
2786
2826
3072
3599
4212
4594
4528
4528
5082
5809
6152
6155
6042
6199
7044
8080
8758
8677
7166
5038
4231
4516
4310
3429
1476
-1614
-3674
-4138
-4922
-5909
-6168
-6677
-7456
-7659
-8268
-9408
-9584
-8677
-7301
-5895
-5363
-5725
-5619
-4669
-3357
-1840
-723
-167
512
1160
1346
1461
1618
1807
2513
3169
2707
1563
521
-157
-126
224
-70
-1000
-1810
-2215
-2235
-2043
-2052
-2117
-1899
-1604
-1549
-1717
-1883
-1781
-1161
-332
139
194
200
487
1138
1992
2665
2993
3263
3579
3900
4258
4576
4813
5126
5639
6117
6456
6660
6789
7097
7725
8690
9339
8365
6056
4472
4265
4355
4111
2573
-776
-3616
-4412
-4722
-5342
-5750
-6635
-7893
-8131
-8082
-8890
-9508
-9162
-8115
-6557
-5368
-5388
-5716
-5224
-3945
-2254
-837
-174
221
708
1112
1387
1539
1635
2035
2629
2450
1330
79
-637
-634
-420
-665
-1596
-2596
-2922
-2673
-2559
-2762
-2765
-2462
-2060
-1715
-1832
-2262
-2104
-1168
-201
345
477
386
802
1859
2763
3160
3386
3752
4370
5069
5263
5007
4985
5405
6173
6928
6976
6503
6548
7261
7940
8662
8800
7182
5169
4614
4679
4183
3232
1110
-1868
-3386
-3564
-4397
-5444
-5946
-6649
-7185
-7055
-7510
-8581
-8751
-8022
-6889
-5660
-5199
-5509
-5367
-4409
-3118
-1848
-1110
-702
-15
616
829
980
1020
1103
1742
2282
1678
533
-278
-670
-548
-385
-891
-1861
-2387
-2304
-2073
-2107
-2386
-2409
-1982
-1495
-1283
-1475
-1808
-1597
-757
-1
237
275
327
754
1696
2489
2652
2766
3290
3855
4355
4654
4567
4633
5260
5942
6334
6413
6336
6638
7455
8085
8497
8514
7079
5193
4650
4618
3945
3011
965
-2130
-3790
-4079
-5054
-5973
-6242
-7115
-7885
-7692
-8083
-9126
-9076
-8313
-7356
-5986
-5159
-5321
-5165
-4216
-3033
-1716
-673
-76
575
1099
1208
1335
1392
1455
2023
2506
1864
745
-30
-596
-771
-672
-1097
-1966
-2358
-2285
-2235
-2394
-2578
-2515
-2039
-1456
-1141
-1201
-1413
-1197
-440
276
550
697
884
1362
2244
2915
2958
3056
3600
4229
4764
4957
4704
4683
5253
5830
6206
6320
6185
6435
7229
7769
8199
8236
6691
4807
4496
4595
3949
3087
934
-2228
-3624
-3680
-4651
-5452
-5617
-6589
-7290
-7007
-7613
-8699
-8471
-7736
-6917
-5610
-4999
-5356
-5077
-4128
-3115
-1891
-962
-528
109
629
611
737
893
997
1609
2026
1224
158
-465
-1013
-1136
-899
-1319
-2181
-2574
-2714
-2782
-2683
-2565
-2409
-2006
-1671
-1550
-1524
-1532
-1274
-559
109
363
571
810
1203
1948
2631
2896
3204
3709
4161
4601
4820
4662
4763
5332
5879
6371
6612
6465
6589
7202
7754
8418
8567
6956
5042
4641
4610
4099
3305
976
-2113
-3244
-3320
-4358
-5108
-5432
-6451
-6866
-6494
-7256
-8378
-8216
-7577
-6593
-5192
-4746
-5166
-4866
-4002
-2988
-1737
-894
-447
223
664
639
798
894
1058
1786
2149
1351
431
-297
-1117
-1229
-834
-1142
-1890
-2370
-2920
-3238
-2888
-2441
-2223
-1893
-1690
-1737
-1679
-1521
-1268
-692
2
427
722
937
1194
1728
2420
2981
3464
3826
4051
4349
4597
4591
4663
5077
5547
6015
6348
6314
6259
6592
7174
7966
8122
6609
4713
4081
3965
3579
2751
396
-2506
-3626
-3867
-4824
-5498
-5965
-6968
-7210
-6806
-7509
-8531
-8474
-7801
-6574
-5071
-4629
-4978
-4727
-3883
-2733
-1481
-708
-222
429
813
901
1015
928
1095
1890
2255
1579
567
-469
-1202
-997
-523
-972
-1895
-2493
-2804
-2700
-2271
-2070
-2032
-1725
-1350
-1143
-1117
-1198
-1023
-351
430
883
1009
1022
1328
2057
2787
3205
3496
3821
4261
4792
4995
4747
4670
5127
5791
6320
6450
6233
6294
6869
7516
8097
7993
6393
4666
4347
4323
3692
2630
269
-2615
-3657
-3846
-4941
-5662
-5947
-6921
-7310
-7011
-7808
-8765
-8470
-7721
-6632
-5290
-4954
-5213
-4756
-3870
-2799
-1548
-815
-324
481
868
789
871
890
1085
1910
2282
1381
197
-722
-1280
-991
-618
-1326
-2486
-3021
-3011
-2714
-2421
-2492
-2525
-2118
-1593
-1282
-1294
-1525
-1310
-417
379
659
691
700
1114
2105
2864
2946
3010
3497
4217
4884
5049
4591
4340
4962
5942
6511
6428
6120
6354
7177
7922
8384
8124
6540
5055
5046
5078
4201
2974
614
-2254
-3145
-3147
-4421
-5397
-5593
-6556
-7168
-6891
-7611
-8578
-8146
-7365
-6642
-5579
-5170
-5288
-4647
-3610
-2654
-1580
-838
-289
569
1016
924
1101
1296
1460
2109
2322
1311
263
-310
-835
-943
-866
-1621
-2702
-3028
-2926
-2862
-2749
-2694
-2658
-2316
-1854
-1617
-1573
-1538
-1195
-500
57
285
477
752
1282
2144
2729
2765
2951
3632
4349
4851
4979
4587
4371
4946
5780
6181
6170
6052
6252
6882
7496
7914
7682
6201
4719
4597
4595
3721
2412
18
-2839
-3691
-3497
-4572
-5618
-5946
-6934
-7553
-7085
-7495
-8406
-8047
-7260
-6573
-5477
-4948
-5105
-4481
-3302
-2343
-1333
-595
-180
542
1048
978
1098
1314
1425
1938
2122
1202
275
-174
-794
-1159
-1074
-1532
-2339
-2580
-2674
-2923
-2783
-2410
-2159
-1799
-1406
-1331
-1362
-1165
-772
-265
220
518
770
1105
1534
2117
2597
2829
3241
3989
4564
4818
4876
4682
4668
5264
5940
6207
6271
6336
6564
7030
7554
8096
8136
6816
5096
4504
4388
3838
2867
607
-2427
-3787
-3827
-4542
-5333
-5771
-6846
-7544
-7178
-7440
-8249
-8158
-7569
-6738
-5449
-4836
-5074
-4756
-3787
-2700
-1492
-687
-338
214
668
724
920
1071
1059
1556
1905
1200
336
-310
-1243
-1725
-1504
-1732
-2409
-2817
-3314
-3778
-3517
-2970
-2636
-2212
-1828
-1779
-1730
-1527
-1229
-658
25
470
791
1050
1258
1782
2483
2906
3356
4016
4421
4641
4898
4836
4757
5278
5935
6254
6502
6656
6725
7088
7691
8433
8911
7946
5942
4834
4716
4525
3909
1952
-1246
-3278
-3636
-4184
-4911
-5422
-6524
-7409
-7223
-7386
-8223
-8407
-7990
-7156
-5736
-4937
-5179
-5061
-4162
-2992
-1668
-701
-323
187
771
1025
1263
1354
1318
1796
2286
1821
1000
220
-870
-1521
-1391
-1537
-2138
-2649
-3370
-4018
-3837
-3270
-2906
-2530
-2206
-2111
-1981
-1827
-1642
-1123
-399
161
588
806
902
1403
2222
2836
3370
3870
4109
4400
4811
4814
4640
4971
5536
5999
6380
6401
6250
6583
7307
8161
8841
8070
5913
4554
4522
4481
3924
2211
-915
-3270
-3779
-4246
-5123
-5697
-6592
-7483
-7414
-7526
-8461
-8868
-8392
-7442
-6002
-5068
-5267
-5296
-4435
-3219
-1833
-724
-264
201
864
1176
1313
1442
1492
1931
2486
2176
1309
603
-258
-1033
-1079
-1067
-1571
-2115
-2694
-3414
-3523
-2945
-2534
-2343
-2045
-1831
-1759
-1599
-1387
-1076
-516
108
598
893
1052
1414
2107
2836
3426
3923
4267
4568
4950
5127
5033
5213
5766
6243
6507
6562
6503
6747
7418
8217
8739
8020
5987
4541
4535
4612
3990
2320
-733
-3291
-3844
-4087
-5029
-5665
-6360
-7369
-7523
-7506
-8424
-8979
-8414
-7472
-6241
-5290
-5431
-5625
-4849
-3579
-2232
-1120
-650
-263
425
808
882
1028
1130
1508
2114
1907
960
230
-392
-992
-1042
-1112
-1801
-2387
-2644
-3038
-3207
-2929
-2793
-2672
-2169
-1772
-1753
-1727
-1547
-1183
-579
-31
296
605
981
1486
2107
2561
2939
3555
4195
4646
4991
5101
5034
5352
6020
6494
6731
6877
7025
7372
7889
8442
8836
8141
6291
5009
4903
4731
3998
2321
-735
-3237
-3718
-4026
-5036
-5663
-6419
-7531
-7665
-7532
-8335
-8763
-8187
-7362
-6231
-5242
-5240
-5249
-4353
-3149
-1886
-817
-361
113
839
1150
1244
1404
1403
1709
2211
1767
677
70
-340
-771
-921
-1450
-2441
-2830
-2647
-2728
-2909
-3007
-3132
-2876
-2223
-1842
-1835
-1793
-1541
-1004
-422
-142
-8
376
1019
1792
2343
2378
2482
3143
3933
4459
4767
4715
4615
5008
5604
5976
6222
6465
6756
7218
7594
7957
8291
7618
6015
5030
4751
4287
3620
1965
-1131
-3440
-3883
-4366
-5191
-5612
-6625
-7888
-7918
-7771
-8460
-8616
-8086
-7429
-6237
-5205
-5173
-5020
-4076
-2964
-1633
-489
-38
386
1036
1317
1553
1786
1681
1953
2404
1864
816
262
-330
-843
-920
-1349
-2245
-2656
-2738
-2995
-2987
-2836
-2765
-2490
-2032
-1817
-1667
-1456
-1232
-748
-156
215
476
902
1394
2095
2739
2953
3179
3823
4504
4967
5333
5251
5066
5384
5952
6324
6587
6758
6882
7194
7559
8032
8198
7174
5523
4721
4374
3818
3135
1173
-1987
-3861
-4193
-4918
-5529
-5723
-6829
-7956
-7832
-7957
-8660
-8479
-7848
-7156
-5971
-5119
-5194
-4938
-4061
-3014
-1666
-599
-195
189
638
793
1108
1316
1281
1652
1994
1365
482
-63
-832
-1319
-1265
-1506
-2170
-2597
-3049
-3450
-3197
-2660
-2304
-2063
-1894
-1852
-1600
-1308
-1071
-621
-72
297
668
1037
1283
1858
2568
3024
3435
3999
4378
4717
5061
5041
5066
5517
6059
6428
6794
6917
7048
7471
7985
8500
8425
7002
5334
4850
4584
3995
3010
551
-2541
-3759
-3913
-4820
-5440
-5836
-7033
-7739
-7420
-7871
-8571
-8174
-7446
-6652
-5542
-5014
-5108
-4530
-3481
-2386
-1246
-489
-148
357
774
865
1083
1212
1371
1812
1840
1014
280
-108
-609
-1052
-1436
-2009
-2496
-2601
-2863
-3256
-3348
-3024
-2478
-2008
-1836
-1833
-1670
-1383
-860
-311
-10
170
640
1200
1580
2083
2558
2902
3387
4028
4386
4593
4677
4662
4914
5398
5740
5935
6229
6440
6749
7078
7370
7786
7596
6144
4819
4482
4023
3421
2322
-418
-3256
-3983
-4185
-5057
-5446
-6064
-7473
-7869
-7447
-7945
-8267
-7713
-7167
-6347
-5221
-4891
-4872
-4052
-2932
-1765
-704
-226
33
659
1060
1198
1450
1497
1614
1973
1776
894
370
130
-248
-697
-1425
-2329
-2558
-2158
-2196
-2640
-3029
-3033
-2465
-1663
-1321
-1366
-1291
-1001
-461
68
190
196
807
1589
2058
2409
2606
2737
3300
4180
4724
4915
4850
4821
5147
5575
5783
6056
6501
6866
7220
7362
7415
7649
7129
5604
4718
4541
3965
3201
1488
-1775
-4121
-4316
-4597
-5235
-5414
-6533
-8093
-8106
-7839
-8374
-8128
-7390
-6959
-5986
-5028
-5094
-4900
-3742
-2527
-1328
-398
-211
25
628
848
1046
1382
1383
1549
1751
1045
66
-153
-306
-701
-1101
-2076
-3201
-3108
-2461
-2599
-2911
-2996
-3022
-2518
-1553
-1195
-1283
-972
-448
18
405
440
416
1110
2039
2621
2888
2820
2790
3350
4250
4890
5127
4911
4726
5021
5413
5618
6090
6690
7055
7412
7626
7719
7579
6542
5183
4896
4944
4308
3088
476
-2848
-4206
-3939
-4359
-4893
-5380
-7032
-8236
-7871
-7906
-8373
-7808
-7117
-6599
-5578
-5035
-5251
-4637
-3162
-1847
-725
-143
-41
410
950
1102
1432
1677
1667
2022
2017
939
12
-71
-244
-432
-718
-2006
-3376
-3334
-2856
-2974
-2988
-2994
-3262
-2960
-2122
-1797
-1711
-1199
-599
-121
219
166
166
868
1840
2632
3012
2828
2668
3226
4177
4927
5193
4844
4548
4877
5369
5679
6053
6334
6594
7094
7515
7728
7260
5762
4598
4739
4799
4007
2489
-423
-3349
-4010
-3800
-4582
-5198
-5851
-7389
-8088
-7714
-8091
-8512
-7818
-7083
-6399
-5470
-5231
-5318
-4375
-2907
-1678
-653
-186
55
684
1128
1223
1520
1657
1710
2156
2077
980
179
46
-218
-402
-682
-1755
-2741
-2756
-2697
-2933
-2837
-2631
-2582
-2277
-1802
-1586
-1310
-751
-165
351
579
494
742
1467
2176
2791
3129
3028
3093
3757
4539
5061
5237
4983
4856
5248
5681
5928
6148
6324
6684
7213
7605
7860
7312
5564
4315
4467
4498
3842
2395
-761
-3840
-4375
-4181
-4957
-5433
-6139
-7783
-8299
-7866
-8491
-8956
-8175
-7410
-6528
-5430
-5411
-5714
-4769
-3329
-1995
-740
-269
-163
410
828
923
1272
1466
1607
2150
1995
833
80
-118
-398
-509
-846
-1918
-2702
-2712
-2822
-3085
-3000
-2788
-2526
-2064
-1726
-1634
-1430
-954
-246
443
610
478
782
1479
2154
2744
3001
2930
3183
3902
4550
4908
5007
4897
5024
5450
5764
5971
6250
6575
7075
7569
7897
8197
7646
5881
4665
4756
4761
4251
2791
-592
-3755
-4299
-4115
-4632
-4946
-5970
-7891
-8410
-7962
-8475
-8740
-8032
-7420
-6496
-5378
-5433
-5709
-4739
-3266
-1778
-446
-86
-136
380
876
1192
1628
1771
1884
2306
2011
931
255
-32
-230
-224
-807
-2195
-3036
-2985
-2881
-2857
-2944
-3243
-3171
-2538
-2014
-1824
-1697
-1438
-782
1
248
148
396
1068
1949
2745
2948
2706
2844
3618
4501
5064
5080
4806
4860
5294
5687
5974
6231
6493
6963
7432
7688
7820
7128
5517
4656
4853
4646
3841
2136
-1123
-3762
-4062
-4086
-4761
-5118
-6258
-8128
-8462
-8077
-8619
-8632
-7794
-7345
-6598
-5562
-5551
-5555
-4381
-2941
-1585
-352
23
76
672
1239
1639
2123
2223
2233
2496
2152
1311
876
513
140
82
-594
-1959
-2612
-2582
-2617
-2526
-2651
-3205
-3185
-2520
-2106
-1861
-1570
-1364
-861
-167
37
40
449
1122
1957
2781
2953
2688
2925
3717
4602
5301
5402
4997
4952
5495
6065
6393
6479
6557
7034
7635
7958
8067
7234
5393
4540
5006
4875
3865
2065
-1149
-3783
-4006
-3975
-4831
-5325
-6288
-8011
-8470
-8258
-8941
-9113
-8207
-7555
-6842
-6020
-6115
-6157
-4998
-3464
-2048
-848
-429
-237
379
864
1279
1914
2198
2306
2599
2192
1286
1033
917
472
174
-498
-1720
-2344
-2428
-2646
-2704
-2785
-3206
-3223
-2779
-2534
-2249
-1795
-1490
-1063
-510
-361
-258
268
922
1623
2319
2570
2538
2875
3562
4228
4822
5122
4976
4891
5254
5843
6301
6482
6594
6993
7499
7982
8535
8125
6252
4950
5274
5492
4855
3367
240
-2833
-3456
-3212
-3894
-4606
-5615
-7369
-8110
-7899
-8419
-8882
-8351
-7721
-7005
-6179
-6171
-6352
-5438
-3885
-2370
-1112
-589
-383
221
831
1311
1965
2367
2578
2911
2564
1540
1147
1256
946
387
-467
-1735
-2534
-2586
-2682
-3002
-3334
-3659
-3698
-3394
-3100
-2836
-2474
-2089
-1605
-1108
-891
-754
-271
479
1271
1946
2321
2479
2852
3509
4140
4678
5060
5101
4970
5131
5610
6061
6333
6516
6701
6935
7385
8158
8258
6749
5066
4817
5159
4961
3914
1207
-2120
-3407
-3073
-3328
-4162
-5308
-7089
-8139
-7900
-7998
-8613
-8609
-8195
-7515
-6532
-6242
-6563
-6078
-4648
-3036
-1582
-862
-811
-408
435
1238
2000
2496
2689
3031
3095
2360
1765
1815
1734
1351
723
-511
-1780
-2116
-1977
-2166
-2565
-3006
-3417
-3464
-3131
-2809
-2589
-2336
-1993
-1559
-1182
-1011
-723
-17
885
1693
2264
2524
2751
3380
4263
4974
5403
5476
5336
5552
6151
6631
6834
6939
7037
7228
7641
8300
8605
7494
5560
4652
4854
4866
4131
1999
-1400
-3629
-3662
-3579
-4299
-5268
-6862
-8437
-8611
-8383
-8862
-9076
-8680
-8140
-7288
-6672
-6900
-6821
-5609
-4013
-2521
-1468
-1252
-1116
-347
609
1431
2121
2463
2758
3096
2768
2036
1786
1822
1707
1472
558
-1055
-1990
-1857
-1719
-2021
-2506
-3175
-3600
-3302
-2823
-2741
-2739
-2514
-2091
-1538
-1189
-1117
-738
164
1145
1931
2337
2373
2707
3709
4750
5302
5357
5136
5248
6032
6831
7056
6971
6957
7173
7722
8463
8911
8283
6550
5218
5163
5293
4735
3206
377
-2355
-3161
-3129
-3865
-4814
-5873
-7425
-8236
-8093
-8467
-9023
-8733
-8160
-7560
-6843
-6736
-6903
-6072
-4530
-3105
-1907
-1258
-1032
-374
640
1460
2190
2740
3048
3445
3602
3078
2491
2195
1937
1824
1497
204
-1366
-2057
-2168
-2305
-2526
-3117
-3967
-4212
-3843
-3630
-3632
-3537
-3302
-2824
-2198
-1861
-1671
-1113
-260
722
1669
2192
2406
2974
3935
4797
5325
5452
5423
5843
6631
7113
7171
7129
7214
7586
8247
8872
8732
7343
5677
5068
5182
4915
3891
1691
-1197
-2879
-3070
-3468
-4359
-5227
-6584
-7914
-8164
-8199
-8789
-8996
-8580
-8075
-7390
-6902
-7011
-6774
-5540
-4000
-2666
-1671
-1277
-949
-96
993
1921
2625
3036
3357
3733
3827
3543
3137
2603
2192
2175
1801
568
-754
-1663
-2262
-2314
-2165
-2732
-3631
-3904
-3814
-3736
-3453
-3186
-3135
-2821
-2261
-1907
-1547
-917
-187
795
1914
2568
2822
3278
4022
4898
5643
5918
5944
6276
6805
7153
7301
7309
7401
7903
8710
9157
8518
6837
5291
4897
5164
4941
3578
981
-1735
-3051
-3215
-3563
-4393
-5541
-6983
-8011
-8231
-8473
-9021
-9176
-8778
-8203
-7637
-7433
-7587
-7180
-5891
-4402
-3181
-2336
-1970
-1559
-586
608
1524
2237
2816
3248
3598
3781
3712
3451
3062
2722
2511
2016
1009
-57
-970
-1727
-2029
-2148
-2760
-3539
-3849
-4002
-4155
-4002
-3781
-3711
-3428
-2966
-2613
-2170
-1477
-670
375
1496
2173
2546
3151
3985
4855
5618
6045
6258
6615
7016
7214
7302
7371
7521
7954
8497
8639
8027
6773
5571
5082
5073
4702
3545
1608
-488
-1863
-2444
-3016
-3805
-4702
-5779
-6742
-7288
-7767
-8293
-8420
-8184
-7930
-7679
-7571
-7615
-7221
-6269
-5182
-4126
-3195
-2596
-1961
-943
88
937
1846
2686
3277
3799
4210
4329
4302
4216
4040
3820
3389
2571
1622
769
-28
-669
-1231
-2041
-2892
-3452
-3906
-4335
-4522
-4566
-4620
-4502
-4245
-3998
-3644
-3036
-2238
-1279
-355
299
864
1611
2445
3267
4069
4700
5176
5639
6004
6186
6347
6569
6850
7165
7390
7339
6998
6475
5879
5413
5102
4747
4138
3168
1919
701
-225
-906
-1500
-2156
-2990
-3951
-4844
-5510
-5941
-6217
-6459
-6737
-6977
-7153
-7205
-7044
-6698
-6207
-5575
-4938
-4355
-3671
-2886
-2094
-1228
-272
599
1385
2170
2839
3309
3726
4076
4299
4410
4317
3904
3340
2792
2247
1680
1045
263
-654
-1480
-2138
-2693
-3163
-3583
-3997
-4328
-4492
-4517
-4413
-4132
-3677
-3143
-2610
-2085
-1531
-882
-144
669
1473
2167
2735
3238
3703
4131
4573
5034
5467
5792
5957
5932
5773
5619
5530
5472
5402
5241
4844
4224
3565
3007
2554
2155
1714
1096
319
-468
-1170
-1748
-2188
-2625
-3144
-3738
-4345
-4883
-5285
-5519
-5618
-5624
-5576
-5502
-5373
-5105
-4725
-4222
-3597
-2910
-2214
-1483
-728
-11
664
1314
1938
2523
3034
3374
3501
3467
3344
3164
2936
2614
2118
1475
803
133
-502
-1114
-1771
-2452
-3095
-3610
-4003
-4273
-4441
-4535
-4547
-4466
-4230
-3862
-3361
-2743
-2089
-1444
-828
-229
381
1051
1799
2565
3258
3828
4226
4518
4720
4871
5023
5160
5250
5247
5092
4764
4359
3991
3711
3508
3285
2929
2418
1826
1272
841
526
236
-129
-587
-1103
-1611
-2039
-2368
-2632
-2842
-3001
-3144
-3273
-3342
-3339
-3239
-3052
-2791
-2480
-2143
-1750
-1338
-932
-536
-144
255
680
1091
1420
1617
1677
1664
1595
1488
1341
1120
812
447
65
-353
-800
-1258
-1707
-2114
-2437
-2692
-2950
-3212
-3467
-3641
-3684
-3576
-3333
-3030
-2702
-2376
-2048
-1710
-1327
-858
-292
333
945
1489
1902
2221
2525
2828
3129
3426
3647
3743
3744
3660
3499
3324
3160
2992
2814
2586
2264
1859
1457
1096
785
509
217
-117
-454
-752
-989
-1154
-1280
-1378
-1456
-1496
-1475
-1391
-1261
-1115
-941
-744
-536
-306
-44
233
524
786
993
1147
1272
1377
1459
1535
1547
1466
1285
1053
779
514
251
-46
-349
-680
-1049
-1425
-1765
-2053
-2261
-2391
-2509
-2649
-2819
-2976
-3038
-2977
-2803
-2555
-2293
-2062
-1881
-1704
-1495
-1215
-847
-420
10
380
639
797
947
1141
1406
1694
1942
2087
2110
2070
2008
1973
1975
1985
1952
1841
1662
1436
1204
1012
857
681
481
235
-51
-305
-492
-621
-721
-804
-888
-981
-1014
-975
-865
-694
-497
-302
-130
50
244
502
813
1123
1392
1572
1664
1709
1749
1782
1827
1815
1694
1475
1184
846
518
241
-37
-336
-657
-1022
-1398
-1706
-1939
-2085
-2156
-2245
-2360
-2469
-2551
-2542
-2411
-2193
-1952
-1730
-1577
-1475
-1350
-1152
-863
-523
-165
108
251
318
356
423
593
822
1002
1086
1077
996
909
880
913
988
1054
1070
971
825
675
574
537
512
454
323
156
-33
-205
-316
-369
-408
-458
-539
-616
-664
-637
-530
-394
-254
-132
-7
131
319
562
835
1089
1290
1429
1510
1571
1641
1732
1811
1816
1710
1490
1204
924
680
464
263
9
-317
-664
-994
-1252
-1430
-1529
-1609
-1706
-1793
-1878
-1913
-1845
-1691
-1494
-1306
-1156
-1032
-909
-737
-501
-224
80
317
446
491
497
507
595
726
812
842
795
663
512
430
387
370
366
326
228
97
-36
-134
-172
-173
-192
-251
-354
-485
-587
-624
-608
-574
-547
-545
-555
-555
-520
-438
-319
-174
-29
90
191
325
475
640
812
963
1063
1127
1185
1230
1283
1322
1317
1235
1097
918
721
532
362
192
17
-183
-409
-624
-818
-950
-1037
-1115
-1183
-1245
-1285
-1275
-1218
-1125
-1011
-889
-776
-677
-571
-436
-267
-35
214
421
568
644
696
752
829
925
1014
1050
1026
949
834
723
639
583
528
433
299
137
-26
-141
-215
-285
-359
-463
-594
-735
-843
-892
-900
-863
-829
-812
-811
-794
-740
-657
-535
-380
-224
-83
55
187
315
451
595
711
808
883
931
945
962
988
992
943
846
709
552
411
274
153
42
-77
-217
-342
-455
-549
-621
-672
-721
-771
-795
-808
-783
-729
-676
-635
-601
-563
-529
-452
-339
-201
-25
134
244
322
371
419
502
613
709
776
812
802
768
722
698
685
650
594
502
376
251
152
69
-19
-102
-218
-381
-549
-713
-839
-909
-946
-981
-1012
-1044
-1088
-1091
-1038
-948
-830
-686
-539
-397
-246
-71
107
289
465
601
710
793
864
935
998
1030
1011
964
861
743
624
482
349
244
133
6
-107
-215
-300
-369
-425
-482
-526
-548
-555
-524
-455
-395
-358
-328
-316
-316
-276
-190
-84
46
146
220
260
295
344
397
483
568
633
658
653
627
606
610
615
619
579
506
397
270
172
100
34
-70
-180
-325
-524
-711
-862
-973
-1043
-1090
-1142
-1209
-1251
-1253
-1231
-1162
-1049
-919
-783
-625
-455
-263
-49
166
354
518
673
792
909
999
1069
1125
1139
1113
1059
970
848
731
615
469
322
193
58
-67
-159
-252
-338
-413
-485
-529
-534
-507
-473
-419
-374
-336
-298
-258
-225
-170
-65
34
114
180
217
251
314
386
456
524
580
615
636
652
667
686
721
737
730
691
605
505
406
319
233
138
7
-163
-358
-558
-743
-913
-1062
-1190
-1295
-1388
-1460
-1510
-1535
-1516
-1448
-1358
-1227
-1065
-906
-720
-512
-298
-67
169
396
592
765
920
1036
1121
1199
1243
1248
1231
1177
1080
950
802
662
503
351
216
74
-65
-196
-312
-427
-506
-556
-585
-584
-571
-542
-514
-469
-424
-369
-287
-197
-111
-26
48
103
181
266
353
436
512
563
609
654
693
738
784
831
872
897
877
841
796
734
656
570
484
357
219
56
-131
-327
-512
-686
-854
-1001
-1145
-1287
-1408
-1481
-1537
-1557
-1549
-1499
-1424
-1326
-1195
-1039
-865
-648
-426
-222
-7
190
364
514
659
776
882
972
1027
1046
1017
946
856
755
652
546
419
304
184
56
-63
-178
-279
-354
-416
-466
-491
-500
-497
-487
-455
-412
-354
-286
-210
-145
-81
-21
44
144
243
340
436
509
562
614
682
738
783
841
875
913
925
907
875
824
756
689
637
550
432
305
149
-7
-137
-288
-446
-595
-723
-854
-978
-1077
-1163
-1217
-1240
-1241
-1241
-1210
-1132
-1048
-940
-797
-637
-475
-311
-155
-17
120
252
361
480
598
667
720
748
734
696
640
576
505
429
355
270
175
80
-11
-95
-185
-252
-307
-376
-423
-445
-462
-461
-448
-432
-398
-357
-307
-260
-204
-135
-67
30
124
209
287
371
456
522
595
669
730
790
833
855
858
857
839
811
780
735
677
600
506
394
273
139
16
-118
-243
-367
-492
-616
-728
-808
-878
-938
-981
-1017
-1024
-1004
-959
-885
-794
-687
-568
-455
-353
-249
-146
-40
83
183
268
343
402
456
498
522
508
498
473
434
409
366
314
255
204
143
75
5
-64
-129
-182
-234
-294
-345
-386
-427
-449
-453
-461
-444
-418
-399
-370
-321
-267
-209
-146
-78
11
100
199
291
378
470
549
622
690
738
785
831
861
881
885
869
820
761
690
590
473
361
232
89
-23
-153
-282
-402
-512
-625
-719
-788
-852
-897
-910
-907
-892
-846
-785
-713
-645
-567
-478
-383
-290
-192
-87
8
95
179
248
318
379
413
446
477
501
495
481
452
423
393
350
302
244
161
68
-1
-79
-163
-249
-322
-383
-428
-462
-496
-513
-525
-526
-516
-491
-460
-422
-362
-301
-223
-127
-26
71
181
288
369
457
541
612
685
754
803
838
860
863
850
803
736
647
547
442
333
222
100
-23
-141
-263
-381
-479
-569
-640
-704
-756
-789
-797
-787
-775
-736
-686
-618
-550
-487
-419
-335
-238
-142
-54
23
107
197
287
359
422
475
509
526
546
551
547
527
485
442
384
328
260
180
95
4
-92
-180
-249
-305
-356
-404
-442
-464
-494
-503
-505
-498
-472
-449
-407
-346
-272
-192
-99
-8
85
180
271
356
443
533
611
679
739
787
803
806
787
748
691
625
540
444
351
249
154
45
-71
-181
-278
-370
-464
-533
-603
-655
-691
-719
-740
-755
-734
-698
-664
-621
-572
-520
-457
-384
-304
-209
-110
-18
73
142
216
287
351
404
439
468
485
498
498
478
451
415
362
309
240
159
82
14
-51
-127
-176
-224
-285
-348
-398
-434
-470
-475
-480
-478
-454
-422
-378
-312
-231
-159
-84
8
95
185
279
356
443
523
591
652
686
700
706
703
681
642
605
553
478
411
343
258
169
92
5
-78
-154
-232
-315
-379
-427
-479
-510
-544
-573
-587
-602
-595
-578
-569
-542
-500
-448
-384
-315
-254
-194
-131
-64
-5
63
123
165
209
243
268
284
294
289
283
280
260
226
185
138
91
45
-2
-43
-93
-138
-179
-233
-278
-308
-326
-334
-336
-329
-311
-277
-237
-202
-161
-122
-65
4
76
153
225
281
336
395
429
455
491
513
527
544
535
513
492
461
432
406
375
332
287
249
195
130
65
3
-51
-87
-128
-181
-223
-256
-293
-328
-353
-369
-383
-380
-362
-355
-336
-322
-302
-268
-228
-201
-179
-150
-123
-98
-72
-37
-17
10
40
48
44
39
36
22
20
21
11
3
-4
-31
-69
-97
-127
-162
-179
-188
-196
-199
-203
-212
-227
-231
-223
-191
-148
-114
-78
-41
-9
25
56
83
127
179
233
289
335
351
359
372
379
392
413
433
448
454
440
408
370
327
283
250
220
187
154
108
66
15
-33
-69
-100
-133
-153
-169
-182
-194
-202
-202
-215
-207
-203
-192
-178
-163
-138
-119
-99
-86
-69
-58
-48
-39
-32
-20
-14
-5
-4
-5
-20
-36
-45
-66
-78
-94
-114
-125
-135
-149
-162
-181
-205
-226
-246
-246
-240
-230
-221
-214
-212
-212
-208
-197
-165
-136
-100
-59
-31
0
34
52
66
98
132
167
219
257
279
290
287
278
281
293
302
318
320
315
293
271
238
198
175
149
140
123
91
73
39
7
-27
-58
-75
-81
-88
-96
-95
-100
-98
-109
-100
-90
-82
-53
-25
-6
13
17
29
47
49
57
57
59
51
48
42
28
12
9
-17
-42
-69
-105
-120
-144
-153
-166
-172
-184
-212
-225
-253
-246
-249
-259
-227
-214
-191
-170
-142
-148
-118
-71
-70
-12
38
54
92
132
121
119
142
126
142
167
156
180
182
156
139
113
108
70
84
104
87
96
90
70
51
45
27
23
32
19
2
8
-20
-44
-54
-61
-59
-55
-35
-21
-12
0
2
4
26
37
38
67
68
63
65
49
49
36
51
43
58
53
44
28
10
2
-30
-13
-17
-28
-29
-41
-54
-67
-83
-103
-114
-110
-135
-150
-141
-166
-166
-135
-124
-94
-46
-16
-2
37
32
19
49
45
47
74
94
95
105
105
97
93
87
76
61
74
48
20
12
6
-19
-21
1
-8
-4
-8
-29
-56
-70
-102
-130
-115
-118
-135
-103
-104
-104
-88
-41
-36
4
65
40
103
83
63
86
51
77
76
89
111
110
101
90
102
61
86
68
63
57
25
-4
-52
-63
-106
-91
-85
-62
-63
-82
-61
-114
-129
-119
-126
-91
-43
-16
0
36
25
13
34
39
39
71
86
74
66
45
28
11
-2
1
0
0
38
23
13
71
37
58
97
54
64
50
24
28
48
59
103
116
51
53
-160
-251
-351
-647
-470
-481
-406
-98
-12
119
259
336
264
320
278
177
177
46
62
-74
-115
1
-98
127
250
260
444
338
220
125
-130
-198
-285
-266
-161
-109
65
73
73
34
-121
-198
-278
-301
-268
-231
-96
-18
11
118
129
102
132
92
70
45
48
62
30
131
138
127
211
128
108
45
-33
-51
-117
-84
-87
-97
-37
-41
-67
-39
-93
-99
-52
-72
-38
-32
-23
-7
-41
2
2
13
51
38
51
66
61
55
21
40
38
1
54
34
6
43
8
3
41
50
60
57
66
49
30
32
3
-36
-21
-7
-38
-11
0
-31
-38
-57
-95
-95
-97
-98
-111
-118
-92
-113
-110
-82
-94
-75
-33
-21
16
31
55
56
54
85
65
70
109
91
103
130
73
86
89
74
121
84
97
74
-14
-17
-75
-156
-105
-157
-185
-104
-120
-96
-47
-75
-69
-30
-31
44
46
53
40
1
17
4
47
74
96
129
124
107
97
74
101
80
115
178
150
183
87
-95
-223
-372
-506
-510
-494
-424
-272
-178
-93
-10
62
149
208
265
306
267
276
196
71
54
-25
-39
48
99
183
266
225
152
33
-105
-203
-223
-221
-159
-67
-49
34
63
10
-11
-98
-201
-163
-138
-104
-2
31
56
54
30
15
-21
15
17
-12
26
56
93
122
94
51
45
-18
-3
32
-33
20
77
-44
-20
-5
-126
-58
-55
-125
-81
-45
-21
2
67
67
49
109
73
44
121
87
51
98
41
-8
40
44
-24
-15
-4
-75
-51
48
24
29
58
-13
-39
16
30
32
14
11
-24
-27
3
6
66
31
-34
-15
-26
-71
-2
-132
-253
-154
-191
-237
-132
-101
-185
-42
-41
-110
25
119
134
207
215
119
110
83
2
-20
83
62
70
199
23
22
115
-65
-171
-112
-130
-116
0
-97
-82
-27
-83
-23
90
37
92
136
131
156
64
1
-55
-15
49
80
124
89
124
191
53
-60
33
10
103
117
15
-35
-29
23
-106
-102
-92
-83
-48
-131
-150
-62
-60
-171
-70
-178
-220
102
-109
-121
79
33
-74
-19
48
-130
62
204
98
-30
55
-12
-118
31
120
80
-5
52
-9
86
-73
25
125
-119
-33
48
-161
-32
349
-40
-262
-73
3
42
184
-11
-186
-93
6
62
25
-138
-231
-2
-142
-82
166
20
-12
207
289
41
195
359
132
105
180
82
10
311
76
-215
-183
33
-160
-106
195
-153
-49
-143
-14
-146
-38
101
-121
-135
-108
-26
-272
109
26
-226
-14
-57
148
-50
-129
0
-108
-89
96
123
-54
150
22
-75
105
226
-35
-83
72
130
-45
35
266
-163
-62
89
-95
-17
-88
-40
-114
-232
58
-29
-84
24
-25
-50
9
112
-3
-13
233
10
100
233
91
-12
37
122
-91
-138
84
66
-155
67
33
-125
141
122
-11
148
87
26
46
67
103
82
-107
-74
34
-12
-62
34
123
-266
40
3
-171
-6
155
-191
-257
148
-178
-51
21
-66
-221
62
21
-196
-4
-307
72
77
-226
184
76
-238
58
342
-95
-27
214
32
-141
-84
146
-149
60
207
19
-23
118
123
-194
-61
120
-83
-125
193
-63
-264
56
-42
-209
-47
183
23
28
122
-61
174
101
13
148
-13
89
392
18
-123
158
0
-158
64
245
-31
-291
77
-24
-262
151
-111
-225
48
152
148
-91
-31
32
5
166
58
-133
-144
-9
64
-116
28
145
-181
-213
24
-150
-115
-16
35
-180
-57
60
-211
-15
-6
7
-87
-17
125
74
-71
-127
21
-47
48
210
95
-68
-71
190
37
-101
298
-6
15
157
-28
-126
-38
86
90
-81
-78
149
-314
-58
114
-304
138
192
-185
5
54
13
90
7
-18
200
9
13
180
-88
96
35
87
135
46
73
-33
-249
15
237
-151
-40
-69
-31
-140
-34
-43
11
62
-37
39
7
-108
6
134
-193
61
72
-134
-106
-28
-119
-110
88
27
-38
46
18
-205
-27
135
-45
-100
30
33
-3
26
121
-35
-158
136
128
-135
72
241
-213
-3
193
-150
36
171
-49
69
116
17
-77
34
23
-106
19
20
-43
-126
-50
56
75
-62
-32
38
-26
-36
91
-52
0
204
166
-265
86
250
-239
65
170
50
-201
145
180
-150
-67
121
-82
73
328
-217
-348
135
140
-166
163
187
-258
-180
174
-74
-340
132
-49
-206
95
-28
-182
-118
61
-80
87
-42
-55
198
-30
-26
108
-84
-256
219
221
-279
103
97
-158
258
117
-50
14
-9
267
97
-215
172
68
-215
129
57
-181
34
69
-140
-90
48
47
-102
-33
68
-163
-135
51
-92
-148
193
45
-145
147
122
-144
99
122
-46
110
131
-60
-85
175
158
-74
-73
157
-90
22
127
-103
69
16
-80
79
40
-280
74
1
-260
218
-46
-327
109
-8
-218
-24
12
-60
-63
59
68
-223
6
117
-112
67
54
-141
82
150
-115
185
25
-100
233
-88
5
295
-20
-123
20
18
-86
2
25
-63
84
42
-36
7
1
127
-164
-20
132
32
-62
-145
-10
-50
-22
-156
45
65
-114
-222
33
123
-154
9
175
-61
-58
149
-84
5
218
20
-125
138
159
154
2
100
30
30
45
-50
-21
-7
-90
-15
-87
-245
119
-174
-23
26
-49
-144
-8
-95
-72
150
-165
82
110
-52
71
172
-131
-98
240
-34
-130
146
-85
-5
117
81
-193
30
271
-136
75
40
-217
26
50
15
52
24
83
-90
131
147
-125
52
-18
5
-48
-12
4
15
-8
41
-33
-226
184
15
-125
37
-129
-133
-9
-14
-137
18
148
-27
-86
78
7
33
324
-106
44
164
14
188
114
-29
-33
142
-46
37
-41
-195
-44
-90
-106
18
-111
-41
-12
-81
-118
10
-62
-88
69
-55
-58
-16
-29
12
-77
22
51
-233
154
77
-64
131
138
-10
65
147
55
99
2
102
-47
-165
153
53
-186
111
-95
-103
119
74
-35
-72
103
87
-118
-28
3
-60
-118
60
112
-320
-38
263
-214
-139
313
-124
-139
203
-71
-122
180
18
72
117
64
50
25
124
-43
168
92
-184
172
132
-177
185
84
-155
-37
-23
-218
-22
-7
-360
-104
54
-386
1
137
-368
17
116
-148
-44
149
-12
38
90
28
-52
111
103
-26
96
136
23
87
50
4
99
-111
117
-4
-129
11
49
-19
-61
57
98
-119
45
-36
-100
-92
-23
69
-97
24
5
-30
58
49
72
105
-19
80
-5
-95
-1
172
-94
-69
168
-217
-39
186
-55
-60
244
-27
-77
126
35
22
66
52
-46
-90
22
84
-140
-20
-24
102
-83
-74
22
-36
21
-48
-81
-149
5
16
-212
-45
48
-157
-8
-8
30
-50
0
68
-54
-50
170
-37
-195
245
7
-88
143
25
23
35
52
56
-81
48
71
-123
11
80
-16
37
63
45
38
-62
66
93
-144
135
-9
-171
163
-59
-41
159
1
-96
57
-25
-58
114
-17
-172
-9
-7
-129
-68
70
-62
-7
-58
-47
134
-43
68
105
-24
95
217
-31
68
54
-44
123
35
-63
-117
20
-1
-61
-95
-15
-53
-87
53
-181
-136
109
-52
-102
103
-205
-44
54
-231
70
84
-181
-50
47
-13
47
53
114
-19
94
98
-69
129
111
31
-35
71
82
-79
37
39
-151
83
45
-116
16
-37
-29
23
120
-31
23
89
-26
73
83
-167
105
101
-253
59
1
-177
-99
-47
-35
54
-159
93
-18
-148
166
54
-85
58
137
-16
41
75
129
-85
83
191
13
-73
188
-33
-134
51
75
-184
-112
131
-228
-82
73
40
-166
80
12
-26
-89
122
-25
-140
66
-66
-65
-55
-32
-47
124
-93
92
32
-20
21
-13
8
34
-53
71
-54
-7
85
18
119
11
-26
51
63
-3
109
50
24
101
-29
-11
-60
4
-89
-98
82
-173
-36
62
-10
-59
-30
21
-35
-56
36
-46
-4
-87
-75
129
-46
-165
162
13
-147
237
-21
11
141
173
-40
19
221
94
-73
29
78
-12
15
-32
33
4
-62
-101
25
-212
-67
18
-275
-77
-21
-61
-48
-36
27
-13
-38
175
68
-42
239
-4
-114
261
29
-25
112
-42
-55
86
45
-68
16
57
-11
-69
38
-98
-56
108
-72
-62
38
-101
1
121
4
-79
59
-7
-19
45
-81
10
-74
-83
19
-42
-1
40
21
20
-46
75
63
-170
89
39
-152
71
13
54
-17
-72
-28
174
-82
-83
139
-123
-23
61
-49
-94
204
-4
-105
49
49
31
-58
-39
124
-147
-69
221
-145
-27
100
-34
-48
21
33
103
-77
87
16
-74
67
105
-28
-106
66
1
94
-98
-31
54
-121
-52
-14
-123
-101
42
-54
-20
72
-41
-39
70
-15
8
-23
12
63
58
54
-22
-4
93
31
-121
39
7
-103
72
122
-146
67
-13
-34
39
2
-81
36
13
-118
200
-57
-42
95
-7
-47
84
25
-99
133
58
-63
70
64
-39
-51
84
-88
-137
73
-79
-73
23
-82
-92
41
-15
6
-7
-12
88
58
76
-21
95
-100
-27
147
-106
-69
34
-39
18
-63
3
60
-169
101
73
-208
101
134
-132
90
54
-117
40
150
2
-55
89
-56
-70
99
54
-60
-55
64
53
10
117
65
-53
-7
82
-85
30
64
-103
7
6
-100
46
22
-138
90
-125
-92
94
-81
42
-10
-58
-19
30
22
46
-61
0
78
-79
146
10
-93
46
103
-98
-81
134
-179
-14
108
-130
-20
114
-83
-60
89
18
7
0
50
59
15
131
55
-22
159
-95
42
111
-26
-13
14
1
-88
20
51
-46
-95
46
18
-88
83
124
-110
10
69
-4
-12
-32
10
-104
-51
2
24
-119
-31
118
-154
-58
13
-95
-53
16
-47
-105
52
122
0
-93
71
118
-97
-43
69
-85
14
7
1
-22
-27
26
-11
68
33
4
25
130
-35
59
14
-83
91
20
-213
65
58
-201
122
-18
-99
-35
38
-83
-95
41
22
-97
-25
70
-115
33
21
-6
-31
-104
-55
94
-54
-41
100
36
-83
84
73
-69
113
6
-85
27
-32
-33
109
-129
-90
69
-5
-118
48
92
-66
107
90
-138
84
74
-36
9
-64
23
63
-78
95
-48
3
143
-187
72
64
-82
177
31
-103
193
81
100
105
10
30
87
136
-21
47
44
24
-24
71
1
-55
85
-99
-53
-22
-18
-101
-36
-30
-47
-41
-106
22
-61
29
48
-109
4
55
-131
105
65
-110
140
-121
-75
250
-124
-143
141
-83
-111
103
-76
-28
105
-59
28
30
-6
36
-40
2
99
-76
-64
84
-50
-22
46
-40
-19
69
-1
-52
56
81
-27
-44
102
-27
-110
158
-66
-100
134
-103
64
1
-76
20
-23
62
-40
0
-83
6
76
-65
42
-57
1
-29
6
-26
-54
28
-123
114
-5
-151
41
-13
-28
74
-79
-43
53
58
18
15
105
-97
-16
106
-90
-73
21
-41
7
20
9
-67
63
-20
29
30
-42
-111
36
85
-130
117
-65
-76
147
-35
-77
40
32
-4
71
85
-20
100
117
69
95
-54
209
114
-111
72
65
-165
57
53
-125
-7
-127
39
-62
-47
-46
-155
-13
37
-171
-128
-5
-62
119
32
-100
-4
132
13
-7
64
7
-41
-52
75
57
-94
42
30
-41
6
28
-63
-29
6
61
-39
-55
84
-27
42
40
23
-87
-25
45
-6
-65
129
2
-83
190
-17
36
-28
79
25
-69
-45
-11
-59
24
140
-125
45
97
-73
-42
86
6
-72
134
91
-121
-83
64
32
43
-37
17
-4
-82
158
39
-62
107
16
0
72
-67
-110
51
-67
7
54
-83
0
19
-39
-11
-76
-122
63
-69
-19
-25
-77
60
-5
71
178
-86
-34
233
-114
-77
154
-137
79
31
-48
154
-168
-1
97
-91
-3
43
-82
-17
31
-46
-8
-92
79
2
-82
150
-91
-170
179
-88
-9
230
-74
-95
33
4
111
-2
-46
52
-52
35
66
-43
-50
4
-84
47
-9
15
14
-35
-47
62
-22
-55
39
-58
-13
31
-70
-33
2
68
215
-109
95
9
-126
111
114
-107
-90
-15
20
27
-171
128
76
-92
96
-36
-264
167
45
-69
-9
-106
-49
-33
110
83
-100
-35
133
-64
69
127
-165
39
151
-49
-84
26
-58
-7
68
-41
40
17
-131
34
149
-163
6
76
-84
12
124
-95
34
53
-66
-52
-8
51
59
-50
-34
71
-59
177
1
-39
149
12
-53
23
-1
-24
66
21
27
97
-129
0
-32
-64
-35
-31
15
-111
-10
-110
23
144
4
-71
38
26
-16
-12
-21
-46
-95
98
14
-46
4
5
-37
3
60
-68
20
2
-91
111
-8
-210
50
18
-28
88
-4
-65
25
-9
43
41
66
104
-89
70
-42
-104
145
-13
-91
205
-90
-134
57
-74
101
43
-1
19
-47
39
99
-60
-46
91
-25
6
65
-94
-54
40
16
44
-25
90
115
2
44
61
-36
-66
56
-58
-16
-20
-91
41
87
24
-40
13
-46
17
-23
-142
-48
-71
-112
-2
-22
2
32
-22
9
-97
-26
38
34
11
37
-82
-21
75
15
-7
-12
45
-46
-49
-24
-65
-35
108
-22
20
48
-78
-83
159
22
-108
52
24
-29
86
-6
-215
141
95
-64
2
21
-59
81
54
-115
48
71
91
-33
-1
172
-123
-20
135
-48
3
3
8
-46
44
103
-2
-11
86
41
-56
110
-41
-111
35
106
-178
-194
116
62
-42
43
98
-287
-49
159
-21
-132
-176
51
16
-37
-71
8
-27
73
152
-201
-104
51
17
-13
-73
-50
75
22
119
63
-232
150
80
-33
134
-74
-154
13
76
-177
-29
89
-19
-75
-42
30
-38
99
134
35
63
45
-83
-56
68
75
-158
-46
20
-17
98
49
31
0
108
167
10
-52
150
25
-4
34
-33
-78
107
54
86
31
-190
137
-41
-36
97
-53
-53
115
23
-93
-79
-135
55
40
-70
-116
-103
-32
36
45
-122
-112
99
9
-90
-36
-47
-40
13
95
25
-10
4
55
-80
-57
56
-73
-56
128
75
-153
-71
53
154
48
-40
-43
-65
49
56
-96
-93
69
15
-27
-32
-45
-64
47
162
-95
-143
146
64
-58
121
-14
-156
158
234
8
77
94
-40
-5
68
5
-57
-19
4
35
34
-91
-68
57
62
100
6
-126
26
133
-30
-100
125
-63
-52
157
-59
-76
54
26
-60
6
21
-119
-32
72
-67
-54
-68
-113
-90
82
-16
-68
-51
-75
32
-32
-35
-27
-1
-54
-19
-40
-19
-45
84
106
-81
-1
105
32
26
129
-80
-62
33
29
-42
-20
70
64
-15
25
153
-22
34
55
-108
-50
-38
-93
-50
-3
-93
-42
-66
18
7
-32
73
6
59
110
64
42
75
45
2
75
21
64
97
48
92
2
-48
-32
32
29
-59
-40
-58
-45
-21
-3
4
-103
40
85
-72
-29
-10
-69
-60
-31
-74
-91
-37
17
-7
5
-43
-31
-25
63
125
10
-4
-66
-39
-2
-24
-8
-29
-74
-19
-27
-77
-2
65
32
29
15
-7
-24
25
27
-52
0
11
37
50
0
72
78
-29
15
76
68
60
53
23
4
70
76
35
36
0
15
-25
-43
8
-32
-77
10
59
-26
-25
24
16
28
49
23
29
20
23
13
-31
-1
43
23
21
20
-87
-73
1
-1
9
-27
-53
-53
-87
-84
-111
-137
-111
-69
-65
-66
-68
-67
-59
-60
-7
12
-8
16
49
-17
-39
1
-12
20
5
46
59
-12
27
51
-11
30
81
21
30
98
77
29
36
52
36
11
54
4
-23
42
50
15
-14
9
15
13
40
75
57
65
98
125
69
89
88
23
48
54
83
48
27
5
-52
-59
4
-3
5
31
-21
-19
-12
-40
-37
-11
-39
-28
-48
-20
-46
-110
-84
-132
-129
-97
-130
-151
-178
-205
-246
-254
-194
-205
-204
-193
-213
-190
-171
-132
-119
-148
-140
-103
-132
-149
-125
-157
-131
-63
-81
-72
-31
-30
51
54
32
99
115
150
237
270
275
300
350
430
483
502
511
517
526
562
549
541
553
528
572
611
583
604
574
538
569
555
523
485
443
360
288
259
149
69
6
-169
-277
-396
-572
-715
-876
-1005
-1119
-1192
-1246
-1308
-1327
-1337
-1352
-1335
-1289
-1224
-1127
-1031
-903
-822
-710
-560
-443
-357
-246
-101
-4
87
167
207
219
273
310
322
304
328
331
299
314
333
348
383
449
470
528
624
685
716
778
834
880
1003
1109
1117
1184
1247
1241
1288
1343
1380
1395
1427
1472
1472
1429
1367
1134
706
442
291
54
-149
-431
-949
-1373
-1524
-1699
-1959
-2002
-1958
-2044
-1859
-1612
-1716
-1777
-1599
-1413
-1158
-720
-433
-279
-9
225
306
346
385
427
516
552
450
210
-92
-344
-562
-758
-936
-1073
-1120
-1158
-1209
-1227
-1278
-1235
-1024
-816
-670
-499
-315
-165
19
228
375
553
815
1059
1273
1412
1442
1459
1524
1607
1672
1668
1610
1561
1565
1575
1491
1409
1362
1343
1395
1444
1383
1297
1307
1264
997
613
332
170
56
-83
-404
-890
-1243
-1346
-1508
-1741
-1781
-1777
-1824
-1634
-1462
-1628
-1711
-1607
-1483
-1188
-801
-585
-417
-167
62
193
278
350
444
630
785
811
774
623
438
299
54
-259
-530
-735
-854
-941
-1098
-1310
-1483
-1574
-1529
-1383
-1229
-1069
-885
-707
-550
-417
-330
-222
43
373
685
977
1191
1346
1493
1629
1730
1812
1882
1947
2007
1984
1900
1782
1665
1618
1575
1516
1491
1474
1445
1428
1381
1053
485
94
-42
-164
-336
-598
-1106
-1588
-1678
-1731
-1972
-2049
-1989
-1950
-1697
-1387
-1446
-1608
-1521
-1321
-1016
-591
-287
-127
136
426
531
540
525
532
661
812
854
802
657
439
290
130
-182
-448
-566
-670
-831
-1095
-1451
-1739
-1789
-1729
-1688
-1644
-1604
-1410
-1087
-872
-748
-609
-432
-205
101
352
450
555
763
1030
1280
1439
1483
1534
1684
1819
1864
1815
1726
1672
1650
1670
1631
1531
1513
1551
1602
1601
1554
1550
1486
1193
727
420
266
32
-188
-503
-1081
-1524
-1602
-1749
-2014
-2017
-1999
-2058
-1835
-1574
-1627
-1724
-1589
-1365
-1049
-588
-276
-117
151
425
536
590
645
692
802
906
922
842
662
460
301
131
-125
-381
-538
-709
-892
-1039
-1304
-1683
-1906
-1888
-1797
-1632
-1470
-1438
-1305
-988
-719
-547
-336
-106
115
405
617
671
716
822
1037
1304
1476
1539
1602
1666
1679
1695
1652
1525
1491
1565
1639
1637
1602
1557
1517
1598
1703
1725
1730
1726
1490
969
559
341
38
-255
-532
-1070
-1629
-1782
-1916
-2291
-2436
-2435
-2524
-2340
-1962
-1907
-1999
-1842
-1626
-1368
-901
-517
-278
85
460
662
809
912
927
1016
1171
1225
1179
1073
879
645
444
169
-156
-353
-535
-737
-862
-1057
-1347
-1567
-1730
-1849
-1763
-1556
-1387
-1197
-1041
-911
-720
-524
-350
-117
163
377
565
735
793
820
903
1032
1185
1349
1478
1521
1546
1531
1463
1444
1447
1439
1473
1534
1555
1541
1539
1522
1542
1605
1678
1752
1542
994
530
284
4
-300
-604
-1178
-1780
-1967
-2085
-2402
-2580
-2596
-2650
-2476
-2106
-2054
-2139
-1954
-1672
-1320
-779
-324
-84
246
656
911
1104
1229
1243
1370
1569
1571
1466
1358
1115
886
738
433
70
-160
-345
-527
-677
-873
-1124
-1302
-1386
-1455
-1567
-1657
-1623
-1498
-1302
-1124
-1086
-1066
-923
-662
-377
-149
32
218
450
661
791
812
790
899
1102
1271
1352
1350
1342
1375
1438
1465
1405
1356
1401
1490
1550
1605
1612
1587
1642
1727
1794
1728
1310
746
399
183
-145
-551
-1088
-1762
-2153
-2209
-2406
-2726
-2802
-2750
-2658
-2287
-1915
-1874
-1788
-1425
-989
-509
12
392
703
1121
1515
1741
1810
1768
1750
1825
1838
1708
1506
1221
913
683
402
-3
-381
-645
-846
-1015
-1202
-1440
-1652
-1762
-1794
-1794
-1796
-1766
-1668
-1559
-1484
-1409
-1309
-1183
-985
-748
-546
-338
-112
88
283
472
619
723
863
1041
1160
1235
1306
1345
1391
1512
1607
1628
1705
1792
1785
1765
1774
1763
1732
1716
1709
1668
1600
1557
1440
1010
361
-127
-426
-768
-1122
-1514
-2115
-2589
-2625
-2676
-2914
-2892
-2693
-2518
-2052
-1459
-1245
-1152
-830
-442
5
575
1051
1365
1700
2027
2184
2169
2045
1878
1762
1661
1486
1237
883
442
63
-306
-759
-1104
-1297
-1488
-1600
-1640
-1770
-1920
-1938
-1887
-1824
-1697
-1527
-1361
-1152
-903
-719
-589
-466
-408
-342
-170
-3
114
250
342
385
491
601
635
701
867
1032
1124
1189
1197
1147
1147
1202
1227
1230
1233
1259
1347
1417
1395
1335
1283
1243
1233
1235
1204
1123
1038
874
448
-110
-494
-779
-1105
-1359
-1669
-2135
-2348
-2243
-2239
-2241
-2006
-1768
-1500
-968
-500
-316
-89
249
549
929
1355
1593
1728
1900
1959
1845
1641
1356
1054
819
588
303
-8
-379
-772
-1076
-1335
-1601
-1774
-1839
-1836
-1748
-1660
-1627
-1562
-1444
-1307
-1120
-914
-721
-503
-254
-35
99
176
232
281
356
455
485
430
377
366
354
334
302
232
176
210
285
325
336
340
355
415
471
479
488
521
601
745
872
930
952
952
993
1096
1187
1247
1286
1314
1356
1377
1284
996
593
299
132
-91
-382
-720
-1131
-1411
-1466
-1522
-1630
-1623
-1500
-1296
-985
-678
-525
-458
-309
-67
188
446
679
861
1020
1132
1112
946
699
468
286
113
-75
-272
-492
-691
-844
-1022
-1227
-1351
-1353
-1284
-1169
-1045
-956
-883
-764
-616
-501
-411
-299
-153
8
153
253
277
251
250
262
236
195
183
180
171
157
106
1
-110
-151
-131
-109
-80
-24
32
92
176
233
252
286
363
469
567
652
734
815
888
957
982
951
947
995
1049
1076
1061
1012
958
918
857
694
409
114
-104
-270
-433
-632
-886
-1121
-1228
-1212
-1169
-1142
-1081
-941
-731
-480
-260
-155
-101
19
194
350
453
512
541
554
554
487
303
69
-108
-234
-360
-497
-639
-766
-840
-854
-863
-901
-916
-853
-730
-593
-472
-386
-316
-233
-137
-66
-33
-1
47
98
130
116
51
-24
-67
-97
-120
-139
-143
-118
-81
-57
-73
-118
-144
-120
-60
20
102
164
225
298
359
410
454
503
567
642
707
745
755
759
778
796
812
823
811
788
774
752
714
681
674
695
718
724
686
570
417
282
156
24
-104
-232
-374
-502
-602
-704
-815
-897
-910
-869
-800
-716
-657
-645
-639
-609
-561
-490
-384
-246
-106
17
111
150
144
119
100
78
58
42
28
6
-37
-93
-170
-246
-299
-320
-317
-312
-312
-314
-321
-329
-335
-342
-347
-333
-309
-275
-234
-204
-185
-165
-139
-98
-42
12
77
140
186
218
232
218
188
167
151
141
135
129
116
87
59
34
6
-9
10
48
104
179
257
327
392
454
520
587
664
753
830
886
918
930
922
895
852
797
742
688
625
532
396
212
-3
-226
-446
-663
-860
-1025
-1155
-1249
-1306
-1335
-1342
-1304
-1211
-1076
-917
-746
-571
-407
-259
-124
-6
90
181
272
350
393
410
398
353
289
219
140
65
11
-37
-79
-120
-160
-191
-221
-234
-227
-212
-191
-163
-141
-133
-127
-128
-136
-135
-130
-123
-118
-108
-96
-90
-89
-91
-95
-100
-100
-92
-81
-56
-18
22
66
116
166
218
278
349
431
522
614
699
770
824
851
852
831
795
750
698
643
582
515
442
363
281
205
136
83
46
26
5
-19
-53
-105
-177
-265
-359
-459
-556
-646
-724
-784
-822
-826
-799
-747
-660
-558
-438
-314
-195
-83
18
114
202
285
362
423
456
466
451
410
351
271
183
86
-7
-96
-179
-253
-312
-348
-364
-363
-349
-323
-290
-253
-212
-171
-131
-90
-43
2
42
78
101
120
134
145
147
147
145
139
130
119
96
70
48
30
17
6
-5
-25
-49
-78
-116
-156
-187
-211
-222
-224
-221
-217
-217
-222
-228
-236
-242
-243
-229
-206
-171
-132
-96
-68
-40
-4
32
76
132
195
262
327
380
408
421
414
398
380
358
337
317
304
287
259
221
176
134
94
59
28
2
-20
-40
-62
-85
-110
-136
-156
-168
-184
-208
-232
-257
-284
-304
-315
-315
-297
-258
-204
-143
-83
-27
28
90
149
209
263
312
354
382
394
385
358
326
285
237
182
117
51
-15
-82
-146
-205
-260
-297
-319
-332
-336
-336
-330
-308
-275
-228
-174
-118
-49
29
110
189
267
354
450
551
650
741
809
849
857
820
733
600
429
251
75
-106
-285
-459
-622
-756
-852
-923
-962
-957
-913
-838
-741
-644
-561
-481
-394
-302
-205
-102
-3
97
188
253
283
285
270
251
237
224
215
210
204
192
172
139
104
85
91
117
159
200
235
263
279
284
272
257
248
250
256
257
240
202
151
87
9
-79
-165
-248
-318
-378
-438
-499
-552
-591
-615
-625
-622
-601
-561
-502
-427
-347
-271
-194
-113
-29
51
126
192
255
314
359
389
394
386
365
339
312
270
224
176
126
72
11
-56
-120
-168
-195
-207
-201
-183
-158
-123
-85
-46
-12
29
81
145
212
274
326
363
394
403
398
375
340
301
259
222
176
126
81
48
24
8
-4
-8
5
28
61
97
131
168
199
224
235
226
201
170
134
92
44
-10
-63
-113
-165
-220
-277
-329
-378
-414
-440
-461
-471
-475
-463
-442
-410
-371
-326
-270
-201
-129
-65
-6
50
102
144
182
210
227
243
253
252
240
217
187
152
116
77
35
0
-29
-41
-54
-60
-65
-72
-70
-55
-41
-25
-5
15
33
46
53
51
52
59
69
81
88
87
89
88
83
77
71
70
70
67
63
53
38
18
-2
-22
-44
-64
-81
-98
-120
-145
-176
-212
-243
-263
-269
-269
-264
-258
-250
-243
-240
-234
-224
-202
-170
-133
-100
-68
-36
-6
24
54
84
113
149
184
212
237
253
262
269
273
271
261
245
227
205
176
137
90
45
-5
-53
-98
-148
-197
-239
-276
-304
-324
-340
-346
-339
-325
-296
-264
-228
-180
-123
-58
7
72
136
191
246
299
337
372
404
428
443
450
445
431
408
378
344
308
271
237
196
153
107
58
11
-36
-76
-114
-145
-176
-205
-231
-257
-284
-307
-321
-329
-331
-327
-318
-307
-291
-273
-249
-217
-179
-136
-89
-40
8
54
92
128
162
190
216
240
257
261
254
239
220
192
166
133
106
82
58
35
7
-22
-54
-82
-104
-121
-138
-146
-150
-163
-172
-186
-206
-218
-223
-219
-210
-192
-168
-145
-113
-82
-48
-7
40
92
143
195
242
284
323
347
365
383
390
384
374
351
318
279
234
185
131
74
10
-52
-114
-179
-235
-292
-341
-381
-414
-440
-456
-463
-464
-457
-434
-402
-359
-310
-257
-197
-141
-84
-28
24
78
127
170
203
231
252
263
268
260
248
232
217
200
178
147
113
74
30
-2
-34
-68
-97
-120
-141
-157
-168
-175
-178
-168
-154
-133
-104
-72
-41
-8
21
47
73
98
120
140
160
173
180
181
176
170
162
158
152
146
141
133
125
115
104
92
80
70
57
39
24
3
-20
-45
-69
-92
-114
-131
-144
-155
-168
-174
-179
-180
-176
-167
-153
-136
-117
-99
-81
-60
-38
-17
5
30
50
71
95
115
136
157
171
181
190
195
196
193
187
177
162
142
116
82
46
10
-25
-60
-92
-120
-143
-163
-180
-188
-189
-187
-183
-174
-158
-138
-117
-93
-69
-45
-18
5
26
40
54
67
81
92
100
106
107
108
102
98
94
85
73
67
58
48
39
32
22
16
4
-8
-15
-25
-39
-47
-58
-71
-80
-90
-102
-116
-128
-142
-153
-159
-162
-164
-157
-146
-131
-111
-90
-62
-36
-6
25
54
85
113
137
156
172
179
181
175
163
148
128
106
81
56
28
-2
-32
-55
-79
-102
-122
-140
-150
-158
-163
-164
-161
-153
-142
-125
-106
-89
-63
-36
-10
21
55
84
109
135
160
178
193
203
206
203
200
199
186
171
155
135
116
93
71
49
31
17
5
-6
-19
-24
-27
-33
-39
-45
-53
-62
-66
-71
-78
-85
-93
-100
-111
-119
-129
-139
-144
-144
-143
-138
-132
-126
-111
-93
-74
-50
-27
2
31
62
91
117
143
167
187
202
207
209
207
197
184
166
142
116
89
57
21
-19
-51
-82
-110
-135
-159
-178
-188
-192
-191
-184
-179
-168
-150
-127
-101
-73
-44
-14
14
43
69
93
114
132
146
152
156
155
149
140
127
113
94
71
50
26
1
-21
-39
-60
-79
-93
-104
-112
-116
-119
-121
-116
-109
-110
-106
-99
-91
-83
-73
-67
-62
-53
-47
-38
-28
-20
-9
4
15
27
40
51
63
77
91
101
112
116
117
121
121
113
102
91
77
63
45
25
3
-17
-36
-56
-69
-86
-98
-108
-115
-120
-119
-119
-115
-105
-93
-79
-65
-50
-39
-24
-8
7
21
33
43
51
60
68
73
79
84
91
94
94
92
89
82
80
74
66
58
43
31
14
-1
-18
-31
-44
-56
-68
-78
-83
-88
-87
-89
-85
-80
-74
-66
-58
-47
-34
-24
-17
-7
3
8
15
24
29
33
38
40
42
47
49
55
60
62
64
67
65
59
53
47
40
29
18
4
-13
-24
-42
-54
-66
-73
-82
-89
-87
-87
-84
-76
-67
-57
-46
-32
-19
-8
6
19
24
30
38
44
48
47
43
40
35
32
29
25
20
13
8
6
5
6
5
5
6
6
5
9
14
19
19
17
20
23
26
25
25
25
21
15
15
12
5
3
1
-3
-4
-4
-9
-7
-4
1
3
5
7
8
10
10
7
8
8
6
3
0
-2
-6
-7
-10
-10
-6
-5
-1
-1
1
5
7
9
10
9
7
-3
-12
-20
-30
-40
-48
-56
-63
-68
-74
-78
-75
-72
-67
-57
-50
-42
-36
-26
-16
-11
-6
-2
-2
0
0
-5
-8
-10
-14
-16
-13
-12
-14
-11
-3
-1
3
8
12
18
24
25
25
26
26
26
27
27
22
22
25
26
29
28
33
40
43
46
50
52
57
57
56
56
53
53
50
44
42
37
36
34
31
29
30
27
25
32
32
29
29
28
26
24
20
15
12
9
6
3
0
-6
-6
-6
-6
-1
0
-1
-3
-6
-10
-15
-21
-29
-40
-44
-48
-54
-60
-66
-68
-70
-69
-65
-60
-54
-48
-39
-35
-33
-29
-26
-24
-21
-21
-23
-27
-29
-32
-34
-36
-38
-39
-39
-34
-34
-26
-22
-19
-13
-11
-9
-7
-5
-6
-3
-6
-9
-9
-14
-14
-14
-11
-10
-1
7
15
24
31
41
49
54
59
62
59
60
62
60
56
50
44
35
24
19
17
19
19
21
25
29
33
35
33
35
38
34
32
30
27
27
23
21
20
15
14
10
9
11
9
6
4
2
-2
-3
-7
-13
-21
-32
-38
-47
-60
-66
-73
-72
-68
-58
-47
-38
-28
-19
-6
0
6
10
14
18
24
26
29
24
15
7
-2
-8
-15
-13
-14
-6
1
7
10
11
16
16
16
10
7
2
-3
-6
-11
-19
-24
-25
-24
-23
-21
-16
-11
-6
0
6
12
15
17
18
15
9
-2
-19
-35
-47
-59
-67
-65
-61
-51
-40
-30
-18
-9
-1
9
19
30
42
50
57
59
59
53
43
32
21
8
-1
-3
0
8
16
23
27
27
25
23
20
17
15
10
9
8
5
-1
-8
-11
-14
-10
-5
-5
-1
3
12
19
28
34
36
38
32
24
12
-2
-19
-31
-39
-46
-45
-40
-36
-30
-26
-21
-19
-18
-12
-6
-1
10
18
21
21
17
7
-8
-25
-36
-42
-49
-49
-45
-43
-35
-28
-24
-19
-17
-14
-12
-13
-12
-8
-6
-7
-8
-7
-9
-9
-6
-1
6
16
25
32
46
59
68
78
86
84
80
72
60
44
33
22
8
2
-1
-1
-5
-8
-10
-11
-15
-21
-22
-18
-13
-7
-5
-8
-12
-21
-35
-50
-61
-70
-73
-74
-68
-67
-62
-51
-47
-39
-32
-26
-17
-9
-3
2
7
12
15
17
18
15
17
20
23
28
31
33
36
41
48
49
52
55
49
42
30
17
4
-6
-13
-21
-25
-28
-29
-28
-29
-28
-27
-25
-16
-7
2
12
20
27
30
29
26
23
19
16
17
15
12
14
16
15
15
14
11
11
8
5
5
1
-5
-9
-14
-24
-32
-36
-43
-47
-50
-49
-51
-51
-45
-39
-32
-28
-17
-8
-4
2
5
9
12
12
16
20
24
27
30
34
36
36
35
36
41
40
40
38
36
33
29
25
16
6
-5
-13
-22
-28
-35
-38
-39
-42
-40
-41
-40
-35
-31
-25
-20
-17
-8
-1
2
6
8
9
9
15
23
23
26
28
28
30
33
33
34
33
34
33
31
27
17
9
1
-9
-16
-23
-28
-33
-38
-44
-46
-46
-47
-43
-39
-36
-31
-26
-23
-21
-13
-7
-8
-2
3
3
9
12
12
19
22
23
26
27
34
39
38
39
39
33
30
24
16
8
1
-6
-15
-23
-29
-35
-39
-41
-42
-44
-42
-43
-41
-40
