-2
-7
-7
-8
-15
-4
-11
-11
-15
-8
-15
-12
-5
-11
-3
-5
-7
-8
-8
-16
-13
-10
-12
-11
-11
-17
-9
-3
-10
-11
-6
-7
-6
-4
-5
-6
-9
1
5
-2
0
-2
-1
5
10
2
-3
9
14
9
-2
-14
-11
-1
4
-3
-6
-1
3
1
3
3
10
13
-2
-13
1
-3
-11
0
-8
-2
8
6
-1
1
4
-3
1
6
5
5
4
-1
-3
-8
-9
-6
-10
-8
-11
-5
2
-2
13
5
0
15
11
12
8
9
4
1
-3
-7
-3
7
5
-1
3
1
0
1
-2
-8
-11
-9
-6
-7
-6
-7
-5
0
3
-3
-8
-6
-1
-2
-6
-1
4
5
5
-1
2
8
11
7
-1
-11
-8
-2
-10
-4
4
-12
-7
0
5
8
12
4
-2
7
19
22
5
12
4
8
19
17
15
8
17
13
19
22
21
17
6
6
4
8
9
6
5
2
-3
3
5
6
10
6
3
-4
7
-1
-1
-1
-7
1
7
0
-7
-2
0
3
-1
-10
-15
-7
2
6
-1
-13
-7
-7
-3
5
4
3
3
5
7
9
4
3
14
9
8
3
8
5
0
3
1
11
5
7
14
-6
2
7
6
0
7
10
1
21
4
7
11
3
19
25
5
-2
7
5
8
8
14
9
4
3
3
4
0
11
18
20
9
9
17
11
-4
-9
-5
-5
0
-10
-19
-10
-16
-27
-29
-34
-31
-24
-29
-27
-33
-37
-28
-22
-20
-32
-43
-30
-32
-19
-18
-28
-26
-28
-20
-18
-22
-22
-13
-8
1
1
-1
9
6
15
27
14
8
4
11
10
8
18
6
9
3
0
1
-7
4
8
2
6
4
-10
-5
3
8
5
7
3
-2
-5
3
4
-5
1
3
-8
3
-4
-11
2
-6
-3
-14
-17
-3
-2
2
-3
-19
-8
3
-10
-14
2
7
-1
2
5
-2
11
10
-8
-13
-2
13
6
12
6
2
12
7
4
4
0
13
9
-3
0
7
10
9
19
23
17
13
17
9
6
5
4
18
15
0
-2
-1
1
3
5
-4
-6
15
18
5
12
9
8
16
2
10
12
16
4
3
14
8
7
11
11
10
20
11
12
15
10
5
3
1
-8
-4
-9
-10
4
-1
0
5
1
-2
2
11
17
10
-1
4
6
6
-2
-4
8
5
-7
10
-2
-1
5
-7
-14
-15
0
-1
12
-11
-20
-17
-16
1
-18
-24
-13
-1
-19
5
5
-25
11
22
2
27
25
-32
-35
-18
-23
0
36
22
14
14
10
-5
2
33
1
-57
-68
-39
11
64
44
-27
-23
41
43
68
76
5
-29
-50
-95
-44
47
-17
-71
-40
-16
40
123
83
-21
13
60
-4
-38
-18
-76
-96
-3
35
30
29
48
73
55
-13
-87
-110
-39
56
7
-99
-111
-57
-6
39
67
26
-27
8
52
71
151
120
-76
-165
-209
-184
-4
37
-45
-43
-78
-57
111
163
115
82
-43
-135
-48
14
-83
-94
41
38
-39
-21
-12
48
238
189
-116
-211
-95
-30
-13
-46
-92
-71
52
182
139
68
96
58
-30
-34
-34
-112
-106
-76
-135
-141
-82
-21
51
111
90
85
156
178
124
-12
-143
-154
-113
-35
67
-13
-149
-83
44
117
135
31
-88
-95
-16
96
83
-30
-34
33
66
76
6
-164
-239
-127
39
156
214
173
-103
-327
-168
165
333
275
52
-142
-94
33
46
-78
-261
-295
-129
-6
122
323
337
155
2
-134
-199
-25
133
103
10
-160
-336
-309
-121
74
251
136
-195
-182
113
250
308
240
-85
-175
-93
-200
-192
-82
-90
-40
-29
-89
60
241
206
108
122
161
71
-38
-106
-226
-230
-25
58
-18
-29
29
164
258
236
113
-143
-222
75
234
93
25
-113
-383
-308
24
152
158
232
202
109
146
98
-53
-82
-67
-97
-131
-199
-189
-27
41
-57
-103
72
327
425
277
-56
-254
-112
34
-122
-240
-158
-1
169
161
41
27
116
159
113
29
-123
-278
-227
-105
-112
-20
96
-21
67
328
201
10
23
-12
-50
3
-72
-247
-302
-165
9
28
14
40
76
183
313
264
74
-72
-129
-149
-99
-17
-91
-192
-139
-36
110
214
58
-115
-3
130
66
57
6
-133
-33
84
-9
-73
-53
-81
-113
-90
-43
40
145
114
-61
-56
224
348
209
-26
-300
-355
-131
-52
-71
4
-18
-54
8
94
169
153
125
128
30
-28
-125
-365
-364
-188
-167
-3
237
173
181
249
3
-170
-39
14
32
175
121
-136
-190
-75
-66
-36
67
51
68
86
-92
-139
134
160
-110
-151
-108
-112
68
136
-125
-262
-186
-104
68
276
317
185
18
-26
33
162
168
-164
-348
-100
70
126
186
-10
-151
58
90
-76
-24
120
168
55
-169
-340
-308
-65
78
35
92
21
-218
-115
147
195
213
149
10
110
249
97
-75
-55
6
-47
-108
-131
-61
156
227
111
33
-44
-137
-142
-89
-38
-134
-346
-392
-273
-45
212
195
114
195
136
54
72
-26
-34
13
-114
-115
9
104
209
119
-25
46
98
98
90
-35
-50
17
-72
-138
-196
-236
-80
18
2
126
191
70
78
132
193
260
104
-11
188
359
279
116
-202
-371
-170
54
178
186
105
153
265
165
11
-151
-314
-219
-117
-206
-284
-435
-442
-204
-93
105
432
434
314
221
72
115
0
-278
-219
-211
-263
-110
-80
-16
208
242
273
339
265
242
93
-300
-499
-515
-464
-303
-259
-195
-23
61
151
255
202
115
94
76
58
35
36
-21
-155
-232
-188
-71
27
71
141
255
312
280
170
27
-84
-99
-34
-17
-95
-164
-238
-279
-184
-84
-11
108
190
287
387
343
238
86
-112
-149
-38
37
43
-8
6
190
387
464
391
240
99
-12
-97
-183
-249
-266
-251
-200
-81
33
61
65
101
155
222
257
219
56
-174
-329
-389
-371
-330
-307
-286
-248
-188
-145
-162
-203
-175
-166
-179
-153
-146
-121
-44
62
179
194
49
-82
-103
-10
157
239
118
-132
-321
-325
-173
-3
109
122
48
21
98
225
247
134
-20
-158
-186
-87
61
126
134
122
119
147
194
281
384
428
412
384
319
219
147
136
113
91
56
-24
-115
-133
-63
7
56
65
36
10
12
28
35
2
-39
-84
-122
-155
-182
-207
-234
-258
-276
-300
-373
-418
-396
-319
-200
-73
14
38
49
95
169
218
206
115
-34
-162
-233
-262
-269
-278
-269
-212
-120
-23
31
31
-13
-34
14
89
128
111
48
-22
-38
10
100
131
107
73
47
56
110
211
251
248
259
242
215
190
184
160
128
127
151
182
233
296
338
329
292
281
245
207
174
139
61
-41
-114
-160
-173
-143
-58
-10
1
21
3
-64
-170
-290
-427
-545
-592
-588
-548
-472
-374
-257
-111
26
149
229
240
188
55
-98
-272
-436
-525
-556
-543
-480
-357
-219
-90
56
144
144
97
20
-76
-183
-227
-210
-192
-130
-14
111
239
406
551
617
620
593
528
441
382
337
284
231
211
240
316
427
542
618
661
692
690
683
672
622
531
424
344
267
225
244
224
184
177
173
144
95
45
-103
-314
-482
-613
-743
-829
-845
-879
-915
-892
-833
-838
-851
-848
-889
-949
-1011
-1058
-1103
-1141
-1125
-1057
-962
-867
-755
-627
-559
-551
-540
-527
-586
-627
-594
-579
-583
-479
-316
-213
-96
107
277
385
561
759
853
939
1116
1229
1269
1368
1499
1563
1655
1827
1931
1986
2096
2207
2251
2303
2392
2426
2424
2496
2542
2492
2455
2416
2303
2152
2040
1906
1696
1488
1302
1039
694
330
-111
-692
-1322
-1956
-2673
-3440
-4141
-4754
-5323
-5757
-5998
-6122
-6112
-5890
-5522
-5111
-4648
-4124
-3602
-3112
-2640
-2225
-1881
-1538
-1168
-824
-481
-141
154
459
783
1004
1114
1216
1284
1283
1300
1344
1343
1396
1605
1860
2034
2217
2466
2663
2835
3002
3096
3141
3234
3393
3529
3625
3749
3940
4229
4557
4851
5150
5444
5665
5837
5937
5683
5070
4389
3571
2346
823
-693
-2323
-4033
-5427
-6562
-7695
-8456
-8526
-8309
-7974
-7259
-6319
-5501
-4610
-3617
-2968
-2665
-2279
-1834
-1600
-1426
-1166
-944
-699
-261
123
254
306
341
251
-23
-450
-1032
-1580
-1949
-2268
-2538
-2660
-2633
-2444
-1997
-1464
-1071
-657
-21
633
1103
1555
2006
2367
2791
3324
3735
3969
4277
4680
5016
5296
5526
5646
5769
6080
6372
6503
6694
6983
7185
7308
7354
6912
6013
5137
4092
2447
504
-1375
-3398
-5362
-6784
-8004
-9300
-9892
-9547
-9049
-8481
-7425
-6270
-5372
-4254
-3096
-2643
-2552
-2112
-1662
-1574
-1430
-1047
-652
-119
679
1305
1527
1596
1601
1392
844
-97
-1324
-2466
-3336
-4130
-4770
-5028
-4924
-4419
-3473
-2460
-1713
-937
53
747
952
1042
1063
899
838
1021
1137
1305
1930
2840
3660
4468
5322
6056
6671
7161
7387
7417
7414
7403
7441
7533
7560
7725
8063
7908
7129
6485
5824
4282
2221
309
-1916
-4515
-6518
-8088
-9959
-11312
-11336
-10944
-10593
-9504
-7927
-6752
-5555
-3965
-2953
-2731
-2351
-1757
-1608
-1598
-1252
-844
-386
548
1660
2400
3027
3744
4095
3769
3041
2019
633
-975
-2649
-4246
-5513
-6334
-6729
-6570
-5890
-4988
-3897
-2555
-1322
-488
123
624
749
530
315
155
87
345
992
1803
2758
4010
5447
6728
7705
8442
8855
8924
8827
8537
7977
7441
7212
7116
7190
7455
7259
6445
5849
5450
4142
2023
-29
-2274
-4833
-6837
-8522
-10643
-12099
-11983
-11476
-11087
-9869
-8139
-6801
-5233
-3289
-2218
-1980
-1346
-579
-517
-575
-249
-31
205
1087
2133
2712
3267
4100
4641
4551
4027
3024
1510
-134
-1789
-3673
-5540
-6965
-7909
-8285
-7992
-7378
-6606
-5310
-3648
-2292
-1284
-355
218
370
541
574
250
139
605
1221
1913
3016
4338
5621
7016
8333
9116
9465
9692
9677
9244
8618
8069
7638
7345
7324
7420
6990
6109
5596
5218
3897
1806
-233
-2508
-5061
-7056
-8797
-10948
-12314
-12072
-11476
-10987
-9632
-7747
-6204
-4410
-2336
-1247
-895
-84
679
608
448
625
670
834
1535
2228
2575
3110
3851
4192
4001
3346
2264
942
-581
-2482
-4517
-6279
-7786
-8969
-9472
-9376
-8998
-8088
-6516
-4896
-3516
-2041
-662
140
612
1056
1149
949
1054
1406
1678
2279
3426
4678
5897
7316
8652
9531
10160
10542
10422
9908
9264
8543
7826
7264
6943
6918
6838
6221
5504
5247
4664
3038
1122
-732
-3122
-5550
-7291
-9136
-11213
-12009
-11523
-11174
-10646
-9075
-7360
-6029
-4256
-2495
-1835
-1506
-630
-151
-479
-520
-211
-177
55
852
1526
1894
2579
3416
3669
3320
2721
1832
514
-1161
-3035
-4870
-6514
-7908
-8820
-9128
-9020
-8483
-7287
-5689
-4214
-2787
-1266
-80
554
1053
1445
1414
1317
1579
1928
2285
3155
4473
5741
7073
8610
9873
10643
11236
11547
11243
10513
9737
8911
7960
7163
6819
6670
6101
5212
4672
4325
3293
1682
51
-1933
-4305
-6236
-7847
-9863
-11449
-11667
-11356
-11120
-10188
-8590
-7193
-5736
-3909
-2624
-2130
-1486
-728
-636
-850
-756
-651
-623
-197
482
926
1358
2109
2808
2935
2582
2006
1157
-181
-1933
-3703
-5339
-6921
-8192
-8825
-9009
-8859
-8028
-6493
-4890
-3397
-1697
-104
922
1613
2235
2460
2298
2337
2580
2742
3183
4212
5456
6691
8132
9575
10582
11272
11724
11636
10990
10125
9176
8111
7056
6332
6096
5885
5190
4474
4286
3871
2554
972
-675
-2960
-5343
-7128
-9077
-11358
-12533
-12484
-12434
-12076
-10682
-9062
-7674
-5784
-3782
-2728
-2026
-940
-251
-286
-201
110
143
341
1053
1628
1885
2476
3326
3724
3633
3285
2529
1325
-184
-1994
-3968
-5781
-7362
-8593
-9208
-9317
-9034
-8032
-6359
-4658
-3038
-1246
334
1309
2098
2794
2939
2775
2882
3094
3233
3783
4849
5982
7198
8647
9883
10661
11243
11519
11143
10348
9450
8383
7204
6226
5624
5386
5183
4579
3955
3795
3369
2002
345
-1368
-3689
-6048
-7804
-9792
-12013
-12960
-12745
-12627
-12114
-10485
-8750
-7275
-5276
-3275
-2269
-1545
-437
158
-4
14
305
324
468
1133
1721
1997
2556
3397
3794
3637
3270
2530
1206
-468
-2248
-4157
-6072
-7732
-8925
-9533
-9642
-9237
-8159
-6533
-4791
-2970
-1052
516
1545
2396
3072
3233
3113
3141
3231
3352
3884
4867
5959
7149
8599
9916
10732
11271
11550
11231
10389
9432
8350
7084
5991
5335
5063
4960
4658
4145
3898
3701
2772
1256
-402
-2559
-5031
-6963
-8821
-11146
-12619
-12647
-12500
-12273
-10922
-9112
-7745
-5969
-3775
-2549
-2015
-983
-124
-214
-355
-56
4
0
625
1353
1628
2082
3009
3596
3523
3230
2674
1511
-46
-1677
-3467
-5390
-7101
-8323
-9065
-9378
-9187
-8363
-7007
-5431
-3752
-2018
-496
625
1551
2331
2681
2721
2852
3136
3438
3899
4757
5853
7004
8297
9589
10448
10883
11233
11203
10474
9497
8600
7529
6410
5764
5458
5203
5043
4771
4291
3902
3384
2145
347
-1630
-3887
-6182
-8137
-10099
-11964
-12791
-12689
-12415
-11660
-10072
-8380
-6793
-4821
-2977
-2000
-1287
-275
258
87
78
304
307
486
1162
1712
1992
2622
3435
3668
3419
2985
2076
673
-854
-2559
-4526
-6328
-7660
-8588
-9070
-9035
-8526
-7440
-5872
-4221
-2653
-1112
220
1176
1964
2531
2654
2674
3046
3548
3966
4673
5821
7045
8278
9619
10628
11087
11348
11376
10739
9612
8478
7297
6067
5133
4486
4010
3901
3815
3288
2785
2540
1716
117
-1596
-3569
-5960
-7912
-9380
-11168
-12557
-12538
-11948
-11418
-10091
-8116
-6548
-4948
-2847
-1403
-977
-315
536
513
133
272
348
146
544
1355
1689
1962
2750
3312
3156
2812
2277
1071
-440
-1869
-3641
-5660
-7163
-8105
-8822
-9104
-8757
-7973
-6728
-4983
-3237
-1727
-211
1223
2207
2855
3361
3570
3673
4043
4547
4959
5614
6710
7850
8870
9861
10598
10849
10805
10501
9639
8372
7159
6037
4883
3907
3309
3102
3165
3120
2744
2384
2139
1423
54
-1608
-3552
-5643
-7341
-8786
-10413
-11547
-11540
-11008
-10335
-9046
-7346
-5849
-4230
-2384
-1196
-751
-161
463
476
245
250
206
124
499
1121
1416
1651
2240
2690
2559
2113
1483
436
-953
-2392
-4043
-5893
-7372
-8228
-8759
-9045
-8762
-7856
-6522
-4859
-3091
-1455
95
1577
2736
3453
3908
4194
4386
4644
4967
5268
5745
6576
7503
8305
9049
9596
9751
9650
9289
8413
7226
6140
5086
3981
3145
2712
2573
2763
2967
2719
2400
2378
1956
691
-834
-2473
-4428
-6167
-7467
-8944
-10230
-10351
-9763
-9210
-8186
-6547
-5091
-3722
-2062
-880
-609
-293
251
170
-298
-418
-486
-706
-430
273
629
866
1599
2275
2291
2018
1645
737
-554
-1837
-3393
-5244
-6703
-7602
-8303
-8635
-8317
-7522
-6280
-4522
-2719
-1164
456
2050
3139
3814
4309
4485
4441
4600
4799
4808
5087
5813
6544
7180
7945
8526
8644
8603
8366
7536
6390
5400
4361
3218
2445
2098
1926
2171
2691
2732
2494
2663
2610
1602
242
-1159
-3060
-4978
-6302
-7735
-9342
-9917
-9475
-9043
-8368
-6931
-5497
-4330
-2810
-1459
-1096
-1005
-514
-411
-916
-1191
-1207
-1404
-1327
-662
-108
176
837
1732
2104
1997
1792
1283
293
-902
-2208
-3748
-5215
-6254
-6951
-7373
-7313
-6683
-5569
-4085
-2428
-791
791
2230
3357
4137
4590
4701
4625
4565
4451
4288
4317
4627
5048
5511
6100
6636
6929
7056
7016
6591
5826
5092
4401
3597
2944
2697
2656
2845
3433
3868
3763
3692
3844
3357
2072
660
-977
-3006
-4739
-6130
-7832
-9260
-9508
-9184
-8930
-8166
-6852
-5716
-4566
-3127
-2196
-1998
-1663
-1198
-1296
-1627
-1637
-1604
-1609
-1177
-487
-20
554
1484
2246
2526
2556
2351
1737
803
-404
-1908
-3439
-4753
-5887
-6741
-7112
-7041
-6511
-5411
-3966
-2500
-932
691
1986
2899
3628
4028
3999
3872
3757
3483
3257
3406
3739
4086
4673
5450
6083
6545
6934
7019
6650
6094
5519
4788
3958
3340
3020
2928
3170
3667
3910
3853
3988
4141
3613
2435
1098
-495
-2392
-4097
-5673
-7453
-8762
-9064
-8946
-8750
-8015
-6812
-5676
-4493
-3209
-2404
-2135
-1781
-1433
-1565
-1886
-1943
-1877
-1772
-1364
-730
-169
516
1452
2200
2457
2416
2201
1636
674
-555
-1918
-3253
-4429
-5334
-5883
-6024
-5770
-5059
-3883
-2552
-1266
72
1333
2193
2740
3126
3188
2958
2746
2601
2392
2338
2652
3152
3718
4434
5220
5822
6243
6542
6532
6128
5571
5041
4425
3783
3408
3325
3455
3900
4368
4360
4182
4285
4059
2932
1446
-131
-2066
-4010
-5603
-7309
-9009
-9713
-9563
-9381
-8898
-7697
-6413
-5282
-3888
-2680
-2251
-1972
-1408
-1249
-1609
-1742
-1574
-1523
-1267
-564
27
475
1326
2287
2649
2587
2490
2062
1159
111
-1113
-2609
-3903
-4774
-5453
-5869
-5756
-5177
-4235
-2950
-1588
-332
932
2093
2852
3267
3464
3390
3151
2975
2814
2626
2664
3064
3630
4258
4953
5608
6117
6496
6673
6448
5944
5424
4891
4269
3796
3583
3532
3879
4509
4654
4340
4351
4364
3470
2000
488
-1461
-3607
-5235
-6858
-8861
-10019
-9947
-9781
-9538
-8457
-7093
-6019
-4613
-3107
-2486
-2283
-1643
-1222
-1540
-1780
-1627
-1600
-1462
-750
-71
271
957
1976
2531
2576
2527
2162
1374
494
-591
-2100
-3537
-4513
-5279
-5816
-5882
-5570
-4869
-3647
-2264
-1093
128
1412
2313
2870
3267
3264
2965
2871
2862
2613
2479
2805
3326
3876
4611
5339
5814
6235
6625
6611
6149
5643
5171
4565
4031
3774
3642
3751
4347
4825
4613
4357
4436
3981
2703
1212
-543
-2690
-4524
-6003
-7826
-9402
-9761
-9495
-9248
-8488
-7224
-6082
-4829
-3322
-2362
-2081
-1671
-1179
-1229
-1513
-1530
-1500
-1427
-887
-144
331
880
1807
2575
2868
2956
2757
2088
1246
317
-1066
-2678
-3922
-4890
-5750
-6185
-6153
-5867
-5086
-3770
-2490
-1370
-85
1125
1905
2467
2802
2684
2445
2435
2370
2141
2177
2601
3142
3816
4709
5513
6034
6521
6937
6865
6404
5950
5401
4686
4173
3929
3716
3839
4406
4565
4175
4069
4080
3263
1865
466
-1402
-3608
-5273
-6747
-8646
-9932
-9924
-9623
-9343
-8335
-6890
-5733
-4422
-2868
-1988
-1718
-1203
-738
-902
-1160
-1047
-987
-929
-346
402
838
1408
2323
2965
3122
3130
2848
2029
994
-99
-1536
-3130
-4422
-5409
-6173
-6535
-6430
-5948
-5001
-3674
-2325
-1026
247
1337
2132
2666
2866
2734
2570
2478
2360
2300
2491
2920
3541
4405
5327
6079
6659
7140
7360
7158
6696
6134
5443
4729
4237
3934
3788
4060
4514
4487
4172
4168
4015
3033
1621
112
-1871
-3977
-5576
-7182
-9021
-10007
-9856
-9578
-9186
-8044
-6615
-5454
-4103
-2664
-1949
-1710
-1208
-854
-1102
-1339
-1222
-1174
-1068
-449
246
657
1265
2165
2727
2782
2691
2314
1419
333
-814
-2264
-3816
-5016
-5880
-6522
-6770
-6534
-5885
-4833
-3521
-2205
-937
289
1311
2023
2478
2644
2560
2447
2398
2361
2429
2743
3300
4027
4871
5726
6433
6971
7337
7423
7134
6612
6041
5387
4731
4302
4111
4144
4517
4860
4678
4379
4389
4026
2802
1289
-358
-2404
-4347
-5862
-7554
-9187
-9683
-9348
-9069
-8436
-7066
-5692
-4511
-3078
-1883
-1493
-1248
-756
-710
-1149
-1307
-1227
-1264
-1028
-370
173
589
1380
2244
2609
2639
2511
1953
999
-101
-1465
-3067
-4545
-5733
-6683
-7248
-7338
-7025
-6192
-4869
-3472
-2106
-586
810
1784
2494
2974
2997
2769
2647
2479
2236
2306
2704
3209
3930
4919
5805
6467
7111
7539
7445
7027
6549
5870
5009
4368
3978
3664
3744
4233
4330
3951
3903
3991
3238
1885
512
-1311
-3465
-5115
-6628
-8552
-9765
-9655
-9342
-9034
-7874
-6277
-5016
-3576
-1940
-1122
-927
-412
-15
-382
-808
-814
-915
-980
-480
128
430
1003
1980
2601
2727
2721
2409
1586
566
-614
-2166
-3796
-5114
-6164
-6961
-7270
-7149
-6649
-5582
-4155
-2765
-1394
71
1314
2180
2827
3131
3043
2918
2890
2750
2656
2902
3347
3897
4726
5638
6298
6853
7372
7513
7182
6697
6120
5337
4600
4135
3781
3581
3896
4356
4209
3842
3909
3736
2638
1219
-268
-2278
-4311
-5792
-7437
-9255
-9954
-9607
-9311
-8755
-7335
-5789
-4508
-2954
-1531
-1012
-803
-278
-123
-610
-960
-1023
-1186
-1109
-514
10
323
1054
2010
2482
2540
2464
1995
1017
-141
-1445
-3048
-4673
-5959
-6912
-7521
-7667
-7340
-6556
-5317
-3775
-2210
-737
637
1799
2615
3065
3139
2961
2748
2570
2436
2439
2714
3255
4057
5033
5966
6750
7394
7807
7807
7434
6822
6017
5142
4395
3864
3506
3490
3944
4313
4186
4102
4293
3938
2760
1404
-197
-2291
-4179
-5670
-7439
-8995
-9270
-8850
-8555
-7706
-6080
-4619
-3371
-1856
-746
-540
-415
-101
-351
-1058
-1402
-1562
-1835
-1689
-1064
-615
-237
600
1457
1753
1777
1679
1024
-87
-1238
-2509
-4059
-5507
-6547
-7255
-7588
-7440
-6852
-5873
-4506
-2927
-1400
-6
1234
2213
2877
3182
3129
2904
2731
2608
2539
2675
3046
3650
4510
5458
6273
6932
7426
7597
7428
6991
6294
5443
4673
4134
3757
3599
3861
4389
4595
4423
4410
4353
3542
2168
680
-1249
-3440
-5132
-6659
-8457
-9509
-9315
-8884
-8379
-7078
-5426
-4153
-2812
-1369
-685
-639
-440
-376
-889
-1408
-1592
-1799
-1898
-1426
-760
-302
338
1272
1903
2082
2127
1844
975
-196
-1422
-2790
-4290
-5629
-6600
-7211
-7390
-7103
-6384
-5294
-3894
-2308
-728
674
1820
2754
3395
3610
3491
3299
3113
2925
2874
3028
3342
3908
4770
5639
6353
6976
7400
7471
7240
6766
6011
5165
4452
3917
3581
3535
3886
4391
4536
4378
4395
4317
3468
2068
471
-1525
-3605
-5252
-6890
-8677
-9596
-9413
-9014
-8420
-7137
-5650
-4398
-3034
-1769
-1273
-1225
-1050
-1073
-1547
-1991
-2175
-2309
-2194
-1620
-968
-413
362
1291
1907
2107
2077
1708
842
-333
-1588
-2955
-4418
-5708
-6632
-7177
-7296
-6931
-6151
-5042
-3638
-2048
-512
805
1866
2684
3202
3335
3178
2956
2793
2691
2726
2952
3387
4079
4968
5869
6634
7224
7579
7636
7389
6828
6098
5369
4716
4252
4073
4150
4534
5040
5125
4867
4807
4607
3528
1889
155
-1877
-3978
-5637
-7250
-8930
-9664
-9303
-8787
-8128
-6788
-5266
-4047
-2766
-1619
-1253
-1340
-1211
-1252
-1788
-2214
-2272
-2271
-2056
-1378
-607
4
804
1757
2262
2252
2029
1469
322
-1113
-2477
-3920
-5446
-6628
-7306
-7622
-7449
-6692
-5587
-4279
-2679
-983
418
1526
2363
2814
2904
2757
2419
2029
1833
1902
2142
2570
3308
4294
5320
6299
7127
7597
7704
7584
7166
6390
5529
4765
4125
3796
3848
4141
4700
5284
5380
5197
5162
4700
3274
1468
-422
-2672
-4832
-6489
-8158
-9633
-9915
-9321
-8737
-7773
-6094
-4537
-3345
-2039
-1069
-999
-1160
-1069
-1354
-2037
-2332
-2292
-2290
-1905
-991
-176
511
1510
2437
2746
2651
2366
1587
262
-1196
-2678
-4256
-5704
-6729
-7326
-7526
-7160
-6266
-5075
-3636
-1984
-396
927
1986
2735
3092
3116
2941
2627
2327
2206
2305
2595
3099
3878
4839
5799
6630
7295
7644
7626
7353
6831
6037
5171
4437
3874
3608
3678
4084
4749
5166
5063
4926
4848
4051
2439
623
-1459
-3767
-5658
-7258
-9041
-10187
-10013
-9375
-8735
-7452
-5729
-4343
-3056
-1728
-1133
-1312
-1355
-1297
-1769
-2393
-2543
-2521
-2421
-1774
-845
-154
626
1674
2366
2492
2377
1957
1050
-160
-1543
-3074
-4506
-5678
-6613
-7132
-7161
-6806
-6006
-4778
-3367
-1956
-499
864
1876
2616
3140
3302
3134
2951
2846
2692
2649
2932
3395
3978
4791
5666
6358
6923
7390
7519
7274
6824
6244
5547
4889
4425
4158
4149
4537
5143
5331
5043
4919
4806
3891
2284
502
-1608
-3827
-5555
-7192
-9066
-10118
-9899
-9388
-8776
-7466
-5894
-4615
-3235
-1913
-1458
-1577
-1446
-1374
-1857
-2360
-2452
-2438
-2227
-1477
-601
55
891
1940
2556
2647
2529
2053
1115
-99
-1586
-3225
-4650
-5809
-6752
-7235
-7202
-6821
-5952
-4582
-3149
-1773
-262
1115
2022
2650
3078
3049
2700
2452
2273
2020
1987
2379
2976
3654
4554
5552
6361
6988
7468
7564
7211
6665
6036
5287
4568
4097
3921
4026
4525
5174
5332
5085
5048
4895
3792
2048
188
-2046
-4337
-6104
-7814
-9635
-10414
-9974
-9369
-8569
-7034
-5377
-4032
-2538
-1258
-980
-1157
-1027
-1110
-1763
-2282
-2355
-2328
-2029
-1174
-264
402
1318
2429
2974
2950
2774
2224
1114
-254
-1846
-3604
-5056
-6106
-6920
-7309
-7123
-6474
-5373
-3881
-2350
-904
592
1901
2715
3184
3408
3218
2779
2459
2232
2002
2063
2559
3236
3979
4890
5855
6653
7221
7530
7414
6911
6273
5590
4794
4092
3710
3619
3834
4477
5114
5117
4839
4867
4572
3226
1409
-483
-2796
-4991
-6602
-8358
-10105
-10524
-9859
-9284
-8419
-6796
-5266
-4016
-2510
-1416
-1432
-1613
-1390
-1578
-2298
-2661
-2632
-2581
-2088
-1087
-261
406
1469
2549
2957
2905
2697
2069
1022
-237
-1860
-3606
-4910
-5852
-6685
-7069
-6863
-6277
-5194
-3720
-2341
-1046
446
1780
2567
3047
3337
3181
2802
2593
2379
2079
2160
2685
3276
3950
4852
5775
6540
7138
7450
7314
6845
6276
5631
4869
4178
3790
3702
3937
4614
5254
5223
4936
5034
4792
3429
1584
-289
-2524
-4687
-6326
-8121
-9864
-10220
-9518
-8947
-8081
-6443
-4883
-3596
-2158
-1183
-1244
-1439
-1278
-1572
-2364
-2761
-2778
-2750
-2236
-1231
-412
335
1491
2560
2961
2979
2785
2135
1127
-140
-1833
-3606
-4902
-5928
-6864
-7279
-7118
-6631
-5600
-4131
-2862
-1648
-93
1286
2044
2560
2925
2805
2471
2344
2139
1767
1871
2478
3041
3656
4622
5617
6368
7006
7383
7264
6817
6316
5711
4890
4172
3839
3774
3946
4610
5272
5192
4911
5107
4868
3419
1603
-199
-2467
-4691
-6349
-8165
-9893
-10207
-9531
-8977
-8081
-6385
-4794
-3483
-2035
-1099
-1148
-1290
-1112
-1418
-2150
-2480
-2438
-2351
-1788
-736
119
927
2105
3134
3504
3532
3302
2589
1595
352
-1288
-2973
-4319
-5452
-6339
-6734
-6735
-6407
-5497
-4172
-3008
-1844
-408
849
1654
2294
2695
2609
2414
2354
2131
1790
1877
2318
2729
3334
4251
5068
5752
6527
6975
6910
6677
6349
5754
5012
4411
4008
3803
3875
4410
5018
4995
4671
4720
4604
3431
1712
-23
-2154
-4360
-6023
-7707
-9524
-10186
-9697
-9158
-8439
-6983
-5423
-4186
-2798
-1653
-1462
-1653
-1484
-1520
-2091
-2502
-2496
-2372
-1959
-1027
-89
635
1569
2645
3244
3289
3063
2529
1709
642
-716
-2257
-3686
-4817
-5585
-6011
-6266
-6203
-5573
-4496
-3390
-2345
-1198
-41
990
1810
2305
2443
2465
2512
2449
2243
2116
2278
2638
3129
3740
4399
5057
5787
6435
6730
6703
6480
6206
5834
5322
4872
4655
4585
4820
5485
5756
5246
4922
5063
4399
2737
1109
-735
-3075
-4890
-6257
-8209
-9721
-9611
-9065
-8784
-7799
-6270
-5203
-4100
-2653
-2008
-2283
-2211
-1869
-2205
-2715
-2719
-2582
-2367
-1561
-496
202
966
2119
3024
3238
3162
2845
2146
1240
46
-1533
-3124
-4359
-5334
-6022
-6379
-6474
-6152
-5200
-3977
-2953
-1849
-494
705
1523
2127
2414
2327
2238
2199
1892
1474
1524
1958
2382
2951
3802
4641
5395
6228
6757
6745
6525
6292
5883
5251
4697
4380
4285
4511
5190
5755
5595
5296
5449
5240
3902
2191
442
-1792
-3914
-5486
-7314
-9187
-9644
-9101
-8782
-8140
-6676
-5326
-4287
-2935
-1940
-1953
-2078
-1770
-1890
-2520
-2790
-2658
-2464
-1903
-886
-4
765
1882
2982
3426
3427
3267
2708
1779
583
-944
-2561
-3844
-4861
-5711
-6106
-6100
-5793
-4979
-3796
-2748
-1738
-438
725
1354
1785
2113
2022
1767
1685
1485
1103
1170
1772
2287
2810
3752
4747
5462
6153
6696
6687
6428
6239
5811
5079
4502
4253
4147
4319
4967
5671
5752
5477
5492
5369
4260
2530
756
-1404
-3705
-5463
-7155
-9090
-9982
-9553
-9132
-8693
-7388
-5861
-4782
-3565
-2397
-2169
-2376
-2159
-2102
-2680
-3099
-2990
-2753
-2272
-1277
-220
628
1677
2849
3526
3646
3526
3054
2192
1112
-258
-1820
-3168
-4238
-5149
-5678
-5808
-5754
-5287
-4312
-3361
-2565
-1474
-304
461
1022
1573
1778
1699
1773
1793
1524
1449
1859
2317
2686
3354
4216
4910
5573
6242
6527
6479
6445
6306
5842
5309
4991
4846
4845
5175
5852
6270
6003
5691
5769
5283
3749
2020
249
-2011
-4087
-5590
-7411
-9130
-9377
-8833
-8684
-8154
-6757
-5558
-4677
-3493
-2699
-2831
-2889
-2478
-2559
-3117
-3182
-2800
-2446
-1792
-691
248
975
1999
2996
3351
3249
2992
2421
1497
373
-906
-2278
-3578
-4644
-5361
-5773
-6049
-6008
-5413
-4586
-3812
-2862
-1733
-788
43
866
1365
1494
1633
1777
1642
1495
1685
1985
2279
2856
3637
4328
5055
5883
6453
6639
6718
6701
6374
5850
5388
5068
4900
4947
5344
5952
6116
5771
5717
5809
4979
3401
1864
-74
-2402
-4179
-5771
-7835
-9147
-9017
-8785
-8724
-7794
-6421
-5487
-4408
-3144
-2757
-2953
-2657
-2341
-2750
-3155
-2970
-2717
-2363
-1416
-323
433
1371
2617
3435
3687
3722
3429
2713
1813
668
-820
-2289
-3550
-4660
-5414
-5768
-5976
-5846
-5076
-4084
-3250
-2248
-1056
-128
594
1298
1630
1525
1468
1480
1247
1049
1266
1640
2048
2784
3756
4577
5370
6256
6828
6940
6929
6798
6270
5579
5128
4849
4582
4629
5196
5652
5464
5217
5380
5077
3800
2295
608
-1676
-3803
-5341
-7199
-9090
-9602
-9215
-9043
-8456
-7057
-5834
-4845
-3500
-2545
-2605
-2693
-2361
-2480
-3065
-3243
-3023
-2786
-2159
-1055
-88
736
1838
2944
3499
3579
3385
2909
2168
1168
-84
-1442
-2727
-3839
-4587
-5002
-5322
-5399
-4887
-4089
-3391
-2555
-1529
-684
42
846
1325
1335
1392
1537
1360
1151
1316
1564
1812
2429
3272
3935
4615
5526
6209
6461
6626
6665
6355
5917
5613
5357
5150
5181
5574
6205
6489
6203
6062
6195
5517
3916
2291
407
-1996
-3980
-5574
-7671
-9352
-9480
-9143
-9146
-8473
-7062
-6022
-5099
-3791
-3079
-3280
-3169
-2668
-2874
-3434
-3314
-2853
-2552
-1821
-630
272
1051
2242
3272
3536
3442
3242
2650
1674
541
-881
-2504
-3820
-4736
-5474
-5910
-5945
-5654
-4929
-3838
-2771
-1805
-676
407
1105
1522
1732
1618
1322
1151
981
724
754
1260
1927
2653
3605
4601
5416
6193
6800
6891
6658
6406
5977
5369
4974
4791
4661
4914
5757
6414
6306
6136
6363
6014
4624
2957
1027
-1456
-3628
-5251
-7299
-9206
-9606
-9199
-9002
-8273
-6812
-5630
-4597
-3188
-2358
-2551
-2608
-2286
-2544
-3191
-3309
-3067
-2793
-2059
-925
32
938
2130
3216
3707
3719
3466
2886
2012
911
-431
-1912
-3247
-4224
-4888
-5283
-5431
-5263
-4690
-3873
-3060
-2193
-1198
-342
313
877
1187
1189
1185
1243
1145
997
1102
1429
1863
2439
3176
3914
4598
5311
5900
6134
6100
5989
5751
5370
5037
4846
4765
4902
5464
6238
6473
6147
6122
6254
5373
3640
1952
-43
-2438
-4347
-6037
-8185
-9618
-9544
-9250
-9163
-8285
-6871
-5851
-4828
-3644
-3251
-3485
-3233
-2860
-3241
-3698
-3444
-2963
-2502
-1570
-415
462
1424
2687
3548
3681
3560
3287
2562
1504
309
-1115
-2567
-3674
-4500
-5156
-5444
-5329
-4921
-4169
-3206
-2241
-1186
-55
828
1367
1778
2008
1943
1786
1659
1458
1306
1503
1928
2328
2910
3802
4650
5307
5958
6403
6419
6270
6088
5676
5144
4867
4805
4804
5161
5995
6521
6290
6183
6443
5900
4323
2678
806
-1621
-3673
-5304
-7456
-9258
-9461
-9132
-9083
-8354
-6925
-5857
-4884
-3613
-3042
-3333
-3288
-2924
-3238
-3839
-3823
-3489
-3141
-2327
-1185
-290
616
1850
2832
3162
3110
2814
2185
1219
-36
-1489
-2869
-4011
-4889
-5435
-5654
-5582
-5067
-4126
-3119
-2144
-1009
139
962
1522
1926
1990
1828
1717
1541
1229
1155
1485
1926
2391
3081
3944
4734
5449
6052
6304
6216
6048
5788
5305
4807
4501
4436
4591
5022
5850
6638
6748
6564
6733
6517
5107
3269
1448
-886
-3242
-4974
-6857
-8826
-9478
-9058
-8842
-8391
-7040
-5716
-4835
-3761
-2900
-3025
-3312
-3028
-3032
-3657
-3873
-3443
-2997
-2317
-1112
54
963
2053
3150
3659
3579
3252
2672
1720
421
-1105
-2596
-3852
-4829
-5503
-5829
-5832
-5494
-4703
-3631
-2637
-1650
-494
516
1143
1593
1855
1787
1608
1515
1345
1122
1280
1831
2344
2883
3728
4668
5388
5967
6426
6470
6174
5901
5539
4914
4355
4180
4248
4451
5092
5985
6239
5962
6085
6140
4990
3166
1453
-711
-3185
-5011
-6691
-8695
-9664
-9276
-8919
-8558
-7283
-5777
-4818
-3769
-2712
-2626
-3002
-2858
-2810
-3413
-3807
-3538
-3155
-2595
-1476
-306
615
1666
2721
3264
3305
3035
2401
1480
379
-1028
-2611
-3827
-4650
-5333
-5634
-5468
-5110
-4456
-3321
-2173
-1322
-317
794
1421
1722
2042
2063
1771
1643
1630
1437
1451
1994
2580
3044
3796
4733
5418
5916
6367
6499
6238
5934
5631
5143
4644
4454
4588
4876
5435
6323
6821
6552
6392
6458
5561
3665
1804
-250
-2799
-4853
-6444
-8425
-9799
-9620
-9112
-8834
-7824
-6286
-5250
-4328
-3200
-2840
-3221
-3239
-3053
-3450
-3914
-3751
-3314
-2776
-1773
-563
385
1336
2409
3091
3211
2981
2433
1594
586
-676
-2200
-3563
-4538
-5242
-5652
-5704
-5526
-5003
-4014
-2913
-1982
-975
203
1113
1686
2158
2341
2194
2129
2123
1906
1746
2010
2455
2864
3495
4304
4997
5592
6100
6309
6184
5921
5591
5127
4611
4263
4237
4489
4990
5832
6520
6491
6336
6529
6036
4396
2541
559
-1943
-4179
-5867
-7910
-9665
-9790
-9213
-8942
-8109
-6540
-5312
-4300
-3014
-2368
-2703
-2812
-2550
-2890
-3474
-3434
-3073
-2653
-1696
-437
485
1403
2625
3464
3596
3435
2980
2098
1030
-162
-1732
-3403
-4535
-5235
-5819
-6074
-5891
-5436
-4604
-3397
-2295
-1410
-301
892
1598
1968
2273
2285
2083
2017
1943
1684
1670
2126
2636
3096
3805
4655
5332
5833
6170
6200
5924
5594
5254
4737
4213
4082
4305
4703
5417
6140
6186
5916
6068
5858
4396
2467
578
-1728
-4039
-5811
-7718
-9618
-10104
-9500
-9144
-8583
-7134
-5707
-4664
-3433
-2559
-2695
-2905
-2584
-2703
-3353
-3490
-3086
-2639
-1883
-722
298
1201
2357
3337
3658
3513
3113
2402
1394
92
-1558
-3214
-4491
-5380
-5962
-6203
-6112
-5605
-4504
-3149
-2014
-921
384
1505
2163
2601
2771
2520
2251
2158
1880
1544
1715
2254
2770
3435
4352
5241
5957
6543
6830
6696
6325
5877
5329
4670
4126
3950
4119
4609
5479
6216
6253
6090
6255
5933
4429
2430
326
-2102
-4372
-6205
-8222
-9995
-10304
-9663
-9157
-8333
-6779
-5314
-4133
-2864
-2150
-2375
-2596
-2469
-2767
-3429
-3632
-3337
-2852
-2005
-862
187
1174
2300
3218
3496
3276
2793
1993
899
-392
-1978
-3681
-4959
-5665
-6179
-6523
-6414
-5839
-4873
-3611
-2427
-1456
-323
925
1749
2146
2406
2450
2300
2233
2126
1847
1849
2362
2955
3443
4145
5042
5792
6304
6655
6710
6397
6024
5687
5141
4525
4341
4582
4997
5720
6398
6373
6159
6415
6201
4668
2729
869
-1434
-3771
-5595
-7582
-9533
-9996
-9398
-9100
-8519
-6952
-5427
-4341
-3074
-2158
-2245
-2403
-2113
-2318
-3041
-3209
-2842
-2506
-1855
-724
295
1176
2307
3239
3467
3272
2907
2096
874
-440
-2008
-3763
-5133
-5937
-6556
-6939
-6804
-6246
-5303
-4014
-2750
-1701
-475
814
1630
2069
2414
2497
2298
2221
2161
1911
1925
2467
3067
3584
4356
5244
5915
6433
6782
6716
6309
5904
5438
4735
4159
4002
4100
4497
5357
5900
5682
5599
5867
5306
3639
1846
-188
-2671
-4725
-6333
-8378
-9974
-9854
-9171
-8762
-7659
-5895
-4604
-3434
-2013
-1476
-1856
-1891
-1744
-2335
-3008
-2979
-2723
-2370
-1435
-288
563
1523
2689
3356
3375
3133
2594
1630
438
-867
-2374
-3814
-4923
-5715
-6222
-6356
-6166
-5706
-4806
-3752
-2803
-1822
-675
345
1081
1690
2107
2304
2400
2528
2548
2509
2687
3079
3506
3978
4602
5243
5806
6268
6526
6528
6297
5969
5607
5109
4625
4453
4582
4881
5539
6069
5823
5486
5622
5204
3558
1725
-156
-2602
-4780
-6299
-8221
-10088
-10214
-9498
-9223
-8385
-6602
-5218
-4145
-2621
-1721
-1920
-1911
-1468
-1781
-2484
-2464
-2122
-1877
-1124
26
804
1526
2630
3400
3411
3146
2710
1800
564
-739
-2239
-3773
-5030
-6004
-6675
-6893
-6778
-6414
-5522
-4418
-3418
-2344
-1058
75
896
1643
2113
2247
2297
2437
2386
2235
2378
2743
3129
3651
4394
5087
5735
6350
6704
6732
6593
6352
5951
5396
4918
4739
4789
5060
5725
6284
6121
5834
5965
5618
4073
2248
318
-2198
-4453
-6054
-8042
-10028
-10302
-9665
-9359
-8502
-6726
-5264
-4116
-2560
-1606
-1729
-1753
-1396
-1696
-2410
-2508
-2266
-2026
-1297
-158
719
1516
2655
3531
3682
3460
3034
2173
981
-357
-1909
-3467
-4777
-5846
-6605
-6887
-6846
-6549
-5735
-4653
-3681
-2621
-1332
-176
705
1484
2019
2249
2371
2509
2477
2318
2371
2691
3076
3474
4052
4716
5348
5892
6257
6347
6191
5953
5668
5130
4580
4437
4566
4769
5366
6100
6064
5696
5842
5706
4254
2411
601
-1867
-4272
-5890
-7791
-9941
-10461
-9829
-9553
-8909
-7202
-5675
-4603
-3118
-2041
-2131
-2258
-1864
-2038
-2738
-2853
-2532
-2232
-1518
-273
764
1627
2806
3810
4099
3952
3578
2753
1659
392
-1220
-2879
-4207
-5350
-6290
-6660
-6692
-6566
-5879
-4751
-3811
-2850
-1461
-169
678
1470
2159
2419
2533
2732
2678
2405
2486
2886
3172
3531
4237
4979
5618
6295
6810
6898
6772
6603
6255
5621
5012
4717
4620
4681
5150
5843
5907
5529
5569
5563
4381
2592
840
-1479
-3930
-5653
-7480
-9685
-10564
-10059
-9740
-9271
-7732
-6096
-4955
-3493
-2225
-2129
-2279
-1898
-1925
-2624
-2926
-2729
-2517
-2002
-912
138
979
2098
3203
3698
3674
3414
2736
1764
589
-966
-2689
-4104
-5257
-6236
-6716
-6775
-6618
-5964
-4784
-3707
-2735
-1412
-60
840
1494
2048
2251
2215
2232
2114
1825
1811
2206
2593
3028
3825
4741
5534
6275
6847
7039
6956
6737
6399
5837
5206
4818
4771
4916
5351
6140
6503
6188
6091
6201
5245
3329
1460
-730
-3357
-5404
-7163
-9331
-10614
-10245
-9655
-9237
-7907
-6076
-4777
-3484
-2121
-1773
-2079
-1916
-1758
-2353
-2876
-2729
-2396
-1971
-962
250
1128
2107
3284
3930
3843
3498
2879
1891
648
-834
-2516
-4031
-5203
-6171
-6780
-6939
-6817
-6347
-5387
-4309
-3372
-2220
-867
194
917
1589
2057
2159
2212
2244
2065
1926
2174
2506
2771
3348
4198
4957
5641
6310
6650
6634
6536
6366
5873
5248
4858
4722
4709
5027
5768
6223
6013
5870
6045
5430
3767
1970
-40
-2544
-4700
-6457
-8609
-10283
-10309
-9799
-9538
-8514
-6757
-5407
-4175
-2706
-2051
-2249
-2120
-1784
-2185
-2771
-2716
-2383
-2009
-1103
105
1029
1986
3207
4044
4151
3933
3464
2599
1433
5
-1664
-3275
-4614
-5726
-6495
-6799
-6795
-6449
-5586
-4466
-3433
-2285
-945
208
1043
1732
2176
2268
2276
2274
2085
1902
2098
2482
2856
3449
4334
5206
5966
6655
7037
7023
6837
6585
6057
5331
4819
4613
4548
4803
5567
6169
5992
5776
6010
5547
3909
2089
124
-2408
-4626
-6303
-8445
-10287
-10390
-9799
-9546
-8579
-6787
-5425
-4254
-2767
-2036
-2327
-2337
-2037
-2477
-3224
-3295
-3002
-2700
-1848
-574
406
1346
2655
3668
3894
3756
3405
2600
1458
122
-1520
-3215
-4546
-5561
-6368
-6755
-6687
-6296
-5483
-4322
-3206
-2147
-883
333
1144
1669
2031
2118
2011
1910
1737
1510
1591
2060
2578
3147
4042
5091
5936
6599
7102
7208
6998
6762
6367
5671
5084
4945
4991
5193
5948
6697
6569
6265
6521
6162
4449
2526
562
-2078
-4481
-6211
-8367
-10395
-10626
-9953
-9657
-8741
-6882
-5391
-4219
-2694
-1843
-2112
-2219
-1933
-2367
-3197
-3324
-3049
-2766
-1929
-634
345
1283
2580
3545
3763
3628
3208
2299
1190
-69
-1753
-3403
-4549
-5503
-6326
-6575
-6393
-6075
-5285
-4118
-3192
-2304
-1009
134
760
1328
1842
1938
1890
2009
1917
1656
1856
2354
2690
3141
3976
4816
5471
6103
6503
6541
6486
6377
6015
5481
5063
4965
5097
5415
6065
6671
6615
6267
6273
5910
4329
2321
349
-2135
-4589
-6405
-8378
-10330
-10766
-10160
-9777
-9009
-7297
-5731
-4619
-3221
-2211
-2312
-2486
-2137
-2299
-3052
-3202
-2761
-2385
-1668
-359
738
1592
2777
3820
4068
3841
3502
2693
1470
196
-1368
-3097
-4448
-5389
-6176
-6597
-6458
-6051
-5304
-4178
-3063
-2017
-764
450
1264
1843
2323
2460
2346
2388
2322
2051
2125
2607
3044
3499
4358
5269
5937
6551
6981
6999
6777
6563
6122
5395
4825
4631
4638
4887
5620
6209
6027
5763
5952
5524
3898
2050
59
-2545
-4855
-6507
-8621
-10528
-10646
-9991
-9682
-8697
-6824
-5431
-4304
-2730
-1933
-2304
-2402
-2098
-2550
-3351
-3403
-3132
-2852
-1927
-643
259
1202
2477
3358
3515
3358
2931
1989
873
-368
-1962
-3526
-4723
-5625
-6266
-6456
-6349
-6018
-5139
-4018
-3072
-2070
-860
206
990
1683
2158
2284
2366
2565
2516
2350
2534
2944
3352
3888
4588
5239
5918
6558
6839
6869
6810
6611
6236
5818
5425
5211
5360
5786
6450
6914
6686
6294
6327
5871
4089
1983
-31
-2549
-4947
-6692
-8683
-10589
-10824
-10085
-9724
-8910
-7101
-5585
-4496
-3038
-2148
-2389
-2506
-2064
-2314
-3106
-3089
-2604
-2284
-1504
-158
815
1537
2721
3672
3623
3209
2778
1743
268
-1134
-2674
-4436
-5788
-6532
-7093
-7314
-6970
-6274
-5270
-3916
-2571
-1459
-265
963
1731
2106
2436
2549
2344
2234
2242
2084
2139
2686
3341
3919
4695
5591
6265
6743
7014
6950
6608
6235
5740
5067
4602
4561
4737
5147
6050
6625
6302
6040
6221
5495
3473
1482
-635
-3382
-5628
-7194
-9254
-10883
-10539
-9634
-9189
-7893
-5843
-4527
-3411
-1929
-1470
-2069
-2148
-1950
-2688
-3417
-3194
-2823
-2431
-1322
46
950
1937
3211
3854
3683
3307
2611
1369
-32
-1466
-3080
-4532
-5518
-6224
-6592
-6421
-5989
-5370
-4271
-3030
-2075
-1113
-11
849
1343
1788
2125
2184
2234
2403
2469
2552
2956
3498
4037
4663
5348
5954
6435
6748
6744
6571
6287
5818
5269
4780
4440
4415
4748
5312
6090
6472
6102
5797
5843
4965
2885
848
-1251
-3837
-5956
-7525
-9548
-10924
-10408
-9534
-9086
-7808
-5853
-4529
-3387
-2055
-1686
-2213
-2242
-2091
-2808
-3502
-3305
-2848
-2407
-1391
-100
805
1783
3009
3586
3324
2880
2121
835
-644
-2181
-3878
-5372
-6314
-6964
-7191
-6842
-6194
-5293
-3934
-2526
-1443
-330
826
1594
1955
2284
2405
2218
2132
2229
2224
2321
2895
3630
4300
5054
5902
6579
7041
7326
7285
6970
6519
6009
5433
4911
4652
4759
5174
5913
6701
6724
6216
6094
5857
4357
2128
-27
-2547
-5075
-6845
-8610
-10606
-11125
-10185
-9432
-8613
-6856
-5056
-3826
-2470
-1431
-1532
-1949
-1862
-2072
-2861
-3221
-2926
-2485
-1782
-568
558
1393
2451
3438
3547
3035
2405
1328
-165
-1685
-3251
-4916
-6234
-7020
-7464
-7422
-6930
-6187
-5115
-3732
-2467
-1355
-229
715
1368
1869
2193
2192
2170
2316
2398
2440
2799
3390
3965
4706
5518
6126
6586
7043
7189
6915
6544
6070
5438
4873
4552
4411
4562
5140
6045
6611
6353
5984
5947
5276
3454
1337
-956
-3654
-5850
-7391
-9330
-10931
-10699
-9681
-8980
-7722
-5781
-4255
-3000
-1633
-1083
-1475
-1686
-1672
-2179
-2807
-2872
-2552
-1990
-956
275
1206
2125
3243
3857
3609
2994
2105
732
-801
-2314
-3971
-5511
-6541
-7170
-7415
-7123
-6525
-5738
-4511
-3068
-1902
-869
214
1080
1634
2123
2423
2398
2435
2658
2773
2877
3317
3903
4472
5186
5913
6412
6797
7134
7129
6797
6364
5815
5225
4739
4406
4301
4570
5223
6017
6272
5810
5486
5399
4381
2347
247
-2078
-4662
-6552
-8044
-10010
-11158
-10461
-9447
-8792
-7404
-5490
-4104
-2878
-1653
-1379
-1830
-1863
-1783
-2392
-2972
-2779
-2304
-1733
-637
578
1360
2232
3334
3733
3258
2602
1722
327
-1283
-2908
-4566
-6031
-7050
-7604
-7682
-7420
-6879
-5802
-4307
-2923
-1696
-375
775
1565
2227
2690
2740
2662
2725
2695
2619
2887
3406
3917
4633
5580
6357
6957
7537
7797
7610
7255
6749
6018
5269
4707
4330
4248
4627
5408
6039
5954
5591
5573
5196
3645
1550
-650
-3239
-5607
-7301
-9165
-10921
-11067
-10014
-9128
-8008
-6101
-4255
-2795
-1402
-622
-820
-1120
-1169
-1680
-2562
-2912
-2691
-2324
-1563
-355
657
1471
2553
3403
3317
2715
1998
812
-838
-2550
-4296
-5980
-7168
-7818
-8120
-7979
-7371
-6433
-5104
-3556
-2207
-1039
144
1122
1684
2005
2219
2242
2187
2244
2345
2588
3156
3876
4583
5406
6332
7053
7534
7813
7742
7355
6829
6222
5516
4846
4443
4400
4651
5275
6141
6481
6087
5822
5711
4556
2404
260
-2096
-4770
-6811
-8398
-10291
-11301
-10541
-9449
-8663
-7148
-5089
-3529
-2272
-1118
-853
-1276
-1342
-1394
-2152
-2816
-2645
-2198
-1671
-582
661
1502
2412
3502
3867
3342
2629
1723
286
-1452
-3364
-5333
-6799
-7624
-8219
-8430
-7965
-7084
-5851
-4145
-2514
-1262
115
1571
2343
2534
2788
2890
2629
2457
2449
2369
2667
3543
4389
5082
6103
7220
7884
8206
8346
8036
7327
6592
5809
4855
4136
3929
3993
4409
5314
5935
5789
5630
5656
4779
2860
733
-1714
-4554
-6799
-8583
-10701
-12024
-11531
-10487
-9567
-7889
-5710
-3989
-2387
-863
-435
-836
-946
-1092
-1933
-2756
-2914
-2755
-2287
-1212
9
959
1980
3137
3771
3521
2747
1758
460
-1222
-3197
-5176
-6759
-7754
-8219
-8235
-7888
-7106
-5704
-3956
-2446
-1174
160
1373
2088
2414
2564
2502
2384
2440
2464
2434
2860
3764
4626
5421
6374
7285
7886
8212
8240
7882
7225
6493
5730
4917
4291
4075
4220
4666
5529
6331
6359
6024
5961
5394
3567
1302
-1004
-3748
-6259
-8039
-9931
-11617
-11592
-10461
-9563
-8324
-6231
-4327
-2878
-1378
-525
-804
-1108
-1063
-1599
-2517
-2807
-2577
-2188
-1300
-39
975
1881
3009
3791
3644
2944
2045
737
-1009
-2924
-4911
-6745
-8036
-8714
-8917
-8719
-8066
-6874
-5218
-3503
-2015
-617
768
1826
2371
2644
2754
2656
2588
2642
2641
2805
3451
4345
5179
6074
7049
7803
8259
8475
8339
7770
7036
6282
5409
4558
4160
4148
4341
5002
5931
6146
5713
5689
5523
3958
1711
-374
-3009
-5790
-7630
-9374
-11389
-11868
-10730
-9793
-8778
-6661
-4503
-3062
-1463
-182
-293
-751
-621
-986
-2065
-2550
-2395
-2208
-1543
-276
723
1537
2714
3628
3613
3104
2313
1018
-548
-2230
-4159
-5976
-7195
-8006
-8349
-8036
-7456
-6708
-5283
-3516
-2207
-1080
283
1355
1801
2173
2485
2363
2251
2591
2789
2844
3451
4441
5241
6001
6928
7620
7995
8243
8224
7710
7029
6386
5663
4850
4322
4295
4512
4998
5798
6210
5737
5342
5214
4081
1808
-439
-2779
-5472
-7534
-9170
-11075
-12104
-11380
-10331
-9453
-7812
-5687
-4065
-2589
-1206
-865
-1187
-1125
-1129
-1875
-2487
-2432
-2117
-1603
-541
598
1444
2440
3498
3828
3396
2737
1708
195
-1538
-3294
-5162
-6819
-7895
-8345
-8371
-8041
-7262
-5999
-4432
-2826
-1286
29
1227
2181
2737
2944
3008
2954
2885
2913
3025
3341
3948
4802
5655
6503
7321
8006
8423
8562
8322
7783
7084
6229
5372
4669
4294
4248
4638
5456
6090
5865
5485
5513
4894
3002
741
-1599
-4376
-6763
-8562
-10638
-12336
-12163
-11064
-10192
-8760
-6531
-4569
-2932
-1230
-391
-609
-722
-577
-1188
-2105
-2385
-2174
-1822
-1000
189
1125
2009
3104
3757
3443
2745
1810
437
-1230
-3011
-4894
-6555
-7661
-8268
-8401
-8105
-7463
-6448
-4988
-3509
-2281
-1085
177
1102
1635
2082
2418
2528
2672
3001
3183
3439
4067
4841
5435
6078
6846
7420
7729
7927
7917
7528
7030
6505
5902
5293
4950
4984
5241
5750
6444
6463
5767
5443
5222
3726
1330
-814
-3226
-5864
-7812
-9480
-11408
-12126
-11195
-10243
-9342
-7504
-5362
-3804
-2204
-883
-687
-898
-630
-683
-1489
-1950
-1752
-1421
-826
304
1309
2080
3148
4092
4090
3505
2776
1583
9
-1743
-3738
-5771
-7284
-8264
-8879
-9001
-8619
-7807
-6489
-4836
-3315
-1939
-431
929
1819
2415
2827
2957
2922
3000
3015
2966
3296
4060
4797
5529
6504
7411
8038
8519
8747
8448
7875
7253
6405
5468
4818
4476
4334
4658
5453
5696
5161
4932
4949
3912
1819
-312
-2807
-5584
-7670
-9427
-11533
-12710
-12051
-11014
-10044
-8212
-5935
-4147
-2349
-705
-250
-434
-270
-253
-1020
-1710
-1792
-1645
-1196
-237
784
1587
2566
3574
3945
3545
2764
1706
365
-1258
-3072
-4892
-6543
-7671
-8143
-8159
-8020
-7450
-6222
-4788
-3427
-2109
-864
179
1152
1973
2356
2507
2739
2992
3074
3235
3591
4104
4779
5551
6262
6839
7467
7924
8051
7995
7735
7203
6596
6151
5709
5294
5265
5608
6228
6635
6219
5541
5325
4750
2801
394
-1910
-4576
-6987
-8701
-10635
-12469
-12478
-11349
-10576
-9413
-7256
-5272
-3701
-1910
-881
-979
-893
-410
-753
-1579
-1680
-1392
-1087
-302
838
1645
2422
3526
4210
3960
3242
2339
1044
-604
-2448
-4383
-6316
-7805
-8591
-8890
-8955
-8597
-7482
-5971
-4429
-2901
-1409
-93
1092
2085
2587
2747
2873
3015
2990
2986
3188
3590
4249
5073
5933
6715
7518
8200
8496
8500
8254
7699
6959
6257
5591
5005
4781
4992
5617
6242
6103
5585
5564
5317
3651
1315
-922
-3617
-6289
-8182
-10173
-12248
-12567
-11463
-10645
-9537
-7312
-5104
-3421
-1538
-331
-427
-497
-135
-529
-1578
-1930
-1740
-1524
-843
287
1196
2019
3183
4020
3898
3233
2389
1090
-572
-2388
-4318
-6187
-7543
-8234
-8567
-8546
-8040
-6957
-5533
-4017
-2586
-1314
-59
1103
1886
2221
2469
2659
2731
2838
3004
3174
3601
4429
5184
5808
6550
7292
7777
7988
7970
7613
7109
6620
6031
5425
5096
5109
5349
5990
6731
6613
5907
5700
5298
3461
1000
-1310
-4121
-6900
-8726
-10633
-12747
-13081
-11880
-11058
-9996
-7777
-5639
-4038
-2133
-807
-885
-913
-393
-614
-1481
-1676
-1349
-1056
-282
942
1833
2593
3745
4564
4383
3697
2823
1452
-303
-2206
-4332
-6342
-7764
-8626
-9136
-9193
-8683
-7668
-6177
-4500
-2944
-1472
41
1373
2224
2691
3003
3143
3148
3172
3188
3295
3761
4545
5309
6076
6966
7761
8354
8694
8657
8262
7670
6974
6159
5374
4836
4622
4774
5346
6125
6327
5832
5625
5480
4093
1772
-547
-3230
-6101
-8170
-10081
-12331
-13149
-12151
-11148
-10157
-8090
-5754
-3968
-2058
-521
-313
-449
-113
-265
-1180
-1707
-1618
-1435
-838
265
1184
1955
3070
4023
4043
3430
2595
1351
-259
-2084
-4131
-6081
-7463
-8290
-8826
-8941
-8532
-7685
-6426
-4962
-3612
-2408
-1120
140
955
1403
1849
2270
2548
2826
3156
3470
4040
4877
5576
6191
6921
7575
7978
8202
8225
7924
7485
7050
6563
6045
5668
5647
5873
6309
7005
7212
6543
5947
5661
4395
2008
-288
-2735
-5601
-7741
-9377
-11498
-12731
-11976
-10901
-10198
-8550
-6251
-4547
-2941
-1272
-663
-799
-478
-247
-884
-1413
-1244
-976
-523
509
1539
2203
3106
4085
4210
3616
2752
1502
-141
-2053
-4194
-6308
-7847
-8839
-9551
-9705
-9238
-8340
-6984
-5262
-3607
-2190
-672
806
1671
2054
2428
2684
2665
2738
2955
3130
3634
4524
5362
6113
7063
8003
8493
8713
8753
8364
7681
6935
6190
5398
4756
4629
4826
5340
6237
6714
6270
5789
5643
4496
2145
-235
-2875
-5966
-8295
-9984
-12177
-13517
-12689
-11412
-10485
-8619
-6072
-4204
-2554
-785
-183
-487
-292
-179
-988
-1657
-1493
-1214
-776
380
1555
2253
3200
4265
4423
3779
2841
1525
-198
-2090
-4094
-6083
-7595
-8537
-9036
-8979
-8441
-7596
-6279
-4574
-3045
-1815
-564
675
1481
1902
2272
2473
2593
2958
3374
3662
4236
5168
5994
6677
7459
8136
8408
8508
8477
8047
7376
6720
6155
5599
5201
5254
5546
6149
7064
7271
6496
5938
5634
4054
1424
-999
-3731
-6820
-8910
-10522
-12773
-13824
-12690
-11520
-10721
-8784
-6286
-4577
-2911
-1175
-800
-1078
-542
-238
-1013
-1454
-988
-577
-47
1211
2319
2845
3709
4659
4542
3645
2600
1124
-781
-2668
-4559
-6572
-8239
-9153
-9495
-9417
-8935
-8112
-6761
-4995
-3351
-2048
-798
539
1583
2181
2578
2822
3082
3530
3937
4214
4717
5524
6304
7014
7717
8278
8589
8737
8643
8184
7565
6862
6168
5613
5249
5173
5392
6052
6772
6670
5990
5694
5276
3506
1013
-1386
-4219
-7086
-9046
-10897
-13051
-13623
-12466
-11463
-10354
-8161
-5834
-4080
-2158
-586
-407
-510
-6
-32
-849
-1159
-833
-579
74
1350
2335
2925
3819
4544
4270
3367
2159
454
-1486
-3378
-5432
-7461
-8830
-9417
-9550
-9223
-8421
-7317
-5733
-3818
-2266
-1178
-26
1160
1779
1968
2178
2314
2474
2940
3508
3966
4737
5874
6855
7608
8341
8895
8988
8803
8418
7653
6734
5900
5197
4611
4345
4561
5095
5933
6676
6574
5964
5699
5046
2930
227
-2297
-5171
-7927
-9856
-11740
-13484
-13459
-12106
-11029
-9642
-7290
-5065
-3405
-1714
-564
-578
-643
-271
-501
-1277
-1381
-828
-302
510
1800
2844
3589
4467
4954
4437
3304
1993
293
-1709
-3748
-5860
-7795
-8939
-9323
-9461
-9228
-8356
-7083
-5534
-3809
-2362
-1243
36
1301
1875
2080
2474
2851
3128
3608
4193
4676
5495
6643
7478
8045
8727
9263
9278
9032
8633
7894
7040
6307
5622
4993
4776
5014
5515
6309
6803
6334
5606
5296
4261
1806
-839
-3382
-6331
-8818
-10551
-12559
-14038
-13458
-12069
-11118
-9443
-6917
-4873
-3164
-1395
-593
-754
-508
-108
-591
-1195
-983
-457
88
1130
2330
3119
3909
4741
4855
4089
2942
1505
-360
-2370
-4379
-6423
-8131
-9083
-9432
-9516
-9148
-8232
-7029
-5607
-4048
-2718
-1636
-428
683
1232
1581
2121
2598
2982
3598
4309
4901
5715
6774
7529
8025
8632
9069
8963
8680
8400
7794
6992
6346
5822
5356
5277
5598
6120
6943
7471
6937
6139
5834
4771
2259
-360
-2866
-5888
-8383
-10045
-12104
-13754
-13293
-12031
-11287
-9777
-7379
-5491
-3861
-2034
-1194
-1310
-898
-284
-616
-1068
-662
-52
519
1603
2835
3549
4203
4974
5066
4238
3011
1591
-207
-2239
-4323
-6366
-8017
-9052
-9520
-9632
-9331
-8593
-7452
-5965
-4522
-3288
-2048
-717
310
950
1529
2056
2462
2944
3557
4112
4723
5652
6579
7223
7902
8599
8922
8884
8733
8346
7659
6998
6341
5614
5158
5161
5356
5787
6712
7189
6572
5926
5754
4597
2069
-387
-2906
-5978
-8448
-10109
-12228
-13815
-13248
-12082
-11370
-9794
-7347
-5502
-3867
-1974
-1206
-1346
-919
-345
-808
-1321
-888
-317
277
1411
2706
3474
4241
5146
5324
4608
3461
2161
466
-1584
-3778
-5899
-7551
-8676
-9241
-9394
-9150
-8415
-7139
-5527
-4130
-2839
-1436
-74
906
1557
2088
2437
2769
3175
3541
3932
4600
5516
6354
7120
7932
8650
9106
9250
9056
8552
7866
7088
6257
5492
4919
4681
4891
5446
6252
6668
6271
5721
5508
4543
2157
-457
-2955
-5797
-8412
-10327
-12325
-13858
-13495
-12279
-11387
-9965
-7582
-5500
-3877
-2169
-1305
-1315
-1078
-597
-966
-1579
-1284
-642
-2
1009
2316
3158
3844
4731
4970
4214
2982
1716
65
-1922
-3956
-6060
-7747
-8669
-8966
-9118
-8848
-7908
-6605
-5079
-3608
-2376
-1295
9
1115
1555
1837
2281
2691
3016
3515
4051
4569
5480
6537
7266
7836
8556
9045
9033
8828
8446
7699
6894
6332
5746
5143
5045
5428
6008
6847
7294
6719
6006
5850
4759
2169
-443
-2913
-5820
-8309
-10039
-12102
-13645
-13054
-11765
-11031
-9636
-7278
-5398
-3898
-2212
-1508
-1642
-1296
-799
-1272
-1765
-1308
-728
-105
1053
2296
2996
3776
4684
4733
3925
2747
1333
-355
-2109
-4103
-6308
-7838
-8576
-9000
-9166
-8737
-7900
-6763
-5144
-3650
-2638
-1578
-136
893
1260
1710
2242
2617
3066
3688
4107
4578
5589
6584
7191
7729
8397
8770
8737
8571
8134
7434
6756
6215
5638
5157
5119
5442
6082
6960
7297
6742
6176
5945
4710
2228
-296
-2892
-5836
-8200
-9951
-12109
-13571
-12967
-11806
-11092
-9639
-7362
-5562
-3999
-2321
-1644
-1747
-1329
-807
-1244
-1659
-1144
-494
128
1314
2593
3315
4083
4986
5038
4109
2815
1348
-379
-2254
-4375
-6565
-8073
-8784
-9128
-9199
-8679
-7697
-6372
-4665
-3137
-2084
-964
421
1271
1497
1844
2274
2599
3049
3631
4081
4704
5875
6973
7637
8271
8969
9268
9142
8878
8263
7388
6627
5966
5257
4742
4758
5116
5793
6698
7041
6514
6005
5742
4395
1861
-709
-3414
-6399
-8690
-10400
-12487
-13730
-12994
-11813
-10984
-9385
-7114
-5322
-3728
-2164
-1661
-1856
-1497
-1105
-1584
-1973
-1484
-799
-27
1227
2455
3262
4109
4892
4883
3970
2604
1094
-534
-2409
-4612
-6699
-8062
-8724
-9014
-8971
-8424
-7433
-6023
-4343
-2975
-1966
-795
478
1212
1487
1831
2207
2589
3100
3634
4100
4794
5888
6875
7529
8138
8725
8991
8860
8541
7943
7150
6433
5809
5231
4829
4868
5289
6016
6935
7289
6763
6207
5907
4598
2090
-422
-3080
-6022
-8263
-9933
-11978
-13226
-12501
-11400
-10679
-9140
-6911
-5221
-3761
-2235
-1745
-2002
-1662
-1256
-1733
-2074
-1542
-873
-110
1164
2382
3154
3975
4690
4568
3653
2403
883
-870
-2749
-4831
-6875
-8240
-8840
-9134
-9105
-8449
-7372
-6034
-4388
-2956
-1925
-799
463
1217
1472
1865
2292
2540
2946
3582
4116
4770
5842
6824
7441
8089
8769
8981
8774
8463
7911
7086
6329
5711
5118
4728
4815
5249
5882
6824
7303
6785
6194
5859
4512
1984
-483
-3142
-6188
-8473
-10074
-12055
-13307
-12580
-11454
-10684
-9089
-6839
-5199
-3765
-2233
-1753
-2034
-1756
-1394
-1833
-2063
-1486
-803
-17
1327
2625
3382
4177
4913
4792
3848
2667
1172
-677
-2550
-4496
-6438
-7774
-8301
-8547
-8516
-7843
-6784
-5586
-4097
-2685
-1728
-781
414
1224
1471
1847
2364
2660
3082
3791
4391
5032
6056
7001
7487
8011
8628
8761
8490
8176
7698
6935
6219
5672
5130
4753
4839
5215
5728
6608
7055
6468
5816
5501
4225
1745
-624
-3121
-6054
-8281
-9838
-11855
-13207
-12596
-11588
-10968
-9554
-7427
-5821
-4404
-2918
-2364
-2449
-2068
-1678
-2008
-2167
-1650
-978
-169
1064
2228
2987
3847
4588
4554
3786
2648
1201
-384
-2152
-4323
-6273
-7376
-8008
-8522
-8407
-7723
-6922
-5660
-3960
-2687
-1845
-645
641
1239
1487
1936
2256
2480
3054
3639
4038
4849
6037
6873
7418
8146
8748
8838
8698
8404
7834
7122
6451
5821
5277
4990
5055
5451
6112
6988
7296
6734
6190
5820
4411
1864
-581
-3122
-5999
-8229
-9907
-11928
-13077
-12341
-11332
-10658
-9154
-6947
-5329
-3973
-2577
-2079
-2194
-1852
-1513
-1954
-2180
-1639
-948
-183
1060
2256
2973
3819
4537
4369
3400
2082
457
-1366
-3385
-5710
-7676
-8713
-9208
-9514
-9089
-8010
-6797
-5174
-3212
-1749
-802
423
1542
1783
1716
1954
2037
2041
2554
3199
3741
4843
6342
7362
8062
8980
9595
9476
9096
8564
7663
6657
5850
5122
4544
4442
4833
5463
6417
7499
7730
7172
6727
6034
4029
1265
-1380
-4360
-7288
-9316
-11053
-12892
-13297
-12127
-11042
-9939
-7983
-5898
-4468
-3084
-2025
-2016
-2223
-1932
-1924
-2373
-2269
-1589
-797
293
1761
2920
3729
4604
5016
4523
3382
1997
287
-1634
-3714
-5850
-7507
-8427
-8785
-8892
-8478
-7553
-6332
-4884
-3434
-2209
-1197
-84
893
1337
1539
1929
2399
2791
3315
3979
4742
5763
6923
7777
8339
8938
9400
9357
8882
8324
7645
6831
6071
5461
4941
4710
5019
5534
6213
6905
6870
6182
5606
4869
2898
259
-2244
-4994
-7649
-9570
-11247
-12971
-13310
-12255
-11261
-10241
-8439
-6407
-4885
-3481
-2467
-2295
-2249
-1815
-1661
-1943
-1803
-1100
-242
776
2035
3045
3778
4524
4796
4197
2991
1690
123
-1712
-3732
-5781
-7350
-8212
-8540
-8703
-8382
-7554
-6430
-5038
-3683
-2572
-1598
-374
702
1172
1476
1973
2527
2969
3525
4118
4778
5727
6779
7537
8045
8621
9078
9130
8802
8321
7725
7083
6489
5927
5455
5295
5589
6067
6792
7443
7225
6483
6021
5307
3185
552
-1875
-4657
-7290
-9117
-10887
-12766
-12995
-11862
-11101
-10198
-8296
-6335
-4936
-3483
-2496
-2483
-2345
-1752
-1734
-2185
-1900
-1094
-367
655
1993
2923
3641
4532
4779
3992
2841
1632
-57
-1988
-3979
-6110
-7734
-8481
-8862
-9179
-8770
-7763
-6711
-5346
-3858
-2767
-1881
-542
540
795
1074
1707
2165
2465
3131
3817
4448
5526
6748
7485
8070
8882
9401
9332
9038
8574
7833
7107
6476
5764
5197
5131
5442
5862
6655
7415
7188
6493
6181
5400
3190
674
-1689
-4605
-7263
-8978
-10782
-12637
-12642
-11447
-10812
-9756
-7666
-5854
-4641
-3113
-2188
-2373
-2201
-1628
-1844
-2343
-1833
-1007
-381
730
2149
3089
3831
4702
4835
4045
2984
1718
3
-1908
-3829
-5711
-7139
-7993
-8453
-8529
-8073
-7297
-6343
-5107
-3866
-2825
-1840
-795
84
630
1124
1715
2259
2760
3376
4111
4830
5675
6544
7251
7792
8280
8628
8588
8315
7971
7526
6858
6218
5769
5409
5232
5436
5848
6434
7089
6911
6061
5537
4929
2994
440
-1798
-4423
-7058
-8821
-10425
-12314
-12721
-11708
-11008
-10191
-8402
-6542
-5319
-3841
-2744
-2694
-2585
-1941
-1820
-2238
-1891
-1107
-410
574
1934
2905
3532
4359
4718
4155
3003
1741
280
-1476
-3410
-5313
-6824
-7796
-8205
-8220
-7947
-7311
-6183
-4770
-3508
-2438
-1400
-368
552
1110
1426
1801
2327
2860
3345
3910
4610
5530
6463
7259
7817
8268
8655
8769
8524
8045
7572
6976
6376
5901
5544
5368
5602
6148
6832
7407
7113
6337
5881
5166
3064
457
-1890
-4588
-7144
-8916
-10675
-12524
-12705
-11732
-11019
-10034
-8204
-6392
-4989
-3421
-2579
-2579
-2344
-1785
-1843
-2180
-1825
-1180
-389
709
1936
2745
3526
4404
4509
3756
2543
1123
-551
-2334
-4373
-6464
-7793
-8338
-8635
-8652
-7967
-6881
-5635
-4086
-2687
-1772
-906
157
786
767
907
1360
1754
2188
2878
3646
4553
5821
7039
7774
8314
8962
9239
8950
8393
7774
7065
6327
5735
5278
5038
5182
5765
6470
7302
7809
7421
6729
6171
4955
2452
-125
-2619
-5459
-7801
-9347
-11083
-12463
-11991
-10916
-10184
-8904
-6915
-5406
-4196
-2841
-2430
-2635
-2420
-2030
-2322
-2471
-1802
-992
-128
1136
2513
3327
4098
4770
4522
3505
2187
533
-1557
-3595
-5571
-7417
-8490
-8806
-8867
-8448
-7266
-5882
-4503
-2938
-1551
-651
116
817
1022
883
982
1224
1475
2027
2899
3907
5098
6486
7671
8463
9092
9482
9325
8775
8020
7144
6267
5505
4898
4651
4835
5211
5835
6801
7695
7574
6778
6106
5064
2838
87
-2435
-5334
-7983
-9564
-10929
-12552
-12632
-11245
-10285
-9236
-7333
-5537
-4452
-3085
-2169
-2423
-2550
-2060
-1971
-2322
-1823
-930
-143
1015
2501
3501
4097
4845
4976
4153
2968
1465
-707
-2862
-4725
-6706
-8370
-9008
-9134
-9093
-8231
-6859
-5621
-4197
-2424
-1216
-459
462
1138
1179
1179
1516
1697
1969
2776
3806
4732
5971
7396
8438
9147
9771
10025
9628
9003
8208
7214
6223
5436
4866
4661
4807
5209
5985
7044
7612
7102
6402
5851
4443
1834
-800
-3462
-6430
-8656
-10104
-11793
-13045
-12231
-10916
-10092
-8664
-6643
-5155
-3989
-2622
-2273
-2639
-2459
-1928
-2137
-2246
-1457
-559
383
1709
3083
3783
4397
4906
4567
3424
2017
232
-1887
-3781
-5721
-7448
-8464
-8776
-8820
-8287
-7178
-6149
-4920
-3316
-2099
-1451
-576
212
386
454
874
1183
1469
2257
3253
4131
5254
6660
7690
8475
9195
9626
9498
9059
8476
7578
6716
6021
5383
4991
5021
5272
5748
6564
7443
7460
6683
6057
5282
3398
757
-1756
-4518
-7131
-8884
-10373
-12039
-12429
-11277
-10312
-9336
-7709
-5982
-4711
-3370
-2424
-2482
-2579
-2131
-1862
-2103
-1807
-960
74
1224
2544
3663
4389
5009
5179
4632
3304
1663
-42
-1850
-3994
-6044
-7353
-8347
-8966
-8815
-8176
-7720
-6828
-5217
-4041
-3343
-2184
-1020
-565
-9
792
1132
1431
2373
3210
3751
4767
5999
6789
7562
8545
9010
9079
9195
8961
8208
7553
7049
6284
5620
5445
5361
5395
5899
6662
7048
6699
6079
5474
4458
2432
-99
-2674
-5368
-7665
-9443
-11187
-12630
-12537
-11559
-10782
-9703
-7918
-6174
-4815
-3401
-2633
-2608
-2442
-1870
-1845
-2095
-1547
-569
369
1472
2867
3779
4409
5021
4958
3986
2670
1292
-595
-2597
-4456
-6202
-7553
-8208
-8292
-8074
-7376
-6431
-5334
-4056
-2838
-1936
-1132
-248
317
627
1002
1428
1824
2420
3305
4232
5183
6279
7371
8219
8881
9361
9476
9260
8793
8159
7367
6623
5980
5462
5253
5371
5772
6332
7130
7426
6804
5991
5311
3840
1240
-1394
-4043
-6788
-8935
-10468
-12084
-13045
-12297
-11173
-10373
-9015
-7048
-5565
-4419
-3267
-2907
-3058
-2812
-2353
-2477
-2362
-1434
-268
807
2126
3498
4293
4836
5086
4651
3427
1978
396
-1540
-3491
-5231
-6610
-7644
-8096
-7992
-7578
-6952
-6134
-5027
-3998
-3173
-2365
-1486
-763
-233
352
920
1483
2201
3044
3877
4812
5852
6775
7572
8295
8808
9064
9169
9036
8569
8047
7536
6957
6351
6024
5965
6052
6368
6930
7522
7326
6504
5705
4876
3113
556
-1908
-4549
-7072
-8954
-10516
-12200
-12778
-11908
-11079
-10278
-8742
-6919
-5673
-4371
-3268
-3099
-3079
-2511
-2108
-2265
-1868
-907
127
1213
2571
3681
4293
4837
4983
4369
3092
1695
53
-1816
-3765
-5659
-6990
-7766
-8154
-8213
-7711
-6940
-6061
-4817
-3665
-2911
-2107
-985
-280
-60
390
1015
1468
2003
2831
3629
4459
5613
6724
7476
8159
8898
9277
9201
8935
8475
7796
7101
6507
5858
5467
5496
5796
6193
6874
7472
7143
6330
5640
4684
2524
-93
-2593
-5364
-7858
-9616
-11219
-12761
-12719
-11622
-10782
-9712
-7904
-6196
-5049
-3718
-2918
-2987
-2987
-2472
-2309
-2473
-1954
-940
232
1485
2925
3983
4650
5121
5084
4294
2899
1413
-315
-2212
-4251
-5983
-6978
-7572
-7895
-7695
-6961
-6206
-5221
-3967
-3077
-2440
-1519
-582
-206
69
679
1250
1781
2522
3345
4190
5268
6403
7229
7916
8615
9108
9200
9008
8579
7986
7421
6824
6145
5654
5533
5543
5780
6308
7007
7143
6508
5731
4963
3617
1283
-1165
-3747
-6378
-8423
-9977
-11677
-12770
-12126
-11181
-10477
-9203
-7395
-6017
-4819
-3516
-3096
-3169
-2824
-2240
-2271
-2183
-1332
-277
866
2208
3495
4269
4901
5206
4785
3756
2436
835
-1139
-3050
-4993
-6623
-7515
-7991
-8251
-7930
-7062
-6254
-5245
-3976
-3029
-2325
-1394
-472
-121
172
860
1463
1912
2626
3608
4508
5562
6746
7593
8197
8852
9312
9212
8848
8409
7788
7058
6414
5830
5403
5336
5577
6008
6670
7457
7431
6643
5925
5176
3363
795
-1590
-4298
-6929
-8725
-10206
-11992
-12487
-11374
-10564
-9806
-8158
-6326
-5250
-4017
-2990
-3048
-3165
-2651
-2356
-2700
-2306
-1242
-212
984
2487
3640
4344
5067
5151
4375
3179
1745
-245
-2410
-4318
-6167
-7586
-8254
-8463
-8384
-7623
-6511
-5527
-4293
-2962
-2100
-1492
-720
-137
-46
187
710
1113
1584
2510
3625
4630
5877
7111
7946
8565
9139
9325
8980
8470
7843
7074
6277
5682
5250
5075
5259
5744
6396
7225
7894
7541
6575
5741
4632
2309
-402
-2903
-5642
-7999
-9496
-10811
-12170
-11920
-10602
-9750
-8811
-7136
-5571
-4700
-3715
-3223
-3476
-3540
-3076
-2905
-2980
-2293
-1100
141
1442
2865
3858
4501
4893
4682
3810
2459
889
-912
-2675
-4380
-5762
-6680
-7202
-7286
-6924
-6244
-5635
-4792
-3703
-2901
-2373
-1693
-953
-483
13
682
1266
1909
2826
3829
4715
5622
6586
7293
7876
8340
8561
8569
8404
8029
7501
7046
6537
6062
5784
5682
5661
5856
6303
6905
7140
6512
5550
4853
3864
1679
-784
-3064
-5476
-7585
-9067
-10544
-11956
-11781
-10759
-10144
-9408
-7878
-6392
-5410
-4347
-3820
-3887
-3667
-3006
-2805
-2758
-1992
-834
309
1598
2952
3790
4364
4745
4522
3519
2156
567
-1334
-3150
-4876
-6322
-7328
-7742
-7707
-7250
-6397
-5508
-4413
-3196
-2218
-1607
-980
-295
51
278
674
1130
1644
2442
3496
4489
5530
6705
7697
8417
8910
9160
9026
8595
7996
7267
6532
5914
5479
5254
5294
5596
6113
6844
7697
7889
7113
6147
5371
3869
1273
-1341
-3845
-6348
-8275
-9603
-11019
-11882
-11141
-10020
-9284
-8255
-6731
-5562
-4719
-3947
-3893
-4125
-3830
-3292
-3239
-2978
-1961
-714
518
1903
3171
3874
4339
4481
3986
2823
1432
-89
-1821
-3485
-4979
-6127
-6943
-7245
-7118
-6727
-6169
-5468
-4566
-3730
-2994
-2358
-1718
-1030
-354
232
782
1491
2293
3111
4030
4966
5772
6567
7340
7877
8138
8322
8339
8015
7612
7264
6825
6304
6003
5911
5835
5978
6381
6897
7388
7279
6397
5494
4789
3233
761
-1576
-3905
-6256
-8038
-9391
-10911
-11608
-10851
-10003
-9400
-8256
-6696
-5599
-4648
-3825
-3730
-3766
-3276
-2816
-2885
-2499
-1429
-297
873
2246
3409
4033
4500
4532
3878
2709
1337
-305
-2141
-3881
-5460
-6567
-7214
-7428
-7198
-6553
-5745
-4826
-3733
-2791
-2035
-1343
-710
-231
131
512
935
1486
2137
2980
3975
4982
5982
6920
7714
8309
8695
8750
8481
7975
7375
6816
6202
5601
5225
5169
5327
5647
6181
6909
7463
7111
6162
5319
4282
2234
-305
-2690
-5225
-7441
-8891
-10172
-11471
-11503
-10426
-9613
-8764
-7356
-6003
-5085
-4091
-3563
-3788
-3742
-3243
-3011
-2998
-2272
-1143
-30
1291
2697
3582
4030
4399
4161
3239
2055
667
-1024
-2676
-4169
-5518
-6409
-6834
-6973
-6762
-6193
-5580
-4895
-4075
-3348
-2739
-2082
-1348
-739
-166
500
1294
2086
2887
3824
4767
5612
6351
7038
7557
7933
8198
8199
7968
7635
7357
7003
6578
6223
5948
5902
5969
6191
6514
7067
7388
6799
5844
5101
4132
2104
-210
-2418
-4883
-6971
-8394
-9863
-11368
-11391
-10545
-10006
-9225
-7868
-6562
-5568
-4374
-3827
-3880
-3612
-2998
-2777
-2743
-1963
-954
93
1368
2653
3427
3857
4274
4045
3144
1851
349
-1346
-3070
-4637
-5999
-6808
-7160
-7087
-6624
-5911
-5079
-4078
-3003
-2277
-1765
-1168
-607
-255
20
396
875
1536
2379
3307
4321
5371
6406
7319
7967
8356
8523
8425
8055
7500
6891
6275
5786
5361
5144
5221
5486
5913
6485
7221
7367
6642
5680
4862
3487
1110
-1277
-3611
-5949
-7737
-8944
-10283
-11207
-10602
-9653
-9007
-8059
-6660
-5621
-4740
-3826
-3711
-3834
-3492
-2949
-2883
-2564
-1560
-471
740
2037
3189
3801
4244
4472
4020
2975
1553
68
-1589
-3223
-4735
-5897
-6532
-6832
-6739
-6330
-5742
-5051
-4083
-3137
-2603
-2056
-1295
-621
-200
262
788
1384
2173
3017
3850
4734
5724
6592
7304
7838
8143
8279
8262
8008
7458
6901
6495
6048
5587
5417
5509
5708
6046
6615
7170
6989
6159
5324
4472
2761
329
-2018
-4402
-6613
-8245
-9593
-11005
-11412
-10628
-9895
-9183
-7933
-6575
-5622
-4593
-3920
-3982
-3919
-3390
-3095
-3095
-2467
-1408
-297
920
2210
3144
3623
4073
4070
3324
2021
560
-1025
-2724
-4289
-5677
-6560
-6908
-6880
-6547
-5879
-5055
-4186
-3134
-2279
-1775
-1250
-584
-152
81
492
1042
1687
2474
3410
4389
5453
6512
7344
7985
8446
8667
8627
8403
7883
7169
6598
6149
5655
5313
5347
5578
5870
6358
7049
7295
6713
5763
4898
3628
1449
-989
-3357
-5644
-7485
-8823
-10154
-11086
-10725
-9835
-9144
-8220
-6921
-5827
-4938
-4114
-3914
-4038
-3758
-3228
-3044
-2774
-1865
-658
590
1827
2938
3577
3987
4228
3814
2675
1194
-256
-1908
-3582
-5057
-6210
-6843
-7035
-6883
-6510
-5852
-5068
-4204
-3338
-2703
-2181
-1567
-941
-547
-132
459
1163
1928
2803
3810
4815
5842
6754
7460
7972
8349
8535
8447
8144
7649
7114
6664
6274
5931
5773
5868
6107
6414
6935
7404
7131
6201
5278
4313
2533
173
-2141
-4464
-6560
-8077
-9323
-10617
-10922
-10126
-9386
-8677
-7532
-6256
-5298
-4353
-3734
-3727
-3618
-3126
-2723
-2552
-1972
-924
292
1511
2620
3397
3820
4156
4005
3138
1700
200
-1325
-3034
-4634
-5959
-6724
-7031
-6933
-6533
-5887
-5063
-4192
-3237
-2560
-2086
-1559
-1003
-633
-400
82
672
1440
2373
3401
4481
5560
6679
7537
8164
8585
8768
8711
8375
7819
7173
6583
6070
5655
5424
5431
5632
5965
6453
7028
7093
6315
5243
4277
2805
513
-1875
-4207
-6499
-8216
-9340
-10560
-11355
-10719
-9702
-9018
-8030
-6699
-5677
-4814
-3955
-3758
-3918
-3559
-2984
-2769
-2323
-1282
-50
1226
2559
3539
3965
4330
4376
3649
2295
724
-817
-2481
-4018
-5449
-6404
-6655
-6584
-6326
-5778
-4935
-4249
-3479
-2685
-2310
-2009
-1468
-879
-672
-308
466
1252
2179
3261
4375
5319
6362
7334
7870
8252
8522
8542
8304
7917
7436
6935
6562
6253
5945
5885
6087
6287
6536
7046
7319
6665
5538
4602
3377
1409
-805
-3019
-5411
-7302
-8412
-9635
-10841
-10827
-9970
-9383
-8662
-7519
-6585
-5745
-4756
-4268
-4358
-4106
-3406
-2974
-2515
-1618
-550
681
2033
3096
3591
3955
4179
3754
2839
1539
102
-1311
-2666
-4086
-5399
-5951
-6154
-6366
-6276
-5819
-5408
-4938
-4101
-3544
-3217
-2510
-1555
-909
-410
455
1312
2145
3100
4020
4816
5668
6605
7264
7812
8324
8648
8791
8745
8449
8060
7703
7218
6622
6190
6040
5941
5950
6341
6773
6614
5789
4945
4113
2653
560
-1717
-4140
-6478
-8130
-9463
-10937
-11631
-11028
-10133
-9317
-8147
-6805
-5679
-4579
-3741
-3598
-3636
-3261
-2797
-2530
-1976
-1086
54
1450
2758
3619
4083
4428
4319
3554
2310
701
-968
-2519
-4013
-5495
-6394
-6591
-6637
-6486
-5905
-5227
-4678
-3876
-3113
-2816
-2490
-1793
-1169
-841
-260
563
1379
2400
3530
4550
5484
6531
7351
7880
8294
8471
8464
8325
8013
7537
7195
6910
6502
6204
6184
6244
6307
6640
7105
7177
6473
5358
4395
3276
1401
-887
-3138
-5385
-7245
-8533
-9782
-10992
-11050
-10187
-9502
-8885
-7827
-6693
-5855
-4997
-4520
-4550
-4372
-3694
-3161
-2762
-1899
-748
562
1923
3053
3579
3858
4081
3675
2594
1213
-243
-1761
-3139
-4452
-5599
-6110
-6135
-6100
-5896
-5318
-4765
-4290
-3573
-2987
-2704
-2184
-1327
-724
-288
558
1500
2378
3390
4480
5416
6300
7240
7887
8295
8569
8727
8707
8539
8210
7800
7471
7130
6765
6516
6514
6570
6695
7066
7476
7111
5914
4816
3902
2294
-46
-2318
-4652
-6860
-8332
-9412
-10764
-11425
-10661
-9788
-9225
-8322
-7101
-6248
-5387
-4619
-4566
-4572
-4024
-3302
-2907
-2148
-1039
177
1580
2868
3561
3781
4041
3829
2932
1601
132
-1347
-2693
-3925
-5175
-5932
-6088
-6105
-6087
-5768
-5329
-5045
-4573
-3961
-3627
-3242
-2398
-1473
-811
23
1106
2092
3057
4063
4971
5727
6500
7156
7601
7921
8158
8367
8470
8393
8148
7909
7624
7257
6885
6670
6571
6532
6687
7127
7342
6587
5492
4767
3824
1863
-426
-2636
-5064
-7061
-8351
-9697
-11079
-11060
-10165
-9580
-8889
-7658
-6542
-5712
-4692
-4299
-4453
-4263
-3617
-3224
-2793
-1842
-787
513
1948
3046
3492
3850
4019
3449
2328
841
-755
-2264
-3547
-4882
-5949
-6254
-6188
-6078
-5686
-5021
-4549
-4072
-3362
-2942
-2799
-2309
-1561
-1022
-509
328
1215
2202
3317
4328
5216
6137
6963
7485
7893
8121
8169
8179
8114
7801
7465
7257
6972
6627
6499
6541
6553
6685
7039
7411
6967
5821
4749
3808
2210
-63
-2239
-4555
-6623
-8003
-9050
-10371
-10942
-10241
-9516
-8926
-8048
-6963
-6178
-5223
-4506
-4510
-4460
-3895
-3198
-2715
-1852
-826
351
1737
2921
3506
3719
3924
3596
2716
1398
-106
-1523
-2728
-3892
-5079
-5707
-5873
-5941
-5820
-5498
-5235
-5033
-4468
-3908
-3659
-3180
-2294
-1381
-651
254
1213
2183
3270
4248
5044
5774
6494
7060
7568
7968
8186
8388
8543
8445
8212
7999
7646
7140
6762
6606
6438
6447
6700
7210
7245
6383
5300
4430
3220
1077
-1197
-3569
-5953
-7708
-8878
-10214
-11300
-10935
-10004
-9274
-8419
-7274
-6379
-5530
-4625
-4482
-4632
-4315
-3637
-3139
-2382
-1286
-136
1318
2791
3689
3961
4129
3919
3031
1685
20
-1676
-3155
-4349
-5469
-6193
-6284
-6150
-5753
-5124
-4546
-4257
-3778
-3138
-2888
-2716
-2271
-1629
-1056
-280
674
1634
2800
4063
5238
6171
6954
7552
8043
8388
8433
8324
8224
8037
7763
7565
7307
6996
6791
6826
6798
6747
6873
7251
7406
6567
5176
3981
2837
936
-1328
-3549
-5839
-7591
-8620
-9637
-10817
-10843
-9917
-9121
-8371
-7387
-6523
-5763
-4800
-4380
-4484
-4211
-3445
-2771
-2026
-986
38
1265
2677
3598
3791
3750
3554
2849
1763
351
-1129
-2348
-3277
-4191
-4973
-5329
-5574
-5626
-5444
-5362
-5576
-5589
-5144
-4807
-4475
-3797
-2840
-1753
-496
794
1831
2869
3955
4849
5494
5897
6182
6539
7069
7461
7676
8001
8332
8510
8589
8482
8061
7582
7273
6975
6564
6362
6549
7005
6886
5958
4922
4059
2757
648
-1665
-4218
-6584
-8204
-9427
-10857
-11646
-11090
-10138
-9217
-8121
-7019
-6120
-5058
-4345
-4387
-4453
-3941
-3292
-2608
-1578
-505
785
2433
3925
4571
4689
4595
4078
3097
1584
-216
-1780
-2910
-3952
-4922
-5477
-5733
-5763
-5441
-5191
-5279
-5315
-4939
-4572
-4380
-3934
-3161
-2086
-835
396
1516
2618
3790
4751
5496
5987
6222
6516
7004
7422
7574
7865
8259
8470
8520
8455
8103
7579
7118
6744
6336
6047
6093
6515
6901
6348
5229
4301
3343
1486
-944
-3417
-5983
-8034
-9310
-10484
-11661
-11630
-10540
-9469
-8528
-7382
-6404
-5506
-4610
-4334
-4595
-4490
-3805
-3140
-2211
-1048
188
1662
3343
4412
4567
4456
4106
3229
1854
207
-1437
-2647
-3511
-4393
-5157
-5372
-5317
-5200
-4986
-4932
-5115
-5103
-4700
-4502
-4391
-3778
-2674
-1475
-303
891
2010
3141
4247
5053
5609
6004
6299
6643
7110
7403
7554
8005
8440
8453
8303
8148
7709
7112
6740
6420
6001
5916
6307
6895
6972
6129
5029
4212
3075
913
-1564
-4004
-6386
-8090
-9137
-10333
-11270
-10796
-9586
-8761
-7951
-6928
-6160
-5402
-4674
-4603
-4899
-4519
-3695
-2907
-1839
-584
715
2291
3851
4480
4361
4143
3600
2487
1017
-599
-2086
-3052
-3689
-4492
-5090
-5145
-5057
-4979
-4858
-4966
-5287
-5192
-4786
-4640
-4394
-3543
-2319
-1075
143
1309
2373
3501
4481
5115
5569
5909
6241
6701
7201
7416
7705
8290
8596
8473
8296
8001
7392
6876
6567
6162
5779
5863
6438
6991
6664
5482
4397
3500
1906
-511
-3017
-5571
-7722
-8886
-9728
-10885
-11262
-10239
-9073
-8235
-7337
-6522
-5886
-5046
-4527
-4710
-4746
-4052
-3049
-1973
-777
424
1829
3394
4454
4545
4197
3640
2705
1434
-148
-1882
-3184
-3812
-4367
-4907
-5009
-4805
-4617
-4316
-4083
-4227
-4351
-4007
-3575
-3362
-2914
-1973
-842
259
1351
2356
3335
4325
5126
5693
6047
6231
6523
6966
7199
7223
7480
7761
7715
7571
7443
7068
6580
6365
6277
6016
5855
6238
6877
6845
5700
4365
3430
2141
18
-2324
-4751
-7089
-8399
-9011
-10072
-10962
-10433
-9337
-8571
-7817
-7069
-6567
-5804
-4973
-4860
-4953
-4357
-3297
-2210
-1008
103
1187
2507
3634
3964
3746
3209
2351
1429
258
-1419
-2898
-3649
-4248
-4857
-4995
-4890
-4945
-4704
-4213
-4154
-4318
-3972
-3398
-3045
-2587
-1826
-947
60
1144
2049
2921
3888
4802
5620
6273
6552
6816
7354
7754
7788
7821
7862
7673
7508
7417
7028
6504
6374
6454
6397
6332
6591
7142
7284
6248
4643
3448
2133
81
-2147
-4451
-6914
-8402
-8852
-9703
-10746
-10474
-9466
-8792
-8065
-7300
-6973
-6406
-5389
-4979
-4997
-4390
-3313
-2180
-795
464
1387
2498
3596
4017
3889
3301
2291
1405
508
-1047
-2612
-3463
-4187
-4892
-4987
-4945
-5338
-5313
-4742
-4615
-4854
-4547
-3963
-3497
-2764
-1913
-1128
-98
1099
2053
2902
3744
4504
5350
6129
6484
6742
7320
7879
8120
8282
8275
7973
7790
7704
7213
6565
6338
6298
6272
6360
6511
6898
7258
6507
4851
3469
2139
131
-2029
-4142
-6623
-8341
-8787
-9418
-10510
-10486
-9553
-8969
-8274
-7418
-7153
-6811
-5790
-5139
-5081
-4523
-3515
-2449
-1037
315
1206
2139
3195
3731
3737
3243
2214
1321
706
-424
-1767
-2619
-3451
-4250
-4353
-4348
-5019
-5349
-4968
-4872
-5073
-4821
-4341
-3865
-2933
-1876
-1028
-56
1107
2093
2939
3641
4109
4854
5759
6231
6576
7224
7889
8352
8818
8949
8574
8302
8139
7604
6932
6484
6114
6039
6376
6545
6772
7391
6967
5240
3776
2570
483
-1891
-3862
-6300
-8355
-8929
-9359
-10458
-10690
-9792
-9204
-8575
-7660
-7349
-7101
-6105
-5336
-5178
-4549
-3497
-2435
-997
448
1376
2346
3421
3909
3880
3410
2331
1314
715
-372
-1789
-2649
-3451
-4404
-4683
-4736
-5473
-5945
-5681
-5529
-5600
-5351
-4914
-4370
-3354
-2266
-1314
-212
937
1950
2949
3783
4206
4903
5890
6374
6651
7235
7832
8277
8750
8876
8547
8340
8203
7753
7206
6738
6338
6290
6623
6742
6777
7373
7391
5884
4117
2773
993
-1226
-3172
-5427
-7695
-8687
-8980
-9788
-10432
-10022
-9400
-8824
-8049
-7627
-7497
-6779
-5812
-5377
-4903
-4048
-3029
-1677
-166
885
1691
2595
3178
3376
3165
2272
1256
711
-63
-1316
-2175
-2716
-3509
-3949
-3995
-4633
-5385
-5443
-5339
-5530
-5638
-5440
-5012
-4098
-3026
-2090
-997
186
1317
2396
3338
3864
4434
5431
6171
6495
6960
7638
8252
8808
9129
9025
8791
8635
8345
7813
7175
6666
6564
6737
6813
6810
7183
7621
6932
5177
3468
1951
95
-1910
-3996
-6349
-8149
-8790
-9188
-10015
-10437
-10084
-9488
-8782
-8108
-7800
-7409
-6410
-5452
-4860
-4223
-3342
-2155
-664
664
1429
2007
2601
3085
3208
2593
1541
768
149
-893
-2007
-2849
-3740
-4398
-4446
-4651
-5262
-5486
-5211
-4980
-4880
-4636
-4256
-3540
-2538
-1603
-656
289
1177
2112
3048
3680
4107
4875
5786
6332
6740
7233
7745
8280
8640
8589
8198
7902
7796
7556
7144
6665
6474
6652
6888
6979
7107
7500
7200
5595
3678
2167
522
-1507
-3542
-5672
-7695
-8713
-9048
-9768
-10455
-10346
-9755
-9150
-8535
-8039
-7621
-6794
-5844
-5163
-4515
-3706
-2637
-1254
135
1058
1703
2342
2865
3105
2752
1830
987
403
-425
-1498
-2505
-3485
-4217
-4330
-4379
-4871
-5279
-5242
-4961
-4701
-4533
-4323
-3708
-2667
-1665
-696
251
1012
1853
2818
3510
3905
4513
5442
6276
6913
7407
7925
8587
9016
8991
8679
8320
8061
7868
7623
7159
6755
6770
6949
7042
7158
7522
7512
6124
3978
2323
936
-941
-3055
-5045
-7054
-8435
-8870
-9483
-10403
-10586
-10003
-9414
-8904
-8300
-7766
-7012
-6013
-5251
-4619
-3868
-2915
-1625
-244
733
1338
2000
2594
2839
2688
1971
1011
342
-282
-1338
-2656
-3731
-4365
-4557
-4651
-5055
-5530
-5640
-5328
-4920
-4788
-4718
-4105
-2948
-1849
-989
-107
749
1601
2487
3144
3591
4190
5147
6137
6862
7298
7751
8480
8991
8960
8654
8291
8001
7889
7754
7327
6848
6854
7113
7204
7196
7398
7723
6965
4976
3076
1565
-199
-2140
-3940
-6023
-7923
-8583
-8959
-9977
-10651
-10458
-9927
-9305
-8510
-7932
-7426
-6457
-5469
-4664
-3970
-3294
-2172
-614
631
1278
1847
2458
2829
2925
2504
1476
578
78
-663
-1898
-3142
-3978
-4380
-4576
-4859
-5270
-5644
-5633
-5201
-4870
-4833
-4440
-3372
-2169
-1151
-226
659
1437
2278
3061
3599
4138
4924
5975
6869
7323
7633
8243
8827
8964
8766
8371
7917
7718
7682
7371
6844
6555
6782
7023
6968
6822
7097
7043
5474
3414
1862
226
-1653
-3164
-4958
-7211
-8391
-8521
-9304
-10322
-10500
-10180
-9602
-8730
-8082
-7853
-7109
-6131
-5350
-4550
-3976
-3304
-1859
-216
657
1251
1983
2487
2717
2659
1860
785
185
-321
-1143
-2094
-3095
-3938
-4210
-4334
-4695
-5155
-5488
-5434
-4966
-4486
-4254
-3683
-2601
-1451
-444
446
1098
1597
2410
3224
3695
4210
5121
6193
7007
7498
7908
8366
8708
8850
8732
8385
8010
7863
7797
7542
7053
6862
7085
7209
7196
7351
7629
6673
4459
2592
1202
-614
-2515
-4172
-6188
-7912
-8366
-8705
-9838
-10465
-10191
-9636
-8948
-8166
-7760
-7214
-6068
-5163
-4458
-3802
-3188
-2120
-531
567
1057
1662
2282
2555
2467
1833
696
-176
-837
-1711
-2590
-3372
-4197
-4568
-4604
-4955
-5391
-5638
-5697
-5403
-4717
-4238
-3815
-2875
-1760
-857
-31
679
1110
1759
2642
3234
3781
4649
5633
6497
7077
7325
7578
7955
8126
7998
7839
7617
7439
7450
7387
7068
6830
6999
7155
7289
7543
7920
7907
6469
4248
2561
1166
-705
-2650
-4484
-6423
-7632
-7954
-8819
-10057
-10353
-9984
-9534
-8844
-8155
-7825
-6919
-5587
-4799
-4278
-3602
-2642
-1263
165
957
1434
2050
2615
2784
2441
1514
558
-32
-890
-1968
-2731
-3400
-4042
-4216
-4442
-5065
-5451
-5372
-5214
-4916
-4418
-3956
-3248
-2181
-1219
-552
138
751
1305
2085
2814
3451
4374
5462
6323
6909
7251
7455
7750
8031
7923
7593
7385
7342
7354
7195
6845
6578
6620
6766
6784
6791
7041
7522
7087
5099
2880
1346
-101
-1748
-3496
-5590
-7335
-7912
-8435
-9649
-10415
-10466
-10261
-9553
-8698
-8350
-7843
-6600
-5547
-4971
-4410
-3815
-2775
-1134
208
930
1483
2002
2476
2697
2103
984
264
-263
-929
-1527
-2366
-3445
-3892
-3786
-4115
-4733
-5120
-5256
-4938
-4264
-3827
-3379
-2432
-1252
-283
354
717
1141
1946
2726
3169
3757
4706
5804
6839
7392
7434
7527
7872
8082
7977
7658
7306
7278
7389
7133
6668
6512
6571
6636
6717
6742
7023
7578
6884
4561
2339
844
-555
-1783
-3159
-5435
-7232
-7482
-8052
-9397
-9850
-9750
-9787
-9012
-7995
-7852
-7285
-5765
-4981
-4884
-4368
-3725
-2729
-933
447
780
1068
1585
2012
2237
1563
209
-578
-838
-1189
-1614
-2480
-3781
-4269
-4041
-4586
-5515
-5831
-5880
-5573
-4703
-4217
-4074
-3075
-1452
-327
238
508
729
1528
2710
3430
3859
4612
5647
6743
7534
7562
7312
7453
7734
7779
7534
7051
6802
7050
7196
6814
6391
6225
6305
6762
7125
7178
7277
6799
5203
3294
1512
-269
-1383
-2194
-4109
-6163
-6913
-7608
-8738
-9255
-9735
-10312
-9459
-8004
-7756
-7570
-6609
-5956
-5280
-4221
-3770
-3313
-1664
81
988
1601
1797
1688
1911
1822
946
161
-298
-722
-905
-1258
-2300
-3236
-3654
-4222
-4689
-4791
-5177
-5540
-5037
-4131
-3415
-2682
-2028
-1524
-661
462
1106
1314
1717
2506
3588
4764
5560
5884
6268
6789
7054
7006
6823
6582
6453
6520
6474
6217
6011
5885
5762
5659
5459
5275
5327
5565
5913
5997
5149
3442
1615
197
-416
-603
-1633
-3459
-4847
-5679
-6279
-6637
-7382
-8416
-8359
-7452
-7068
-6995
-6758
-6563
-5915
-4929
-4695
-4596
-3379
-1720
-434
438
408
-14
414
1121
1089
663
83
-580
-665
-415
-656
-1034
-1265
-1761
-2185
-2260
-2444
-2564
-2238
-1930
-1715
-1196
-706
-402
-14
356
509
647
910
1279
1898
2709
3323
3547
3618
3718
3865
3948
3762
3392
3143
3272
3570
3597
3221
2722
2416
2305
2240
2050
1784
1626
1700
1825
1730
1542
1456
1432
1435
1414
1268
1150
1244
1332
1206
927
589
289
104
-67
-400
-842
-1186
-1418
-1620
-1806
-2045
-2394
-2779
-3138
-3474
-3691
-3749
-3767
-3789
-3836
-3862
-3793
-3630
-3442
-3274
-3075
-2805
-2460
-2026
-1546
-1103
-692
-313
-40
173
397
575
699
853
1026
1144
1276
1339
1157
909
754
558
414
416
344
216
131
-57
-346
-559
-697
-794
-826
-798
-741
-600
-361
-147
-39
-5
10
12
45
109
235
433
642
851
1033
1180
1432
1785
2071
2247
2344
2409
2496
2647
2780
2825
2883
3017
3110
3159
3182
3100
2957
2792
2504
2067
1593
1093
619
118
-414
-931
-1458
-1901
-2275
-2591
-2861
-3025
-3119
-3187
-3194
-3112
-2916
-2682
-2352
-1983
-1646
-1267
-880
-550
-241
133
520
923
1299
1554
1626
1608
1532
1348
1199
1046
835
595
276
-156
-607
-1051
-1495
-1834
-2144
-2424
-2526
-2549
-2485
-2367
-2273
-2199
-2115
-1944
-1762
-1599
-1383
-1077
-819
-511
-166
33
289
627
890
1127
1351
1474
1566
1667
1733
1820
1862
1964
2037
2030
2027
1960
1890
1837
1775
1636
1527
1340
1160
1003
769
589
312
-38
-323
-575
-740
-783
-850
-918
-936
-948
-863
-768
-723
-614
-527
-430
-245
-68
136
452
717
976
1148
1164
1177
1131
1059
1041
984
896
835
671
448
166
-208
-599
-918
-1251
-1494
-1724
-1947
-2031
-2090
-2107
-2129
-2236
-2370
-2411
-2363
-2203
-1954
-1717
-1510
-1281
-1078
-826
-563
-324
-89
122
359
651
913
1131
1294
1406
1515
1660
1772
1818
1786
1696
1659
1617
1601
1548
1410
1194
990
759
598
428
236
52
-207
-352
-457
-502
-527
-592
-693
-699
-585
-402
-129
-35
11
100
198
485
759
953
1063
1108
1158
1324
1401
1352
1203
911
765
740
756
710
515
136
-216
-517
-747
-881
-1074
-1242
-1396
-1576
-1662
-1728
-1765
-1814
-1920
-2051
-2149
-2085
-1938
-1737
-1632
-1601
-1573
-1417
-1155
-900
-732
-663
-559
-321
-20
279
502
670
849
1095
1290
1408
1447
1392
1421
1513
1679
1731
1687
1424
1205
1107
1003
986
792
515
285
136
107
198
151
-17
-134
-287
-187
-3
71
175
204
288
534
738
850
980
980
1088
1259
1359
1457
1400
1262
1185
1197
1140
1166
959
654
430
118
-9
-193
-573
-876
-1242
-1463
-1519
-1644
-1855
-2119
-2392
-2538
-2514
-2567
-2587
-2705
-2764
-2618
-2426
-2221
-2042
-1997
-1894
-1759
-1584
-1316
-1222
-1095
-923
-765
-420
-150
-5
110
222
280
421
524
496
666
771
1066
1382
1375
1252
1184
1101
1315
1410
1232
1127
1049
1082
1151
1156
873
827
704
558
710
535
454
411
338
572
866
1046
1091
1258
1323
1628
1768
1826
2116
2536
2934
3099
2975
2713
2727
2730
2620
2456
2095
1873
1664
1416
1038
565
-9
-626
-1032
-1395
-1589
-1941
-2407
-2931
-3319
-3398
-3363
-3225
-3330
-3563
-3651
-3564
-3212
-2944
-2941
-3025
-2849
-2406
-1865
-1472
-1350
-1261
-1163
-1034
-808
-597
-426
-319
-330
-244
-113
143
148
68
-159
-270
-193
-170
-119
-314
-363
-293
-120
54
-50
-91
-173
-18
51
142
281
384
615
635
700
816
1003
1100
1165
1176
1292
1582
1609
1715
1706
1775
2006
2154
2359
2459
2647
2633
2621
2599
2562
2889
2982
3085
2921
2647
2486
2342
2204
1834
1472
1007
803
631
299
-29
-649
-1183
-1716
-2103
-2288
-2401
-2613
-2896
-3123
-3198
-2988
-2969
-3099
-3273
-3248
-2850
-2426
-2163
-2065
-1933
-1732
-1391
-1155
-1037
-903
-859
-697
-463
-397
-407
-490
-580
-486
-416
-445
-438
-427
-439
-568
-747
-872
-720
-588
-581
-567
-597
-421
-308
-213
-161
-123
-77
-56
134
423
756
771
784
774
928
1339
1414
1572
1559
1692
1837
1994
2135
2137
2304
2222
2411
2505
2570
2637
2507
2536
2420
2468
2327
2262
2186
2046
1952
1611
1390
1091
931
714
380
62
-263
-450
-687
-926
-1281
-1555
-1768
-1912
-1931
-2026
-2069
-2190
-2231
-2163
-2116
-2039
-2051
-2015
-1933
-1751
-1588
-1432
-1273
-1240
-1157
-1113
-1132
-1091
-1049
-1010
-902
-910
-998
-1088
-1115
-1111
-1068
-1106
-1262
-1362
-1383
-1280
-1114
-1088
-1177
-1280
-1248
-973
-614
-328
-288
-329
-270
31
445
745
826
813
999
1419
1872
2167
2031
1835
1833
2126
2541
2680
2598
2387
2416
2439
2445
2309
2031
1960
1985
2113
2054
1806
1460
1283
1412
1472
1451
1172
987
1035
1163
1280
1113
844
512
463
599
696
630
232
-178
-488
-566
-604
-725
-994
-1396
-1672
-1805
-1840
-1907
-2111
-2417
-2609
-2604
-2454
-2313
-2370
-2545
-2650
-2537
-2375
-2195
-2199
-2319
-2363
-2337
-2071
-1892
-1777
-1884
-1971
-1819
-1644
-1362
-1315
-1242
-1213
-1072
-777
-535
-226
-253
-194
-18
344
747
823
848
854
1097
1397
1697
1843
1716
1679
1658
1912
2185
2228
2069
1866
1857
2004
2230
2267
2177
1989
1863
1891
2144
2385
2504
2452
2300
2379
2569
2780
2801
2732
2723
2712
2766
2606
2330
1972
1656
1441
1198
931
311
-322
-881
-1249
-1550
-2060
-2535
-2884
-2990
-3139
-3405
-3741
-4062
-4117
-4008
-3800
-3581
-3411
-3245
-3078
-2834
-2695
-2564
-2335
-1988
-1677
-1463
-1288
-1163
-1010
-974
-1074
-1194
-1131
-815
-418
-309
-590
-1018
-1138
-868
-413
-274
-498
-668
-461
-21
275
208
-193
-274
227
911
1327
1318
1147
1271
1818
2286
2344
2105
1872
2294
3077
3479
3251
2720
2464
2821
3520
3766
3469
3083
3106
3604
4164
4230
3555
2887
2918
3553
4062
3585
2322
1228
1019
1354
1351
445
-1025
-1996
-2192
-2084
-2330
-3225
-4290
-4699
-4383
-4015
-4130
-4750
-5282
-5189
-4582
-3973
-3822
-3852
-3565
-2901
-2163
-1791
-1772
-1759
-1441
-848
-385
-253
-301
-299
-212
-220
-437
-813
-1041
-999
-811
-817
-1151
-1516
-1698
-1688
-1543
-1424
-1405
-1341
-1078
-844
-733
-662
-596
-321
158
756
1301
1775
2213
2576
2897
3201
3484
3763
4031
4320
4636
4768
4589
4441
4452
4607
4841
4807
4569
4446
4635
4790
4708
4464
4216
4162
4129
3726
2853
1899
1271
1017
765
30
-1204
-2434
-3277
-3687
-4013
-4575
-5251
-5550
-5481
-5392
-5520
-5933
-6247
-6098
-5555
-4972
-4505
-4004
-3406
-2763
-2183
-1825
-1553
-1135
-567
-42
301
452
553
588
435
128
-267
-644
-938
-1194
-1469
-1734
-1942
-2196
-2561
-2872
-2999
-2844
-2553
-2246
-2014
-1863
-1615
-1308
-1031
-727
-250
417
1182
1891
2465
2967
3460
3901
4139
4290
4670
5220
5633
5546
5172
5021
5220
5507
5411
4895
4607
5016
5605
5589
4907
4223
4264
4987
5306
4323
2469
1156
1110
1671
1471
-179
-2410
-3745
-3776
-3582
-4301
-5849
-6972
-6735
-5748
-5287
-5955
-7059
-7278
-6336
-5097
-4493
-4446
-4123
-3053
-1676
-829
-806
-957
-425
746
1763
1953
1509
1134
1203
1503
1386
573
-367
-872
-976
-1173
-1791
-2710
-3367
-3368
-3103
-3139
-3541
-3926
-3827
-3169
-2414
-1977
-1788
-1522
-930
-162
402
791
1271
2084
3051
3775
4036
4044
4336
4937
5372
5377
5147
5082
5372
5675
5494
4942
4580
4723
5230
5476
5171
4686
4565
4948
5402
5170
3945
2418
1554
1568
1698
1036
-662
-2593
-3612
-3732
-4002
-4978
-6307
-7064
-6717
-5943
-5869
-6697
-7478
-7308
-6273
-5163
-4628
-4471
-3831
-2479
-1181
-548
-518
-384
480
1714
2432
2295
1879
1842
2187
2297
1588
370
-403
-436
-350
-829
-2008
-3294
-3924
-3910
-3905
-4213
-4608
-4704
-4384
-3860
-3463
-3212
-2819
-2181
-1394
-616
34
555
1107
1762
2527
3353
4043
4539
4929
5318
5798
6255
6448
6302
6043
5972
6171
6410
6393
6041
5712
5721
5891
5973
5919
5859
5923
5753
4804
3197
1770
1179
1133
696
-778
-2854
-4365
-4915
-5280
-6155
-7336
-8070
-7773
-6958
-6771
-7451
-8132
-7941
-6945
-5808
-5058
-4532
-3521
-1988
-709
-124
69
427
1382
2635
3429
3525
3342
3207
2983
2549
1850
1089
592
224
-451
-1480
-2543
-3490
-4273
-4892
-5415
-5677
-5588
-5423
-5435
-5468
-5221
-4631
-3834
-3072
-2435
-1676
-702
193
844
1365
2023
2989
4055
4852
5296
5651
6167
6789
7188
7160
6882
6761
6935
7139
7117
6795
6459
6424
6533
6449
6188
6030
6136
6145
5310
3511
1613
652
646
537
-759
-3067
-5015
-5700
-5770
-6352
-7617
-8742
-8708
-7624
-6869
-7261
-8027
-8059
-7086
-5694
-4667
-4116
-3276
-1700
-132
741
1066
1359
2123
3358
4273
4399
4167
4007
3924
3717
3065
1875
648
-140
-613
-1161
-2063
-3501
-5028
-5901
-6127
-6158
-6341
-6746
-6956
-6459
-5550
-5024
-4921
-4642
-3770
-2350
-1017
-386
-129
611
1926
3219
4044
4403
4812
5678
6650
7212
7269
7158
7144
7274
7376
7209
6980
6923
6953
6941
6850
6625
6356
6305
6516
6565
5823
4136
2216
994
725
660
-419
-2716
-4971
-5918
-5957
-6402
-7610
-8866
-9117
-8047
-6962
-7185
-8128
-8273
-7187
-5609
-4407
-3900
-3273
-1753
78
1186
1485
1632
2231
3468
4590
4799
4447
4176
4018
3781
3201
2012
547
-514
-1171
-1833
-2662
-3871
-5351
-6501
-7098
-7420
-7600
-7583
-7415
-6921
-6159
-5683
-5463
-4975
-4014
-2741
-1413
-387
248
1042
2191
3328
4249
4964
5621
6430
7338
8010
8270
8275
8155
8021
7936
7800
7658
7591
7539
7341
6994
6672
6504
6563
6738
6796
6238
4743
2875
1456
701
228
-667
-2541
-4822
-6187
-6559
-7114
-8193
-9199
-9501
-8769
-7649
-7377
-7980
-8067
-7094
-5694
-4450
-3615
-2798
-1387
312
1389
1811
2231
2895
3867
4786
4994
4638
4344
4098
3544
2787
1866
755
-187
-1043
-2291
-3761
-5006
-5924
-6496
-6894
-7563
-8334
-8545
-8127
-7444
-6772
-6323
-5888
-4932
-3595
-2549
-1891
-1245
-335
944
2273
3204
3856
4653
5626
6432
6896
7081
7357
7963
8438
8355
7860
7324
7104
7245
7310
7008
6590
6409
6410
6459
6402
6218
6003
5253
3696
1904
640
6
-458
-1486
-3627
-5838
-6848
-7106
-7661
-8529
-9107
-9041
-8142
-7133
-7041
-7379
-7045
-5931
-4589
-3346
-2329
-1275
153
1507
2286
2701
3114
3656
4449
5148
5228
4829
4336
3722
2992
2255
1290
184
-718
-1487
-2417
-3605
-4947
-6164
-6800
-7002
-7251
-7533
-7647
-7441
-6855
-6143
-5742
-5360
-4473
-3271
-2100
-1136
-438
146
979
1957
2726
3465
4326
5222
5979
6449
6614
6823
7256
7558
7573
7364
7105
6972
7046
7023
6736
6485
6311
6201
6194
6240
6294
6169
5240
3232
1256
161
-433
-976
-2047
-4162
-6383
-7281
-7535
-8375
-9256
-9508
-9154
-8110
-6944
-6780
-7175
-6672
-5364
-3919
-2527
-1462
-423
1131
2734
3467
3648
3853
4182
4912
5571
5400
4613
3916
3310
2602
1813
624
-674
-1515
-2073
-2845
-3923
-5187
-6437
-7027
-7069
-7200
-7568
-7863
-7755
-7133
-6141
-5414
-5010
-4446
-3474
-2178
-979
-233
210
977
2055
2985
3633
4044
4461
5173
6078
6542
6605
6859
7323
7677
7703
7356
6853
6813
7087
7050
6739
6373
6058
6032
6323
6275
5973
5684
4565
2561
872
-134
-1085
-1868
-2968
-5116
-7125
-7917
-8317
-9022
-9383
-9276
-8684
-7346
-6202
-5944
-5863
-5220
-4110
-2566
-1000
14
1119
2543
3597
4030
4268
4343
4383
4882
5214
4801
3995
3160
2322
1521
644
-569
-1614
-2221
-2766
-3359
-4115
-5166
-6114
-6429
-6610
-7121
-7399
-7207
-6772
-6125
-5448
-5177
-5035
-4331
-3251
-2206
-1309
-511
308
1176
1891
2268
2602
3073
3766
4676
5361
5585
5730
6101
6370
6421
6440
6333
6238
6327
6352
6063
5884
6034
6047
5818
5557
5362
5343
5621
5391
3730
1489
-18
-873
-1680
-2496
-3830
-5810
-7123
-7398
-7822
-8567
-8597
-7944
-7019
-5853
-5066
-4865
-4399
-3260
-1941
-657
451
1386
2681
4025
4570
4493
4471
4474
4589
4847
4434
3443
2652
2093
1311
289
-946
-2200
-2716
-2860
-3353
-4088
-4731
-5301
-5574
-5487
-5749
-6197
-6198
-5764
-5388
-5247
-5196
-5138
-4707
-3961
-3174
-2544
-2034
-1302
-370
501
1041
1427
1863
2469
3247
3856
4212
4462
4779
5079
5327
5589
5740
5903
6163
6334
6229
6030
5912
5824
5861
5839
5574
5293
5238
5219
5108
4678
3196
1165
-95
-707
-1540
-2391
-3417
-5211
-6643
-6895
-7155
-7812
-7719
-6955
-6070
-4859
-3855
-3583
-3288
-2367
-1209
50
1147
1793
2662
3804
4378
4293
4059
3695
3506
3798
3700
2835
1841
1032
264
-529
-1526
-2710
-3398
-3557
-3742
-4151
-4775
-5407
-5581
-5282
-5144
-5229
-5160
-4871
-4420
-3979
-3831
-3982
-3819
-3272
-2838
-2524
-2123
-1633
-1058
-274
306
511
842
1477
2138
2681
3131
3421
3748
4107
4265
4329
4429
4541
4797
5248
5460
5415
5473
5500
5402
5305
5235
5136
5054
4942
4824
4794
4604
4327
3833
2486
708
-320
-792
-1503
-2210
-3223
-4921
-6119
-6309
-6562
-6952
-6630
-5893
-4962
-3717
-2922
-2743
-2316
-1443
-445
788
1846
2475
3291
4111
4219
3896
3635
3287
3098
3074
2466
1364
330
-632
-1623
-2528
-3524
-4443
-4736
-4745
-4911
-5144
-5377
-5573
-5365
-4872
-4602
-4318
-3795
-3204
-2614
-2061
-1843
-1841
-1517
-1122
-1064
-1040
-725
-308
148
585
620
371
412
933
1512
1886
2142
2368
2611
2775
2756
2621
2621
2902
3350
3759
3885
3822
3858
4097
4330
4422
4552
4782
5130
5396
5247
4769
4457
4496
4607
4530
3683
1953
392
-378
-1054
-1969
-2777
-3782
-4879
-5299
-5404
-5937
-6280
-5762
-4858
-3792
-2695
-2104
-1808
-1203
-366
436
1289
2012
2679
3484
3858
3510
2858
2141
1419
982
542
-318
-1218
-1904
-2645
-3467
-4246
-5042
-5521
-5414
-5098
-4871
-4738
-4600
-4261
-3646
-3081
-2674
-2106
-1343
-583
116
591
653
678
980
1245
1268
1256
1300
1276
1219
1036
578
129
-52
-45
-21
-62
-242
-402
-331
-202
-137
8
259
542
934
1337
1547
1750
2151
2589
2885
3086
3295
3568
3977
4322
4392
4327
4352
4549
4762
4706
4275
3847
3679
3573
3343
2841
1797
634
91
-225
-865
-1523
-2123
-2927
-3390
-3347
-3608
-4015
-3830
-3337
-2903
-2396
-2141
-2275
-2203
-1864
-1631
-1398
-1210
-1120
-826
-558
-757
-1134
-1388
-1625
-1617
-1376
-1419
-1638
-1596
-1509
-1504
-1363
-1252
-1207
-854
-353
-122
2
157
195
315
557
588
492
575
666
577
499
303
-68
-265
-307
-531
-833
-1009
-1149
-1181
-1068
-1007
-1034
-993
-874
-714
-521
-403
-245
68
363
565
759
882
912
1054
1254
1390
1555
1769
1926
1986
1927
1788
1737
1764
1791
1829
1805
1700
1669
1731
1730
1650
1560
1491
1467
1454
1411
1321
1193
1118
1094
991
851
771
650
473
343
174
-110
-339
-497
-745
-1016
-1229
-1479
-1759
-2015
-2267
-2478
-2594
-2609
-2528
-2399
-2297
-2169
-1984
-1786
-1540
-1201
-848
-505
-155
131
320
505
673
777
856
913
893
815
747
635
427
253
152
23
-114
-213
-350
-534
-664
-794
-971
-1105
-1184
-1254
-1336
-1430
-1523
-1536
-1430
-1284
-1156
-1082
-1000
-865
-665
-450
-277
-109
117
435
760
1045
1302
1561
1874
2239
2526
2756
3049
3394
3762
4092
4229
4180
4118
4036
3887
3681
3418
3106
2780
2297
1466
367
-747
-1701
-2362
-2860
-3451
-4129
-4745
-5227
-5603
-5842
-5910
-5687
-5092
-4279
-3503
-2899
-2400
-1823
-1071
-231
540
1229
1895
2515
2949
3079
2908
2607
2375
2236
2051
1682
1197
726
293
-169
-693
-1213
-1591
-1723
-1676
-1629
-1637
-1627
-1497
-1253
-975
-720
-466
-103
365
829
1153
1314
1432
1582
1758
1876
1889
1848
1832
1820
1748
1547
1258
1013
862
758
615
401
179
31
-43
-128
-252
-350
-350
-284
-241
-263
-336
-400
-403
-385
-413
-480
-566
-636
-712
-838
-1029
-1208
-1306
-1342
-1337
-1343
-1359
-1362
-1330
-1260
-1173
-1046
-845
-572
-300
-76
90
216
355
510
647
750
824
860
860
810
705
584
472
375
269
142
16
-106
-178
-220
-275
-334
-370
-383
-367
-313
-255
-177
-77
46
157
224
299
401
541
696
824
921
1003
1087
1154
1195
1207
1215
1230
1241
1203
1110
1001
889
778
648
497
303
112
-52
-211
-399
-587
-723
-835
-925
-1008
-1105
-1197
-1231
-1214
-1188
-1166
-1114
-1044
-955
-854
-785
-709
-618
-500
-374
-288
-205
-107
-1
103
180
212
248
292
347
396
429
477
520
528
505
435
353
297
278
276
243
187
99
11
-71
-152
-227
-271
-279
-275
-274
-294
-335
-351
-302
-238
-167
-112
-48
32
93
144
161
180
234
296
333
333
308
282
276
274
258
243
240
254
267
273
254
243
266
300
339
347
340
305
273
234
170
106
50
-3
-81
-156
-260
-371
-468
-547
-602
-653
-670
-677
-671
-643
-627
-596
-535
-464
-371
-257
-151
-67
8
82
129
173
210
250
290
318
329
303
258
205
159
101
59
33
-3
-38
-79
-114
-143
-159
-170
-164
-130
-93
-58
-22
17
47
80
110
131
152
177
211
227
224
203
176
137
103
80
56
30
1
-29
-76
-114
-148
-172
-172
-145
-110
-91
-66
-50
-33
-6
25
70
130
178
210
234
234
225
208
192
166
144
123
108
84
34
-22
-76
-120
-150
-176
-181
-183
-186
-189
-197
-199
-186
-147
-105
-55
-2
44
84
100
101
98
104
107
100
92
71
32
-12
-61
-110
-150
-166
-175
-183
-178
-183
-204
-211
-203
-181
-150
-97
-35
25
94
142
180
210
254
294
328
367
395
398
381
349
310
271
230
204
168
123
83
41
-14
-72
-127
-161
-167
-155
-133
-110
-82
-43
-6
23
62
123
197
272
320
355
371
367
354
310
250
191
127
58
-23
-125
-233
-333
-408
-481
-537
-564
-571
-549
-521
-485
-442
-388
-314
-224
-130
-40
49
130
197
235
267
288
284
269
247
200
133
69
-13
-110
-196
-270
-333
-371
-405
-433
-438
-427
-402
-367
-292
-204
-122
-27
46
115
186
244
290
336
380
421
441
444
423
393
357
327
292
252
234
205
156
97
45
-11
-64
-84
-109
-133
-139
-163
-207
-259
-311
-341
-359
-359
-348
-348
-344
-330
-322
-327
-320
-283
-232
-166
-93
-21
28
69
111
144
186
236
304
368
430
465
474
490
500
517
517
526
545
535
510
458
385
305
237
163
92
19
-51
-133
-234
-341
-450
-553
-636
-688
-733
-755
-767
-773
-760
-737
-688
-619
-541
-440
-326
-213
-109
-19
80
172
253
327
381
425
462
481
486
478
469
454
433
403
358
322
282
253
223
189
162
143
128
97
66
36
11
-13
-33
-49
-63
-74
-81
-94
-91
-70
-43
-14
29
82
142
208
270
322
364
422
477
526
558
573
574
550
494
399
305
203
84
-31
-158
-288
-408
-511
-609
-703
-751
-770
-766
-747
-716
-672
-618
-546
-479
-397
-318
-242
-168
-92
-35
14
52
75
82
67
38
-1
-25
-47
-76
-102
-115
-136
-145
-149
-141
-125
-100
-51
0
46
86
124
152
154
156
166
178
188
195
188
166
131
85
33
-10
-32
-46
-51
-69
-91
-122
-151
-176
-195
-201
-201
-191
-165
-149
-143
-146
-150
-141
-113
-85
-52
-10
28
61
78
103
123
145
178
199
228
241
248
242
228
218
211
205
212
221
208
203
199
195
198
204
208
213
221
233
240
228
212
193
175
156
137
99
59
24
-32
-83
-139
-190
-239
-274
-303
-334
-340
-342
-328
-313
-289
-248
-209
-158
-103
-63
-21
38
93
137
175
205
223
224
209
200
178
148
118
79
49
11
-27
-62
-91
-117
-128
-129
-137
-136
-129
-114
-113
-100
-74
-57
-37
-15
3
10
23
41
48
60
64
71
84
98
112
113
115
123
131
126
122
120
112
96
83
56
35
26
5
-6
-23
-33
-43
-49
-60
-62
-61
-71
-69
-67
-68
-62
-53
-40
-33
-26
-9
7
21
20
25
31
32
32
30
28
24
30
35
34
28
19
24
28
18
9
10
11
4
-9
-17
-25
-39
-32
-41
-55
-48
-46
-54
-67
-71
-74
-63
-49
-51
-53
-35
-25
-22
-22
-15
-6
3
6
6
15
18
11
15
22
18
28
26
18
17
17
14
0
-1
-11
-23
-27
-24
-35
-38
-33
-31
-30
-30
-25
-26
-26
-19
-9
-11
-9
-3
-2
3
9
6
6
13
16
26
22
11
11
10
12
11
14
14
8
8
3
-3
-7
-4
-2
2
-4
-8
-6
-13
-16
-21
-23
-15
-16
-8
-3
1
12
16
16
11
3
-2
-7
-12
-6
-17
-16
-19
-19
-25
-30
-29
-30
-25
-24
-28
-28
-24
-19
-18
-10
-7
-3
6
5
1
-3
11
28
22
16
14
12
15
17
12
1
-15
-11
-16
-16
-12
-11
-2
1
14
10
12
16
23
26
17
17
13
15
16
21
21
19
30
32
31
34
35
35
34
30
29
27
27
23
14
9
8
14
15
13
8
4
4
-1
-4
-2
8
19
15
14
3
-2
-5
-9
-17
-25
-27
-29
-28
-42
-47
-50
-51
-47
-42
-41
-39
-28
-24
-14
-17
-19
-10
-3
-3
-4
-4
3
11
19
23
26
37
37
33
34
33
37
43
38
34
29
37
34
27
27
30
30
29
27
29
27
23
17
9
7
0
2
-12
-18
-14
-5
-5
-7
3
0
1
6
9
4
4
3
-1
-5
-2
9
7
6
4
3
7
9
8
11
6
1
2
1
-5
-13
-10
-14
-16
-15
-15
-15
-12
-4
-8
-2
3
5
4
9
16
16
18
21
18
15
19
17
22
23
19
21
16
6
9
3
-9
-10
-16
-19
-26
-29
-29
-35
-38
-42
-42
-46
-46
-45
-43
-33
-27
-29
-25
-16
-16
-7
-1
-4
-3
9
12
10
4
0
2
5
3
-6
-8
-1
0
-1
0
3
5
8
11
10
8
9
18
24
19
13
7
7
8
-1
-6
-7
-14
-17
-16
-15
-15
-16
-11
-12
-12
-12
-18
-21
-23
-26
-36
-41
-35
-30
-27
-22
-20
-17
-9
-9
-12
-8
-12
-15
-7
-2
-6
-3
-2
2
7
4
10
8
6
9
12
8
-1
3
-2
-5
-4
-5
-4
-4
-3
-13
-15
-17
-23
-18
-21
-25
-31
-29
-22
-20
-13
-12
-1
-2
1
5
8
10
11
17
17
16
26
27
25
28
25
23
22
21
17
9
2
1
3
3
-3
-2
5
9
11
14
6
4
10
9
7
10
12
12
14
16
16
17
22
22
18
21
28
35
32
19
18
18
18
13
5
0
-2
-3
-6
-13
-19
-16
-17
-19
-27
-29
-27
-30
-26
-26
-26
-20
-16
-18
-17
-15
-11
-6
-8
-5
-6
7
11
17
21
20
24
16
14
13
9
8
13
11
9
11
7
8
14
18
