-23
-25
-22
-17
-19
-18
-16
-14
-11
-10
-7
0
5
8
8
6
7
8
9
8
7
2
-3
-6
-6
-6
-9
-14
-18
-18
-18
-15
-14
-17
-15
-15
-14
-10
-6
-3
2
4
7
11
14
14
19
21
20
17
16
19
18
16
13
12
7
3
5
2
-1
0
-2
-3
-5
-7
-3
0
2
3
-1
-2
0
1
4
5
4
4
3
-1
1
-1
-3
-6
-8
-10
-11
-12
-19
-17
-14
-16
-17
-18
-17
-14
-13
-11
-10
-12
-11
-6
-5
-3
-3
-3
0
6
8
7
5
6
6
8
7
6
2
1
4
3
4
1
-1
1
2
-1
-1
-3
-5
-3
-1
2
1
-2
0
0
1
2
4
6
3
3
1
0
5
5
7
6
1
-1
3
2
2
6
1
0
-2
1
2
2
-1
-6
-3
-5
-4
-3
-4
-6
-4
-1
-3
-3
-6
-8
-4
-3
-1
-2
-4
-7
-5
-2
2
-3
-6
-6
-5
-1
0
0
-1
0
3
5
6
4
6
6
7
10
8
8
5
10
9
9
10
6
5
4
3
4
4
2
0
1
1
2
5
1
1
-3
-1
2
1
1
-1
-1
-2
-1
-2
-4
-7
-4
-1
-1
1
0
2
2
4
7
9
11
9
10
12
13
18
22
20
22
20
21
22
24
26
23
21
19
19
16
13
11
10
7
3
1
-4
-4
-4
0
-1
-6
-7
-7
-8
-8
-12
-13
-14
-16
-15
-13
-17
-20
-22
-21
-22
-24
-26
-28
-26
-28
-29
-30
-31
-33
-32
-29
-31
-33
-31
-25
-24
-21
-19
-15
-14
-14
-8
-5
2
10
18
24
28
31
35
36
37
43
46
42
44
41
38
36
35
35
31
27
21
17
13
13
12
6
0
-4
-10
-8
-11
-16
-21
-26
-30
-33
-40
-45
-46
-51
-50
-52
-56
-56
-58
-59
-58
-55
-55
-56
-52
-48
-43
-40
-32
-29
-26
-15
-10
-5
-1
6
10
15
20
22
30
33
37
40
42
47
46
47
49
48
53
54
48
49
48
49
46
41
41
39
38
39
34
32
34
32
30
25
21
15
11
6
-5
-14
-23
-34
-39
-49
-57
-60
-61
-65
-69
-70
-70
-68
-64
-58
-54
-47
-41
-35
-30
-20
-14
-9
-1
3
7
13
15
20
23
26
29
30
35
39
41
41
41
45
50
53
54
57
56
56
57
61
59
57
54
53
51
50
49
49
48
47
44
42
37
30
27
19
10
-1
-16
-28
-40
-46
-59
-71
-79
-86
-87
-89
-88
-85
-82
-77
-73
-69
-62
-52
-40
-34
-29
-30
-27
-13
-6
-1
0
2
3
6
10
11
11
10
13
14
16
19
24
26
32
37
41
46
53
58
60
58
57
60
66
69
65
60
57
63
59
54
45
40
35
31
20
-4
-27
-39
-46
-59
-80
-108
-135
-145
-141
-141
-148
-151
-151
-153
-153
-148
-129
-117
-109
-100
-113
-130
-116
-83
-72
-84
-115
-147
-147
-116
-101
-121
-156
-176
-157
-109
-74
-49
-35
-13
26
72
106
149
200
262
316
369
399
419
473
544
626
680
684
696
713
738
777
800
823
808
784
791
790
779
714
596
433
242
101
-57
-272
-524
-821
-1091
-1253
-1296
-1294
-1360
-1466
-1547
-1505
-1312
-1105
-940
-800
-650
-449
-228
-14
167
336
509
636
702
702
663
620
583
529
402
225
7
-244
-478
-647
-750
-1019
-1459
-1771
-1803
-1617
-1517
-1677
-1933
-1936
-1473
-897
-554
-447
-401
-141
276
622
831
951
1104
1349
1569
1714
1813
1965
2179
2329
2384
2308
2283
2439
2543
2587
2585
2513
2545
2669
2814
2859
2671
2112
1320
1018
1042
776
40
-1192
-2370
-2946
-2874
-2741
-3059
-3556
-4031
-4057
-3594
-3246
-2968
-2651
-2283
-1825
-1285
-734
-366
172
924
1397
1606
1587
1552
1733
1956
1921
1640
1224
771
476
213
-241
-803
-1171
-1604
-2224
-2683
-3474
-4176
-4099
-3804
-3683
-4069
-4498
-4445
-3662
-2181
-1430
-1273
-1153
-974
90
1058
1537
1811
1996
2503
2829
3430
3946
3961
4418
4666
4720
4653
4450
4645
4728
4869
4732
4324
4310
4356
4799
4991
4127
2676
1557
1599
1768
1136
-581
-3018
-4417
-4402
-3892
-3887
-4678
-5548
-5913
-5374
-4660
-4315
-3975
-3642
-2992
-2081
-1430
-1042
-526
448
1438
2119
2241
1941
1987
2362
2622
2532
2067
1458
976
725
319
-347
-1005
-1536
-1925
-2482
-3359
-4353
-5133
-5233
-4895
-4792
-5192
-5773
-5753
-4871
-3490
-2366
-2011
-1903
-1458
-573
534
1289
1762
2206
2644
3170
3615
4061
4588
5083
5480
5377
5100
5041
5176
5545
5645
5361
4957
4744
4967
5225
5408
5099
3772
2300
1753
1887
1575
257
-1882
-3875
-4474
-3954
-3639
-4095
-4981
-5704
-5603
-4846
-4401
-4151
-3753
-3308
-2604
-1823
-1320
-919
-104
977
1721
2014
1828
1707
2091
2492
2535
2212
1609
1053
797
554
-28
-698
-1221
-1669
-2343
-3390
-4335
-4803
-4923
-5019
-5244
-5666
-5972
-5567
-4781
-4039
-3259
-2598
-1955
-1233
-431
260
868
1621
2265
2784
3223
3480
3798
4248
4775
5086
5057
4900
4771
4970
5190
5295
5231
4915
4829
5093
5423
5580
5600
5238
3818
2489
2323
2435
1894
224
-2132
-3952
-4353
-3779
-3747
-4564
-5672
-6387
-5983
-5316
-4991
-4687
-4416
-3988
-3188
-2226
-1638
-1210
-239
720
1346
1637
1633
1808
2167
2452
2420
1955
1370
1013
831
396
-337
-998
-1614
-2156
-2626
-3445
-4608
-5535
-5684
-5134
-4849
-5335
-6182
-6374
-5231
-3348
-1877
-1590
-1830
-1375
-178
1227
2101
2398
2650
3015
3567
3990
4200
4555
5101
5579
5519
5075
4793
4974
5654
6018
5648
5069
4909
5410
6057
6320
6263
6028
5089
3606
2904
2811
2431
1485
-512
-3075
-4731
-4817
-4525
-4708
-5314
-6601
-7486
-7334
-6880
-6240
-5542
-5130
-4885
-4270
-3481
-2785
-1656
-465
355
916
1149
1360
1862
2421
2697
2692
2351
1857
1555
1252
754
242
-321
-1072
-1787
-2749
-4130
-4952
-4969
-4722
-4747
-5462
-6328
-6303
-4914
-3135
-2045
-1719
-1908
-1522
-232
967
1744
2126
2394
2667
3064
3607
3892
4388
5085
5380
5250
4701
4485
4994
5651
5877
5406
4776
4519
5037
6030
6395
6427
6368
5279
3611
2977
3343
3418
2440
147
-2754
-4469
-4333
-3796
-3957
-4976
-6610
-7534
-7338
-6937
-6504
-5967
-5702
-5514
-4853
-4150
-3615
-2586
-1258
-193
532
876
1056
1575
2308
2858
3185
3013
2531
2263
2062
1629
1172
619
-95
-749
-1783
-3650
-4930
-4705
-4000
-3903
-5019
-6595
-6761
-4849
-2422
-1493
-1964
-2635
-2267
-384
1112
1383
1223
1359
1989
2722
3300
3413
3490
4346
5027
4965
4429
4042
4550
5337
5723
5291
4429
4297
5062
6147
6615
6310
5983
5006
3823
3422
3450
3156
2006
-93
-2597
-4181
-4206
-3923
-4042
-4835
-6378
-7356
-7324
-6883
-6233
-5642
-5569
-5661
-5061
-4147
-3488
-2444
-1351
-557
89
546
909
1393
2056
2544
2796
2710
2352
2091
1860
1515
1144
739
-135
-1583
-2996
-3880
-3932
-3881
-4320
-5298
-6070
-5764
-4628
-3392
-2722
-2522
-2295
-1813
-840
-43
419
921
1382
1889
2372
2872
3319
3708
4344
4811
4932
5003
4876
5120
5474
5589
5580
5531
5722
6060
6428
6632
6821
7425
7055
5292
3834
3657
3942
3369
1338
-1909
-4323
-4543
-3862
-3968
-5152
-6893
-7979
-7817
-7216
-6938
-6836
-6645
-6313
-5586
-4780
-4402
-3681
-2403
-1267
-425
-24
247
713
1620
2300
2419
2287
2112
2035
2133
1845
1177
414
-516
-1637
-2359
-2744
-3394
-4191
-4907
-5207
-4894
-4270
-3727
-3311
-2776
-2126
-1564
-923
-557
-57
657
1069
1418
1764
2238
2848
3430
3865
3853
3935
4299
4664
4883
4813
4705
4631
4908
5341
5722
6010
6080
6350
6927
7378
6682
4993
4157
4286
4372
3454
824
-2196
-3818
-3482
-2964
-3634
-5217
-7063
-7681
-7035
-6465
-6357
-6604
-6592
-6193
-5314
-4565
-4200
-3301
-2178
-1240
-650
-546
-165
735
1729
2149
1920
1494
1326
1701
2055
1686
987
223
-1186
-2079
-2233
-2377
-2604
-3469
-4532
-5142
-4597
-3259
-2575
-2000
-1963
-2244
-1496
-835
-140
559
817
911
910
1529
2048
2521
3466
3516
3484
3479
3529
4068
4334
4586
4439
4314
4419
4595
5365
5772
6010
6449
6685
6665
5439
4039
3835
4225
4210
2592
-451
-3231
-4038
-3038
-2641
-3687
-5635
-7336
-7257
-6317
-5957
-6025
-6143
-6085
-5484
-4716
-4301
-3769
-2531
-1428
-713
-454
-613
-173
1044
2012
2028
1546
877
704
1123
1334
785
-135
-978
-1907
-2655
-2953
-3029
-3031
-3488
-4215
-4742
-4470
-3174
-1948
-1294
-1506
-1908
-1440
-345
898
1502
1462
1389
1621
2418
3175
3631
3980
4052
4116
4198
4232
4444
4765
5124
5141
4966
4896
5131
5745
6380
6853
7178
7264
6107
4193
3598
4170
4522
3501
609
-2909
-4592
-3825
-3067
-3536
-5119
-7194
-7921
-7044
-6303
-6288
-6294
-6326
-5957
-5036
-4489
-4263
-3208
-1758
-859
-325
-503
-502
384
1497
1878
1567
993
365
388
562
146
-447
-1052
-2077
-2831
-3179
-3460
-3538
-3753
-4109
-4439
-4267
-3668
-2843
-1647
-1199
-1167
-729
-251
730
1908
2473
2334
2315
2942
3515
4026
4507
4436
4358
4419
4472
4594
4574
4790
5029
5010
4862
4771
5161
5604
6197
6810
7062
6237
4175
3180
3663
4224
3695
1302
-2203
-4504
-4182
-3163
-3506
-4853
-6649
-7734
-7175
-6266
-6027
-6147
-6237
-5852
-4924
-4158
-3811
-3167
-1919
-841
-44
18
-135
401
1351
1853
1654
1183
599
425
465
19
-676
-1172
-1629
-2428
-3219
-3694
-3826
-3752
-3921
-4401
-4635
-4150
-3066
-1948
-1370
-1245
-1041
-229
848
1793
2378
2490
2539
2909
3576
4016
4257
4480
4500
4396
4342
4372
4445
4562
4672
4618
4489
4373
4560
4964
5406
5924
6325
5928
4154
2874
3094
3653
3546
1619
-1723
-4185
-4308
-3233
-3067
-4239
-6179
-7590
-7114
-5959
-5568
-5631
-5828
-5775
-4934
-3965
-3392
-2773
-1715
-751
-197
28
113
591
1412
1844
1497
947
513
365
396
-103
-938
-1605
-2017
-2426
-3353
-4190
-4453
-4247
-4005
-4375
-4967
-4942
-3792
-2018
-1048
-881
-911
-516
883
2420
3235
3257
3181
3452
4083
4796
5044
5042
5113
5033
4926
4825
4688
4753
5004
4899
4413
4215
4489
5006
5561
5913
6141
6132
4865
3271
3089
3762
3975
2581
-668
-3852
-4666
-3578
-2938
-3714
-5634
-7632
-7888
-6575
-5637
-5567
-5850
-6173
-5714
-4549
-3682
-3122
-2292
-1332
-666
-376
-285
99
911
1587
1367
724
136
-155
24
-88
-889
-1797
-2536
-3112
-3673
-4055
-4362
-4682
-4886
-5114
-5174
-4804
-4016
-2852
-1796
-1235
-849
-210
822
2148
3394
3795
3663
3815
4441
5192
5732
5899
5634
5289
5265
5404
5389
5175
5004
4834
4593
4358
4313
4591
5067
5610
5997
6128
5017
3139
2667
3446
4061
3228
227
-3360
-4909
-4004
-3034
-3411
-4972
-7106
-7902
-6861
-5831
-5474
-5480
-5778
-5606
-4690
-3852
-3253
-2273
-1197
-457
-83
-186
13
914
1837
1835
1110
362
-102
82
243
-450
-1555
-2428
-2778
-3290
-3934
-4360
-4720
-4907
-5046
-5165
-5205
-4695
-3445
-2409
-1836
-1465
-975
154
1503
2747
3290
3230
3379
3894
4776
5388
5539
5558
5332
5138
5188
5364
5323
5114
4924
4445
4132
4222
4403
4595
4971
5306
5657
5558
3785
2034
2419
3502
3506
1701
-1880
-4911
-4884
-3197
-2889
-4056
-5968
-7717
-7298
-5745
-5262
-5188
-5199
-5293
-4727
-3670
-3001
-2329
-1023
-106
318
423
328
869
1951
2395
1803
1033
354
132
460
17
-1145
-2138
-2520
-2704
-3546
-4776
-5786
-5520
-4607
-4467
-5250
-6194
-5589
-3439
-1473
-973
-1512
-1399
-33
2157
3836
3720
3156
3412
4490
5536
5929
5780
5552
5722
5911
5703
5340
5161
5338
5475
5063
4374
4177
4662
5407
6012
6110
5836
4569
2914
2678
3432
3598
2283
-529
-3853
-5240
-4246
-3502
-4095
-5409
-7205
-8056
-7128
-6021
-5535
-5180
-5204
-5293
-4554
-3498
-2566
-1309
-220
75
130
185
661
1658
2379
1912
1053
497
-32
37
3
-951
-2028
-2698
-3156
-4056
-4870
-5309
-5740
-5611
-5430
-5607
-5859
-5510
-4082
-2667
-1795
-1304
-910
69
1602
3178
3954
3788
3863
4567
5517
6131
6316
6288
5938
5804
6013
5898
5727
5650
5408
4959
4705
4795
5006
5338
5654
5978
6239
5174
3114
2409
3101
3604
2700
-306
-4091
-5664
-4520
-3454
-3988
-5620
-7729
-8452
-7183
-5944
-5613
-5573
-5673
-5465
-4413
-3379
-2651
-1515
-286
267
479
470
763
1850
2668
2297
1377
766
273
329
492
-375
-1549
-2393
-3350
-4015
-4258
-4455
-5148
-5851
-6221
-6191
-5447
-4695
-4087
-3380
-2788
-2118
-1007
13
1152
2341
3082
3207
3299
4070
5021
5912
6369
6044
5720
5712
6069
6441
6258
5893
5477
5241
4987
4915
5264
5390
5562
6017
6138
4645
2444
2100
3103
3480
2149
-1280
-4861
-5882
-4418
-3412
-4251
-6184
-8059
-8240
-6838
-5763
-5491
-5402
-5432
-5079
-3991
-3016
-2195
-1002
75
565
688
825
1324
2291
2937
2345
1441
901
786
887
659
-521
-1841
-2500
-2734
-3078
-4171
-5466
-5943
-5537
-5144
-5497
-6356
-6291
-4739
-2691
-1933
-2236
-2210
-1132
1117
2954
3247
2825
3063
4139
5433
6242
6451
6223
6385
6692
6711
6496
6304
6629
6762
6245
5341
4992
5514
6334
6734
6821
6254
4203
2410
2676
3522
3414
1558
-2258
-5645
-6191
-4766
-4237
-5179
-7004
-8905
-8759
-7367
-6454
-5955
-5658
-5636
-5213
-4131
-3122
-2053
-585
344
630
603
602
1476
2689
3037
2112
1098
388
125
479
272
-966
-2296
-3511
-4263
-4333
-4453
-5034
-5875
-6518
-6645
-6170
-5409
-4893
-4028
-2902
-2343
-1669
-915
94
1653
3190
3768
3447
3751
4660
5640
6704
6926
6543
6254
6399
6752
6806
6858
6604
6334
6032
5712
5801
6046
6439
7057
7609
6109
3066
2127
3235
4220
3423
-241
-4744
-6764
-5444
-3918
-4502
-6524
-8945
-9459
-8017
-6772
-6329
-6326
-6349
-5841
-4642
-3650
-2924
-1569
-181
532
851
564
931
2137
3292
2981
1724
778
433
778
904
-153
-1653
-2644
-2923
-3680
-4971
-5417
-5130
-4800
-5440
-6752
-7400
-6183
-3464
-1882
-2177
-2935
-2771
-966
1479
2861
2900
2611
3076
4070
5062
5747
6079
6518
6695
6427
6137
6103
6551
7185
7127
6031
5133
5426
6235
6728
6918
6924
6244
4160
2643
2796
3548
3335
1037
-2914
-5973
-6136
-4723
-4383
-5703
-7732
-9119
-8576
-7105
-6154
-5909
-5822
-5666
-4868
-3715
-2629
-1511
-271
599
969
926
1164
2157
3155
3166
2284
1284
697
830
1064
473
-1021
-2346
-2926
-3440
-4378
-4936
-5103
-5193
-5614
-6322
-6798
-6386
-4616
-3065
-2737
-2654
-2336
-1431
250
1825
2727
2844
3245
4005
4828
5637
6170
6529
6632
6660
6828
6760
6617
6790
6970
6547
5884
5955
6171
6352
6662
7081
6980
5275
3183
2575
3265
3610
1872
-1888
-5451
-6444
-5205
-4681
-5913
-7972
-9571
-9387
-7933
-6968
-6914
-6831
-6402
-5573
-4311
-3181
-2306
-988
353
1061
1151
1298
2017
3137
3609
2895
1753
1032
830
1033
653
-815
-2376
-3109
-3788
-4821
-5531
-5712
-5723
-5954
-6659
-7385
-7130
-5413
-3485
-2645
-2679
-2641
-1576
196
1948
3045
3361
3623
4426
5454
6146
6627
7183
7339
7273
7299
7224
7297
7467
7416
6852
6310
6263
6533
6933
6945
6965
7295
6229
4012
2832
3117
3471
2353
-746
-4800
-6806
-6001
-5236
-5830
-7657
-9893
-10535
-9215
-7832
-7390
-7281
-7224
-6735
-5197
-3725
-2686
-1373
-169
640
1209
1561
2082
3160
3797
3219
2337
1687
1250
1310
1020
-193
-1643
-2866
-3847
-4401
-4639
-5136
-5875
-6653
-7157
-6885
-6098
-5464
-4769
-3999
-3344
-2297
-1046
-226
582
1903
3101
3788
4457
5353
6009
6636
7258
7436
7316
7504
7951
7981
7488
7012
6754
6694
6800
6817
6586
6077
6154
6965
6830
4449
2229
2012
2684
2368
166
-3937
-7017
-6778
-5250
-5260
-7056
-9269
-10333
-9257
-7472
-6843
-6993
-6848
-6271
-4814
-3433
-2509
-1543
-112
1060
1709
1802
2029
2845
3892
3835
2881
2043
1420
1419
1352
441
-1417
-2990
-3609
-3840
-4314
-5377
-6764
-7274
-6943
-6495
-6473
-6794
-6251
-4843
-3281
-2295
-1947
-1389
-207
1546
3124
3760
4251
5125
6122
6938
7505
7906
8016
8271
8398
8088
7691
7555
7655
7326
6758
6568
6553
6466
6678
7252
6389
3661
2109
2405
2872
2177
-576
-4741
-7242
-6610
-5391
-5851
-7691
-9823
-10467
-9252
-7996
-7597
-7368
-7136
-6470
-5040
-3746
-2758
-1416
134
1112
1796
2083
2592
3780
4583
4001
2957
2360
2097
2204
1856
187
-1874
-2742
-2940
-3895
-5371
-6532
-7174
-7206
-7305
-7862
-8283
-7707
-6177
-4953
-4266
-3620
-2528
-932
475
1551
2587
3644
4815
6082
6949
7308
7758
8528
9054
9366
9190
8682
8426
8471
8328
7652
7104
6997
7284
7480
7199
7148
6263
3936
2821
3191
3220
1695
-1322
-4999
-7175
-6543
-5769
-6717
-8508
-10455
-10906
-9556
-8499
-8262
-8202
-7926
-7204
-5410
-3773
-2850
-1676
-297
574
1595
2449
3265
4183
4652
3841
2991
2821
2791
2800
2131
340
-1686
-2437
-2511
-3439
-5070
-6486
-7213
-7309
-7395
-7675
-8149
-7860
-6449
-5364
-4698
-3911
-2510
-937
322
1257
2042
3204
4743
6170
7080
7273
7480
8297
9137
9599
9551
9082
8629
8356
8207
7845
7473
7341
7127
6860
6567
6813
6427
3887
2012
2284
2703
1671
-1156
-5068
-7605
-6940
-5439
-6194
-8239
-10151
-10724
-9175
-7664
-7574
-7790
-7692
-6817
-5005
-3402
-2610
-1721
-320
650
1489
2179
2822
3819
4715
4115
2849
2386
2497
2889
2690
927
-1491
-2483
-2417
-2820
-4093
-5757
-7064
-7290
-6989
-7014
-7424
-7633
-6909
-5725
-4605
-3879
-2910
-1586
-346
800
1790
2689
3914
5481
6733
7124
7268
7811
8621
9414
9648
9215
8581
8231
8369
8221
7684
7298
7114
7061
6930
7172
6358
3636
2166
2602
3045
2142
-1044
-5299
-7532
-6599
-5229
-6035
-8251
-10544
-11031
-9136
-7803
-7853
-8054
-8155
-7404
-5513
-3887
-2986
-1926
-653
130
1204
1966
2742
3926
4651
4035
2894
2519
2587
3047
2848
1039
-1132
-2166
-2419
-2802
-3975
-5603
-6910
-7388
-7403
-7461
-7613
-7682
-6936
-5856
-5033
-4092
-2766
-1404
-58
961
1780
2813
4270
5812
6844
7289
7516
8058
8883
9537
9834
9543
8960
8589
8552
8331
7952
7721
7603
7603
7444
7610
6791
4102
2614
3127
3508
2392
-848
-5194
-7659
-6801
-5451
-6351
-8527
-10819
-11550
-9795
-8291
-8197
-8397
-8435
-7863
-6123
-4252
-3174
-2065
-790
-108
855
1863
2785
4002
4664
3917
2781
2551
2647
3027
2839
1116
-1048
-2123
-2517
-3013
-3977
-5465
-6909
-7670
-7860
-7896
-7793
-7612
-7047
-6219
-5371
-4126
-2540
-1148
68
994
1884
3047
4593
6065
6946
7394
7766
8370
9164
9766
10012
9774
9232
8809
8721
8470
8074
7813
7567
7275
7153
7602
6410
3403
2035
2557
2961
1858
-1605
-6032
-8114
-6848
-5582
-6551
-8796
-11064
-11305
-9222
-7773
-7643
-7840
-7976
-7153
-5180
-3452
-2608
-1490
-396
256
1130
2019
2902
4129
4645
3687
2643
2445
2694
3242
2837
780
-1268
-1978
-2062
-2421
-3741
-5673
-6988
-7283
-7149
-7408
-7935
-8155
-7342
-6123
-5306
-4323
-3128
-1830
-308
868
1657
2535
4005
5632
6762
7265
7452
8031
9057
9877
10118
9760
9127
9006
9156
8846
8269
7836
7648
7606
7680
7825
6089
3085
2109
2956
3229
1470
-2476
-6654
-7954
-6238
-5347
-7067
-9685
-11551
-11140
-8864
-7788
-8108
-8414
-8369
-7278
-5164
-3494
-2812
-1650
-603
16
1068
2072
3106
4222
4519
3467
2564
2685
3132
3516
2835
600
-1217
-1567
-1459
-1754
-3349
-5739
-7168
-7275
-6767
-6832
-7725
-8638
-8261
-6667
-5209
-3981
-2848
-2012
-736
694
1840
3030
4431
5790
6619
7083
7364
8019
9217
10019
9966
9524
8936
8828
9030
8852
8310
7773
7570
7555
7937
8420
6625
3413
2450
3597
4037
2120
-2236
-6843
-7894
-5605
-4739
-6951
-10142
-12102
-11152
-8387
-7426
-8402
-8978
-8783
-7229
-4675
-3144
-2844
-1637
-378
366
1506
2483
3401
4660
4944
3528
2458
2646
3202
3673
2838
164
-1860
-1994
-1727
-2054
-3463
-5987
-8123
-8322
-7572
-7211
-7806
-9022
-9415
-8263
-6112
-4171
-2938
-2190
-1407
77
1804
3213
4605
5832
6700
7153
7509
8208
9125
10094
10442
9795
8970
8592
8950
9147
8784
8006
7217
7108
7752
8709
7269
3539
1945
3269
4277
2767
-1658
-6601
-8206
-5782
-4179
-6271
-9725
-11981
-11188
-8157
-6835
-7846
-8787
-8574
-6911
-4352
-2753
-2543
-1615
-180
693
1692
2467
3383
4650
5234
3895
2568
2498
3166
3840
3173
477
-1875
-2123
-1500
-1676
-3166
-5500
-7752
-8169
-7493
-7273
-7862
-8889
-9120
-8453
-7079
-5256
-3824
-2644
-1705
-721
685
2023
3783
5357
6258
6600
6777
7621
8758
9746
10316
9846
9063
8574
8910
9370
9022
8362
7486
7102
7433
8580
8062
4523
2057
2672
4048
3578
-54
-5224
-8014
-6609
-4280
-5235
-8399
-11355
-11687
-9014
-7120
-7525
-8574
-8895
-7722
-5316
-3452
-2959
-2273
-939
23
1187
2037
2749
3960
4945
4210
2841
2551
2967
3722
3703
1655
-956
-1817
-1262
-957
-2156
-4248
-6413
-7466
-7176
-7023
-7567
-8493
-8869
-8363
-7476
-6251
-4825
-3528
-2038
-896
83
1304
2878
4841
6165
6609
6592
7121
8303
9287
9866
9666
8928
8599
8726
8973
8674
8102
7546
7119
7200
7759
8685
7445
3785
2198
3534
4898
3944
-413
-5770
-7767
-5484
-3508
-5085
-8420
-11355
-11378
-8535
-6834
-7547
-8659
-8816
-7582
-5156
-3561
-3018
-2168
-1107
-52
1184
1620
2373
3835
4582
3401
2121
2109
2688
3558
3281
845
-1608
-2037
-1243
-1162
-2709
-4932
-6629
-7224
-7250
-7389
-7915
-8668
-8674
-7966
-7256
-6282
-4777
-3399
-2009
-506
749
1849
3297
5002
6189
6715
6941
7330
8161
9015
9482
9141
8378
8090
8381
8490
7990
7414
6959
6786
7092
7507
8097
7422
4125
2136
3423
4996
4282
344
-5012
-7698
-5714
-3084
-4197
-7553
-10756
-11549
-8747
-6346
-6976
-8289
-8504
-7714
-5627
-3513
-2843
-2378
-1072
43
865
1394
2323
3665
4719
3876
2356
2279
2952
3756
3878
1844
-1142
-1886
-809
-470
-1809
-4033
-6259
-7033
-6571
-6624
-7522
-8411
-8310
-7453
-6862
-6534
-5524
-3762
-1927
-469
322
764
2087
4232
5614
5812
5838
6177
7086
8128
8626
8368
7889
7558
7564
7686
7542
7165
6820
6555
6420
6909
7831
7614
4506
2116
3045
4718
4484
1066
-4166
-7176
-5793
-3075
-3522
-6681
-9991
-11130
-8788
-6357
-6385
-7571
-8335
-7831
-5708
-3638
-2789
-2202
-1098
-253
711
1431
2250
3607
4649
3818
2347
2362
3183
3992
3920
1916
-814
-1553
-599
-108
-1417
-3780
-5806
-6668
-6448
-6474
-6998
-7847
-8029
-7473
-7000
-6487
-5402
-3829
-2130
-711
106
727
1969
3848
5288
5709
5525
5694
6702
7786
8180
7968
7384
6946
7113
7415
7313
6933
6509
6299
6446
7020
7991
8459
5815
2531
3039
5358
5918
3163
-2372
-6726
-5991
-2379
-1955
-5340
-9302
-11412
-9448
-6066
-5644
-7373
-8581
-8439
-6530
-4132
-3038
-2702
-1731
-941
-214
539
1206
2448
3959
3538
1597
1171
2178
3282
3691
2181
-888
-2304
-1204
-39
-833
-3282
-5621
-6769
-6519
-6177
-6453
-7279
-7857
-7446
-6847
-6416
-5442
-3776
-2142
-772
106
787
1892
3701
5352
5782
5551
5514
6362
7474
7886
7627
7028
6553
6770
7243
7190
6681
6183
6023
6280
6986
7834
8501
6558
2947
2613
5184
6581
4422
-1070
-6084
-6332
-2496
-1066
-4314
-8666
-11242
-9845
-6160
-5079
-7013
-8652
-8714
-7114
-4562
-2977
-2815
-2240
-1333
-613
242
1081
2305
3850
3910
1904
1056
2219
3629
4177
2987
-106
-1924
-807
764
242
-2264
-4826
-6173
-5771
-5221
-5756
-6816
-7573
-7211
-6572
-6381
-5797
-4185
-2468
-1303
-726
-221
852
2668
4372
4677
4425
4545
5464
6633
7029
6798
6487
6440
6668
6997
6848
6259
6000
6084
6230
6668
7255
7904
6764
3601
2578
4476
6040
4559
-164
-5003
-6136
-3161
-1318
-3773
-7866
-10548
-9839
-6538
-5051
-6691
-8567
-8783
-7240
-4653
-3018
-2923
-2652
-1603
-656
360
1235
2323
3621
4037
2503
1527
2495
3865
4455
3428
625
-1298
-521
964
780
-1466
-4138
-5855
-5554
-4713
-5180
-6347
-7511
-7457
-6565
-6036
-5708
-4677
-3034
-1634
-826
-324
363
1892
3772
4496
4304
4252
4961
6191
6862
6819
6383
6351
6718
7107
7033
6349
6028
6336
6817
7165
7360
7979
7521
4746
3408
4817
6151
5138
1096
-3816
-5869
-3640
-1513
-3377
-7292
-10296
-10325
-7293
-5363
-6716
-8731
-9186
-7779
-5194
-3336
-3109
-3085
-2207
-1230
-53
959
1898
2918
3399
2191
1153
2065
3431
3874
2946
528
-1514
-1042
591
642
-1594
-4267
-5997
-5876
-4928
-5153
-6310
-7666
-7828
-6853
-6008
-5552
-4798
-3300
-1859
-816
61
834
2050
3687
4634
4669
4742
5364
6390
6966
6990
6671
6621
6957
7257
7216
6620
6294
6542
6963
7381
7639
8262
7993
5122
3318
4716
6549
5878
1620
-3654
-6100
-3974
-1255
-2777
-7013
-10458
-10658
-7491
-5290
-6471
-8664
-9367
-8040
-5460
-3491
-3058
-3092
-2308
-1407
-201
912
1957
3024
3418
2153
1028
2017
3676
4141
3052
577
-1505
-918
960
1054
-1400
-4258
-5752
-5533
-4627
-4933
-6244
-7607
-7831
-6953
-6256
-5789
-4922
-3572
-2472
-1650
-666
439
1812
3219
3825
3724
4080
5062
6259
6774
6539
6297
6449
7003
7422
7325
6670
6339
6562
6768
7051
7429
8116
8091
5179
2753
3844
6166
6172
2109
-3572
-6462
-4441
-1113
-2115
-6468
-10309
-10757
-7413
-4830
-5893
-8351
-9306
-8004
-5228
-3175
-2949
-3208
-2324
-1087
239
1149
1867
3015
3777
2867
1577
2061
3627
4480
3794
1292
-1128
-835
1081
1590
-642
-3860
-5592
-5249
-4190
-4593
-6279
-7862
-8052
-6967
-6356
-6376
-5862
-4477
-2984
-1894
-1159
-459
990
2930
3945
3727
3798
4777
6251
7255
7094
6506
6408
7134
7939
7854
6975
6373
6706
7215
7422
7369
7815
8541
6461
3438
3510
5600
6369
3562
-2073
-6416
-5593
-1785
-1553
-5528
-9931
-11691
-8953
-5387
-5530
-8169
-9685
-8930
-6279
-3518
-2819
-3393
-2852
-1647
-197
1130
1798
2572
3464
3051
1687
1896
3248
3938
3637
1763
-903
-1340
336
1229
-441
-3494
-5711
-5873
-4896
-4973
-6204
-7649
-8443
-7742
-6727
-6336
-5744
-4459
-3420
-2288
-865
214
1370
2836
3857
4173
4828
5762
6594
7355
7498
7251
7327
7584
8008
8172
7546
6738
6912
7400
7570
7749
8082
8402
6568
3632
3344
5499
6299
3574
-1864
-6338
-6206
-2319
-1419
-5348
-9925
-11969
-9845
-5863
-5160
-7940
-9965
-9177
-6714
-3842
-2569
-3289
-3147
-1797
-372
839
1764
2596
3454
3298
1820
1651
3217
4246
3926
2169
-629
-1566
262
1585
-145
-3438
-5722
-6008
-5192
-5147
-6307
-7669
-8337
-7916
-7166
-6559
-5596
-3973
-3159
-2661
-1469
114
1811
3146
3653
3578
4308
5979
7180
7488
7163
6832
7369
8137
8469
8073
7376
6799
6983
7354
7391
7509
8103
8074
5402
2624
3270
5599
5823
2344
-3581
-7048
-5284
-1639
-2092
-6656
-10803
-11638
-8473
-5042
-5613
-8423
-9778
-8464
-5521
-3031
-2422
-2968
-2526
-1360
160
1554
2395
3123
3747
3085
1824
2416
4070
4672
3822
1625
-763
-754
1244
1835
-482
-3845
-5643
-5237
-4459
-5123
-6739
-8054
-8260
-7626
-7152
-7023
-6220
-4390
-3279
-2785
-1899
-543
1440
3139
3693
3432
3981
5707
7387
7985
7514
6834
7319
8400
9193
8686
7369
6645
7141
7789
7703
7498
7554
7914
6060
3138
3092
5331
5815
2937
-2714
-6783
-5793
-1855
-1641
-6200
-10715
-12070
-9158
-5125
-5323
-8714
-10425
-9191
-6046
-3146
-2359
-3460
-3232
-1770
43
1452
2223
2683
3327
3068
1803
2069
3714
4379
3593
1548
-978
-1277
738
1632
-505
-3879
-6017
-5933
-4887
-5049
-6608
-8329
-8929
-8273
-7237
-6639
-6242
-5156
-4075
-2932
-1416
35
1506
2745
3531
3998
4931
6382
7540
8011
7947
7618
8059
8831
9319
8887
7845
7115
7367
8005
8038
7802
7610
7952
6739
3816
3231
5190
5922
3587
-1561
-6109
-6165
-2504
-1476
-5395
-9978
-11920
-9810
-5599
-5030
-8304
-10411
-9476
-6601
-3509
-2425
-3628
-3742
-2153
-345
1171
1884
2125
2847
3124
1947
1767
3273
4155
3630
2016
-512
-1340
466
1660
-95
-3343
-5776
-6029
-4980
-4927
-6446
-8168
-8924
-8401
-7371
-6702
-6398
-5383
-4299
-3207
-1685
-217
1244
2519
3325
3796
4684
6167
7425
7928
7839
7418
7907
8833
9299
8798
7716
7014
7194
7788
7786
7527
7318
7594
6738
3985
2850
4598
5739
3926
-947
-5687
-6329
-2916
-1227
-4596
-9423
-11628
-9901
-5735
-4544
-7591
-10211
-9608
-6645
-3448
-2167
-3243
-3797
-2391
-422
1437
2296
2359
2710
3122
2358
2252
3651
4533
3863
2405
283
-599
954
2201
607
-2565
-4947
-5205
-4076
-4094
-5979
-7813
-8394
-7812
-6907
-6745
-6974
-6017
-4486
-3487
-2383
-1206
-3
1442
2600
3055
3628
5027
6431
7092
7135
6924
7384
8443
8903
8437
7523
7025
7401
7906
7615
7057
7094
7716
7839
5378
2923
3611
5707
5466
1490
-3949
-6431
-4161
-1164
-2741
-7634
-11054
-10878
-7318
-4703
-6462
-9823
-10336
-7959
-4807
-2961
-3255
-4248
-3348
-1418
413
1330
1690
2211
2827
2427
1635
2506
3985
4067
2889
956
-666
110
2069
1773
-1151
-4047
-5055
-4297
-3519
-4739
-6893
-8177
-7956
-7073
-6631
-6817
-6351
-4919
-3800
-2886
-1613
-218
1146
2371
2909
3288
4591
6347
7296
7201
6898
7197
8287
9154
8852
7799
7013
7266
8094
8192
7417
6955
7461
8417
7105
3829
3121
5165
6324
3752
-1893
-6124
-5379
-1595
-1418
-6027
-10520
-11466
-8569
-5011
-5721
-9436
-10913
-8873
-5718
-3602
-3637
-4765
-4137
-2041
-299
594
893
1541
2538
2612
1509
1677
3405
4144
3302
1614
-356
-271
1838
2509
-49
-3326
-4809
-4270
-3101
-3707
-6209
-8161
-8178
-6901
-6177
-6559
-6906
-5753
-4091
-2810
-1723
-668
428
1808
3052
3496
4284
5753
7072
7384
7057
7080
7840
8895
8959
8013
6981
6872
7523
7969
7422
6680
6747
7666
7528
4540
2561
4034
5842
4720
-25
-5081
-6129
-2800
-752
-4077
-9102
-11331
-9583
-5781
-4706
-7907
-10651
-9747
-6780
-4019
-3189
-4320
-4712
-2952
-838
677
1175
1426
2094
2669
2176
2012
3446
4459
3784
2427
741
192
1762
2978
1202
-2207
-4033
-3702
-2534
-2908
-5273
-7456
-7820
-6543
-5705
-6361
-7218
-6335
-4412
-3033
-2196
-1540
-683
720
2290
2927
3397
4426
5668
6557
6579
6465
7028
8137
8428
7792
7002
6704
7318
8002
7597
6651
6502
7354
8412
6748
3268
2876
5226
6034
3092
-2301
-6084
-4912
-1213
-1649
-6421
-10489
-11038
-8120
-4870
-5978
-9739
-10743
-8699
-5722
-3630
-3924
-5196
-4376
-2142
-382
519
834
1278
2185
2393
1561
2156
3758
3952
3072
1621
62
516
2505
2505
-494
-3151
-3936
-3175
-2543
-3916
-6331
-7582
-7025
-6077
-6137
-6777
-6449
-4782
-3375
-2598
-1788
-699
611
2184
2892
3075
4036
5578
6727
6813
6611
6818
7815
8669
8405
7542
6877
7115
8033
8209
7371
6749
7256
8544
7810
4554
3183
4966
6371
4434
-743
-5407
-5471
-1824
-1098
-5336
-10159
-11533
-9053
-5397
-5592
-9367
-11297
-9620
-6352
-3907
-4035
-5515
-5218
-2875
-710
443
486
607
1572
2304
1801
1966
3166
3591
2971
1957
460
356
1910
2449
184
-2568
-3794
-3276
-2557
-3357
-5671
-7383
-7332
-6180
-5621
-6198
-6506
-5387
-3864
-2453
-1333
-585
273
1629
2874
3485
4336
5447
6350
6710
6777
7043
7661
8261
8221
7720
7096
6940
7390
7697
7221
6835
6926
7777
7516
4531
2991
4645
6074
4356
-215
-4780
-5552
-2333
-891
-4693
-9452
-11219
-9362
-5833
-5290
-8727
-11035
-9759
-6875
-4336
-3859
-5024
-5295
-3119
-996
455
941
1205
1782
2451
2131
2346
3761
4459
3520
2302
1052
841
2316
3030
879
-2116
-3376
-2894
-2271
-2891
-4999
-6965
-7248
-6341
-5624
-5856
-6318
-5696
-4630
-3373
-1949
-953
-170
669
1632
2515
3585
4969
5770
5969
6028
6388
7347
8193
8168
7555
7006
7063
7504
7727
7312
6922
7020
7718
7918
5250
2979
4226
6061
4993
760
-4011
-5669
-3004
-711
-3692
-8709
-11149
-9914
-6412
-5094
-8129
-11149
-10362
-7422
-4723
-3988
-5120
-5697
-3654
-1257
157
526
655
1409
2396
2229
1891
2996
4102
3659
2585
1222
569
1835
3044
1548
-1465
-3171
-2884
-2101
-2557
-4749
-6984
-7295
-6216
-5587
-6266
-7075
-6242
-4521
-3384
-2422
-1698
-693
748
1990
2587
3186
4733
6124
6586
6550
6561
7426
8796
9030
8173
7292
7385
8205
8752
8016
6975
7079
8165
9037
7041
3586
3365
5831
6443
3014
-2578
-5936
-4458
-969
-2012
-7299
-11288
-11189
-7829
-5181
-7014
-10903
-11486
-8652
-5500
-4179
-5029
-6080
-4691
-2042
-391
53
22
749
1932
2267
1528
1975
3422
3706
2791
1456
295
1014
2644
2234
-632
-3015
-3221
-2372
-2389
-4190
-6633
-7516
-6697
-5878
-6234
-7166
-6792
-4991
-3628
-2780
-1962
-835
658
1997
2779
3225
4522
6178
7007
7097
6968
7338
8554
9328
8952
7872
7325
7767
8566
8378
7170
6683
7332
8498
7562
4034
2586
4721
6307
4090
-1320
-5694
-5572
-1807
-1079
-5757
-10672
-11622
-8784
-5380
-5812
-9771
-11655
-9419
-5996
-4135
-4468
-5715
-5130
-2588
-505
339
416
843
1940
2618
2099
2131
3579
4266
3428
2175
839
987
2529
2880
369
-2485
-3169
-2467
-2364
-3640
-5872
-7187
-7033
-6340
-6364
-6924
-6769
-5447
-4452
-3776
-2601
-1143
240
1057
1703
2408
3826
5632
6578
6503
6394
6990
8334
9153
8978
8070
7472
7774
8411
8367
7366
6859
7297
8223
7779
4453
2500
4479
6321
4595
-468
-5251
-5745
-2211
-730
-5000
-10347
-11727
-9237
-5634
-5516
-9535
-11999
-9935
-6390
-4274
-4607
-5897
-5577
-2873
-637
235
271
670
1867
2825
2300
2007
3396
4424
3691
2461
1119
1009
2448
2999
768
-2191
-3092
-2554
-2529
-3594
-5701
-7208
-7295
-6736
-6638
-7051
-6940
-5920
-5011
-4220
-2777
-1195
156
801
1525
2442
4110
6076
6910
6761
6720
7501
9109
9863
9444
8450
8040
8546
9089
9036
7967
7404
7869
8759
8728
5595
2878
4431
6670
5512
660
-4743
-6078
-2928
-566
-4170
-10107
-12319
-10202
-6353
-5473
-9303
-12457
-10904
-7249
-4642
-4631
-6044
-6118
-3668
-1199
-59
46
276
1308
2351
2071
1567
2826
4004
3459
2214
930
509
1963
2876
1039
-2249
-3727
-3084
-2508
-3263
-5739
-7903
-8044
-6861
-6105
-6714
-7600
-6933
-5260
-3600
-2267
-1398
-473
581
2063
3283
4386
5860
6831
7290
7552
8011
9112
9752
9679
9057
8525
8565
8899
9034
8272
7659
7783
8462
8553
5689
3040
4167
6224
5211
709
-4560
-6035
-3285
-984
-4275
-9846
-12007
-10102
-6513
-5722
-9138
-12047
-10586
-7083
-4626
-4585
-5784
-5667
-3250
-845
272
425
770
1830
2843
2684
2166
3210
4365
3995
2631
1292
798
2152
2947
1091
-2272
-3858
-3024
-2297
-3371
-6214
-8467
-8200
-6612
-5921
-7119
-8432
-7529
-5274
-3528
-2736
-2443
-1527
32
1847
2986
3611
4829
6219
7101
7512
7822
8691
9448
9720
9311
8680
8506
8984
9232
8500
7751
7796
8690
8196
5058
3164
4585
6023
4343
-499
-5134
-5458
-2475
-1562
-5755
-10696
-11601
-9030
-5956
-6664
-10317
-11971
-9605
-6129
-4382
-5036
-6087
-5083
-2267
-155
605
534
1147
2431
3373
2982
2772
3824
4576
4044
2788
1561
1471
2666
2736
344
-2420
-3307
-2427
-2364
-4129
-6935
-8479
-7771
-6593
-6708
-8125
-8832
-7375
-5367
-4052
-3440
-2782
-1416
267
1736
2703
3746
5330
6686
7186
7560
8218
9283
9922
10007
9529
9029
9106
9638
9642
8832
8295
8606
9579
8489
5062
3750
5723
6743
4362
-989
-5373
-4895
-1595
-1634
-6812
-11622
-11979
-8951
-6062
-7517
-11682
-12801
-9942
-6321
-4851
-5718
-6787
-5408
-2511
-437
350
168
792
2139
3046
2564
2706
3852
4335
3681
2635
1472
1612
2841
2590
-49
-2495
-3080
-2151
-2327
-4430
-7387
-8641
-7567
-6426
-7017
-8751
-9258
-7388
-5255
-3992
-3545
-2931
-1281
769
2195
2971
4051
5670
7061
7598
7976
8564
9601
10154
10133
9653
9209
9340
9743
9547
8643
8237
8674
9701
8454
4754
3380
5727
6942
4480
-1172
-5662
-5109
-1408
-1357
-6877
-11885
-12196
-9003
-5869
-7362
-11940
-13176
-10026
-6295
-4868
-5847
-6955
-5559
-2483
-416
309
160
900
2346
3327
2751
2859
4228
4830
4020
2885
1765
1964
3375
3146
363
-2289
-2738
-1769
-1899
-4062
-7154
-8576
-7421
-6233
-6878
-8774
-9425
-7658
-5497
-4233
-3884
-3464
-1932
92
1654
2416
3320
4887
6456
7266
7640
8097
9200
10000
10168
9688
9192
9339
9867
9820
8852
8160
8523
9673
8481
4610
3250
5521
6678
4133
-1369
-5757
-5071
-1418
-1494
-7225
-12025
-12023
-8684
-5787
-7656
-12265
-13127
-9721
-6111
-4932
-6101
-7056
-5360
-2112
-202
364
302
1148
2740
3727
3073
3194
4665
5188
4239
3114
2152
2432
3776
3322
449
-2160
-2415
-1548
-1985
-4332
-7267
-8425
-7341
-6506
-7318
-9111
-9456
-7598
-5729
-4737
-4259
-3561
-1886
-57
1304
2150
3409
5186
6554
7213
7646
8360
9622
10356
10406
9972
9599
9782
10310
10237
9415
8857
9239
10200
8435
4779
4303
6640
6857
3604
-2017
-5566
-4120
-817
-2377
-8666
-12752
-11832
-8292
-6099
-9063
-13514
-13365
-9475
-6050
-5467
-6993
-7591
-5178
-1918
-160
42
-124
829
2776
3585
2807
3110
4472
4735
3924
2888
1903
2467
3707
2831
-111
-2303
-2315
-1562
-2471
-5065
-7752
-8270
-7135
-6777
-8025
-9627
-9211
-7081
-5610
-4896
-4334
-3226
-1240
505
1542
2385
3984
5811
6913
7430
7992
8913
10074
10492
10371
10046
9882
10068
10351
9948
9239
9068
9730
10255
7537
4120
4747
7257
6637
2439
-3373
-5774
-3211
-460
-3619
-10217
-13191
-11239
-7463
-6346
-10259
-14239
-12815
-8590
-5672
-5878
-7406
-7364
-4369
-1355
72
28
73
1453
3342
3747
2993
3765
4990
5049
4028
3022
2242
3205
4096
2618
-396
-2005
-1685
-1250
-2726
-5388
-7682
-7829
-6804
-6913
-8337
-9617
-8710
-6918
-5816
-5123
-4430
-3193
-1383
49
1074
2240
3930
5435
6283
6944
7867
9099
10072
10064
9876
9810
10082
10372
10286
9391
8783
8919
9856
9981
6629
3319
4557
7031
5914
1219
-4389
-5874
-2819
-651
-4682
-11038
-13099
-10495
-6896
-6636
-10967
-14135
-11911
-7740
-5453
-6093
-7416
-6766
-3478
-844
281
181
618
2129
3877
4036
3477
4455
5552
5278
4217
3325
2788
3676
4215
2359
-517
-1717
-1254
-1259
-3054
-5648
-7613
-7635
-6783
-7111
-8548
-9654
-8601
-6923
-5887
-5132
-4453
-3267
-1473
105
1198
2344
3968
5427
6319
7172
8106
9128
10027
10155
10095
9981
10134
10267
10231
9536
9127
9064
9833
9869
6593
3710
5098
7273
5806
1126
-4308
-5448
-2370
-554
-5048
-11270
-13094
-10436
-6883
-6864
-11506
-14520
-12066
-7871
-5640
-6395
-7848
-7133
-3708
-1008
54
-240
77
1710
3536
3661
3002
3999
4959
4826
3872
3003
2353
3411
3901
2082
-846
-1935
-1401
-1263
-3169
-5960
-7933
-7580
-6570
-7004
-8823
-10017
-8728
-6594
-5486
-4974
-4551
-3266
-1044
736
1736
2591
4172
5736
6841
7632
8381
9216
10087
10246
10302
10258
10266
10130
10027
9577
9282
9277
9929
9650
6222
3904
5596
7508
5634
909
-4390
-5147
-1964
-540
-5429
-11395
-12854
-10243
-6814
-7061
-11684
-14487
-11875
-7861
-5748
-6507
-7803
-7079
-3755
-1104
68
-201
141
1766
3520
3600
3177
4207
5048
4883
4080
3289
2670
3729
4066
2267
-515
-1546
-1131
-1051
-2821
-5667
-7674
-7376
-6277
-6736
-8605
-10008
-8868
-6812
-5426
-4976
-4853
-3809
-1609
240
1392
2264
3582
4958
6176
7210
7945
8849
9612
9843
9894
9964
10073
10108
9944
9344
8808
8826
9710
9645
6278
3397
4865
7003
5717
1146
-4216
-5519
-2353
-338
-4712
-10884
-12640
-10076
-6524
-6474
-11066
-14162
-11747
-7550
-5423
-6223
-7782
-7048
-3631
-863
38
-232
124
1871
3779
3851
3220
4275
5415
5256
4427
3611
2936
4016
4588
2772
-61
-1173
-686
-655
-2257
-5078
-7175
-6979
-5909
-6374
-8349
-9828
-8901
-6817
-5432
-5067
-5169
-4257
-2064
-53
1123
1829
2893
4364
5817
6868
7629
8286
9191
9621
9796
9596
9700
9911
9879
9284
8700
8637
9404
9975
7148
3638
4384
7077
6540
2508
-3104
-5354
-2810
148
-3197
-9681
-12430
-10494
-6918
-5948
-9983
-14034
-12533
-8464
-5826
-6254
-7845
-7865
-4788
-1787
-672
-845
-667
695
2662
3176
2361
3183
4546
4632
3643
3009
2385
3355
4202
2910
129
-1166
-745
-487
-1791
-4500
-6748
-6688
-5658
-6041
-7903
-9453
-8755
-6608
-5121
-4946
-4948
-3984
-1741
201
1355
1959
3014
4595
6021
6939
7665
8338
9251
9670
9732
9675
9678
9814
9758
9321
8706
8709
9317
9981
8156
4430
4024
6667
7442
4088
-1529
-5069
-3633
-134
-1398
-7836
-12144
-11312
-7784
-5707
-8445
-13199
-13578
-9633
-6296
-5954
-7593
-8218
-6112
-2657
-997
-940
-1159
-34
1870
2979
2290
2568
3986
4604
3733
2922
2379
2892
4081
3449
909
-1097
-970
-263
-839
-3667
-6434
-6756
-5386
-5280
-7183
-9379
-9282
-6653
-4584
-4914
-5576
-4659
-2128
172
1079
1123
1970
4076
5828
6507
6746
7460
8788
9747
9593
9234
9250
9729
10032
9714
8543
8333
9219
10171
8828
4910
3508
5986
7772
5153
-555
-4937
-4143
-296
-296
-6499
-11804
-11622
-7959
-5377
-7511
-12687
-14019
-9915
-6165
-5789
-7645
-8520
-6535
-2808
-1002
-1118
-1446
-160
1864
3234
2576
2516
4074
5088
4319
3321
2887
3145
4370
4026
1594
-608
-523
251
-150
-2902
-5751
-6306
-4895
-4572
-6610
-9079
-9309
-6687
-4436
-4971
-6013
-5276
-2769
-323
620
357
855
3113
5316
6018
5996
6506
7975
9452
9650
9057
8740
9227
9930
10087
8941
8275
8929
10170
9115
5350
3920
6192
7713
5288
-169
-4447
-3656
-107
-365
-6480
-11560
-11341
-7760
-5415
-7851
-13034
-14118
-9988
-6376
-6158
-8153
-9026
-6815
-3080
-1418
-1606
-1988
-600
1473
2849
2188
2155
3780
4768
4144
3209
2866
3215
4507
4117
1771
-222
-8
705
208
-2633
-5346
-5740
-4431
-4396
-6592
-8931
-9001
-6648
-4712
-5358
-6193
-5184
-2787
-651
89
42
925
3278
5201
5626
5690
6565
8158
9484
9364
8743
8674
9406
9983
9872
8776
8343
9131
10292
9196
5568
4142
6482
8012
5538
227
-3879
-3137
64
-150
-6030
-10999
-10833
-7487
-5484
-7805
-12602
-13634
-9899
-6503
-6411
-8193
-8779
-6612
-3265
-1874
-1890
-2015
-576
1306
2548
1941
1980
3609
4709
4150
3304
2871
3198
4377
4151
2082
144
83
532
147
-2288
-4861
-5574
-4792
-4898
-6506
-8458
-8833
-7335
-5667
-5837
-6059
-5144
-3532
-1791
-684
16
1034
2832
4270
4967
5631
6790
7989
9033
8998
8841
9011
9599
9928
9725
8905
8636
9214
9984
9491
6301
4276
5975
7964
6045
1305
-3074
-3157
-379
415
-4627
-10040
-10665
-7741
-5512
-7012
-11561
-13554
-10373
-6753
-6323
-8044
-8915
-7310
-3902
-2140
-1971
-2276
-1137
828
2478
2241
1762
3191
4586
4392
3592
3238
3106
4132
4394
2827
705
379
679
427
-1501
-3767
-4845
-4615
-4746
-5893
-7413
-8038
-7227
-5958
-5828
-5630
-4723
-3747
-2491
-1273
-136
937
2384
3515
4231
5193
6533
7571
8395
8484
8680
8933
9316
9491
9496
8872
8577
8857
9446
9307
6855
4501
5551
7533
6267
2059
-2336
-3155
-873
403
-3846
-9383
-10646
-8093
-5911
-6896
-11026
-13430
-10976
-7318
-6657
-8034
-9062
-7844
-4659
-2685
-2313
-2548
-1694
163
2003
2137
1453
2679
4145
4081
3498
3315
3130
3895
4391
3216
1198
801
1083
776
-990
-3055
-4181
-4177
-4354
-5378
-6916
-7849
-7205
-5799
-5630
-5561
-4858
-3941
-2583
-1419
-344
614
1998
3190
4018
4964
6176
7152
8036
8200
8525
8787
8988
9227
9573
9150
8668
8866
9349
9655
7757
5289
5483
7530
6890
3251
-1291
-2840
-1222
528
-2677
-8321
-10464
-8558
-6149
-6490
-10120
-13226
-11468
-7800
-6539
-7708
-8757
-8071
-5168
-2861
-2319
-2614
-1969
-97
1613
2124
1433
2381
3839
4153
3466
3217
3106
3753
4244
3306
1329
650
974
571
-992
-3072
-4259
-4417
-4448
-5446
-6996
-7975
-7427
-6069
-5646
-5654
-5217
-4241
-2796
-1508
-434
411
1570
3050
4187
5150
6102
6903
7865
8510
8995
8960
8971
9400
9921
9653
9003
8986
9658
9742
7501
5395
5890
7398
6326
2619
-1563
-2560
-720
8
-3737
-8681
-9991
-8041
-5976
-7077
-10892
-12983
-10610
-7414
-6680
-8008
-8832
-7585
-4597
-2589
-2360
-2582
-1705
402
2071
2274
1735
2578
3979
4403
3918
3198
2919
3779
4345
3193
1113
193
528
478
-1125
-3542
-4879
-4564
-4318
-5367
-7274
-8103
-7086
-5539
-5281
-5743
-5343
-3913
-2034
-1005
-544
286
2081
3847
4755
5274
6174
7400
8595
9112
9090
9162
9425
10042
10062
9573
9030
9549
10036
8449
5797
5558
7013
6791
3738
-448
-2548
-1443
3
-2618
-7708
-10244
-8940
-6742
-6934
-10166
-13118
-11994
-8766
-7132
-8074
-9222
-8555
-5729
-3400
-2685
-2679
-2095
-357
1541
2424
2044
2590
3741
4388
4172
3923
3498
3762
4174
3623
2031
910
791
624
-779
-2958
-4248
-4513
-4444
-5399
-7116
-8153
-7394
-6020
-5892
-6229
-5748
-4410
-2510
-1302
-863
-90
1745
3772
4917
5450
6265
7558
8984
9585
9736
9980
10188
10497
10599
10361
9995
10308
10586
9360
6797
6067
7320
7514
4763
454
-2255
-1579
10
-1799
-6984
-10512
-9847
-7510
-7022
-9953
-13469
-13369
-10061
-7778
-8248
-9777
-9631
-6942
-3831
-2750
-2941
-2779
-1038
1213
2533
2301
2417
3457
4349
4640
4524
3990
3784
4243
4107
2915
1454
823
607
-249
-2173
-3806
-4735
-5014
-5436
-6541
-7759
-7934
-6856
-6457
-6495
-5852
-4859
-3578
-2156
-1196
-276
1160
3078
4398
5309
6353
7408
8669
9512
9926
10270
10489
10618
10678
10511
10220
10426
10772
9710
7169
6021
7058
7544
5322
1210
-2188
-2004
-112
-1085
-6004
-10068
-10031
-7760
-6757
-9031
-12759
-13432
-10440
-7848
-7977
-9419
-9485
-7382
-4278
-2766
-2702
-2673
-1171
1026
2400
2383
2598
3672
4371
4469
4516
4464
4211
4367
3953
2887
1906
1599
1091
-331
-2436
-3557
-3675
-4114
-5669
-7508
-8039
-7146
-5925
-6565
-8061
-7382
-4832
-2872
-2596
-2987
-2099
463
3225
4099
3772
4688
6891
8829
9323
8924
9284
10337
11153
10890
10011
9451
10100
11070
10491
7610
5422
6310
7824
6496
2613
-1549
-2552
-518
110
-3881
-8914
-10185
-8273
-6623
-7651
-11252
-13409
-11433
-8324
-7565
-8873
-9533
-8212
-5365
-3239
-2709
-2736
-1909
159
2020
2473
2309
3249
4296
4616
4510
4557
4219
4442
4467
3520
2119
1574
1439
664
-1272
-3288
-4082
-3970
-4565
-6469
-8247
-8374
-6822
-5996
-7163
-8203
-6966
-4307
-2476
-2437
-2694
-1444
1559
4092
4621
4400
5410
7734
9638
10011
9628
9774
10608
11645
11670
10574
9825
10534
11423
10249
7343
6150
7152
7423
5311
1220
-1947
-1776
-96
-1528
-6322
-9745
-9663
-7888
-7276
-9713
-13132
-13191
-10327
-8316
-8797
-9940
-9595
-7243
-4586
-3413
-3201
-2805
-1155
923
2113
2070
2654
3825
4483
4552
4696
4569
4578
4782
4154
2963
2267
2093
1186
-485
-2229
-2942
-3257
-4262
-6216
-7558
-7499
-6429
-6411
-7744
-8445
-6819
-4391
-3361
-3793
-3629
-1637
1332
3137
3217
3416
5124
7712
9131
9040
8865
9875
11157
11659
11220
10381
10282
11211
11856
10423
7576
6609
7937
8137
5607
1571
-1185
-969
298
-1204
-5918
-9198
-8982
-7405
-7330
-9800
-12908
-12985
-10222
-8506
-9300
-10562
-9909
-7407
-4895
-4086
-4003
-3384
-1365
774
1772
1600
2137
3666
4649
4759
4646
4518
4640
5168
4797
3532
2386
2249
1904
871
-1191
-2801
-3362
-3409
-4501
-6288
-7726
-7321
-6247
-6218
-7461
-7768
-6187
-4247
-3205
-3135
-2781
-1092
1537
3189
3626
4084
5725
7608
8827
9096
9381
10041
10714
11169
10917
10448
10420
11122
10850
8625
6882
7447
7929
6329
2903
-320
-1171
-7
-353
-4335
-8240
-9017
-7628
-6950
-8691
-11986
-13171
-11024
-8705
-8823
-10233
-10514
-8538
-5822
-4348
-4141
-3969
-2551
-183
1422
1521
1579
2992
4185
4582
4660
4624
4612
5090
5017
4016
2876
2595
2188
1315
-183
-1790
-2854
-3406
-4084
-5193
-6428
-6900
-6632
-6391
-6689
-6887
-6050
-4942
-4010
-3185
-2245
-1079
526
2181
3308
4221
5633
7090
8090
8788
9518
10156
10558
11056
11138
10946
10852
11289
10889
8978
7733
8318
8261
6285
3102
418
-351
449
-461
-4580
-8030
-8434
-7321
-7171
-9237
-12338
-13078
-10971
-9119
-9488
-10719
-10855
-8903
-6179
-4914
-4785
-4455
-2896
-606
1095
1167
1199
2560
3983
4553
4709
4431
4311
4988
5268
4367
2893
2141
1769
1614
481
-1734
-3539
-3880
-3761
-4352
-5998
-7307
-7121
-5953
-5568
-6294
-6404
-5347
-3525
-2143
-1661
-1301
239
2555
4220
4724
5363
6800
8494
9525
9833
9856
10175
11181
11816
11441
10805
10805
10187
8807
8426
8630
7268
4766
2216
601
341
41
-2455
-6161
-7813
-7492
-7216
-8320
-10770
-12512
-11686
-10056
-9671
-10318
-10626
-9810
-7769
-5919
-5300
-4725
-3622
-1909
-215
894
1152
1992
3359
4208
4364
4600
4662
5021
5297
4695
3667
3123
2784
1860
751
-542
-1740
-2605
-3439
-4668
-5618
-6064
-6060
-6309
-6658
-6811
-6256
-5158
-4387
-3973
-3277
-1897
-150
1302
2193
3042
4314
6167
7633
8294
8516
9266
10327
10966
10994
10819
10875
11269
11170
9573
7954
8090
8612
7110
4061
1120
240
799
188
-3373
-7037
-7987
-6963
-6632
-8427
-11564
-12672
-10880
-9200
-9478
-10608
-10824
-9440
-7016
-5627
-5509
-5116
-3615
-1642
-58
538
846
1950
3293
4060
4391
4602
4553
4998
5305
4819
3969
3417
2728
2049
1321
25
-1540
-2469
-3033
-3778
-4710
-5694
-6236
-6068
-5733
-5820
-5978
-5638
-4705
-3351
-2375
-1898
-1027
649
2418
3694
4477
5311
6709
8258
9210
9538
9850
10334
11091
11480
11514
11305
10516
9252
8989
9289
8317
5883
3289
1581
1364
1212
-1235
-4994
-7048
-6934
-6568
-7533
-10185
-12341
-11795
-10187
-9948
-10776
-11317
-10703
-8828
-7080
-6471
-6194
-5086
-3255
-1451
-519
-118
853
2281
3274
3850
4168
4232
4621
5297
5083
4213
3501
3055
2653
2097
690
-1122
-2161
-2283
-2743
-3963
-5460
-6135
-5679
-5134
-5390
-5940
-5845
-4814
-3314
-2328
-2104
-1440
334
2195
3430
4226
5096
6402
7989
9123
9530
9816
10416
11189
11687
11728
11611
10859
9652
9384
9794
8850
6263
3627
2138
1908
1569
-906
-4717
-6819
-6742
-6409
-7565
-10176
-12396
-12045
-10400
-10064
-11067
-11737
-11041
-9127
-7412
-6810
-6598
-5625
-3612
-1627
-690
-483
433
2095
3266
3791
4010
4148
4615
5339
5231
4393
3694
3238
2712
2212
1112
-525
-1822
-2469
-2880
-3619
-4698
-5841
-6039
-5589
-5377
-5533
-5523
-5173
-4107
-2795
-1927
-1331
-143
1478
2832
3983
5030
6244
7402
8369
9164
9897
10451
10880
11227
11511
11782
11412
9954
9022
9603
9573
7510
4337
2129
1869
2235
494
-3546
-6553
-6900
-6180
-6675
-9214
-12048
-12432
-10799
-9903
-10684
-11701
-11604
-9904
-7870
-7016
-6816
-6209
-4560
-2390
-892
-538
7
1465
2945
3785
4307
4357
4595
5333
5642
5031
4377
3916
3223
2545
1731
465
-780
-1834
-2802
-3547
-4210
-4990
-5786
-6055
-5971
-5625
-5423
-5454
-5083
-3893
-2600
-1676
-946
172
1741
3392
4548
5293
6421
7823
9116
9766
10103
10571
11409
12145
12365
11646
10324
9840
10557
10378
8151
5270
3203
2823
2780
1022
-2777
-5662
-6272
-5982
-6780
-9123
-11725
-12333
-11071
-10426
-11235
-12142
-11879
-10421
-8613
-7851
-7593
-6769
-5028
-3046
-1688
-1169
-413
1180
2641
3374
3910
4233
4524
5283
5725
5097
4165
3795
3542
3113
2007
273
-1085
-1498
-1953
-3033
-4526
-5558
-5679
-5238
-5454
-6110
-6180
-5482
-4481
-3659
-3156
-2418
-963
656
1884
2804
3967
5423
6942
7944
8684
9397
10352
11200
11678
11844
12100
12049
11101
10217
10336
10265
8502
5880
3647
2958
2786
1224
-2338
-5265
-6155
-5938
-6591
-8922
-11665
-12413
-11143
-10412
-11181
-12218
-12109
-10727
-8771
-7816
-7658
-7110
-5415
-3266
-1748
-1248
-653
913
2509
3388
3885
4198
4582
5382
5760
5182
4495
4300
3831
3074
2132
993
-185
-1124
-2203
-3191
-3901
-4511
-5403
-5963
-6064
-5858
-5512
-5430
-5309
-4682
-3425
-2195
-1106
-197
910
2315
3916
5268
6379
7296
8225
9315
10307
11033
11287
11689
12130
12095
11104
10282
10393
10394
8766
6018
3747
3091
3123
1542
-2072
-5194
-5951
-5643
-6250
-8661
-11500
-12405
-11106
-10185
-10968
-12207
-12192
-10726
-8766
-7771
-7665
-7174
-5549
-3299
-1722
-1210
-710
843
2547
3584
4118
4389
4713
5490
6065
5605
4868
4517
4114
3420
2550
1338
121
-858
-1824
-2865
-3820
-4607
-5378
-5786
-6021
-6123
-6048
-5838
-5520
-4830
-3877
-2957
-1962
-762
541
1846
3164
4418
5727
6944
7969
8883
9786
10622
11174
11654
12128
12023
11145
10440
10674
10650
9097
6419
4242
3502
3413
1906
-1493
-4566
-5613
-5438
-6048
-8221
-10982
-12013
-11139
-10334
-10924
-11909
-12054
-10937
-9243
-8130
-7724
-7179
-5765
-3830
-2196
-1445
-729
703
2216
3105
3761
4331
4804
5335
5612
5272
4846
4752
4228
3235
2258
1433
583
-404
-1748
-2938
-3554
-3959
-4764
-5609
-5998
-5859
-5387
-5197
-5288
-4945
-3775
-2437
-1437
-706
236
1651
3326
4617
5533
6467
7580
8746
9678
10248
10715
11322
11964
11781
10785
10142
10523
10587
8899
6165
4053
3566
3458
1846
-1695
-4523
-5445
-5233
-6014
-8220
-10889
-11801
-10883
-10230
-10951
-11971
-11923
-10787
-9155
-8311
-7878
-7248
-5689
-3888
-2349
-1661
-881
608
2149
2995
3542
4113
4601
5302
5644
5330
4700
4561
4231
3641
2684
1549
429
-299
-1139
-2184
-3167
-4014
-4705
-5053
-5147
-5366
-5426
-5290
-4916
-4257
-3360
-2524
-1673
-628
600
1878
3124
4275
5390
6512
7584
8545
9386
9958
10525
11172
11796
11567
10556
9833
10189
10368
8883
6110
3762
3136
3193
1887
-1584
-4673
-5811
-5497
-5961
-8002
-10809
-11991
-11139
-10226
-10692
-11824
-12073
-11052
-9234
-8145
-7725
-7328
-5926
-4000
-2281
-1529
-855
502
2098
3058
3636
4195
4723
5433
5752
5421
4810
4750
4522
3809
2610
1510
653
22
-1067
-2369
-3343
-3901
-4404
-4960
-5436
-5722
-5460
-5041
-4778
-4520
-3780
-2708
-1482
-447
545
1624
2964
4393
5749
6788
7571
8442
9524
10413
10948
11366
11769
11717
10892
10219
10317
10424
8981
6299
3889
3168
3164
1873
-1491
-4658
-5878
-5657
-6029
-8094
-10883
-12187
-11376
-10472
-10859
-11975
-12264
-11275
-9540
-8365
-7908
-7433
-6131
-4188
-2517
-1709
-1038
414
2011
2972
3487
4033
4592
5323
5774
5434
4589
4179
4225
4048
2859
1041
-214
-372
-604
-1779
-3477
-4638
-4783
-4389
-4476
-5280
-5832
-5396
-4245
-3354
-3067
-2803
-1669
22
1491
2346
3099
4286
5938
7356
8095
8485
9244
10429
11440
11794
11545
11062
10633
10634
10738
9969
7893
5523
4041
3638
2957
715
-2546
-4746
-5330
-5537
-6798
-9092
-11156
-11577
-10905
-10749
-11503
-12060
-11708
-10576
-9350
-8582
-7957
-6994
-5456
-3826
-2546
-1795
-708
842
2199
2882
3445
4070
4681
5248
5423
5097
4542
4192
3803
3364
2403
1093
-139
-766
-1264
-1997
-3111
-4274
-4839
-4742
-4493
-4728
-5095
-5140
-4355
-3239
-2387
-1950
-1208
104
1661
2961
3827
4739
5940
7383
8397
9070
9573
10364
11205
11855
11824
11047
10193
10107
10465
9730
7446
4666
3227
3084
2603
106
-3316
-5581
-5923
-5844
-7012
-9567
-11687
-11880
-10922
-10564
-11329
-12063
-11725
-10253
-8763
-7952
-7544
-6654
-4982
-3089
-1896
-1270
-228
1365
2660
3324
3743
4251
4945
5429
5225
4633
4342
4204
3684
2611
1370
458
-20
-706
-1913
-3100
-3724
-3999
-4367
-4944
-5403
-5305
-4774
-4313
-4050
-3650
-2799
-1461
-40
967
1696
2799
4407
5950
7027
7693
8388
9411
10562
11385
11795
11830
11408
10870
10758
10880
10156
8215
5787
4213
3688
2998
867
-2201
-4584
-5495
-5727
-6766
-8971
-11131
-11763
-11263
-10926
-11448
-12128
-12060
-10934
-9490
-8504
-7934
-7178
-5717
-3875
-2399
-1606
-664
813
2309
3205
3704
4103
4718
5415
5534
4920
4284
4166
3996
3223
1808
553
-67
-378
-1267
-2582
-3618
-4076
-4229
-4521
-5037
-5403
-5113
-4540
-4031
-3645
-2962
-1940
-620
575
1557
2610
3932
5348
6549
7483
8220
9149
10167
11037
11572
11942
11761
11160
10746
10830
10550
9067
6653
4555
3715
3291
1810
-1089
-3930
-5472
-5709
-6196
-8018
-10561
-11923
-11645
-10940
-11087
-11983
-12422
-11615
-10002
-8752
-8151
-7667
-6468
-4627
-2875
-1900
-1095
204
1788
2968
3607
4035
4611
5312
5541
5149
4657
4494
4202
3409
2202
1170
593
47
-1090
-2410
-3169
-3429
-3773
-4476
-5174
-5352
-4854
-4290
-4124
-4067
-3445
-2159
-695
330
940
1844
3411
5128
6322
6984
7616
8749
10110
10989
11358
11674
11842
11510
11080
10938
10695
9509
7373
5200
4031
3445
2134
-409
-3234
-5119
-5824
-6213
-7670
-10010
-11800
-11985
-11400
-11218
-11894
-12521
-12163
-10747
-9237
-8359
-7857
-6998
-5262
-3366
-2041
-1235
-58
1437
2808
3675
4217
4676
5272
5670
5549
5166
4769
4367
3718
2845
1789
934
191
-749
-1930
-2776
-3303
-3788
-4403
-4997
-5273
-5082
-4629
-4346
-4156
-3687
-2656
-1291
-89
664
1497
2901
4597
5988
6847
7560
8589
9913
10964
11539
11884
11916
11586
11365
11495
11174
9773
7539
5667
4739
4091
2381
-414
-3035
-4601
-5322
-6200
-7956
-10196
-11619
-11826
-11553
-11777
-12385
-12765
-12267
-11073
-9846
-8942
-8170
-7072
-5456
-3727
-2457
-1376
-16
1536
2722
3526
4124
4806
5591
6001
5673
5102
4839
4759
4303
3128
1688
764
482
-166
-1547
-2959
-3659
-3792
-3983
-4635
-5416
-5542
-4916
-4183
-3898
-3754
-3113
-1673
-155
751
1385
2500
4195
5788
6782
7364
8261
9608
10815
11465
11761
11655
11349
11336
11606
11229
9668
7411
5676
4983
4414
2565
-411
-2983
-4323
-4823
-5779
-7774
-10118
-11351
-11353
-11115
-11535
-12293
-12613
-11973
-10802
-9813
-9028
-8214
-6978
-5445
-3978
-2877
-1650
-102
1392
2355
3048
3732
4677
5585
5807
5308
4846
4884
4907
4278
2934
1621
982
763
-132
-1583
-2827
-3321
-3500
-3881
-4629
-5211
-5123
-4579
-4138
-3960
-3634
-2804
-1399
-170
606
1313
2566
4215
5658
6498
7097
8111
9477
10569
11215
11567
11445
11118
11121
11424
11064
9493
7210
5507
4869
4309
2451
-419
-2939
-4284
-4822
-5740
-7665
-9928
-11200
-11299
-11082
-11387
-12067
-12412
-11849
-10755
-9712
-8891
-8095
-6914
-5437
-3991
-2871
-1626
-116
1307
2305
3029
3711
4622
5506
5731
5296
4862
4847
4795
4225
3008
1745
1041
686
-170
-1436
-2559
-3164
-3521
-3915
-4485
-4916
-4874
-4531
-4163
-3852
-3387
-2585
-1351
-244
609
1449
2709
4182
5493
6400
7166
8223
9451
10444
11149
11617
11484
11057
10953
11294
11058
9572
7240
5421
4729
4204
2488
-301
-2897
-4342
-4922
-5793
-7664
-9945
-11288
-11437
-11191
-11446
-12123
-12509
-11976
-10863
-9750
-8958
-8195
-7017
-5417
-3892
-2801
-1660
-174
1387
2539
3212
3710
4536
5499
5877
5453
4870
4674
4660
4272
3122
1729
875
479
-226
-1414
-2602
-3335
-3640
-3950
-4507
-4963
-4926
-4512
-4056
-3728
-3341
-2513
-1220
-10
839
1658
2873
4383
5737
6652
7391
8404
9576
10576
11295
11620
11327
10873
10914
11234
10779
9090
6852
5263
4638
3903
2026
-669
-2998
-4327
-5000
-6000
-7833
-9861
-10997
-11193
-11158
-11417
-11862
-11997
-11512
-10609
-9664
-8783
-7824
-6607
-5212
-3947
-2876
-1578
-23
1357
2301
2941
3575
4357
5054
5296
5124
4759
4330
3891
3454
2795
1892
913
-42
-879
-1521
-2109
-2861
-3654
-4228
-4388
-4303
-4202
-4194
-3979
-3450
-2699
-1787
-772
196
1089
2112
3341
4618
5700
6606
7558
8637
9549
10296
11011
11473
11249
10748
10632
10783
10303
8724
6596
5004
4253
3402
1609
-899
-3158
-4523
-5166
-6140
-7944
-9874
-10932
-11084
-10967
-11186
-11664
-11798
-11215
-10223
-9294
-8471
-7533
-6239
-4819
-3643
-2634
-1335
206
1563
2452
2985
3504
4208
4874
5135
4932
4381
3787
3438
3229
2669
1619
421
-481
-971
-1359
-2072
-3077
-3885
-4174
-4080
-4005
-4082
-4124
-3770
-3050
-2198
-1370
-528
364
1379
2553
3748
4793
5713
6709
7855
8909
9604
10222
10985
11457
11175
10656
10531
10556
9898
8191
6089
4673
3980
2974
1005
-1497
-3620
-4786
-5438
-6574
-8438
-10193
-11054
-11108
-11028
-11353
-11866
-11839
-11001
-9836
-8859
-8156
-7291
-5973
-4456
-3197
-2070
-779
636
1867
2692
3099
3491
4258
5146
5411
4776
3803
3389
3643
3617
2528
863
-228
-439
-471
-1215
-2634
-3813
-4054
-3763
-3712
-4105
-4399
-4117
-3304
-2508
-1919
-1271
-288
892
2059
3033
3972
5077
6333
7462
8329
9039
9842
10893
11571
11319
10555
10380
10707
10566
9049
6741
4909
4255
3668
1999
-630
-3028
-4391
-4998
-5906
-7691
-9555
-10642
-10832
-10885
-11241
-11896
-11946
-11112
-9774
-8873
-8431
-7966
-6805
-5159
-3663
-2430
-1172
178
1188
1848
2218
2833
3864
5059
5387
4694
3565
3149
3559
3827
2949
1303
148
-80
-29
-714
-2100
-3345
-3566
-3283
-3183
-3587
-3934
-3838
-3203
-2459
-1812
-1115
-260
728
1676
2608
3527
4699
5882
6929
7691
8475
9347
10410
11135
10977
10263
10031
10514
10630
9454
7130
5139
4282
3934
2594
219
-2275
-3825
-4553
-5357
-6983
-8911
-10167
-10554
-10575
-10833
-11287
-11568
-11142
-10301
-9434
-8796
-7991
-6754
-5222
-4053
-3246
-2208
-689
820
1816
2332
2702
3364
4166
4696
4549
3970
3456
3425
3453
2864
1623
497
-43
-245
-721
-1709
-2730
-3277
-3364
-3414
-3542
-3690
-3610
-3159
-2475
-1864
-1281
-537
410
1501
2554
3488
4389
5385
6431
7473
8394
9188
10008
10790
10960
10440
10046
10280
10532
9742
7740
5585
4439
4024
3066
978
-1522
-3428
-4389
-5061
-6372
-8225
-9708
-10359
-10499
-10656
-11039
-11338
-11142
-10437
-9624
-8911
-8157
-7057
-5623
-4359
-3517
-2602
-1218
312
1508
2168
2534
3032
3788
4439
4559
4119
3526
3259
3262
2929
2018
959
168
-316
-773
-1461
-2291
-2909
-3234
-3422
-3567
-3638
-3540
-3161
-2600
-2072
-1499
-731
214
1228
2263
3246
4198
5160
6159
7205
8203
9011
9737
10527
10977
10719
10197
10128
10365
9991
8386
6195
4638
4008
3286
1559
-853
-3005
-4295
-5012
-6048
-7729
-9349
-10253
-10511
-10629
-10945
-11292
-11195
-10524
-9667
-8977
-8346
-7428
-6034
-4547
-3506
-2750
-1717
-293
1071
1949
2326
2697
3365
4057
4266
3906
3382
3133
3105
2784
1932
985
367
4
-439
-1207
-2066
-2615
-2775
-2864
-3064
-3240
-3172
-2797
-2244
-1747
-1254
-530
422
1387
2270
3121
4023
4986
5917
6794
7629
8450
9236
10041
10628
10521
9890
9595
9912
9993
8859
6667
4693
3826
3420
2195
-33
-2317
-3849
-4632
-5449
-6922
-8599
-9682
-10062
-10237
-10559
-10980
-11084
-10556
-9715
-9043
-8516
-7795
-6618
-5125
-3926
-3212
-2385
-1088
300
1283
1774
2137
2766
3532
3879
3628
3189
2973
3004
2861
2157
1191
553
265
-94
-784
-1645
-2272
-2500
-2586
-2788
-2987
-2949
-2702
-2292
-1797
-1274
-570
321
1169
1944
2770
3710
4704
5632
6427
7173
8044
8923
9691
10341
10503
10016
9532
9629
9880
9317
7529
5320
3927
3457
2716
950
-1300
-3180
-4307
-5063
-6221
-7768
-8990
-9646
-9988
-10275
-10646
-10883
-10595
-9867
-9169
-8652
-8081
-7159
-5788
-4423
-3557
-2858
-1815
-521
617
1349
1774
2255
2922
3398
3392
3145
2941
2853
2753
2288
1494
835
434
47
-535
-1289
-1951
-2305
-2473
-2695
-2893
-2882
-2719
-2450
-2024
-1481
-792
65
861
1566
2391
3383
4419
5371
6156
6884
7768
8696
9467
10095
10431
10199
9703
9534
9700
9504
8249
6169
4394
3597
3063
1787
-236
-2285
-3766
-4685
-5672
-7015
-8274
-9143
-9671
-10009
-10339
-10639
-10591
-10071
-9376
-8789
-8292
-7606
-6487
-5136
-4072
-3320
-2450
-1310
-144
762
1307
1748
2333
2867
3071
2988
2816
2697
2626
2353
1748
1109
656
306
-140
-789
-1452
-1885
-2064
-2183
-2347
-2423
-2331
-2052
-1604
-1096
-536
164
948
1705
2478
3269
4101
4965
5764
6503
7260
8030
8738
9380
9824
9806
9377
9044
9116
9193
8455
6669
4707
3600
3191
2420
742
-1356
-3052
-4073
-4909
-6039
-7292
-8333
-9058
-9526
-9871
-10138
-10215
-9979
-9499
-8974
-8481
-7892
-7004
-5825
-4718
-3908
-3168
-2197
-1053
-14
664
1125
1686
2292
2669
2708
2579
2545
2616
2498
2013
1377
921
679
372
-204
-911
-1430
-1664
-1777
-1966
-2156
-2150
-1922
-1573
-1238
-852
-243
505
1190
1798
2441
3255
4135
4840
5362
5966
6774
7599
8222
8635
8904
8945
8722
8460
8408
8375
7756
6322
4705
3641
3060
2310
922
-801
-2220
-3232
-4177
-5258
-6366
-7272
-7896
-8376
-8818
-9182
-9312
-9132
-8731
-8289
-7927
-7492
-6765
-5788
-4847
-4078
-3379
-2564
-1586
-684
-28
502
1066
1622
2007
2106
2067
2130
2259
2204
1850
1382
1064
903
640
120
-494
-874
-986
-1098
-1342
-1620
-1707
-1502
-1232
-1074
-870
-442
167
728
1076
1424
2094
3000
3732
4098
4367
4926
5733
6431
6815
7033
7280
7439
7343
7123
6998
6906
6550
5683
4519
3561
2916
2277
1356
172
-976
-1922
-2804
-3790
-4771
-5523
-6011
-6432
-6953
-7500
-7827
-7798
-7561
-7335
-7128
-6825
-6355
-5745
-5121
-4540
-3894
-3129
-2304
-1550
-976
-516
-5
558
1016
1272
1386
1491
1630
1677
1550
1324
1151
1030
830
514
142
-181
-401
-594
-819
-997
-1073
-1072
-1027
-957
-836
-587
-229
157
528
884
1286
1768
2318
2874
3387
3830
4243
4686
5159
5604
5940
6188
6380
6495
6479
6305
6050
5823
5539
5052
4329
3487
2707
2021
1308
454
-473
-1352
-2188
-3034
-3877
-4611
-5148
-5552
-5970
-6433
-6794
-6924
-6860
-6702
-6510
-6244
-5851
-5375
-4906
-4419
-3831
-3114
-2352
-1706
-1214
-786
-332
134
537
823
1013
1152
1237
1219
1105
968
883
819
669
377
7
-294
-468
-577
-715
-895
-1000
-991
-919
-837
-729
-504
-168
187
481
768
1169
1695
2230
2655
3016
3438
3914
4369
4714
4965
5196
5425
5583
5613
5555
5444
5288
5031
4624
4114
3585
3066
2492
1803
1028
264
-429
-1072
-1703
-2340
-2938
-3478
-3954
-4382
-4741
-4991
-5099
-5113
-5113
-5097
-5019
-4803
-4453
-4063
-3692
-3346
-2968
-2547
-2128
-1740
-1383
-1036
-722
-485
-333
-225
-118
-11
41
14
-78
-179
-270
-350
-432
-540
-643
-744
-816
-856
-871
-830
-728
-590
-427
-268
-83
173
501
862
1192
1475
1777
2135
2510
2851
3142
3413
3665
3859
3962
4006
4053
4102
4091
3953
3712
3445
3198
2918
2555
2139
1724
1319
882
407
-66
-480
-814
-1128
-1458
-1780
-2030
-2195
-2313
-2408
-2473
-2481
-2422
-2322
-2199
-2052
-1876
-1665
-1453
-1261
-1094
-929
-755
-594
-475
-422
-406
-388
-369
-396
-485
-615
-753
-873
-1022
-1202
-1392
-1546
-1662
-1777
-1887
-1982
-2012
-1975
-1908
-1820
-1693
-1502
-1268
-1009
-726
-410
-49
343
716
1071
1428
1778
2119
2420
2677
2907
3091
3214
3265
3259
3207
3107
2953
2747
2484
2169
1825
1456
1076
696
311
-71
-438
-791
-1114
-1377
-1582
-1743
-1852
-1909
-1917
-1867
-1758
-1593
-1385
-1132
-845
-538
-229
68
378
700
998
1250
1450
1605
1725
1786
1789
1729
1616
1470
1276
1029
721
384
31
-342
-715
-1084
-1430
-1771
-2098
-2385
-2626
-2794
-2900
-2951
-2945
-2873
-2737
-2555
-2315
-2004
-1641
-1250
-839
-413
19
452
885
1297
1671
2001
2277
2500
2667
2774
2804
2752
2655
2497
2271
1995
1655
1275
877
463
40
-393
-809
-1208
-1568
-1885
-2161
-2382
-2544
-2639
-2664
-2623
-2522
-2364
-2141
-1852
-1517
-1138
-729
-311
117
549
979
1391
1773
2118
2414
2653
2834
2947
3002
2992
2917
2777
2569
2315
2011
1665
1291
888
478
79
-310
-688
-1047
-1373
-1651
-1871
-2025
-2123
-2179
-2170
-2103
-1975
-1785
-1549
-1272
-965
-636
-289
62
404
735
1046
1330
1579
1775
1924
2012
2034
2005
1918
1775
1583
1335
1041
703
340
-40
-432
-826
-1210
-1576
-1917
-2229
-2511
-2737
-2907
-3015
-3062
-3054
-2990
-2867
-2687
-2451
-2174
-1846
-1490
-1120
-725
-328
73
454
819
1159
1478
1752
1975
2150
2274
2346
2366
2343
2275
2164
2005
1806
1575
1332
1073
816
562
308
64
-161
-357
-525
-641
-725
-778
-788
-763
-691
-582
-445
-282
-93
116
329
550
770
972
1156
1317
1455
1572
1647
1685
1666
1602
1503
1370
1205
993
750
473
181
-119
-428
-747
-1071
-1367
-1641
-1891
-2113
-2306
-2463
-2574
-2626
-2630
-2591
-2518
-2401
-2235
-2029
-1782
-1527
-1250
-948
-640
-328
-28
250
518
768
991
1183
1331
1430
1489
1523
1524
1486
1409
1295
1155
1000
826
642
444
250
67
-99
-246
-386
-504
-584
-633
-645
-622
-574
-492
-382
-246
-83
94
282
477
689
893
1082
1255
1397
1521
1617
1687
1719
1707
1656
1563
1437
1277
1094
878
636
375
99
-188
-477
-747
-1010
-1260
-1490
-1686
-1854
-1980
-2076
-2133
-2146
-2134
-2073
-1972
-1832
-1669
-1484
-1275
-1050
-813
-572
-329
-91
133
339
524
690
832
947
1021
1058
1075
1059
1025
966
878
762
641
523
389
249
115
-16
-124
-219
-301
-360
-399
-417
-402
-366
-311
-235
-136
-21
103
240
385
533
681
824
947
1055
1153
1233
1290
1312
1307
1278
1230
1157
1050
918
772
604
425
244
47
-154
-357
-544
-712
-873
-1031
-1169
-1282
-1367
-1419
-1452
-1462
-1450
-1410
-1343
-1251
-1147
-1034
-908
-775
-631
-485
-347
-214
-87
25
134
223
300
362
411
437
446
445
429
401
358
308
256
205
155
98
42
-10
-49
-71
-96
-104
-106
-105
-86
-58
-3
48
103
166
227
295
368
439
496
550
603
644
664
679
689
692
679
650
607
552
502
433
361
283
198
115
32
-46
-124
-202
-272
-336
-393
-435
-474
-501
-531
-544
-543
-535
-520
-508
-477
-443
-402
-359
-324
-288
-254
-208
-168
-137
-103
-74
-37
-12
1
7
11
20
26
28
24
7
-7
-2
-6
-14
-21
-24
-26
-25
-24
-27
-25
-19
1
17
35
47
63
89
107
122
131
145
161
171
181
189
193
202
220
223
213
208
200
193
179
160
135
104
92
76
58
37
21
-3
-20
-29
-47
-63
-69
-83
-95
-93
-89
-84
-83
-73
-64
-59
-47
-41
-31
-16
-14
-10
-5
8
30
38
36
38
39
43
33
21
18
4
0
-6
-11
-13
-17
-24
-30
-29
-30
-38
-39
-44
-40
-30
-31
-27
-27
-25
-19
-7
-1
-4
-15
-19
-11
-9
-6
-3
-7
-8
0
4
8
12
3
-1
-7
-9
-5
-1
-4
-13
-13
-7
-3
5
1
-11
-15
-11
-4
-4
-12
-19
-13
-9
-1
4
-4
-9
-13
-10
-13
-11
-11
-16
-11
-5
-2
3
5
7
9
5
5
0
-1
-2
5
10
1
-13
-16
-9
-8
-11
-23
-30
-30
-30
-24
-21
-23
-29
-21
-9
1
2
-2
-1
-7
2
10
17
19
17
20
22
31
30
28
26
20
21
19
22
28
21
18
21
25
22
13
7
-1
-1
-5
-12
-23
-32
-33
-34
-31
-33
-32
-31
-28
-29
-34
-36
-31
-27
-28
-26
-21
-19
-13
-2
4
0
-3
3
4
1
5
6
6
9
10
17
15
15
13
9
10
8
11
8
4
2
5
3
-2
-1
-5
-2
-5
-5
-6
-7
0
8
18
18
7
8
13
23
27
22
19
15
23
33
37
29
17
21
25
21
15
4
-2
-7
-7
-4
-10
-16
-26
-32
-28
-31
-31
-32
-36
-31
-27
-25
-23
-20
-15
-2
5
4
3
9
18
22
21
21
18
19
25
26
26
22
26
28
26
24
17
13
22
24
21
17
15
15
14
17
9
6
11
7
7
5
-2
-4
-9
-1
2
-9
-8
-7
-2
2
7
10
5
12
19
21
23
25
24
29
31
22
17
16
14
9
0
-7
-13
-11
-9
-16
-23
-28
-31
-31
-31
-33
-36
-38
-35
-32
-28
-31
-29
-22
-18
-14
-16
-8
-4
9
4
1
7
4
11
16
19
28
29
23
27
23
27
26
23
24
24
16
12
12
9
8
7
3
2
2
-1
0
-4
-12
-13
-9
-11
-16
-17
-22
-22
-23
-27
-32
-32
-24
-25
-19
-15
-18
-18
-9
-5
-2
7
9
11
11
9
11
18
18
15
11
12
11
9
13
8
8
5
-7
-6
1
-2
-8
-8
-6
-11
-10
-12
-18
-20
-20
-20
-19
-14
-15
-19
-24
-24
-12
-11
-18
-22
-21
-17
-16
-18
-19
-21
-26
-20
-19
-15
-12
-12
-16
-15
-11
-6
-6
0
8
9
16
20
27
34
34
32
38
46
53
57
52
49
48
54
54
51
44
33
23
15
19
10
5
1
-11
-19
-17
-15
-16
-25
-33
-28
-27
-28
-34
-39
-34
-29
-19
-20
-24
-16
-16
-12
-8
-1
-1
4
6
4
4
0
7
16
19
8
5
-3
3
12
13
10
-1
-3
3
20
22
15
15
16
23
25
29
25
13
16
25
33
27
17
19
23
29
25
15
6
8
13
17
12
2
-5
-2
2
-3
-7
-4
-9
-14
-10
-14
-15
-15
-16
-22
-26
-24
-20
-17
-20
-18
-15
-7
-2
-2
-3
0
7
9
6
7
0
-2
3
1
4
-3
-12
-11
-10
-8
-9
-12
-10
-9
-9
-5
-9
-12
-9
-5
-9
-9
-8
-14
-14
-14
-21
-22
-15
-15
-14
-11
-10
-9
-9
-7
-2
4
7
7
4
6
8
16
17
21
22
20
26
26
27
20
15
18
16
11
12
7
3
-9
-18
-26
-26
-24
-32
-40
-48
-46
-48
-49
-49
-53
-50
-46
-37
-28
-21
-12
-8
0
6
18
24
21
28
30
31
33
32
36
33
31
23
21
21
18
13
5
-4
-6
-9
-13
-11
-19
-20
-23
-20
-21
-26
-24
-21
-15
-17
-17
-18
-14
-14
-13
-11
-9
-14
-13
-8
-3
5
6
7
8
15
17
13
20
22
15
9
14
19
19
16
16
10
6
8
6
5
-3
-8
-5
-4
-7
-6
-13
-12
-10
-14
-15
-17
-15
-12
-11
-6
0
2
6
3
2
4
6
16
21
20
14
12
13
18
18
8
10
8
10
11
9
4
-3
4
2
3
2
-3
-6
-3
6
7
1
-5
-8
1
6
1
1
0
7
19
26
18
11
10
22
32
29
19
8
9
16
17
7
-1
-4
-5
-7
-5
-11
-18
-17
-14
-15
-12
-8
-14
-16
-19
-17
-13
-10
-7
-13
-10
-11
-11
-7
-2
1
1
5
10
14
18
22
20
18
21
23
28
31
26
31
35
29
29
26
29
31
23
19
20
16
12
9
11
9
5
3
3
-2
1
4
-1
-4
-4
-3
-3
-3
-1
4
0
-5
-3
-3
-1
-4
0
0
-8
-7
-8
-11
-10
-15
-17
-15
-15
-17
-21
-21
-27
-22
-23
-28
-29
-30
-22
-20
-20
-17
-16
-16
-9
-4
-4
-2
-3
-3
-2
-1
-4
0
13
7
10
9
8
17
13
14
10
14
16
15
14
11
7
9
10
14
15
6
4
-1
4
6
-3
-1
-5
-7
-2
-13
-13
-11
-13
-12
-11
-12
-12
-9
-9
-6
-10
-13
-5
-8
-5
-6
-6
-11
-14
-5
-9
-9
-16
-15
-8
-12
-8
-13
-20
-14
-12
-7
-6
-2
-3
-10
-6
0
3
2
4
7
11
12
8
4
4
5
6
7
4
-4
-7
-4
-5
-4
-5
-9
-14
-22
-14
-10
-14
-21
-18
-10
-7
-6
-4
-6
5
17
16
23
29
23
27
37
37
33
34
37
41
43
45
40
35
32
29
22
14
7
3
2
0
2
-1
-6
-11
-10
-9
-7
-6
-8
-10
-10
-7
-9
-14
-16
-11
-8
-9
-5
-8
-15
-9
-8
-8
-6
-4
0
-7
-2
1
3
3
2
-1
-4
-4
3
8
6
8
6
13
12
12
11
10
9
9
12
7
3
0
4
9
13
7
2
2
6
8
12
10
7
9
12
13
17
20
14
12
8
13
20
18
19
15
10
8
8
9
4
0
-8
-10
-11
-12
-19
-22
-26
-30
-28
-33
-29
-29
-32
-30
-21
-17
-12
-4
-4
2
4
9
18
21
21
24
27
29
30
29
36
37
36
29
19
16
14
13
8
6
-2
-7
-9
-16
-16
-18
-18
-11
-17
-16
-13
-9
-7
-13
-11
-7
-5
-3
-3
-2
-2
1
3
1
0
1
1
5
2
1
-2
2
4
0
-2
-1
1
-10
-15
-15
-17
-17
-17
-21
-26
-31
-38
-35
-29
-22
-17
-19
-26
-19
-8
-5
-3
-4
1
8
11
12
14
16
13
12
16
17
13
15
11
10
9
11
16
7
9
7
3
12
7
-1
-8
-15
-9
-11
-14
-17
-22
-20
-24
-23
-20
-26
-31
-27
-22
-17
-19
-22
-13
-8
-5
-9
-10
-8
-2
3
2
-5
-3
6
10
14
9
6
8
14
17
19
13
9
14
15
17
9
4
1
-5
-8
-5
-9
-10
-7
-6
-1
-9
-14
-6
-5
-1
-1
-9
-15
-11
-5
-5
-3
-6
-10
-10
-8
-13
-17
-22
-17
-15
-13
-10
-17
-10
-7
-3
-5
-3
2
2
8
9
14
15
18
13
14
25
28
28
29
30
29
28
29
23
22
16
17
18
13
8
7
4
-2
0
-3
-9
-9
-3
-7
-13
-18
-20
-24
-18
-16
-18
-10
-17
-18
-15
-13
-2
-3
-8
-8
-8
-2
6
10
7
5
7
12
19
14
15
14
11
17
23
21
18
16
13
18
27
24
19
16
13
10
12
15
11
2
3
2
3
1
-6
-8
-11
-9
-7
-12
-9
-10
-8
-4
-5
-4
-2
3
8
10
8
11
12
15
14
11
13
9
6
7
8
3
-3
-4
-7
-12
-12
-13
-16
-20
-18
-20
-24
-20
-17
-17
-14
-13
-14
-14
-11
-9
-6
2
11
8
6
5
14
19
14
16
15
17
20
22
26
23
23
22
25
25
19
22
19
13
15
17
12
11
12
6
6
8
8
4
2
-2
-3
-5
-11
-15
-16
-15
-19
-17
-20
-28
-20
-19
-22
-24
-35
-33
-27
-21
-26
-27
-24
-25
-20
-16
-12
-13
-12
-7
-8
-2
2
5
11
3
-4
-5
-4
4
2
-4
-6
-7
-9
-8
-3
-6
-6
-3
-1
7
9
6
1
2
7
9
4
2
1
2
2
1
-1
-9
-4
-7
-8
-3
-5
-7
-13
-11
-7
-8
-6
-6
-7
-8
-3
-4
1
0
3
7
1
2
-4
-4
-2
-8
-2
-1
-3
-2
-1
-6
-11
-11
-13
-15
-15
-17
-20
-21
-26
-19
-17
-9
-10
-12
-12
-11
-6
-2
1
1
7
10
9
7
11
12
14
11
11
16
13
14
14
13
4
8
10
6
6
-1
-4
-3
1
2
0
-5
-3
4
3
1
1
-1
0
0
-2
-1
-3
-7
1
7
7
4
2
7
10
14
12
12
13
17
15
16
17
13
13
19
19
11
7
10
13
8
7
5
2
1
2
-3
-4
-8
-9
-8
-11
-16
-21
-19
-16
-12
-12
-21
-22
-22
-15
-13
-10
-9
-15
-8
-9
-3
4
5
4
1
7
16
13
15
13
13
15
13
10
8
13
12
3
3
5
2
1
-3
0
6
2
2
1
-2
4
13
13
14
13
13
18
20
21
16
20
22
22
19
17
18
16
17
12
8
4
-2
-5
-8
-11
-17
-20
-23
-23
-21
-30
-26
-28
-32
-30
-30
-27
-26
-23
-16
-13
-12
-15
-18
-14
-10
-9
-6
1
2
9
13
10
10
10
13
13
14
14
11
8
11
13
8
5
2
0
2
3
-4
-7
-4
-2
-2
-3
-7
-6
-3
1
-3
-4
-1
-3
-4
-9
-8
-8
-5
-1
-4
-5
-5
0
4
5
4
1
1
5
4
6
1
-1
0
-1
3
-3
-5
-6
-7
-7
-6
-8
-13
-12
-13
-7
-7
-8
-8
-10
-3
-4
-7
-2
-5
-5
-2
0
3
7
5
11
10
8
10
12
15
15
17
15
12
13
12
10
9
8
5
0
1
4
1
-5
-6
-10
-9
-3
-4
-10
-10
-11
-11
-10
-8
-6
-8
-8
-3
1
-1
2
1
-3
-1
5
5
4
1
2
0
-1
-1
2
5
2
3
9
9
8
8
7
9
7
9
6
5
4
2
7
10
7
9
8
8
8
9
5
4
3
2
2
1
-2
-2
2
3
4
1
0
1
-1
1
2
5
3
4
6
5
7
10
12
12
11
14
19
17
13
13
9
12
12
11
9
7
6
1
2
1
3
3
1
0
-4
-3
0
0
-2
-2
-7
-8
-9
-7
-5
-4
-10
-16
-17
-17
-15
-16
-18
-19
-16
-16
-13
-12
-13
-14
-11
-5
-4
-3
0
3
3
7
13
14
16
20
21
20
20
18
17
17
13
13
9
8
4
3
1
-6
-5
-8
-13
-9
-10
-13
-18
-17
-15
-14
-12
-12
-13
-12
-8
-6
-7
-8
-8
-3
2
2
-1
-3
-2
0
4
3
3
3
2
1
1
2
0
1
1
0
0
-2
-2
-5
-7
-8
-7
-9
-11
-12
-13
-15
-13
-7
-8
-10
-10
-8
-6
-3
-3
-6
-5
-6
-3
-1
-1
-3
-3
1
0
1
0
-4
-1
3
3
3
2
2
3
2
0
-4
2
2
-2
0
-1
0
0
-4
-2
0
1
0
-4
-1
0
-3
-3
-2
1
4
-1
3
6
7
9
8
8
5
7
8
7
4
3
4
4
4
4
1
0
2
1
-2
2
1
0
2
3
0
0
-1
1
4
4
3
3
3
5
5
2
5
2
0
-1
1
1
2
3
1
2
0
1
1
-1
-2
-4
-6
-8
-8
-7
-6
-5
-4
-4
-3
-2
-2
-1
2
5
4
3
4
5
6
7
8
4
3
2
2
1
0
2
-2
-1
-1
-2
-4
-6
-7
-7
-10
-8
-9
-9
-8
-11
-10
-9
-11
-12
-13
-10
-9
-8
-5
-10
-7
-5
-4
-3
-2
-1
-1
2
2
4
3
2
5
4
8
8
5
7
9
11
10
8
8
7
9
9
7
7
7
7
4
6
4
3
2
2
-2
-4
-3
-6
-3
-5
-7
-5
-7
-8
-10
-9
-5
-8
-9
-8
-6
-3
-4
-5
-4
0
3
5
6
3
7
8
5
3
3
4
2
3
3
0
-3
-4
-3
-4
-6
-7
-5
-6
-4
-7
-7
-7
-9
-8
-8
-5
-5
-5
-5
-2
1
-1
0
1
1
2
7
7
6
5
6
7
7
9
7
6
9
12
12
10
10
9
10
11
9
12
9
6
7
8
7
5
4
4
4
1
-1
-2
-3
-3
-7
-6
-5
-6
-4
-7
-6
-7
-6
-7
-6
-5
-6
-5
-3
-2
-1
-3
-1
-2
0
2
0
-1
-1
0
-1
1
-1
-1
-3
-1
1
1
2
2
0
1
2
4
5
3
3
1
0
0
2
5
5
1
3
3
2
4
3
3
3
4
2
3
4
2
2
4
5
3
1
-2
1
0
-1
-2
0
0
-1
-3
-4
-2
1
2
1
-2
-4
-3
-1
-3
-5
-5
-4
-3
-5
-3
3
4
4
-1
-1
0
2
-2
-6
-4
1
1
-7
-9
-4
3
6
5
2
3
4
-1
-4
1
10
9
0
-6
-7
-2
3
5
8
10
6
-3
-8
-2
6
10
8
-1
-5
-6
-4
0
5
7
4
-3
-7
-6
-1
2
1
-4
-6
-6
-4
2
4
4
4
3
5
5
5
4
0
-5
-3
-1
-2
1
1
0
-2
-4
-1
3
8
6
1
-2
-1
0
2
2
4
2
-2
-5
-6
-2
-1
0
2
3
4
2
-2
-3
-1
3
7
6
3
-2
-5
-5
2
8
10
6
2
-2
-5
-1
4
9
10
4
-1
-2
2
4
4
3
-1
-2
-7
-10
-10
-9
-8
-10
-13
-8
-2
0
-3
-6
-7
-2
2
2
-1
-4
-10
-9
-7
-1
6
10
8
-2
-5
-1
11
14
10
1
-6
-7
-8
-4
-1
3
2
-5
-9
-8
-2
1
0
-8
-13
-11
-8
0
-1
-3
-3
1
3
4
9
13
9
-1
-9
-11
2
8
3
-4
-4
5
7
8
7
13
13
-1
-16
-16
-8
-3
-9
-17
-18
-16
-11
-8
-9
-3
2
-3
-12
-17
-11
-6
-10
-16
-16
-6
-5
-9
-8
0
2
-7
-12
-12
-8
-9
-7
-4
0
4
2
2
10
19
18
19
22
21
21
20
21
23
27
25
26
30
26
36
38
39
43
43
42
35
35
25
27
36
32
28
27
36
32
20
25
26
19
18
19
11
13
17
17
22
21
9
15
16
6
0
6
18
11
5
8
13
3
6
9
13
15
7
7
5
-3
-20
-16
-13
-20
-22
-28
-20
-25
-42
-58
-59
-45
-54
-69
-75
-79
-71
-69
-62
-64
-59
-68
-77
-58
-69
-56
-36
-50
-63
-56
-56
-61
-55
-40
-38
-42
-54
-47
-23
-7
-10
-27
-22
-19
-6
20
54
76
96
110
150
203
237
250
260
302
133
-137
-122
122
193
-67
-315
-335
-222
-27
73
116
214
235
0
-185
-128
31
201
154
-119
-272
-252
-334
-74
39
-118
-156
-198
-393
-257
-151
-371
-314
-60
54
83
132
127
297
434
557
526
472
400
329
434
375
168
184
156
141
130
-63
-200
-214
-155
-296
-302
-259
-403
-236
-18
-255
-566
-617
-613
-538
-508
-534
-648
-653
-602
-501
-314
-236
156
600
504
430
648
760
848
1039
1039
790
693
828
842
685
526
408
365
280
158
-65
-285
-435
-417
-369
-496
-506
-457
-499
-466
-312
-238
-143
58
167
155
187
193
180
316
377
296
180
99
73
92
7
-152
-154
-142
-254
-284
-385
-553
-523
-388
-400
-480
-417
-396
-406
-408
-370
-288
-209
-164
-126
-141
-187
-109
31
78
86
81
102
105
102
140
129
118
155
187
213
229
188
186
189
145
89
119
161
159
157
185
204
215
292
379
401
398
444
449
416
418
458
502
503
478
441
387
343
340
344
284
206
160
75
-50
-139
-234
-351
-405
-423
-538
-649
-687
-757
-811
-804
-812
-853
-873
-881
-899
-882
-848
-821
-767
-714
-669
-603
-551
-474
-397
-320
-221
-133
-65
-12
43
81
115
163
210
255
273
266
275
308
318
340
402
451
476
506
525
538
575
633
695
740
734
732
794
858
923
1001
1056
1104
1139
1176
1250
1336
1375
1397
1373
1102
716
548
479
305
74
-300
-833
-1196
-1285
-1423
-1620
-1705
-1794
-1843
-1789
-1821
-1899
-1796
-1577
-1336
-983
-692
-601
-400
-75
129
319
587
767
893
1057
1092
958
876
830
739
665
536
278
21
-194
-491
-814
-1035
-1215
-1358
-1429
-1541
-1713
-1788
-1714
-1556
-1326
-1115
-980
-794
-529
-305
-84
198
457
725
1048
1253
1317
1413
1539
1634
1749
1835
1791
1718
1670
1573
1482
1431
1378
1347
1342
1321
1277
1250
1277
1338
1192
753
435
401
328
156
-128
-675
-1189
-1319
-1359
-1542
-1638
-1716
-1862
-1793
-1700
-1854
-1915
-1742
-1555
-1240
-791
-601
-540
-249
15
155
422
694
860
1086
1257
1186
1095
1085
1019
1003
1019
832
574
402
129
-244
-508
-759
-1066
-1257
-1390
-1643
-1882
-2007
-2094
-2081
-1939
-1812
-1703
-1508
-1274
-1035
-771
-516
-265
62
399
653
881
1102
1268
1443
1646
1766
1801
1848
1862
1813
1781
1723
1623
1583
1584
1525
1423
1361
1329
1329
1386
1449
1347
970
561
372
275
144
-78
-541
-1074
-1311
-1397
-1620
-1800
-1866
-1958
-1884
-1722
-1823
-1983
-1908
-1742
-1452
-940
-584
-473
-215
86
219
445
747
925
1150
1421
1444
1333
1283
1157
1030
1008
854
592
441
230
-164
-519
-840
-1208
-1412
-1477
-1658
-1879
-2004
-2118
-2166
-2055
-1914
-1774
-1539
-1241
-967
-720
-521
-313
1
344
612
848
1052
1191
1330
1492
1608
1666
1716
1767
1782
1769
1724
1642
1584
1588
1613
1605
1569
1551
1567
1614
1687
1762
1639
1201
785
623
497
294
-7
-595
-1236
-1504
-1662
-1981
-2165
-2240
-2378
-2328
-2209
-2367
-2481
-2297
-2069
-1700
-1118
-759
-587
-227
125
338
672
1040
1294
1604
1853
1821
1724
1658
1499
1404
1367
1118
788
571
254
-189
-545
-901
-1302
-1535
-1676
-1927
-2157
-2296
-2441
-2485
-2348
-2207
-2084
-1839
-1517
-1215
-930
-679
-443
-117
254
553
805
1027
1189
1364
1568
1700
1767
1839
1896
1910
1904
1861
1777
1717
1706
1695
1669
1634
1609
1616
1659
1712
1799
1812
1500
986
663
507
301
76
-340
-1047
-1577
-1783
-2076
-2393
-2492
-2605
-2670
-2508
-2478
-2636
-2551
-2302
-2030
-1497
-924
-627
-287
219
553
834
1229
1543
1827
2174
2343
2283
2179
2029
1841
1706
1477
1108
789
489
69
-370
-800
-1286
-1664
-1878
-2100
-2329
-2488
-2631
-2727
-2682
-2565
-2427
-2190
-1865
-1506
-1133
-817
-573
-294
24
321
631
918
1116
1289
1480
1596
1651
1725
1791
1818
1842
1834
1784
1742
1684
1621
1602
1604
1613
1660
1704
1720
1747
1805
1790
1520
1051
664
448
246
6
-417
-1099
-1699
-1986
-2236
-2518
-2628
-2707
-2768
-2605
-2454
-2522
-2464
-2187
-1842
-1316
-681
-249
105
583
986
1299
1672
1983
2197
2461
2585
2487
2365
2175
1858
1586
1301
836
407
77
-364
-865
-1292
-1754
-2185
-2439
-2648
-2851
-2935
-2959
-2973
-2870
-2717
-2545
-2259
-1866
-1469
-1044
-625
-310
-27
314
625
866
1147
1388
1557
1714
1833
1848
1861
1884
1860
1845
1837
1778
1700
1657
1568
1495
1492
1498
1502
1562
1597
1588
1637
1719
1672
1316
833
495
306
114
-156
-678
-1374
-1844
-2058
-2287
-2481
-2548
-2629
-2549
-2302
-2234
-2276
-2098
-1814
-1423
-799
-247
93
495
967
1298
1597
1869
2027
2179
2361
2349
2183
1999
1697
1337
1017
612
118
-260
-604
-1031
-1456
-1849
-2263
-2554
-2680
-2805
-2882
-2847
-2783
-2689
-2478
-2267
-2039
-1681
-1255
-840
-409
-24
261
544
818
1026
1191
1361
1479
1583
1679
1693
1628
1563
1501
1427
1387
1359
1313
1265
1244
1200
1157
1150
1189
1277
1409
1526
1615
1707
1796
1807
1569
1158
831
634
412
125
-352
-1020
-1551
-1835
-2084
-2316
-2435
-2542
-2525
-2307
-2183
-2208
-2074
-1807
-1489
-953
-367
23
408
907
1271
1493
1699
1821
1890
2045
2125
2003
1802
1507
1093
689
278
-202
-594
-891
-1226
-1582
-1924
-2287
-2565
-2677
-2734
-2729
-2607
-2449
-2284
-2044
-1816
-1592
-1261
-869
-469
-29
378
666
897
1094
1220
1311
1414
1474
1512
1559
1549
1439
1286
1144
1022
954
925
885
833
797
772
772
813
872
969
1128
1286
1438
1609
1755
1873
1931
1734
1335
1011
775
506
203
-255
-913
-1454
-1779
-2107
-2380
-2492
-2569
-2517
-2284
-2168
-2188
-2059
-1815
-1491
-919
-278
181
625
1115
1432
1626
1824
1952
2052
2211
2285
2156
1887
1492
1016
543
79
-371
-735
-1045
-1381
-1728
-2075
-2430
-2694
-2795
-2807
-2758
-2625
-2427
-2187
-1924
-1693
-1461
-1147
-778
-385
55
458
722
926
1103
1187
1229
1300
1351
1388
1426
1407
1307
1158
994
865
808
786
785
817
855
867
880
902
940
1047
1207
1381
1569
1762
1904
2011
2078
1912
1483
1073
810
556
272
-144
-849
-1568
-1988
-2278
-2546
-2664
-2709
-2693
-2464
-2254
-2246
-2142
-1855
-1514
-951
-242
259
660
1155
1532
1761
1999
2136
2176
2276
2301
2123
1843
1446
933
472
26
-495
-918
-1223
-1568
-1908
-2174
-2454
-2683
-2743
-2725
-2670
-2508
-2269
-1999
-1665
-1346
-1117
-853
-501
-148
207
566
833
1003
1157
1262
1282
1271
1253
1213
1172
1101
965
798
635
499
424
395
364
354
400
474
562
663
763
893
1089
1322
1541
1753
1950
2102
2237
2297
2108
1712
1345
1041
704
316
-233
-959
-1578
-1951
-2277
-2588
-2762
-2841
-2790
-2550
-2320
-2209
-2019
-1693
-1285
-729
-113
398
876
1385
1775
2002
2149
2206
2201
2198
2120
1879
1520
1099
628
124
-395
-891
-1309
-1641
-1925
-2183
-2406
-2585
-2686
-2679
-2587
-2448
-2238
-1943
-1601
-1249
-921
-636
-357
-27
316
623
893
1107
1263
1388
1444
1392
1288
1178
1054
949
852
696
515
381
279
180
116
83
80
152
278
394
502
637
806
1020
1276
1505
1690
1882
2060
2187
2279
2226
1916
1490
1123
767
363
-100
-706
-1377
-1874
-2205
-2505
-2719
-2817
-2825
-2663
-2365
-2132
-1936
-1626
-1248
-792
-209
346
789
1246
1683
1966
2149
2241
2194
2090
1961
1701
1351
1005
604
150
-305
-807
-1307
-1682
-1968
-2224
-2385
-2465
-2519
-2472
-2337
-2206
-2050
-1811
-1517
-1172
-783
-449
-191
64
325
555
762
919
1021
1131
1237
1248
1160
1009
821
657
536
429
333
261
208
168
135
89
63
122
246
412
590
738
871
1033
1224
1422
1601
1740
1864
2000
2113
2171
2110
1825
1383
960
590
219
-182
-693
-1286
-1751
-2043
-2277
-2442
-2486
-2448
-2265
-1929
-1643
-1444
-1182
-865
-516
-54
434
809
1156
1491
1672
1714
1687
1551
1363
1198
969
640
298
-65
-469
-864
-1251
-1615
-1849
-1958
-2030
-2062
-2035
-1976
-1838
-1615
-1388
-1160
-888
-600
-314
-29
185
329
473
626
740
815
836
805
771
741
657
500
328
184
60
-47
-139
-214
-252
-234
-191
-152
-99
-1
131
289
449
604
768
952
1134
1299
1455
1604
1732
1836
1901
1949
1998
2012
1925
1670
1279
869
504
129
-296
-766
-1244
-1603
-1804
-1963
-2114
-2183
-2151
-2004
-1738
-1490
-1309
-1069
-753
-422
-53
283
514
746
1016
1184
1223
1203
1088
923
791
592
293
26
-197
-435
-669
-907
-1178
-1371
-1427
-1434
-1413
-1326
-1209
-1068
-882
-719
-609
-487
-324
-153
17
152
222
271
322
339
304
246
181
144
133
102
29
-62
-140
-191
-215
-220
-201
-148
-67
34
140
236
334
436
543
661
805
968
1120
1248
1340
1395
1454
1522
1562
1569
1574
1602
1649
1682
1600
1331
946
556
201
-119
-420
-767
-1133
-1416
-1623
-1809
-1953
-2018
-2004
-1855
-1593
-1352
-1169
-974
-769
-552
-279
-2
239
501
758
914
978
970
877
766
670
531
368
234
95
-66
-244
-466
-693
-833
-888
-910
-903
-873
-841
-785
-715
-679
-658
-599
-499
-382
-280
-230
-222
-214
-182
-149
-134
-140
-142
-126
-101
-79
-71
-75
-62
-26
10
46
96
153
223
313
408
492
579
678
770
858
944
1018
1087
1154
1194
1206
1213
1229
1249
1271
1270
1252
1241
1237
1219
1140
955
669
352
65
-195
-455
-740
-1058
-1349
-1559
-1710
-1821
-1875
-1852
-1742
-1540
-1318
-1138
-981
-800
-586
-329
-49
206
442
680
873
979
1012
970
872
764
636
469
310
172
31
-124
-306
-527
-729
-847
-910
-939
-930
-912
-884
-825
-754
-710
-661
-575
-479
-367
-247
-158
-99
-36
15
36
50
65
80
118
181
234
273
303
313
304
299
300
307
338
389
432
471
504
525
546
583
623
660
694
712
725
737
753
768
788
799
804
807
812
823
845
864
846
752
575
337
74
-178
-421
-651
-882
-1102
-1278
-1406
-1495
-1517
-1463
-1345
-1176
-985
-821
-679
-525
-357
-166
49
258
441
608
738
807
814
768
673
550
424
287
151
17
-123
-278
-443
-610
-759
-867
-922
-931
-899
-843
-767
-688
-618
-550
-483
-402
-305
-197
-86
10
84
135
165
184
201
220
235
248
253
252
242
224
201
177
157
143
141
143
158
175
191
193
188
176
172
179
195
221
248
271
294
323
358
410
469
534
598
658
713
780
848
916
969
995
974
898
773
602
408
199
-12
-226
-434
-624
-786
-918
-1007
-1053
-1060
-1032
-978
-909
-828
-739
-649
-548
-441
-323
-194
-62
63
177
260
308
318
299
258
202
148
96
54
16
-18
-64
-110
-163
-210
-242
-254
-240
-203
-157
-116
-97
-101
-119
-135
-134
-109
-68
-33
-8
-14
-40
-88
-134
-169
-180
-166
-144
-124
-115
-118
-136
-159
-175
-180
-173
-148
-121
-91
-66
-42
-25
-7
27
75
139
214
289
358
425
475
529
576
621
669
726
791
843
884
913
928
942
939
919
867
761
626
455
246
30
-194
-421
-632
-815
-959
-1097
-1203
-1266
-1275
-1235
-1157
-1058
-945
-820
-674
-517
-361
-204
-30
158
321
474
576
637
663
670
661
619
563
522
482
427
338
206
46
-105
-221
-324
-389
-428
-449
-461
-478
-516
-560
-595
-592
-534
-440
-339
-287
-233
-214
-208
-199
-210
-173
-113
-71
-58
-43
-18
-12
-18
-51
-83
-95
-86
-52
-33
-30
-53
-45
-5
46
97
137
174
248
331
391
423
454
496
509
549
575
578
611
650
684
704
692
687
702
741
766
756
710
579
456
349
203
44
-112
-296
-443
-578
-682
-769
-835
-831
-783
-676
-600
-505
-403
-288
-176
-46
113
269
456
604
731
812
787
754
727
657
558
455
343
228
104
-41
-187
-347
-492
-619
-722
-777
-821
-860
-855
-825
-802
-786
-766
-721
-643
-534
-440
-380
-304
-241
-200
-172
-152
-128
-148
-174
-196
-224
-258
-266
-316
-285
-352
-289
-421
-317
-621
-562
492
454
-34
86
317
-332
-357
-387
220
569
293
823
681
633
1263
1363
1150
710
569
823
801
556
647
706
554
577
631
664
670
632
496
512
393
280
243
64
-228
-574
-626
-634
-763
-840
-824
-824
-767
-655
-571
-443
-341
-356
-300
-233
-270
-194
-47
23
47
97
127
145
159
158
150
94
72
70
68
84
90
92
78
41
6
50
98
135
173
148
117
74
27
-20
-96
-151
-206
-261
-323
-401
-492
-571
-603
-646
-692
-729
-750
-722
-646
-567
-487
-408
-325
-224
-132
-14
85
178
260
332
391
422
435
468
519
524
524
517
521
520
519
520
491
466
431
426
444
440
425
423
437
449
454
438
416
373
345
321
321
306
275
236
146
46
-79
-183
-253
-331
-408
-474
-531
-576
-580
-582
-551
-539
-523
-471
-428
-363
-307
-243
-173
-59
32
91
184
237
252
311
348
334
325
289
235
148
42
-74
-226
-366
-480
-621
-733
-813
-887
-909
-924
-910
-895
-872
-792
-698
-601
-511
-418
-293
-127
-7
132
289
416
569
756
896
942
993
1051
1112
1138
1158
1177
1172
1169
1166
1153
1133
1115
1102
1087
923
642
417
212
-42
-249
-467
-773
-969
-1059
-1161
-1249
-1239
-1216
-1141
-981
-906
-895
-819
-689
-593
-422
-258
-143
42
261
382
390
409
376
341
354
320
219
193
208
159
115
-5
-138
-209
-213
-223
-260
-267
-261
-248
-215
-222
-278
-262
-233
-178
-116
-122
-106
-47
0
31
61
54
84
133
180
182
178
195
209
245
230
189
135
124
135
129
113
83
66
56
78
57
45
16
-4
14
11
12
32
83
100
98
65
10
-19
-17
3
1
-20
-67
-99
-150
-195
-241
-288
-291
-272
-248
-236
-222
-210
-177
-154
-128
-92
-48
15
92
171
219
246
265
290
278
262
258
248
235
208
170
107
48
-8
-28
-45
-57
-47
-36
-16
-6
0
13
38
68
98
143
185
207
217
228
215
197
190
177
163
140
115
88
56
15
-29
-60
-87
-100
-105
-113
-106
-98
-88
-73
-55
-37
-23
-13
-5
-15
-31
-35
-34
-37
-42
-50
-58
-80
-100
-121
-141
-153
-157
-148
-137
-122
-121
-115
-105
-120
-126
-119
-109
-83
-57
-42
-29
-37
-47
-57
-61
-46
-29
-4
43
63
77
96
96
100
104
116
130
138
134
122
101
66
22
-16
-49
-79
-96
-120
-141
-158
-183
-202
-219
-230
-220
-185
-146
-105
-68
-39
-7
18
42
75
115
154
191
221
232
235
232
229
223
215
214
214
212
208
202
187
164
146
132
113
90
67
36
2
-31
-65
-103
-137
-172
-207
-234
-260
-285
-307
-319
-327
-322
-305
-285
-259
-227
-197
-161
-121
-85
-37
12
57
102
140
163
182
198
200
201
207
200
190
183
163
143
123
98
71
53
33
13
-3
-26
-55
-81
-107
-126
-138
-148
-155
-158
-164
-169
-175
-183
-185
-174
-161
-143
-119
-94
-73
-52
-31
-12
16
49
79
115
146
169
191
207
210
217
224
227
236
241
240
236
226
210
191
173
152
132
112
88
61
31
-3
-38
-69
-100
-126
-145
-166
-180
-194
-213
-227
-230
-229
-224
-208
-191
-171
-149
-126
-98
-71
-47
-20
12
44
75
103
125
143
155
160
160
158
156
147
139
131
116
99
79
48
20
-10
-41
-67
-94
-116
-135
-155
-170
-181
-189
-198
-195
-187
-176
-158
-133
-111
-88
-59
-31
-4
24
47
71
92
114
132
143
149
150
148
139
128
116
97
84
73
58
46
33
26
18
14
12
12
14
12
14
15
14
15
12
11
7
5
2
-4
-7
-14
-27
-35
-42
-51
-55
-54
-53
-46
-42
-38
-29
-18
-6
7
22
31
43
56
65
72
74
71
66
57
50
41
28
15
1
-15
-31
-44
-57
-70
-79
-82
-86
-89
-88
-84
-79
-73
-66
-54
-42
-35
-22
-12
-4
4
9
15
18
20
19
18
18
17
15
15
11
11
14
14
15
13
15
17
21
26
27
29
31
38
41
39
37
34
31
28
27
21
14
9
0
-9
-17
-26
-35
-41
-50
-58
-64
-68
-74
-74
-74
-76
-75
-68
-63
-56
-45
-35
-23
-8
8
22
36
52
69
83
93
99
100
105
103
94
83
70
57
37
18
-5
-26
-44
-63
-79
-96
-107
-116
-117
-117
-113
-104
-86
-73
-55
-35
-17
2
22
44
60
75
82
88
91
92
85
78
66
51
38
24
6
-12
-25
-35
-42
-49
-53
-57
-54
-45
-39
-29
-21
-9
3
18
29
34
42
44
46
44
43
39
33
21
12
2
-9
-17
-26
-38
-47
-51
-52
-54
-55
-52
-47
-38
-32
-24
-12
-1
7
21
29
37
48
54
61
63
64
66
66
61
55
50
42
34
24
10
1
-9
-19
-28
-38
-44
-52
-56
-59
-61
-61
-59
-54
-47
-40
-33
-24
-11
1
12
21
31
40
49
57
64
66
63
65
59
57
53
44
38
27
19
14
7
-1
-9
-16
-19
-23
-27
-29
-32
-29
-25
-24
-25
-27
-22
-18
-16
-16
-16
-13
-12
-8
-4
-4
-5
-9
-6
-2
-3
-5
-6
-4
-1
-1
1
7
8
10
12
12
14
16
17
16
17
15
16
12
12
12
7
7
7
6
3
-1
-1
-2
-3
-2
-3
-7
-6
-5
-6
-3
-2
-4
-1
-1
-3
-5
-3
-2
0
0
-1
-2
-3
-5
-5
-4
-4
-1
-4
-6
-8
-11
-11
-11
-9
-11
-9
-10
-12
-8
-8
-4
-7
-9
-7
-4
-3
-3
-4
-4
-3
0
0
-1
0
0
1
-1
0
-1
-2
0
-1
-2
-3
-3
-1
-1
2
1
0
1
1
0
2
1
-1
0
-1
3
2
2
-3
-4
-1
-3
-2
1
0
1
1
1
0
-1
2
4
1
1
1
4
1
4
3
1
2
4
5
1
2
0
-2
-1
1
1
-2
0
1
1
-2
-4
-8
-8
-8
-8
-6
-9
-10
-8
-8
-9
-7
-7
-7
-6
-7
-3
-5
-4
-3
-5
-4
-3
-3
0
0
-3
-3
-3
-1
0
2
5
4
5
7
6
6
7
8
7
7
7
7
10
9
9
5
5
4
6
5
3
5
3
4
2
1
1
2
3
3
3
0
1
0
4
1
1
1
2
1
2
4
4
2
0
1
4
7
6
6
7
6
4
6
7
8
10
9
6
7
7
3
4
3
3
2
1
2
-1
2
0
-1
-1
-3
-1
-1
-3
-3
-1
0
1
1
1
0
2
5
6
5
2
2
2
3
2
2
2
2
2
5
2
2
0
0
-2
-3
-8
-8
-7
-6
-5
