-5
3
2
2
7
-9
-2
5
-2
9
-2
-18
-7
14
11
-10
2
-6
-1
17
7
8
-7
-2
11
14
13
-14
-18
14
10
-2
1
-9
-2
17
13
-7
-4
4
-8
0
10
4
4
-5
15
18
17
1
1
28
0
0
9
-9
14
19
-3
2
4
2
0
-6
-5
-3
12
10
-1
9
0
-2
18
2
7
4
-9
4
-2
-7
9
0
-13
10
9
-6
-7
8
-1
-9
-4
-12
1
-3
-4
-1
-5
5
12
-3
-21
-14
-16
-6
3
3
-10
-2
-8
-7
9
14
24
-50
-61
-41
-29
2
3
-21
-23
-14
-14
9
20
28
50
46
17
8
16
13
2
-8
-9
9
24
17
16
4
15
10
0
-3
-8
3
9
7
2
-13
-1
0
-8
5
-10
-15
-13
-4
-7
-10
-9
-5
-2
-7
-3
-10
-3
-4
-8
3
-10
-2
10
6
6
-14
-17
-9
-12
-1
-15
-17
-13
-4
12
-13
-26
-15
-11
0
-2
-15
0
11
7
3
-5
-20
-15
1
-3
-8
1
-10
-9
0
-1
2
-6
-9
6
3
0
-8
-21
-17
-5
7
5
8
-5
-3
14
7
-5
5
1
0
11
-18
-13
-6
-4
9
-11
-3
16
-2
-2
8
-14
-3
2
5
-6
-14
0
-3
-9
-8
-2
23
23
-9
-6
-7
-5
17
17
0
0
-1
2
24
19
-8
-20
-2
13
12
-1
-17
-14
10
11
-7
6
1
-5
-2
-5
-6
1
4
-10
-7
-5
-6
3
2
-10
-2
-1
-10
-1
2
7
6
-4
8
16
1
-9
-6
-1
7
21
8
-17
-9
4
3
0
7
8
-20
-10
6
10
8
11
1
2
23
7
-7
-17
-12
-9
6
4
-18
-10
1
12
10
9
7
9
14
0
5
-8
-16
-4
-2
-1
-14
-10
5
4
2
10
-10
-17
-8
-1
11
-5
-6
-4
-11
-14
-23
-18
-8
-16
-28
-20
-17
-14
-12
-8
-25
-18
-11
-17
-14
-11
-6
7
12
0
-8
-13
2
1
9
16
15
37
39
25
38
48
56
68
66
53
52
69
45
51
79
61
60
64
56
80
108
112
77
60
55
59
78
70
50
30
57
105
127
141
129
87
92
91
85
104
97
58
49
75
78
69
60
13
-11
-5
-28
-84
-136
-216
-307
-329
-368
-404
-409
-431
-490
-510
-524
-563
-552
-539
-543
-520
-510
-521
-532
-544
-557
-584
-568
-542
-517
-455
-396
-372
-345
-316
-264
-163
-55
26
78
133
191
273
371
476
580
701
855
992
1087
1161
1191
1204
1270
1342
1372
1415
1454
1471
1546
1636
1646
1700
1801
1859
1934
1977
1845
1654
1488
1280
1103
981
768
530
405
257
88
-97
-443
-893
-1294
-1690
-2130
-2553
-3014
-3502
-3799
-3912
-3952
-3851
-3679
-3526
-3262
-2912
-2650
-2442
-2269
-2227
-2173
-2062
-1981
-1870
-1699
-1532
-1339
-1084
-861
-676
-477
-327
-202
-30
153
388
684
969
1230
1464
1660
1868
2079
2258
2424
2567
2691
2818
2968
3075
3180
3347
3509
3726
4006
4190
4323
4478
4555
4632
4775
4864
4902
4995
4990
4782
4400
3634
2485
1228
-176
-1769
-3303
-4802
-6200
-7091
-7467
-7482
-7035
-6235
-5306
-4172
-2954
-2034
-1445
-1108
-1154
-1309
-1333
-1433
-1513
-1445
-1395
-1302
-1090
-1047
-1256
-1600
-2146
-2766
-3205
-3551
-3823
-3870
-3712
-3337
-2682
-1957
-1344
-792
-355
-30
291
498
502
463
423
443
644
914
1186
1527
1948
2475
3098
3662
4043
4353
4636
4950
5381
5732
5864
5926
6044
6213
6507
6754
6767
6722
6681
6538
6229
5445
3931
2110
318
-1495
-3207
-4794
-6406
-7703
-8259
-8263
-7855
-7044
-6197
-5246
-3863
-2538
-1627
-1030
-947
-1280
-1459
-1551
-1802
-1920
-1896
-1825
-1522
-1154
-1079
-1134
-1278
-1601
-1760
-1811
-2011
-2147
-2084
-2019
-1855
-1576
-1443
-1350
-1189
-1151
-1155
-1108
-1168
-1206
-1133
-1108
-1101
-1021
-993
-1034
-973
-845
-598
-61
672
1563
2554
3520
4476
5445
6190
6756
7286
7509
7417
7327
7275
7221
7270
7240
7131
7182
7207
7133
6771
5323
3062
1072
-801
-2842
-4585
-6397
-8379
-9392
-9369
-9002
-8083
-6980
-6110
-4599
-2698
-1542
-833
-543
-1121
-1558
-1426
-1608
-1897
-1843
-1752
-1359
-669
-471
-616
-742
-1075
-1283
-1181
-1336
-1620
-1623
-1476
-1185
-887
-908
-1023
-1145
-1452
-1626
-1783
-2238
-2504
-2368
-2165
-1876
-1565
-1482
-1377
-1163
-984
-647
-201
171
853
1902
2916
3915
4926
5648
6191
6780
7193
7280
7150
6911
6733
6695
6675
6597
6581
6690
6865
7169
6993
5422
3145
1330
-455
-2445
-4160
-6230
-8433
-9283
-9067
-8580
-7427
-6187
-5193
-3312
-1219
-255
269
311
-710
-1356
-1373
-1958
-2416
-2250
-2174
-1745
-917
-722
-803
-866
-1482
-1944
-2005
-2504
-2829
-2610
-2694
-2713
-2273
-2111
-2002
-1681
-1858
-2138
-2015
-2136
-2265
-1957
-1869
-1892
-1566
-1459
-1579
-1441
-1292
-1059
-317
621
1540
2682
3847
4944
6054
6779
7124
7451
7545
7382
7295
7194
7055
7107
7070
6913
7010
7044
6872
6983
6470
4271
1810
20
-1970
-3828
-5129
-6983
-8778
-8851
-8085
-7222
-5634
-4204
-3133
-1138
776
1350
1451
944
-445
-1185
-1367
-2218
-2887
-2761
-2637
-2269
-1604
-1529
-1736
-1789
-2109
-2411
-2470
-2730
-2816
-2280
-1705
-1633
-1871
-2154
-2380
-2579
-2869
-3289
-3821
-4122
-3851
-3325
-2853
-2416
-2125
-1828
-1221
-714
-570
-395
-50
596
1694
2823
3816
4897
5914
6771
7508
7871
7851
7751
7562
7333
7183
6910
6563
6348
6282
6406
6622
6837
6985
6150
4062
2055
354
-1686
-3510
-5208
-7376
-8709
-8576
-8148
-7277
-5757
-4618
-3272
-1184
118
421
435
-496
-1744
-2027
-2381
-3122
-3093
-2768
-2515
-1708
-1132
-1273
-1267
-1367
-1805
-1858
-1909
-2352
-2351
-1884
-1519
-1458
-2082
-2913
-3323
-3725
-4055
-4094
-4493
-4755
-4066
-3256
-2558
-1637
-1176
-909
-71
453
498
861
1137
1507
2712
3942
4814
5969
6958
7593
8354
8656
8307
8026
7602
6942
6567
6145
5639
5575
5665
5844
6355
6775
7179
7095
5119
2314
429
-1538
-3785
-5378
-7413
-9507
-9680
-8928
-8210
-6627
-5202
-4300
-2367
-544
-234
-242
-786
-2186
-2644
-2498
-3073
-3306
-2882
-2623
-1960
-1103
-1110
-1280
-1240
-1533
-1605
-1393
-1649
-1866
-1601
-1371
-1144
-1196
-2157
-3233
-3798
-4339
-4608
-4500
-4686
-4670
-3835
-2915
-2032
-1019
-487
-17
956
1571
1651
1898
2147
2447
3264
4155
4843
5656
6473
7252
8017
8303
8046
7678
7163
6553
6059
5459
4892
4842
5304
5978
6614
7071
7603
7531
5583
2688
358
-1885
-4133
-5863
-8006
-10167
-10622
-10000
-9140
-7563
-6044
-4810
-2686
-614
151
362
-104
-1309
-1712
-1690
-2313
-2568
-2247
-1960
-1198
-464
-561
-706
-830
-1343
-1540
-1526
-1886
-1983
-1724
-1583
-1196
-955
-1654
-2634
-3391
-4178
-4562
-4474
-4605
-4571
-3926
-3116
-2134
-1010
-375
44
752
1210
1307
1374
1337
1479
2148
3067
4069
5127
6080
7010
7797
7951
7541
6970
6262
5675
5349
4882
4432
4479
5053
5911
6686
7107
7400
7623
6694
4199
1473
-918
-3327
-5305
-7019
-9162
-10636
-10504
-9689
-8384
-6440
-4836
-3252
-1040
533
1030
981
-6
-1294
-1777
-2194
-2796
-2740
-2366
-1962
-1222
-775
-920
-1148
-1586
-2192
-2405
-2382
-2374
-2085
-1530
-889
-243
-42
-624
-1661
-2658
-3386
-3797
-4010
-4149
-4116
-3653
-2750
-1594
-481
202
650
1304
1876
2027
1959
1896
2065
2690
3513
4293
5102
5913
6618
7146
7223
6787
6263
5816
5372
5086
4851
4581
4663
5157
5795
6427
6767
6971
7344
6624
3980
1184
-972
-3422
-5497
-6981
-9153
-10799
-10472
-9527
-8175
-5969
-4361
-3017
-745
887
1195
1063
-104
-1719
-2222
-2615
-3364
-3353
-3064
-2837
-2110
-1696
-2014
-2238
-2542
-2950
-2821
-2581
-2477
-2034
-1465
-919
-363
-400
-1136
-1942
-2621
-3130
-3317
-3360
-3379
-3154
-2582
-1722
-761
-14
377
585
951
1484
1832
1981
2345
3022
3898
4901
5668
6075
6438
6768
6778
6439
5895
5249
4749
4475
4235
3939
3743
3854
4265
4854
5506
5856
5992
6545
6498
4335
1435
-640
-2802
-4833
-5928
-7568
-9406
-9327
-8289
-7195
-5168
-3433
-2455
-520
1288
1582
1379
367
-1490
-2260
-2491
-3387
-3689
-3391
-3349
-2813
-2193
-2446
-2678
-2693
-2891
-2664
-2194
-2104
-1875
-1421
-1085
-701
-710
-1455
-2250
-2803
-3234
-3325
-3264
-3205
-2778
-2050
-1162
-104
623
897
1183
1503
1826
2183
2292
2360
2898
3639
4273
4865
5151
5166
5348
5440
5013
4427
3877
3382
3207
3147
2882
2759
3084
3644
4418
5329
5941
6261
6854
7307
6056
3304
891
-1151
-3303
-4733
-6062
-8059
-8978
-8332
-7448
-5962
-4003
-2747
-1270
733
1641
1557
875
-832
-2249
-2707
-3529
-4357
-4368
-4320
-4043
-3284
-3056
-3201
-2998
-2903
-2740
-2076
-1632
-1462
-1020
-582
-249
-15
-477
-1417
-2039
-2412
-2564
-2331
-2130
-1906
-1340
-671
37
757
1098
1233
1575
1918
2142
2159
1883
1804
2230
2770
3190
3491
3589
3811
4259
4433
4163
3689
3245
3160
3379
3384
3290
3463
3864
4621
5692
6435
6737
6990
7345
7282
5693
2906
541
-1372
-3328
-4681
-6005
-7879
-8620
-7819
-6777
-5215
-3306
-2111
-810
831
1427
926
-202
-1971
-3365
-3960
-4618
-5188
-5125
-4776
-4244
-3583
-3243
-3132
-3034
-2950
-2564
-1926
-1491
-1187
-836
-339
352
564
-31
-718
-1237
-1574
-1419
-1151
-1178
-1095
-807
-432
181
622
572
507
687
982
1211
1103
814
863
1368
1995
2460
2694
2910
3360
3923
4245
4074
3601
3317
3378
3501
3541
3553
3589
3957
4774
5593
6197
6616
6916
7416
7350
5427
2817
982
-940
-2827
-3935
-5558
-7398
-7534
-6794
-6024
-4448
-3015
-2230
-830
458
400
-277
-1519
-3242
-4117
-4453
-5157
-5402
-4985
-4602
-4047
-3425
-3198
-3026
-2713
-2439
-1937
-1264
-831
-559
-67
708
1250
1114
485
-327
-1045
-1294
-1318
-1460
-1461
-1401
-1327
-859
-341
-239
-189
-73
53
432
588
297
203
456
871
1475
2013
2406
3025
3822
4378
4540
4373
4077
3998
4078
4087
4125
4231
4476
5026
5690
6205
6627
6976
7422
7855
6875
4167
1664
-163
-2136
-3622
-4882
-6818
-7939
-7507
-6839
-5786
-4249
-3316
-2239
-492
407
236
-552
-2132
-3479
-3927
-4566
-5293
-5291
-4980
-4401
-3553
-3065
-2744
-2267
-1897
-1375
-648
-198
151
543
1000
1663
1757
942
93
-640
-1313
-1447
-1541
-1930
-1907
-1727
-1715
-1332
-940
-896
-608
-153
144
459
498
226
295
745
1276
1909
2525
3071
3795
4525
4821
4597
4179
3934
3892
3841
3841
3975
4209
4736
5485
6090
6521
6776
6959
7522
7714
5926
2923
562
-1340
-3021
-4151
-5761
-7779
-8406
-7869
-7119
-5774
-4466
-3647
-2178
-397
366
132
-1023
-2703
-3580
-3874
-4551
-5066
-5033
-4630
-3777
-3050
-2810
-2524
-2187
-1801
-1089
-491
-90
409
869
1474
1990
1539
528
-345
-1276
-1878
-2047
-2457
-2685
-2378
-2229
-1970
-1365
-1099
-809
-168
243
622
1023
852
650
882
1120
1583
2329
2792
3293
4098
4586
4668
4444
3922
3757
3963
3922
3980
4333
4570
5047
5838
6273
6577
7042
7391
7974
8032
5877
2759
611
-1257
-3000
-4183
-6055
-8107
-8384
-7674
-6872
-5409
-4125
-3259
-1508
212
629
221
-1093
-2790
-3444
-3776
-4615
-4990
-4843
-4457
-3536
-2883
-2789
-2384
-1965
-1656
-907
-348
-223
173
556
757
883
197
-977
-1600
-2045
-2474
-2438
-2485
-2592
-2145
-1733
-1596
-1223
-1002
-991
-568
-126
8
192
250
262
741
1403
1984
2697
3333
3764
4258
4597
4409
3943
3561
3483
3649
3752
3873
4198
4587
5140
5841
6300
6705
7305
7856
8351
8011
5635
2551
488
-1352
-3169
-4419
-6252
-8118
-8137
-7287
-6540
-5105
-3775
-2880
-1098
505
591
20
-1157
-2789
-3497
-3805
-4621
-4939
-4595
-4145
-3370
-2735
-2589
-2264
-1868
-1582
-966
-392
-162
3
58
81
1
-533
-1044
-1177
-1400
-1521
-1407
-1495
-1434
-1078
-1021
-1035
-892
-963
-951
-636
-443
-210
209
462
917
1781
2479
3005
3565
3882
4040
4310
4353
4037
3682
3473
3567
3746
3763
3846
4039
4281
4846
5577
6038
6454
7005
7592
7933
6780
3954
1433
-322
-2154
-3481
-4797
-7050
-8299
-7783
-7215
-6219
-4556
-3629
-2450
-405
434
42
-658
-2257
-3626
-3785
-4234
-4889
-4751
-4530
-4212
-3448
-3124
-3027
-2583
-2447
-2271
-1401
-672
-474
-374
-377
-353
-289
-446
-684
-976
-1444
-1713
-1666
-1593
-1468
-1414
-1517
-1344
-872
-526
-274
2
350
887
1442
1770
2076
2478
2827
3227
3715
4074
4257
4415
4391
4089
3853
3881
3958
4011
4231
4508
4687
4990
5543
6111
6610
7062
7588
8039
7062
4231
1511
-218
-1946
-3333
-4462
-6549
-8176
-7776
-6897
-6055
-4487
-3235
-2135
-86
1326
1037
-20
-1716
-3297
-3723
-4092
-4862
-5022
-4700
-4188
-3423
-3172
-3362
-3170
-2866
-2535
-1853
-1317
-1136
-908
-539
-88
-78
-838
-1549
-1805
-1985
-1975
-1885
-2050
-1980
-1659
-1598
-1424
-1048
-869
-505
227
814
1162
1338
1242
1288
1703
2090
2444
2919
3389
3939
4459
4508
4084
3525
3254
3486
3865
4045
4239
4482
4739
5292
5987
6479
6893
7492
8307
8411
6427
3344
1172
-524
-2181
-3264
-4986
-7361
-8064
-7328
-6701
-5601
-4213
-3255
-1590
443
1148
654
-616
-2297
-3129
-3328
-4046
-4647
-4571
-4232
-3629
-3216
-3438
-3679
-3516
-3121
-2426
-1643
-1204
-943
-582
83
554
-20
-1033
-1528
-1651
-1529
-1288
-1474
-1740
-1530
-1336
-1194
-768
-544
-436
153
845
1191
1240
909
654
1107
1798
2346
2939
3362
3712
4338
4752
4549
4092
3651
3537
4011
4343
4223
4189
4316
4709
5515
6242
6596
7014
7713
8354
7734
5100
2088
-17
-1826
-3199
-4317
-6393
-8278
-8306
-7552
-6666
-5244
-4104
-2963
-1013
410
549
-166
-1790
-3356
-3692
-3848
-4477
-4662
-4536
-4342
-3807
-3564
-3826
-3847
-3597
-3145
-2172
-1159
-643
-435
-302
-4
258
-106
-907
-1502
-1807
-1956
-1886
-1831
-1934
-1958
-1736
-1227
-548
-32
213
494
955
1354
1452
1218
1079
1457
2153
2862
3387
3672
3935
4373
4718
4592
4141
3769
3853
4260
4480
4505
4483
4590
5146
6014
6657
7033
7562
8368
8806
7443
4390
1644
-238
-1770
-2817
-4196
-6446
-7753
-7408
-6720
-5784
-4676
-3911
-2533
-554
441
190
-910
-2637
-3646
-3655
-4051
-4681
-4827
-4743
-4394
-3951
-4012
-4253
-4136
-3832
-3144
-2055
-1306
-973
-703
-432
-82
64
-405
-1169
-1608
-1846
-2084
-2154
-2186
-2349
-2387
-2046
-1542
-1076
-649
-313
165
818
1187
1100
942
1056
1486
2195
2766
3052
3418
3928
4419
4676
4468
3958
3851
4322
4713
4859
4938
4912
5159
5914
6656
7122
7539
8030
8793
8864
6673
3472
1230
-570
-2075
-2961
-4734
-7067
-7640
-7153
-6756
-5689
-4665
-3960
-2229
-386
99
-219
-1364
-2973
-3405
-3357
-4013
-4344
-4238
-4218
-3898
-3734
-4172
-4288
-4008
-3810
-3023
-1926
-1332
-857
-309
-46
50
9
-419
-788
-850
-1123
-1580
-1797
-1866
-1986
-1951
-1655
-1276
-761
-256
108
570
935
912
780
872
1183
1752
2504
3085
3492
3878
4243
4590
4706
4472
4157
4181
4483
4689
4783
4844
4908
5197
5919
6695
7179
7577
8073
8552
7971
5472
2535
479
-1326
-2807
-3854
-5812
-7920
-8182
-7740
-7407
-6191
-5047
-4321
-2578
-908
-778
-1257
-2263
-3675
-3927
-3661
-4158
-4397
-4104
-4076
-3970
-3842
-4233
-4284
-3753
-3335
-2509
-1252
-654
-467
23
174
-265
-466
-507
-678
-591
-670
-1354
-1754
-1640
-1710
-1636
-1137
-779
-364
201
384
489
706
616
655
1306
1917
2423
3129
3569
3822
4217
4483
4625
4745
4526
4290
4514
4602
4512
4737
4860
4977
5599
6242
6669
7236
7648
8056
8523
7216
4183
1881
89
-1855
-2795
-3960
-6459
-7727
-7422
-7399
-6677
-5332
-4831
-3636
-1548
-754
-849
-1412
-3017
-3863
-3478
-3817
-4236
-4014
-4192
-4076
-3587
-4146
-4713
-4210
-3791
-3154
-1747
-898
-659
-113
356
365
-3
-565
-757
-460
-410
-906
-1690
-2464
-2710
-2508
-2200
-1797
-1381
-890
-250
300
525
500
320
467
1304
2131
2523
2858
3127
3304
3707
4107
4121
4031
4013
4088
4497
4788
4622
4598
4862
5140
5712
6526
6970
7293
7999
8781
8810
7050
4005
1525
-151
-1681
-2856
-4361
-6732
-8014
-7620
-7251
-6728
-5670
-4813
-3441
-1377
-344
-689
-1592
-2794
-3313
-2962
-3100
-3596
-3738
-3758
-3570
-3357
-3838
-4453
-4240
-3571
-2590
-1319
-609
-468
-107
492
648
104
-636
-849
-485
-308
-655
-1383
-2237
-2577
-2241
-1705
-1218
-750
-300
256
909
1073
625
175
255
1030
2068
2752
2960
3157
3526
3953
4420
4515
4157
3993
4346
4782
4875
4568
4083
4087
4746
5548
6240
6690
6941
7575
8535
8125
5464
2359
244
-1245
-2260
-3348
-5622
-7956
-8442
-7916
-7338
-6398
-5633
-4747
-2800
-1048
-669
-1137
-2335
-3540
-3458
-3102
-3475
-3746
-3797
-3733
-3364
-3414
-4049
-4247
-3902
-3305
-2131
-1034
-661
-473
-259
-70
64
-31
-131
5
-119
-645
-1089
-1514
-1853
-1840
-1764
-1544
-877
-157
284
575
747
777
814
888
1150
1657
2213
2840
3376
3625
3778
4033
4380
4639
4638
4486
4546
4755
4819
4780
4571
4417
4860
5668
6303
6934
7543
7993
8451
7581
4557
1695
62
-1507
-2567
-3533
-6027
-8059
-7943
-7757
-7436
-6074
-5310
-4382
-2051
-723
-959
-1362
-2637
-3865
-3373
-3066
-3610
-3397
-3182
-3359
-3140
-3522
-4410
-4230
-3670
-3260
-2058
-1036
-944
-660
-249
-247
-158
45
207
439
-8
-1156
-1872
-2179
-2347
-2078
-1903
-2010
-1618
-890
-450
8
418
479
718
1154
1414
1703
2068
2378
2858
3316
3391
3630
4138
4330
4390
4553
4570
4612
4897
4983
4794
4792
5132
5721
6512
7301
7921
8510
8560
6745
3708
1502
-81
-1594
-2426
-3797
-6408
-7845
-7817
-7955
-7284
-5874
-5056
-3509
-1303
-625
-973
-1620
-3016
-3519
-2721
-2650
-2869
-2547
-2697
-2941
-2957
-3782
-4450
-3886
-3249
-2567
-1339
-746
-751
-238
320
429
457
429
544
944
582
-779
-2064
-2827
-3030
-2507
-1853
-1793
-1800
-1351
-728
-57
444
447
466
1016
1693
2041
2085
1968
2033
2510
3070
3576
4034
4199
4246
4601
4894
4740
4645
4784
4809
5107
5761
6081
6401
7249
8034
8656
8454
5780
2424
881
-424
-2119
-3086
-5159
-8115
-8684
-8183
-8359
-7282
-5790
-5042
-2926
-672
-696
-1278
-1888
-3132
-3012
-2011
-2327
-2563
-2232
-2716
-3059
-3108
-4105
-4656
-3922
-3268
-2409
-1214
-993
-1114
-454
243
495
612
559
587
780
319
-922
-2212
-3121
-3301
-2720
-1989
-1608
-1447
-1143
-516
186
526
573
727
1222
1956
2441
2424
2315
2379
2640
3304
4116
4533
4601
4683
4926
5232
5224
4884
4690
4819
5281
6002
6541
6884
7463
8319
9009
8090
4938
1906
533
-537
-1596
-2879
-5694
-8198
-8305
-7851
-7563
-6441
-5552
-4515
-2114
-562
-953
-1723
-2778
-3483
-2608
-1869
-2218
-2247
-2273
-2680
-2743
-3224
-4285
-4453
-3865
-3134
-2066
-1466
-1672
-1551
-878
-220
230
235
198
568
433
-617
-1754
-2756
-3436
-3240
-2682
-2491
-2319
-1940
-1481
-740
-64
31
75
531
1143
1721
2074
2122
2220
2572
3011
3653
4391
4735
4774
4912
5185
5395
5346
5040
4803
5003
5507
6026
6607
7207
7710
8555
9191
7485
4004
1605
286
-867
-1385
-2887
-6159
-7966
-7739
-7729
-7198
-6093
-5729
-4327
-1742
-905
-1461
-2165
-3501
-3748
-2295
-1742
-1966
-1658
-1768
-2069
-2026
-2874
-3982
-3762
-2967
-2073
-984
-805
-1387
-1341
-708
-264
-122
14
527
1207
993
-468
-2188
-3126
-3121
-2560
-1930
-1882
-2241
-2010
-1321
-920
-731
-597
-435
386
1593
1988
1805
1843
1936
2175
2860
3608
4177
4680
4893
4914
5051
4964
4729
4803
5004
5267
5757
6168
6502
7049
7542
8142
8396
6457
3224
1333
194
-1092
-1876
-3770
-7163
-8681
-8275
-8193
-7470
-6219
-5747
-4246
-1814
-1273
-1910
-2479
-3542
-3485
-1972
-1509
-1849
-1807
-2187
-2545
-2504
-3290
-4071
-3557
-2794
-2026
-1094
-1128
-1675
-1409
-709
-171
136
201
733
1339
521
-1004
-2062
-2837
-2733
-1699
-1357
-1748
-1682
-1439
-1078
-320
-109
-284
302
1176
1678
1990
1964
1867
2362
2956
3399
4155
4757
4889
5117
5389
5277
5108
5090
5047
5169
5503
5814
6209
6821
7483
8172
8779
7950
5041
2210
813
-91
-841
-1940
-4720
-7638
-8354
-8174
-8063
-7092
-6046
-5010
-2903
-1325
-1701
-2606
-3378
-3841
-2863
-1539
-1378
-1507
-1637
-2245
-2730
-3247
-4223
-4323
-3297
-2478
-1857
-1486
-1948
-2273
-1646
-864
-286
204
385
772
957
-390
-2204
-2991
-3252
-2905
-1824
-1625
-2303
-2297
-1918
-1463
-593
-210
-207
586
1503
1677
1666
1564
1518
2266
3297
4028
4704
5057
5036
5224
5547
5500
5359
5444
5560
5779
6120
6380
6622
7217
8109
9061
9500
7783
4238
1751
752
-232
-1024
-2555
-5878
-8111
-7891
-7771
-7701
-6711
-5984
-4682
-2296
-1463
-2413
-3285
-4077
-3946
-2307
-1362
-1508
-1452
-1616
-2026
-2301
-3262
-4270
-3856
-2801
-1957
-1307
-1510
-2240
-2158
-1317
-584
-134
119
309
712
797
-293
-1997
-3023
-3086
-2577
-1714
-1303
-1857
-2278
-1888
-1336
-891
-532
-362
254
1421
1973
1867
1861
1891
2226
3285
4377
4942
5253
5344
5421
5713
5666
5381
5498
5735
5988
6519
6825
6892
7364
8039
8675
8419
5811
2562
1154
246
-1045
-2038
-4492
-8073
-9100
-8333
-8330
-7718
-6466
-5819
-4185
-2149
-2215
-3188
-3649
-4027
-3205
-1492
-1204
-1671
-1674
-2071
-2569
-2747
-3547
-4117
-3274
-2348
-1940
-1563
-1945
-2687
-2154
-974
-569
-453
-143
93
399
318
-746
-2036
-2564
-2224
-1292
-506
-609
-1080
-1114
-814
-472
-302
-425
-200
774
1805
2291
2439
2497
2672
3314
4385
5404
5809
5681
5673
5872
5884
5788
5703
5553
5795
6467
6938
7230
7479
7768
8498
8279
5596
2540
972
-211
-927
-1333
-3932
-7503
-8565
-8193
-7915
-6946
-6164
-5696
-3942
-2310
-2372
-2983
-3921
-4596
-3444
-1852
-1486
-1408
-1645
-2375
-2483
-2701
-3775
-4088
-3403
-2796
-2119
-1852
-2583
-3100
-2711
-1861
-836
-443
-647
-216
210
-527
-1467
-2178
-2873
-2407
-1065
-767
-1171
-1184
-1174
-882
-78
184
-33
309
1009
1616
2084
2200
2257
2841
3645
4364
5096
5429
5210
5159
5550
5844
5852
5767
5674
5759
6148
6668
7108
7382
7852
8684
8202
5243
2188
844
13
-437
-683
-3138
-6765
-7985
-7543
-7274
-6446
-5574
-5039
-3372
-1787
-2126
-3076
-3812
-4234
-3115
-1406
-1050
-1273
-1463
-2055
-2308
-2451
-3416
-3889
-3068
-2317
-1955
-1979
-2845
-3547
-3137
-2279
-1434
-869
-992
-981
-626
-1089
-2004
-2392
-2599
-2273
-1161
-768
-1303
-1386
-1081
-733
38
598
529
685
1239
1773
2195
2405
2524
3094
3963
4676
5146
5241
5051
4968
5242
5713
5934
5701
5515
5690
5894
6181
6698
6992
7330
8274
7915
4772
1557
258
-470
-837
-1009
-3410
-7149
-8692
-8436
-8100
-7225
-6257
-5470
-3631
-1992
-2290
-3361
-4134
-4316
-2915
-979
-489
-793
-1161
-1765
-1971
-2099
-3040
-3568
-2840
-2039
-1601
-1747
-2896
-3869
-3517
-2519
-1485
-861
-1155
-1382
-1062
-1141
-1549
-1740
-2134
-2051
-1009
-435
-682
-741
-667
-468
296
841
708
682
1041
1713
2563
3067
3094
3301
3932
4841
5663
5906
5635
5462
5663
6003
6225
6023
5731
5938
6461
6888
7180
7265
7525
8366
7844
4707
1612
276
-628
-1033
-1349
-4225
-8073
-9181
-8735
-8344
-7107
-6086
-5627
-3893
-2322
-2760
-3675
-4241
-4384
-2816
-850
-509
-812
-1176
-1874
-1952
-1961
-2959
-3331
-2638
-2264
-2094
-2300
-3562
-4417
-3809
-2826
-1920
-1316
-1373
-1287
-1058
-1497
-1969
-2013
-2120
-1606
-671
-663
-1115
-1060
-973
-620
244
577
571
953
1342
1744
2403
2752
2895
3459
4217
5074
5822
5842
5583
5790
5920
5907
6288
6406
6286
6766
7250
7171
7306
7656
8001
8458
7092
3679
1347
586
-413
-926
-2002
-5701
-8661
-8482
-8137
-7921
-6526
-5885
-5388
-3373
-2530
-3481
-3833
-3986
-3751
-1727
-359
-782
-973
-1232
-1825
-1468
-1609
-2776
-2617
-1921
-2158
-2209
-2573
-3978
-4256
-3257
-2744
-2445
-2168
-2170
-1549
-988
-1673
-2344
-2322
-2049
-994
-54
-646
-1342
-1108
-811
-236
562
435
316
1189
1937
2205
2490
2463
2523
3531
4727
5433
5651
5414
5275
5638
5806
5687
5943
6150
6305
6848
7121
6685
6604
7206
8028
8187
6066
2661
699
175
-391
-906
-2967
-6884
-9059
-8579
-8209
-7915
-6884
-6219
-5062
-3268
-2880
-3757
-4285
-4328
-3175
-1019
-191
-605
-1074
-1582
-1703
-1282
-1735
-2460
-2158
-1803
-1854
-2115
-3046
-4099
-3913
-3014
-2225
-2094
-2660
-2728
-1997
-1682
-1803
-1825
-2089
-1752
-631
-206
-575
-588
-445
-133
807
1293
1050
1078
1504
1956
2645
3143
3192
3431
3980
4736
5637
6027
5636
5525
5786
5743
5773
5936
5728
5786
6508
6937
6948
7044
7206
7844
8008
5557
2111
784
404
-246
-729
-3207
-7659
-9649
-8838
-8284
-7525
-6330
-5942
-4975
-3333
-3242
-4060
-4364
-4330
-2932
-575
67
-699
-1278
-1820
-1812
-1134
-1484
-2241
-1991
-1867
-2276
-2572
-3459
-4632
-4338
-3257
-2699
-2552
-2652
-2778
-2613
-2561
-2690
-2378
-1939
-1370
-642
-571
-1115
-1071
-574
-211
614
1378
1449
1444
1817
2045
2476
3180
3593
3993
4572
5173
5709
5984
5638
5511
5747
5897
6149
6333
6099
6103
6674
7024
7461
7798
7912
8095
6922
3526
955
625
137
-348
-1343
-4981
-8886
-9320
-8591
-8194
-6854
-5826
-5385
-4034
-3140
-3867
-4180
-4052
-3390
-1226
506
118
-693
-1143
-1559
-969
-518
-1159
-1447
-1262
-1791
-2330
-2874
-4043
-4424
-3673
-3116
-3012
-2966
-3056
-2847
-2725
-3140
-3127
-2373
-1571
-789
-484
-1247
-1717
-1090
-399
143
812
1015
1046
1634
2167
2321
2607
2948
3450
4327
5023
5327
5508
5353
5205
5639
5926
5904
6073
6166
6100
6415
6635
6602
7050
7668
8185
7681
4791
1193
-22
65
-226
-700
-3307
-7713
-9753
-9029
-8798
-8260
-7024
-6397
-5311
-3740
-3778
-4601
-4387
-3704
-1918
390
851
-80
-549
-864
-788
-93
-341
-926
-667
-792
-1774
-2420
-3231
-4045
-3527
-2782
-2962
-3251
-3290
-3318
-2859
-2701
-3141
-2822
-1769
-1059
-617
-540
-1174
-1117
-134
469
797
1272
1342
1505
2393
2951
3064
3391
3789
4238
4992
5568
5776
5891
5670
5591
6084
6253
5971
5878
5932
5935
6290
6623
6722
6998
7622
7983
6231
2692
257
-30
-102
-301
-1804
-5987
-9670
-9927
-9097
-8649
-7570
-6951
-6651
-5191
-4187
-4642
-4760
-4131
-2963
-712
741
175
-685
-935
-831
20
491
-230
-675
-714
-1368
-2040
-2497
-3380
-3645
-2827
-2416
-3179
-4255
-4642
-3885
-2747
-2533
-3084
-3491
-3179
-1943
-659
-618
-1316
-1197
-266
661
1175
1023
774
1471
2938
3952
4081
3684
3508
4230
5508
6537
6759
6237
5718
6000
6506
6441
6142
5946
6037
6457
7032
7119
6883
7016
7758
7527
4745
1499
98
-97
-167
-651
-3681
-8183
-10089
-9295
-8396
-7537
-6978
-7128
-6406
-4956
-4550
-4653
-4355
-3716
-1903
292
681
-219
-790
-861
-87
1055
893
-108
-641
-1153
-1660
-1779
-2398
-3444
-3333
-2394
-2432
-3615
-4588
-4522
-3640
-2683
-2618
-3448
-3912
-2972
-1411
-635
-1017
-1606
-1321
-213
682
893
712
839
1796
3181
3746
3399
3084
3360
4406
5796
6526
6127
5549
5451
5873
6318
6425
6247
6184
6255
6423
6768
6890
6874
7509
8093
6429
3093
878
192
-13
-31
-1488
-5430
-8905
-9496
-8811
-8134
-7458
-7275
-7153
-6224
-5452
-5344
-5212
-4705
-3380
-1088
454
427
-245
-722
-439
765
1456
1045
438
-229
-1054
-1488
-1990
-3082
-3655
-3119
-2559
-2738
-3494
-4210
-4241
-3567
-2783
-2344
-2176
-1966
-1419
-848
-724
-860
-747
-258
414
1069
1383
1401
1636
2347
3181
3748
3917
3851
3965
4513
5309
5909
5830
5397
5335
5590
5729
5824
5872
5719
5753
6226
6762
6964
7221
7777
7427
4939
2114
1042
875
533
-72
-2617
-6941
-9486
-9168
-8362
-7661
-6914
-6941
-7227
-6788
-6257
-6093
-5672
-4635
-2827
-877
-38
-489
-1168
-1272
-424
935
1674
1342
465
-500
-1371
-2146
-2790
-3244
-3301
-2889
-2627
-3304
-4501
-4946
-4391
-3406
-2304
-1608
-1757
-2031
-1689
-1148
-862
-533
-184
70
563
1186
1422
1498
2062
3064
4019
4419
4238
3927
4059
4837
5920
6360
5860
5354
5442
5704
5934
6022
5888
5953
6541
7149
7263
7189
7522
7498
5624
2976
1610
1148
767
471
-1633
-5941
-8849
-8909
-8253
-7386
-6503
-6849
-7433
-6985
-6556
-6311
-5673
-4918
-3588
-1494
-402
-773
-1227
-1279
-656
798
1756
1415
613
-361
-1275
-1537
-1864
-2895
-3340
-2855
-2743
-3225
-3920
-4824
-5051
-3881
-2508
-2011
-2128
-2504
-2591
-1798
-890
-573
-457
-293
-32
643
1363
1617
1948
2788
3726
4367
4425
4052
4026
4823
5839
6441
6355
5792
5434
5700
6303
6564
6421
6267
6315
6569
6946
7235
7561
7353
5152
2259
1146
1199
867
313
-1923
-6305
-9116
-8893
-8226
-7656
-6920
-7215
-7609
-7002
-6817
-6807
-5915
-4875
-3499
-1363
-475
-1096
-1265
-800
-22
1442
2266
1585
841
257
-764
-1307
-1350
-2135
-2892
-2622
-2579
-3457
-4202
-4445
-4397
-3651
-2595
-2278
-2421
-2339
-2114
-1618
-863
-418
-145
388
843
986
1330
1889
2515
3451
4440
4721
4435
4275
4497
5231
6139
6531
6226
5816
5648
5747
6135
6338
6134
5959
6065
6219
6475
6813
7243
7028
4672
1642
653
990
937
454
-2185
-7090
-9822
-9195
-8315
-7715
-7111
-7842
-8372
-7436
-7038
-7079
-6265
-5312
-3936
-1637
-687
-1329
-1469
-938
50
1720
2627
2017
1302
650
-348
-950
-1271
-1904
-2170
-1974
-2369
-3485
-4622
-5180
-4676
-3378
-2451
-2498
-3027
-3310
-2954
-1962
-931
-406
-180
108
528
963
1306
1710
2549
3700
4659
4948
4460
3918
4228
5396
6462
6791
6276
5517
5427
6063
6543
6361
5972
5879
6336
6968
7074
6671
6741
6993
5463
2916
1602
1103
528
441
-1273
-5853
-9211
-9211
-8475
-7820
-6823
-7307
-8533
-8144
-7259
-6896
-6141
-5199
-4235
-2395
-1053
-1215
-1557
-1216
-250
1500
2841
2432
1305
410
-394
-576
-200
-865
-2288
-2682
-2561
-3128
-3925
-4634
-5493
-5240
-3572
-2574
-2980
-3604
-3983
-3573
-1837
-240
68
-112
-31
272
1068
2054
2632
3211
4150
4864
4924
4583
4305
4923
6324
7228
7066
6366
5609
5405
6198
6853
6643
6348
6350
6213
6349
6776
6969
7157
6143
3315
1279
1282
1136
540
-740
-4545
-8514
-9040
-7974
-7657
-7033
-7090
-8327
-8383
-7460
-7219
-6675
-5482
-4656
-3312
-1871
-1833
-2164
-1483
-465
857
2225
2159
1267
771
211
-321
-256
-886
-2130
-2264
-2050
-2857
-3912
-4725
-5392
-4809
-3232
-2511
-2860
-3338
-3520
-2867
-1328
-130
354
543
646
957
1595
2156
2854
4042
5086
5561
5429
4855
4535
5486
7065
7785
7326
6293
5422
5376
6127
6597
6442
6039
5782
5801
5970
6027
6327
6751
5301
2472
908
783
562
441
-1188
-5482
-8803
-8850
-8054
-7473
-6785
-7632
-8969
-8497
-7605
-7321
-6530
-5750
-5209
-3436
-2007
-2226
-2404
-1722
-958
532
1980
1757
878
383
-355
-1044
-1073
-1282
-1640
-1740
-2509
-4010
-4976
-4950
-4232
-3042
-2451
-2935
-3537
-3463
-2818
-1653
-328
353
513
632
848
1141
1794
2697
3719
4837
5552
5465
4921
4657
5015
6260
7667
8010
7136
6002
5415
5704
6621
7047
6841
6363
5954
5860
6163
6377
6659
6403
4097
1458
867
990
385
-284
-2780
-7155
-9143
-8286
-7809
-7487
-6932
-8005
-8945
-7977
-7154
-6930
-5923
-5109
-4387
-2664
-1795
-2264
-2059
-1124
-305
1059
1875
1163
446
175
-608
-1332
-1482
-1793
-1986
-2054
-3100
-4745
-5455
-4992
-3943
-2883
-2769
-3562
-4125
-3775
-2762
-1440
-371
0
153
494
896
1261
1955
2918
4126
5366
5855
5348
4638
4612
5470
6973
7982
7677
6544
5650
5556
6193
6923
7047
6824
6401
6008
5888
6083
6499
6852
5533
2629
885
846
784
401
-978
-4692
-8064
-8457
-7828
-7677
-7242
-7527
-8517
-8191
-7411
-7294
-6691
-5603
-4806
-3391
-2023
-1987
-2026
-1205
-245
909
1827
1505
926
887
642
294
-132
-1369
-2376
-2115
-1965
-2766
-3842
-4871
-5242
-4296
-3178
-3145
-3709
-4060
-3897
-2840
-1533
-867
-627
-210
376
1151
1829
2329
3084
4373
5600
6154
6013
5407
5267
6250
7583
8093
7737
6815
5952
5934
6476
6639
6483
6434
6139
5808
5697
5534
5637
6092
4937
2166
557
334
-3
-325
-1476
-4898
-8026
-8621
-8319
-8205
-7735
-7940
-8572
-8317
-7945
-7944
-7272
-6257
-5210
-3499
-2251
-2224
-2057
-1185
-169
1106
1993
1665
1164
1095
839
451
100
-751
-1446
-1663
-2070
-2926
-3825
-4517
-4447
-3840
-3637
-3919
-4221
-4387
-4010
-2860
-1879
-1363
-816
-373
13
826
1654
2278
3374
4672
5446
5797
5859
5550
5741
6791
7850
8173
7876
7076
6432
6525
6830
6816
6667
6487
6203
6184
6218
5925
5963
6556
5704
3014
1159
823
601
334
-722
-4101
-7646
-8592
-8066
-7791
-7553
-7919
-8783
-8743
-8120
-7832
-7318
-6624
-5919
-4434
-2952
-2523
-2296
-1575
-733
456
1491
1354
842
807
620
235
20
-608
-1424
-1772
-2053
-2739
-3450
-3970
-4097
-3783
-3546
-3764
-4188
-4393
-4210
-3439
-2422
-1618
-1178
-952
-662
24
980
2016
3068
3958
4638
5150
5456
5462
5523
6057
7040
7791
7823
7190
6440
6147
6519
7064
7126
6665
6119
5908
6072
6283
6400
6730
6353
4198
1959
1344
1400
1251
621
-2058
-5965
-7959
-7621
-7113
-6839
-7111
-8267
-8919
-8368
-7897
-7488
-6817
-6299
-5328
-3812
-3071
-2951
-2334
-1356
-249
975
1189
453
176
340
350
527
76
-1274
-2145
-2060
-2102
-2416
-2866
-3496
-3710
-3201
-3027
-3438
-3653
-3599
-3154
-2105
-1287
-1214
-1170
-758
-106
888
2007
2711
3266
4093
4798
5237
5485
5468
5575
6393
7298
7478
7128
6545
5922
6085
6863
6953
6319
5770
5413
5391
5818
5968
5910
6108
5121
2588
968
879
935
1011
-63
-3736
-7484
-8347
-7663
-7061
-6563
-7199
-8773
-9151
-8546
-8164
-7512
-6684
-6030
-4826
-3542
-3289
-3234
-2419
-1320
-19
1177
1102
294
-97
-175
127
679
337
-994
-2050
-2449
-2574
-2343
-2098
-2413
-2965
-3351
-3578
-3440
-2993
-2434
-1827
-1326
-1196
-1219
-964
-368
528
1733
2723
3158
3458
3909
4462
5152
5780
6033
6158
6575
6923
6936
6848
6591
6430
6768
6881
6314
5787
5699
5869
6350
6658
6467
6427
5753
3410
1527
1481
1706
1590
711
-2621
-6758
-8161
-7424
-6767
-6194
-6560
-8325
-9210
-8661
-8171
-7508
-6673
-6262
-5423
-4058
-3621
-3609
-2879
-1962
-845
569
835
142
-138
-363
-536
82
349
-563
-1532
-2144
-2794
-2774
-2174
-2164
-2617
-3083
-3667
-3804
-3288
-2754
-2227
-1604
-1432
-1611
-1405
-848
-74
1116
2178
2588
2849
3264
3810
4609
5363
5594
5676
6113
6555
6719
6765
6564
6468
6871
7026
6513
5986
5775
5998
6723
7189
6925
6739
5977
3634
1862
2077
2449
2088
964
-2281
-6262
-7511
-6656
-6199
-6040
-6476
-8044
-8877
-8365
-7977
-7423
-6417
-5879
-5276
-4173
-3823
-3788
-2748
-1422
-401
622
657
-98
-51
340
135
63
39
-649
-1249
-1427
-2073
-2760
-2664
-2396
-2411
-2644
-3236
-3799
-3624
-2905
-2235
-1762
-1655
-1779
-1551
-794
97
876
1582
2187
2775
3405
3979
4494
4941
5283
5633
6100
6538
6688
6619
6431
6353
6572
6694
6464
6073
5700
5556
5887
6289
6400
6568
6014
3717
1485
1231
1852
2005
1260
-1696
-5908
-7826
-7106
-6293
-6071
-6531
-8100
-9285
-8930
-8371
-7920
-7042
-6339
-5734
-4666
-4091
-4075
-3259
-1761
-419
774
1061
314
108
573
640
614
681
89
-759
-1199
-1856
-2488
-2287
-1860
-1952
-2451
-3191
-3822
-3585
-2690
-2025
-1783
-1858
-2023
-1759
-942
-23
721
1414
2034
2677
3406
3998
4470
5002
5464
5810
6238
6643
6725
6697
6672
6591
6753
6932
6666
6245
6026
5875
6019
6486
6750
6914
6578
4490
1940
1322
2100
2503
2001
-679
-5192
-7794
-7184
-6059
-5624
-6028
-7839
-9534
-9271
-8378
-7853
-7114
-6592
-6302
-5310
-4438
-4305
-3688
-2284
-996
220
799
226
-119
349
565
559
654
172
-681
-1178
-1786
-2436
-2346
-1946
-2070
-2632
-3365
-4005
-3920
-3181
-2625
-2451
-2459
-2496
-2197
-1510
-711
4
768
1517
2266
3061
3656
4098
4637
5164
5627
6209
6740
6793
6666
6664
6714
7006
7366
7132
6541
6265
6216
6399
6930
7236
7217
6878
5043
2469
1691
2546
2911
2276
-138
-4457
-7271
-6727
-5495
-5246
-5744
-7362
-9142
-9017
-7990
-7495
-6929
-6379
-6161
-5375
-4495
-4287
-3776
-2355
-1034
-4
524
69
-261
326
771
674
473
-44
-729
-956
-1291
-2001
-2349
-2263
-2301
-2579
-3032
-3638
-3874
-3476
-2957
-2653
-2553
-2556
-2343
-1793
-965
-208
411
1063
1858
2739
3398
3875
4271
4612
5169
5995
6695
6785
6545
6377
6411
6861
7443
7291
6553
6042
5907
6094
6644
6980
6945
6693
5159
2631
1530
2282
2818
2366
341
-3769
-7059
-6973
-5568
-5188
-5715
-7200
-9117
-9456
-8486
-7762
-7205
-6734
-6553
-5879
-4980
-4639
-4133
-2736
-1316
-224
423
63
-304
325
981
1028
845
316
-480
-749
-910
-1581
-2128
-2150
-2140
-2288
-2666
-3343
-3735
-3452
-2854
-2317
-2046
-2197
-2263
-1788
-924
-65
746
1383
1895
2664
3479
4059
4517
4915
5391
6127
6922
7068
6750
6598
6706
7120
7708
7519
6523
5864
5977
6336
6733
6895
6670
6359
5249
3036
1635
2019
2585
2234
510
-3277
-6837
-7223
-5673
-5047
-5592
-6998
-8976
-9647
-8537
-7443
-6953
-6686
-6623
-6188
-5191
-4466
-3966
-2854
-1486
-549
51
12
-237
167
848
897
603
269
-344
-910
-1188
-1682
-2286
-2407
-2331
-2708
-3352
-3834
-3999
-3821
-3332
-2925
-2811
-2760
-2402
-1869
-1199
-489
263
1089
1991
2893
3615
4167
4558
4956
5680
6581
7220
7336
7078
6788
6909
7586
8133
7818
6968
6184
5956
6544
7172
7107
6830
6491
4830
2592
1845
2247
2389
2025
-3
-4075
-6965
-6746
-5598
-5210
-5678
-7386
-9233
-9177
-8020
-7166
-6475
-6197
-6395
-5770
-4619
-3953
-3227
-1980
-973
-240
315
164
113
837
1204
868
573
184
-410
-616
-965
-1824
-2349
-2333
-2477
-2895
-3517
-4206
-4323
-3833
-3483
-3456
-3479
-3485
-3035
-2118
-1386
-961
-327
545
1495
2662
3606
4082
4488
4961
5515
6361
7208
7499
7392
7162
6973
7284
7876
7866
7333
6654
6066
6052
6555
6824
6832
6679
4994
2258
1265
1990
2411
2107
162
-4070
-7305
-6999
-5605
-5305
-5801
-7543
-9686
-9757
-8432
-7615
-7020
-6619
-6827
-6358
-5083
-4354
-3671
-2218
-969
-230
336
220
106
1008
1727
1494
1185
688
-51
-147
-227
-1132
-1904
-1905
-1971
-2386
-2959
-3765
-4239
-3776
-3091
-2913
-3103
-3357
-3168
-2303
-1296
-609
-33
612
1379
2565
3739
4374
4734
5116
5564
6327
7265
7682
7548
7317
7105
7185
7542
7570
7219
6831
6426
6141
6256
6476
6714
6903
5442
2481
1122
1872
2552
2359
447
-3875
-7357
-7045
-5370
-5046
-5795
-7651
-9756
-9792
-8312
-7453
-7168
-7105
-7234
-6506
-5151
-4551
-3984
-2594
-1375
-551
104
-37
-141
859
1662
1433
1009
384
-216
-61
-167
-1351
-2331
-2376
-2299
-2453
-2976
-4163
-4897
-4227
-3324
-3063
-3205
-3605
-3615
-2525
-1166
-514
-143
457
1312
2751
4191
4678
4697
5075
5809
6849
7862
8066
7633
7404
7453
7676
8026
7963
7403
6947
6691
6494
6551
6780
7027
6839
4800
1956
1219
2191
2651
1987
-723
-5144
-7542
-6380
-4900
-5098
-6345
-8437
-9885
-9030
-7515
-6972
-6889
-7007
-6945
-5821
-4525
-4014
-3227
-1801
-840
-205
149
-28
346
1557
2106
1471
463
-382
-394
267
16
-1511
-2984
-3505
-3182
-2741
-3091
-4374
-5258
-4950
-4221
-3642
-3450
-3694
-3535
-2555
-1451
-889
-446
346
1623
3236
4385
4586
4530
5010
6195
7646
8522
8358
7692
7398
7714
8368
8853
8514
7613
6802
6518
6616
6849
7060
7116
5936
3135
1122
1357
2165
2164
713
-3082
-6886
-7394
-5829
-5207
-5949
-7672
-9801
-9979
-8360
-7448
-7330
-7221
-7360
-6835
-5302
-4305
-3871
-2678
-1308
-598
74
261
167
1075
2312
2299
1461
612
-27
311
938
160
-1583
-2861
-3158
-2708
-2350
-2973
-4362
-5118
-4745
-4017
-3338
-3249
-3491
-3176
-2280
-1354
-620
21
837
2169
3675
4511
4807
5100
5673
6790
8132
8676
8364
7923
7801
8014
8535
8722
8187
7450
6850
6488
6494
6671
6861
6879
5358
2428
845
1412
2085
1831
-126
-4314
-7545
-7269
-5627
-5378
-6441
-8473
-10413
-10009
-8280
-7580
-7569
-7598
-7698
-6845
-5304
-4431
-3829
-2441
-1227
-528
128
132
235
1453
2473
2181
1455
705
117
528
861
-198
-1696
-2557
-2866
-2756
-2762
-3548
-4685
-4963
-4639
-4267
-3899
-3932
-3862
-3077
-2139
-1507
-930
-253
749
2435
3951
4521
4732
5119
5822
7151
8502
8791
8332
8022
8013
8311
8852
8847
8259
7729
7211
6770
6774
6971
7118
7033
5171
2094
850
1727
2276
1729
-667
-5073
-7893
-6981
-5274
-5333
-6535
-8676
-10571
-9866
-7961
-7310
-7279
-7323
-7583
-6847
-5235
-4176
-3355
-1855
-904
-538
-24
198
636
1962
2843
2239
1285
562
191
612
905
-126
-1694
-2676
-3023
-3091
-3128
-3672
-4649
-5040
-4959
-4787
-4521
-4253
-3792
-3045
-2343
-1909
-1443
-555
892
2640
3915
4296
4329
4825
5991
7481
8586
8723
8156
7790
8106
8800
9237
9002
8280
7548
7091
7052
7172
7175
7192
6523
4005
1459
1185
2099
2123
908
-2389
-6521
-7863
-6236
-5111
-5789
-7496
-9816
-10866
-9346
-7597
-7230
-7347
-7766
-7944
-6708
-4961
-3869
-2743
-1466
-1081
-751
-62
480
1373
2679
2946
1989
1076
671
851
1354
1165
-208
-1829
-2658
-2585
-2418
-2652
-3487
-4433
-4841
-4714
-4231
-3833
-3597
-3193
-2680
-2171
-1572
-809
283
1755
3198
4078
4417
4674
5410
6764
8096
8708
8465
7895
7698
8265
9098
9246
8541
7583
6878
6663
6926
7176
7123
6863
5540
2745
978
1585
2489
1982
-210
-4246
-7599
-7450
-5460
-5075
-6593
-8937
-10966
-10782
-8706
-7420
-7534
-8021
-8434
-7882
-6142
-4676
-3824
-2613
-1450
-931
-428
-22
526
1856
3127
3033
1929
735
334
1135
1880
1138
-700
-2461
-3174
-2629
-2027
-2545
-3956
-5042
-5322
-4826
-4026
-3690
-3680
-3451
-3044
-2423
-1605
-728
447
2034
3328
3872
4181
4656
5660
7256
8459
8499
7930
7616
7811
8621
9351
9067
8087
7355
7004
6991
7229
7314
7163
7048
5722
2921
1403
2141
2906
2398
133
-4116
-7376
-6851
-4875
-4719
-6301
-8725
-10818
-10474
-8352
-7182
-7349
-7892
-8394
-7845
-6161
-4765
-3811
-2525
-1562
-1125
-645
-335
326
1883
3084
2857
1851
579
-74
858
1979
1368
-504
-2520
-3635
-3145
-1990
-2115
-3804
-5389
-5898
-5287
-4075
-3504
-3716
-3906
-3599
-2812
-1799
-901
120
1582
2933
3610
3922
4314
5310
6976
8377
8564
7936
7410
7643
8641
9545
9298
8171
7274
7068
7256
7430
7282
6937
6848
5760
3200
1526
1917
2630
2426
499
-3705
-7203
-6973
-4871
-4360
-5752
-8318
-10691
-10583
-8353
-6896
-7010
-7764
-8573
-8156
-6354
-4743
-3741
-2674
-1955
-1640
-1056
-538
225
1675
2778
2545
1706
640
122
1069
2138
1630
-60
-1901
-3011
-2692
-1557
-1611
-3119
-4576
-5217
-4874
-3685
-2942
-2980
-3237
-3142
-2598
-1554
-328
764
1996
3107
3732
4078
4617
5648
7144
8533
8801
8050
7386
7544
8466
9534
9390
8057
6871
6557
6818
7237
7317
6749
6183
4763
2337
1238
1986
2362
1609
-730
-4967
-7856
-6879
-4785
-4901
-6736
-9394
-11525
-10636
-8012
-6980
-7578
-8480
-9146
-8197
-5912
-4399
-3778
-2870
-2139
-1724
-885
-220
440
1760
2721
2245
1230
485
496
1532
2153
1042
-969
-2199
-2353
-1849
-1494
-2355
-3860
-4543
-4328
-3976
-3559
-3295
-3112
-2817
-2307
-1881
-1308
-175
1306
2708
3601
3957
4110
4903
6375
7786
8556
8396
7828
7619
8034
8735
9140
8868
8108
7261
6776
6806
7130
7417
7385
6495
3821
1446
1555
2679
2718
1117
-2589
-6682
-7595
-5547
-4392
-5630
-8096
-10613
-11239
-9216
-7351
-7298
-8095
-8806
-8714
-7063
-5242
-4307
-3410
-2337
-1790
-1299
-668
-69
1091
2447
2678
1780
680
115
740
1985
1835
40
-1994
-2865
-2446
-1639
-1767
-3256
-4750
-4997
-4436
-3812
-3595
-3660
-3417
-2864
-2259
-1758
-1171
-1
1642
3061
3722
3820
4044
5123
6839
8248
8472
7840
7396
7634
8451
9190
9123
8390
7655
7248
7201
7283
7254
7184
7161
5829
2984
1474
2114
2743
2227
-97
-4264
-7217
-6517
-4558
-4546
-6402
-9027
-10912
-10159
-7893
-6920
-7505
-8413
-8948
-8070
-6075
-4709
-4013
-3088
-2315
-1697
-921
-408
307
1654
2582
2343
1574
730
438
1427
2270
1480
-323
-1976
-2569
-2043
-1435
-1955
-3451
-4563
-4808
-4349
-3607
-3428
-3442
-3109
-2751
-2305
-1511
-592
564
2075
3262
3783
4174
4799
5817
7360
8626
8664
8095
7851
8127
8801
9424
9139
8154
7341
7008
7073
7154
6941
6648
6308
4519
2069
1422
2075
2046
1019
-1671
-5547
-7381
-6126
-4902
-5572
-7420
-9809
-11157
-9972
-8016
-7469
-7968
-8691
-9131
-8021
-6029
-4701
-3819
-2843
-2320
-1733
-859
-202
714
2025
2559
2117
1540
899
747
1638
2126
1201
-441
-1961
-2724
-2376
-1690
-2062
-3417
-4669
-5244
-4798
-3691
-3096
-3037
-3076
-3103
-2623
-1381
-91
1105
2336
3177
3654
4363
5285
6422
7914
8969
8834
8302
8228
8659
9418
9988
9501
8390
7586
7405
7521
7596
7397
7063
6375
4292
2063
1748
2423
2284
866
-2322
-6090
-7321
-5820
-4771
-5759
-7951
-10322
-11138
-9662
-7850
-7532
-8210
-8989
-9033
-7685
-5847
-4713
-3801
-2865
-2314
-1674
-931
-272
855
2156
2492
1894
1280
722
902
1776
1955
794
-807
-2194
-2783
-2403
-1904
-2549
-3954
-5107
-5500
-4973
-3922
-3440
-3428
-3487
-3348
-2726
-1514
-219
1089
2204
2899
3396
4156
5147
6445
7877
8596
8356
8041
8176
8698
9522
9974
9346
8349
7805
7782
7843
7924
7650
7245
6574
4515
2283
2017
2860
2638
1007
-2423
-6162
-7118
-5201
-4175
-5600
-8151
-10528
-11070
-9113
-7133
-7198
-8337
-9179
-9070
-7406
-5336
-4299
-3759
-3063
-2588
-1851
-904
-68
903
2051
2191
1467
893
832
1497
2454
2204
465
-1191
-1806
-1559
-924
-1082
-2667
-4320
-4752
-4405
-3821
-3343
-3551
-3986
-3737
-2972
-2249
-1372
-363
681
1793
2735
3398
4031
5023
6362
7606
8166
7981
7741
8010
8657
9343
9456
8658
7692
7346
7557
7632
7443
6959
6654
6134
4171
2074
1874
2569
2345
821
-2638
-6345
-7097
-5093
-4129
-5622
-8314
-10952
-11421
-9130
-7075
-7330
-8684
-9733
-9524
-7524
-5218
-4232
-3908
-3406
-2925
-1959
-782
-8
877
1930
1980
1308
876
956
1735
2658
2235
330
-1169
-1415
-891
-226
-652
-2441
-3947
-4132
-3689
-3095
-2739
-3150
-3711
-3534
-2830
-2096
-1143
-229
552
1507
2401
3062
3825
4951
6210
7249
7712
7593
7503
8033
8785
9225
9152
8451
7692
7568
7863
7844
7542
7175
6974
6335
4388
2621
2491
2930
2517
860
-2507
-5768
-6274
-4663
-4150
-5778
-8296
-10537
-10725
-8753
-7286
-7730
-8923
-9666
-9183
-7357
-5515
-4737
-4364
-3685
-2965
-1941
-986
-282
679
1653
1752
1261
936
1014
1716
2374
1879
281
-1107
-1508
-1072
-553
-1126
-2798
-4205
-4535
-4058
-3246
-2928
-3437
-3916
-3798
-3129
-2111
-1049
-285
439
1356
2130
2836
3796
4922
6154
7182
7494
7347
7459
8129
8919
9335
9162
8486
8001
7977
8145
8181
8006
7620
7378
6414
4130
2671
3052
3410
2577
437
-3225
-6110
-5741
-3959
-4124
-6315
-8886
-10688
-10106
-7920
-7009
-7945
-9098
-9598
-8737
-6688
-5141
-4661
-4204
-3494
-2856
-1858
-841
4
1089
1834
1492
926
1030
1547
2394
2755
1786
5
-1263
-1256
-443
-30
-1169
-3425
-5049
-5055
-3932
-2807
-2997
-4245
-4903
-4410
-3102
-1615
-777
-525
4
1107
2258
3292
4332
5274
6312
7327
7649
7582
7888
8631
9365
9566
9012
8149
7882
8175
8342
8120
7446
6780
6891
6395
4125
2334
2383
2669
2158
348
-3440
-6716
-6398
-4434
-4521
-6656
-9361
-11326
-10603
-8137
-7228
-8378
-9687
-10126
-8927
-6547
-5074
-4878
-4554
-3729
-2762
-1496
-604
-118
859
1737
1589
1275
1315
1396
2056
2677
1825
183
-738
-772
-347
58
-874
-2911
-3982
-3686
-3136
-2672
-2905
-3935
-4273
-3382
-2380
-1690
-1098
-612
119
1499
2677
3263
3963
4937
6049
7220
7734
7536
7610
8216
8857
9246
8996
8182
7776
7971
7921
7670
7404
7075
7158
6664
4335
2294
2529
3247
2828
1070
-2651
-6294
-6288
-4059
-3876
-5948
-8625
-10916
-10797
-8303
-6979
-8054
-9455
-10046
-9278
-7060
-5230
-4888
-4709
-4020
-3282
-2139
-973
-299
581
1485
1387
954
1002
1227
1800
2398
1584
-268
-1167
-925
-525
-309
-1178
-3113
-4075
-3523
-2934
-2773
-2975
-3678
-3934
-3136
-2275
-1828
-1171
-388
332
1385
2320
2881
3737
4978
6061
6841
7193
7135
7378
8146
8821
9005
8780
8255
7897
7954
8003
7929
7838
7653
7282
5948
3796
2842
3523
3735
2424
-228
-3624
-5621
-4716
-3340
-4339
-6858
-9123
-10220
-9216
-7355
-7119
-8367
-9325
-9385
-8226
-6278
-5048
-4823
-4435
-3822
-3180
-2015
-729
135
911
1255
832
679
1384
2154
2498
2144
698
-947
-1089
-127
247
-592
-2468
-4386
-4667
-3434
-2497
-2826
-3827
-4591
-4346
-3091
-1940
-1521
-1283
-781
124
1403
2515
3262
4108
5154
6177
6898
7274
7470
7898
8644
9114
8934
8538
8232
8106
8215
8202
7833
7387
7260
7040
5393
3265
2682
3265
3068
1575
-1485
-4939
-6043
-4523
-3730
-5493
-8281
-10466
-10701
-8778
-7144
-7777
-9466
-10277
-9589
-7519
-5587
-5098
-5348
-4792
-3712
-2357
-1068
-401
112
985
1369
1195
1398
1883
2408
2811
2453
765
-732
-384
778
971
-276
-2728
-4738
-4238
-2286
-1507
-2720
-4520
-5224
-4228
-2259
-1158
-1509
-1988
-1408
167
2046
3169
3489
3955
4977
6245
7205
7646
7824
8201
8863
9134
8852
8549
8525
8579
8628
8273
7517
7069
7492
7869
6230
3611
2423
2874
3298
2633
-307
-4499
-6428
-5080
-3711
-4817
-7446
-10204
-11236
-9645
-7633
-7787
-9364
-10439
-10191
-8463
-6511
-5625
-5586
-4951
-3961
-2873
-1803
-1066
-327
743
1330
1146
1033
1086
1544
2212
2292
1046
-456
-731
-189
78
-442
-1985
-3661
-3797
-2881
-2351
-2727
-3595
-4023
-3615
-2688
-1972
-1642
-1329
-477
740
1896
2628
3167
4103
5346
6547
7253
7404
7451
7982
8845
9323
9260
8798
8381
8323
8581
8547
8140
7770
7700
7275
5546
3727
3225
3524
3175
1618
-1427
-4491
-5409
-4353
-3946
-5519
-7866
-9836
-10242
-8862
-7599
-8077
-9317
-10019
-9578
-7853
-6100
-5358
-5259
-4694
-3791
-2672
-1515
-646
32
663
919
892
1062
1390
1849
1902
1035
-137
-472
-108
-139
-915
-2208
-3289
-3412
-2817
-2877
-3689
-4101
-3973
-3461
-2874
-2668
-2716
-2090
-887
308
1245
1917
2549
3466
4767
5954
6771
7321
7765
8074
8521
9017
9314
9466
9294
8859
8444
8337
8244
8236
8216
7854
6284
3965
2899
3388
3682
2472
-397
-3905
-5657
-4902
-3880
-4894
-7430
-9754
-10656
-9632
-8040
-7966
-9312
-10258
-10144
-8858
-6916
-5637
-5480
-5197
-4311
-3259
-2006
-840
-14
744
1202
1089
1119
1705
2535
3018
2475
784
-453
130
1289
1116
-619
-2888
-4058
-3132
-1611
-1838
-3604
-4977
-4919
-3585
-2151
-1972
-2688
-2691
-1512
231
1666
2337
2707
3474
4777
6031
6862
7387
7914
8420
8784
8919
8955
9052
9272
9284
8805
8075
7612
7781
8243
8243
6313
3462
2427
3319
3835
2670
-433
-4318
-5950
-4599
-3396
-4749
-7537
-10009
-10726
-9195
-7546
-7995
-9522
-10240
-9834
-8353
-6614
-5793
-5694
-4944
-3863
-3026
-2056
-1151
-290
747
1251
924
861
1466
2187
2470
1787
421
-156
444
831
-57
-1717
-3021
-3197
-2453
-2244
-3276
-4445
-4716
-4025
-3056
-2723
-3139
-3171
-2268
-848
519
1346
1833
2561
3718
4967
6055
6884
7422
7846
8192
8538
8996
9402
9429
9214
8919
8585
8382
8478
8465
8234
7601
5696
3758
3533
4114
3586
1790
-1191
-4238
-5040
-3763
-3449
-5388
-8013
-9920
-9993
-8318
-7215
-8163
-9658
-10140
-9363
-7616
-6005
-5582
-5641
-4888
-3794
-2655
-1552
-785
-167
587
940
860
1144
1713
2018
1803
971
110
115
553
241
-1141
-2548
-3082
-2695
-2317
-2923
-4141
-4776
-4328
-3312
-2755
-3106
-3568
-3051
-1699
-178
853
1288
1721
2692
4082
5342
6295
6923
7380
7908
8345
8715
9073
9396
9483
9373
8977
8461
8323
8599
8611
8171
6765
4557
3375
3850
4057
2681
136
-2911
-4845
-4574
-3658
-4603
-7091
-9308
-10225
-9494
-8123
-7979
-9234
-10256
-10153
-8945
-7241
-6091
-5829
-5526
-4665
-3565
-2313
-1213
-362
422
1045
1092
1110
1689
2451
2823
2410
1134
241
520
1128
765
-627
-2211
-3021
-2666
-2150
-2512
-3507
-4197
-4070
-3382
-2741
-2663
-2758
-2351
-1329
-26
1023
1802
2513
3488
4668
5697
6521
7160
7829
8450
8823
8900
8870
9078
9473
9641
9096
8303
7908
8064
8465
8113
5949
3491
2930
3752
3654
1854
-1481
-4651
-5375
-4008
-3716
-5880
-8804
-10595
-10328
-8583
-7716
-8872
-10496
-10781
-9599
-7680
-6390
-6267
-6247
-5323
-3923
-2538
-1503
-928
-256
704
1205
1229
1494
2130
2583
2522
1624
549
460
1031
909
-360
-1899
-2855
-2718
-2200
-2540
-3637
-4456
-4398
-3682
-3045
-3011
-3327
-3061
-2066
-686
519
1283
1887
2745
3995
5211
6255
7063
7534
7959
8451
9003
9330
9437
9410
9377
9275
8999
8709
8407
8308
8312
7140
4896
3486
3672
3851
2869
390
-3063
-5132
-4574
-3505
-4492
-7136
-9684
-10620
-9407
-7725
-7839
-9463
-10595
-10246
-8597
-6693
-5914
-6011
-5604
-4516
-3207
-1895
-969
-355
471
1095
1088
1139
1707
2452
2765
2182
785
-37
404
967
414
-1112
-2679
-3266
-2757
-2412
-3069
-4074
-4584
-4282
-3527
-3088
-3255
-3289
-2593
-1468
-305
574
1285
2169
3354
4473
5379
6312
7115
7669
8148
8618
9045
9393
9502
9338
9154
9026
8969
8827
8518
8282
7408
5505
4100
4012
4088
3117
999
-2053
-4334
-4395
-3591
-4227
-6437
-8837
-10225
-9737
-8309
-7965
-9099
-10309
-10485
-9444
-7642
-6331
-6118
-5934
-5146
-4050
-2611
-1276
-468
170
761
998
1317
2005
2678
3082
2874
1837
780
847
1518
1395
195
-1520
-2691
-2533
-1833
-2100
-3259
-4278
-4407
-3622
-2751
-2705
-3204
-3097
-2091
-657
554
1159
1576
2508
3895
5172
6208
6870
7246
7746
8549
9154
9414
9423
9197
9074
9148
9047
8733
8377
8151
7945
6538
4352
3451
3872
3755
2281
-640
-3993
-5281
-4143
-3517
-5299
-8198
-10412
-10815
-9239
-7903
-8651
-10410
-11183
-10482
-8638
-6852
-6360
-6647
-6090
-4721
-3235
-1820
-959
-468
352
1036
1317
1786
2431
2896
3178
2857
1793
886
1097
1661
1328
-32
-1768
-2908
-2747
-2132
-2374
-3483
-4634
-4805
-4004
-3161
-3009
-3281
-3209
-2279
-763
542
1191
1660
2652
4051
5482
6532
6943
7226
7986
9022
9592
9587
9221
9089
9481
9852
9503
8761
8159
8190
8433
7088
4605
3433
3784
3841
2592
-444
-4111
-5438
-4072
-3322
-5225
-8301
-10613
-10818
-8959
-7608
-8692
-10641
-11285
-10290
-8263
-6660
-6534
-6851
-5998
-4447
-3040
-1895
-1197
-550
476
1132
1147
1423
2113
2860
3192
2705
1438
378
701
1643
1525
13
-1987
-3321
-3115
-2078
-1797
-2991
-4659
-5082
-4222
-3106
-2562
-2789
-3158
-2557
-1077
354
1261
1878
2596
3623
4901
5997
6715
7264
7891
8494
8886
8975
8954
9223
9640
9653
9116
8483
8100
8442
8630
6995
4543
3577
3908
3878
2671
-397
-3935
-5029
-3700
-3239
-5164
-8032
-10183
-10375
-8718
-7660
-8773
-10447
-10959
-10136
-8347
-6914
-6722
-6770
-5899
-4628
-3387
-2194
-1260
-464
476
908
858
1293
2327
3222
3440
2772
1232
194
1025
2355
2121
267
-2077
-3418
-2615
-958
-714
-2549
-4565
-4787
-3437
-1896
-1515
-2348
-2914
-2008
-290
1209
1935
2189
2835
4120
5373
6252
6911
7417
7954
8549
8751
8570
8683
9171
9371
9006
8359
7835
7848
8364
7524
5054
3312
3463
3826
3066
619
-3030
-5231
-4476
-3243
-4424
-7397
-9993
-10784
-9505
-7979
-8415
-10321
-11316
-10729
-9112
-7480
-6940
-7112
-6569
-5256
-3959
-2818
-1782
-861
109
836
861
1038
2004
3124
3595
3234
2057
896
1056
2075
2259
1040
-789
-2333
-2616
-1761
-1318
-2049
-3457
-4296
-3993
-2950
-2158
-2173
-2473
-2106
-994
363
1502
2165
2761
3772
5025
6068
6822
7424
7901
8456
8992
9068
8973
9133
9270
9160
8862
8495
8193
8320
8084
6195
3942
3435
4036
3717
1885
-1398
-4576
-5176
-3732
-3578
-5952
-8936
-10780
-10523
-8812
-7982
-9205
-10859
-11188
-10152
-8382
-6985
-6688
-6675
-5928
-4755
-3507
-2175
-1092
-244
465
678
684
1456
2646
3308
3209
2397
1335
1160
1781
1981
1127
-241
-1405
-1984
-1917
-1973
-2553
-3147
-3579
-3761
-3552
-3166
-2952
-2631
-2159
-1530
-691
304
1261
2178
3155
4078
5073
6123
6935
7437
7872
8424
8922
9190
9243
9082
8943
9004
8959
8689
8404
8218
7451
5644
4136
4030
4226
3285
1131
-1878
-4211
-4368
-3443
-4063
-6446
-8921
-10164
-9724
-8480
-8210
-9445
-10659
-10702
-9694
-8166
-6985
-6652
-6523
-5764
-4701
-3421
-2051
-1005
-243
300
480
770
1731
2778
3250
2973
2074
1377
1655
2213
2021
864
-508
-1338
-1389
-1139
-1568
-2537
-3224
-3383
-3106
-2721
-2720
-2951
-2650
-1916
-943
-58
593
1200
2120
3233
4248
5226
6108
6753
7193
7619
8086
8581
8965
9044
8802
8518
8352
8276
8389
8387
8043
6798
4723
3567
4076
4549
3337
627
-2670
-4602
-4051
-2852
-3863
-6830
-9526
-10487
-9557
-8014
-8055
-9834
-11243
-11147
-9852
-8108
-7008
-6965
-6991
-6204
-5050
-3625
-2223
-1176
-498
-25
189
617
1712
2878
3325
2905
2031
1542
1914
2546
2270
994
-295
-971
-1016
-911
-1405
-2321
-2932
-2915
-2674
-2619
-2802
-2845
-2337
-1492
-600
-56
420
1223
2328
3490
4489
5214
5834
6493
7103
7691
8281
8662
8688
8656
8723
8733
8696
8624
8483
8327
8186
6999
5075
4197
4565
4568
3217
550
-2658
-4210
-3390
-2677
-4281
-7257
-9654
-10328
-9081
-7690
-8321
-10292
-11414
-11017
-9466
-7733
-7043
-7358
-7238
-6194
-4855
-3395
-2214
-1458
-881
-319
0
533
1641
2598
2804
2278
1493
1244
1889
2413
1765
384
-699
-1106
-910
-802
-1583
-2659
-3082
-2786
-2451
-2395
-2631
-2741
-2245
-1264
-338
185
715
1461
2455
3617
4661
5379
5945
6509
7055
7711
8388
8753
8729
8648
8669
8792
8941
8927
8636
8371
7959
6512
4994
4711
4931
4203
2257
-605
-3190
-3695
-2731
-3138
-5658
-8394
-9919
-9688
-8244
-7812
-9358
-11010
-11159
-10102
-8518
-7390
-7352
-7511
-6637
-5251
-3975
-2786
-1916
-1229
-444
180
467
1052
2041
2682
2715
2168
1476
1433
2002
2074
1226
130
-669
-1041
-998
-1189
-1924
-2558
-2691
-2597
-2560
-2578
-2518
-2190
-1562
-847
-267
279
1094
2106
3164
4125
4931
5627
6342
7032
7529
7997
8451
8671
8731
8799
8817
8721
8552
8343
8157
8154
7373
5324
3881
4018
4260
3284
894
-2364
-4596
-4194
-3037
-4074
-7008
-9645
-10702
-9744
-8174
-8335
-10187
-11528
-11244
-9765
-8068
-7229
-7398
-7221
-6160
-4826
-3456
-2291
-1488
-719
-38
315
715
1711
2724
3003
2528
1639
1244
1909
2614
2062
519
-708
-958
-569
-410
-1182
-2413
-2998
-2618
-1983
-1930
-2340
-2469
-2009
-1068
-50
617
996
1595
2651
3844
4857
5731
6410
6904
7265
7694
8313
8864
9084
9016
8756
8562
8611
8760
8760
8576
7796
5955
4352
4411
4919
4156
1939
-1163
-3703
-3974
-2782
-3127
-5763
-8622
-10123
-9752
-8288
-7916
-9384
-11041
-11339
-10254
-8632
-7527
-7448
-7561
-6874
-5682
-4355
-3096
-2202
-1493
-840
-441
-52
783
1885
2486
2276
1437
708
1069
2086
2204
1003
-628
-1479
-1187
-568
-757
-1928
-3084
-3260
-2572
-1885
-1887
-2283
-2359
-1801
-690
493
1174
1537
2228
3309
4454
5523
6442
7006
7404
7865
8404
8959
9387
9575
9445
9194
9031
8998
9184
9386
8705
6698
4815
4583
5244
4860
2773
-630
-3558
-4038
-2806
-2924
-5437
-8501
-10248
-10044
-8554
-7986
-9385
-11094
-11444
-10415
-8798
-7657
-7494
-7582
-6849
-5610
-4320
-3073
-2046
-1257
-531
-140
228
1063
2076
2702
2720
2095
1252
1221
1956
2113
1234
-59
-1160
-1533
-1250
-1372
-2229
-3132
-3532
-3437
-3033
-2763
-2861
-2856
-2404
-1558
-525
409
1057
1831
2968
4234
5318
6249
6929
7451
8131
8905
9421
9589
9610
9627
9654
9668
9466
9170
9075
8840
7389
5374
4532
4837
4587
3063
191
-3075
-4476
-3488
-3084
-5192
-8191
-10230
-10693
-9475
-8397
-9439
-11324
-11838
-10999
-9521
-8177
-7795
-7973
-7256
-5793
-4493
-3359
-2307
-1467
-524
291
619
1166
2157
2905
3114
2897
2268
1987
2426
2505
1661
617
-98
-525
-734
-1275
-2304
-2976
-2933
-2833
-3020
-3287
-3526
-3251
-2405
-1607
-1118
-544
236
1255
2494
3683
4673
5616
6577
7256
7740
8369
9159
9709
9829
9702
9566
9621
9769
9749
9450
9072
8202
6536
5263
5209
5151
3956
1774
-1230
-3601
-3689
-2855
-3999
-6748
-9147
-10454
-10227
-8912
-8868
-10629
-11837
-11595
-10621
-9157
-7993
-7971
-7944
-6859
-5506
-4226
-2869
-1852
-1261
-538
49
591
1636
2656
2811
2457
2033
1796
2318
2878
2188
688
-281
-449
-164
-198
-1319
-2841
-3319
-2756
-2248
-2299
-2942
-3563
-3175
-1938
-930
-466
-112
339
1323
2749
3987
4800
5636
6435
6993
7553
8320
9011
9462
9685
9564
9420
9639
9954
9950
9678
8937
7426
6124
5967
6041
4997
3011
402
-2105
-2991
-2522
-3170
-5516
-7897
-9485
-9940
-9209
-8760
-9962
-11397
-11640
-11030
-9918
-8637
-8160
-8231
-7571
-6349
-5066
-3680
-2488
-1818
-1210
-587
-42
914
2019
2501
2341
1995
1588
1740
2439
2478
1437
229
-545
-721
-358
-502
-1608
-2760
-3090
-2760
-2146
-1893
-2368
-2821
-2451
-1410
-237
708
1068
1341
2272
3677
4964
6010
6641
6902
7442
8284
9021
9481
9685
9427
9209
9451
9743
9696
9483
8613
6786
5511
5614
5764
4663
2454
-441
-2785
-3212
-2679
-3520
-6034
-8497
-9906
-9870
-9016
-8988
-10382
-11715
-11869
-10981
-9625
-8701
-8582
-8489
-7597
-6218
-4748
-3515
-2669
-1919
-1002
-266
367
1347
2197
2611
2791
2698
2299
2368
2792
2598
1798
1032
363
-165
-347
-798
-1653
-2279
-2478
-2611
-2650
-2627
-2741
-2655
-2238
-1656
-960
-66
677
1365
2306
3480
4596
5581
6341
6935
7732
8609
9193
9456
9610
9673
9920
10271
10204
9897
9797
9287
7730
6377
6136
6071
5084
3167
303
-2369
-3072
-2516
-3228
-5700
-8287
-9876
-9992
-9147
-9044
-10476
-11997
-12271
-11395
-9996
-9040
-8956
-8984
-8175
-6716
-5119
-3852
-3073
-2386
-1511
-745
19
1072
1941
2387
2534
2274
1776
2001
2734
2683
1666
484
-358
-524
-131
-360
-1640
-2870
-3146
-2749
-2214
-2131
-2706
-3140
-2704
-1635
-519
362
726
1060
2052
3600
4937
5941
6595
6991
7688
8730
9517
9852
10032
10034
10120
10481
10609
10399
10318
9640
7822
6545
6594
6459
5146
2995
-42
-2587
-2859
-2301
-3633
-6415
-8765
-10056
-9940
-9083
-9459
-11210
-12334
-12139
-11161
-9876
-9124
-9182
-8932
-7744
-6312
-4850
-3571
-2775
-2075
-1082
-261
509
1627
2436
2635
2760
2651
2152
2206
2747
2629
1717
691
-289
-801
-491
-464
-1484
-2776
-3408
-3337
-2719
-2236
-2565
-3193
-3140
-2246
-947
244
760
969
1717
3111
4553
5819
6613
6933
7439
8332
9095
9579
9935
9977
9931
10080
10102
10033
10128
9367
7447
6222
6231
5973
4784
2742
-349
-2789
-2892
-2517
-4000
-6564
-8740
-10049
-9841
-8982
-9527
-11272
-12215
-11977
-10931
-9611
-9021
-9188
-8802
-7534
-6108
-4618
-3405
-2712
-1943
-855
-57
767
1932
2555
2572
2739
2839
2627
2726
2880
2398
1653
1140
492
-119
-322
-688
-1443
-2129
-2566
-2798
-2635
-2375
-2455
-2615
-2402
-1752
-776
260
911
1409
2328
3622
4825
5927
6667
7088
7781
8747
9420
9644
9727
9741
9899
10235
10279
9980
9592
8496
6928
6317
6444
5706
3921
1623
-995
-2584
-2463
-2742
-4923
-7504
-9117
-9810
-9475
-9096
-10145
-11806
-12312
-11712
-10614
-9552
-9226
-9410
-8827
-7388
-5878
-4475
-3452
-2840
-2030
-938
-155
693
1773
2300
2295
2351
2332
2296
2607
2682
1952
1013
462
62
-199
-470
-1255
-2187
-2655
-2771
-2775
-2690
-2761
-2954
-2807
-2224
-1508
-677
157
777
1532
2729
4001
5049
6053
6827
7448
8297
9215
9811
10118
10299
10329
10469
10749
10797
10658
10361
9030
7242
6684
7008
6387
4513
1805
-1119
-2471
-1999
-2285
-4768
-7705
-9517
-10015
-9359
-9047
-10410
-12201
-12690
-12029
-10786
-9689
-9480
-9701
-9093
-7715
-6224
-4702
-3592
-2937
-2154
-1215
-501
545
1833
2467
2463
2319
2035
2174
2961
3252
2317
985
147
-47
291
218
-999
-2425
-3021
-2871
-2476
-2337
-2884
-3508
-3299
-2441
-1545
-735
-197
172
1035
2434
3676
4624
5568
6333
7032
7945
8792
9335
9747
10099
10208
10278
10413
10447
10545
10481
9185
7252
6502
6815
6484
4925
2204
-894
-2323
-1762
-1841
-4116
-7106
-9150
-9649
-8862
-8545
-9936
-11760
-12377
-11716
-10430
-9383
-9320
-9591
-8976
-7626
-6194
-4791
-3741
-3055
-2249
-1345
-648
365
1582
2279
2460
2383
2099
2246
3044
3384
2561
1315
478
273
593
521
-633
-2031
-2639
-2504
-2182
-2159
-2747
-3340
-3121
-2315
-1559
-871
-303
165
1015
2324
3495
4452
5437
6227
6869
7710
8609
9252
9658
9939
9981
10013
10180
10307
10362
10298
9166
7224
6246
6547
6375
4947
2408
-670
-2447
-2024
-1763
-3746
-6759
-8975
-9732
-9092
-8495
-9580
-11560
-12480
-11942
-10673
-9545
-9367
-9755
-9353
-7984
-6542
-5210
-4121
-3389
-2619
-1654
-951
-118
1064
1961
2269
2268
1955
1940
2719
3356
2759
1525
599
320
617
775
-136
-1634
-2440
-2310
-1934
-1827
-2310
-3028
-3040
-2271
-1445
-793
-290
79
759
1995
3235
4202
5099
5836
6455
7288
8224
8907
9368
9683
9749
9742
9916
10146
10333
10420
9564
7605
6390
6699
6848
5630
3262
207
-1946
-1809
-1234
-2838
-5876
-8249
-9246
-8908
-8203
-8882
-10835
-12072
-11750
-10676
-9639
-9277
-9576
-9408
-8258
-6863
-5608
-4508
-3701
-2948
-2031
-1308
-594
482
1434
1883
2004
1783
1578
2126
2849
2638
1632
720
203
214
438
-27
-1231
-2172
-2352
-2126
-1882
-2012
-2586
-2831
-2334
-1514
-715
-95
189
661
1787
3092
4143
4966
5583
6151
7055
8064
8721
9030
9324
9544
9699
9829
9869
9881
10053
9523
7759
6278
6313
6549
5591
3493
545
-1891
-2127
-1415
-2601
-5495
-7952
-9111
-8980
-8226
-8609
-10490
-11827
-11536
-10484
-9490
-9075
-9315
-9210
-7987
-6554
-5427
-4463
-3578
-2730
-1732
-981
-400
541
1539
2110
2304
2167
1891
2244
2956
2911
2046
1122
580
468
613
238
-825
-1736
-1983
-1858
-1717
-1821
-2327
-2580
-2154
-1422
-746
-147
233
684
1607
2786
3857
4760
5399
5840
6510
7473
8273
8657
8819
8912
9029
9290
9484
9465
9486
9135
7630
6061
5870
6275
5649
3823
991
-1708
-2379
-1509
-2061
-4710
-7451
-9018
-9175
-8313
-8211
-9917
-11712
-11889
-10936
-9719
-8987
-9146
-9473
-8648
-7164
-5791
-4647
-3821
-3170
-2288
-1398
-726
282
1388
1947
2114
2127
1994
2266
3069
3226
2336
1299
816
780
910
567
-542
-1608
-1898
-1669
-1551
-1760
-2302
-2639
-2312
-1567
-898
-351
83
570
1361
2402
3473
4532
5387
5840
6258
7014
7955
8638
8947
8908
8822
9056
9463
9627
9580
9355
8188
6525
5946
6342
6107
4670
2233
-669
-2129
-1586
-1412
-3422
-6193
-8236
-9004
-8441
-7850
-8866
-10779
-11620
-11202
-10132
-9068
-8808
-9246
-9002
-7782
-6404
-5120
-4183
-3609
-2883
-1917
-1227
-398
746
1440
1671
1852
1792
1771
2447
3005
2468
1450
826
637
696
629
-179
-1305
-1810
-1663
-1564
-1705
-2066
-2423
-2330
-1740
-1110
-590
-109
393
1104
2028
3004
3982
4941
5577
6068
6727
7516
8172
8617
8778
8764
8955
9251
9328
9266
9295
8752
7274
6145
6065
6077
5178
3437
769
-1462
-1846
-1403
-2404
-4772
-7079
-8500
-8534
-7810
-8056
-9690
-11032
-11124
-10334
-9261
-8721
-8961
-9046
-8118
-6778
-5580
-4675
-4036
-3251
-2209
-1465
-915
35
915
1439
1797
1773
1422
1829
2753
2867
1970
1066
645
773
1113
782
-414
-1378
-1391
-1002
-872
-1212
-1834
-2058
-1525
-757
-278
35
318
883
1824
2826
3618
4382
5090
5635
6249
6875
7425
7860
8256
8372
8354
8419
8530
8660
8864
8675
7297
5783
5465
5862
5423
3898
1368
-1155
-2043
-1477
-1805
-3863
-6422
-8231
-8668
-7982
-7783
-9050
-10683
-11249
-10737
-9731
-8950
-8948
-9127
-8538
-7331
-6212
-5194
-4331
-3455
-2547
-1842
-1411
-514
645
1475
1839
1710
1222
1418
2507
3155
2576
1368
522
467
1083
1299
434
-894
-1504
-1235
-659
-500
-1086
-1753
-1664
-918
-117
534
855
1062
1666
2708
3716
4653
5452
5879
6187
6706
7376
8024
8539
8648
8388
8237
8404
8759
9150
8993
7530
5686
5205
5831
5792
4310
1581
-1249
-2279
-1564
-1519
-3476
-6236
-8260
-8816
-8109
-7707
-8774
-10459
-11206
-10828
-9817
-8896
-8719
-8984
-8574
-7417
-6243
-5194
-4280
-3489
-2684
-1914
-1367
-558
525
1373
1781
1811
1455
1376
2095
2741
2484
1570
703
246
423
670
237
-784
-1556
-1708
-1438
-1129
-1260
-1749
-1919
-1462
-710
98
695
1002
1467
2369
3421
4478
5367
5911
6300
6835
7476
8136
8705
8933
8816
8745
8884
9017
9239
9281
8297
6395
5465
5771
5834
4652
2374
-582
-2371
-2091
-1663
-3112
-5792
-8071
-9097
-8661
-7997
-8572
-10239
-11293
-11202
-10197
-9080
-8577
-8836
-8694
-7679
-6335
-5074
-4091
-3402
-2663
-1771
-1090
-259
789
1607
1980
2198
1949
1741
2251
3010
2788
1886
958
460
513
820
407
-699
-1630
-1793
-1477
-1238
-1457
-2025
-2225
-1775
-933
-198
277
518
1075
2040
3148
4123
4951
5507
6009
6696
7353
7928
8438
8760
8758
8817
9001
9066
9060
9179
8604
6948
5700
5726
5795
4876
3013
259
-2080
-2431
-1865
-2777
-5235
-7721
-9201
-9247
-8551
-8745
-10251
-11620
-11852
-11112
-9987
-9283
-9336
-9312
-8495
-7185
-5838
-4688
-3823
-2956
-1983
-1235
-524
560
1628
2292
2668
2478
2008
2305
3302
3568
2811
1668
784
641
1178
1178
111
-1167
-1703
-1490
-1068
-1104
-1688
-2161
-1910
-1136
-352
192
502
982
1841
2846
3841
4756
5466
6078
6760
7336
7843
8448
8929
9092
9154
9305
9305
9290
9513
9290
7781
6259
5970
6115
5451
3914
1262
-1484
-2432
-1833
-2306
-4501
-7122
-8950
-9448
-8769
-8551
-9867
-11483
-12001
-11429
-10403
-9539
-9474
-9564
-8928
-7615
-6311
-5172
-4307
-3438
-2432
-1562
-942
-80
926
1716
2247
2243
1721
1672
2558
3102
2654
1657
694
221
640
943
209
-1028
-1709
-1715
-1341
-1137
-1533
-2064
-1965
-1249
-497
101
465
922
1705
2737
3699
4595
5306
5990
6766
7459
7914
8413
8891
9160
9383
9651
9675
9476
9564
9521
8429
6918
6334
6243
5633
4324
2103
-612
-2118
-2016
-2281
-4044
-6432
-8342
-9279
-8955
-8586
-9447
-11007
-11714
-11422
-10500
-9574
-9264
-9389
-8920
-7724
-6414
-5304
-4467
-3678
-2711
-1711
-1033
-320
510
1298
1860
2110
1780
1593
2124
2706
2468
1714
906
435
581
828
290
-717
-1358
-1455
-1201
-1041
-1312
-1793
-1730
-1160
-408
218
611
947
1669
2645
3601
4506
5237
5835
6511
7211
7706
8171
8650
8939
9093
9288
9342
9241
9354
9357
8293
6700
5989
6012
5582
4320
2121
-586
-2213
-2214
-2365
-3997
-6315
-8296
-9359
-9252
-8859
-9590
-11057
-11883
-11738
-10994
-10070
-9579
-9542
-9083
-7985
-6737
-5590
-4609
-3647
-2567
-1576
-939
-264
702
1662
2375
2639
2286
1926
2371
3092
3126
2403
1414
689
661
928
629
-292
-1222
-1660
-1558
-1290
-1363
-1716
-1857
-1590
-933
-125
475
899
1532
2411
3347
4354
5212
5884
6574
7325
7851
8246
8694
9085
9363
9576
9575
9367
9453
9528
8555
6896
6048
6081
5768
4532
2285
-532
-2304
-2267
-2176
-3740
-6187
-8300
-9403
-9238
-8670
-9288
-10831
-11791
-11695
-10900
-9866
-9316
-9335
-8975
-7885
-6594
-5464
-4506
-3581
-2527
-1507
-886
-366
422
1314
2117
2533
2209
1594
1690
2350
2717
2362
1448
485
87
275
330
-162
-981
-1643
-1817
-1568
-1372
-1424
-1489
-1310
-780
-53
601
1095
1760
2681
3697
4580
5226
5775
6536
7514
8270
8583
8705
8873
9255
9723
9932
9670
9460
9318
8448
6977
6190
6148
5688
4349
2149
-600
-2517
-2636
-2548
-4003
-6443
-8620
-9876
-9823
-9162
-9479
-10890
-11989
-12087
-11275
-10067
-9248
-9177
-8918
-7970
-6615
-5293
-4141
-3184
-2185
-1180
-455
190
978
1774
2407
2791
2640
2187
2130
2488
2622
2231
1493
706
228
94
-120
-622
-1312
-1870
-2126
-2072
-2069
-2146
-2093
-1761
-1190
-559
7
515
1248
2274
3410
4396
5106
5669
6374
7345
8244
8777
9032
9228
9474
9798
9995
9890
9820
9770
8917
7262
6216
6154
5878
4764
2719
-113
-2401
-2812
-2594
-3680
-5914
-8123
-9688
-9991
-9395
-9443
-10598
-11706
-12020
-11502
-10448
-9573
-9267
-8917
-8062
-6937
-5745
-4577
-3494
-2330
-1166
-473
22
785
1701
2444
2967
2902
2404
2279
2703
2862
2442
1703
956
486
390
176
-434
-1178
-1688
-1867
-1805
-1855
-2066
-2040
-1611
-1001
-375
228
732
1418
2457
3602
4532
5360
6081
6712
7451
8239
8759
9128
9459
9642
9705
9755
9674
9658
9686
8881
7080
5779
5616
5442
4450
2494
-354
-2830
-3433
-3202
-4080
-6087
-8237
-9891
-10338
-9813
-9761
-10701
-11595
-11825
-11392
-10475
-9642
-9225
-8618
-7584
-6500
-5484
-4505
-3517
-2225
-813
-23
292
801
1553
2320
3061
3190
2622
2239
2441
2524
2229
1677
943
272
-62
-378
-913
-1441
-1821
-2077
-2143
-2250
-2462
-2356
-1831
-1223
-639
-31
464
1078
2155
3386
4358
5201
5911
6497
7228
8142
8806
9216
9489
9596
9693
9943
10082
10141
10137
9375
7671
6374
6179
6070
5170
3287
470
-2116
-3047
-3010
-3732
-5495
-7616
-9484
-10259
-9994
-9912
-10604
-11350
-11684
-11466
-10731
-9923
-9348
-8608
-7502
-6392
-5399
-4494
-3583
-2309
-802
220
694
1087
1537
2139
2972
3376
2985
2444
2243
2103
1907
1570
895
44
-583
-1056
-1488
-1869
-2277
-2673
-2830
-2883
-2968
-2859
-2469
-1875
-1095
-289
301
889
1824
3063
4343
5445
6127
6585
7264
8195
8998
9569
9805
9728
9715
9980
10157
10150
10088
9423
7819
6326
5811
5641
4907
3323
804
-1911
-3453
-3778
-4190
-5410
-7195
-9065
-10271
-10458
-10333
-10576
-10982
-11267
-11279
-10829
-10061
-9312
-8397
-7183
-6021
-5115
-4335
-3474
-2234
-688
536
1142
1452
1727
2152
2920
3583
3524
2978
2538
2251
2035
1828
1413
713
-10
-653
-1164
-1532
-1851
-2157
-2368
-2495
-2670
-2704
-2408
-1800
-985
-133
502
969
1641
2700
4001
5252
6121
6601
7061
7719
8428
9029
9462
9602
9501
9464
9429
9285
9265
9175
8161
6368
5113
4727
4327
3336
1525
-1073
-3418
-4410
-4599
-5231
-6591
-8255
-9709
-10383
-10362
-10407
-10688
-10854
-10774
-10439
-9821
-9202
-8606
-7553
-6055
-4726
-3865
-3257
-2548
-1478
-152
951
1590
1899
2036
2227
2579
2757
2588
2395
2274
1888
1211
527
-60
-458
-669
-992
-1578
-2197
-2594
-2718
-2591
-2430
-2395
-2256
-1772
-1064
-267
564
1329
2062
2967
4052
5075
5942
6658
7292
7947
8535
8895
9127
9326
9405
9413
9413
9220
8883
8719
8299
6925
5274
4473
4228
3620
2287
95
-2513
-4256
-4619
-4742
-5633
-7162
-8781
-9864
-10049
-9837
-9894
-10107
-10183
-10033
-9528
-8787
-8204
-7546
-6298
-4821
-3751
-3056
-2455
-1730
-659
539
1344
1692
1813
1893
2062
2251
2184
1910
1710
1424
856
180
-412
-892
-1177
-1387
-1828
-2398
-2751
-2840
-2773
-2584
-2409
-2272
-1856
-1091
-253
526
1288
2005
2807
3857
4922
5741
6389
6949
7429
7920
8407
8734
8881
8933
8811
8595
8385
8159
8004
7909
7223
5584
3969
3270
3082
2588
1422
-676
-3109
-4620
-4980
-5184
-5880
-6936
-8105
-8949
-9235
-9326
-9470
-9408
-9141
-8760
-8196
-7704
-7472
-6918
-5627
-4170
-3066
-2315
-1846
-1426
-640
384
1162
1610
1834
1904
1972
1972
1699
1378
1326
1339
1051
430
-392
-1130
-1430
-1388
-1393
-1604
-1951
-2316
-2436
-2209
-1874
-1489
-889
-133
529
1138
1812
2504
3323
4376
5444
6183
6562
6848
7220
7679
8114
8381
8418
8244
7945
7646
7388
7117
6910
6773
6300
5074
3477
2325
1829
1530
881
-508
-2523
-4399
-5423
-5742
-6000
-6562
-7385
-8152
-8572
-8717
-8819
-8839
-8695
-8306
-7614
-6867
-6429
-6165
-5571
-4524
-3304
-2215
-1500
-1177
-857
-275
366
842
1105
1141
1123
1227
1167
766
347
173
131
-5
-353
-934
-1503
-1716
-1656
-1550
-1511
-1598
-1705
-1564
-1201
-847
-403
265
996
1680
2362
2944
3426
4033
4827
5572
6082
6316
6385
6567
6850
7009
6991
6850
6579
6273
6040
5796
5477
5265
5190
4883
4069
2923
1932
1445
1270
886
-84
-1541
-2977
-3889
-4213
-4382
-4784
-5416
-5995
-6316
-6453
-6602
-6812
-6908
-6700
-6150
-5508
-5106
-4997
-4841
-4295
-3427
-2571
-2006
-1746
-1551
-1222
-818
-519
-397
-380
-312
-134
-71
-278
-540
-649
-649
-693
-836
-1050
-1195
-1166
-1047
-938
-896
-892
-794
-470
-30
339
680
1099
1593
2138
2671
3084
3397
3755
4167
4534
4791
4879
4880
4958
5093
5097
4923
4686
4452
4332
4291
4156
3917
3732
3639
3536
3275
2754
2163
1789
1596
1274
720
-17
-849
-1572
-2025
-2379
-2835
-3352
-3797
-4120
-4371
-4694
-5110
-5412
-5468
-5323
-5054
-4801
-4750
-4753
-4523
-4090
-3638
-3242
-2908
-2610
-2272
-1935
-1698
-1535
-1393
-1214
-956
-700
-610
-625
-602
-576
-580
-538
-423
-319
-184
-36
15
12
40
142
396
750
1057
1273
1487
1740
2007
2314
2608
2857
3100
3326
3479
3556
3598
3613
3669
3771
3798
3665
3477
3312
3182
3100
3027
2915
2793
2766
2808
2833
2770
2579
2302
2067
1906
1775
1606
1299
807
248
-274
-761
-1244
-1670
-2025
-2373
-2722
-3095
-3507
-3975
-4418
-4718
-4837
-4839
-4792
-4750
-4755
-4758
-4689
-4495
-4170
-3774
-3377
-3035
-2767
-2556
-2338
-2089
-1848
-1587
-1291
-978
-689
-463
-315
-206
-78
146
444
721
950
1096
1168
1244
1347
1437
1535
1636
1736
1835
1931
1977
1944
1880
1838
1831
1875
1932
1941
1900
1825
1733
1667
1669
1690
1719
1769
1794
1810
1837
1879
1959
2097
2317
2598
2887
3101
3189
3147
3044
2976
2956
2926
2797
2512
2071
1526
950
368
-203
-735
-1232
-1697
-2170
-2703
-3310
-3942
-4504
-4929
-5204
-5334
-5374
-5371
-5322
-5218
-5058
-4828
-4518
-4145
-3712
-3253
-2784
-2330
-1921
-1560
-1227
-881
-523
-130
268
610
873
1083
1262
1414
1558
1672
1727
1756
1748
1683
1587
1438
1260
1072
905
778
647
508
353
188
57
-14
-9
33
106
183
243
364
521
698
906
1153
1394
1626
1901
2163
2423
2706
3012
3367
3724
4028
4269
4371
4341
4259
4167
4054
3888
3619
3173
2595
1920
1224
521
-157
-791
-1379
-1925
-2497
-3101
-3768
-4425
-4984
-5403
-5644
-5725
-5712
-5618
-5464
-5251
-4979
-4657
-4280
-3837
-3320
-2770
-2189
-1646
-1167
-773
-442
-130
192
574
956
1271
1477
1576
1602
1570
1526
1460
1359
1242
1087
887
604
272
-24
-270
-434
-530
-614
-723
-824
-880
-917
-843
-697
-518
-283
-68
148
399
667
945
1241
1544
1842
2172
2463
2763
3072
3341
3592
3844
4083
4329
4554
4708
4772
4753
4616
4404
4152
3808
3435
2999
2441
1812
1086
305
-464
-1147
-1781
-2359
-2894
-3447
-3971
-4485
-4936
-5284
-5518
-5588
-5534
-5369
-5103
-4779
-4439
-4058
-3627
-3185
-2712
-2218
-1739
-1268
-838
-464
-181
36
227
392
569
702
788
823
800
725
569
379
151
-57
-213
-401
-604
-828
-1056
-1248
-1348
-1392
-1394
-1317
-1206
-1037
-815
-614
-372
-86
190
508
844
1180
1543
1920
2263
2577
2855
3073
3312
3528
3736
3954
4132
4270
4383
4438
4465
4482
4474
4444
4390
4215
3947
3637
3240
2819
2354
1821
1227
596
-40
-696
-1323
-1932
-2485
-2966
-3407
-3779
-4110
-4411
-4624
-4761
-4792
-4738
-4590
-4376
-4049
-3643
-3248
-2830
-2462
-2130
-1805
-1496
-1188
-908
-654
-469
-358
-270
-239
-222
-198
-200
-195
-218
-302
-411
-548
-719
-864
-978
-1096
-1198
-1267
-1321
-1354
-1328
-1270
-1170
-990
-817
-571
-277
-31
266
544
789
1080
1368
1652
1950
2260
2516
2738
2933
3032
3181
3337
3471
3630
3716
3733
3746
3725
3694
3710
3706
3667
3623
3527
3342
3099
2792
2442
2098
1730
1293
799
261
-303
-809
-1305
-1782
-2215
-2626
-2959
-3253
-3519
-3741
-3941
-4065
-4105
-4059
-3916
-3717
-3466
-3161
-2858
-2559
-2283
-2053
-1813
-1564
-1352
-1140
-981
-854
-746
-668
-594
-545
-514
-500
-526
-547
-617
-677
-695
-773
-814
-860
-990
-1066
-1109
-1144
-1053
-935
-813
-666
-566
-412
-238
-16
263
516
834
1120
1368
1635
1825
2111
2386
2614
2895
3028
3158
3327
3419
3547
3629
3654
3682
3648
3613
3529
3452
3399
3321
3285
3166
2976
2751
2436
2134
1806
1423
1020
556
72
-421
-905
-1353
-1801
-2188
-2531
-2830
-3086
-3333
-3528
-3692
-3783
-3802
-3799
-3659
-3481
-3264
-2967
-2684
-2398
-2127
-1860
-1623
-1412
-1198
-1085
-947
-843
-830
-751
-749
-773
-738
-817
-892
-981
-1097
-1187
-1254
-1276
-1374
-1393
-1388
-1509
-1478
-1486
-1487
-1242
-1087
-866
-538
-357
-88
181
452
775
1130
1529
1799
2122
2370
2500
2793
2971
3101
3355
3409
3442
3517
3463
3428
3415
3331
3234
3172
3025
2857
2739
2584
2480
2453
2364
2224
2066
1786
1476
1209
897
588
303
-79
-451
-764
-1156
-1466
-1716
-2004
-2179
-2351
-2498
-2611
-2737
-2812
-2852
-2823
-2746
-2631
-2442
-2263
-2052
-1836
-1676
-1497
-1372
-1267
-1167
-1142
-1073
-1060
-1101
-1101
-1158
-1203
-1213
-1252
-1300
-1361
-1420
-1481
-1481
-1458
-1463
-1403
-1362
-1367
-1249
-1214
-1163
-907
-709
-488
-160
60
258
562
820
1039
1338
1583
1767
2023
2184
2243
2399
2465
2477
2640
2681
2638
2687
2587
2487
2498
2377
2309
2283
2172
2102
2041
1976
1933
1979
1987
1948
1941
1814
1648
1548
1335
1103
942
630
344
89
-265
-536
-780
-1056
-1268
-1481
-1712
-1900
-2096
-2277
-2421
-2543
-2604
-2625
-2591
-2548
-2463
-2350
-2251
-2136
-2009
-1946
-1864
-1777
-1756
-1651
-1601
-1556
-1476
-1490
-1407
-1344
-1306
-1197
-1157
-1102
-992
-918
-832
-734
-700
-648
-595
-521
-453
-359
-234
-137
65
259
373
580
729
811
1036
1171
1268
1428
1488
1566
1659
1707
1742
1807
1853
1881
1957
1987
2014
2070
2140
2167
2231
2305
2326
2432
2493
2598
2725
2822
2930
2979
2957
2874
2721
2517
2276
1950
1587
1173
744
292
-157
-603
-1071
-1454
-1859
-2237
-2557
-2877
-3168
-3368
-3542
-3675
-3706
-3721
-3636
-3484
-3297
-3083
-2845
-2598
-2375
-2105
-1892
-1698
-1497
-1354
-1192
-1055
-992
-913
-850
-815
-737
-701
-678
-651
-671
-685
-668
-697
-759
-794
-832
-861
-829
-771
-743
-616
-483
-404
-173
-8
167
443
652
878
1095
1293
1458
1632
1796
1919
2061
2236
2384
2576
2780
2882
3017
3136
3191
3261
3311
3363
3419
3453
3530
3542
3518
3516
3389
3243
3032
2733
2430
2061
1632
1136
621
58
-512
-1033
-1561
-2049
-2470
-2840
-3155
-3367
-3584
-3774
-3877
-3970
-3946
-3841
-3690
-3476
-3191
-2867
-2531
-2162
-1827
-1525
-1227
-966
-726
-523
-416
-325
-300
-332
-385
-500
-622
-739
-832
-923
-1021
-1113
-1221
-1305
-1395
-1504
-1581
-1609
-1632
-1566
-1484
-1425
-1258
-1087
-837
-524
-221
162
547
919
1294
1613
1920
2168
2369
2594
2763
2974
3215
3371
3525
3648
3710
3741
3721
3703
3673
3626
3638
3580
3528
3478
3303
3159
2968
2723
2491
2202
1895
1544
1128
650
103
-474
-1040
-1585
-2059
-2501
-2882
-3133
-3384
-3566
-3701
-3857
-3940
-3956
-3905
-3759
-3555
-3283
-2962
-2623
-2259
-1948
-1642
-1359
-1125
-889
-696
-559
-459
-412
-434
-517
-666
-832
-1009
-1188
-1329
-1463
-1573
-1673
-1765
-1827
-1887
-1921
-1923
-1898
-1822
-1732
-1587
-1411
-1192
-919
-622
-286
75
482
921
1376
1818
2207
2557
2877
3157
3398
3612
3817
3970
4096
4219
4305
4377
4403
4378
4322
4273
4226
4204
4177
4107
4045
3943
3800
3602
3315
2941
2512
2061
1558
1003
405
-237
-899
-1548
-2174
-2759
-3279
-3706
-4044
-4294
-4472
-4604
-4703
-4771
-4777
-4710
-4536
-4259
-3901
-3449
-2958
-2463
-1989
-1589
-1283
-1030
-817
-642
-497
-387
-322
-321
-379
-548
-809
-1120
-1462
-1763
-2006
-2176
-2289
-2355
-2389
-2394
-2383
-2360
-2293
-2180
-2015
-1785
-1486
-1154
-800
-420
-24
393
841
1345
1881
2422
2950
3413
3775
4058
4278
4418
4523
4607
4681
4751
4817
4844
4811
4727
4610
4489
4410
4366
4324
4287
4235
4148
3995
3724
3270
2666
2011
1353
711
65
-605
-1314
-2047
-2731
-3372
-3949
-4427
-4794
-5031
-5134
-5138
-5124
-5088
-4990
-4815
-4539
-4141
-3650
-3044
-2358
-1660
-1033
-535
-175
81
285
418
495
530
488
382
234
-27
-425
-900
-1393
-1859
-2239
-2515
-2709
-2825
-2862
-2854
-2794
-2714
-2666
-2566
-2353
-2084
-1757
-1350
-965
-589
-145
337
812
1331
1919
2507
3070
3579
3961
4232
4448
4605
4722
4808
4844
4868
4897
4882
4812
4730
4665
4603
4538
4474
4457
4445
4437
4386
4058
3390
2646
1991
1289
557
-174
-1069
-2025
-2748
-3341
-4038
-4719
-5242
-5638
-5810
-5777
-5796
-5868
-5812
-5617
-5283
-4805
-4291
-3755
-3009
-2113
-1309
-609
-8
410
736
1081
1297
1288
1231
1182
1049
822
470
-69
-738
-1355
-1911
-2445
-2911
-3265
-3512
-3618
-3616
-3628
-3627
-3532
-3329
-3000
-2538
-2048
-1569
-1036
-446
153
744
1362
2000
2693
3408
4038
4555
5004
5369
5645
5868
5955
5933
5937
5989
5954
5810
5671
5575
5466
5339
5263
5207
5128
5120
5097
4634
3731
2880
2142
1265
394
-493
-1723
-2933
-3656
-4283
-5134
-5848
-6323
-6682
-6710
-6505
-6488
-6592
-6465
-6148
-5694
-5086
-4480
-3809
-2855
-1805
-920
-112
499
834
1194
1608
1746
1705
1708
1595
1341
1092
701
-5
-805
-1507
-2218
-2902
-3451
-3920
-4254
-4382
-4420
-4454
-4422
-4297
-4047
-3614
-3072
-2534
-1937
-1259
-577
103
759
1353
1975
2705
3402
3986
4515
4998
5426
5820
6112
6200
6181
6218
6277
6248
6158
6046
5974
5919
5883
5875
5817
5729
5754
5637
4923
3869
2943
2016
955
8
-1103
-2633
-3873
-4512
-5267
-6212
-6788
-7134
-7387
-7157
-6740
-6745
-6791
-6479
-6039
-5463
-4672
-3875
-2973
-1779
-585
384
1210
1715
1960
2342
2679
2685
2667
2706
2491
2194
1934
1293
310
-578
-1382
-2263
-2995
-3530
-4018
-4332
-4466
-4604
-4712
-4730
-4679
-4473
-4068
-3577
-3033
-2380
-1706
-1071
-406
211
761
1453
2253
2938
3525
4112
4621
5034
5472
5765
5789
5788
5912
6083
6197
6247
6238
6236
6265
6270
6322
6394
6444
6498
6125
5001
3759
2884
1906
736
-380
-1854
-3569
-4581
-5162
-6240
-7265
-7696
-8064
-8190
-7680
-7373
-7578
-7418
-6866
-6395
-5674
-4662
-3770
-2655
-1151
132
1060
1835
2267
2502
2895
3118
3019
2989
2946
2684
2399
1888
853
-249
-1133
-2124
-3062
-3639
-4116
-4494
-4562
-4609
-4791
-4770
-4607
-4500
-4155
-3563
-3073
-2510
-1754
-1109
-519
189
808
1441
2338
3156
3733
4380
4985
5352
5807
6237
6242
6170
6393
6544
6554
6713
6821
6737
6720
6793
6795
6828
6990
6995
6340
5031
3788
2924
1924
727
-493
-2094
-3818
-4722
-5308
-6493
-7508
-7829
-8097
-8139
-7565
-7325
-7600
-7383
-6790
-6358
-5691
-4724
-3838
-2666
-1101
155
1029
1748
2094
2309
2712
2844
2615
2595
2629
2356
2070
1598
526
-593
-1344
-2183
-3124
-3671
-4001
-4311
-4339
-4272
-4401
-4463
-4334
-4216
-3926
-3409
-2968
-2487
-1791
-1123
-571
50
635
1178
1935
2748
3303
3791
4371
4854
5245
5564
5648
5578
5673
5934
6103
6217
6419
6592
6689
6839
6998
7084
7185
7115
6257
4846
3747
2842
1690
549
-753
-2633
-4211
-4935
-5814
-7045
-7716
-8015
-8303
-8005
-7414
-7362
-7407
-6978
-6444
-5816
-4885
-3947
-2913
-1474
17
1242
2211
2722
2939
3325
3602
3497
3434
3418
3182
2984
2741
1911
717
-302
-1257
-2222
-2979
-3589
-4057
-4187
-4162
-4233
-4283
-4337
-4396
-4200
-3777
-3400
-2987
-2389
-1785
-1219
-599
-106
247
807
1566
2211
2730
3235
3711
4169
4652
4950
4974
4967
5112
5376
5665
5928
6161
6380
6599
6844
7029
7132
7245
7026
6067
4822
3805
2715
1527
496
-930
-2875
-4263
-5076
-6255
-7388
-7909
-8443
-8775
-8305
-7877
-7968
-7746
-7235
-6888
-6155
-5076
-4225
-3132
-1493
-41
1141
2217
2731
2896
3331
3574
3423
3454
3499
3263
3138
2903
1983
842
-88
-1122
-2131
-2884
-3556
-4059
-4082
-4006
-4145
-4236
-4282
-4338
-4109
-3648
-3259
-2804
-2107
-1430
-832
-223
227
594
1237
2056
2746
3355
3942
4404
4891
5381
5578
5493
5446
5520
5700
5947
6147
6311
6481
6674
6900
7068
7100
7157
7067
6233
4945
3925
2846
1437
328
-906
-2916
-4544
-5244
-6289
-7574
-8053
-8407
-8941
-8603
-7967
-8080
-8043
-7449
-7071
-6538
-5420
-4476
-3518
-1898
-313
823
1946
2654
2829
3231
3612
3487
3423
3539
3300
3029
2847
2062
889
-35
-1005
-2152
-2971
-3527
-4000
-4108
-3988
-4098
-4259
-4255
-4240
-4085
-3675
-3263
-2834
-2163
-1452
-903
-367
105
494
1068
1822
2442
2951
3527
4046
4473
4888
5099
5027
4965
5073
5271
5510
5765
6016
6285
6510
6660
6826
6967
7057
7017
6401
5139
3936
2959
1705
329
-1052
-2892
-4699
-5606
-6368
-7616
-8441
-8645
-8883
-8741
-8041
-7792
-7873
-7361
-6607
-6007
-5053
-3892
-2848
-1416
322
1638
2551
3290
3648
3923
4300
4318
4074
4037
3926
3531
3094
2396
1239
171
-692
-1766
-2803
-3396
-3761
-4008
-3988
-3969
-4172
-4245
-4092
-3941
-3720
-3342
-2956
-2482
-1826
-1221
-776
-329
129
626
1305
1976
2454
2905
3397
3844
4244
4541
4603
4597
4735
4980
5267
5543
5794
6114
6421
6523
6589
6751
6882
7024
6851
5878
4534
3512
2460
1154
-137
-1797
-3805
-5138
-5879
-7014
-8138
-8671
-9048
-9142
-8569
-8105
-8132
-7925
-7355
-6745
-5893
-4846
-3840
-2552
-886
668
1922
2813
3220
3612
4203
4443
4336
4325
4228
3931
3672
3059
1871
775
-66
-1086
-2081
-2823
-3517
-3964
-4004
-4114
-4402
-4497
-4494
-4471
-4223
-3902
-3660
-3212
-2514
-1862
-1231
-600
-123
383
1120
1881
2522
3121
3620
4018
4461
4887
5077
5143
5257
5383
5601
5953
6194
6331
6657
6911
6856
6933
7163
7168
7249
7187
6063
4456
3423
2290
659
-690
-2242
-4438
-5868
-6432
-7635
-8956
-9281
-9504
-9721
-8975
-8222
-8290
-7960
-7002
-6333
-5549
-4271
-3160
-1985
-236
1391
2461
3327
3926
4271
4674
4848
4576
4316
4129
3694
3132
2320
1055
-107
-953
-1961
-3054
-3853
-4470
-4852
-4797
-4718
-4897
-4910
-4662
-4465
-4221
-3880
-3592
-3142
-2366
-1577
-948
-373
191
808
1570
2326
2875
3349
3809
4210
4604
4910
5039
5077
5155
5262
5435
5625
5683
5778
6041
6209
6242
6394
6518
6554
6740
6468
5179
3769
2789
1566
153
-1074
-2788
-4760
-5781
-6454
-7747
-8745
-8980
-9181
-8961
-8074
-7605
-7519
-6895
-6051
-5337
-4330
-3221
-2207
-763
966
2288
3320
4110
4423
4691
5027
4880
4450
4271
4077
3647
3204
2412
1037
-223
-1102
-2202
-3429
-4200
-4690
-5039
-4955
-4723
-4862
-4981
-4653
-4304
-4104
-3689
-3200
-2787
-2081
-1222
-691
-339
146
712
1415
2256
2940
3384
3838
4304
4674
4944
4967
4790
4715
4763
4903
5156
5277
5285
5481
5749
5906
6106
6230
6187
6310
6231
5201
3836
2846
1650
263
-868
-2428
-4380
-5530
-6185
-7328
-8301
-8610
-8888
-8866
-8126
-7598
-7534
-7029
-6256
-5570
-4540
-3313
-2245
-939
698
2051
3028
3781
4132
4318
4608
4568
4188
3937
3681
3258
2860
2221
951
-453
-1495
-2470
-3472
-4222
-4829
-5303
-5305
-5079
-5070
-5130
-4976
-4652
-4224
-3707
-3210
-2706
-2041
-1228
-474
73
480
964
1620
2405
3192
3826
4247
4660
5134
5464
5584
5520
5392
5357
5463
5661
5806
5791
5755
5807
5871
5927
5994
5952
5857
5896
5541
4350
3000
1860
533
-785
-1970
-3634
-5376
-6285
-6938
-7891
-8486
-8624
-8745
-8413
-7581
-7117
-6842
-6156
-5344
-4496
-3358
-2189
-1057
305
1716
2829
3580
3984
4180
4400
4479
4192
3799
3454
2956
2422
1881
940
-387
-1568
-2441
-3260
-4022
-4608
-5170
-5602
-5545
-5349
-5444
-5435
-5076
-4632
-4109
-3448
-2917
-2447
-1655
-746
-73
465
936
1397
2039
2758
3322
3779
4162
4499
4891
5194
5230
5168
5215
5251
5267
5380
5451
5361
5319
5402
5428
5414
5470
5523
5524
5535
5162
3953
2556
1548
430
-890
-2105
-3631
-5278
-6093
-6512
-7433
-8115
-8131
-8204
-8004
-7181
-6719
-6584
-5744
-4705
-3972
-2897
-1674
-753
462
1959
2898
3440
4003
4290
4424
4632
4371
3739
3387
3008
2316
1706
929
-351
-1477
-2140
-2927
-3753
-4184
-4675
-5269
-5312
-5105
-5206
-5114
-4629
-4262
-3873
-3189
-2645
-2260
-1531
-703
-154
419
1022
1423
1924
2556
2964
3269
3622
3911
4197
4545
4728
4757
4865
4942
4927
5014
5132
5118
5114
5250
5390
5451
5510
5574
5601
5652
5571
4790
3360
2083
1083
-106
-1412
-2788
-4427
-5779
-6317
-6865
-7832
-8380
-8415
-8355
-7831
-6959
-6509
-6074
-5075
-4009
-3094
-2039
-1033
-103
1145
2406
3151
3608
3942
4066
4164
4096
3565
2936
2501
1973
1291
619
-284
-1464
-2403
-3111
-3920
-4616
-4977
-5269
-5482
-5359
-5150
-5059
-4774
-4208
-3687
-3222
-2650
-2066
-1488
-764
13
613
1117
1636
2109
2534
2946
3321
3612
3891
4226
4534
4730
4845
4969
5060
5056
5000
4983
4992
4995
5012
5087
5142
5125
5187
5276
5248
5311
5284
4414
2982
1911
895
-444
-1557
-2723
-4396
-5504
-5742
-6460
-7480
-7735
-7807
-7916
-7155
-6200
-5975
-5449
-4281
-3426
-2679
-1619
-874
-189
1074
2218
2777
3254
3613
3661
3764
3679
3030
2395
1995
1400
763
192
-714
-1745
-2435
-3146
-4027
-4557
-4838
-5129
-5131
-4897
-4862
-4756
-4261
-3730
-3280
-2736
-2211
-1745
-1088
-364
175
638
1085
1448
1838
2247
2547
2857
3239
3528
3766
4043
4190
4274
4481
4588
4451
4324
4371
4413
4408
4470
4554
4535
4598
4851
4991
5003
5152
5112
4282
3078
2121
1059
-202
-1206
-2294
-3759
-4775
-5243
-6016
-6901
-7230
-7303
-7251
-6644
-5871
-5435
-4923
-4075
-3258
-2586
-1893
-1168
-327
664
1614
2369
2833
3055
3289
3449
3178
2657
2246
1778
1216
832
375
-437
-1193
-1716
-2444
-3293
-3809
-4132
-4396
-4297
-4098
-4186
-4162
-3737
-3281
-2904
-2412
-1985
-1632
-987
-293
53
320
688
975
1287
1702
1943
2125
2597
3101
3332
3515
3706
3806
3977
4195
4144
3916
3957
4200
4352
4420
4504
4586
4692
4955
5262
5363
5317
5346
5076
4132
2968
1907
621
-701
-1678
-2830
-4297
-5279
-5838
-6705
-7416
-7460
-7435
-7288
-6496
-5694
-5319
-4681
-3727
-3079
-2483
-1617
-827
-14
1090
2076
2673
3108
3381
3446
3391
3094
2542
2032
1549
1000
529
30
-732
-1482
-2046
-2772
-3562
-4032
-4307
-4484
-4353
-4121
-4093
-4034
-3743
-3412
-3076
-2677
-2279
-1862
-1351
-798
-339
-18
234
553
920
1199
1438
1793
2204
2639
3082
3374
3439
3540
3778
3916
3947
4007
4118
4319
4672
4968
5060
5141
5316
5513
5723
5883
5868
5800
5634
4988
3884
2690
1382
-4
-1150
-2262
-3661
-4842
-5531
-6296
-7050
-7281
-7321
-7342
-6816
-6031
-5611
-5092
-4161
-3418
-2841
-1954
-1102
-398
633
1736
2380
2839
3273
3407
3329
3166
2752
2196
1764
1321
806
316
-279
-965
-1531
-2157
-2951
-3525
-3815
-4050
-4098
-3911
-3863
-3915
-3715
-3424
-3295
-3110
-2775
-2529
-2237
-1736
-1287
-1043
-720
-255
98
376
743
1115
1432
1900
2459
2800
3003
3320
3681
3950
4206
4459
4640
4868
5197
5454
5531
5523
5574
5676
5741
5765
5791
5705
5475
5111
4379
3205
1945
859
-287
-1505
-2568
-3639
-4722
-5454
-5967
-6596
-7039
-6992
-6744
-6406
-5811
-5195
-4680
-3963
-3113
-2462
-1844
-1045
-197
688
1631
2373
2816
3173
3416
3383
3158
2801
2337
1918
1573
1145
663
193
-387
-1047
-1689
-2427
-3246
-3830
-4145
-4412
-4547
-4484
-4482
-4515
-4357
-4199
-4175
-4006
-3639
-3276
-2812
-2160
-1573
-1122
-581
-46
335
752
1286
1806
2327
2953
3532
3926
4200
4416
4601
4736
4840
4990
5149
5254
5394
5568
5568
5413
5339
5301
5166
5116
5144
4936
4602
4305
3658
2567
1469
413
-836
-1999
-2899
-3941
-5053
-5748
-6232
-6814
-7145
-7056
-6860
-6495
-5748
-4999
-4421
-3696
-2818
-2053
-1309
-401
505
1398
2404
3312
3854
4146
4321
4296
4043
3655
3169
2576
1955
1360
714
-83
-946
-1755
-2528
-3319
-4055
-4625
-5061
-5349
-5443
-5483
-5560
-5567
-5448
-5282
-5025
-4588
-4068
-3490
-2769
-1996
-1329
-713
-105
401
825
1294
1777
2217
2703
3241
3694
4053
4322
4452
4510
4586
4649
4696
4807
4913
4965
5045
5095
5001
4815
4696
4570
4439
4417
4399
4244
4032
3713
3036
2093
1112
68
-1045
-2002
-2884
-3886
-4771
-5352
-5862
-6359
-6568
-6523
-6347
-5882
-5143
-4417
-3711
-2828
-1880
-1000
-94
814
1663
2542
3409
4065
4455
4631
4640
4457
4061
3468
2721
1873
952
38
-888
-1921
-2928
-3720
-4428
-5136
-5645
-5931
-6158
-6208
-5999
-5837
-5747
-5412
-4902
-4448
-3873
-3131
-2470
-1814
-978
-199
360
937
1526
1908
2218
2569
2782
2874
3070
3269
3321
3353
3399
3378
3333
3320
3287
3232
3214
3247
3343
3453
3503
3536
3582
3572
3552
3613
3664
3672
3741
3776
3610
3302
2883
2192
1323
488
-394
-1426
-2361
-3103
-3852
-4492
-4869
-5156
-5386
-5288
-4913
-4483
-3870
-3031
-2194
-1362
-486
295
921
1549
2195
2722
3162
3525
3705
3684
3488
3040
2299
1378
394
-616
-1574
-2448
-3242
-3929
-4492
-4979
-5405
-5723
-5920
-5945
-5769
-5413
-4946
-4373
-3686
-2979
-2299
-1652
-1077
-572
-115
324
718
1075
1415
1717
1932
2055
2082
1985
1819
1646
1468
1276
1149
1104
1123
1197
1299
1408
1509
1632
1783
1979
2218
2480
2778
3101
3374
3581
3731
3794
3779
3755
3754
3718
3692
3689
3599
3393
3106
2648
1939
1145
361
-476
-1268
-1879
-2391
-2854
-3099
-3155
-3209
-3157
-2892
-2551
-2159
-1624
-1049
-593
-170
219
448
534
587
561
421
276
98
-205
-586
-1017
-1548
-2123
-2682
-3198
-3637
-3954
-4138
-4224
-4200
-4091
-3905
-3594
-3215
-2784
-2284
-1739
-1223
-730
-263
94
329
523
679
737
791
845
815
725
632
491
283
106
-38
-183
-272
-291
-300
-308
-248
-144
-32
150
403
697
1026
1398
1747
2055
2360
2615
2835
3086
3312
3517
3729
3907
3994
3993
3953
3846
3720
3665
3650
3616
3616
3601
3444
3166
2779
2206
1493
814
159
-496
-1054
-1496
-1926
-2327
-2609
-2885
-3152
-3296
-3310
-3296
-3202
-3022
-2872
-2758
-2651
-2569
-2539
-2476
-2348
-2192
-2013
-1814
-1639
-1519
-1466
-1452
-1455
-1467
-1453
-1351
-1186
-1010
-798
-573
-400
-297
-219
-167
-158
-123
-39
19
35
49
3
-144
-335
-523
-741
-960
-1088
-1157
-1208
-1199
-1141
-1111
-1072
-968
-848
-730
-530
-258
2
286
623
922
1165
1424
1678
1903
2158
2433
2688
2924
3136
3308
3418
3494
3548
3576
3608
3637
3652
3657
3609
3511
3376
3210
3028
2834
2646
2449
2230
1968
1618
1151
557
-113
-813
-1502
-2139
-2693
-3146
-3497
-3732
-3871
-3936
-3936
-3862
-3716
-3503
-3229
-2915
-2586
-2252
-1920
-1624
-1371
-1130
-917
-733
-558
-397
-280
-228
-222
-272
-372
-500
-624
-731
-805
-827
-823
-805
-789
-755
-741
-729
-707
-681
-636
-581
-508
-443
-414
-408
-411
-460
-516
-564
-586
-562
-510
-419
-326
-224
-122
-10
96
208
356
507
671
853
1025
1167
1294
1402
1481
1560
1648
1749
1871
2011
2142
2266
2354
2404
2447
2492
2534
2557
2565
2563
2524
2450
2355
2221
2052
1887
1745
1601
1443
1262
1028
717
316
-160
-662
-1151
-1610
-2014
-2336
-2588
-2749
-2829
-2865
-2878
-2831
-2721
-2561
-2349
-2101
-1853
-1613
-1375
-1159
-986
-836
-705
-587
-458
-337
-251
-195
-170
-187
-235
-312
-394
-460
-482
-487
-467
-417
-370
-322
-276
-220
-184
-150
-86
-11
71
150
211
244
249
248
239
222
197
182
161
147
142
127
105
72
35
0
-32
-49
-55
-61
-63
-59
-53
-71
-80
-84
-63
-4
79
192
344
526
720
926
1109
1285
1428
1553
1653
1717
1765
1783
1768
1755
1728
1682
1638
1579
1526
1453
1335
1162
953
710
409
79
-270
-617
-923
-1169
-1383
-1557
-1709
-1817
-1863
-1867
-1826
-1754
-1641
-1487
-1317
-1134
-969
-825
-683
-555
-431
-327
-237
-166
-107
-51
-9
5
-2
-5
9
37
72
109
147
192
223
245
242
232
220
200
181
162
144
122
98
71
25
-36
-103
-191
-302
-435
-578
-717
-863
-1005
-1124
-1229
-1330
-1401
-1432
-1448
-1442
-1418
-1368
-1291
-1183
-1049
-893
-707
-496
-248
37
344
652
957
1268
1565
1841
2082
2277
2428
2544
2635
2703
2727
2723
2706
2659
2575
2453
2294
2109
1897
1657
1390
1103
780
462
145
-164
-445
-716
-955
-1171
-1334
-1456
-1545
-1592
-1589
-1550
-1490
-1406
-1302
-1188
-1075
-953
-832
-714
-607
-516
-418
-348
-296
-246
-203
-167
-153
-143
-152
-153
-158
-170
-184
-220
-241
-251
-250
-251
-251
-244
-244
-230
-228
-240
-259
-298
-367
-447
-532
-631
-731
-832
-939
-1038
-1122
-1193
-1242
-1276
-1280
-1265
-1227
-1162
-1076
-968
-840
-693
-539
-356
-166
26
220
432
649
858
1067
1271
1459
1631
1792
1915
2011
2082
2113
2112
2075
2001
1905
1787
1641
1494
1346
1206
1068
939
817
700
594
479
356
239
124
1
-119
-218
-292
-355
-393
-423
-440
-437
-423
-393
-367
-347
-321
-297
-277
-257
-234
-226
-231
-237
-254
-285
-334
-394
-477
-588
-693
-796
-895
-992
-1066
-1109
-1126
-1113
-1074
-1013
-942
-856
-761
-662
-590
-534
-476
-421
-360
-299
-258
-205
-142
-82
-13
42
94
143
197
243
276
305
343
388
436
486
530
582
634
704
791
880
988
1092
1190
1287
1371
1433
1464
1465
1458
1415
1322
1196
988
724
458
190
-117
-417
-694
-957
-1142
-1257
-1334
-1383
-1364
-1310
-1226
-1124
-1015
-937
-862
-768
-705
-645
-576
-518
-469
-426
-390
-370
-369
-357
-342
-329
-304
-278
-228
-154
-83
-2
79
151
222
303
386
446
508
566
610
649
672
679
677
671
658
631
603
574
552
529
493
451
391
322
239
157
73
-9
-80
-153
-247
-343
-429
-527
-639
-749
-861
-971
-1049
-1091
-1112
-1099
-1051
-968
-867
-746
-603
-454
-301
-160
-19
123
221
303
367
399
404
396
371
326
280
226
170
126
99
76
70
70
87
124
180
255
338
420
507
605
681
740
786
803
813
798
760
706
631
547
450
344
219
80
-72
-195
-313
-415
-496
-571
-606
-602
-572
-519
-450
-373
-273
-158
-47
57
155
232
289
334
355
341
318
293
252
208
166
125
78
26
-23
-77
-136
-190
-240
-285
-332
-356
-359
-354
-340
-338
-331
-315
-295
-269
-229
-190
-142
-84
-29
36
95
149
181
202
221
222
210
189
176
159
146
133
134
134
146
159
172
201
231
260
300
345
364
377
384
380
377
365
337
298
259
227
188
151
94
28
-40
-114
-194
-284
-357
-450
-520
-576
-637
-694
-756
-787
-818
-853
-877
-897
-890
-868
-823
-761
-701
-624
-527
-432
-334
-246
-169
-91
-10
66
122
162
203
236
255
261
269
269
273
277
285
287
294
304
317
345
360
386
409
431
455
478
494
500
504
500
492
461
433
391
356
327
299
262
225
208
186
175
157
141
135
128
116
104
111
114
111
117
118
114
118
124
131
127
117
98
81
61
35
8
-38
-85
-139
-178
-218
-272
-323
-358
-403
-455
-477
-515
-553
-574
-595
-613
-635
-643
-646
-648
-640
-638
-636
-635
-626
-605
-579
-551
-525
-486
-452
-404
-348
-301
-254
-195
-133
-71
-2
60
114
172
244
299
354
409
456
498
543
588
619
645
663
674
687
700
711
705
691
678
657
640
626
601
576
554
522
486
446
420
381
334
297
266
234
202
160
118
77
47
22
0
-30
-60
-89
-123
-149
-176
-205
-232
-263
-286
-299
-318
-339
-355
-380
-396
-405
-421
-440
-451
-458
-468
-473
-471
-476
-488
-493
-497
-497
-502
-494
-481
-472
-449
-436
-422
-406
-394
-371
-336
-312
-289
-263
-233
-198
-167
-133
-97
-61
-21
19
61
108
149
196
242
278
324
372
412
454
489
510
538
571
591
615
635
649
659
654
647
635
628
621
594
562
522
489
459
419
373
322
271
224
173
111
51
-2
-55
-114
-159
-200
-243
-276
-305
-335
-358
-370
-385
-403
-418
-436
-449
-454
-455
-453
-455
-444
-436
-412
-380
-358
-326
-294
-270
-242
-218
-188
-157
-128
-97
-70
-43
-25
-6
21
39
51
61
68
75
85
104
109
107
115
118
121
121
120
121
128
133
133
135
138
145
142
137
133
122
117
117
107
95
85
84
81
74
63
46
39
35
31
20
12
5
-4
-7
-18
-31
-46
-46
-51
-52
-53
-65
-77
-73
-75
-80
-87
-87
-80
-68
-60
-70
-66
-60
-60
-54
-44
-38
-36
-26
-14
-4
-1
-1
11
27
41
49
59
70
67
84
92
96
104
109
111
111
113
116
121
117
117
105
97
91
78
72
63
49
38
25
13
2
0
-11
-27
-41
-46
-50
-65
-75
-84
-89
-91
-96
-100
-109
-115
-114
-110
-111
-107
-110
-111
-103
-96
-82
-81
-73
-65
-57
-45
-36
-24
-11
-4
6
11
11
20
30
42
44
47
55
59
61
63
62
56
61
70
70
69
72
66
67
77
76
77
77
74
67
73
77
68
63
54
48
45
40
28
15
7
3
-4
-14
-24
-33
-38
-41
-43
-45
-49
-54
-58
-62
-61
-61
-61
-65
-66
-64
-65
-70
-72
-71
-68
-69
-68
-64
-65
-61
-55
-50
-46
-44
-45
-41
-36
-29
-22
-21
-20
-10
-3
3
17
16
16
24
39
50
49
55
55
50
50
56
57
53
60
64
61
52
44
45
40
30
29
24
19
18
19
16
11
7
3
0
-7
-9
-8
-18
-21
-19
-23
-22
-20
-23
-23
-24
-24
-27
-24
-20
-18
-15
-24
-33
-30
-34
-41
-34
-30
-34
-34
-36
-42
-42
-41
-43
-46
-43
-39
-37
-27
-19
-18
-14
-6
-1
8
14
14
17
26
28
33
38
38
37
36
40
39
38
38
35
29
25
27
23
16
12
11
15
13
8
10
11
15
19
22
21
26
23
20
16
17
15
14
16
11
11
6
8
4
0
3
3
5
8
9
10
11
13
15
10
11
16
16
13
8
5
9
10
4
-2
-10
-8
-6
-8
-13
-25
-27
-24
-22
-20
-26
-28
-29
-24
-20
-24
-24
-18
-13
-11
-6
-9
-9
-11
-5
-4
-8
-7
-10
-5
-3
-1
2
3
11
18
20
16
19
20
23
25
26
25
21
22
20
19
20
23
22
23
20
17
18
11
10
11
8
4
-1
-3
-5
-5
-10
-16
-18
-17
-15
-16
-13
-10
-15
-13
-11
-13
-17
-17
-11
-12
-5
-2
-7
-12
-9
-12
-10
-2
-4
-10
-14
-15
-17
-21
-20
-17
-15
-18
-15
-11
-12
-10
-9
-11
-9
-7
-7
-4
1
1
4
8
7
14
21
21
21
24
25
24
22
22
25
22
19
15
14
11
10
6
6
5
-1
4
4
-3
-1
-1
-1
0
-4
-5
-8
-6
-4
-4
-1
-2
-5
-6
-10
-14
-13
-11
-13
-16
-15
-16
-16
-14
-6
-4
-5
1
-1
0
2
3
4
8
10
12
13
11
10
12
12
11
13
9
3
8
10
7
4
4
4
4
4
7
6
2
2
-2
-2
-4
-9
-9
-13
-11
-7
-9
-10
-7
-7
-6
-5
-5
-5
-6
4
6
6
7
7
8
7
10
9
10
9
10
14
12
12
10
6
5
1
0
1
2
3
0
0
1
1
0
-1
0
1
2
3
2
-1
-2
-3
-1
3
4
3
1
-1
0
1
3
-1
-8
-10
-9
-7
-9
-11
-13
-14
-11
-7
-9
-13
-15
-15
-11
-10
-12
-12
-13
-10
-9
-12
-14
-14
-13
-15
-16
-13
-15
-15
-11
-9
-8
-9
-7
-4
-1
3
2
4
9
13
15
14
