SAMPLES:	9763
BITSPERSAMPLE:	16
CHANNELS:	1
SAMPLERATE:	16000
NORMALIZED:	FALSE
8
22
6
-9
-15
-11
4
6
1
1
11
9
-2
-5
3
10
9
-7
-22
-8
10
19
9
0
0
-4
-1
-11
-17
-17
-1
12
11
-4
-20
-11
-6
-9
-15
-18
-21
-13
-10
-3
5
8
21
19
0
-11
-1
6
-12
-17
-12
12
18
22
12
2
11
5
4
-3
-4
-5
-12
-21
-7
12
27
26
9
-5
-11
-15
-17
1
9
-1
-21
-5
10
17
-3
-22
-23
8
21
14
-10
9
8
-4
-12
-15
3
13
-3
-21
9
24
34
-11
-40
-26
0
23
29
-12
2
29
12
-7
-34
-10
-3
2
9
10
38
21
-1
-10
0
27
16
-9
-18
1
17
4
-15
-49
4
19
25
-13
-52
-34
11
17
19
-15
-6
13
43
22
-43
5
6
15
-22
-12
9
23
3
-17
-4
-4
4
-7
-5
20
0
14
-24
-26
-11
11
18
-47
-48
-29
20
19
-5
4
-8
15
-3
-53
-33
40
75
13
-51
-6
19
-9
-40
-17
13
61
51
-4
-38
-54
27
41
2
-36
2
33
66
0
-9
4
-7
37
-2
-16
-21
21
48
45
-28
-50
-12
8
-24
-44
26
56
15
-69
-68
-6
30
-30
2
58
115
27
-65
-88
8
2
-11
7
13
123
41
-43
-99
-13
72
19
20
-19
-5
29
-29
-59
-55
30
72
23
-11
-11
-4
-24
-12
-35
16
29
25
-24
-45
-18
-7
23
5
-45
-26
2
60
12
14
-23
-58
65
47
-35
-104
-46
149
52
6
-99
-51
119
11
9
-110
-3
56
-51
-53
-47
74
66
-30
23
-18
71
-30
-84
11
48
38
-35
-19
10
2
12
-1
22
14
-50
-42
-15
111
41
-75
-89
24
128
-38
-129
-69
16
97
-11
-27
13
66
-47
-42
-7
-19
-14
-18
-49
68
71
41
-58
-35
27
-35
-28
-22
75
-11
7
-17
25
-18
53
34
-39
-56
-7
107
-30
4
-37
-44
51
48
17
-29
29
-8
53
-10
-52
-69
104
-13
-7
-34
89
116
-96
-38
24
85
-96
-18
-1
96
-118
-35
51
142
-21
-136
-38
131
41
-128
-47
22
115
22
-79
-78
145
11
-29
-107
45
96
-8
-56
-58
53
26
59
-108
16
59
91
-112
-62
12
128
-78
-21
29
15
85
-189
79
21
-34
-46
74
18
-69
-40
111
29
-65
-60
40
95
-147
56
-79
124
-68
-129
65
70
37
-88
-94
178
-6
-40
-133
-18
81
7
29
-168
98
-8
46
-25
-41
52
27
61
-104
-71
86
19
40
-60
50
30
-30
93
-89
-50
13
46
1
54
-99
-4
78
-60
-35
25
142
-227
68
-26
251
-217
-177
212
67
-38
-140
-90
269
-175
-55
27
84
106
-204
120
34
46
-108
-94
132
-108
14
113
-83
125
-152
163
-122
14
138
-185
109
-121
148
-70
-4
59
-117
188
-42
12
-161
131
41
-139
83
-10
30
-87
93
77
-145
-1
86
23
-72
-31
98
-188
177
-55
-1
-16
140
10
-177
126
-65
75
-89
99
-94
-43
152
-36
-89
-31
90
52
-145
4
-6
156
-126
-32
34
45
-1
24
8
-136
118
65
-201
162
-108
59
92
-99
90
-83
71
30
-50
4
-27
30
-66
129
-126
-31
177
-171
90
89
-163
91
-118
152
-15
-132
89
-50
61
-87
167
-252
131
9
-4
-96
35
30
23
-22
-75
169
-228
106
38
40
-197
184
-65
141
-71
-123
181
-94
-59
111
-20
-113
187
-174
70
135
-125
-48
-27
86
147
-296
0
94
47
75
-245
64
148
-34
-53
79
-223
209
-116
36
23
-51
-21
197
-106
-63
95
-294
293
-151
-86
98
5
-1
-39
-115
157
-30
-99
196
-258
216
16
-112
129
-187
169
12
50
-151
67
-81
267
-232
112
-76
71
3
-15
-2
-31
-155
154
90
-134
-61
64
22
80
-73
-71
145
-61
86
-299
277
9
-105
-95
215
-63
93
-100
92
-99
28
54
-69
-21
58
39
-146
199
-30
-77
69
-113
227
-94
-43
66
-66
151
-109
-5
-48
-3
2
104
-244
311
-110
-109
309
-324
194
-207
133
-81
1
26
146
-304
371
-240
150
-33
-140
194
-256
194
40
-129
50
-191
312
-105
-81
113
-199
170
-48
32
-88
-70
232
-78
-101
18
-46
172
-245
222
-162
179
-236
175
-55
-4
-67
48
-114
252
-327
319
-293
217
-80
28
-8
-60
-148
226
-104
41
-47
66
308
-254
27
-178
203
-94
-53
-112
139
23
125
-181
22
65
31
47
-217
372
-455
395
-387
332
-283
71
6
49
34
-97
87
21
-7
-85
-41
-15
-61
112
76
-232
265
-192
159
-109
126
-286
104
62
109
-190
146
-111
201
-25
-195
170
-161
279
-325
255
-245
318
-191
88
-42
29
76
-81
33
63
-132
126
-163
325
-468
232
-269
281
-20
-91
306
-375
413
-347
341
-350
317
-336
308
30
-132
84
-212
399
-430
249
-202
91
83
-140
381
-369
220
-382
421
-253
-195
359
-446
626
-498
432
-305
108
143
-391
592
-914
868
-704
626
-581
407
-105
60
157
-509
534
-366
319
-390
369
-296
12
147
-130
251
-257
374
-307
117
-8
-82
144
-389
386
-338
498
-473
391
-380
182
-128
131
-137
-102
260
-316
476
-621
494
-366
483
-561
431
-164
165
-244
-44
207
-166
193
-320
415
-188
329
-465
222
-217
306
-274
-89
279
-5
93
-353
311
-100
234
-310
122
-96
28
85
-148
157
-301
453
-285
255
-339
416
-428
477
-521
262
-346
326
-54
-55
-125
19
301
-263
22
-30
167
-22
58
-38
-116
-15
12
-72
124
-116
198
-115
236
-196
56
-134
139
-55
-67
190
-10
179
-226
87
-141
112
-148
-68
194
-45
147
-219
227
-183
165
-254
146
-124
242
-118
30
-7
-99
98
-180
272
-367
558
-463
425
-388
259
-207
141
-277
224
-158
217
-197
47
61
40
-18
48
-101
-2
-70
124
-139
-60
-21
329
-142
166
-59
-156
-19
156
-185
57
108
48
-140
245
-119
-2
-269
8
161
-83
81
-101
233
-372
473
-428
234
-192
21
-80
298
-134
-115
83
133
124
-187
13
-62
-58
245
-305
184
-149
323
-211
196
-174
60
-64
-101
296
-383
301
-221
348
-348
435
-356
228
-203
149
-72
-133
215
-463
500
-397
455
-479
455
-451
512
-483
367
-367
297
-211
233
-162
-29
173
-44
15
-307
422
-357
187
-146
93
172
-2
-200
98
76
-27
-226
-139
202
-90
1
130
-189
364
-100
104
-240
194
-192
48
-56
-1
-50
188
70
-205
537
-403
141
-253
335
-359
22
-223
328
-61
-202
173
7
143
-255
4
94
157
-79
-112
109
-115
134
-20
-144
-122
156
38
-65
294
-368
179
-87
367
-435
64
-26
250
-160
-59
276
-240
129
-206
158
-246
116
-9
395
-82
-102
-111
257
79
-333
-142
-192
553
-237
177
-107
109
148
17
-287
-187
31
84
173
-280
418
-180
279
-211
-243
263
-372
314
-474
662
-203
195
-454
411
8
-94
-79
-52
60
193
-312
-68
225
-40
-46
192
-30
-70
-133
-134
70
82
-171
-425
538
132
153
-350
473
-241
164
-225
-149
3
-72
96
-140
317
119
-19
-300
326
-64
24
-181
-25
50
-160
74
-135
409
-577
598
-196
109
-122
-28
202
-266
198
-285
80
-178
146
-28
205
-520
448
-159
406
-438
111
25
34
88
-310
-66
234
62
-137
-121
248
184
-329
290
-294
283
-251
236
-178
216
8
-378
114
86
86
-237
213
-188
270
33
-159
197
-24
-143
-180
452
-405
152
-275
402
-380
333
-296
346
-206
-16
80
-151
268
-381
19
-196
340
39
-156
149
207
-86
-202
180
-271
146
-248
199
102
-99
18
132
-69
141
178
-347
171
-90
14
-128
-87
130
-105
282
14
242
-446
236
4
-384
-44
30
341
-401
250
-29
322
-355
319
-173
-46
-172
0
54
-42
10
-42
217
-71
42
-236
139
58
186
-453
275
176
-81
-107
262
-311
-8
318
-91
-140
51
-6
-22
71
116
-280
244
134
-428
335
-278
3
-204
426
-186
303
-382
179
-224
280
34
-309
-56
192
283
-194
121
-177
22
-65
458
-603
331
-187
162
-92
322
91
-265
59
56
-218
136
-9
-458
465
-116
142
-62
74
-371
274
1
-285
179
-263
277
-81
348
-357
205
-274
-135
156
-115
-109
44
334
252
-201
-261
65
95
-225
-138
177
-426
671
-253
-71
288
-312
173
-56
218
-393
154
66
333
-324
45
-35
84
18
126
-39
-115
145
-28
191
-381
-201
22
426
-478
-28
231
150
-105
-22
-57
143
-298
243
-38
74
-387
270
179
-31
-181
-218
317
-90
35
-204
10
-125
388
-202
89
-282
236
-7
48
-286
132
140
-152
48
166
373
-81
-172
202
100
180
-127
-569
-120
579
46
-787
470
7
362
248
-228
-364
295
-14
-357
237
-530
-251
574
-247
-243
814
-110
171
21
34
166
-524
-324
-362
508
-120
262
-588
738
350
-306
152
-196
-179
157
34
-819
380
197
566
-306
348
-236
265
142
-840
49
-155
41
371
311
-198
-44
245
-35
-98
-487
108
32
-188
212
-168
477
-170
223
-263
-3
250
-21
14
-143
207
-342
46
-340
-4
39
89
-110
633
-221
-101
171
-631
-274
495
-141
-317
322
392
7
-5
153
-236
268
-600
-97
-192
51
310
-11
110
332
-335
641
-194
-268
11
-235
253
226
-219
-41
409
-170
-272
105
-161
-131
-50
203
26
169
-490
368
151
-460
-116
493
-284
-346
466
-371
128
-283
168
56
354
-158
215
-179
163
-165
-207
-173
-56
422
33
-232
303
227
-190
-215
223
-285
-207
-184
423
2
-209
24
679
-344
106
269
-353
249
-95
-366
-108
134
-259
506
-12
140
498
-103
-494
316
-238
-686
526
-168
143
-118
301
-318
638
-180
-250
-214
307
260
-423
-430
798
216
-342
323
-80
24
198
-615
139
268
-564
351
3
278
-482
575
-308
-109
40
-123
-265
50
-298
-2
358
323
195
-3
-19
158
-24
-229
-395
-183
611
-178
-341
333
260
-449
51
209
-196
-247
376
-333
60
-253
128
228
-322
37
390
-68
-295
400
29
-577
-162
-221
-84
474
144
-726
1068
671
-850
247
-321
-19
-228
439
-340
224
156
67
377
-404
141
-285
194
-530
151
-261
435
-43
91
211
5
-328
30
188
-487
482
269
-312
617
-214
-603
604
-227
-550
210
-389
-133
586
-566
-104
733
-511
240
530
-363
-38
388
-675
-256
635
-28
-661
147
973
-541
335
-220
-44
14
182
91
-463
-62
-123
707
-490
-134
-171
34
259
-249
-133
286
72
233
-164
-617
633
172
166
-466
-50
344
5
19
-437
221
80
215
44
-414
644
-294
3
121
-309
303
-176
363
222
-462
331
-68
-190
218
267
-594
-164
291
-425
-94
325
386
283
-453
79
252
-1098
371
-349
231
-314
36
525
-497
456
-98
-165
397
-296
147
-192
-6
236
-49
361
-203
432
-337
103
55
-423
-246
796
27
-405
678
66
-73
84
-13
61
-308
-691
112
13
264
-80
-482
749
398
-127
-145
-224
285
-262
-453
285
105
-313
78
121
260
-450
-223
337
-416
-85
103
-244
-31
621
147
-600
423
183
-50
-278
-282
-29
100
-10
-97
-65
10
-428
545
-463
-320
149
79
5
5
-333
-520
336
114
-8
-141
366
178
637
-171
-160
643
-149
180
-198
-107
-167
285
281
291
-170
-84
488
-232
21
212
93
-473
240
-228
-226
227
70
-245
-11
210
-99
-566
-362
190
-159
-11
49
678
26
65
207
-396
11
-376
-220
-276
-458
-490
100
110
-70
79
558
-131
-258
263
-17
231
6
127
110
175
557
180
230
165
215
351
-157
-244
72
-585
324
1
-157
-136
246
440
-28
-56
-119
-206
-296
-153
-239
-111
170
-64
95
97
135
-117
206
42
208
-117
562
612
-427
691
591
-329
-356
170
390
-624
120
313
-516
-206
215
270
-876
11
164
-81
24
18
-558
-190
53
364
-472
-537
-12
-274
-170
-266
-28
-845
-159
358
-140
-547
-109
240
-27
-236
-181
-337
-239
249
669
11
-315
380
248
111
230
-315
28
785
774
704
518
524
244
546
434
-151
-35
572
520
-161
84
289
-131
-133
-273
-623
-403
-224
-266
-685
-513
-356
-584
-644
-628
-952
-628
-493
-605
-768
-815
-470
-836
-269
-377
-267
-198
50
207
391
599
501
870
1077
906
853
1475
1499
1640
1916
2425
1999
1773
1867
1467
1551
1199
1264
891
769
264
51
-594
-508
-831
-935
-1359
-1854
-2516
-3070
-3041
-3362
-3575
-3753
-3478
-3635
-3253
-3047
-2764
-2555
-2106
-1686
-1496
-977
-416
182
749
1524
1709
2179
2745
2836
3042
3328
3581
3971
4553
4741
4830
4950
5163
5312
4948
3993
3327
2362
1314
597
342
424
-89
-735
-1795
-2657
-3447
-3653
-4011
-4133
-4583
-4615
-5079
-5754
-5938
-6129
-5436
-4365
-3341
-3371
-3177
-2928
-2147
-1733
-832
-390
-250
412
737
783
544
1061
1982
2774
3313
3166
2825
3269
3564
4171
4577
5255
5765
6491
6811
6683
6042
5521
4802
3484
1389
204
1020
1923
1274
-617
-2238
-3425
-4132
-4201
-4685
-5380
-5084
-4169
-4655
-6031
-7040
-6567
-5397
-3361
-2008
-3004
-3890
-3329
-2805
-3025
-1912
-192
84
-719
-1044
-1487
-981
620
1965
1182
1252
2153
1950
1714
2184
2919
3796
5801
6982
6147
6158
7649
8925
9255
8971
6789
4124
2372
700
294
2103
3499
972
-1682
-3385
-5225
-6784
-5702
-5404
-6256
-5328
-4735
-7121
-9308
-7833
-6025
-4558
-2134
-1844
-4008
-4408
-2761
-2502
-1724
321
526
-899
-733
-452
-1487
-280
2285
2583
1097
1833
1542
959
2551
4391
4135
4688
6652
6480
6361
7550
8990
9115
9033
7483
3869
466
-790
448
3019
3997
879
-2573
-4728
-5687
-6165
-5329
-5184
-5626
-4995
-4518
-6837
-9009
-7575
-4732
-2061
-349
-697
-3447
-4397
-2821
-2022
-2440
-1442
49
74
-209
-692
-1688
-1528
789
2114
1159
118
785
1553
2675
3739
3638
4166
5877
7851
7907
8194
9218
9224
7771
6115
3326
-328
-732
2796
4646
2107
-1218
-3884
-5667
-6098
-4708
-5041
-6565
-5724
-4150
-5433
-7551
-7187
-5353
-2810
261
602
-2064
-3540
-2097
-849
-918
-295
61
-658
-747
-289
-1274
-2489
-1571
-52
540
156
-332
-642
490
2764
3554
2769
3035
4623
6375
7811
8699
8956
8551
8467
6674
3585
-34
-1167
1640
5086
3836
-1322
-5168
-5702
-5229
-4289
-3975
-5801
-6642
-4849
-3769
-6510
-7693
-5588
-2485
-77
1112
-734
-3674
-3026
-698
-389
-1579
-1505
-612
218
387
-603
-2526
-1794
572
1196
-359
-1138
-217
1697
3180
3010
2257
3339
6411
8136
7894
7654
8036
7907
6825
4577
1084
-1715
-480
3158
3921
336
-3448
-5001
-5185
-4593
-3813
-4797
-6543
-5352
-3158
-4117
-6006
-5124
-2820
-409
1672
1197
-1629
-2495
-667
212
-761
-1470
-1918
-1327
450
595
-1885
-3496
-1783
-165
-292
-899
-1481
-300
2010
3498
2017
1441
4072
6983
8436
8309
8113
7641
7656
6680
3879
-436
-2023
270
3987
3291
-1486
-5290
-5794
-4685
-3848
-3674
-5910
-6814
-4638
-2635
-4369
-6122
-4542
-1732
877
2269
748
-1778
-1601
905
1280
-314
-1038
-592
-1
163
-867
-2802
-2993
-1283
-239
-979
-1860
-1473
284
2049
2161
1728
2425
4697
6767
7214
7081
7630
8698
7972
6062
2863
-722
-2517
453
4233
2378
-3136
-5800
-5362
-5286
-4372
-4046
-5996
-6806
-3697
-2172
-5055
-6246
-3624
-740
1303
2579
602
-2140
-730
2153
1614
270
594
172
-1263
-1080
-653
-1352
-689
80
-1253
-2627
-1433
97
594
1165
1632
1611
3011
5266
5466
5614
7355
9156
8222
6400
4399
1299
-1927
-2041
952
2957
1074
-3445
-6213
-6093
-4763
-3769
-4238
-6014
-6102
-3670
-2579
-4410
-5247
-2813
255
2122
2132
375
-756
1307
3046
2056
315
-406
-850
-369
865
-424
-2843
-3093
-1744
-1717
-1713
-1393
-1257
-368
1295
1319
716
1917
4598
5780
6526
7217
7291
8227
7947
6698
3289
435
-2529
-952
2933
3069
-2184
-5852
-5363
-5508
-5252
-4388
-5344
-6998
-4280
-1789
-3846
-6452
-4073
-897
1057
2449
1736
-707
-751
2309
2259
315
-659
442
185
-472
-1010
-1860
-1281
-430
-544
-2354
-2473
-511
1069
1309
585
789
2490
5079
6390
5965
6222
7961
9510
7632
4951
1729
-1033
-2563
559
3668
947
-4306
-6306
-5048
-4975
-4256
-4391
-6219
-6860
-3362
-1901
-4439
-5529
-2543
305
1965
2575
928
-421
1509
3765
1898
-188
-511
-438
-506
1238
586
-2697
-3899
-2120
-1358
-1657
-1071
-1246
-1024
642
1776
755
1217
4017
6049
6283
6921
7255
7556
7706
7059
3977
-243
-2851
-1857
2156
2778
-1851
-6339
-6371
-5168
-4942
-4515
-5422
-6583
-4909
-1933
-2916
-5460
-4190
-541
1789
2990
2550
234
-277
1977
2879
631
-401
425
788
-254
-1132
-1544
-1569
-696
-760
-2071
-2658
-1193
638
603
3
463
2418
4726
5648
5316
5495
7442
9055
8127
5415
2458
-686
-2779
-1311
2305
1951
-2597
-5948
-5870
-5356
-4787
-4168
-5320
-6424
-4509
-2116
-3281
-4805
-3336
-155
1897
2930
2258
513
978
3265
3096
758
-299
-478
-635
37
1208
-415
-2983
-3518
-2484
-2329
-1995
-991
-695
-443
679
1356
1691
3145
4942
5739
5889
7039
7612
8520
7833
6172
2440
-946
-2896
-1155
2303
1611
-3155
-6819
-6486
-6084
-5492
-4838
-5249
-6224
-4389
-2654
-3857
-5198
-3089
291
2077
2807
1889
472
1153
3470
2859
661
-860
-835
-718
506
929
-727
-2412
-2226
-1130
-1208
-695
-633
-399
143
1518
1957
2090
3419
5020
6274
6961
7885
7870
7360
5586
2474
-1905
-3911
-1306
2544
1565
-3663
-7052
-6647
-4969
-4081
-4251
-6012
-6561
-4459
-2286
-3435
-4653
-2974
559
2862
3324
1829
542
1638
3739
3101
332
-847
-731
360
1121
795
-2107
-3892
-3175
-1646
-938
-1025
-1368
-1731
11
1971
2385
1955
2704
4426
5944
7064
6788
7046
8092
7702
5101
843
-2826
-3934
475
3658
313
-6387
-8401
-6360
-5141
-3943
-4290
-6401
-7137
-3711
-2113
-3928
-4375
-1461
1348
2631
2991
1657
679
2030
3301
1432
-1048
-1158
400
1511
1036
-1134
-2858
-2043
-184
-89
-1534
-2097
-963
961
2012
1360
983
2518
5258
6444
6372
6101
7156
8327
7585
4472
-2
-3242
-3264
694
3073
-252
-6134
-7725
-5850
-4341
-3879
-4612
-6609
-7004
-4100
-2430
-3770
-4138
-1317
1454
2703
2616
1536
940
2752
3852
1932
-786
-1409
-294
1547
2465
-599
-4138
-4161
-614
947
-274
-2323
-2820
-344
2412
2729
531
695
3467
6403
6866
5888
5709
7411
8624
6489
1713
-3066
-4155
-463
4030
2171
-4633
-8514
-6487
-3721
-2810
-3810
-6074
-7308
-4825
-1923
-2680
-4335
-2961
218
2124
2715
1784
1007
1374
3090
2301
-368
-1387
988
2791
1355
-1544
-3326
-2465
-678
181
-1526
-2886
-2155
254
1150
583
105
1173
3474
5295
5132
4636
5713
7792
8029
5624
2981
-40
-2396
-2198
1929
3116
-1260
-6232
-6634
-4605
-3388
-2488
-4028
-6577
-6656
-2873
-1441
-2845
-3261
-1040
1115
2392
2575
1355
1129
2686
3644
1114
-1046
-1609
-679
444
1735
-361
-3873
-4323
-1479
439
-359
-1763
-2751
-1212
1581
2803
1302
633
2455
5150
6655
6233
5677
6549
7075
5168
1169
-2747
-3583
667
4693
1820
-5150
-7565
-4913
-2548
-1804
-2924
-5928
-7223
-3840
-710
-1796
-3349
-2208
40
1784
2807
2209
678
997
2008
1323
-297
-538
515
704
-109
-1633
-1941
-1446
-484
-657
-1622
-1922
-1199
227
457
288
394
1746
3372
4468
4621
4687
5522
6867
6526
4182
643
-2124
-2699
431
3360
1330
-4207
-6592
-4389
-2136
-1410
-2804
-5259
-6460
-3726
-781
-1159
-2804
-2229
-38
1725
2672
2208
1055
930
1835
1552
-131
-975
244
1648
1033
-1186
-2639
-2314
-959
-454
-1266
-2207
-1620
-181
531
163
251
1172
2798
3882
4115
3949
4551
6177
6310
4555
1658
-786
-2517
-859
2810
2751
-2476
-6363
-4957
-2789
-1802
-2094
-3867
-6253
-4776
-941
-296
-2327
-2773
-947
738
2309
2594
1298
723
1952
2679
997
-383
-832
-956
-461
576
94
-1863
-2306
-1365
-523
-720
-831
-1083
-881
332
1411
1394
1084
2044
3484
4911
5661
6002
5389
4157
2085
-825
-2938
-1175
2727
2700
-1906
-5666
-5084
-2776
-834
-965
-3706
-6158
-4693
-1173
-405
-1952
-2621
-1496
371
2224
2708
1619
831
1076
1301
557
-322
-327
908
1380
21
-1810
-2190
-1075
-283
-336
-1410
-1749
-749
728
1044
503
412
1231
2785
3737
3778
3518
4427
5632
4779
2351
-583
-2288
-1751
1892
3257
-584
-5378
-5543
-2664
-1097
-1034
-2992
-5403
-5321
-1612
401
-1256
-2947
-2347
-328
1685
2863
1829
361
680
1878
1686
189
-346
-483
-426
-231
73
-788
-1695
-1137
-186
-51
-707
-516
-250
478
1381
1593
1066
1237
2674
3976
4749
5163
4976
3878
2228
-352
-2685
-1741
2022
2782
-1200
-5188
-5192
-3021
-804
-441
-3030
-6026
-5163
-1515
-214
-1526
-2853
-2389
-744
1714
2685
1575
457
728
1344
1048
396
-197
210
1047
887
-504
-1346
-764
124
432
-269
-1088
-812
615
1336
891
417
537
1862
3187
4107
3645
3961
3988
3759
1748
-858
-2780
-1275
2355
2445
-1482
-5290
-4566
-2417
-236
-553
-3057
-5733
-4489
-1084
-18
-1402
-2892
-2318
-755
1678
2356
1386
68
373
1125
1027
395
-406
-15
950
1359
109
-1446
-1560
-460
542
134
-584
-731
200
1016
1434
1040
679
1351
2674
3576
3459
3815
4033
3644
2332
344
-1875
-1874
1149
2708
-68
-4059
-4841
-3318
-1252
-248
-1880
-5001
-5420
-2423
-313
-917
-2345
-2807
-1797
535
2270
1657
292
160
1114
1483
1232
505
-213
-229
462
768
-197
-977
-950
-48
261
189
-256
-223
349
1091
1365
832
983
1673
3017
3701
4146
4008
3652
2673
562
-1553
-1458
1321
2382
66
-3356
-4284
-3137
-1096
-124
-1936
-4740
-5033
-2495
-794
-1105
-2411
-3013
-2187
177
1897
1505
355
11
635
1180
1215
355
-352
-198
826
1335
543
-733
-1169
-400
377
590
131
-278
-181
439
1084
1023
929
1271
2295
3066
3554
3932
3835
2845
1039
-713
-1385
284
2326
1665
-1728
-3943
-3304
-1508
-166
-696
-3130
-5063
-3778
-1368
-821
-1922
-2909
-2906
-1438
828
1667
711
-189
-76
474
765
741
166
-281
55
542
503
-96
-316
-249
365
718
768
313
324
687
1076
1267
1142
1454
1940
2986
3376
3819
3540
2912
1384
-409
-1362
-271
1752
1211
-1443
-3628
-3225
-1903
-403
-739
-2995
-4902
-3839
-1518
-937
-1768
-2965
-3061
-1726
747
1615
744
-413
-396
387
1173
1310
485
-245
-295
62
246
494
653
480
104
-30
281
871
1259
1008
389
384
863
1810
2318
2546
2337
2877
3557
3578
2248
164
-1238
-969
960
1541
-48
-2532
-3259
-2430
-816
-242
-1757
-3843
-4102
-2378
-1180
-1222
-2344
-3068
-2494
-443
997
903
-6
-523
-192
619
1271
740
-19
-263
24
497
1117
1186
346
-107
104
601
781
944
617
80
54
462
965
1431
2045
1979
1982
2278
2765
2391
1483
283
-861
-950
314
1312
128
-1677
-2272
-1505
-774
-396
-1218
-2847
-3305
-2100
-1016
-1276
-1844
-2220
-1859
-525
916
914
44
-402
-288
75
660
726
-131
-595
-239
490
1087
1495
739
-330
-495
356
1065
1285
742
-275
-707
-23
1063
1550
1536
926
781
1455
2355
2136
1363
213
-956
-1298
-148
1082
684
-610
-1569
-1566
-1016
-105
-262
-1354
-2178
-1766
-1060
-733
-751
-1139
-1312
-691
441
794
572
149
-215
-317
126
549
257
23
172
593
532
347
158
207
356
466
200
-248
-378
-379
-391
-451
-126
174
502
655
713
458
335
588
1007
973
542
-140
-783
-814
165
1279
1157
-100
-1128
-1024
-225
649
515
-682
-1582
-1017
88
580
224
-472
-884
-289
713
885
163
-398
-349
-75
341
349
-13
-71
582
709
302
-87
-99
89
356
118
-824
-1399
-1100
-454
-247
-532
-1034
-977
-329
138
-84
-431
-673
-618
-94
375
296
173
376
333
285
583
1024
935
918
964
704
582
873
1089
849
832
721
521
332
365
170
-153
-247
-223
-218
-156
143
-44
-398
-433
-259
-246
-57
221
75
-324
-730
-972
-1191
-951
-702
-721
-1037
-1231
-1179
-991
-825
-1047
-1204
-1132
-812
-693
-553
-515
-510
-247
272
647
735
813
842
1084
1374
1529
1259
1262
1621
1875
1962
1941
1642
1258
1244
1239
933
407
112
163
153
80
13
-289
-478
-281
-161
-360
-412
-397
-695
-924
-1084
-1274
-1241
-906
-851
-1246
-1626
-1558
-1204
-971
-1170
-1523
-1774
-1702
-1283
-1001
-1101
-1175
-849
-354
10
195
158
64
406
912
1221
1127
1303
1573
1800
2037
2218
2157
1982
1925
1878
1740
1533
1422
1107
900
985
1004
687
400
203
35
26
-5
-199
-525
-731
-935
-1100
-1211
-1244
-1282
-1366
-1510
-1580
-1383
-1265
-1462
-1808
-1904
-1768
-1533
-1362
-1380
-1472
-1453
-1091
-648
-312
-220
-274
-114
346
794
957
920
897
1154
1500
1725
1867
1846
1740
1756
1788
1654
1453
1341
1238
1197
1214
1156
957
741
592
545
516
424
184
-191
-533
-746
-797
-773
-731
-886
-1216
-1436
-1350
-1204
-1217
-1464
-1809
-1995
-1827
-1528
-1422
-1512
-1510
-1282
-899
-551
-362
-360
-393
-193
184
494
571
639
782
952
1115
1295
1407
1401
1421
1435
1330
1167
1147
1174
1186
1239
1212
1030
865
793
803
787
771
572
185
-186
-365
-436
-410
-404
-613
-990
-1188
-1126
-1012
-1011
-1184
-1456
-1659
-1574
-1331
-1201
-1276
-1395
-1353
-1051
-615
-341
-365
-428
-320
-55
246
431
464
427
469
591
766
928
1031
1034
995
920
862
923
1070
1161
1109
1031
906
843
919
1028
976
797
602
388
216
72
-70
-221
-281
-370
-526
-703
-796
-825
-854
-902
-990
-1136
-1256
-1226
-1111
-1013
-988
-1026
-1020
-854
-557
-358
-365
-425
-353
-122
53
123
114
132
168
299
443
513
539
549
523
469
537
713
909
1070
1129
1000
870
924
1082
1198
1192
1005
619
368
294
315
254
103
-147
-421
-550
-549
-533
-622
-765
-983
-1116
-1103
-1005
-974
-980
-1019
-1013
-850
-650
-560
-543
-471
-376
-274
-131
-24
-21
-7
31
27
60
195
292
252
197
193
155
170
328
528
646
762
820
775
800
991
1174
1161
1043
865
660
532
525
516
399
213
0
-184
-286
-257
-289
-457
-672
-826
-947
-1000
-967
-946
-978
-989
-906
-797
-642
-490
-449
-461
-380
-194
-73
-70
-79
-16
71
156
187
187
200
225
182
45
-49
10
216
424
533
503
461
540
725
922
1013
942
781
654
601
576
565
566
481
281
87
-27
-70
-60
-120
-331
-631
-825
-871
-796
-734
-812
-990
-1035
-864
-617
-454
-459
-549
-581
-384
-113
16
-19
-60
-27
69
224
362
358
252
172
87
-13
0
153
290
357
372
330
320
475
700
762
640
493
417
429
527
612
568
441
328
233
174
194
203
56
-185
-404
-535
-588
-568
-569
-709
-888
-926
-787
-582
-413
-395
-553
-685
-549
-225
-26
-66
-178
-210
-77
202
400
368
215
111
53
17
21
94
169
187
166
170
265
446
601
612
463
338
382
469
442
383
371
409
455
449
322
212
244
294
182
-63
-316
-494
-538
-459
-454
-647
-857
-879
-730
-539
-409
-493
-706
-726
-466
-226
-185
-233
-250
-167
30
244
307
248
230
226
139
77
151
282
308
242
194
233
401
574
606
483
375
388
443
434
383
354
373
394
378
323
256
247
293
273
79
-172
-326
-344
-317
-382
-598
-831
-849
-644
-469
-487
-646
-815
-795
-543
-289
-335
-512
-533
-362
-95
143
173
58
61
180
194
105
104
194
286
304
282
237
320
538
678
595
462
426
481
532
521
448
410
448
463
409
332
314
332
327
201
-2
-180
-242
-230
-244
-384
-607
-727
-640
-487
-433
-543
-724
-788
-655
-473
-445
-520
-537
-486
-377
-203
-88
-77
-50
-21
-88
-126
-1
173
222
189
153
184
330
524
600
528
441
428
480
551
581
525
474
485
511
503
501
501
496
443
360
212
84
23
17
-57
-208
-413
-558
-518
-374
-323
-451
-690
-846
-778
-573
-479
-574
-715
-775
-635
-343
-138
-212
-346
-344
-264
-159
-17
31
-42
-25
137
243
276
358
429
424
436
462
409
390
502
572
518
458
437
451
518
611
600
476
384
363
335
259
175
96
1
-146
-296
-331
-249
-170
-221
-436
-657
-668
-482
-370
-452
-630
-770
-721
-443
-208
-270
-454
-490
-396
-274
-154
-124
-177
-164
-38
44
77
166
271
312
321
301
262
285
417
509
469
394
383
428
515
611
606
521
440
406
396
393
329
198
85
-3
-110
-190
-187
-124
-105
-212
-425
-537
-407
-241
-261
-446
-638
-667
-451
-196
-201
-420
-534
-482
-370
-237
-184
-286
-359
-234
-61
-12
-12
34
88
172
241
188
99
177
362
454
425
350
321
447
640
695
580
452
423
461
485
414
284
174
92
-23
-133
-155
-89
-79
-197
-370
-454
-373
-219
-174
-306
-495
-568
-410
-156
-74
-234
-422
-463
-367
-239
-166
-220
-320
-312
-200
-125
-83
-37
-8
-3
7
3
13
111
246
295
281
277
302
401
552
637
590
505
473
493
523
486
394
293
213
102
-32
-79
-25
-3
-126
-335
-456
-395
-227
-165
-282
-483
-562
-419
-167
-62
-180
-339
-379
-277
-142
-74
-168
-292
-251
-126
-87
-108
-105
-77
-9
83
60
-31
-11
143
257
258
209
168
227
383
488
455
397
388
405
418
388
294
230
223
125
-48
-146
-121
-71
-110
-256
-411
-411
-256
-142
-183
-333
-462
-437
-215
-18
-42
-197
-287
-228
-65
82
93
-12
-93
-70
-13
51
102
116
80
34
5
16
89
174
214
189
131
98
143
250
338
335
241
124
116
219
297
222
56
-74
-123
-128
-134
-181
-266
-335
-368
-363
-340
-276
-225
-229
-280
-318
-278
-140
6
34
-32
-86
-67
49
193
231
142
78
112
170
220
243
223
186
189
179
134
126
180
242
265
210
133
130
221
305
297
209
113
75
94
106
56
-50
-147
-241
-341
-380
-339
-320
-406
-529
-578
-506
-381
-295
-313
-390
-426
-337
-168
-18
10
-66
-122
-70
64
186
236
172
83
87
189
298
339
304
254
257
315
357
354
340
367
396
383
339
320
366
417
416
335
235
171
155
158
95
-58
-220
-319
-360
-387
-410
-465
-571
-655
-644
-578
-521
-510
-544
-559
-531
-443
-332
-233
-165
-140
-131
-94
-16
90
178
195
129
70
102
218
320
342
272
218
260
368
460
478
432
400
428
485
518
528
511
502
496
458
396
347
313
234
94
-66
-202
-315
-379
-399
-440
-539
-632
-659
-638
-593
-567
-603
-672
-681
-619
-509
-398
-315
-276
-249
-209
-134
-11
108
124
38
-24
41
186
303
306
205
165
245
399
487
464
389
383
455
544
599
622
603
584
570
560
554
545
486
362
196
30
-71
-144
-237
-359
-454
-522
-578
-608
-606
-619
-652
-675
-692
-700
-672
-615
-546
-457
-385
-354
-350
-284
-155
-36
17
0
-41
-24
87
224
284
228
161
199
334
456
501
472
434
443
503
594
668
679
650
615
600
613
634
620
521
362
196
69
-15
-77
-179
-324
-450
-540
-578
-573
-588
-651
-703
-710
-704
-722
-713
-648
-561
-490
-469
-472
-431
-303
-151
-79
-100
-133
-122
-37
99
214
229
163
126
214
384
514
512
438
388
418
540
670
708
653
588
563
598
689
739
652
480
321
215
165
124
22
-133
-287
-386
-433
-446
-468
-534
-628
-672
-681
-699
-717
-692
-647
-624
-589
-535
-502
-435
-313
-223
-215
-224
-196
-124
-23
61
79
40
54
162
304
391
420
400
380
408
512
632
686
650
577
557
618
723
750
665
516
384
302
270
253
167
21
-140
-267
-306
-288
-286
-366
-491
-583
-618
-612
-599
-623
-642
-613
-565
-526
-475
-406
-337
-287
-268
-272
-259
-197
-110
-66
-61
-69
-43
69
217
310
311
291
303
363
470
566
580
539
517
548
620
671
641
583
525
442
348
247
167
104
46
-40
-137
-211
-249
-269
-289
-330
-402
-449
-487
-526
-550
-528
-499
-468
-438
-422
-406
-330
-243
-246
-279
-265
-218
-182
-151
-148
-165
-149
-37
76
148
192
223
243
292
397
496
538
504
453
467
560
651
639
541
444
395
367
327
277
188
78
-28
-122
-149
-134
-137
-205
-284
-349
-383
-371
-381
-433
-471
-449
-403
-350
-340
-336
-327
-269
-239
-256
-268
-260
-225
-207
-187
-211
-231
-165
-29
54
76
86
126
204
313
412
431
413
427
501
583
632
612
551
510
504
458
370
296
219
144
68
-24
-117
-145
-113
-114
-165
-240
-309
-355
-375
-377
-395
-416
-426
-391
-343
-297
-273
-255
-249
-244
-250
-276
-285
-261
-239
-251
-255
-215
-136
-43
22
36
32
80
215
342
398
394
354
358
484
653
694
614
517
470
455
481
451
309
145
74
46
-4
-38
-89
-158
-212
-233
-271
-323
-362
-384
-390
-376
-358
-353
-335
-286
-238
-204
-189
-197
-225
-228
-211
-210
-217
-234
-251
-220
-148
-87
-46
-17
5
50
128
222
272
280
293
316
393
505
568
558
522
476
414
392
420
394
260
106
21
-3
-3
-15
-85
-187
-244
-262
-269
-300
-333
-367
-384
-368
-349
-324
-276
-199
-162
-150
-169
-158
-172
-197
-220
-234
-243
-243
-216
-153
-62
-13
-3
2
29
90
189
241
267
281
307
372
477
533
529
496
479
431
366
356
313
212
122
55
11
5
-13
-51
-124
-189
-200
-217
-267
-309
-336
-342
-332
-321
-277
-240
-207
-156
-163
-185
-205
-209
-200
-215
-224
-249
-253
-227
-185
-131
-69
-45
-39
-16
35
96
160
221
265
287
335
419
499
531
512
450
390
385
393
365
278
188
144
161
142
66
-23
-91
-120
-158
-169
-192
-246
-281
-295
-286
-281
-269
-237
-224
-244
-254
-253
-251
-213
-183
-193
-220
-236
-233
-227
-220
-198
-152
-89
-57
-31
25
123
205
221
213
198
226
280
339
366
352
359
368
356
347
305
223
166
137
132
108
50
-1
-46
-53
-36
-72
-172
-235
-246
-228
-221
-248
-249
-208
-149
-106
-108
-135
-167
-178
-134
-89
-81
-92
-120
-127
-91
-30
-13
-27
-26
-12
11
37
63
92
105
94
98
120
186
248
226
161
95
120
173
191
126
43
39
101
152
142
87
12
-13
-14
17
-7
-101
-184
-205
-192
-192
-177
-154
-138
-120
-85
-61
-52
-48
-51
-58
-79
-75
-47
-27
-40
-56
-38
-17
29
62
78
53
63
106
124
120
82
59
96
162
168
116
49
55
64
62
37
-27
-75
-58
12
16
-17
-51
-49
-8
7
-17
-74
-113
-98
-97
-100
-96
-91
-78
-55
-53
-40
-34
-16
-5
2
-20
-60
-38
-3
-3
-8
4
35
81
145
159
139
134
124
121
111
145
159
155
171
165
122
-102
-47
-268
-207
54
-1
295
63
-37
-481
-1259
-1174
-857
-86
898
1404
1701
1431
759
-167
-1159
-1618
-1754
-1296
-662
-59
569
867
1013
936
626
247
-247
-597
-794
-874
-718
-430
77
545
973
1209
1077
730
330
-95
-357
-503
-379
-215
-124
111
-92
-217
-12
200
394
588
551
271
16
-264
-576
-573
-382
-116
202
482
275
-353
-644
-1012
-1268
-977
-720
-273
249
533
659
457
295
-8
-220
-272
-220
-122
120
378
465
502
433
255
152
185
182
263
339
474
524
482
366
170
-34
-85
3
9
2
68
49
21
16
-51
-134
-208
-152
-190
-278
-402
-751
-1108
-1233
-1133
-883
-396
144
569
872
873
590
224
-243
-482
-565
-488
-96
279
482
681
690
518
444
163
-44
-370
-463
-524
-342
-47
220
521
715
784
663
440
224
44
-195
-122
-119
23
136
269
165
57
17
-113
-197
-134
-79
-159
-312
-618
-699
-730
-531
-291
-246
-188
91
107
-227
-387
-744
-948
-717
-187
66
606
834
704
420
72
-274
-208
-138
87
386
574
796
878
695
374
327
-26
149
4
-13
98
306
378
381
403
310
150
94
-96
-413
-331
-314
-152
-194
-4
-212
-262
-219
-503
-414
-620
-518
-138
-369
-189
-228
-227
-202
-309
-287
-219
-231
80
-207
-207
-46
-74
432
414
509
487
422
153
-14
-91
2
245
218
37
334
351
526
649
410
282
52
106
9
-77
150
208
130
103
68
-239
4
-88
-62
-250
-471
-235
-230
-282
-166
-40
-378
-43
-245
-379
-394
-350
-382
-571
-311
-23
444
161
177
-318
-204
-476
-221
-263
-84
97
611
266
726
475
180
488
82
279
192
394
407
296
256
533
75
180
-28
-357
116
-258
-37
92
-165
-246
-301
-292
173
-26
279
131
-382
-83
-358
-362
-427
-352
-389
-294
116
-34
-39
-11
-155
19
-643
-159
155
-387
-52
127
-151
180
468
127
269
193
72
127
211
390
156
549
493
26
189
10
164
44
285
52
58
-156
-236
-301
-109
251
152
94
134
141
-294
-81
-472
-271
-172
-40
-72
361
60
-83
-170
-373
-121
-403
119
-573
-178
8
-220
54
-124
109
-107
107
-264
119
-163
143
364
45
279
203
342
48
379
-70
315
223
406
166
89
-264
-262
-168
-401
379
9
339
248
301
112
-172
-264
-127
-376
-439
136
-437
507
-200
324
-160
-220
-320
-204
-647
-321
194
-184
549
229
215
-494
100
-377
-154
-86
258
-34
281
9
-70
112
-276
10
-13
542
-54
290
312
228
136
67
11
-273
278
-228
-70
-11
71
266
136
264
73
-83
-188
-125
-371
302
85
-15
293
-401
-132
-326
-453
-10
-120
550
250
-36
-28
-122
-441
-420
-104
-107
556
156
213
-56
-133
-734
60
157
-75
306
320
62
173
-28
-397
299
-253
430
144
280
-85
-230
-233
133
-134
53
344
337
326
-2
-285
-640
-554
247
393
-86
308
-152
-39
33
84
-416
-146
60
290
100
231
-108
-433
-149
-446
-142
105
471
475
329
-153
-237
-9
-310
-82
33
340
552
51
-86
-384
-412
-362
35
251
302
596
138
13
-76
-694
-419
-240
-136
115
405
316
-62
208
-529
77
-178
-198
189
-56
293
-53
272
-620
163
241
231
96
-217
225
-863
101
-119
413
223
628
253
-184
-32
-661
-93
-389
159
-316
579
233
150
403
63
-355
-110
214
-247
250
252
91
86
-476
-34
-232
-64
53
158
-339
191
99
-672
-171
-324
67
-133
415
266
93
-105
238
-186
67
-161
-88
-68
-110
264
139
136
158
67
-129
-45
17
-42
159
-67
257
166
-615
104
-204
213
98
337
218
53
14
-237
124
-373
182
-55
16
224
33
-93
-241
-209
86
-124
68
-185
-432
-281
-252
-43
153
436
203
170
-14
121
-33
-55
-127
-305
-36
-111
144
-15
109
443
-7
206
-60
100
36
147
-174
-95
-127
-13
172
-12
340
5
13
209
112
-78
95
-105
-359
-155
129
0
93
331
-233
-121
-199
-325
-223
-117
62
166
2
-110
144
-327
-129
-114
-127
99
249
237
88
131
-143
260
-118
-117
-318
60
-29
464
37
57
218
-89
-124
-13
-222
119
381
262
114
80
-256
-108
51
-254
305
24
321
117
-38
-301
-347
-66
-46
-28
-71
133
213
-183
-178
-224
-427
-19
-33
69
126
47
-140
-67
-41
-44
117
26
145
110
-48
-38
-300
-34
-38
176
37
40
138
-54
51
171
-75
141
66
146
43
243
-23
-122
38
-89
-88
98
398
-55
177
-30
-399
-74
-5
39
94
283
-51
104
-97
-394
-26
84
8
-23
-277
-91
-331
-89
-169
-57
107
1
461
10
14
-173
-60
-288
-88
110
53
67
-74
139
-120
328
61
228
-44
-164
-72
-290
121
263
257
186
627
-137
-119
-99
-251
43
-95
13
106
148
158
486
168
145
-257
-299
-308
-195
-129
-158
51
32
-55
-234
-167
-172
-30
316
-99
-53
-137
-348
-192
18
71
-4
265
60
194
36
-29
-87
-168
35
61
129
163
131
-65
-93
56
-116
51
184
98
228
381
-127
43
90
17
101
-224
161
48
44
-113
-94
-49
-70
332
-280
184
-89
-229
-114
-149
-304
-17
-88
-191
-83
-220
-51
-1
81
42
96
-299
287
-147
-247
90
122
189
240
109
120
-64
-21
-52
176
101
173
199
154
-177
-138
-34
-149
158
182
150
-110
151
-54
-88
65
77
129
-93
169
-165
-74
-67
113
-219
-171
-197
-48
225
-12
-152
-170
-361
-163
-24
-176
44
300
223
28
90
-243
-5
-185
34
-172
174
330
102
-13
-123
250
-51
86
-122
246
-71
280
127
-104
-108
-85
18
96
364
-3
267
-117
121
-267
-240
10
-45
200
41
43
96
-84
-218
-67
-366
-119
28
-222
-128
82
-158
89
57
63
-73
-256
52
47
90
-99
177
35
18
134
26
-166
-134
35
103
-3
257
-11
19
-17
-2
110
25
136
284
-21
-39
20
-4
32
-160
-67
-245
176
27
254
-13
15
26
-90
90
-144
-2
-17
23
-375
-111
200
-125
87
30
-159
-14
-134
-180
-173
202
-171
343
29
-42
22
-22
-36
12
194
-166
-57
9
-116
156
34
2
186
125
39
36
10
-208
250
58
-15
194
-11
26
51
-84
-39
-129
-110
21
84
-165
159
65
-7
107
24
-2
-194
-203
-177
-85
-156
-67
-103
189
121
60
165
-74
28
-93
-141
-85
61
-26
38
81
78
129
122
149
23
-152
-85
-108
-80
-92
118
47
-41
242
115
49
264
71
-29
-79
-129
-96
-188
-189
-186
200
-59
357
185
65
-34
-147
-79
-560
14
30
18
165
149
-24
-66
-132
106
59
84
83
-3
-209
-250
13
-75
139
194
272
22
-260
93
-213
40
-135
43
-149
57
4
-27
91
41
82
35
59
-179
13
27
-76
127
137
94
194
-73
-57
77
98
-221
76
19
-57
-83
16
57
-183
185
-11
101
-38
91
-67
-271
-73
-66
-111
17
103
-121
75
341
-53
-32
-72
-22
-155
210
168
-145
77
-92
-27
-123
-123
224
33
15
24
11
-170
-289
105
92
180
78
86
185
100
-223
106
-141
-169
143
255
-234
192
-100
-166
-105
251
-85
40
171
-21
-9
-116
-223
-191
-31
-198
95
-80
124
58
347
-331
96
39
-128
-72
86
-103
-63
99
144
-54
0
9
-55
26
-4
213
-232
133
-102
79
-306
49
198
54
178
323
228
-115
118
-255
-166
-12
16
-183
173
103
62
-48
94
-81
2
-230
27
-118
-244
-37
-121
97
5
126
-40
-81
69
-23
-109
-51
216
24
-52
-138
76
-19
-115
61
-150
272
-8
169
-196
104
-47
9
122
140
-76
17
233
71
-106
111
237
2
-205
-53
-94
-141
132
92
-23
195
164
30
47
-171
-178
-249
64
-50
96
-185
117
42
-113
-92
27
-199
-77
-24
9
-117
-49
53
-83
71
162
48
-188
13
-206
-36
-43
120
141
50
138
234
-266
215
262
-98
-54
143
82
-27
18
-34
-6
-96
283
66
-115
255
2
-127
-155
-52
-105
163
-41
44
-121
120
114
-111
-224
8
-90
-110
71
-42
-174
91
14
-226
-61
-103
76
-101
173
-204
31
271
-57
-87
-23
-41
-60
356
-88
29
173
-84
144
-14
-18
-99
-121
228
36
271
-132
137
97
-4
-251
31
-38
54
183
-68
145
-357
113
24
129
-27
5
106
-108
-147
-169
-62
-210
101
-95
32
-107
142
-42
-94
109
-72
-35
-143
218
-178
190
-30
-16
-41
324
-302
80
63
149
-229
-5
-20
121
-63
-18
9
91
142
315
23
-241
40
22
-192
-133
-44
154
161
-49
177
-231
-84
-106
153
-227
50
176
-29
165
76
-176
-22
4
-102
-5
-178
190
-3
-156
-248
132
141
134
38
-22
-19
168
-147
-53
-87
-138
24
142
29
4
97
218
151
57
-204
-104
79
-154
-49
-32
40
92
106
112
-67
18
-143
-260
285
112
-130
28
35
-120
-135
141
55
208
44
26
-28
-310
100
-36
-30
-39
107
142
-271
-141
-52
-174
-140
150
-8
153
-5
97
-152
-168
125
126
135
95
195
-40
-48
56
104
-16
35
159
-49
-91
71
-46
-206
-250
172
-80
-153
51
163
-153
-78
32
-112
-114
125
64
118
98
-19
-36
-248
18
142
-54
-82
59
-45
79
-97
-16
-53
48
-202
95
173
-69
23
148
182
-245
-101
43
-80
149
257
93
-8
8
-94
-122
35
-226
7
429
-55
-93
176
-74
-135
246
-419
42
2
-21
95
27
-182
108
57
-33
28
3
-151
-235
218
-79
43
39
81
21
225
-197
-35
-78
-158
-98
57
26
162
-161
160
-180
228
19
59
205
214
-276
-86
-59
-205
27
-107
238
206
367
264
-427
-254
215
-253
-326
180
361
-178
34
-24
92
18
19
16
183
-205
-367
87
-64
-48
-94
-78
365
174
-102
111
-38
-205
-61
-34
-67
31
67
212
146
-21
69
-276
-30
-108
274
-186
-128
11
62
25
-80
302
-205
-57
43
5
-221
-181
91
76
170
69
-2
145
-115
119
-129
19
64
-81
-22
156
8
-175
198
84
-233
-5
86
-54
-217
179
-73
51
26
238
-203
-266
-109
294
-46
60
-19
108
-210
149
-296
-201
365
-82
331
22
69
-75
88
-229
-152
-119
-99
32
181
29
-89
182
88
119
-74
-87
-329
229
-118
-170
187
199
90
11
23
17
-24
-139
-64
-150
186
-13
58
-44
98
203
148
-182
124
-174
-249
-58
204
-73
226
-161
70
-96
-164
-94
143
312
142
60
-115
-22
-432
-73
-91
14
60
307
67
119
-205
-182
18
-109
-213
-14
-83
120
139
130
188
249
-16
-166
33
-392
41
-73
-142
-85
503
20
98
339
57
97
-173
-31
-210
-202
-181
115
2
187
415
40
-79
-5
-36
-196
67
-206
-177
80
-163
178
-517
263
53
150
149
191
-134
-195
-36
-45
-236
-60
-66
-140
373
85
-128
224
-6
-51
44
-67
-196
174
-117
-79
171
144
-43
167
-53
-78
39
113
-123
48
9
121
199
-250
-27
121
-162
84
66
-30
89
46
-87
-63
-109
-41
25
-95
9
-166
20
171
-206
-7
70
71
92
-193
22
-148
-45
55
-127
65
153
373
-82
-242
-4
375
-132
-158
19
128
-206
-37
256
-189
170
135
54
-211
-150
-25
74
-201
23
9
32
52
23
2
193
-45
301
-270
-3
-135
163
-111
-141
242
-189
164
192
-14
-220
322
-196
-245
-6
10
-176
168
-97
-12
-141
320
130
28
-52
-97
-58
-88
171
83
118
-60
79
15
-102
-294
-41
102
95
22
-175
257
10
87
-36
-95
54
91
-177
-37
190
-237
187
142
87
-129
72
13
-144
-128
45
135
14
-231
-147
150
-163
1
321
-55
-27
145
4
-151
-61
-153
187
-47
-233
41
221
223
-271
29
69
30
-251
-17
137
-41
90
-39
-198
-79
255
-119
215
-45
88
-36
-188
-62
-256
60
240
72
245
127
102
-36
-115
-1
92
-413
-108
251
-157
-22
163
29
285
-24
60
-304
-67
47
-191
-106
-208
323
43
238
-447
338
-126
-152
124
-48
-307
-228
444
-55
129
-258
345
-248
110
-344
332
-275
-91
324
53
-46
60
5
-91
216
-42
86
132
220
28
-232
-102
-56
-111
136
375
24
29
-24
-102
-42
-276
-30
-192
60
353
222
-50
-17
-232
226
-235
-165
-23
-123
-53
147
-41
-126
396
106
70
-164
-42
-213
-184
-2
-13
-120
197
62
116
-229
-93
243
305
-208
91
24
-47
-126
-119
13
19
227
93
130
-44
122
-280
106
84
107
65
-83
87
-44
-240
-136
156
-56
338
-26
45
-48
-65
24
-134
-38
-90
53
-92
269
-317
-126
210
148
-53
-212
-86
-7
-62
-75
-85
57
-13
304
-82
-189
57
77
-66
99
-11
-369
313
-15
300
-80
85
-49
172
-309
-19
-21
-99
39
55
68
-73
307
-85
52
-2
69
-202
153
-47
-61
-103
114
-5
-24
-216
179
220
-396
174
-23
-50
-161
47
-90
-239
72
277
-1
-65
105
2
-103
150
-220
34
-62
-28
183
-1
117
-1
-21
-146
0
140
56
-157
239
-72
98
155
-175
-103
2
-18
-105
287
-172
108
81
121
92
-176
91
-29
-39
-111
-92
-174
138
66
-72
-45
-17
55
125
-174
-70
-217
127
-115
184
35
251
39
190
-80
-307
264
-76
-119
2
35
-77
278
-103
-271
136
80
196
-41
-284
-56
61
-43
-72
-51
41
-22
126
131
-91
80
85
100
78
-172
19
-67
26
-67
4
-3
41
100
36
192
-234
150
-157
25
-363
-34
168
-19
122
-68
35
-103
297
-188
-278
335
-191
127
-41
-275
124
64
-248
-244
341
81
66
49
-95
152
-55
53
-100
-131
-42
39
181
-36
-76
-155
-35
117
155
-15
170
-6
118
-157
-135
-46
173
-219
292
83
-156
23
193
-259
209
263
-221
132
72
-321
-198
162
-215
258
-75
-111
39
237
-385
224
37
-152
72
108
-97
-229
81
215
-108
-113
55
-200
43
202
-112
20
-6
176
-69
-42
-288
49
69
-122
-191
164
71
-11
145
271
151
-6
108
-179
245
-477
92
0
82
-274
170
23
147
52
-76
103
-146
43
-560
191
146
-79
39
310
-226
-69
-142
-180
161
95
-116
218
77
-119
22
100
-141
-29
255
-273
-168
-166
281
94
243
-94
223
175
-386
-252
-20
4
-48
262
-125
257
-78
5
-38
194
-58
-170
43
40
107
-250
-25
-210
329
40
92
-164
168
40
-254
-47
-101
230
-66
19
-135
237
-161
37
28
97
11
78
-97
-93
18
100
55
-3
115
35
-138
62
-47
-34
-5
183
-278
80
45
-82
81
190
-55
119
-66
-175
-186
-127
-104
3
123
-21
175
-30
-165
-48
130
-86
43
-37
115
-167
194
-82
106
38
-10
91
164
-136
19
-114
86
-102
235
-59
-157
163
76
-5
-143
137
3
45
-174
-26
-198
239
-148
227
-116
192
-76
31
-155
-64
29
-178
21
-36
-52
-177
144
-262
134
134
163
-43
101
-12
-169
37
-196
-137
-15
193
-39
141
-45
-36
75
41
-58
-73
293
-21
-59
-108
-126
-29
158
128
-42
257
-2
-40
-24
-32
-183
-42
199
-1
13
-71
24
-107
211
-86
-2
38
161
-174
-246
187
-74
-92
99
42
-240
47
58
-196
30
348
-140
-50
170
-149
-317
298
75
-166
168
127
-275
-98
167
-149
-156
335
164
-194
293
177
-260
-117
390
0
-252
51
133
-291
-61
222
-111
-22
298
63
-332
76
3
-431
16
206
-120
71
271
-160
-209
100
69
-157
100
172
-166
-126
51
-52
-42
205
195
-48
-103
134
-175
-53
73
-53
-35
107
117
9
-32
-18
68
30
26
-1
74
7
95
24
-87
-14
126
-16
-163
-46
14
-39
-50
-52
-52
110
14
-99
16
17
-39
-76
121
65
-133
54
59
-31
33
5
55
-52
69
-45
-31
-73
84
56
-100
-34
47
76
-120
-37
-7
-7
44
115
-183
60
128
33
-115
26
6
-117
-18
25
6
-70
124
9
28
-72
134
-52
-195
-62
54
-13
-79
93
10
-5
56
34
-37
-89
54
-17
-113
-18
95
9
-56
36
-106
10
64
69
-65
22
67
44
-127
-66
35
-2
0
47
27
-26
58
66
-18
-36
-21
-129
-57
41
91
-21
-31
20
31
-62
1
5
-64
-32
14
-12
16
118
96
70
60
126
-72
-90
-54
-12
28
40
41
-12
-43
72
-139
-18
88
130
47
11
-6
-42
-40
-20
-54
105
127
9
42
-132
-52
6
83
31
118
41
8
-45
-169
-135
17
16
2
-118
56
-14
-86
7
56
38
-19
123
-53
-57
-113
22
19
18
69
7
7
8
92
-71
-7
-6
-17
-51
51
-6
-5
37
86
15
-21
9
-9
-9
-42
15
4
3
-24
57
-18
-33
-5
23
-75
10
-46
1
-24
4
-8
20
-11
-13
-61
-55
-41
-28
-2
-48
-31
46
63
34
10
-57
8
61
-15
-44
59
-21
33
-27
46
-14
18
-2
-2
97
-20
76
-27
-15
-47
-5
-38
2
97
11
38
-34
55
-65
-39
-11
-11
18
10
7
-41
23
-97
45
-50
-16
-23
38
-22
18
42
16
38
-4
-83
-35
-60
-36
14
-6
96
-16
64
8
-20
-23
93
-42
-64
2
48
37
8
59
-53
37
3
-24
-16
8
-5
-24
-15
52
12
-4
-16
51
-51
-31
67
33
31
48
46
-6
23
14
0
-9
70
12
-80
95
-5
-57
-63
77
-6
27
-49
-69
-31
9
-24
-94
71
18
12
-27
41
-18
51
9
-24
-73
-18
-19
36
22
-15
35
38
30
-26
-64
5
52
39
-50
-39
11
-60
-3
-25
26
33
39
5
45
-18
-45
-57
-75
-22
-86
29
19
21
30
-1
49
-17
47
-45
38
27
25
-22
31
-8
-16
53
-9
-22
13
11
-30
1
-38
-70
10
-28
-1
23
33
9
-29
-62
-30
-37
-44
-41
8
30
39
39
-39
-2
35
32
-14
-4
-57
-8
-37
-42
-5
-10
77
35
30
-60
25
31
-5
18
2
36
-8
80
-8
14
-18
2
-17
18
33
23
22
5
18
-41
-11
-35
3
4
-19
-13
46
16
-16
48
-16
-16
-49
-11
-9
-77
29
24
35
-13
23
-28
-20
-4
-5
-51
-37
11
-13
27
9
31
-30
31
20
9
-17
0
10
1
66
11
34
-31
26
-23
35
28
11
0
-48
37
-38
-24
4
40
82
30
-42
14
-38
-3
0
-17
-47
21
-17
-33
-26
-7
-27
