8
8
6
6
5
4
1
6
4
2
3
2
2
5
6
4
4
4
5
4
4
3
3
3
3
3
2
3
1
0
1
2
-1
-2
-3
0
1
0
0
-3
0
-2
3
4
0
2
0
3
3
5
3
1
3
4
4
1
3
6
6
3
2
4
4
1
-1
-3
-7
-5
-4
-4
-2
-1
-5
-5
-6
-6
-3
-4
-5
-4
-4
-4
-5
-5
-5
-4
-2
-3
-4
-4
-3
-2
-1
-1
3
2
2
5
3
2
1
6
3
2
1
4
5
0
1
3
3
5
4
2
0
0
0
0
1
2
2
-1
1
-1
-3
-5
-6
-6
-5
-7
-5
-5
-6
-4
-6
-8
-6
-5
-6
-5
-5
-4
-3
-2
-3
-2
-2
-2
-3
-2
-1
-1
1
-2
-1
-3
-3
-1
-4
-6
-5
-3
-3
-3
-4
-4
-3
-1
-2
-3
-2
-2
0
2
1
2
3
3
2
2
2
1
4
4
4
3
3
5
6
6
5
6
3
2
2
2
2
-1
-1
-3
-2
-3
-4
-5
-3
0
-2
-3
-2
-2
-4
-3
-5
-4
-3
-6
-2
-1
-2
-2
-3
-2
-2
-2
0
-2
-5
-7
-7
-6
-8
-6
-6
-5
-3
-2
-3
-3
-2
-3
-1
-1
1
-2
-3
-4
-2
-2
-2
-1
-3
-2
-1
-2
-2
0
-1
-4
-3
-3
-2
-2
-2
-2
-4
-5
-5
0
-3
-5
-4
-7
-4
-4
-3
-3
-5
-5
-5
-6
-7
-7
-4
-4
-5
-4
-6
-4
-3
2
0
1
5
5
5
6
7
5
8
9
7
7
6
5
6
5
4
1
1
2
0
-1
1
2
5
5
6
9
10
11
13
15
17
16
19
21
19
19
19
21
21
20
19
18
16
15
14
13
10
9
8
8
5
2
3
3
0
-3
-7
-12
-14
-12
-11
-11
-12
-15
-12
-13
-15
-17
-15
-13
-11
-9
-6
-3
-2
0
1
4
7
6
10
13
14
19
17
16
16
12
15
17
15
16
16
15
12
15
17
19
22
26
28
30
35
38
37
39
43
44
45
46
45
44
37
36
28
23
16
5
-5
-15
-24
-36
-48
-59
-70
-80
-88
-99
-105
-111
-117
-121
-129
-130
-132
-129
-126
-128
-128
-124
-121
-115
-109
-106
-101
-95
-86
-82
-76
-65
-60
-50
-42
-35
-27
-17
-10
-3
6
16
26
35
44
54
66
77
87
99
111
120
133
146
161
174
185
199
212
223
234
243
253
262
266
272
274
271
265
258
245
231
213
187
159
128
94
59
19
-17
-57
-95
-137
-176
-212
-246
-276
-304
-329
-346
-361
-370
-375
-373
-370
-361
-348
-329
-308
-284
-262
-233
-206
-183
-161
-136
-114
-94
-76
-60
-44
-32
-19
-8
1
5
10
17
23
29
36
46
58
72
87
107
124
145
169
193
222
251
278
306
333
361
386
407
430
445
459
471
483
483
483
481
465
449
428
398
355
308
255
194
129
60
-5
-74
-141
-204
-271
-333
-394
-448
-495
-539
-572
-595
-611
-617
-608
-590
-561
-523
-482
-432
-377
-321
-268
-211
-159
-117
-76
-39
-4
26
54
76
90
97
93
81
56
31
6
-25
-53
-76
-104
-123
-145
-166
-182
-202
-216
-226
-236
-241
-243
-244
-235
-220
-201
-177
-147
-108
-63
-16
34
82
132
189
238
291
342
388
433
477
518
557
596
630
662
691
720
746
767
791
812
834
847
852
845
822
780
722
650
561
467
364
257
144
30
-87
-206
-324
-437
-540
-641
-732
-813
-887
-948
-997
-1022
-1030
-1015
-981
-927
-859
-787
-709
-631
-554
-480
-411
-344
-282
-231
-186
-146
-114
-81
-50
-21
9
34
49
52
41
16
-19
-61
-99
-128
-149
-158
-163
-163
-161
-158
-154
-153
-146
-134
-110
-74
-33
22
80
140
204
265
319
364
404
438
463
488
514
538
562
591
624
667
716
772
840
911
984
1050
1091
1102
1081
1020
929
822
694
564
442
322
202
81
-48
-185
-332
-484
-639
-784
-915
-1026
-1110
-1164
-1189
-1175
-1123
-1050
-954
-840
-724
-619
-523
-442
-375
-317
-267
-221
-170
-120
-69
-18
35
75
105
124
126
117
88
42
-20
-84
-154
-224
-275
-312
-339
-351
-359
-368
-384
-411
-444
-468
-481
-479
-453
-396
-315
-215
-101
11
119
215
300
374
427
464
489
515
552
597
645
699
764
843
920
999
1083
1160
1239
1312
1368
1397
1382
1324
1246
1158
1048
915
792
669
534
400
255
79
-114
-315
-516
-699
-869
-1035
-1165
-1249
-1310
-1339
-1319
-1265
-1201
-1117
-1019
-930
-851
-789
-746
-696
-640
-597
-542
-467
-400
-336
-259
-185
-121
-66
-23
8
38
58
57
49
33
-7
-59
-112
-174
-233
-285
-330
-368
-405
-451
-493
-519
-528
-524
-494
-435
-354
-268
-177
-77
29
140
256
372
475
555
627
696
776
847
897
952
1019
1084
1141
1204
1264
1321
1392
1473
1534
1559
1525
1440
1357
1260
1117
959
817
662
506
371
215
20
-184
-397
-606
-787
-983
-1194
-1352
-1461
-1553
-1584
-1557
-1509
-1435
-1313
-1175
-1042
-923
-842
-776
-684
-598
-537
-459
-382
-326
-256
-156
-69
-2
53
87
121
148
136
88
39
-28
-115
-197
-274
-360
-433
-468
-477
-479
-483
-505
-523
-511
-482
-446
-387
-297
-200
-94
19
137
244
361
484
597
686
735
765
801
857
899
928
985
1054
1125
1214
1314
1406
1507
1622
1731
1804
1808
1722
1615
1515
1366
1172
990
814
621
452
284
69
-182
-444
-711
-958
-1196
-1462
-1701
-1857
-1951
-2000
-1975
-1915
-1831
-1692
-1518
-1333
-1170
-1057
-971
-863
-735
-627
-529
-417
-311
-201
-64
69
163
230
272
294
315
301
223
125
38
-52
-145
-240
-347
-451
-512
-547
-568
-582
-617
-631
-613
-573
-512
-450
-355
-237
-110
12
124
234
345
472
594
693
769
811
857
922
980
1014
1046
1114
1196
1282
1382
1490
1593
1705
1853
1986
2042
2014
1898
1772
1661
1466
1246
1077
896
694
527
340
96
-167
-474
-791
-1048
-1345
-1706
-1962
-2102
-2233
-2281
-2242
-2193
-2089
-1917
-1728
-1535
-1361
-1236
-1114
-949
-804
-725
-630
-503
-387
-254
-94
30
114
202
258
287
306
270
184
113
50
-80
-203
-298
-422
-522
-589
-628
-647
-677
-690
-667
-585
-488
-393
-243
-68
94
247
390
482
534
606
670
765
866
886
909
959
973
968
991
1044
1094
1165
1212
1284
1433
1546
1684
1877
2039
2127
2076
1941
1837
1702
1443
1186
1009
791
592
410
133
-128
-380
-734
-1067
-1314
-1654
-2031
-2231
-2392
-2565
-2575
-2487
-2373
-2173
-1886
-1610
-1368
-1110
-905
-751
-560
-412
-348
-262
-144
-70
9
110
135
133
137
75
-24
-148
-354
-577
-717
-867
-1025
-1100
-1147
-1165
-1118
-1050
-966
-829
-668
-500
-258
18
266
532
811
1021
1159
1310
1439
1533
1632
1654
1622
1594
1519
1422
1375
1347
1297
1297
1314
1290
1320
1366
1440
1629
1855
2048
2088
1905
1701
1553
1275
886
583
297
11
-158
-388
-654
-823
-1073
-1388
-1549
-1705
-2061
-2316
-2387
-2486
-2482
-2334
-2167
-1914
-1548
-1165
-830
-483
-208
-43
173
372
420
389
395
396
342
278
168
32
-128
-360
-548
-727
-1023
-1304
-1436
-1547
-1701
-1789
-1838
-1866
-1795
-1713
-1608
-1402
-1178
-924
-531
-82
295
696
1164
1563
1855
2085
2244
2321
2315
2257
2199
2104
1911
1731
1636
1530
1385
1266
1220
1214
1245
1324
1416
1556
1754
1973
2092
1928
1582
1337
1089
666
262
-62
-405
-642
-822
-1073
-1218
-1344
-1650
-1861
-1912
-2154
-2469
-2524
-2478
-2440
-2269
-1994
-1637
-1170
-693
-248
203
565
751
942
1172
1210
1065
926
826
682
432
107
-220
-556
-1000
-1426
-1730
-2112
-2537
-2720
-2739
-2804
-2808
-2671
-2506
-2246
-1920
-1647
-1316
-931
-592
-148
423
936
1380
1910
2453
2841
3114
3284
3303
3205
3039
2815
2563
2256
1878
1608
1473
1284
1121
1053
1021
1141
1380
1528
1695
2012
2207
1993
1553
1190
837
266
-295
-641
-946
-1171
-1299
-1560
-1713
-1696
-1920
-2174
-2176
-2393
-2766
-2702
-2462
-2373
-2099
-1633
-1130
-518
91
600
1101
1431
1495
1597
1692
1522
1245
1009
763
470
45
-496
-959
-1372
-1949
-2504
-2821
-3164
-3555
-3634
-3477
-3363
-3137
-2685
-2246
-1842
-1387
-950
-450
46
400
814
1371
1781
2073
2476
2836
2987
3053
3054
2985
2831
2549
2204
1908
1591
1239
1011
915
795
745
878
1131
1442
1839
2260
2634
3078
3459
3237
2499
1942
1490
612
-318
-989
-1627
-2020
-2214
-2620
-2830
-2785
-3049
-3210
-2927
-3013
-3360
-3127
-2659
-2319
-1773
-1039
-286
542
1313
1988
2588
2824
2714
2698
2683
2307
1673
1055
491
-79
-719
-1488
-2336
-3138
-3907
-4498
-4765
-5014
-5229
-4969
-4313
-3741
-3097
-2216
-1383
-597
244
901
1414
1896
2240
2599
3026
3212
3214
3312
3362
3137
2769
2353
1913
1480
1031
614
296
13
-208
-131
143
391
758
1401
2130
2898
3847
4764
5088
4545
3761
3270
2407
911
-405
-1404
-2273
-2686
-3077
-3695
-3901
-3938
-4226
-4065
-3765
-4156
-4260
-3517
-2869
-2360
-1412
-308
787
2023
3120
3874
4273
4250
4059
3862
3300
2314
1318
477
-305
-1129
-1981
-2761
-3582
-4536
-5222
-5493
-5859
-6179
-5972
-5155
-4028
-2930
-1877
-603
713
1767
2622
3246
3475
3492
3605
3703
3530
3125
2704
2395
2073
1594
904
255
-233
-674
-909
-982
-1141
-1151
-752
-167
400
905
1528
2461
3485
4462
5492
6449
6820
6188
5089
4194
2902
754
-1191
-2649
-3918
-4621
-5084
-5861
-5983
-5584
-5530
-5034
-4211
-4219
-4008
-2727
-1618
-869
309
1528
2734
4124
5117
5562
5716
5334
4628
3941
2831
1258
-325
-1667
-2755
-3712
-4741
-5655
-6309
-6836
-7198
-7158
-6758
-6288
-5506
-3846
-1884
-375
1011
2558
3754
4646
5254
5377
5175
4873
4404
3920
3344
2390
1371
639
53
-703
-1609
-2228
-2374
-2348
-2183
-1678
-1071
-580
239
1379
2347
3075
3893
4833
5932
6876
7620
7807
6585
4668
3406
1750
-988
-3262
-5017
-6640
-7044
-7057
-7685
-7364
-6340
-5904
-4704
-3036
-2581
-1930
-99
1430
2499
3713
4618
5425
6299
6603
6377
5641
4181
2729
1613
120
-1693
-3332
-4655
-5448
-5911
-6506
-7049
-7160
-7026
-6563
-5664
-4669
-3721
-2416
-407
1692
3011
3832
4769
5339
5324
5074
4480
3484
2563
1886
1258
545
-443
-1333
-1710
-1987
-2517
-2926
-2905
-2517
-1851
-887
301
1364
2243
3317
4496
5287
5642
5955
6431
6797
6926
7079
6343
3775
1243
-118
-2202
-5063
-6995
-8301
-8966
-8338
-7829
-7503
-6103
-4757
-3828
-1776
-73
208
1121
2969
4225
5024
5580
5793
5993
5850
5048
4015
2395
133
-1546
-2526
-3703
-4942
-5696
-5908
-5548
-5080
-5005
-4929
-4448
-4018
-3435
-2220
-1128
-491
702
2518
3877
4456
4612
4517
4289
3734
2725
1680
751
-217
-699
-639
-807
-1343
-1581
-1405
-1227
-1240
-1286
-1089
-473
370
1285
2303
3089
3503
4093
4817
4958
4645
4507
4629
4636
4540
4529
3751
1288
-1067
-2123
-3735
-5973
-7155
-7814
-7769
-6201
-5145
-4722
-3110
-1709
-1198
417
1583
1081
1333
2537
3098
3520
3712
3456
3526
3367
2505
1543
65
-1876
-2907
-3298
-3929
-4391
-4507
-4342
-3508
-2598
-2500
-2630
-2362
-2241
-2068
-1250
-744
-821
-21
1481
2384
2707
2690
2354
2378
2351
1598
847
430
-62
-63
354
210
-294
-508
-410
-152
-142
-459
-366
390
1299
2140
2856
3220
3316
3600
4018
3990
3470
3236
3552
3926
4239
4644
4165
1888
-589
-1908
-3589
-5998
-7460
-8097
-7903
-6174
-4672
-4187
-2758
-1215
-764
332
1510
891
600
1778
2675
3079
3406
3342
3406
3416
2630
1517
59
-1880
-3095
-3338
-3699
-4031
-3985
-3690
-2891
-1941
-1851
-2259
-2417
-2568
-2577
-1737
-788
-481
226
1730
2852
3052
2634
1932
1447
1226
758
290
78
-116
-6
514
517
-145
-727
-906
-764
-533
-523
-319
663
1903
2838
3705
4306
4106
3742
3824
3720
3022
2527
2524
2980
3773
4316
4501
3964
1468
-1433
-2895
-4936
-7718
-8747
-8727
-8183
-5634
-3722
-3305
-1537
252
165
1039
1894
846
746
2211
2838
3216
3501
3107
3086
2861
1435
-77
-1636
-3453
-4063
-3865
-3860
-3615
-3148
-2652
-1591
-891
-1496
-2359
-2529
-2338
-1826
-855
114
715
1509
2604
3053
2258
1052
312
128
11
-103
-46
70
306
834
892
223
-468
-987
-1151
-622
-94
70
879
2357
3591
4459
4981
4787
4184
3686
3320
2815
2240
2104
2698
3451
4049
4722
4536
1914
-1423
-3172
-5056
-7674
-8587
-8392
-7870
-5320
-2718
-2194
-1225
189
1
312
1140
444
142
1469
2585
3285
3480
2931
2523
1832
274
-1086
-2545
-4309
-4624
-3692
-3093
-2391
-1641
-1380
-759
-218
-840
-1801
-2249
-2534
-2216
-1031
-35
424
848
1398
1929
1625
346
-464
-300
-152
297
1132
1346
1108
1256
1154
380
-600
-1555
-1784
-1076
-267
382
1335
2415
3396
4258
4760
4589
3835
3091
2802
2704
2341
2171
2616
3399
4061
4682
5184
4162
761
-2296
-3545
-5510
-7704
-7778
-7354
-6670
-3947
-2262
-2479
-1585
-678
-1227
-307
672
102
751
2637
3455
3856
3675
2511
1672
606
-1044
-2161
-3276
-4400
-3824
-2549
-2027
-1564
-1269
-1399
-1052
-943
-1637
-2204
-2163
-1805
-1206
-581
-211
-198
-286
148
590
121
-381
75
736
1235
1929
2124
1662
1164
817
122
-841
-1569
-1787
-1390
-423
605
1202
1805
2756
3504
3848
4116
3952
3212
2928
3154
3019
2646
2866
3348
3691
4219
4727
4621
2846
-452
-2918
-4239
-6214
-7319
-6800
-6554
-5355
-2744
-2187
-2465
-1405
-1281
-1575
-65
644
586
2061
3553
4113
4296
3421
2089
1133
-509
-1933
-2605
-3599
-3974
-2936
-2076
-1627
-1171
-1295
-1402
-1143
-1351
-1709
-1631
-1479
-1343
-1074
-912
-1033
-1370
-1408
-701
-69
-154
60
987
1508
1704
2087
1839
1033
619
354
-206
-736
-1183
-1276
-680
99
565
943
1546
2282
2885
3360
3728
3695
3366
3187
2954
2605
2389
2421
2732
3397
4084
4665
5148
4134
942
-2015
-3739
-5813
-7149
-6923
-6823
-5970
-3279
-2191
-2555
-1916
-1687
-2342
-1239
34
492
1895
3625
4613
5213
4670
3090
1819
181
-1455
-2241
-2956
-3447
-2813
-2041
-1574
-1090
-1294
-1901
-1946
-1880
-2118
-2043
-1559
-1459
-1458
-1136
-1150
-1717
-1785
-1226
-603
-55
410
1042
1789
2146
2065
1736
1099
627
351
-201
-603
-786
-1087
-778
58
324
533
1346
2090
2675
3315
3595
3626
3587
3281
3145
3372
3399
3363
3711
4166
4438
4725
4802
3391
4
-3167
-4876
-6291
-7140
-6688
-6125
-5133
-2921
-2087
-2785
-2811
-2837
-3135
-1612
304
1318
2883
4603
5325
5287
4101
2136
643
-804
-1935
-2126
-2373
-2583
-2040
-1594
-1559
-1579
-2178
-2770
-2539
-2130
-1781
-1210
-754
-741
-894
-1076
-1226
-1479
-1568
-882
101
616
997
1495
1715
1652
1414
923
415
44
-226
-471
-735
-1054
-1156
-827
-293
105
525
1178
1930
2608
3140
3391
3380
3208
2971
2976
3197
3361
3459
3808
4144
4316
4597
4869
3946
1283
-1830
-4107
-5459
-6220
-6267
-5936
-5021
-3563
-2548
-2634
-2905
-3104
-2896
-1609
413
2152
3555
4675
5304
5091
3824
1981
162
-1184
-1806
-1989
-2350
-2568
-2592
-2600
-2577
-2630
-2981
-3189
-2866
-2144
-1317
-734
-681
-1017
-1177
-1063
-999
-906
-598
-56
741
1320
1283
1162
1243
1111
1026
1035
807
517
215
-272
-632
-981
-1335
-1026
-415
95
806
1474
1837
2410
3005
3399
3663
3442
3107
3379
3620
3529
3580
3488
3241
3411
3690
3532
2312
-542
-3310
-4424
-4985
-5491
-4922
-4249
-3665
-2508
-2127
-2989
-3310
-3191
-2703
-777
1461
2901
4220
4936
4428
3550
2146
349
-854
-1457
-1670
-1349
-1494
-2060
-2296
-2565
-2912
-2786
-2768
-2797
-2083
-1245
-857
-630
-832
-1479
-1745
-1485
-1128
-702
-238
312
808
844
502
351
405
620
1129
1472
1513
1432
916
27
-591
-1030
-1120
-524
190
819
1508
1776
1755
1954
2134
2460
2989
3084
3071
3414
3590
3572
3461
3025
2830
3107
3278
3234
2088
-621
-2825
-3618
-4380
-4780
-4356
-4000
-3392
-2483
-2768
-3499
-3383
-2892
-2007
-233
1501
2887
3973
4251
3652
2516
1154
239
-251
-782
-967
-861
-1247
-1928
-2414
-2884
-3146
-2884
-2469
-2147
-1693
-1298
-1309
-1528
-1724
-2172
-2447
-1906
-1023
-411
133
584
742
733
557
491
836
1328
1800
2170
2007
1340
636
-91
-724
-918
-638
-79
575
1057
1188
1126
1054
1124
1525
2190
2665
2892
3192
3330
3344
3513
3560
3275
3238
3370
3448
3077
1288
-1415
-2969
-3633
-4313
-4262
-3649
-3408
-2990
-2617
-3323
-4138
-3944
-3016
-1553
194
1556
2800
3851
3912
2944
1789
900
602
604
393
162
-53
-859
-1703
-2252
-2948
-3329
-2702
-1931
-1584
-1499
-1556
-1691
-1881
-2273
-2630
-2557
-1928
-833
-32
268
517
572
486
719
972
1214
1891
2506
2412
1864
934
-76
-715
-1067
-1065
-476
169
681
1173
1253
836
715
1112
1690
2213
2630
2970
3210
3313
3464
3660
3610
3481
3538
3476
3175
2245
77
-2048
-2862
-3455
-4064
-3628
-3119
-3281
-3050
-3114
-4175
-4503
-3578
-2421
-1047
339
1312
2277
2811
2306
1506
929
672
997
1365
1126
543
-328
-1370
-2116
-2774
-3200
-2768
-1854
-1186
-949
-1284
-1830
-2173
-2391
-2474
-2292
-1880
-1039
-139
132
183
289
304
611
1309
1817
2311
2806
2642
1915
1070
159
-548
-796
-677
-352
42
295
362
333
168
177
647
1403
2084
2499
2742
2883
2885
2990
3294
3685
3765
3734
3824
3671
2757
1025
-924
-2128
-2607
-2976
-3129
-2794
-2473
-2529
-2749
-3288
-3955
-3799
-2644
-1395
-487
289
1041
1522
1622
1255
633
531
1046
1519
1604
1072
84
-843
-1601
-2564
-3035
-2529
-2043
-1714
-1146
-1278
-2225
-2833
-2837
-2635
-2258
-1761
-1116
-375
-162
-231
24
285
701
1521
2142
2626
3145
2872
2024
1247
321
-382
-400
-339
-431
-226
47
50
-42
-137
40
482
1040
1748
2066
1919
2038
2280
2349
2717
3469
3822
3839
4074
4041
3274
1866
187
-1214
-1876
-2080
-2264
-2441
-2364
-2386
-2687
-3238
-3883
-4102
-3418
-2089
-878
-332
-4
602
1139
1142
909
940
1205
1609
1888
1523
605
-410
-1274
-1871
-2263
-2368
-2182
-1836
-1725
-1994
-2589
-3254
-3353
-2721
-2026
-1489
-1003
-720
-630
-389
-114
114
735
1773
2618
2989
3043
2851
2369
1670
913
384
189
190
116
-73
-175
-172
-174
-159
9
260
532
933
1302
1383
1517
1900
2359
2814
3335
3726
3756
3613
3599
3468
2623
1169
-97
-997
-1663
-1931
-2176
-2621
-2793
-2717
-2974
-3612
-4158
-4029
-2982
-1660
-998
-690
-161
502
1038
1192
1027
1122
1669
2080
1873
1229
439
-263
-765
-1290
-1788
-1998
-1880
-1785
-2066
-2662
-3294
-3546
-3061
-2296
-1861
-1620
-1321
-1151
-1003
-645
-268
334
1367
2325
2853
2995
2811
2578
2304
1664
936
686
611
322
-67
-465
-689
-534
-264
-153
-34
167
450
823
1035
1072
1474
2206
2879
3439
3814
3754
3535
3487
3426
2998
2073
926
59
-535
-1058
-1580
-2201
-2686
-2818
-2760
-2988
-3545
-3960
-3612
-2589
-1736
-1484
-1259
-708
59
619
776
763
1030
1647
2066
1839
1178
589
310
-25
-672
-1315
-1631
-1544
-1524
-1909
-2492
-2906
-2934
-2492
-1962
-1828
-1858
-1571
-1244
-982
-591
-72
680
1563
2213
2513
2564
2383
2134
1882
1460
992
713
378
-32
-338
-592
-783
-723
-647
-693
-637
-584
-598
-350
27
339
846
1393
1780
2236
2595
2500
2432
2563
2553
2417
2206
1739
1305
1023
611
178
-200
-550
-547
-302
-337
-517
-701
-1007
-1125
-1018
-1063
-1134
-832
-345
55
283
162
6
104
140
100
105
-87
-403
-701
-1158
-1741
-2041
-1964
-1782
-1653
-1710
-1854
-1962
-1957
-1884
-1922
-1949
-1864
-1730
-1504
-1132
-700
-241
199
516
759
1045
1228
1237
1141
1014
974
942
693
377
217
155
179
330
370
250
233
300
351
513
694
922
1284
1534
1732
2068
2210
2079
2042
2118
2160
2169
1976
1585
1301
1064
810
715
534
215
253
460
341
51
-333
-805
-1071
-1136
-1242
-1264
-1112
-896
-614
-457
-616
-791
-818
-847
-801
-758
-924
-1172
-1407
-1843
-2116
-1991
-1788
-1595
-1451
-1457
-1559
-1631
-1632
-1626
-1644
-1608
-1435
-1258
-1114
-924
-573
-196
29
176
396
736
1007
1107
1088
1049
986
933
817
576
332
237
379
497
506
414
413
479
534
729
993
1285
1502
1751
1994
2167
2136
2026
1981
2046
2161
2120
1839
1443
1182
1049
1084
1178
1083
924
937
979
703
304
-183
-734
-976
-997
-1089
-1209
-1200
-1198
-1162
-1076
-1156
-1252
-1255
-1220
-1145
-1008
-1056
-1210
-1327
-1525
-1585
-1437
-1407
-1509
-1469
-1543
-1557
-1495
-1569
-1767
-1841
-1743
-1722
-1590
-1478
-1360
-956
-537
-354
-207
81
357
720
994
1021
968
878
855
893
734
517
577
719
773
825
760
590
564
652
737
989
1177
1266
1494
1736
1801
1774
1824
1715
1683
1687
1651
1508
1329
1301
1372
1620
1814
1783
1527
1293
1105
822
408
-198
-843
-1146
-1167
-1233
-1267
-1323
-1388
-1337
-1242
-1309
-1365
-1343
-1273
-1031
-837
-938
-1142
-1303
-1414
-1322
-1127
-1069
-1037
-1071
-1267
-1336
-1521
-1844
-1976
-1883
-1764
-1573
-1418
-1447
-1325
-1008
-692
-419
-168
52
325
629
835
895
890
948
1148
1253
1161
1171
1180
1124
1212
1185
881
696
692
686
880
1116
1115
1149
1318
1434
1487
1448
1324
1266
1307
1387
1488
1362
1148
1268
1581
1884
2078
1962
1621
1381
1137
680
74
-573
-1098
-1254
-1280
-1449
-1674
-1818
-1849
-1842
-1844
-1861
-1765
-1601
-1363
-1042
-874
-940
-1028
-1068
-985
-773
-618
-616
-713
-930
-1206
-1397
-1665
-1920
-1978
-1860
-1689
-1554
-1539
-1573
-1447
-1094
-640
-272
-15
216
409
597
772
786
783
966
1245
1402
1450
1437
1298
1182
1188
1097
876
727
666
719
931
997
869
833
870
952
1095
1059
854
772
809
889
1044
1092
1153
1550
2082
2434
2550
2436
2093
1694
1311
867
339
-191
-548
-623
-696
-956
-1217
-1369
-1560
-1716
-1737
-1715
-1626
-1469
-1222
-947
-832
-919
-964
-924
-838
-741
-724
-854
-1032
-1272
-1525
-1722
-1942
-2081
-2034
-1851
-1678
-1536
-1457
-1384
-1221
-843
-368
-8
180
295
326
376
472
481
488
729
1121
1317
1352
1232
975
814
810
689
490
372
328
431
602
519
420
461
473
639
822
662
449
479
477
607
962
1188
1457
1965
2306
2446
2516
2315
1923
1628
1376
1106
801
361
30
-80
-269
-562
-741
-936
-1133
-1177
-1219
-1272
-1167
-1055
-879
-620
-641
-859
-876
-854
-969
-1019
-1060
-1226
-1342
-1464
-1716
-1938
-2068
-2143
-2106
-1966
-1845
-1658
-1448
-1309
-1076
-645
-247
53
262
266
241
411
529
535
708
1026
1335
1523
1464
1164
948
843
723
574
405
309
385
529
583
538
479
435
512
674
629
474
435
458
504
713
956
1193
1553
1911
2054
2111
2085
1864
1627
1495
1307
1068
852
559
239
-53
-325
-565
-697
-821
-962
-1067
-1206
-1274
-1203
-1168
-1073
-879
-883
-998
-979
-1042
-1242
-1264
-1260
-1415
-1474
-1487
-1659
-1796
-1842
-1909
-1881
-1732
-1587
-1424
-1248
-1082
-812
-488
-271
-128
-60
-93
-16
120
156
254
514
775
998
1119
1052
920
878
865
835
782
691
677
738
741
742
725
595
497
531
532
431
357
343
377
504
678
844
1091
1410
1653
1764
1860
1903
1845
1875
1964
1875
1735
1610
1322
947
578
158
-135
-232
-414
-615
-734
-967
-1180
-1237
-1377
-1439
-1339
-1402
-1473
-1417
-1521
-1605
-1461
-1440
-1510
-1403
-1346
-1419
-1488
-1667
-1768
-1635
-1498
-1339
-1107
-964
-781
-512
-367
-340
-347
-382
-311
-156
-118
-60
114
281
479
636
626
621
684
727
811
889
831
779
798
740
622
580
510
366
259
219
166
64
29
106
224
359
506
648
833
1041
1209
1379
1570
1734
1883
2096
2299
2322
2186
1972
1669
1296
885
465
116
-86
-223
-358
-539
-825
-1096
-1242
-1386
-1509
-1555
-1559
-1500
-1427
-1389
-1317
-1212
-1120
-1028
-949
-920
-949
-1094
-1292
-1364
-1351
-1286
-1146
-1045
-975
-827
-731
-731
-782
-853
-779
-548
-363
-230
-70
59
231
433
476
472
631
832
1001
1190
1245
1192
1156
1033
807
611
435
259
171
91
-9
-92
-171
-158
-46
58
164
332
444
583
830
1050
1252
1528
1826
2082
2355
2529
2480
2299
2000
1616
1265
912
472
118
-63
-207
-377
-611
-883
-1069
-1206
-1410
-1536
-1577
-1598
-1512
-1384
-1309
-1227
-1098
-956
-844
-875
-960
-1001
-1111
-1262
-1320
-1306
-1265
-1209
-1182
-1110
-1031
-1056
-1079
-1101
-1122
-986
-758
-581
-392
-241
-160
32
178
154
251
553
832
1076
1292
1360
1317
1176
960
748
562
374
297
323
289
207
105
14
10
114
245
386
482
533
702
956
1120
1239
1488
1845
2173
2389
2454
2379
2200
1940
1609
1273
927
587
359
185
-60
-304
-447
-597
-789
-996
-1175
-1232
-1243
-1279
-1250
-1141
-1032
-903
-780
-727
-745
-834
-918
-1024
-1218
-1390
-1439
-1446
-1486
-1531
-1498
-1388
-1372
-1394
-1335
-1297
-1238
-1041
-852
-703
-483
-330
-219
-53
30
79
308
617
852
1037
1137
1122
1001
782
543
343
160
63
117
162
112
61
32
13
69
231
410
553
639
724
885
1064
1165
1270
1497
1776
2042
2235
2262
2157
2001
1776
1492
1208
915
691
566
357
74
-79
-164
-318
-516
-767
-945
-957
-987
-1066
-1063
-1006
-875
-682
-681
-832
-934
-1033
-1161
-1312
-1492
-1552
-1444
-1392
-1417
-1419
-1380
-1324
-1319
-1329
-1236
-1030
-786
-557
-429
-348
-214
-113
-82
-60
18
199
477
688
782
836
873
878
790
614
421
294
242
225
223
203
205
238
270
283
324
413
518
598
619
639
719
816
914
1067
1231
1420
1676
1865
1888
1803
1642
1442
1277
1097
895
772
625
390
199
40
-151
-308
-483
-707
-818
-867
-979
-1015
-981
-976
-860
-725
-827
-1050
-1244
-1439
-1567
-1648
-1728
-1634
-1428
-1301
-1208
-1180
-1267
-1315
-1295
-1267
-1093
-808
-586
-375
-194
-138
-114
-67
-49
7
146
286
414
502
519
566
645
626
540
463
368
327
353
311
238
258
291
311
378
408
411
506
616
643
654
659
692
794
892
986
1104
1216
1382
1586
1644
1583
1529
1434
1304
1212
1098
963
835
647
458
324
127
-94
-274
-455
-549
-557
-620
-646
-607
-615
-570
-521
-744
-1098
-1321
-1488
-1621
-1678
-1711
-1630
-1416
-1264
-1216
-1250
-1390
-1473
-1408
-1312
-1153
-903
-678
-453
-262
-236
-270
-249
-220
-156
-20
101
174
243
305
364
390
346
278
240
233
292
346
292
227
239
264
273
313
351
374
424
473
495
522
555
598
659
748
847
928
1017
1131
1234
1322
1402
1410
1320
1254
1274
1313
1288
1166
1008
890
766
562
288
9
-153
-161
-166
-238
-288
-322
-344
-338
-474
-807
-1109
-1284
-1415
-1540
-1633
-1635
-1525
-1366
-1253
-1230
-1299
-1372
-1399
-1405
-1342
-1194
-984
-744
-553
-468
-466
-506
-536
-492
-366
-209
-86
-29
8
82
124
140
185
200
235
389
541
544
470
433
460
517
573
639
701
708
714
752
760
736
716
703
722
771
806
853
913
944
978
1070
1141
1102
1048
1103
1217
1265
1240
1161
1043
919
775
541
228
-32
-140
-147
-175
-271
-352
-383
-415
-516
-744
-1051
-1302
-1434
-1527
-1580
-1599
-1605
-1505
-1307
-1194
-1203
-1210
-1208
-1220
-1201
-1134
-1044
-908
-746
-601
-537
-600
-709
-734
-656
-548
-460
-411
-367
-282
-196
-144
-74
0
68
237
495
647
675
713
763
796
856
927
964
963
933
890
832
724
590
510
493
514
581
669
749
850
926
961
1040
1105
1119
1230
1434
1523
1535
1550
1469
1328
1195
978
653
336
70
-66
-125
-263
-414
-479
-535
-617
-717
-949
-1223
-1378
-1448
-1435
-1350
-1370
-1396
-1210
-1019
-974
-932
-884
-883
-850
-811
-814
-804
-795
-745
-640
-675
-871
-998
-1027
-1029
-959
-877
-830
-727
-599
-498
-370
-263
-203
-48
218
440
600
729
784
811
858
911
957
954
895
818
700
511
318
194
129
159
280
433
591
743
853
915
971
1026
1096
1230
1410
1542
1584
1584
1540
1438
1324
1187
975
700
419
185
35
-115
-318
-467
-522
-566
-646
-778
-964
-1130
-1203
-1168
-1062
-991
-1005
-950
-789
-698
-682
-622
-572
-568
-552
-557
-616
-699
-773
-789
-772
-869
-1049
-1137
-1143
-1138
-1068
-962
-883
-790
-645
-479
-312
-180
-70
120
316
433
544
626
616
628
716
767
776
763
690
585
464
307
179
141
148
225
388
544
686
831
926
994
1083
1137
1190
1324
1441
1486
1511
1491
1399
1312
1227
1073
863
606
336
158
28
-167
-371
-480
-539
-610
-706
-815
-944
-1052
-1079
-1021
-961
-955
-942
-862
-750
-704
-693
-652
-645
-695
-740
-795
-883
-955
-989
-993
-999
-1065
-1147
-1137
-1093
-1085
-1014
-863
-738
-624
-455
-273
-113
16
143
272
336
349
414
476
478
531
644
704
717
697
603
491
379
264
227
252
264
358
539
683
803
913
956
1001
1058
1067
1110
1213
1304
1393
1502
1505
1415
1348
1261
1117
927
698
504
398
284
121
-38
-179
-300
-391
-465
-553
-681
-796
-816
-804
-854
-900
-892
-856
-803
-781
-798
-807
-856
-956
-1010
-1041
-1099
-1079
-1019
-1041
-1086
-1122
-1147
-1138
-1122
-1111
-997
-789
-645
-527
-394
-295
-196
-95
-37
-14
1
55
173
266
305
414
569
651
685
654
520
385
289
222
209
218
254
412
606
694
744
786
783
797
843
875
945
1062
1181
1309
1378
1328
1270
1247
1189
1099
988
859
740
635
522
395
223
38
-89
-184
-270
-349
-472
-584
-603
-640
-726
-778
-817
-851
-828
-816
-856
-866
-882
-935
-958
-981
-1007
-963
-942
-1017
-1066
-1089
-1141
-1143
-1102
-1037
-885
-696
-580
-492
-419
-379
-322
-274
-273
-225
-118
-12
98
198
305
458
594
666
701
650
505
374
283
214
217
295
411
554
660
711
745
756
749
785
871
967
1079
1200
1299
1348
1326
1267
1235
1192
1107
1029
948
845
714
570
457
330
154
-4
-118
-236
-335
-411
-507
-591
-629
-658
-672
-693
-768
-834
-847
-880
-911
-880
-865
-883
-919
-985
-1024
-1016
-1054
-1126
-1160
-1195
-1218
-1173
-1107
-1013
-864
-718
-606
-524
-508
-515
-490
-483
-470
-369
-218
-87
50
194
344
492
569
603
629
583
452
352
302
301
381
483
567
638
689
721
747
732
712
762
870
998
1142
1276
1356
1364
1291
1197
1154
1117
1065
1034
1022
995
914
791
658
529
385
233
97
-42
-174
-280
-385
-493
-564
-570
-549
-575
-665
-742
-775
-812
-840
-824
-806
-821
-867
-932
-956
-952
-981
-1034
-1080
-1102
-1084
-1037
-1005
-969
-905
-849
-792
-763
-779
-774
-720
-691
-674
-593
-461
-306
-153
-24
131
301
401
466
523
513
456
434
432
442
482
490
485
488
481
511
582
594
590
667
777
885
994
1066
1085
1062
990
929
929
940
968
1017
1031
1004
948
850
728
611
473
343
250
145
20
-88
-213
-334
-393
-406
-404
-420
-474
-527
-549
-580
-598
-581
-576
-608
-639
-663
-666
-671
-725
-789
-841
-878
-878
-883
-911
-920
-911
-911
-915
-910
-914
-875
-810
-790
-756
-668
-532
-364
-203
-66
112
299
411
507
580
571
545
564
583
603
613
583
535
483
446
480
521
495
505
584
644
690
735
750
753
740
711
715
723
711
739
776
750
735
755
722
660
587
489
411
329
191
69
-31
-168
-275
-318
-354
-367
-370
-410
-450
-489
-539
-545
-533
-574
-605
-596
-591
-591
-604
-657
-724
-789
-841
-858
-887
-932
-931
-915
-924
-915
-905
-908
-876
-839
-800
-725
-623
-504
-334
-173
-38
131
286
397
517
588
586
601
639
671
702
710
675
635
588
557
564
537
480
480
514
524
535
540
539
552
572
613
666
668
654
679
679
649
664
700
707
714
691
625
538
385
218
104
-17
-148
-218
-251
-270
-253
-228
-229
-255
-313
-343
-342
-387
-473
-531
-554
-564
-566
-598
-669
-757
-836
-877
-918
-1007
-1084
-1091
-1085
-1083
-1039
-1007
-979
-908
-827
-743
-638
-528
-391
-212
-61
69
207
312
406
521
596
620
640
643
628
603
546
486
439
396
376
370
345
328
349
380
416
458
479
503
540
573
634
687
710
731
744
721
697
700
685
666
644
582
480
338
158
1
-92
-175
-243
-276
-290
-282
-236
-191
-175
-180
-185
-145
-109
-143
-219
-285
-317
-338
-367
-440
-545
-643
-719
-769
-849
-970
-1053
-1081
-1086
-1065
-1036
-1029
-997
-910
-807
-686
-561
-418
-228
-21
147
281
376
427
484
563
620
621
589
535
493
449
381
314
256
223
212
206
197
195
204
230
305
391
466
524
559
582
604
625
638
648
646
649
678
703
696
662
606
522
423
278
100
-39
-115
-157
-193
-227
-235
-206
-156
-122
-126
-142
-144
-108
-69
-81
-126
-171
-198
-221
-276
-380
-500
-610
-696
-773
-854
-918
-954
-958
-938
-901
-863
-837
-800
-731
-640
-540
-437
-313
-159
3
135
218
247
250
269
304
324
309
259
207
185
184
162
126
108
129
168
197
212
209
197
202
240
313
390
432
450
469
499
530
547
549
558
588
632
667
673
648
593
544
477
379
258
158
111
86
35
-22
-49
-30
11
24
8
-10
-2
16
29
-1
-70
-144
-202
-247
-325
-439
-545
-611
-656
-683
-702
-701
-690
-681
-667
-655
-623
-581
-544
-499
-438
-369
-308
-247
-182
-114
-68
-56
-58
-58
-35
19
61
70
63
55
67
88
87
63
44
65
118
165
177
156
122
103
109
138
167
179
176
187
236
306
356
380
422
488
558
604
612
574
518
467
421
375
326
293
288
292
253
174
118
107
101
75
31
-5
2
19
8
-34
-93
-158
-204
-246
-317
-396
-457
-482
-477
-449
-413
-371
-340
-341
-368
-394
-404
-399
-386
-377
-366
-334
-291
-258
-234
-209
-187
-153
-123
-103
-65
-15
23
46
67
84
104
128
129
116
98
96
121
146
134
81
36
13
3
15
26
21
21
40
95
168
224
256
305
393
470
517
518
477
433
392
346
317
300
292
305
304
258
180
123
87
52
8
-34
-52
-39
-28
-48
-88
-124
-148
-159
-166
-200
-238
-257
-268
-270
-261
-255
-241
-242
-282
-335
-367
-386
-393
-398
-412
-421
-410
-379
-347
-313
-280
-227
-141
-66
-19
23
57
66
78
97
118
142
153
151
140
127
101
95
105
79
28
-23
-67
-96
-114
-131
-149
-138
-99
-31
70
139
192
280
391
470
515
525
504
477
456
429
408
388
363
340
290
191
82
13
-27
-56
-70
-74
-54
-17
-11
-28
-47
-60
-59
-31
-11
-24
-43
-61
-79
-107
-137
-162
-172
-191
-245
-291
-321
-350
-372
-385
-388
-379
-347
-314
-276
-235
-199
-148
-73
-14
19
58
86
98
111
123
135
140
129
112
97
70
38
24
18
-8
-49
-106
-168
-222
-268
-315
-333
-304
-242
-138
-18
62
122
208
302
381
428
448
451
462
451
413
369
321
280
240
183
86
-4
-44
-53
-57
-52
-35
-4
42
56
50
41
44
55
77
95
76
43
8
-33
-74
-110
-137
-148
-150
-178
-198
-211
-236
-265
-277
-263
-230
-191
-156
-124
-93
-62
-28
11
35
73
121
153
169
157
140
125
110
85
61
49
14
-15
-35
-67
-114
-169
-224
-286
-335
-383
-420
-420
-383
-320
-226
-132
-66
-11
56
136
206
257
290
321
359
368
347
325
301
276
269
241
176
115
81
65
58
52
47
57
76
80
75
77
78
74
79
80
65
43
21
-3
-19
-29
-44
-62
-83
-103
-125
-142
-168
-200
-211
-188
-148
-106
-79
-65
-47
-29
-5
1
12
47
97
140
163
151
113
88
68
47
37
32
21
11
-7
-44
-98
-158
-227
-294
-349
-408
-449
-462
-450
-406
-335
-273
-228
-168
-92
-15
64
140
193
252
311
338
338
332
314
296
284
245
176
105
47
-6
-41
-62
-70
-65
-39
-2
36
71
92
112
132
149
155
160
168
163
168
178
164
126
80
30
-12
-43
-79
-112
-124
-103
-79
-68
-65
-83
-98
-100
-101
-105
-85
-39
11
71
108
109
107
108
114
133
166
192
207
211
189
138
64
-25
-134
-233
-315
-395
-454
-485
-490
-466
-416
-372
-331
-267
-181
-90
2
83
145
196
234
241
225
207
178
157
141
99
25
-42
-101
-154
-176
-174
-154
-114
-57
5
54
101
141
163
190
208
218
230
242
248
248
241
211
159
109
51
-5
-44
-80
-100
-100
-80
-68
-67
-82
-112
-128
-131
-133
-118
-76
-13
66
135
174
187
191
195
215
246
284
312
322
306
245
163
62
-55
-178
-285
-371
-441
-479
-494
-486
-456
-403
-353
-295
-228
-157
-72
11
80
134
174
184
171
141
114
97
88
77
46
-1
-60
-117
-166
-190
-187
-159
-116
-65
-20
19
58
79
93
111
129
146
165
177
173
166
157
143
119
79
36
-9
-42
-66
-72
-58
-46
-43
-50
-75
-103
-114
-108
-83
-35
37
110
176
222
235
241
241
249
270
301
324
330
315
263
185
93
-10
-131
-249
-345
-417
-450
-462
-448
-419
-386
-352
-325
-283
-231
-164
-86
0
82
140
170
165
145
120
110
110
116
113
79
20
-55
-124
-176
-211
-216
-203
-173
-135
-102
-67
-39
-15
10
45
78
104
121
133
142
146
144
139
117
81
40
2
-20
-22
-8
11
19
2
-33
-67
-84
-80
-45
18
83
152
214
251
269
270
267
278
294
314
335
342
330
298
238
155
64
-43
-154
-246
-317
-357
-365
-358
-339
-335
-338
-336
-322
-287
-227
-142
-46
36
103
147
160
143
123
114
103
104
98
74
23
-48
-117
-181
-226
-248
-255
-249
-230
-194
-158
-120
-79
-49
-22
6
33
62
82
97
105
99
81
59
23
-8
-27
-36
-30
-5
22
33
28
9
-14
-26
-17
2
39
89
137
181
222
252
264
266
269
280
299
324
341
339
322
279
221
151
69
-14
-90
-152
-197
-219
-231
-252
-281
-310
-333
-321
-288
-227
-141
-47
34
103
153
167
161
141
114
89
74
61
33
-5
-59
-123
-192
-243
-283
-303
-303
-285
-248
-203
-157
-120
-83
-59
-34
2
40
75
97
99
87
62
25
-7
-40
-63
-72
-61
-42
-20
-13
-21
-45
-76
-99
-112
-99
-73
-30
23
85
146
197
231
246
258
279
311
347
378
395
391
366
314
246
172
92
19
-42
-92
-127
-153
-173
-195
-219
-237
-231
-203
-157
-90
-22
39
91
126
138
129
103
77
47
22
5
-8
-29
-64
-110
-161
-201
-229
-249
-247
-235
-213
-179
-139
-103
-80
-58
-37
-17
6
32
51
60
48
29
10
-12
-31
-49
-57
-56
-54
-49
-54
-70
-104
-149
-193
-213
-203
-176
-127
-71
-18
33
77
114
133
150
176
214
262
311
359
372
363
328
281
223
160
108
56
29
12
-2
-2
-17
-42
-71
-88
-87
-70
-37
2
36
65
78
82
69
45
19
-6
-24
-25
-21
-19
-25
-45
-77
-111
-137
-151
-157
-158
-150
-131
-99
-71
-52
-45
-53
-59
-60
-64
-62
-61
-66
-73
-74
-72
-64
-55
-51
-46
-40
-35
-29
-32
-52
-79
-106
-123
-124
-111
-90
-74
-56
-41
-24
-4
13
27
46
77
118
173
216
251
258
243
228
216
200
185
171
158
155
147
140
126
92
56
16
-9
-18
-11
-8
-9
-7
-11
-15
-22
-27
-35
-41
-36
-21
2
22
29
17
-10
-38
-61
-71
-69
-74
-72
-60
-41
-20
-13
-23
-47
-74
-92
-105
-114
-114
-122
-130
-137
-140
-129
-117
-101
-89
-68
-45
-17
5
11
7
-8
-25
-40
-44
-46
-56
-66
-74
-74
-66
-51
-39
-20
10
45
91
138
177
200
211
217
215
217
224
214
207
197
190
183
163
140
100
58
26
4
-12
-18
-23
-40
-54
-59
-62
-56
-47
-41
-22
11
45
70
85
88
67
41
16
5
-5
-13
-19
-21
-22
-28
-31
-49
-72
-104
-126
-139
-141
-142
-148
-158
-169
-169
-165
-151
-136
-117
-91
-54
-21
8
22
17
-4
-35
-61
-75
-96
-117
-134
-149
-157
-154
-142
-127
-106
-75
-27
29
95
149
191
216
218
228
232
234
232
220
202
181
168
147
114
76
35
8
-13
-25
-28
-33
-41
-51
-61
-60
-47
-24
7
31
65
105
139
162
169
155
120
93
73
61
49
34
18
4
-6
-14
-27
-52
-82
-106
-116
-111
-103
-104
-115
-135
-148
-151
-145
-123
-104
-88
-62
-35
-12
0
-5
-32
-62
-91
-120
-138
-154
-176
-197
-213
-216
-207
-193
-173
-143
-99
-35
43
117
172
203
220
225
226
226
220
206
183
159
139
128
116
93
61
33
16
14
19
18
9
-3
-7
-8
7
22
39
56
76
106
141
168
173
169
145
118
98
82
64
43
14
-5
-15
-23
-24
-40
-57
-75
-83
-87
-85
-85
-98
-120
-133
-142
-139
-131
-126
-115
-104
-91
-79
-58
-49
-59
-86
-110
-130
-143
-160
-187
-214
-242
-254
-244
-225
-201
-170
-121
-62
7
77
128
162
174
178
181
181
180
173
158
149
142
141
136
125
110
86
69
64
74
79
80
81
73
74
83
86
88
94
97
110
131
157
171
167
151
120
94
68
55
35
16
6
-3
-3
-5
-8
-23
-43
-61
-71
-70
-71
-73
-79
-87
-97
-105
-106
-112
-126
-140
-146
-135
-119
-107
-98
-103
-112
-121
-134
-156
-188
-224
-255
-271
-262
-236
-199
-155
-109
-61
-6
48
88
106
105
99
87
88
93
95
99
100
105
105
103
100
87
66
50
55
73
97
117
120
122
117
109
108
95
80
72
73
77
91
106
109
95
72
50
33
31
22
18
20
28
45
58
66
55
36
15
-2
-8
-11
-9
-13
-25
-33
-41
-45
-57
-83
-114
-134
-138
-131
-113
-92
-83
-78
-79
-84
-91
-111
-147
-188
-219
-228
-219
-185
-153
-125
-92
-53
-8
32
46
38
23
5
4
13
22
37
46
52
61
79
98
105
93
79
80
98
129
157
166
154
135
111
79
50
22
-17
-51
-61
-46
-13
14
22
13
3
3
19
34
44
52
65
86
114
135
137
118
85
54
41
43
49
54
41
21
5
-6
-17
-46
-89
-129
-146
-147
-127
-95
-74
-65
-68
-74
-78
-83
-101
-142
-189
-216
-211
-180
-148
-121
-98
-69
-41
-8
14
17
6
-17
-33
-27
0
29
51
58
68
84
109
134
133
119
112
122
148
174
195
195
161
116
66
27
-7
-45
-77
-99
-89
-48
1
31
34
19
5
5
20
34
47
59
72
95
118
149
163
145
103
69
51
47
47
30
-3
-42
-73
-98
-121
-147
-183
-206
-214
-204
-168
-120
-92
-87
-91
-96
-85
-80
-88
-120
-147
-152
-134
-98
-60
-35
-23
-15
-4
14
37
40
24
2
-6
17
55
82
90
85
78
81
96
102
102
100
95
112
141
176
196
180
136
83
42
19
4
-11
-20
-17
4
39
68
75
53
15
-18
-29
-14
16
48
70
86
102
129
148
126
71
11
-33
-56
-59
-61
-76
-102
-132
-153
-169
-185
-200
-217
-236
-229
-197
-142
-88
-59
-48
-48
-39
-24
-25
-51
-88
-121
-131
-119
-98
-68
-44
-30
-23
-7
14
27
20
-8
-36
-39
-17
20
54
67
72
79
91
106
116
115
108
108
124
161
201
219
209
172
134
114
96
74
46
17
-3
-4
7
9
2
-13
-38
-54
-46
-13
19
38
45
41
45
55
52
25
-6
-32
-54
-49
-41
-41
-54
-80
-104
-127
-131
-127
-125
-124
-121
-95
-60
-17
9
8
-5
-25
-40
-49
-64
-83
-100
-120
-126
-109
-87
-69
-65
-68
-71
-58
-49
-39
-40
-49
-52
-43
-16
18
38
51
56
58
71
84
101
115
124
131
154
186
208
207
181
143
103
70
43
22
5
-14
-20
-14
-5
-1
-8
-22
-33
-32
-19
2
22
27
30
29
31
37
35
27
13
0
3
15
24
25
11
-10
-31
-48
-57
-62
-66
-66
-55
-32
-19
-8
-5
-17
-34
-57
-71
-80
-92
-104
-112
-115
-117
-104
-90
-85
-81
-80
-75
-68
-55
-44
-37
-32
-22
-8
13
35
46
53
49
63
75
88
98
105
120
127
144
158
161
148
123
89
60
38
20
11
1
3
5
16
21
13
4
-9
-20
-25
-20
-5
15
27
28
35
43
46
51
53
50
50
57
58
61
51
28
9
-18
-41
-52
-65
-67
-60
-49
-36
-30
-36
-45
-62
-84
-104
-115
-122
-135
-145
-146
-150
-145
-137
-133
-130
-122
-113
-96
-70
-46
-26
-14
-11
-5
8
16
28
38
46
55
60
68
73
84
93
104
121
133
136
142
140
125
105
84
64
49
45
43
42
49
54
46
35
24
13
3
4
11
16
30
39
54
59
62
67
68
68
67
73
77
76
74
65
44
17
-8
-31
-46
-54
-54
-50
-50
-57
-69
-87
-110
-124
-142
-161
-173
-184
-187
-187
-185
-184
-177
-174
-168
-150
-122
-91
-60
-35
-21
-14
-13
-11
-3
-3
4
16
22
28
34
36
36
45
55
65
85
106
131
155
166
166
158
138
119
97
85
86
83
84
82
70
56
37
28
19
8
2
-3
4
18
24
29
35
37
35
36
43
55
67
78
82
81
60
35
14
-4
-10
-17
-21
-31
-44
-57
-77
-99
-120
-139
-157
-173
-180
-180
-173
-162
-161
-159
-161
-159
-151
-134
-105
-70
-36
-14
2
14
20
24
28
36
41
37
40
39
40
46
42
42
47
59
76
100
133
155
171
174
165
147
127
112
104
97
88
78
73
54
35
22
4
-8
-23
-31
-31
-27
-22
-15
-10
-8
-11
-13
-10
2
22
47
61
65
59
52
44
32
24
8
-5
-17
-27
-36
-51
-69
-92
-120
-147
-163
-170
-171
-165
-159
-150
-142
-138
-141
-144
-130
-109
-80
-53
-34
-12
6
18
31
40
51
55
56
64
64
69
78
74
58
46
37
46
69
93
119
141
161
168
169
161
146
131
107
93
81
68
58
50
30
9
-12
-35
-50
-66
-69
-68
-70
-60
-49
-48
-47
-42
-29
-6
20
51
67
70
70
66
63
58
44
28
10
-3
-8
-15
-21
-44
-81
-112
-143
-159
-163
-169
-163
-157
-147
-132
-118
-113
-117
-119
-118
-109
-90
-58
-35
-14
5
22
38
49
55
54
49
45
35
28
15
-8
-24
-35
-30
-5
25
53
74
86
100
109
117
119
106
97
84
83
96
96
91
70
37
16
-3
-10
-15
-17
-13
-4
12
30
44
56
57
51
50
53
63
67
58
54
44
34
36
30
22
14
-6
-3
-1
-7
-21
-48
-75
-97
-101
-98
-97
-92
-89
-95
-91
-84
-86
-90
-99
-104
-98
-78
-44
-24
-9
-4
-10
-8
-11
-20
-29
-49
-67
-76
-81
-75
-80
-94
-99
-94
-79
-53
-19
12
31
47
71
91
110
125
120
113
98
101
102
91
74
42
18
8
4
13
22
28
40
48
61
76
75
69
54
43
45
46
61
68
63
59
52
55
60
56
53
52
48
57
63
68
63
35
13
-13
-21
-23
-33
-45
-64
-75
-76
-77
-74
-78
-87
-89
-90
-72
-63
-64
-68
-87
-98
-97
-97
-90
-86
-101
-105
-105
-93
-82
-85
-87
-89
-74
-47
-17
19
45
57
70
84
95
102
98
90
76
68
68
65
58
43
22
5
1
-1
0
2
0
5
11
23
32
46
60
56
58
59
66
75
76
72
63
61
69
73
80
88
85
81
83
81
72
58
39
10
-6
-12
-24
-28
-32
-43
-48
-55
-66
-73
-78
-91
-99
-104
-100
-90
-81
-71
-69
-67
-66
-60
-58
-57
-64
-72
-70
-67
-65
-56
-46
-41
-35
-19
-7
9
24
28
29
32
39
39
47
53
47
41
40
35
28
21
6
-12
-19
-17
-15
-5
4
12
19
35
40
53
65
58
49
44
52
47
44
48
45
41
41
41
43
49
44
36
38
39
34
36
34
21
9
4
-6
-14
-18
-37
-55
-69
-79
-78
-78
-79
-81
-82
-72
-58
-44
-36
-35
-38
-38
-41
-44
-40
-42
-57
-66
-65
-69
-63
-52
-50
-48
-41
-26
-11
5
20
23
29
38
48
54
65
61
50
47
36
30
28
18
6
3
8
9
17
29
32
32
45
48
54
62
58
46
35
29
25
29
33
31
32
37
40
47
55
58
54
52
50
49
51
46
33
18
13
2
-8
-22
-42
-69
-83
-96
-106
-104
-102
-106
-104
-92
-85
-67
-52
-51
-57
-61
-58
-59
-60
-64
-72
-83
-83
-79
-71
-58
-46
-42
-36
-19
-7
12
27
37
41
47
57
73
84
82
69
56
53
50
48
40
34
30
31
38
46
61
70
69
64
57
48
44
39
30
19
10
12
11
27
37
45
60
69
77
80
86
83
77
75
68
62
60
52
40
30
12
-2
-21
-45
-68
-84
-95
-105
-105
-109
-112
-103
-92
-81
-72
-64
-64
-75
-79
-78
-83
-83
-89
-101
-106
-100
-92
-85
-75
-61
-59
-55
-45
-34
-17
-5
1
12
27
35
45
54
62
56
51
51
53
60
61
61
60
64
71
80
82
78
70
53
43
31
18
16
13
7
8
16
29
49
66
79
95
95
102
110
106
102
96
91
78
72
65
58
54
43
31
15
-5
-18
-28
-43
-59
-72
-78
-76
-71
-65
-59
-54
-50
-52
-57
-59
-63
-68
-69
-75
-80
-84
-86
-82
-74
-75
-80
-83
-83
-82
-74
-68
-66
-57
-50
-37
-24
-9
5
16
23
24
26
29
36
39
39
35
34
34
36
33
29
23
15
7
-2
-4
0
5
7
7
16
33
51
68
80
88
88
95
90
88
93
88
84
78
78
81
92
95
92
78
69
55
36
24
10
-8
-22
-34
-43
-43
-45
-37
-35
-34
-34
-35
-30
-36
-40
-47
-54
-60
-69
-72
-78
-83
-87
-97
-102
-103
-103
-104
-99
-91
-76
-63
-52
-29
-12
4
14
23
28
29
29
34
34
26
18
14
15
17
23
23
13
8
0
-6
-8
-12
-13
-12
-12
-9
-2
10
22
26
30
29
28
27
22
26
28
31
36
47
61
71
81
89
91
84
71
60
46
32
19
5
3
1
-5
-3
3
6
5
1
-2
-9
-19
-29
-43
-60
-67
-76
-73
-71
-74
-77
-82
-85
-84
-84
-85
-85
-79
-75
-65
-51
-32
-14
3
19
33
39
36
38
40
37
37
38
36
43
51
56
56
58
51
39
32
18
4
-9
-28
-37
-38
-36
-27
-24
-16
-4
-1
-3
-5
-2
-1
0
6
15
25
38
52
64
80
91
91
86
78
74
59
46
37
28
23
20
21
18
16
12
7
-6
-24
-35
-47
-65
-79
-85
-89
-83
-76
-73
-68
-62
-60
-58
-59
-68
-69
-66
-65
-60
-47
-32
-11
-3
8
22
25
31
33
32
27
23
24
25
26
31
37
43
44
38
33
27
13
-7
-22
-32
-42
-48
-44
-45
-38
-33
-26
-16
-17
-17
-17
-11
-3
4
13
23
38
55
69
88
103
108
110
104
99
92
86
79
67
56
48
41
35
29
13
-4
-21
-32
-43
-50
-62
-75
-83
-92
-99
-95
-94
-93
-90
-90
-90
-89
-77
-71
-67
-68
-65
-61
-54
-37
-32
-26
-16
-9
2
8
18
27
32
36
41
42
40
40
42
36
29
28
22
21
20
11
1
-5
-15
-25
-33
-40
-46
-48
-44
-40
-30
-16
-1
14
33
40
46
55
62
75
86
99
110
119
124
130
140
136
128
106
86
63
41
27
11
0
-10
-23
-34
-34
-31
-40
-52
-68
-88
-97
-98
-94
-96
-97
-91
-82
-64
-53
-47
-47
-56
-60
-66
-67
-59
-50
-43
-40
-32
-12
2
22
28
22
16
11
16
17
21
22
28
28
33
37
31
24
15
1
-17
-29
-45
-57
-63
-60
-54
-45
-29
-18
-11
-1
10
22
30
35
40
59
79
92
114
129
130
126
127
129
123
106
90
64
46
37
30
28
20
3
-15
-27
-29
-33
-44
-51
-65
-76
-75
-67
-58
-51
-52
-54
-50
-47
-38
-31
-38
-44
-55
-56
-50
-37
-26
-22
-22
-24
-21
-14
-9
-6
-3
-3
-1
9
18
22
20
21
19
15
9
2
-3
-5
-14
-21
-25
-29
-30
-34
-33
-37
-38
-36
-32
-23
-14
0
17
32
45
54
60
75
79
80
85
83
82
82
84
90
92
84
68
47
35
23
15
0
-21
-32
-42
-39
-35
-21
-16
-22
-34
-40
-41
-41
-46
-55
-58
-60
-50
-37
-23
-19
-17
-24
-35
-39
-41
-47
-54
-63
-61
-52
-37
-19
-7
-5
-5
-7
-12
-16
-25
-28
-31
-35
-27
-15
-5
4
13
14
7
-4
-16
-22
-28
-35
-36
-25
-13
1
21
34
49
51
48
48
41
35
33
35
38
47
59
67
75
81
86
77
64
44
22
6
-4
1
7
10
14
19
26
35
36
31
13
-11
-22
-28
-23
-20
-16
-8
-5
2
4
4
-1
-16
-34
-50
-56
-55
-50
-47
-42
-38
-32
-25
-21
-23
-33
-41
-56
-57
-54
-47
-35
-29
-24
-15
-6
-2
3
-3
-8
-13
-18
-13
-15
-12
0
7
20
26
29
32
30
24
13
12
9
8
19
22
25
34
38
40
42
41
39
36
38
29
27
30
33
34
39
43
43
38
28
29
26
18
11
10
12
12
12
12
8
4
1
-5
-12
-13
-11
-14
-15
-19
-19
-20
-16
-17
-24
-26
-29
-31
-30
-33
-32
-28
-21
-18
-16
-14
-15
-17
-21
-26
-31
-30
-28
-28
-19
-10
-3
-2
0
3
-4
-5
-12
-15
-15
-9
-5
-3
8
20
23
26
27
23
18
11
10
13
10
11
14
23
37
42
40
40
41
29
22
11
2
1
7
15
23
33
41
41
43
39
35
22
7
-1
-11
-11
-5
0
8
14
14
13
4
-8
-19
-30
-38
-42
-50
-50
-42
-30
-22
-16
-15
-20
-25
-36
-45
-55
-59
-55
-49
-37
-27
-14
-2
6
9
6
-4
-8
-13
-23
-21
-15
-8
4
20
30
34
38
32
23
9
1
-9
-11
-9
-6
6
22
30
42
45
36
32
16
3
-6
-10
-4
6
17
33
46
56
62
64
59
47
35
21
17
16
24
34
46
55
60
57
45
33
18
-6
-26
-38
-44
-37
-31
-25
-19
-17
-16
-30
-39
-61
-79
-88
-96
-95
-85
-70
-56
-39
-22
-13
-8
-17
-26
-29
-36
-39
-31
-18
-2
17
35
45
54
50
40
25
8
-5
-15
-13
-7
4
19
31
35
38
28
13
-2
-23
-39
-44
-39
-31
-16
9
30
44
46
45
40
26
12
4
3
11
23
43
67
83
94
96
89
74
49
28
8
-2
-6
-6
3
10
18
21
16
1
-16
-39
-65
-82
-93
-91
-86
-74
-56
-37
-30
-22
-23
-29
-38
-54
-61
-61
-52
-39
-18
8
29
46
55
54
43
25
8
-6
-15
-16
-9
-1
15
25
31
31
22
11
-13
-39
-55
-66
-67
-58
-44
-24
-6
10
17
16
11
-3
-13
-19
-23
-19
-7
13
31
51
69
75
77
73
58
41
24
14
6
12
22
39
50
54
51
40
27
6
-15
-39
-50
-50
-50
-44
-38
-28
-19
-21
-21
-27
-37
-50
-64
-66
-65
-52
-39
-24
-8
6
15
19
18
8
-1
-7
-8
-8
-10
-1
14
25
32
32
28
20
9
-1
-14
-27
-27
-21
-19
-12
-5
0
2
5
0
-7
-15
-21
-21
-19
-12
-4
8
18
26
34
34
27
22
24
23
17
16
22
28
31
38
40
40
40
31
19
11
2
-5
-7
-8
-7
-3
1
5
1
-7
-11
-15
-19
-25
-27
-29
-27
-21
-17
-6
-4
-7
-4
-4
-6
-7
-7
-12
-11
-5
0
3
3
6
3
6
8
4
-2
-3
-6
-6
-6
-4
-3
-3
2
2
1
-6
-8
-9
-6
-4
-5
-4
-1
3
4
8
10
11
13
14
13
10
6
10
10
8
13
16
19
16
18
13
13
13
8
10
7
5
8
10
7
13
11
6
8
3
3
2
4
1
1
3
3
9
11
7
2
-1
-1
-3
0
-3
-2
3
4
2
1
0
2
1
1
3
-1
-3
-6
-6
-9
-9
-10
-9
-9
-12
-13
-12
-11
-7
-5
-7
-10
-9
-7
-3
-5
-6
-2
-5
-4
-4
-5
-5
-1
-3
-3
-3
-6
2
4
3
4
4
10
11
10
9
6
9
10
8
7
6
10
8
6
5
8
11
7
4
6
6
4
-3
0
6
6
6
7
9
7
4
4
2
2
-2
-5
-2
-7
-6
-2
2
-1
-3
-4
-8
-8
-6
-11
-15
-14
-15
-15
-13
-13
-10
-8
-10
-11
-10
-11
-11
-15
-15
-16
-14
-7
-8
-6
-6
-9
-6
-7
-6
-10
-8
-7
-7
-8
-7
1
0
2
1
1
5
9
8
8
6
5
11
13
13
15
17
19
21
20
17
14
15
10
7
7
9
11
10
14
17
18
17
14
9
7
10
9
6
4
4
9
7
8
6
6
5
1
-2
-7
-9
-14
-15
-13
-9
-9
-13
-11
-10
-14
-16
-17
-23
-25
-23
-28
-29
-28
-29
-25
-19
-17
-14
-17
-18
-16
-20
-19
-20
