2
1
1
3
2
1
1
2
2
0
0
1
1
2
2
3
5
5
4
3
2
6
5
5
4
3
2
3
3
4
4
3
2
1
0
1
-2
-3
-1
-2
-4
-3
-4
-5
-3
-1
0
0
1
0
2
-1
-1
0
-1
2
3
4
2
1
1
1
1
0
-1
-3
-4
-3
-2
-5
-4
-7
-4
-1
-3
-1
-5
-1
2
-3
-2
1
-2
-3
-2
-1
-2
-7
1
0
-2
0
-3
5
2
3
2
-1
6
8
4
0
-2
0
0
-1
-5
-3
-7
-4
3
0
-3
-15
-4
5
-10
0
0
-3
4
0
-4
-2
-4
-4
-1
-3
-11
-8
8
-8
5
-4
-11
5
-2
1
-3
-9
-9
15
-5
-10
5
-14
-5
-1
-2
-11
-6
-11
5
0
-16
9
-5
1
8
-4
-5
0
10
-5
-2
-5
0
-3
3
14
-17
6
3
-4
21
0
-7
8
24
-10
16
13
-21
16
-3
-9
-4
2
-18
-6
10
-21
13
-1
-9
20
-5
-7
6
12
-10
7
5
-12
3
3
-7
8
-4
-5
4
8
-7
10
5
-20
25
-5
7
-7
2
2
-9
12
-11
9
-33
6
20
-24
9
-3
-9
12
9
-16
18
-4
-13
43
-25
-14
32
-21
12
8
-15
-4
18
1
14
13
-41
46
14
-6
15
8
-25
26
20
-28
16
-10
0
7
12
-27
16
-2
6
25
-24
17
7
4
18
-10
-16
18
-4
-7
11
-28
-5
2
-4
-1
-13
-2
-11
12
3
-7
0
-11
19
-9
12
-7
-11
20
-30
13
8
-38
11
12
-26
26
-7
-23
38
-8
-11
22
-7
-6
32
-1
-23
20
-6
-16
42
-26
-3
15
-24
33
-7
0
-12
22
-6
-14
35
-44
26
-7
-19
23
-23
-2
0
-5
-16
17
-14
-6
26
-9
-3
25
1
-1
26
6
-7
14
-8
-2
12
6
-9
-8
-6
11
24
-45
23
-4
-7
24
-2
-18
10
-5
-9
26
-33
-5
23
-10
-15
27
-45
30
8
-20
31
-36
19
14
-8
-5
-3
4
-4
-15
4
-24
0
-9
4
-20
-21
22
-9
7
-11
-7
1
37
-45
30
3
-37
50
-43
29
-26
25
-28
5
20
-27
32
-47
55
-30
-6
62
-68
24
40
-46
15
19
-15
-38
55
-20
-41
69
-73
-2
57
-40
1
18
-27
-6
65
-58
6
16
-46
47
-12
-15
-12
20
-13
-14
39
-73
53
3
-24
-6
-5
56
-58
38
-48
41
-7
-19
38
-66
49
-28
27
-12
-10
-13
35
29
-56
43
-18
7
39
-13
-37
55
-32
21
13
-12
2
-13
15
20
-3
-23
18
-5
9
-9
33
-37
8
-2
-6
23
-19
-5
-22
32
-8
-23
26
-11
-20
58
-39
6
18
-42
58
-2
-24
-5
47
-13
0
21
-54
67
-17
-57
79
-22
-53
71
-38
-30
71
-70
25
27
-93
73
-6
-16
19
-31
0
54
-47
7
15
-60
93
-67
-5
61
-89
47
37
-93
81
-30
-29
95
-52
-11
30
-8
33
12
-65
71
-12
-37
96
-73
21
28
-55
66
-12
-29
30
-1
-29
49
-31
6
23
-47
43
-12
2
-22
44
5
-71
71
-21
-23
65
-29
-58
109
-59
-19
76
-96
54
30
-57
19
3
-17
41
-11
-18
-1
-9
32
-12
-8
-11
-17
34
-31
65
-62
-35
60
20
-61
-5
53
-45
27
-39
-1
35
-9
-89
78
4
-93
91
-52
5
29
-60
31
-6
-26
42
-34
16
-5
-18
42
-70
85
-19
-46
44
-36
43
-7
-52
75
-78
12
40
-53
88
-81
-33
74
-31
36
-19
-41
49
-47
34
36
-93
29
7
21
-47
-6
67
-80
40
-11
-20
44
-46
7
-14
59
-53
-48
84
-68
39
3
-65
20
35
-46
9
20
-34
-6
5
-25
48
-17
-47
15
0
37
-23
-27
4
3
39
-44
4
10
-23
56
-23
-27
25
-26
56
-14
-36
31
-37
36
13
-15
-3
-33
60
-74
91
-41
-65
143
-152
107
-41
4
52
-96
109
-100
91
-18
-32
99
-134
114
-37
19
14
-60
107
-82
43
-28
33
23
-59
89
-122
93
-10
-55
101
-136
51
-4
13
-24
29
-32
-31
74
-71
77
-71
20
8
-18
-1
22
33
-95
71
13
-42
33
13
-54
54
-20
-49
96
-65
-8
54
-32
-7
46
-33
16
57
-91
93
-48
-12
72
-43
10
-30
30
-34
17
1
-37
44
-79
47
11
-26
32
-67
81
-45
22
12
-9
-5
-31
68
-64
30
-25
11
-1
-15
-19
3
70
-82
27
-7
15
46
-42
3
16
-7
17
17
-29
-6
52
-38
-10
71
-62
18
18
5
-12
22
-16
11
6
13
-54
-6
75
-56
-6
2
0
-13
18
33
-17
-58
65
12
6
-10
14
-37
2
40
-77
70
-67
-12
-36
71
-54
-47
85
-86
79
-96
95
-16
-11
39
-45
59
-67
89
-62
13
2
-79
90
-45
-16
16
-27
-48
116
-66
-26
94
-118
85
32
-77
50
20
-72
54
34
-79
22
59
-52
2
49
-36
19
-9
-9
36
-27
-62
54
-42
3
4
-64
10
14
-53
49
21
-92
87
-21
109
-83
25
34
38
-3
-27
65
-126
146
-85
-13
-1
-51
79
-76
61
-52
-13
79
-36
53
-28
8
47
7
-15
26
-28
16
30
-76
26
3
-25
18
-23
24
-21
22
13
4
24
-33
40
35
-2
-36
32
4
9
2
-38
36
10
-14
11
7
-22
50
-1
-58
26
21
-16
15
-91
86
-16
-85
104
-67
-6
-11
78
-41
-5
26
-38
102
-25
-36
0
40
-24
-22
18
-61
-3
6
-23
-7
-14
-14
41
-43
18
50
-49
82
-52
25
49
-51
90
-67
-13
32
-30
30
-1
-43
-31
65
-22
-7
51
-69
17
50
-20
35
-5
-50
57
14
-7
-14
4
47
-55
34
30
-74
69
11
-79
39
4
-3
16
-71
13
54
-48
-1
16
-18
-21
34
-4
-7
12
-21
27
30
35
-97
67
-6
26
-37
-77
134
-133
61
-53
-30
64
-49
0
-44
106
-89
47
15
-89
102
-43
35
-50
82
-67
26
39
-70
109
-143
76
-28
22
8
-107
96
-40
23
22
-79
44
17
-24
14
-37
10
29
-20
20
-42
93
-42
-40
84
-100
92
-45
-59
56
-10
3
-56
66
-25
-22
54
-37
33
-20
-13
30
8
-25
8
22
-10
15
17
-57
60
-23
-14
-8
5
-18
34
-17
-83
151
-137
56
41
-104
88
-55
5
36
-20
-54
88
-9
-84
99
4
-56
10
36
-24
-1
18
-14
-24
52
14
-80
112
-75
41
22
-52
34
2
-4
6
15
-34
76
-55
9
27
-44
78
-104
47
-15
-13
19
-37
26
-48
79
-53
2
17
-42
38
-15
-4
-61
98
-58
-2
43
-26
-22
51
27
-102
93
-67
59
-54
12
2
-35
74
-38
-25
-11
91
-90
29
-36
-2
90
-152
121
-65
-6
119
-179
171
-137
60
5
-70
147
-239
229
-121
27
51
-91
61
-13
50
-97
24
43
-42
-30
42
-29
28
-60
40
0
6
-51
38
-2
-32
36
-38
31
-9
4
13
14
-60
83
-38
-10
-7
8
32
-29
-10
14
17
-2
-8
29
-80
80
-5
-70
88
-64
27
19
7
-29
34
-20
9
-13
3
-11
-28
39
-70
79
-63
52
-13
-34
75
-83
88
-48
-76
110
-88
30
24
-120
112
-69
24
-26
21
-16
-10
8
28
-49
14
27
-54
64
-72
75
-135
169
-134
8
70
-141
178
-151
80
-58
75
-61
33
31
-88
63
-20
59
-61
24
-32
107
-42
-15
21
-16
54
-103
85
-50
-17
2
0
39
-99
125
-29
-46
93
-50
89
-47
-18
43
-27
61
-44
-8
40
-57
75
-7
-8
-20
15
54
-39
28
-10
11
-33
54
-33
53
-86
1
69
-50
31
-65
60
-44
8
34
-66
79
-103
45
26
-48
21
12
15
-31
78
-23
-4
74
-68
12
74
-87
27
-25
8
7
-49
13
-43
59
-3
3
-14
-2
49
-1
39
-57
-23
22
57
-36
-64
28
-45
37
22
-63
21
-34
38
-2
-11
27
-22
-18
12
39
-12
8
1
-46
89
-4
-46
89
-90
-9
75
-54
12
-28
-47
20
67
-83
3
37
-25
47
14
-42
30
59
-84
40
14
-56
9
-16
-22
12
3
-72
72
-17
-31
29
4
-43
63
-44
-18
91
-139
61
48
-52
-27
34
-13
-8
36
-60
14
27
-56
18
68
-116
56
6
-34
70
-69
77
-40
48
-49
31
38
-52
24
-22
45
-91
100
-109
20
78
-158
123
-44
11
20
-34
12
76
-33
-30
21
34
-55
7
27
-89
76
-85
50
5
-8
-24
20
0
18
18
-80
85
-92
70
0
-53
-1
16
54
-51
39
-23
35
-41
26
35
-58
-40
60
-14
-45
73
-107
80
67
-153
141
2
-60
89
-56
-23
128
-164
91
12
-149
228
-160
30
13
-23
90
-60
-1
29
48
-29
-41
73
-114
95
-8
-108
151
-182
93
62
-158
141
-60
6
14
-45
45
-31
-33
0
-6
28
17
-50
83
-56
77
-61
85
29
-117
109
-162
158
-110
-49
98
-61
99
-150
169
-94
28
128
-167
82
27
-100
74
6
-87
81
-11
-56
60
59
-104
60
-15
4
27
-85
10
75
-127
94
23
-133
99
-21
31
-7
-8
-17
42
14
21
-88
26
5
14
9
-55
81
-65
23
62
-138
139
-26
-18
54
-46
34
-73
32
-4
48
-90
75
-84
66
4
-76
88
-51
85
-102
36
-60
-6
57
-98
63
-40
-44
114
-34
-32
64
-68
22
19
18
-87
31
-33
-19
49
-26
1
13
39
-56
65
8
-25
-10
61
-88
49
-15
-18
13
51
47
-144
199
-155
109
42
-127
137
-107
40
-60
43
12
-35
46
-42
26
-6
13
13
-40
25
-14
45
-30
-72
91
-68
29
-4
-48
119
-103
22
-13
-15
39
-22
-31
11
-22
-67
32
-59
-36
19
-6
-92
91
-37
-67
112
-83
20
12
4
-22
-42
20
-45
72
8
-72
24
6
76
-31
-30
29
-26
11
30
-49
1
-38
59
-55
94
-74
-26
140
-148
184
-68
11
46
-4
22
24
81
-56
70
62
-9
27
47
-21
25
-22
48
15
-79
-2
-1
102
-74
28
-8
-23
139
-158
10
105
-131
8
17
-57
62
-47
-14
-42
20
65
-100
88
-89
59
-44
-53
94
-71
-26
-58
2
-53
-39
-38
94
-158
45
6
-1
83
-154
199
-188
76
44
-88
46
10
3
18
-8
20
88
-61
39
-11
40
-31
46
-35
32
27
-41
-4
56
37
-106
106
-48
71
-18
31
14
41
41
-78
108
-31
51
-55
68
53
3
1
2
49
-36
35
-62
-42
-6
-39
3
8
-69
53
-35
-16
62
-69
23
-10
-64
-20
23
13
-58
33
-50
-45
97
-81
47
-44
-106
83
-9
-55
-42
-31
2
-12
-99
-37
-13
41
-50
-60
7
45
76
-59
12
4
-40
112
-47
-38
57
21
117
-67
52
62
58
27
-69
63
-95
126
-61
-35
78
-90
53
40
7
-47
87
12
-33
-35
140
-27
5
-51
3
121
-149
83
-38
-49
128
-114
126
-18
-8
55
-53
99
-133
-50
14
-58
2
-49
-124
59
-36
26
-12
-105
90
-76
-11
75
-65
-50
-2
88
-23
-28
-37
-72
19
75
-80
-120
-14
19
67
-21
-71
-110
71
125
-72
-17
14
-18
107
-7
49
53
-50
5
28
84
-1
-34
15
175
2
-4
84
63
12
-71
97
-94
-21
-6
-86
43
-97
21
-33
8
108
-116
33
38
-87
170
-5
-74
52
-4
-8
23
33
-102
-22
46
21
15
-57
16
64
-18
26
-28
-93
14
47
-94
-33
-59
-106
123
2
-70
-31
-95
91
119
-78
-76
35
50
42
0
-85
64
10
-24
41
-50
-52
22
54
0
-1
-44
35
72
-10
17
50
55
54
39
7
41
97
91
-43
-66
44
17
68
-13
-51
-28
18
52
-40
-26
-50
-38
-14
-53
-77
6
-4
-5
5
-36
-8
13
82
37
-12
-57
-40
8
31
10
-13
-69
-86
-3
53
12
-29
-10
-19
69
3
14
34
12
-37
20
-13
-32
16
-77
1
-37
-34
30
-24
-16
70
37
-14
-3
11
68
72
10
-38
-27
-31
38
41
-40
-44
-19
19
68
8
-36
46
66
98
62
30
-12
69
95
80
53
-76
2
2
-23
28
-81
-107
-37
-29
44
-27
-32
-31
-25
47
3
10
-58
-10
22
-56
34
-46
11
65
30
16
-46
-24
6
54
55
-43
-40
-40
-1
49
-10
16
-56
-38
68
-5
15
-11
-74
-9
42
6
-12
-32
-68
4
21
6
2
-20
0
81
10
10
9
-2
114
37
-7
17
-31
53
40
-16
19
-42
4
48
-31
25
6
18
77
56
39
-24
8
17
40
45
-19
-65
-63
-42
-24
-41
-102
-61
-99
-80
-71
-101
-78
-79
-75
-21
-42
-65
-34
-80
-47
-100
-69
-66
-95
-14
-58
-60
-60
-90
-8
17
-31
13
-72
-63
-35
-59
-8
-44
-75
-56
4
29
22
14
7
43
69
46
58
9
24
57
45
49
31
84
158
126
98
112
110
141
133
117
107
111
99
129
99
84
100
108
139
92
111
75
92
125
84
89
55
43
63
49
50
38
-32
-36
-83
-94
-91
-161
-227
-313
-323
-329
-351
-357
-356
-400
-317
-251
-223
-206
-142
-122
-195
-117
-171
-166
-196
-243
-205
-235
-237
-230
-271
-267
-215
-218
-138
-117
-97
-29
67
122
143
196
319
416
500
631
698
798
875
959
1061
1127
1227
1248
1300
1418
1492
1612
1599
1620
1663
1709
1730
1719
1681
1505
1249
710
25
-645
-1224
-1803
-2369
-2986
-3525
-3773
-3842
-3720
-3558
-3267
-2804
-2219
-1538
-959
-553
-164
205
559
765
801
767
620
481
254
-94
-390
-658
-814
-925
-1143
-1329
-1415
-1433
-1319
-1135
-931
-666
-373
118
603
1030
1397
1632
1986
2272
2487
2658
2666
2705
2636
2600
2612
2483
2405
2391
2401
2517
2573
2724
2926
2139
903
-30
-592
-1142
-1797
-2500
-3642
-4281
-4094
-3832
-3565
-3551
-3229
-2313
-1205
-345
87
551
911
1524
2333
2453
2261
2023
1758
1536
1180
413
-605
-1229
-1618
-2216
-2799
-3411
-4091
-4446
-4243
-3853
-3500
-2964
-2298
-1601
-787
85
744
1368
2086
2511
2650
2636
2434
2054
1803
1693
1352
942
678
569
418
433
570
614
830
1173
1468
1762
2214
2683
3082
3605
4255
4662
5084
4708
2882
1315
472
-171
-1277
-2485
-3990
-5487
-5601
-5141
-4899
-4998
-4854
-3701
-2264
-890
-110
373
1048
1952
3129
3702
3430
3010
2658
2425
2004
1125
-207
-1275
-1720
-2273
-2973
-3729
-4434
-4608
-4145
-3396
-2842
-2622
-2278
-1591
-838
-200
145
498
1021
1555
1823
1606
1181
744
606
720
633
240
-184
-407
-354
-325
-308
-159
249
936
1635
2267
2678
2961
3406
4157
4703
5113
5296
5445
5587
5690
5495
3152
680
-539
-1179
-2368
-3980
-5455
-7462
-7901
-6980
-6134
-5848
-5871
-4527
-2470
-541
647
1323
2188
2892
4164
5112
4697
3918
3337
3034
2452
1512
-95
-1895
-2598
-2938
-3681
-4421
-4996
-5233
-4864
-3845
-3018
-2671
-2243
-1486
-398
537
1052
1208
1438
1817
2045
1863
1475
1003
453
288
271
-127
-645
-870
-733
-501
-273
-7
361
836
1535
2167
2699
3170
3576
4002
4522
4922
5035
4953
5002
5042
5067
4881
2322
-441
-1750
-2224
-3352
-4950
-6222
-8310
-8618
-7240
-5859
-5316
-5198
-3599
-1256
835
2115
2843
3582
4081
5238
6038
5158
3936
3011
2303
1569
628
-1163
-3050
-3623
-3882
-4535
-5089
-5376
-5445
-4763
-3286
-2148
-1616
-1116
-267
833
1759
2180
2119
2050
2112
2005
1364
464
-367
-1080
-1314
-1157
-1357
-1864
-1893
-1329
-642
-111
438
861
1421
2246
3003
3446
3685
3915
4091
4311
4624
4272
3724
3573
3718
3633
3683
3724
1018
-1753
-2610
-2806
-3885
-5130
-5959
-7589
-7546
-5884
-4508
-3981
-3686
-2099
282
2241
3311
3590
3856
4057
4823
5299
4222
3042
2142
1370
736
-149
-1839
-3453
-3804
-3805
-4079
-4316
-4502
-4424
-3678
-2460
-1412
-842
-486
-16
915
1509
1471
1064
613
500
309
17
-482
-1087
-1553
-1567
-1156
-1061
-1092
-902
-450
199
741
1076
1334
1791
2494
3102
3490
3721
3799
3977
4131
4243
4050
3694
3513
3719
3708
4168
3068
-290
-2280
-2574
-2841
-4237
-4885
-6279
-7868
-6979
-5030
-3849
-3814
-3131
-959
1292
2822
3408
3746
3617
3832
4985
4894
3479
2283
1441
737
230
-729
-2707
-3894
-3806
-3788
-4015
-4174
-4315
-4225
-3373
-1978
-1085
-861
-641
155
975
1139
1045
662
268
236
253
-99
-689
-1192
-1457
-1360
-968
-789
-804
-487
268
883
1200
1550
1847
2201
2836
3306
3491
3609
3700
3640
3561
3703
3360
3042
3257
3649
3690
3882
2468
-793
-2259
-2227
-2511
-3684
-4483
-6123
-7316
-6105
-4282
-3440
-3299
-2462
-409
1642
2941
3340
3436
3224
3639
4707
4396
3015
1786
871
178
-411
-1451
-3164
-4094
-4121
-4075
-4137
-4351
-4484
-4139
-3320
-2019
-1052
-893
-784
-169
638
955
1194
971
597
558
485
260
-182
-727
-1031
-904
-533
-501
-541
-370
127
775
1236
1558
1812
2190
2712
3157
3548
3679
3628
3642
3770
3763
3465
3338
3503
3644
3889
3969
1731
-1161
-2205
-2338
-3103
-4095
-4907
-6769
-7275
-5761
-4105
-3461
-3250
-2049
-23
1878
3030
3593
3741
3517
4146
4925
4270
2935
1758
851
92
-620
-1966
-3704
-4592
-4691
-4638
-4674
-4736
-4648
-4176
-3188
-1774
-880
-723
-327
529
1248
1535
1598
1202
704
613
686
525
80
-394
-706
-797
-650
-573
-686
-650
-264
193
501
822
1198
1558
2107
2719
3312
3629
3731
3713
3806
3822
3622
3610
3843
4001
4050
4212
2193
-737
-2004
-2010
-2556
-3783
-4610
-6405
-7166
-5968
-4242
-3304
-3338
-2454
-464
1507
2605
3155
3542
3104
3511
4571
4169
2801
1621
811
-117
-788
-1680
-3274
-4303
-4421
-4255
-4299
-4386
-4198
-3859
-3083
-1730
-588
-220
41
787
1413
1596
1664
1418
984
746
659
368
-186
-835
-1322
-1433
-1250
-1050
-1067
-1043
-627
-69
305
741
1334
1787
2329
3047
3589
3733
3726
3668
3658
3724
3578
3406
3528
3588
3589
3732
3347
1038
-1486
-2141
-2249
-3033
-4173
-5207
-6585
-6788
-5394
-3713
-2988
-2918
-1804
270
1924
2828
3492
3523
3157
3724
4325
3677
2501
1437
394
-433
-1093
-2280
-3660
-4419
-4655
-4493
-4380
-4284
-4107
-3636
-2736
-1427
-214
274
850
1528
1906
1981
1819
1418
1026
795
451
25
-611
-1398
-1803
-1743
-1632
-1482
-1315
-1079
-667
-175
282
774
1404
2050
2708
3382
3856
4045
3990
3991
4090
4015
3879
3809
3807
3743
3665
3717
2687
203
-1660
-2019
-2322
-3526
-4588
-5654
-6750
-6553
-4966
-3629
-3457
-3078
-1406
530
1752
2697
3372
3131
2959
3826
4166
3261
2246
1343
212
-639
-1236
-2321
-3535
-4175
-4218
-4051
-3912
-3915
-3809
-3392
-2559
-1233
-85
477
802
1203
1604
1664
1522
1390
1218
820
522
226
-728
-1777
-2040
-1941
-2015
-1847
-1550
-1368
-968
-205
495
972
1561
2397
3287
3932
4375
4463
4221
4102
4278
4313
4025
3959
3892
3681
3628
3757
2610
71
-1647
-2124
-2673
-3771
-4644
-5821
-6965
-6617
-5008
-3667
-3448
-3154
-1707
164
1612
2729
3469
3102
2781
3529
3915
3201
2102
1117
112
-570
-1039
-2059
-3279
-4170
-4203
-3744
-3582
-3671
-3617
-3353
-2667
-1220
16
281
424
910
1197
1242
1275
1159
705
335
332
165
-616
-1457
-1802
-1870
-1721
-1204
-769
-596
-333
154
798
1462
2006
2574
3168
3631
3975
4191
4039
3598
3563
3668
3597
3576
3611
3541
3560
3885
3057
806
-985
-1702
-2230
-3176
-4012
-5145
-6356
-6466
-5290
-4070
-3968
-3863
-2637
-999
334
1710
2639
2349
2071
2826
3450
3219
2649
1977
1234
637
178
-490
-1533
-2630
-3051
-2858
-2929
-3254
-3388
-3440
-3251
-2415
-1418
-903
-707
-425
-59
180
248
454
584
387
339
408
4
-718
-941
-886
-756
-409
-7
141
53
169
628
1087
1407
1966
2559
2729
2833
3123
3162
3046
3294
3634
3629
3565
3790
4075
4255
4548
4240
2458
315
-774
-1392
-2599
-3828
-4877
-6106
-6760
-6258
-5356
-5072
-4972
-4186
-2648
-1064
275
1468
2069
2029
2329
3098
3567
3530
3304
2906
2302
1705
1086
348
-722
-1738
-2264
-2556
-2943
-3162
-3371
-3836
-3927
-3389
-2821
-2355
-1798
-1423
-1256
-816
-87
471
726
894
1027
982
894
863
687
410
300
268
214
243
305
295
412
725
1035
1282
1442
1551
1736
2023
2433
2824
3020
2956
2994
3278
3668
4115
4571
4900
4552
3259
1602
334
-649
-1712
-2757
-3753
-4839
-5686
-5910
-5467
-5127
-5137
-4790
-3688
-2461
-1358
-120
671
712
980
1936
2907
3354
3460
3369
3011
2559
2259
1979
1205
90
-652
-1095
-1617
-2160
-2656
-3312
-3916
-3979
-3673
-3511
-3570
-3493
-3085
-2511
-1795
-889
-180
158
484
1086
1598
1812
1897
1867
1632
1411
1411
1475
1337
1106
926
776
646
552
560
597
674
852
1139
1420
1514
1495
1562
1756
2056
2497
3049
3445
3672
3771
3308
2295
1355
789
220
-570
-1402
-2263
-3038
-3526
-3572
-3387
-3431
-3590
-3412
-3001
-2677
-2324
-1769
-1341
-997
-393
437
1171
1537
1732
1896
1915
1861
1957
2023
1699
1204
769
155
-507
-950
-1298
-1756
-2178
-2396
-2559
-2655
-2696
-2747
-2785
-2653
-2257
-1685
-1000
-397
-71
202
500
628
728
1063
1390
1416
1424
1415
1140
808
620
508
414
434
526
666
835
932
1019
1147
1177
1213
1434
1751
1923
1985
2008
1954
1915
2008
2264
2452
2243
1699
1199
840
386
-126
-550
-994
-1391
-1567
-1523
-1531
-1793
-2213
-2481
-2488
-2359
-2030
-1530
-1205
-1102
-992
-785
-542
-290
-38
209
399
461
538
628
443
60
-192
-348
-517
-529
-438
-532
-728
-825
-866
-928
-924
-881
-895
-929
-870
-795
-787
-788
-709
-579
-371
-115
66
128
125
77
95
228
264
219
303
436
510
718
1038
1188
1233
1430
1655
1737
1741
1693
1537
1305
1126
1036
957
868
869
993
1143
1213
1314
1383
1215
945
819
842
731
460
137
-238
-621
-875
-837
-681
-756
-978
-1160
-1391
-1604
-1559
-1367
-1359
-1389
-1310
-1228
-1110
-1014
-1056
-1127
-1058
-884
-564
-222
-107
-149
-167
-103
59
256
331
279
166
102
147
154
-51
-266
-452
-638
-672
-628
-725
-942
-1072
-1116
-1065
-907
-746
-639
-526
-375
-172
84
351
619
871
1123
1305
1383
1371
1340
1279
1186
1133
1074
988
892
842
666
361
146
99
146
388
805
1115
1207
1321
1553
1572
1440
1448
1639
1737
1668
1477
1019
378
-77
-196
-207
-322
-636
-1065
-1535
-1942
-2212
-2289
-2325
-2495
-2564
-2413
-2141
-1860
-1618
-1436
-1200
-828
-277
281
530
537
568
587
543
677
815
718
648
696
551
272
0
-346
-696
-948
-1058
-1092
-1047
-1041
-1039
-969
-894
-759
-515
-259
-20
224
406
555
649
640
546
549
608
607
633
637
505
264
107
50
71
195
366
428
332
273
327
446
653
1054
1521
1948
2303
2612
2692
2481
2189
2025
1970
1804
1533
1091
490
-186
-698
-994
-1283
-1748
-2184
-2462
-2699
-2824
-2681
-2491
-2490
-2342
-1937
-1543
-1170
-683
-313
-126
183
589
850
927
950
904
771
633
536
414
194
-41
-219
-368
-504
-612
-734
-809
-864
-884
-800
-635
-479
-366
-228
-95
-40
-63
-67
-10
32
37
91
83
-104
-363
-569
-676
-671
-531
-315
-168
-134
-111
52
278
494
778
1076
1268
1464
1720
1892
1968
2052
2208
2359
2479
2507
2426
2118
1626
1192
857
496
105
-272
-725
-1138
-1412
-1529
-1559
-1585
-1704
-1781
-1768
-1698
-1552
-1310
-1111
-997
-792
-516
-252
-28
179
276
288
355
469
479
378
246
77
-118
-244
-294
-370
-447
-470
-420
-318
-232
-238
-301
-346
-389
-360
-233
-150
-198
-261
-297
-366
-483
-639
-821
-969
-1034
-972
-844
-813
-882
-851
-659
-398
-43
312
504
623
848
1096
1290
1448
1528
1547
1596
1628
1564
1427
1267
1145
1058
1036
1045
1055
1033
1063
1041
848
660
588
535
455
379
190
-51
-188
-189
-201
-274
-494
-737
-928
-1042
-1105
-1179
-1288
-1366
-1313
-1207
-1024
-808
-691
-604
-414
-234
-83
95
190
139
107
157
151
141
140
141
104
74
62
-50
-286
-509
-658
-841
-1033
-1134
-1173
-1174
-1092
-1064
-1085
-1049
-955
-808
-579
-371
-243
-28
249
430
542
665
749
770
843
932
887
768
752
743
583
423
375
277
160
232
380
424
494
663
877
1127
1477
1823
2079
2177
2126
2031
1936
1805
1555
1203
758
326
-92
-396
-659
-969
-1415
-1806
-2049
-2195
-2192
-2050
-1885
-1766
-1562
-1285
-973
-603
-189
145
380
553
717
853
882
760
520
291
91
-17
-84
-242
-583
-952
-1119
-1142
-1166
-1202
-1243
-1344
-1350
-1147
-887
-732
-623
-481
-276
-27
181
314
331
270
258
345
353
248
142
13
-96
-115
-107
-156
-158
-119
-21
115
235
292
374
522
694
934
1156
1375
1585
1779
2041
2351
2619
2772
2930
2846
2457
2001
1619
1201
664
114
-492
-988
-1380
-1552
-1626
-1785
-2147
-2446
-2510
-2407
-2128
-1742
-1434
-1265
-1020
-624
-132
300
596
775
938
1078
1194
1209
956
528
136
-112
-331
-451
-595
-829
-1115
-1293
-1340
-1329
-1360
-1406
-1306
-1182
-1044
-822
-577
-526
-459
-215
3
108
142
147
11
-102
-119
-44
-91
-226
-278
-294
-296
-203
15
97
163
343
631
884
1061
1149
1181
1272
1429
1687
1890
2008
2062
2203
2328
2471
2623
2853
2847
2325
1631
1154
803
182
-416
-1093
-1704
-2187
-2206
-2050
-2073
-2465
-2844
-2751
-2493
-2087
-1549
-1052
-934
-656
-79
445
752
873
926
943
1100
1254
1421
1172
615
108
-135
-439
-654
-736
-992
-1333
-1482
-1445
-1544
-1742
-2004
-2060
-1960
-1674
-1257
-872
-816
-813
-522
-116
241
459
504
385
356
434
532
471
245
75
127
316
530
707
702
651
753
1023
1341
1557
1543
1455
1543
1695
1826
2000
2062
2155
2429
2859
3224
3582
3329
2203
1008
446
205
-369
-1115
-2090
-2915
-3503
-3333
-2934
-2910
-3475
-3639
-3056
-2306
-1510
-816
-503
-581
-141
704
1470
1785
1767
1699
1686
1908
2096
2064
1279
404
-118
-311
-662
-1043
-1508
-2194
-2624
-2611
-2400
-2595
-2910
-3060
-2807
-2383
-1810
-1200
-838
-660
-208
550
1118
1401
1472
1548
1506
1484
1457
1307
799
304
235
262
247
243
269
143
285
656
1045
1200
1249
1360
1664
2015
2361
2674
2848
3093
3592
4176
4669
4784
3423
1495
207
-273
-1161
-2137
-3320
-4630
-5481
-5463
-4788
-4561
-4893
-5108
-3960
-2513
-1132
86
890
961
1388
2606
3462
3737
3451
3208
2956
2933
2664
2087
755
-821
-1581
-1801
-2203
-2870
-3339
-4009
-4256
-3935
-3386
-3173
-3201
-2996
-2211
-1178
-491
114
423
545
921
1733
2149
1993
1743
1494
1391
1238
1038
618
82
-353
-259
65
104
32
27
196
593
1308
1820
2073
2163
2327
2591
2948
3168
3347
3641
3994
4423
5018
5168
3347
839
-663
-1056
-1988
-3155
-4403
-5916
-6892
-6645
-5397
-4936
-5203
-5164
-3479
-1550
74
1499
2288
2145
2411
3925
4840
4698
4023
3531
2889
2374
1811
858
-777
-2465
-2995
-2961
-3329
-4105
-4429
-4756
-4616
-3695
-2667
-2295
-2227
-1711
-806
151
735
1152
1226
1107
1287
1725
1579
878
430
242
158
103
51
-261
-684
-797
-384
43
92
300
789
1300
1778
2359
2615
2654
2837
3176
3364
3374
3261
3249
3493
3785
4058
4315
4180
2313
-85
-1475
-1808
-2704
-4060
-5337
-6512
-7017
-6555
-5165
-4557
-4601
-4268
-2271
-237
1090
2074
2714
2805
3190
4454
4916
4260
3246
2766
2340
1777
909
-322
-1868
-3185
-3433
-3311
-3681
-4437
-4501
-4145
-3386
-2350
-1492
-1281
-1231
-549
479
1238
1397
1415
1330
1146
1077
986
427
-326
-586
-431
-261
-280
-388
-516
-542
-340
157
544
659
1014
1652
2195
2491
2685
2659
2618
2839
3081
3045
2784
2494
2439
2668
2934
3052
3153
3200
1705
-515
-1790
-2020
-2737
-3785
-4588
-5382
-5689
-4997
-3410
-2562
-2482
-2164
-449
958
1654
2269
2580
2188
1972
2593
2259
1061
44
-391
-797
-1323
-1881
-2531
-3214
-3578
-3084
-2559
-2515
-2576
-1784
-893
-70
694
961
675
328
564
821
637
171
-43
-219
-549
-757
-941
-1432
-1632
-1062
-349
51
159
278
455
730
1105
1538
1750
1694
1935
2339
2424
2267
2241
2071
1932
2002
2038
1753
1532
1517
1640
2013
2429
2984
3357
3910
3285
1216
-639
-1154
-1442
-2519
-3554
-4570
-5209
-5055
-3671
-2657
-2599
-2747
-1477
319
1230
1859
2200
2141
1829
2297
2368
1272
46
-530
-658
-1049
-1665
-2465
-3196
-3758
-3454
-2837
-2573
-2694
-2090
-1036
-244
408
708
472
45
226
701
728
350
124
2
-262
-546
-724
-1148
-1486
-1094
-407
-148
-351
-388
-137
107
400
784
1070
1124
1399
1926
2147
2014
1974
2053
2105
2233
2318
2196
1947
1984
2185
2420
2749
3125
3474
3801
4404
3204
662
-987
-1201
-1791
-2989
-3898
-5005
-5551
-4980
-3346
-2601
-2730
-2508
-685
987
1607
2081
2294
2059
1928
2538
2134
658
-360
-583
-791
-1522
-2260
-3065
-3625
-3694
-2916
-2405
-2498
-2404
-1456
-480
135
788
861
471
289
668
689
268
-159
-323
-557
-880
-968
-1109
-1372
-1292
-573
-139
-149
-138
176
462
534
725
962
1126
1201
1652
1956
1862
1814
2103
2302
2337
2470
2368
2077
1864
2047
2148
2332
2703
3280
3675
4191
3879
1552
-677
-1265
-1168
-2237
-3372
-4415
-5122
-4964
-3672
-2467
-2429
-2446
-1219
795
1557
1743
1946
1896
1548
1652
1674
319
-896
-1198
-1204
-1892
-2634
-3166
-3496
-3476
-2969
-2422
-2391
-2250
-1413
-321
121
416
645
406
319
602
653
45
-326
-311
-444
-895
-1201
-1232
-1332
-1136
-484
85
17
127
644
1041
1071
1125
1421
1565
1636
1797
1950
1691
1533
1815
2032
1913
1838
1809
1580
1402
1422
1541
1695
2205
2918
3668
4235
4588
3124
777
-360
-315
-862
-2125
-3108
-4218
-4522
-3823
-2544
-2306
-2447
-1782
-46
1144
1296
1490
1510
1350
1227
1335
533
-815
-1197
-1185
-1557
-2454
-3012
-3412
-3351
-2982
-2502
-2335
-2267
-1732
-768
-94
74
320
321
231
380
518
232
-256
-471
-621
-1003
-1362
-1481
-1513
-1483
-1033
-440
-132
22
449
916
1139
1279
1473
1719
1803
1787
1761
1631
1429
1411
1612
1544
1334
1314
1226
1111
1026
1156
1355
1917
2633
3365
3899
4420
4646
3016
1003
131
184
-721
-1830
-2837
-3986
-4219
-3422
-2336
-2358
-2355
-1547
89
855
914
1068
1106
951
929
1027
69
-981
-1118
-1105
-1634
-2372
-2685
-2886
-2648
-2243
-1891
-1858
-1663
-1088
-377
-128
22
280
219
131
192
51
-431
-565
-530
-777
-1285
-1439
-1326
-1225
-953
-415
-3
85
378
964
1283
1292
1424
1691
1709
1608
1512
1378
1144
1015
1023
994
854
764
873
765
604
626
935
1369
2059
2837
3508
3984
4666
5054
3391
1343
496
565
-324
-1485
-2645
-3972
-4245
-3599
-2592
-2670
-2740
-1929
-330
330
323
578
703
594
715
781
-176
-1004
-855
-818
-1351
-2035
-2335
-2494
-2065
-1702
-1699
-1842
-1592
-1024
-497
-255
-206
-138
-269
-239
-145
-489
-988
-942
-738
-995
-1289
-1199
-983
-845
-409
245
590
721
1109
1566
1565
1416
1510
1589
1404
1191
1062
857
627
559
580
490
501
661
876
903
885
1070
1473
2097
2817
3567
4150
4581
5045
5326
3678
1570
479
284
-582
-1895
-2998
-4278
-4488
-4082
-3157
-3039
-2975
-1996
-393
384
366
795
1161
1150
1214
1187
377
-437
-220
-288
-1031
-1921
-2278
-2426
-2156
-1965
-2159
-2289
-2117
-1640
-1228
-979
-916
-731
-676
-539
-412
-611
-816
-601
-390
-658
-766
-634
-459
-426
-106
300
477
562
819
1037
910
820
970
1044
847
745
751
716
558
517
526
538
726
973
1215
1164
1134
1326
1797
2475
3057
3625
3985
4405
4668
4957
3643
1423
104
-167
-624
-1893
-2888
-4133
-4485
-4145
-3243
-2750
-2639
-1727
-294
675
712
980
1389
1405
1416
1335
777
-76
-75
-228
-1156
-2144
-2475
-2499
-2343
-2179
-2377
-2492
-2253
-1691
-1237
-1020
-884
-524
-232
-30
80
-162
-312
-74
178
-217
-545
-608
-509
-463
-294
-101
-85
60
354
657
643
660
880
1050
898
725
774
839
803
785
772
747
912
1272
1457
1285
1122
1324
1693
2163
2431
2690
2958
3404
3653
3892
3592
1692
179
-173
-176
-1290
-2364
-3119
-3793
-3631
-3034
-2247
-2218
-1852
-641
448
606
512
1046
1152
950
855
555
-216
-662
-519
-1215
-2213
-2598
-2418
-2284
-2170
-2157
-2369
-2138
-1584
-1089
-904
-754
-340
11
259
282
69
-186
-94
151
-78
-340
-583
-717
-855
-801
-613
-504
-305
-88
260
444
599
748
890
983
1063
1189
1174
1118
1051
995
936
1030
1182
1247
1255
1212
1259
1355
1665
2006
2278
2531
2861
3269
3443
3735
3535
1904
495
99
159
-755
-1741
-2465
-3120
-2977
-2509
-1973
-2262
-1963
-699
280
395
168
520
695
709
665
246
-421
-790
-623
-1154
-1934
-2229
-2154
-1956
-1826
-1875
-2060
-1695
-1200
-993
-856
-695
-463
-339
-164
-394
-775
-866
-621
-507
-822
-1050
-1063
-888
-684
-603
-533
-391
111
469
545
517
486
653
833
1014
823
720
870
1038
1021
861
927
1099
1277
1442
1493
1415
1412
1699
2026
2142
2284
2594
2845
3010
3159
3444
2699
1213
458
289
-66
-962
-1425
-2046
-2463
-2354
-2030
-1949
-2013
-1195
-293
-14
-116
-52
225
198
182
24
-308
-662
-704
-735
-1406
-1867
-1841
-1605
-1466
-1449
-1478
-1373
-1001
-843
-809
-696
-538
-382
-264
-296
-588
-810
-681
-580
-699
-952
-983
-847
-722
-718
-734
-454
-107
268
551
692
692
774
971
978
833
810
1058
1235
1024
737
602
689
874
1092
1194
1098
1088
1319
1571
1697
1831
2132
2496
2771
2925
3062
3339
2727
1475
743
620
326
-447
-988
-1691
-2299
-2493
-2293
-2328
-2438
-1829
-1058
-854
-900
-746
-453
-342
-179
-136
-319
-527
-503
-525
-1069
-1388
-1322
-1179
-1120
-1059
-1059
-1124
-977
-986
-1048
-1032
-869
-759
-769
-810
-937
-974
-782
-584
-648
-773
-698
-561
-537
-460
-341
-65
150
444
729
851
903
955
1020
911
904
1003
1147
1071
769
536
439
485
669
916
1060
1083
1142
1263
1345
1388
1642
2027
2214
2318
2479
2574
2723
2722
2096
1365
1135
1090
547
-82
-708
-1477
-1977
-2031
-2029
-2197
-1960
-1545
-1437
-1458
-1378
-1108
-743
-437
-291
-273
-329
-361
-266
-293
-598
-667
-449
-199
-228
-392
-579
-803
-931
-925
-896
-1093
-1257
-1294
-1283
-1311
-1276
-1172
-1075
-1022
-938
-833
-738
-637
-417
-243
-83
91
308
480
630
709
675
608
615
729
761
670
519
341
93
-13
127
270
364
546
734
686
627
743
842
1010
1265
1453
1435
1472
1589
1740
1975
2134
2049
1913
1878
1742
1400
990
573
77
-329
-522
-542
-623
-761
-943
-1176
-1299
-1225
-958
-833
-800
-817
-839
-933
-914
-762
-683
-552
-242
-6
-16
-43
-27
-137
-301
-362
-464
-631
-777
-868
-1033
-1194
-1232
-1265
-1256
-1266
-1356
-1386
-1285
-1108
-1020
-906
-824
-729
-552
-269
-52
1
65
211
395
538
655
635
524
379
255
292
434
470
500
634
669
598
608
631
615
725
923
1019
958
952
1051
1236
1495
1836
2185
2516
2702
2669
2448
2199
2012
1835
1591
1184
800
535
310
-37
-520
-1015
-1235
-1221
-1174
-1271
-1539
-1864
-1985
-1899
-1780
-1619
-1319
-1024
-845
-767
-740
-735
-677
-606
-670
-812
-941
-943
-978
-1084
-1285
-1404
-1374
-1273
-1304
-1354
-1398
-1372
-1303
-1214
-1194
-1176
-1031
-769
-556
-485
-402
-184
113
328
478
558
608
665
743
774
809
860
983
1122
1153
1097
1102
1155
1164
1173
1228
1262
1220
1182
1186
1214
1334
1584
1893
2192
2467
2644
2590
2351
2097
2020
2063
1982
1638
1164
680
345
139
-132
-520
-825
-951
-1013
-1184
-1501
-1827
-2020
-2003
-1863
-1654
-1473
-1332
-1255
-1215
-1261
-1239
-1086
-925
-971
-1094
-1166
-1235
-1255
-1202
-1272
-1400
-1341
-1195
-1160
-1173
-1189
-1236
-1236
-1130
-1064
-1070
-973
-811
-747
-702
-533
-310
-115
88
229
232
269
454
633
674
663
722
776
779
810
871
897
997
1125
1154
1100
1089
1124
1184
1254
1342
1508
1752
1952
2076
2240
2360
2369
2248
2081
1908
1892
1926
1774
1250
684
311
151
45
-121
-433
-764
-952
-1060
-1242
-1512
-1618
-1536
-1368
-1274
-1186
-1172
-1174
-1155
-1084
-1076
-1028
-917
-847
-935
-1105
-1208
-1161
-1109
-1119
-1141
-1119
-1084
-1028
-985
-1028
-1118
-1082
-936
-893
-937
-961
-928
-882
-740
-567
-435
-309
-116
17
72
167
369
572
674
723
717
655
678
794
823
774
809
890
881
789
733
725
824
1024
1223
1309
1386
1527
1728
1896
2068
2214
2310
2298
2205
2071
2014
2015
1875
1491
963
588
395
322
101
-287
-783
-1071
-1174
-1210
-1341
-1446
-1473
-1411
-1362
-1379
-1429
-1433
-1355
-1293
-1270
-1289
-1269
-1244
-1233
-1299
-1383
-1410
-1316
-1240
-1217
-1237
-1215
-1198
-1155
-1100
-1023
-1002
-1000
-1035
-1086
-1104
-1012
-839
-723
-645
-534
-335
-163
-1
153
325
500
693
803
765
686
723
844
935
950
908
856
834
848
854
890
995
1161
1302
1411
1448
1506
1654
1848
1965
2065
2271
2466
2508
2378
2205
2029
1995
1985
1789
1275
771
479
353
174
-144
-553
-903
-1054
-1095
-1139
-1242
-1331
-1408
-1422
-1427
-1428
-1398
-1286
-1263
-1342
-1387
-1292
-1225
-1246
-1334
-1416
-1447
-1345
-1243
-1285
-1410
-1448
-1363
-1248
-1161
-1185
-1239
-1256
-1233
-1262
-1233
-1119
-1001
-920
-786
-633
-490
-280
19
238
355
506
670
728
728
762
813
853
882
862
751
657
658
761
869
961
998
1037
1134
1257
1368
1452
1565
1680
1834
2011
2213
2364
2453
2412
2266
2106
2021
1977
1798
1423
890
465
225
110
-134
-481
-844
-1056
-1130
-1155
-1263
-1424
-1514
-1488
-1433
-1416
-1374
-1281
-1184
-1160
-1182
-1218
-1177
-1092
-1023
-1073
-1149
-1186
-1174
-1224
-1283
-1328
-1298
-1224
-1135
-1136
-1215
-1291
-1305
-1285
-1228
-1098
-947
-832
-754
-616
-376
-52
249
452
575
708
855
992
1030
961
862
840
841
780
679
634
657
705
767
781
775
827
956
1053
1119
1220
1355
1490
1638
1804
1922
2089
2283
2371
2210
2017
1918
1902
1815
1583
1152
643
326
226
125
-185
-562
-871
-1035
-1147
-1244
-1408
-1551
-1609
-1551
-1500
-1458
-1411
-1343
-1326
-1337
-1315
-1213
-1072
-1003
-1048
-1172
-1230
-1201
-1166
-1203
-1222
-1173
-1083
-1059
-1115
-1232
-1323
-1298
-1202
-1149
-1129
-1050
-913
-767
-615
-415
-182
79
329
524
638
744
829
840
785
743
730
729
739
743
733
714
724
741
766
806
903
969
1004
1032
1116
1224
1357
1486
1596
1717
1846
2002
2119
2197
2157
2044
1896
1827
1756
1597
1301
943
617
385
233
12
-337
-731
-958
-1077
-1175
-1324
-1438
-1555
-1604
-1594
-1532
-1511
-1498
-1454
-1404
-1361
-1286
-1210
-1207
-1270
-1315
-1262
-1152
-1042
-1045
-1115
-1173
-1157
-1135
-1151
-1211
-1270
-1298
-1246
-1187
-1146
-1095
-980
-819
-637
-426
-199
4
170
307
416
524
627
707
727
740
781
864
944
977
945
901
927
1006
1070
1058
1014
971
976
1010
1051
1089
1163
1275
1366
1418
1493
1688
1916
2061
2004
1864
1763
1826
1900
1807
1451
1055
792
640
401
32
-347
-626
-785
-924
-1118
-1376
-1528
-1562
-1558
-1640
-1690
-1639
-1514
-1442
-1433
-1447
-1409
-1310
-1194
-1121
-1071
-993
-896
-866
-942
-1048
-1072
-1022
-996
-1035
-1100
-1153
-1194
-1210
-1198
-1155
-1068
-924
-778
-651
-515
-336
-162
-15
131
316
530
731
874
948
992
1051
1103
1138
1178
1207
1202
1154
1081
1006
946
909
865
805
760
791
863
928
979
1057
1190
1369
1606
1843
1989
1979
1938
1924
1954
1927
1796
1465
1036
664
452
229
-85
-455
-758
-989
-1164
-1311
-1490
-1658
-1737
-1691
-1666
-1648
-1608
-1525
-1485
-1425
-1327
-1162
-1015
-892
-850
-845
-847
-833
-880
-979
-1060
-1069
-1051
-1097
-1216
-1344
-1391
-1373
-1349
-1343
-1286
-1160
-991
-857
-761
-636
-426
-144
126
339
537
760
949
1050
1065
1070
1118
1195
1241
1216
1144
1049
970
884
822
782
792
802
802
782
809
898
1044
1191
1357
1539
1743
1950
2134
2250
2247
2183
2117
2073
1946
1724
1369
968
598
350
132
-157
-499
-786
-997
-1169
-1298
-1395
-1469
-1518
-1496
-1474
-1452
-1415
-1313
-1242
-1195
-1126
-1002
-924
-936
-1020
-1104
-1153
-1153
-1150
-1219
-1304
-1343
-1325
-1358
-1426
-1482
-1449
-1370
-1286
-1248
-1220
-1137
-984
-818
-689
-533
-319
-35
227
440
542
628
719
826
882
928
943
937
903
857
797
723
683
674
692
695
707
714
735
764
865
992
1165
1336
1505
1655
1810
1975
2129
2205
2168
2048
1930
1860
1770
1556
1199
796
471
260
86
-164
-499
-803
-978
-1069
-1143
-1223
-1284
-1333
-1343
-1319
-1267
-1191
-1086
-1011
-1014
-1053
-1048
-990
-978
-1013
-1083
-1120
-1130
-1091
-1109
-1164
-1242
-1260
-1273
-1286
-1307
-1279
-1266
-1256
-1251
-1221
-1128
-958
-743
-554
-351
-120
133
315
454
557
700
856
1012
1060
1023
959
945
942
938
911
880
856
859
868
843
803
799
835
903
1000
1122
1238
1346
1445
1539
1644
1785
1940
2016
1963
1838
1724
1661
1588
1401
1058
661
365
178
-2
-280
-602
-894
-1059
-1134
-1197
-1292
-1370
-1400
-1383
-1365
-1321
-1274
-1232
-1235
-1252
-1261
-1223
-1156
-1129
-1178
-1231
-1211
-1155
-1132
-1192
-1272
-1329
-1318
-1301
-1312
-1362
-1369
-1351
-1339
-1332
-1269
-1119
-898
-663
-460
-305
-159
13
197
404
618
824
946
982
974
974
999
1048
1082
1083
1065
1053
1032
989
954
939
933
934
968
1024
1096
1173
1236
1288
1367
1505
1677
1845
1990
2079
2064
1967
1854
1782
1707
1570
1306
936
563
292
88
-151
-448
-737
-946
-1071
-1136
-1200
-1272
-1333
-1352
-1358
-1344
-1301
-1231
-1189
-1183
-1182
-1166
-1135
-1093
-1070
-1102
-1141
-1173
-1207
-1277
-1350
-1422
-1472
-1502
-1511
-1541
-1586
-1616
-1576
-1475
-1305
-1097
-901
-743
-588
-393
-177
58
286
492
644
769
848
877
865
874
910
961
1010
1020
973
900
852
854
882
925
971
995
1007
1036
1080
1141
1230
1349
1466
1583
1721
1882
1996
2034
1982
1875
1774
1724
1648
1455
1137
773
446
182
-32
-259
-505
-731
-887
-1000
-1093
-1181
-1245
-1300
-1319
-1301
-1252
-1213
-1176
-1173
-1200
-1207
-1168
-1110
-1087
-1121
-1179
-1229
-1267
-1293
-1345
-1411
-1458
-1462
-1459
-1473
-1498
-1493
-1439
-1332
-1204
-1078
-952
-796
-610
-419
-228
-30
175
367
544
679
766
830
889
945
978
1009
1036
1044
1046
1039
1013
992
1012
1080
1142
1159
1136
1103
1104
1161
1252
1337
1410
1493
1576
1649
1715
1784
1830
1813
1731
1612
1504
1400
1242
955
588
270
55
-90
-270
-516
-774
-956
-1056
-1128
-1230
-1315
-1347
-1320
-1296
-1301
-1320
-1323
-1300
-1259
-1225
-1199
-1161
-1137
-1151
-1197
-1231
-1247
-1265
-1301
-1343
-1374
-1381
-1384
-1399
-1420
-1405
-1342
-1250
-1157
-1046
-914
-763
-595
-410
-220
-13
193
382
539
679
803
901
963
1004
1030
1058
1074
1082
1070
1051
1038
1040
1044
1054
1067
1068
1048
1032
1047
1095
1166
1235
1293
1339
1400
1479
1572
1656
1709
1697
1616
1506
1408
1303
1142
889
592
321
126
-34
-228
-475
-713
-884
-981
-1062
-1141
-1220
-1279
-1314
-1331
-1349
-1347
-1317
-1278
-1257
-1241
-1213
-1180
-1160
-1181
-1215
-1235
-1225
-1215
-1237
-1282
-1312
-1312
-1292
-1279
-1264
-1230
-1155
-1053
-941
-848
-734
-593
-418
-234
-47
137
316
491
655
784
883
955
1007
1029
1044
1049
1049
1039
1010
965
919
898
911
932
936
929
920
925
951
988
1033
1086
1149
1225
1296
1367
1446
1528
1565
1526
1432
1325
1237
1136
954
692
397
148
-56
-244
-453
-666
-845
-972
-1062
-1154
-1247
-1299
-1316
-1323
-1320
-1296
-1255
-1193
-1135
-1092
-1059
-1023
-981
-957
-957
-968
-981
-1008
-1042
-1098
-1156
-1193
-1205
-1199
-1191
-1181
-1150
-1098
-1026
-936
-826
-691
-524
-333
-131
65
257
452
636
797
930
1035
1111
1166
1192
1177
1141
1100
1066
1026
987
952
932
937
943
923
894
886
915
964
1011
1060
1119
1196
1276
1348
1413
1474
1520
1519
1447
1331
1215
1086
906
663
381
122
-94
-291
-498
-700
-872
-995
-1093
-1196
-1281
-1323
-1325
-1313
-1307
-1302
-1272
-1219
-1168
-1141
-1114
-1081
-1041
-1026
-1051
-1089
-1122
-1149
-1198
-1274
-1344
-1371
-1364
-1356
-1361
-1359
-1330
-1260
-1164
-1059
-927
-760
-568
-377
-193
0
213
421
614
783
931
1061
1154
1206
1222
1228
1227
1219
1201
1179
1164
1159
1140
1109
1084
1077
1085
1097
1106
1123
1152
1200
1248
1292
1350
1417
1484
1529
1535
1513
1459
1368
1242
1083
906
707
483
245
6
-199
-388
-573
-753
-910
-1022
-1101
-1162
-1225
-1280
-1303
-1289
-1273
-1264
-1247
-1212
-1164
-1128
-1104
-1089
-1079
-1078
-1096
-1127
-1158
-1183
-1206
-1241
-1279
-1298
-1292
-1277
-1265
-1253
-1208
-1118
-994
-873
-754
-619
-457
-282
-113
60
236
413
579
704
805
892
969
1023
1052
1069
1079
1092
1096
1080
1058
1031
1017
1004
998
998
1005
1019
1028
1037
1051
1079
1121
1164
1205
1239
1267
1281
1266
1221
1151
1065
970
852
695
513
316
123
-65
-250
-425
-591
-734
-847
-932
-997
-1047
-1083
-1104
-1104
-1088
-1066
-1037
-1017
-998
-980
-966
-950
-947
-951
-960
-974
-983
-998
-1021
-1045
-1056
-1065
-1059
-1050
-1041
-1014
-971
-911
-838
-749
-656
-548
-425
-288
-137
13
167
312
446
568
680
777
861
928
980
1013
1031
1041
1041
1034
1026
1019
1011
1009
1007
1008
1011
1007
1004
997
1000
1012
1029
1048
1060
1072
1087
1092
1086
1070
1039
993
928
832
711
564
401
221
36
-153
-337
-509
-665
-805
-924
-1014
-1082
-1130
-1157
-1162
-1151
-1130
-1113
-1097
-1084
-1065
-1048
-1038
-1029
-1029
-1032
-1032
-1031
-1037
-1039
-1044
-1049
-1057
-1058
-1055
-1051
-1039
-1022
-987
-940
-880
-800
-698
-581
-446
-294
-135
29
194
361
513
651
778
884
971
1036
1082
1111
1120
1123
1117
1111
1102
1085
1067
1045
1026
1009
997
985
979
968
966
974
988
1010
1035
1063
1090
1112
1124
1125
1106
1060
994
897
777
638
470
291
98
-99
-292
-467
-635
-779
-892
-979
-1044
-1089
-1112
-1122
-1113
-1101
-1083
-1064
-1047
-1030
-1024
-1016
-1011
-1006
-1006
-1010
-1019
-1031
-1044
-1054
-1063
-1072
-1076
-1078
-1077
-1066
-1038
-1000
-940
-863
-772
-662
-533
-391
-234
-75
84
243
390
531
656
761
853
926
980
1016
1041
1060
1067
1067
1060
1052
1037
1021
999
974
959
943
933
920
909
909
917
930
942
958
977
993
998
993
968
932
877
799
697
581
454
315
165
7
-150
-300
-437
-561
-675
-773
-855
-914
-957
-990
-1014
-1029
-1035
-1035
-1040
-1039
-1038
-1038
-1040
-1047
-1050
-1060
-1064
-1070
-1080
-1085
-1084
-1079
-1075
-1064
-1045
-1011
-967
-915
-851
-775
-683
-575
-460
-338
-207
-66
72
208
339
459
587
700
801
890
966
1031
1081
1112
1132
1144
1147
1140
1120
1098
1071
1052
1031
1007
988
975
970
963
958
959
958
957
957
942
921
894
862
816
756
687
607
516
407
293
175
61
-53
-171
-290
-401
-497
-587
-669
-750
-817
-873
-920
-962
-1001
-1035
-1057
-1071
-1093
-1112
-1128
-1141
-1151
-1162
-1180
-1198
-1209
-1208
-1214
-1215
-1202
-1192
-1166
-1139
-1103
-1047
-982
-906
-824
-727
-620
-499
-369
-240
-108
27
169
301
426
548
661
764
853
927
986
1034
1075
1103
1119
1128
1133
1135
1131
1120
1105
1096
1092
1081
1072
1064
1058
1053
1035
1013
990
967
936
899
853
804
746
679
600
519
438
354
266
176
80
-10
-100
-185
-270
-353
-429
-505
-573
-638
-700
-753
-802
-844
-884
-918
-948
-973
-994
-1015
-1038
-1054
-1062
-1070
-1078
-1088
-1095
-1095
-1094
-1087
-1070
-1046
-1015
-976
-929
-877
-806
-727
-640
-552
-455
-347
-235
-120
-13
97
208
316
414
507
590
668
740
797
847
894
929
960
984
997
1009
1018
1021
1017
1003
990
983
970
944
912
885
852
815
773
730
688
639
595
546
488
434
382
326
265
200
141
80
17
-50
-115
-174
-231
-285
-343
-397
-445
-488
-531
-571
-614
-651
-674
-699
-719
-738
-763
-781
-801
-817
-833
-848
-855
-864
-875
-874
-866
-856
-842
-825
-799
-762
-720
-671
-616
-557
-491
-418
-346
-272
-191
-106
-23
56
136
211
294
370
436
499
561
619
674
718
758
795
820
844
859
868
878
881
880
871
852
836
814
795
767
732
697
663
624
583
543
498
451
400
353
300
250
200
147
91
35
-18
-73
-118
-166
-211
-256
-297
-336
-375
-411
-440
-465
-496
-520
-551
-577
-598
-620
-644
-665
-682
-700
-719
-735
-740
-745
-751
-751
-749
-746
-737
-723
-705
-679
-649
-613
-572
-526
-478
-424
-370
-312
-245
-181
-115
-43
26
94
160
227
294
355
417
473
521
568
606
641
673
698
718
733
741
750
746
738
725
707
688
666
642
612
582
551
520
489
457
424
392
351
310
274
235
195
158
124
85
49
19
-18
-50
-80
-104
-133
-159
-180
-205
-228
-249
-271
-289
-308
-325
-341
-357
-371
-388
-402
-417
-430
-441
-455
-469
-485
-490
-499
-505
-512
-516
-522
-520
-514
-511
-497
-481
-459
-434
-408
-378
-344
-304
-263
-212
-163
-111
-55
-4
46
100
153
197
236
276
317
353
381
410
434
452
461
471
475
475
478
476
469
458
443
426
408
390
378
360
339
320
298
278
262
246
228
203
181
165
141
122
106
89
69
55
43
31
18
7
-7
-24
-34
-40
-44
-56
-68
-79
-94
-107
-121
-135
-154
-172
-189
-215
-239
-261
-282
-304
-329
-351
-370
-395
-414
-425
-439
-444
-442
-437
-433
-419
-397
-374
-349
-321
-283
-250
-213
-167
-122
-83
-45
-2
33
66
101
133
159
184
209
227
245
260
273
281
288
297
312
318
321
328
335
338
332
328
317
305
293
288
273
254
233
207
182
152
129
102
82
56
36
18
0
-7
-15
-24
-23
-20
-22
-19
-12
-9
-13
-11
-6
-8
-8
-11
-20
-39
-54
-68
-95
-120
-149
-177
-206
-236
-266
-287
-309
-325
-336
-345
-351
-350
-338
-327
-313
-290
-267
-241
-212
-177
-145
-121
-88
-58
-36
-16
7
27
39
53
64
73
77
90
96
100
107
117
130
135
144
158
166
173
184
194
195
194
196
187
173
164
160
142
117
98
76
50
27
9
-14
-34
-47
-60
-75
-81
-75
-69
-66
-50
-35
-18
-2
20
41
54
68
86
100
98
108
108
100
93
81
70
49
28
15
-8
-23
-39
-56
-71
-86
-90
-93
-101
-100
-95
-92
-86
-76
-62
-50
-38
-23
-14
-8
0
5
4
8
14
14
11
9
11
9
3
2
6
6
3
7
6
2
2
4
3
-2
0
-2
-8
-12
-17
-19
-38
-48
-54
-65
-78
-89
-95
-109
-119
-121
-126
-127
-124
-126
-123
-113
-97
-84
-69
-56
-34
-14
-1
21
42
56
72
92
98
107
115
122
126
126
129
129
128
122
119
114
100
91
84
76
66
56
49
43
35
37
35
30
26
24
21
19
25
27
27
23
24
23
18
19
20
17
19
18
19
19
19
16
12
8
2
-4
-11
-19
-25
-24
-31
-37
-43
-52
-57
-65
-75
-85
-89
-96
-100
-106
-111
-115
-123
-123
-126
-125
-123
-120
-118
-113
-106
-91
-78
-67
-54
-42
-28
-14
0
12
25
38
48
60
70
83
94
94
98
99
102
104
106
107
102
97
85
77
72
70
66
56
47
37
27
19
14
7
4
2
-1
-5
-10
-10
-13
-11
-6
-9
-5
-4
-7
-9
-6
-3
-1
0
2
6
9
14
13
11
9
4
-3
-5
-13
-22
-33
-40
-49
-59
-65
-74
-83
-93
-102
-113
-119
-122
-125
-127
-127
-129
-127
-121
-112
-104
-102
-96
-85
-72
-60
-45
-30
-17
3
20
39
62
78
99
115
132
144
152
160
168
171
169
165
163
157
148
138
126
111
95
85
71
60
50
43
37
28
24
17
18
14
12
14
14
17
16
14
17
15
14
14
14
14
9
8
6
2
3
3
1
-9
-13
-15
-23
-27
-38
-49
-58
-64
-72
-77
-87
-98
-106
-111
-116
-123
-128
-132
-136
-139
-136
-132
-127
-128
-127
-123
-115
-106
-97
-85
-75
-63
-49
-38
-20
-6
9
32
53
75
98
112
132
149
154
160
160
164
163
152
151
143
130
114
100
86
73
67
58
49
40
32
28
31
37
35
38
40
41
43
43
41
38
31
24
11
4
3
-4
-11
-22
-25
-31
-38
-41
-45
-47
-48
-49
-49
-54
-58
-59
-64
-72
-77
-78
-86
-94
-103
-110
-120
-123
-126
-127
-130
-130
-132
-134
-134
-130
-119
-111
-105
-96
-84
-72
-56
-42
-28
-15
3
13
23
39
51
62
73
91
101
110
117
118
119
121
116
112
112
103
96
84
70
59
51
40
33
30
26
27
29
33
38
45
51
57
64
64
68
70
64
63
59
47
39
29
16
5
-10
-24
-32
-41
-49
-57
-58
-59
-61
-63
-63
-62
-65
-61
-60
-63
-63
-65
-74
-79
-86
-90
-97
-103
-108
-117
-120
-122
-124
-119
-114
-105
-95
-79
-66
-53
-40
-22
-8
5
21
34
49
62
78
88
95
101
106
108
109
110
109
106
102
96
87
80
68
63
53
46
37
29
29
28
28
25
23
26
31
35
45
49
58
64
68
69
67
64
59
53
43
30
16
5
-4
-14
-25
-32
-44
-49
-51
-56
-57
-56
-52
-47
-39
-36
-35
-30
-30
-26
-29
-32
-37
-46
-54
-62
-68
-80
-87
-93
-95
-94
-92
-86
-83
-70
-57
-48
-33
-20
-5
10
24
35
45
58
63
71
78
77
79
75
65
60
59
55
45
36
25
20
17
14
14
7
5
5
3
7
12
15
16
19
18
22
30
27
31
34
37
34
30
28
24
14
5
-2
-10
-13
-23
-25
-31
-39
-40
-42
-39
-38
-33
-28
-23
-20
-17
-8
-4
0
5
8
6
1
-2
-8
-11
-17
-25
-29
-35
-41
-46
-47
-47
-47
-44
-39
-30
-22
-15
-5
1
8
17
24
25
29
30
29
29
33
29
20
19
16
6
2
-3
-9
-12
-16
-22
-28
-29
-26
-24
-24
-17
-11
-5
2
10
18
23
25
31
32
29
32
31
27
24
20
14
7
1
-5
-9
-11
-12
-17
-20
-22
-21
-15
-15
-13
-10
-5
-1
1
9
16
18
20
21
21
23
23
23
16
12
10
-2
-7
-12
-18
-16
-21
-25
-25
-24
-23
-18
-11
-9
-2
4
12
17
21
26
25
22
25
27
31
30
25
20
12
6
-4
-11
-18
-27
-30
-31
-30
-33
-33
-33
-28
-21
-15
-9
-6
-3
1
4
10
20
24
27
33
34
32
33
28
27
22
20
20
15
15
11
13
16
19
22
25
29
33
37
40
44
47
52
53
55
55
51
51
47
47
41
30
27
18
12
8
-1
-7
-8
-13
-18
-22
-21
-26
-23
-23
-26
-28
-26
-25
-30
-31
-29
-24
-24
-25
-26
-29
-29
-28
-32
-34
-37
-37
-33
-32
-30
-28
-26
-28
-25
-24
-18
-8
-7
1
4
6
12
14
17
18
18
21
21
26
24
20
19
14
8
5
2
-4
-9
-20
-25
-26
-31
-28
-29
-31
-33
-31
-29
-31
-32
-33
-31
-31
-31
-30
-30
-35
-37
-42
-45
-45
-48
-49
-50
-47
-52
-50
-46
-42
-39
-39
-37
-37
-35
-30
-25
-24
-18
-18
-12
-6
-4
3
8
12
13
13
17
23
21
23
27
31
35
35
32
29
34
34
33
35
38
38
37
36
37
37
34
38
34
27
22
18
17
17
18
19
14
14
9
4
3
1
0
-2
-7
-5
-8
-9
-8
-4
-1
-2
3
7
11
10
15
20
22
25
28
28
30
37
36
36
36
41
43
40
42
41
39
35
32
32
29
32
32
31
31
30
23
18
18
17
17
16
12
6
7
2
-6
-5
-7
-12
-15
-21
-23
-27
-27
-31
-33
-38
-46
-47
-46
-44
-53
-52
-51
-52
-49
-48
-49
-42
-37
-32
-27
-27
-25
-24
-21
-20
-19
-18
-16
-14
-9
-3
1
1
2
2
0
7
9
8
10
10
9
9
11
10
7
4
-3
-1
0
-6
-6
-10
-14
-16
-14
-16
-15
-12
-14
-15
-11
-11
-14
-12
-14
-13
-19
-17
-23
-23
-21
-21
-18
-24
-22
-23
-22
-19
-18
-13
-12
-12
-9
-8
-5
-1
-1
-1
1
6
8
11
14
16
20
23
26
25
28
27
27
25
24
22
26
29
29
30
29
25
24
24
26
27
20
18
19
20
18
17
12
7
8
5
6
4
4
5
4
2
0
5
7
8
9
9
10
8
8
8
9
7
6
4
4
5
2
3
7
7
5
4
5
0
-1
-5
-4
-2
-5
-5
-4
0
-2
-2
-6
-8
-6
-5
-2
-5
-10
-5
-4
-9
-6
-5
-10
-11
-10
-7
-7
-6
3
5
3
5
6
5
8
3
7
6
5
8
9
10
8
15
15
13
13
10
11
11
6
3
0
3
4
1
-1
-4
-1
0
0
0
-5
-6
-8
-7
-7
-4
-5
-13
-13
-13
-11
-9
-9
-9
-8
-8
-4
-10
-9
-8
-9
-8
-9
-4
0
-2
1
-1
0
1
-2
-2
-5
-4
-3
3
3
3
1
-1
0
-1
5
10
11
7
1
-3
-7
-6
-3
1
2
-2
-2
-3
-6
-5
-8
-7
-5
-7
-5
-1
-1
0
-4
-1
-4
-8
-7
-6
-5
-8
-10
-7
-7
-4
1
-1
1
-3
