0
-3
-4
-5
-4
-5
-5
-4
-5
-6
-5
-4
-4
-6
-8
-5
-2
-2
-2
-3
-2
0
-2
0
2
0
0
2
3
2
0
2
2
2
4
2
2
4
5
4
2
4
5
5
6
6
6
4
5
4
3
3
6
5
6
7
3
3
4
4
3
3
3
3
3
3
3
3
2
1
1
4
2
3
3
3
4
5
4
3
2
2
5
4
4
2
3
5
3
0
0
2
3
2
1
1
-1
-1
0
-3
-4
-4
-2
-3
-3
-4
-5
-4
-3
-6
-6
-5
-3
-4
-5
-4
-2
-4
-5
-3
-2
-4
-2
-2
-2
-1
-2
-1
-1
1
-1
-2
0
-2
0
1
1
0
0
2
3
0
0
1
2
3
2
3
3
2
2
1
1
1
3
4
2
1
3
1
-1
-1
0
0
1
-1
-3
0
-2
-2
-3
-3
-3
-2
0
-3
-4
-3
-2
-5
-3
-3
-5
-3
-4
-1
-3
-4
-4
-2
-4
-3
-3
-4
-4
-4
-4
-5
-5
-6
-6
-5
-5
-5
-2
-8
-5
-5
-5
-4
-6
-9
-7
-5
-6
-5
-9
-6
-5
-8
-5
-6
-6
-4
-4
-1
-4
-4
-3
-4
2
0
0
0
1
3
0
4
5
0
4
4
6
5
2
5
2
3
9
4
6
5
5
9
4
11
8
7
11
7
9
11
13
10
17
16
10
17
16
19
20
24
25
25
25
24
26
28
28
23
24
21
23
21
21
19
23
27
30
42
48
51
42
25
15
9
5
-6
-3
-3
9
16
8
18
16
16
22
29
35
22
22
37
52
65
56
66
81
88
87
85
81
75
76
75
63
52
56
65
70
74
68
68
62
63
68
51
47
22
19
27
36
55
50
49
53
48
35
16
31
9
-17
10
27
14
13
20
-9
-20
-26
-40
-38
-32
-14
-41
-46
-34
-44
-54
-73
-113
-279
-457
-550
-472
-229
-73
-73
-251
-387
-279
-6
227
235
-37
-371
-513
-470
-300
-98
-57
-189
-344
-279
-45
100
58
-176
-546
-733
-567
-263
-15
-27
-142
-93
84
363
492
273
-26
-401
-439
-241
-251
-212
-360
-509
-487
-368
104
256
32
-98
95
330
396
543
605
673
575
460
551
591
827
763
416
414
558
741
717
492
342
252
309
342
251
124
164
356
356
278
254
226
54
-304
-510
-399
-97
35
-65
-236
-233
-163
-311
-431
-383
-208
-80
-143
-248
-272
-159
-109
-92
-84
-153
-202
-395
-588
-558
-398
-246
-276
-317
-263
-297
-434
-568
-509
-340
-264
-328
-321
-169
-118
-65
60
233
326
253
246
327
415
461
512
618
793
951
975
957
891
922
892
891
1110
1270
1342
1306
1323
1344
1290
1229
1146
1120
1098
1155
1142
1023
865
638
409
59
-374
-774
-1139
-1565
-1993
-2366
-2754
-3039
-3366
-3666
-3884
-3946
-3878
-3796
-3656
-3447
-3133
-2796
-2397
-1968
-1540
-1072
-626
-174
173
455
810
1121
1318
1427
1516
1551
1566
1597
1621
1643
1634
1614
1603
1594
1560
1520
1557
1672
1773
1867
1981
2052
2188
2307
2454
2640
2957
3338
3692
4105
4009
3353
2380
1886
1736
1304
616
-228
-951
-1643
-2062
-2221
-2592
-3204
-3966
-4391
-4663
-4674
-4624
-4669
-4661
-4442
-4008
-3688
-3394
-3067
-2651
-2176
-1608
-972
-587
-270
23
408
710
912
1077
1071
955
816
812
751
607
539
494
480
382
291
170
139
311
604
816
948
1169
1470
1807
2204
2641
3131
3453
3817
4272
4701
5117
5526
6065
5960
5240
4235
3697
3284
2437
1447
585
-387
-1607
-2494
-2636
-3176
-4266
-5241
-5545
-5877
-6351
-6346
-6019
-5729
-5533
-4877
-4032
-3482
-3201
-2796
-2034
-1287
-748
-439
5
449
748
986
1414
1784
1667
1297
1208
1098
703
227
82
-77
-441
-716
-758
-819
-1043
-1099
-879
-625
-422
-149
276
721
1160
1705
2392
2981
3577
4027
4477
4828
5213
5718
6303
7011
7035
6327
5227
4663
4280
3272
2027
947
16
-1372
-2487
-2819
-3298
-4436
-5688
-6048
-6337
-6857
-7234
-7066
-6675
-6403
-5704
-4737
-3891
-3614
-3374
-2767
-1836
-1075
-661
-222
289
760
1026
1450
1988
2148
1798
1508
1496
1241
599
153
79
-72
-496
-701
-645
-711
-888
-792
-380
-67
94
370
856
1378
1892
2500
3176
3884
4406
4780
5167
5591
5953
6260
6963
7501
7022
5684
4724
4575
3794
2377
1114
327
-1007
-2630
-3245
-3430
-4389
-5972
-6636
-6602
-7020
-7672
-7830
-7370
-7068
-6623
-5790
-4786
-4192
-3921
-3307
-2257
-1151
-771
-521
85
955
1302
1389
1937
2452
2301
1820
1891
1924
1262
526
342
334
-169
-671
-752
-718
-917
-1006
-739
-418
-230
-97
339
946
1562
2117
2719
3621
4426
4997
5360
5966
6667
7027
7602
8230
8273
7066
5738
5469
4967
3512
1724
863
-210
-1955
-3233
-3601
-4276
-6082
-7195
-7321
-7493
-8360
-8915
-8482
-8027
-7634
-7076
-5917
-5034
-4495
-3882
-2865
-1561
-1048
-736
-223
825
1380
1424
1770
2427
2626
2105
2037
2166
1741
801
360
490
155
-559
-890
-689
-679
-780
-598
-180
75
48
356
992
1659
2088
2469
3235
4206
4931
5246
5789
6548
7131
7541
8253
8612
7678
6037
5381
5275
4071
2143
926
76
-1474
-3136
-3635
-4033
-5551
-7136
-7534
-7602
-8327
-9064
-9013
-8454
-8086
-7568
-6563
-5471
-4528
-3785
-3021
-1946
-1098
-647
-286
462
1193
1400
1522
2157
2785
2570
2202
2208
2127
1488
766
565
377
-268
-759
-699
-537
-587
-581
-267
131
281
471
906
1469
1999
2474
3067
3868
4666
5108
5552
6186
6964
7357
7802
8362
8045
6686
5388
5209
4427
2579
868
53
-1177
-3102
-4119
-4366
-5368
-7191
-7955
-7822
-8341
-9265
-9473
-8827
-8394
-7986
-7002
-5736
-4670
-3790
-2631
-1513
-546
-175
231
924
1750
2092
2094
2514
3074
3143
2763
2787
2723
2010
1145
761
595
-162
-866
-1007
-894
-1054
-1107
-727
-398
-259
-92
529
1077
1460
1847
2498
3254
3895
4477
4975
5607
6156
6693
7095
7789
8138
7428
6180
5308
5012
3715
1866
569
-340
-1851
-3590
-4138
-4514
-5791
-7375
-7713
-7656
-8450
-9213
-9097
-8424
-8251
-7813
-6701
-5338
-4418
-3559
-2250
-995
-221
-43
390
1233
1883
1935
2021
2646
3068
2842
2561
2844
2724
1766
999
922
668
-323
-980
-855
-728
-1047
-1002
-385
-33
-62
224
1044
1604
1740
2021
2771
3566
4008
4433
4965
5693
6150
6589
7143
7906
7976
6901
5831
5157
4649
2902
1098
68
-927
-2592
-4084
-4318
-4805
-6241
-7567
-7598
-7645
-8694
-9283
-8903
-8213
-8238
-7758
-6482
-5092
-4261
-3363
-1808
-527
114
121
678
1499
1927
1808
2030
2762
2998
2716
2589
3062
2800
1799
1221
1295
889
-301
-849
-619
-571
-1052
-880
-151
117
1
402
1341
1759
1735
2043
2796
3404
3627
4032
4641
5335
5648
6080
6753
7501
7543
6575
5765
5103
4309
2626
1050
107
-1080
-2766
-4006
-4274
-4856
-6248
-7267
-7358
-7582
-8649
-9074
-8683
-8246
-8283
-7735
-6371
-5099
-4237
-3222
-1582
-326
401
678
1289
1916
2194
2203
2481
3023
3132
2908
2858
3168
2875
1944
1418
1291
749
-439
-1041
-1003
-1182
-1698
-1587
-908
-683
-640
-153
795
1229
1323
1774
2488
3008
3207
3670
4290
4904
5265
5807
6579
7226
7615
7233
6664
5751
4818
3697
2239
909
-439
-1812
-3188
-4030
-4569
-5404
-6429
-7191
-7450
-8053
-8610
-8673
-8418
-8228
-7969
-7000
-5755
-4621
-3700
-2323
-963
79
773
1303
1839
2149
2346
2574
2864
3005
2945
2840
2889
2895
2453
1898
1537
1077
360
-382
-788
-1122
-1559
-1693
-1354
-1081
-935
-541
181
881
1243
1607
2103
2554
2800
3146
3639
4120
4494
4985
5883
6644
7230
7206
6742
5864
4938
4113
2688
1084
-349
-1514
-2783
-3850
-4252
-4790
-5751
-6719
-6868
-7128
-7802
-8197
-8062
-7817
-7820
-7136
-5942
-4772
-3949
-2685
-1109
46
798
1362
2011
2393
2557
2762
2994
3121
3022
2911
2909
3010
2762
2217
1824
1403
787
-91
-687
-1074
-1587
-2006
-1928
-1621
-1557
-1298
-668
159
601
924
1484
2020
2275
2529
3103
3617
4047
4554
5497
6369
6971
7266
7017
6340
5421
4742
3484
1808
374
-764
-2032
-3334
-3869
-4301
-5309
-6398
-6608
-6660
-7407
-7966
-7884
-7623
-7798
-7393
-6238
-5105
-4335
-3215
-1545
-236
640
1361
2128
2577
2741
2922
3123
3187
3039
2832
2721
2803
2695
2240
1831
1508
985
92
-608
-1035
-1619
-2292
-2429
-2173
-2085
-1932
-1283
-356
219
603
1254
1861
2175
2380
2931
3408
3823
4301
5165
6092
6775
7450
7504
7177
6324
5712
4664
3056
1451
104
-1275
-2844
-3783
-4344
-5247
-6339
-6802
-6689
-7223
-7816
-7918
-7674
-7761
-7721
-6812
-5799
-4908
-4044
-2399
-843
317
1281
2246
3054
3358
3493
3575
3569
3277
2846
2590
2450
2291
1776
1406
1152
692
-100
-829
-1239
-1882
-2636
-2963
-2801
-2735
-2729
-2079
-1129
-348
164
990
1917
2441
2792
3259
3905
4181
4559
5049
5866
6464
7108
7616
7614
7089
6271
5696
4520
2945
1331
-130
-1703
-3271
-4135
-4878
-5883
-6838
-6975
-6886
-7408
-7721
-7689
-7402
-7555
-7147
-6275
-5362
-4698
-3620
-1864
-465
672
1647
2775
3490
3811
3866
3822
3551
3111
2735
2360
2034
1612
1112
766
439
-63
-824
-1453
-1956
-2474
-3014
-3271
-3238
-3193
-2885
-2196
-1368
-657
146
1161
2154
2821
3377
4028
4582
4941
5352
5864
6395
6848
7506
7969
7764
7061
6477
5999
4705
3031
1504
4
-1876
-3528
-4357
-5175
-6481
-7415
-7349
-7233
-7718
-7918
-7582
-7329
-7347
-6866
-5878
-5130
-4588
-3442
-1769
-424
611
1672
2746
3435
3699
3851
3880
3557
3051
2577
2170
1763
1189
663
311
-34
-608
-1262
-1724
-2158
-2667
-3174
-3272
-3216
-3180
-2912
-2181
-1315
-534
356
1421
2413
3137
3817
4589
5093
5357
5678
6131
6609
6965
7610
7836
7566
6877
6493
5958
4492
2822
1357
-169
-2122
-3659
-4429
-5466
-6836
-7543
-7214
-7247
-7830
-7789
-7248
-6944
-7054
-6355
-5402
-4750
-4271
-2978
-1348
-286
604
1611
2754
3326
3543
3716
3771
3510
3013
2532
2084
1578
899
321
39
-357
-1024
-1715
-1998
-2241
-2781
-3184
-3179
-3021
-3108
-2807
-1972
-1151
-552
241
1484
2508
3193
3890
4813
5390
5613
5945
6454
6815
7014
7540
7798
7482
6689
6193
5661
4294
2669
1180
-284
-2077
-3562
-4500
-5598
-6863
-7516
-7395
-7541
-7955
-7873
-7374
-7039
-6853
-6128
-5270
-4619
-3945
-2693
-1324
-352
526
1555
2621
3231
3549
3754
3832
3603
3148
2593
2035
1400
679
79
-319
-782
-1414
-1979
-2152
-2352
-2750
-3054
-3037
-2879
-2831
-2465
-1792
-1062
-431
558
1755
2742
3455
4229
5143
5688
5951
6253
6581
6739
6905
7484
7668
7218
6405
6033
5587
4207
2593
1199
-156
-2047
-3609
-4522
-5591
-6923
-7727
-7514
-7586
-8072
-8054
-7391
-6829
-6751
-6090
-5211
-4444
-3962
-2881
-1468
-514
230
1170
2371
3020
3346
3545
3773
3623
3151
2653
2186
1613
854
207
-164
-586
-1281
-1928
-2110
-2319
-2808
-3189
-3117
-2889
-2905
-2629
-1859
-1018
-408
516
1742
2761
3312
4035
4966
5589
5704
5879
6277
6515
6727
7059
7493
7273
6665
6064
5692
4829
3242
1649
285
-1115
-2778
-4184
-5142
-6121
-7036
-7514
-7400
-7490
-7769
-7574
-6957
-6393
-6279
-5746
-4859
-3971
-3363
-2379
-1108
-205
535
1416
2447
2880
2815
2917
3077
2830
2195
1781
1471
918
334
44
-119
-714
-1286
-1496
-1628
-2085
-2495
-2532
-2420
-2389
-2215
-1586
-846
-162
627
1674
2608
3264
3941
4716
5345
5489
5620
5900
6222
6383
6591
7021
6953
6395
5648
5353
4709
3191
1546
336
-840
-2598
-4051
-4898
-5712
-6776
-7359
-7117
-7155
-7537
-7439
-6694
-6223
-6208
-5710
-4751
-3934
-3481
-2568
-1365
-513
180
1077
2010
2373
2344
2486
2736
2617
2130
1762
1526
1171
722
387
191
-258
-794
-1108
-1278
-1621
-2088
-2227
-2072
-1864
-1777
-1381
-632
96
724
1457
2368
3038
3562
4109
4735
4982
5061
5297
5686
5954
6139
6523
6555
6119
5470
5113
4516
3161
1662
477
-683
-2250
-3625
-4448
-5310
-6249
-6836
-6699
-6783
-7132
-7082
-6530
-6070
-6031
-5551
-4740
-3949
-3449
-2639
-1500
-621
108
917
1781
2209
2220
2341
2573
2535
2045
1662
1490
1215
723
331
167
-179
-707
-1036
-1190
-1513
-1993
-2107
-1870
-1734
-1717
-1389
-633
34
583
1369
2279
2891
3321
3912
4561
4715
4783
5068
5506
5642
5798
6282
6329
5929
5287
5079
4457
3130
1780
678
-461
-2055
-3255
-4060
-4973
-5953
-6478
-6321
-6545
-6892
-6811
-6283
-5937
-5960
-5381
-4637
-3947
-3542
-2654
-1559
-771
-101
747
1715
2133
2254
2425
2688
2599
2150
1835
1677
1307
789
361
215
-163
-666
-1023
-1147
-1466
-1908
-1982
-1795
-1715
-1788
-1441
-784
-214
257
1068
1979
2560
2965
3606
4207
4411
4419
4758
5080
5188
5252
5706
5992
5665
5177
4794
4536
3501
2225
1042
55
-1260
-2685
-3639
-4377
-5260
-6073
-6245
-6086
-6401
-6588
-6239
-5610
-5488
-5390
-4654
-3889
-3419
-3030
-1954
-998
-424
191
1172
1975
2132
2276
2583
2700
2347
1938
1798
1430
914
456
192
-128
-656
-985
-1196
-1386
-1731
-1870
-1793
-1712
-1659
-1471
-974
-445
34
679
1485
2152
2618
3218
3868
4265
4379
4616
4992
5113
5132
5356
5817
5726
5287
4830
4594
3990
2808
1702
738
-376
-1826
-2955
-3719
-4568
-5528
-6048
-6065
-6228
-6575
-6388
-5851
-5481
-5439
-4971
-4217
-3635
-3258
-2596
-1605
-928
-328
414
1311
1781
1932
2190
2473
2455
2038
1772
1601
1205
707
310
116
-344
-798
-1046
-1123
-1408
-1762
-1693
-1522
-1462
-1444
-1055
-503
-67
380
1050
1730
2164
2641
3287
3757
4004
4126
4501
4733
4827
4943
5261
5585
5356
5046
4563
4256
3542
2571
1594
563
-538
-1764
-2666
-3450
-4318
-5095
-5583
-5699
-5942
-6093
-5895
-5597
-5329
-5171
-4622
-4055
-3540
-3148
-2442
-1591
-985
-360
302
996
1335
1526
1828
2037
1931
1645
1536
1374
967
565
280
51
-409
-752
-920
-1113
-1427
-1591
-1435
-1382
-1402
-1236
-796
-324
22
532
1160
1690
2144
2681
3243
3556
3775
3997
4331
4489
4643
4831
5192
5381
5196
4861
4429
4199
3520
2583
1518
597
-408
-1547
-2460
-3228
-4062
-4871
-5325
-5352
-5609
-5815
-5672
-5291
-5060
-4940
-4403
-3861
-3434
-3138
-2325
-1582
-1104
-573
170
821
1013
1241
1649
1844
1640
1431
1436
1179
706
378
213
-86
-598
-836
-925
-1123
-1461
-1481
-1339
-1366
-1372
-1135
-656
-294
27
585
1210
1725
2144
2702
3215
3523
3707
3998
4360
4516
4672
4966
5450
5448
5131
4760
4616
4233
3256
2282
1393
461
-767
-1801
-2521
-3430
-4437
-5024
-5111
-5318
-5814
-5787
-5383
-5083
-5111
-4751
-4141
-3762
-3508
-2931
-2067
-1595
-1176
-433
417
818
978
1378
1783
1782
1565
1464
1398
965
598
432
258
-195
-606
-697
-779
-1090
-1365
-1292
-1230
-1303
-1227
-847
-450
-196
162
824
1358
1743
2166
2784
3192
3417
3671
4080
4348
4463
4724
5199
5435
5172
4921
4697
4529
3741
2849
1976
1068
-63
-1170
-1976
-2878
-3918
-4670
-4902
-5096
-5598
-5804
-5500
-5186
-5145
-4989
-4414
-4016
-3750
-3341
-2480
-1908
-1524
-893
14
686
913
1272
1767
1990
1847
1705
1662
1383
892
576
381
26
-542
-808
-919
-1098
-1478
-1592
-1452
-1465
-1498
-1298
-831
-535
-325
164
800
1291
1626
2186
2851
3194
3514
3863
4364
4553
4758
5121
5510
5637
5364
5238
4936
4667
3907
3044
2164
1171
149
-1030
-1989
-2962
-3931
-4657
-5136
-5370
-5854
-6037
-5849
-5589
-5417
-5302
-4751
-4312
-3919
-3470
-2710
-2071
-1611
-910
-52
624
951
1362
1925
2159
2088
1985
1963
1688
1203
861
579
136
-449
-714
-848
-1107
-1473
-1546
-1424
-1444
-1474
-1228
-837
-626
-409
106
699
1111
1503
2132
2778
3135
3486
3914
4352
4555
4816
5209
5581
5651
5443
5274
4981
4640
3873
3013
2130
1173
69
-1086
-2053
-2986
-4006
-4748
-5194
-5498
-6012
-6203
-5979
-5790
-5704
-5539
-4922
-4480
-4114
-3571
-2756
-2152
-1678
-915
-49
462
746
1212
1784
1913
1829
1877
1937
1709
1323
1161
919
462
-15
-162
-338
-742
-1087
-1105
-1074
-1201
-1235
-946
-691
-507
-251
288
773
1111
1596
2204
2769
3076
3454
3890
4253
4465
4772
5192
5593
5545
5396
5161
4943
4441
3612
2784
1851
833
-361
-1340
-2281
-3300
-4227
-4818
-5148
-5610
-6011
-5987
-5841
-5738
-5685
-5256
-4808
-4453
-3992
-3325
-2608
-2172
-1474
-671
9
407
801
1388
1681
1764
1733
1800
1697
1380
1176
891
575
76
-196
-357
-667
-977
-1193
-1117
-1172
-1234
-1139
-872
-622
-420
-16
477
911
1298
1869
2516
2965
3346
3763
4241
4486
4708
5064
5419
5679
5488
5387
5092
4793
4226
3411
2575
1559
581
-544
-1524
-2526
-3523
-4328
-4952
-5308
-5760
-6047
-6002
-5845
-5644
-5532
-5069
-4602
-4130
-3693
-3083
-2396
-1888
-1231
-536
132
561
972
1490
1834
1935
1872
1849
1693
1392
1081
690
310
-166
-456
-690
-993
-1236
-1359
-1332
-1347
-1324
-1188
-978
-752
-444
-17
393
802
1320
1935
2509
2957
3449
3886
4266
4505
4802
5114
5319
5568
5519
5393
5029
4721
4280
3462
2550
1599
657
-498
-1614
-2554
-3520
-4380
-5079
-5422
-5781
-6129
-6078
-5878
-5627
-5524
-5082
-4540
-4072
-3645
-3050
-2332
-1791
-1169
-433
238
739
1189
1723
2110
2226
2217
2144
1926
1572
1200
753
265
-214
-567
-835
-1113
-1357
-1444
-1452
-1390
-1373
-1276
-1114
-868
-602
-287
133
574
1106
1646
2265
2836
3300
3716
4108
4444
4623
4797
5016
5303
5409
5201
4993
4718
4432
3768
2938
2132
1190
106
-1093
-2011
-2986
-4009
-4815
-5274
-5536
-6000
-6115
-5892
-5619
-5488
-5236
-4598
-4141
-3756
-3306
-2558
-1954
-1538
-848
-105
522
925
1449
2035
2292
2350
2340
2281
1962
1499
1113
618
106
-433
-756
-1023
-1353
-1532
-1594
-1507
-1516
-1457
-1319
-1082
-824
-579
-168
255
749
1283
1878
2495
2958
3412
3843
4252
4482
4650
4916
5172
5435
5333
5170
4875
4577
4129
3353
2528
1552
571
-574
-1647
-2596
-3614
-4463
-5149
-5474
-5789
-6080
-6044
-5839
-5514
-5332
-4894
-4400
-3894
-3439
-2885
-2194
-1688
-1095
-427
261
832
1245
1773
2176
2396
2441
2354
2243
1888
1571
1099
642
151
-310
-620
-992
-1276
-1528
-1580
-1574
-1584
-1531
-1386
-1056
-780
-431
9
484
1025
1513
2110
2593
3027
3435
3875
4260
4457
4749
5073
5483
5565
5407
5208
4947
4571
3793
2950
2001
941
-206
-1327
-2217
-3287
-4250
-4939
-5301
-5625
-6047
-6079
-5897
-5672
-5566
-5224
-4717
-4336
-3928
-3364
-2645
-2114
-1590
-815
-70
507
924
1475
1935
2092
2173
2162
2127
1825
1547
1302
927
523
134
-61
-364
-731
-985
-1075
-1114
-1282
-1306
-1176
-958
-740
-448
47
486
947
1462
2075
2568
2898
3316
3758
4110
4279
4541
4962
5315
5391
5285
5184
5003
4543
3829
3040
2108
935
-227
-1213
-2183
-3323
-4311
-4849
-5228
-5711
-6042
-5975
-5803
-5730
-5546
-5089
-4692
-4403
-3957
-3249
-2678
-2232
-1613
-811
-127
347
897
1433
1794
1911
2057
2106
1937
1686
1430
1220
841
433
144
-115
-397
-742
-940
-1030
-1104
-1211
-1243
-1065
-876
-634
-325
113
592
1032
1579
2142
2608
2981
3380
3797
4064
4300
4562
4917
5232
5300
5281
5093
4907
4509
3810
2955
1972
934
-224
-1295
-2320
-3346
-4261
-4937
-5308
-5722
-6025
-6032
-5875
-5669
-5499
-5095
-4669
-4237
-3786
-3182
-2563
-2094
-1461
-753
-63
458
944
1467
1821
1986
2098
2126
1950
1674
1432
1160
773
336
24
-229
-566
-870
-1054
-1152
-1253
-1326
-1291
-1147
-950
-710
-359
60
520
1047
1589
2168
2664
3108
3529
3919
4221
4449
4709
5018
5344
5416
5342
5188
4981
4594
3881
3057
2110
1019
-124
-1199
-2224
-3310
-4236
-4900
-5341
-5760
-6090
-6087
-5976
-5801
-5582
-5218
-4806
-4385
-3878
-3303
-2720
-2196
-1522
-781
-119
503
1058
1534
1907
2133
2271
2196
1972
1738
1491
1127
657
289
-47
-360
-691
-948
-1123
-1332
-1431
-1432
-1395
-1338
-1162
-841
-514
-127
319
909
1503
2047
2611
3118
3573
3934
4255
4515
4749
5032
5345
5529
5473
5278
5064
4719
4111
3283
2364
1337
203
-905
-1922
-2956
-3977
-4749
-5225
-5622
-6003
-6127
-6023
-5833
-5648
-5306
-4873
-4436
-3994
-3430
-2789
-2271
-1679
-947
-196
420
953
1492
1941
2198
2327
2367
2230
1955
1697
1390
973
498
83
-224
-551
-901
-1153
-1306
-1438
-1510
-1489
-1381
-1225
-982
-663
-252
145
613
1166
1694
2191
2649
3118
3502
3804
4074
4337
4639
4918
5233
5326
5169
4953
4679
4248
3474
2642
1739
727
-391
-1424
-2323
-3336
-4268
-4904
-5277
-5669
-6004
-5996
-5795
-5615
-5421
-5028
-4513
-4114
-3632
-3034
-2416
-1896
-1310
-577
110
661
1115
1635
2056
2260
2345
2325
2221
2010
1717
1389
994
575
157
-141
-432
-743
-996
-1155
-1185
-1273
-1298
-1180
-971
-737
-456
-56
341
790
1251
1743
2200
2551
2956
3310
3600
3836
4135
4459
4757
5013
5044
4905
4614
4326
3834
3058
2146
1221
212
-879
-1867
-2782
-3724
-4552
-5092
-5389
-5727
-5941
-5848
-5588
-5369
-5151
-4704
-4244
-3814
-3356
-2758
-2196
-1687
-1039
-320
337
863
1401
1953
2328
2528
2560
2495
2296
2009
1657
1209
742
299
-49
-375
-664
-892
-1076
-1157
-1175
-1202
-1215
-1135
-920
-666
-398
-84
349
841
1323
1834
2282
2695
3082
3459
3772
4019
4272
4566
4868
4991
4936
4746
4472
4172
3642
2903
1987
1061
98
-925
-1918
-2911
-3794
-4575
-5080
-5427
-5724
-5853
-5769
-5476
-5238
-4985
-4580
-4114
-3668
-3271
-2710
-2164
-1639
-1024
-342
341
839
1368
1934
2354
2515
2533
2556
2392
2077
1694
1324
886
361
-5
-320
-644
-997
-1173
-1185
-1281
-1368
-1368
-1201
-1050
-866
-558
-204
170
591
1131
1629
1988
2399
2883
3311
3580
3882
4290
4629
4920
5038
5048
4851
4538
4247
3693
2917
1947
1074
151
-899
-1902
-2860
-3671
-4410
-4910
-5247
-5540
-5640
-5580
-5324
-5131
-4906
-4531
-4137
-3668
-3242
-2677
-2137
-1536
-840
-179
474
992
1512
1967
2264
2417
2411
2342
2143
1879
1519
1105
722
304
-12
-353
-646
-911
-1102
-1160
-1275
-1358
-1391
-1283
-1116
-927
-625
-259
181
641
1171
1687
2101
2531
3000
3397
3648
3881
4247
4575
4840
4912
4908
4779
4479
4170
3562
2800
1846
907
-55
-1112
-2114
-3090
-3891
-4524
-4974
-5301
-5540
-5502
-5350
-5121
-4919
-4640
-4238
-3934
-3498
-3030
-2484
-1993
-1387
-608
63
685
1278
1906
2384
2618
2805
2841
2662
2319
1944
1497
875
315
-157
-524
-959
-1306
-1475
-1609
-1675
-1751
-1715
-1671
-1597
-1384
-1118
-794
-468
-2
561
1109
1629
2133
2707
3224
3582
3908
4229
4581
4831
5084
5235
5173
4993
4713
4485
3845
3025
2167
1310
314
-873
-1854
-2763
-3658
-4430
-4928
-5228
-5588
-5714
-5533
-5273
-5115
-4937
-4445
-4025
-3631
-3204
-2596
-1984
-1468
-785
-74
577
1083
1597
2149
2443
2568
2570
2492
2314
1938
1554
1077
644
178
-222
-576
-951
-1243
-1515
-1615
-1742
-1847
-1863
-1775
-1531
-1337
-1024
-624
-164
345
846
1404
1882
2388
2904
3318
3675
3984
4402
4734
4996
5193
5227
5122
4821
4573
4021
3249
2385
1513
559
-644
-1667
-2544
-3388
-4181
-4730
-4989
-5300
-5472
-5368
-5126
-4978
-4867
-4449
-4033
-3672
-3313
-2709
-2062
-1533
-858
-98
615
1116
1644
2198
2477
2521
2473
2401
2167
1735
1353
948
530
65
-270
-552
-900
-1209
-1432
-1518
-1693
-1825
-1841
-1729
-1570
-1407
-1062
-621
-164
333
906
1512
2006
2491
3019
3456
3752
4004
4355
4656
4849
5019
5136
5073
4777
4465
4027
3325
2448
1530
582
-549
-1644
-2558
-3397
-4173
-4779
-5074
-5306
-5487
-5449
-5246
-5013
-4840
-4510
-4095
-3697
-3273
-2728
-2101
-1513
-857
-110
622
1246
1797
2335
2703
2881
2900
2771
2511
2067
1595
1042
477
-75
-576
-974
-1330
-1596
-1820
-1943
-2003
-2014
-1992
-1917
-1755
-1563
-1276
-908
-464
31
584
1211
1806
2371
2917
3409
3781
4076
4370
4600
4752
4910
5082
5052
4822
4553
4252
3743
2956
2162
1325
305
-799
-1777
-2620
-3538
-4312
-4765
-5050
-5346
-5515
-5338
-5115
-4953
-4743
-4319
-3859
-3507
-3000
-2417
-1803
-1260
-578
210
832
1389
1877
2372
2651
2741
2727
2518
2222
1790
1352
821
265
-216
-677
-1029
-1390
-1669
-1913
-2071
-2095
-2151
-2128
-2049
-1816
-1516
-1199
-748
-277
287
860
1480
2049
2524
3023
3450
3797
4030
4276
4481
4617
4784
4927
4915
4671
4422
4145
3604
2840
2055
1265
268
-810
-1731
-2550
-3424
-4179
-4613
-4900
-5184
-5326
-5167
-4949
-4819
-4565
-4131
-3661
-3280
-2795
-2177
-1597
-1032
-412
297
895
1405
1876
2260
2539
2641
2638
2459
2162
1775
1283
778
215
-321
-874
-1337
-1682
-2012
-2265
-2426
-2421
-2394
-2324
-2110
-1805
-1486
-1143
-659
-123
380
897
1483
2041
2489
2927
3362
3692
3915
4142
4356
4456
4505
4612
4678
4512
4214
3913
3524
2903
2140
1395
538
-449
-1399
-2188
-2943
-3744
-4321
-4628
-4835
-5036
-5066
-4840
-4599
-4363
-4017
-3524
-3053
-2642
-2089
-1484
-923
-423
152
800
1298
1694
2010
2294
2446
2416
2291
1994
1616
1148
649
128
-453
-984
-1459
-1777
-2035
-2266
-2404
-2433
-2327
-2231
-2083
-1837
-1516
-1155
-762
-258
256
748
1281
1865
2396
2800
3187
3577
3864
4027
4146
4242
4281
4293
4336
4273
4035
3723
3408
2992
2343
1611
873
69
-814
-1647
-2360
-3056
-3673
-4085
-4303
-4476
-4595
-4495
-4224
-3967
-3724
-3363
-2903
-2487
-2092
-1593
-1069
-599
-134
402
916
1248
1513
1738
1884
1844
1665
1450
1104
707
256
-161
-601
-1053
-1373
-1625
-1804
-1992
-2075
-2061
-2030
-1954
-1852
-1627
-1356
-1027
-642
-199
291
776
1308
1837
2340
2747
3120
3475
3725
3857
3943
4051
4081
4087
4095
4097
3954
3661
3383
3015
2473
1762
1078
353
-513
-1360
-2100
-2716
-3357
-3836
-4059
-4187
-4264
-4227
-3959
-3683
-3448
-3130
-2723
-2324
-2024
-1630
-1157
-738
-342
92
578
964
1259
1529
1693
1718
1571
1352
1030
568
83
-411
-867
-1338
-1738
-1995
-2179
-2281
-2335
-2248
-2131
-2010
-1813
-1580
-1277
-1005
-659
-218
232
680
1146
1708
2212
2638
3049
3429
3719
3847
3966
4073
4060
3976
3946
3949
3812
3549
3300
3025
2603
2030
1462
864
89
-718
-1431
-2077
-2754
-3338
-3665
-3853
-3998
-4052
-3877
-3614
-3398
-3093
-2702
-2314
-2018
-1687
-1262
-899
-595
-261
165
514
789
1084
1308
1399
1332
1231
1022
642
204
-214
-625
-1118
-1521
-1794
-2007
-2161
-2211
-2100
-1984
-1844
-1638
-1375
-1128
-910
-585
-248
111
484
905
1373
1792
2235
2633
2997
3283
3494
3645
3673
3705
3651
3562
3474
3396
3305
3072
2860
2612
2307
1849
1323
844
201
-499
-1174
-1733
-2306
-2884
-3212
-3394
-3508
-3621
-3522
-3278
-3110
-2891
-2590
-2219
-1989
-1766
-1416
-1085
-836
-619
-238
103
342
588
834
977
927
862
764
532
166
-186
-471
-843
-1199
-1439
-1589
-1712
-1777
-1688
-1549
-1427
-1283
-1052
-802
-618
-392
-101
220
544
886
1291
1675
2032
2369
2684
2942
3091
3194
3217
3214
3155
3055
3001
2945
2906
2774
2633
2503
2285
1973
1554
1156
623
-10
-598
-1154
-1677
-2240
-2603
-2826
-3017
-3146
-3152
-2988
-2906
-2793
-2587
-2369
-2204
-2086
-1839
-1605
-1423
-1215
-917
-592
-356
-86
183
354
424
438
436
330
125
-85
-295
-534
-773
-944
-1054
-1145
-1164
-1122
-1025
-923
-826
-664
-499
-335
-178
10
258
514
792
1082
1406
1693
1949
2217
2428
2569
2617
2645
2641
2576
2519
2498
2518
2524
2548
2569
2527
2452
2323
2110
1764
1339
876
338
-245
-794
-1282
-1756
-2161
-2411
-2583
-2747
-2820
-2772
-2700
-2693
-2657
-2522
-2404
-2330
-2203
-1973
-1764
-1570
-1270
-912
-598
-358
-88
154
237
254
246
205
33
-168
-306
-475
-633
-768
-806
-828
-862
-800
-718
-631
-583
-486
-341
-243
-119
30
261
494
727
1023
1299
1575
1808
2043
2244
2345
2404
2421
2454
2447
2430
2465
2521
2609
2664
2693
2685
2611
2482
2218
1871
1442
954
412
-176
-702
-1213
-1685
-2088
-2368
-2563
-2756
-2864
-2889
-2865
-2883
-2874
-2757
-2628
-2512
-2382
-2142
-1874
-1622
-1300
-939
-578
-311
-39
211
334
375
348
324
197
30
-113
-269
-401
-537
-591
-644
-697
-686
-659
-613
-622
-574
-491
-434
-337
-217
-19
182
410
698
959
1237
1497
1751
1956
2102
2249
2325
2391
2463
2532
2603
2673
2835
2951
2965
2952
2924
2822
2514
2149
1782
1300
708
104
-404
-965
-1533
-1965
-2280
-2566
-2870
-3005
-3039
-3092
-3124
-3075
-2922
-2811
-2666
-2444
-2202
-1943
-1668
-1315
-992
-687
-367
-68
177
311
427
473
450
375
255
119
-78
-245
-399
-543
-681
-795
-823
-859
-878
-879
-832
-748
-675
-556
-408
-208
18
278
575
852
1143
1443
1728
1945
2102
2268
2406
2494
2562
2647
2738
2828
2972
3128
3193
3175
3144
3079
2850
2461
2055
1598
1009
350
-255
-828
-1431
-1959
-2342
-2658
-2979
-3203
-3262
-3279
-3316
-3288
-3138
-2967
-2824
-2634
-2359
-2065
-1780
-1447
-1084
-742
-442
-133
156
351
451
493
524
477
356
195
31
-119
-314
-469
-597
-697
-790
-863
-863
-889
-892
-853
-748
-644
-576
-400
-158
122
381
674
1024
1330
1623
1879
2114
2266
2395
2561
2665
2729
2780
2917
3077
3187
3255
3265
3240
3120
2910
2576
2131
1618
1040
429
-235
-864
-1450
-1963
-2387
-2751
-3025
-3231
-3311
-3331
-3322
-3263
-3147
-2969
-2806
-2610
-2365
-2082
-1778
-1463
-1106
-775
-462
-159
124
337
452
530
551
513
402
259
89
-99
-273
-436
-572
-697
-794
-853
-882
-885
-866
-807
-708
-583
-443
-272
-37
244
541
828
1123
1427
1711
1958
2148
2297
2420
2539
2636
2697
2741
2799
2906
3010
3045
3012
2944
2833
2626
2299
1882
1415
888
316
-277
-862
-1414
-1905
-2298
-2628
-2921
-3128
-3216
-3232
-3240
-3194
-3068
-2899
-2724
-2519
-2270
-2004
-1718
-1392
-1045
-737
-457
-166
100
286
400
483
516
467
367
247
97
-94
-272
-411
-549
-664
-741
-770
-791
-792
-734
-648
-536
-418
-267
-83
122
366
639
928
1195
1459
1725
1969
2162
2289
2415
2526
2599
2630
2645
2674
2684
2711
2738
2706
2585
2428
2272
2009
1631
1197
771
296
-266
-794
-1271
-1725
-2156
-2479
-2717
-2944
-3096
-3126
-3074
-3043
-2979
-2796
-2569
-2376
-2178
-1886
-1587
-1313
-1016
-700
-404
-199
18
222
332
358
353
354
253
95
-55
-186
-338
-510
-604
-663
-705
-739
-713
-643
-590
-514
-391
-236
-115
20
220
442
663
888
1154
1411
1627
1835
2025
2167
2247
2317
2374
2392
2366
2337
2354
2370
2380
2368
2334
2257
2120
1943
1694
1366
966
538
80
-411
-907
-1373
-1768
-2101
-2387
-2617
-2763
-2824
-2838
-2800
-2718
-2601
-2453
-2280
-2076
-1872
-1658
-1413
-1139
-877
-653
-433
-220
-38
84
163
206
199
146
68
-33
-168
-293
-391
-463
-518
-552
-548
-504
-453
-400
-328
-238
-139
-33
89
232
393
583
805
1039
1259
1466
1666
1845
1969
2036
2089
2125
2108
2062
2025
2007
1995
2001
2036
2051
2015
1951
1869
1722
1464
1152
819
422
-42
-509
-945
-1362
-1743
-2050
-2279
-2469
-2603
-2634
-2594
-2547
-2479
-2351
-2189
-2043
-1897
-1715
-1515
-1326
-1129
-913
-716
-550
-383
-214
-94
-38
-4
16
-3
-74
-160
-234
-307
-375
-415
-421
-412
-392
-342
-266
-196
-133
-40
83
194
295
430
610
797
980
1180
1377
1538
1674
1799
1888
1907
1897
1903
1886
1826
1771
1777
1804
1826
1853
1882
1877
1824
1736
1598
1371
1067
735
363
-64
-512
-935
-1307
-1649
-1942
-2165
-2314
-2399
-2425
-2387
-2315
-2231
-2119
-1981
-1844
-1724
-1594
-1437
-1280
-1138
-996
-839
-690
-556
-429
-323
-257
-220
-190
-191
-240
-310
-360
-396
-435
-454
-433
-398
-353
-281
-188
-100
-16
104
240
357
465
607
776
928
1076
1229
1375
1485
1580
1671
1722
1719
1711
1715
1693
1647
1638
1679
1722
1756
1811
1860
1857
1815
1761
1644
1421
1150
866
512
92
-311
-671
-1027
-1371
-1634
-1817
-1967
-2077
-2104
-2083
-2072
-2056
-1993
-1909
-1857
-1810
-1724
-1611
-1520
-1418
-1282
-1124
-984
-849
-691
-548
-455
-400
-345
-313
-339
-387
-400
-397
-418
-427
-379
-308
-262
-202
-93
15
97
190
319
432
516
626
775
908
1022
1157
1296
1408
1484
1555
1610
1617
1598
1580
1568
1549
1541
1565
1604
1646
1696
1746
1776
1764
1717
1629
1469
1239
970
659
305
-73
-426
-749
-1058
-1327
-1520
-1662
-1782
-1861
-1891
-1899
-1913
-1904
-1869
-1842
-1814
-1773
-1706
-1623
-1530
-1417
-1277
-1130
-987
-851
-731
-636
-569
-536
-526
-520
-535
-560
-566
-549
-524
-490
-428
-333
-235
-133
-20
94
207
308
414
523
635
753
881
1017
1155
1287
1396
1490
1580
1628
1639
1649
1654
1632
1590
1570
1573
1564
1550
1570
1607
1616
1600
1571
1515
1392
1214
1008
772
490
182
-118
-406
-689
-950
-1167
-1347
-1494
-1612
-1685
-1719
-1747
-1768
-1769
-1755
-1734
-1708
-1665
-1602
-1529
-1446
-1343
-1227
-1119
-1013
-915
-828
-756
-706
-674
-650
-630
-625
-621
-598
-558
-507
-436
-338
-232
-132
-30
83
191
280
375
480
589
702
828
964
1089
1209
1325
1421
1484
1522
1547
1537
1491
1441
1386
1321
1253
1205
1186
1173
1176
1201
1232
1258
1263
1253
1218
1141
1018
851
664
437
170
-95
-330
-560
-790
-973
-1106
-1219
-1329
-1401
-1435
-1476
-1527
-1541
-1523
-1521
-1528
-1504
-1448
-1406
-1384
-1327
-1247
-1189
-1143
-1075
-996
-944
-910
-860
-799
-753
-728
-671
-582
-507
-434
-329
-197
-91
2
119
250
347
431
541
659
758
848
968
1093
1185
1253
1320
1372
1374
1341
1310
1266
1195
1116
1057
1022
988
959
972
1016
1055
1101
1180
1261
1304
1317
1318
1283
1170
1014
842
635
387
130
-104
-320
-535
-726
-877
-1007
-1129
-1238
-1312
-1370
-1428
-1488
-1521
-1536
-1558
-1571
-1571
-1553
-1541
-1527
-1496
-1449
-1399
-1346
-1274
-1189
-1108
-1034
-948
-852
-770
-692
-595
-491
-386
-284
-163
-31
91
203
318
440
548
638
735
841
933
1008
1083
1150
1193
1204
1202
1188
1145
1085
1027
982
934
886
869
886
907
926
975
1053
1132
1201
1275
1353
1395
1398
1373
1318
1213
1054
874
679
456
214
-18
-231
-438
-644
-824
-967
-1111
-1254
-1363
-1439
-1508
-1573
-1601
-1601
-1604
-1610
-1596
-1559
-1529
-1502
-1455
-1388
-1312
-1244
-1155
-1047
-963
-888
-804
-706
-629
-564
-477
-376
-282
-192
-89
28
123
207
304
401
476
536
614
696
755
798
845
883
896
880
868
857
818
778
765
763
761
770
806
851
891
940
1009
1085
1147
1208
1266
1315
1332
1322
1287
1229
1125
990
845
674
475
279
91
-102
-297
-476
-637
-796
-935
-1054
-1158
-1231
-1282
-1316
-1319
-1315
-1310
-1307
-1287
-1276
-1268
-1259
-1241
-1218
-1189
-1148
-1101
-1056
-1009
-944
-877
-806
-736
-656
-569
-483
-385
-281
-183
-84
11
108
192
272
334
398
457
512
557
608
652
674
700
720
727
729
745
750
754
770
796
812
841
872
911
955
1014
1065
1112
1164
1201
1218
1227
1221
1184
1129
1054
953
822
686
530
364
193
26
-146
-304
-459
-596
-726
-827
-911
-971
-1004
-1028
-1037
-1034
-1025
-1023
-1018
-1023
-1026
-1041
-1048
-1062
-1070
-1080
-1073
-1056
-1026
-991
-939
-887
-829
-769
-705
-643
-576
-500
-428
-354
-275
-201
-141
-68
-2
64
126
206
268
334
410
481
542
615
685
738
785
831
848
859
874
868
867
875
897
908
944
973
996
1012
1035
1036
1028
1013
985
936
885
825
747
670
588
494
394
293
182
71
-44
-154
-259
-342
-424
-487
-546
-587
-618
-644
-670
-685
-703
-732
-761
-803
-850
-898
-950
-1003
-1051
-1081
-1088
-1092
-1079
-1057
-1024
-995
-947
-904
-861
-812
-751
-701
-642
-572
-506
-434
-350
-268
-183
-88
2
86
175
282
369
458
556
640
700
756
794
826
855
891
918
950
992
1026
1060
1092
1116
1118
1117
1104
1080
1043
1002
958
915
866
818
762
708
639
557
460
358
242
127
18
-87
-181
-271
-344
-402
-445
-479
-501
-526
-549
-579
-618
-674
-742
-823
-911
-1003
-1083
-1156
-1219
-1261
-1284
-1294
-1281
-1251
-1223
-1180
-1119
-1059
-1003
-933
-852
-767
-668
-558
-455
-341
-232
-126
-23
85
189
286
386
481
560
635
709
758
790
819
843
853
872
884
894
908
930
946
964
981
993
1000
1001
998
983
966
944
921
890
861
820
773
713
645
571
481
393
303
205
110
23
-56
-131
-192
-250
-304
-353
-405
-460
-527
-602
-683
-777
-874
-967
-1058
-1137
-1207
-1261
-1294
-1305
-1302
-1283
-1240
-1184
-1121
-1050
-967
-887
-803
-715
-621
-531
-444
-354
-267
-179
-91
-1
82
168
253
329
404
467
526
570
603
631
651
661
662
659
660
661
668
683
701
728
760
794
822
848
867
879
885
883
868
844
816
777
734
677
613
545
464
378
278
177
71
-36
-131
-225
-312
-392
-464
-522
-570
-614
-653
-688
-726
-762
-799
-833
-870
-899
-917
-928
-930
-927
-909
-886
-852
-811
-771
-720
-667
-613
-552
-496
-440
-372
-308
-242
-174
-102
-29
37
98
157
213
262
300
331
349
364
367
365
360
353
343
336
340
345
362
390
426
471
522
577
632
684
732
767
794
812
818
816
807
788
763
739
711
671
625
576
513
438
359
276
179
84
-16
-120
-217
-315
-407
-488
-560
-625
-691
-744
-782
-815
-835
-842
-845
-832
-801
-768
-733
-692
-649
-610
-563
-529
-503
-473
-445
-426
-407
-381
-361
-349
-330
-303
-278
-251
-225
-196
-163
-128
-97
-63
-23
23
58
95
138
178
215
259
300
346
392
442
494
543
595
640
682
725
752
770
787
788
780
768
751
728
701
672
632
587
547
496
443
387
318
247
177
110
35
-31
-94
-160
-218
-263
-299
-333
-359
-379
-399
-405
-401
-403
-404
-398
-389
-387
-378
-377
-389
-392
-403
-422
-444
-466
-499
-523
-549
-583
-607
-621
-630
-643
-646
-635
-629
-609
-579
-548
-504
-444
-385
-323
-246
-166
-87
1
96
179
264
349
421
489
553
607
647
682
707
719
725
728
717
704
688
665
634
604
574
538
505
476
443
409
378
343
311
284
257
223
198
177
156
146
136
130
125
127
128
126
129
128
118
104
87
53
18
-27
-83
-145
-213
-291
-372
-448
-529
-611
-684
-746
-812
-864
-899
-931
-953
-949
-938
-913
-870
-821
-765
-688
-606
-524
-435
-340
-239
-146
-47
47
126
204
274
333
376
418
445
458
471
470
464
447
426
405
380
359
330
308
296
278
262
255
250
239
237
237
234
230
240
244
248
261
277
289
305
329
353
377
401
416
430
440
440
435
428
406
367
324
272
203
122
42
-48
-141
-235
-327
-426
-509
-583
-656
-716
-763
-796
-821
-824
-820
-808
-774
-732
-682
-625
-558
-490
-418
-343
-270
-197
-122
-54
2
54
100
128
151
168
171
166
159
145
127
108
90
67
53
43
35
29
32
44
54
71
87
107
142
173
198
233
268
303
337
374
413
445
480
510
539
567
594
611
616
619
612
594
565
531
488
430
370
295
215
139
52
-34
-118
-197
-274
-338
-400
-451
-497
-533
-559
-577
-590
-595
-591
-576
-558
-536
-504
-475
-438
-403
-362
-327
-295
-265
-242
-217
-201
-184
-178
-176
-179
-187
-191
-196
-203
-203
-206
-202
-189
-174
-152
-129
-103
-74
-39
-6
29
58
90
125
158
190
221
253
283
318
353
393
425
457
494
522
554
576
590
600
605
597
579
561
532
492
451
403
353
298
241
192
136
81
34
-11
-53
-96
-134
-168
-200
-227
-250
-266
-275
-282
-283
-282
-282
-274
-266
-256
-249
-248
-246
-239
-235
-243
-251
-261
-273
-283
-291
-301
-304
-310
-311
-309
-299
-282
-267
-252
-231
-208
-188
-167
-151
-135
-117
-101
-86
-75
-57
-41
-25
-2
22
45
76
108
141
169
201
229
253
272
286
302
310
312
311
311
311
300
285
271
261
249
231
213
189
175
158
140
124
106
84
63
50
38
30
21
19
21
18
18
15
11
8
11
13
8
-5
-26
-41
-56
-68
-81
-101
-120
-131
-142
-150
-150
-160
-164
-159
-154
-153
-157
-157
-160
-159
-153
-150
-157
-163
-161
-150
-136
-132
-124
-118
-108
-95
-79
-68
-60
-48
-32
-20
-12
-8
-1
10
17
18
13
5
6
11
14
19
20
19
23
25
26
29
30
37
46
51
60
69
77
92
108
122
137
145
150
160
177
191
190
187
186
189
192
187
176
168
162
151
135
122
108
89
86
82
68
50
34
25
16
13
4
-17
-32
-43
-55
-63
-73
-86
-95
-99
-103
-114
-127
-131
-131
-134
-141
-146
-161
-168
-170
-172
-171
-180
-188
-197
-197
-198
-200
-200
-201
-199
-189
-184
-181
-175
-169
-150
-136
-124
-116
-104
-84
-59
-32
-6
8
18
37
66
92
109
124
143
167
181
201
212
220
235
248
255
252
253
253
256
262
259
252
240
226
223
220
214
203
190
175
162
152
138
124
112
103
92
77
58
35
24
16
9
-6
-31
-47
-63
-76
-90
-108
-125
-143
-161
-177
-191
-209
-221
-226
-235
-242
-255
-267
-276
-276
-272
-266
-263
-266
-262
-253
-233
-217
-198
-184
-173
-153
-132
-115
-101
-79
-57
-40
-26
-15
-2
15
33
53
64
69
71
83
101
114
123
122
122
130
142
151
153
155
162
167
166
162
154
150
154
159
163
158
150
145
145
154
153
148
141
130
127
125
118
113
100
93
86
67
50
33
26
16
2
-14
-36
-58
-71
-78
-83
-99
-111
-121
-126
-132
-141
-138
-137
-137
-134
-135
-140
-139
-134
-131
-122
-117
-121
-122
-117
-112
-107
-97
-98
-101
-100
-96
-85
-76
-69
-61
-54
-45
-36
-30
-22
-13
-2
8
12
13
12
20
32
45
49
52
53
55
69
79
88
96
99
107
113
125
138
145
155
160
162
162
159
160
159
155
146
133
121
107
93
81
73
55
35
20
1
-13
-27
-38
-45
-54
-70
-81
-93
-98
-93
-96
-99
-108
-107
-104
-105
-100
-99
-98
-95
-99
-97
-93
-83
-74
-75
-72
-68
-67
-63
-56
-45
-40
-38
-37
-36
-33
-30
-23
-23
-26
-26
-26
-27
-22
-16
-9
-5
0
10
19
22
35
56
73
90
104
118
128
140
153
159
164
161
155
148
144
135
126
113
97
76
55
38
21
5
-13
-26
-48
-64
-69
-78
-78
-80
-87
-91
-89
-87
-78
-68
-58
-50
-46
-41
-37
-28
-22
-11
-7
-5
-1
0
0
1
8
12
12
9
1
-7
-12
-17
-24
-37
-45
-52
-60
-62
-64
-68
-66
-65
-66
-68
-61
-51
-39
-29
-14
-1
12
24
38
56
68
81
86
99
99
95
95
92
89
79
65
51
36
17
5
-10
-27
-43
-63
-72
-75
-84
-86
-83
-80
-80
-72
-65
-55
-38
-29
-13
2
20
34
48
65
78
88
94
96
99
110
112
111
108
106
95
91
80
69
62
49
39
19
5
-9
-22
-34
-46
-51
-69
-79
-81
-81
-82
-85
-78
-77
-73
-71
-63
-48
-37
-27
-21
-12
-10
-5
8
14
17
11
7
4
-6
-15
-23
-30
-38
-49
-59
-68
-79
-82
-84
-87
-86
-86
-86
-79
-69
-61
-43
-30
-18
-3
9
26
43
56
68
81
99
108
112
121
127
135
138
134
133
127
125
120
110
99
88
75
65
54
43
30
21
10
-1
-10
-18
-24
-31
-37
-39
-43
-40
-39
-39
-42
-37
-31
-31
-32
-34
-34
-30
-31
-30
-30
-37
-38
-42
-45
-48
-55
-57
-63
-65
-67
-73
-81
-84
-87
-87
-85
-86
-84
-79
-74
-70
-61
-57
-49
-37
-26
-20
-9
1
14
29
37
47
53
65
77
79
83
92
98
103
108
115
112
109
109
104
101
94
84
82
78
69
65
55
48
38
28
19
7
-1
-8
-13
-18
-27
-31
-32
-34
-38
-43
-46
-45
-44
-44
-47
-47
-46
-46
-44
-46
-44
-39
-38
-46
-51
-48
-50
-50
-49
-57
-58
-57
-59
-58
-60
-65
-64
-63
-62
-61
-57
-50
-50
-43
-37
-32
-21
-10
0
6
17
32
48
58
67
76
85
96
107
107
113
117
119
121
115
116
110
108
105
99
84
69
59
48
34
20
10
-1
-6
-18
-30
-38
-38
-39
-41
-46
-47
-41
-41
-38
-42
-42
-30
-27
-27
-23
-20
-20
-19
-17
-18
-17
-18
-16
-20
-29
-30
-27
-33
-42
-48
-52
-56
-61
-67
-73
-79
-76
-68
-69
-67
-72
-70
-61
-55
-49
-43
-37
-25
-9
2
11
24
40
56
62
69
82
92
99
99
100
101
107
109
103
91
86
90
82
67
52
41
37
27
17
3
-10
-15
-26
-38
-52
-57
-56
-53
-53
-53
-51
-49
-39
-37
-36
-31
-21
-5
-3
5
10
17
23
26
27
23
22
20
12
-2
-7
-11
-22
-32
-47
-56
-64
-69
-82
-94
-106
-108
-106
-109
-111
-108
-97
-84
-71
-66
-54
-36
-17
1
13
27
47
69
81
95
106
113
128
137
132
127
128
126
119
109
95
80
70
52
33
19
3
-3
-14
-32
-45
-57
-55
-57
-64
-68
-64
-51
-42
-39
-32
-21
-7
3
8
15
18
29
37
38
37
32
38
40
29
17
7
-1
-12
-26
-44
-56
-67
-77
-87
-101
-109
-114
-112
-104
-106
-106
-99
-86
-69
-58
-51
-36
-12
4
19
34
51
66
80
87
94
105
112
117
116
115
108
104
102
91
80
68
56
45
33
19
12
12
7
-1
-13
-21
-19
-14
-15
-16
-11
-1
5
10
11
15
25
29
33
31
30
30
33
26
17
11
5
-4
-11
-25
-39
-44
-53
-61
-73
-87
-97
-96
-101
-106
-110
-108
-101
-96
-91
-84
-73
-60
-46
-34
-27
-13
4
16
29
32
42
56
61
60
61
64
63
58
56
52
48
43
35
28
19
12
6
-3
-11
-17
-17
-20
-21
-19
-14
-12
-9
-1
4
10
16
26
41
49
54
63
70
74
77
75
75
79
76
66
54
41
34
21
9
-3
-19
-32
-40
-56
-71
-81
-93
-103
-112
-117
-122
-121
-120
-120
-117
-109
-103
-91
-80
-69
-52
-39
-19
-7
2
16
30
46
56
63
67
72
76
78
74
74
67
63
56
50
41
26
16
8
3
-10
-18
-27
-31
-33
-39
-39
-40
-37
-35
-29
-23
-17
-11
-1
9
21
34
43
50
57
67
74
76
79
82
81
78
77
75
65
59
46
41
33
16
2
-7
-19
-31
-45
-51
-57
-69
-71
-77
-81
-82
-80
-81
-78
-75
-76
-67
-61
-57
-52
-43
-35
-32
-26
-21
-13
-7
-2
5
10
16
16
19
21
21
18
14
17
14
19
18
16
13
9
9
6
9
10
7
10
13
13
12
17
22
25
23
23
26
27
34
35
39
38
44
42
37
37
35
38
31
25
21
20
18
13
4
1
1
-1
-1
-5
-7
-6
-6
-8
-11
-13
-16
-15
-16
-20
-17
-20
-20
-19
-21
-24
-25
-21
-23
-29
-26
-24
-28
-35
-34
-35
-41
-39
-33
-31
-30
-27
-24
-23
-19
-22
-20
-17
-18
-16
-10
-3
1
8
11
11
15
23
24
24
26
22
21
24
27
31
29
25
24
24
25
24
19
17
15
15
12
11
11
7
8
9
11
12
6
7
3
3
4
5
6
6
9
7
6
8
11
8
7
5
4
4
-2
-2
0
3
-1
-3
-5
-7
-9
-11
-11
-17
-13
-10
-11
-9
-13
-16
-11
-12
-11
-10
-13
-9
-6
-8
-11
-6
-5
-4
-4
0
0
1
1
0
4
-1
-4
1
-2
-3
-1
-1
-2
0
3
2
6
7
8
11
10
8
6
8
10
5
3
4
8
5
5
5
5
8
10
6
4
7
2
0
0
2
2
5
4
1
4
0
1
4
2
2
0
2
3
0
-1
-2
-1
4
6
2
-1
0
-5
-3
-4
-1
-2
-7
-8
-3
-5
-6
-4
-8
-7
-6
-2
-3
-4
-2
0
0
-3
-5
-8
-2
4
2
3
4
4
-1
-5
-2
-2
-3
-3
-4
-2
-4
1
2
-4
-1
-2
-1
-1
-3
-3
-6
-4
-2
-4
-3
-3
0
1
2
3
3
3
4
8
10
13
10
9
9
10
6
0
1
0
-2
-3
-8
-7
-7
-11
-13
-13
-12
-18
-16
-11
-13
-15
-10
-11
-13
-11
-9
-4
-8
-8
-3
-1
-1
-5
-3
-1
0
3
3
1
1
3
8
8
5
2
1
4
-1
-7
-6
-5
-5
-4
-4
-2
-2
-8
-9
