-4
-3
-3
-3
-3
1
2
0
3
4
4
1
3
0
0
1
0
0
-1
0
0
-1
-2
-2
0
-2
-2
-4
-2
-1
-1
-1
-1
0
-1
-2
-4
-5
-4
-4
-3
0
-1
-3
-2
-2
-2
-5
-3
-4
-7
-5
-4
-4
-4
-4
-3
-3
-1
-2
-2
-2
-2
-2
-1
-2
-4
-4
-4
-5
-4
-4
-2
-1
-1
0
2
2
0
0
-1
0
3
2
-2
0
-2
1
4
4
4
5
5
4
4
4
4
3
1
1
1
1
-1
-2
0
-1
-1
0
1
1
0
1
0
0
1
0
0
3
-3
-1
-1
-3
-3
-3
0
-1
-1
-1
0
-1
-2
-1
-1
0
2
0
0
1
0
0
-2
-1
-1
0
-1
-2
0
1
3
3
3
1
3
2
4
6
4
5
3
3
1
2
2
3
3
0
-1
-1
-1
0
0
1
0
0
0
-1
0
1
1
1
1
1
1
1
-2
-2
-2
-1
-2
-3
-3
-5
-7
-7
-5
-7
-6
-7
-6
-5
-5
-4
-6
-4
-3
-1
-4
-4
2
2
2
0
0
-1
-1
0
-1
0
-1
-3
-4
-2
-5
-4
-3
-3
-1
-2
-3
-2
-4
-2
-1
0
-1
-1
0
2
5
3
2
5
4
3
1
1
0
1
1
-1
1
0
-1
-1
-1
-1
-2
-2
-1
-2
-1
-1
0
-3
-3
-2
-1
-1
1
-1
-4
-3
-5
-5
-4
-2
-5
-6
-5
-4
-3
-3
-4
-3
-3
-1
-1
-2
-3
-3
-3
-6
-5
-5
-5
-5
-5
-4
-5
-4
-3
-4
-2
-2
-1
2
4
3
1
2
1
1
1
2
3
0
1
1
2
3
4
2
1
1
3
3
3
2
2
2
2
2
2
3
-1
1
-1
0
0
1
2
3
2
0
1
1
3
2
3
2
2
4
5
7
6
7
7
7
8
8
7
5
6
6
6
5
7
6
7
6
5
5
3
3
3
5
1
0
-1
-4
-3
-2
0
-3
-4
-6
-7
-5
-6
-6
-6
-8
-5
-5
-5
-7
-3
-3
-2
0
-1
0
-2
-1
-2
-1
1
0
1
1
1
1
1
-1
1
1
1
2
2
-1
-1
-2
-1
1
0
3
3
2
4
2
3
6
6
6
7
6
4
3
-1
-2
0
-3
-3
-2
-3
-2
-2
-2
-2
-1
-2
-4
-2
-1
-2
1
0
1
-2
-1
1
0
-2
-2
-4
-6
-8
-10
-10
-8
-8
-9
-9
-9
-10
-10
-9
-8
-7
-5
-3
-6
-3
-4
-4
-4
-5
-6
-7
-6
-6
-6
-6
-7
-9
-9
-8
-4
-6
-4
-1
-1
2
2
2
4
5
3
3
4
5
6
4
4
2
2
1
1
-2
-1
0
0
2
2
4
6
6
7
8
14
19
20
23
25
25
27
29
31
31
30
31
33
31
29
27
27
24
20
17
13
11
10
8
6
3
-1
-2
-2
-3
-2
-2
-3
-5
-4
-4
-5
-5
-5
-7
-10
-14
-16
-19
-23
-26
-29
-32
-35
-34
-34
-35
-34
-33
-30
-28
-25
-23
-22
-19
-17
-14
-11
-9
-7
-6
-6
-4
-1
2
6
7
11
11
16
20
23
28
34
37
38
41
44
45
48
49
50
50
50
51
51
54
57
62
69
73
79
85
92
99
102
107
109
110
107
103
96
86
73
57
40
23
4
-19
-40
-64
-88
-109
-131
-152
-170
-187
-205
-217
-229
-241
-250
-258
-263
-265
-270
-269
-267
-264
-257
-250
-239
-226
-213
-198
-182
-163
-143
-125
-104
-81
-61
-43
-23
-4
13
28
39
51
61
71
79
90
100
112
122
135
147
163
180
198
216
236
259
281
303
324
348
366
386
402
417
436
446
454
459
461
460
454
446
432
413
392
361
325
284
237
185
127
66
-2
-68
-140
-211
-280
-352
-419
-483
-535
-583
-620
-652
-673
-685
-691
-682
-668
-640
-609
-570
-528
-486
-438
-390
-340
-293
-248
-203
-159
-120
-86
-59
-35
-10
10
29
45
59
69
78
86
96
105
114
126
140
157
179
202
227
259
295
334
377
419
465
513
559
605
643
682
719
748
770
779
775
763
747
713
662
592
505
412
306
193
64
-69
-191
-302
-405
-501
-596
-682
-750
-794
-821
-842
-853
-845
-818
-775
-726
-676
-617
-548
-465
-374
-297
-228
-161
-106
-57
-20
4
23
39
46
41
24
-4
-39
-83
-128
-177
-227
-275
-321
-364
-399
-428
-444
-441
-425
-393
-346
-288
-220
-148
-68
21
117
211
308
400
488
577
655
728
787
837
877
909
930
937
925
906
880
860
847
829
805
777
748
716
683
635
570
484
388
287
174
44
-105
-265
-410
-528
-626
-717
-809
-886
-937
-965
-981
-987
-984
-955
-896
-821
-739
-666
-587
-493
-387
-277
-184
-104
-31
37
87
109
106
95
87
82
67
28
-25
-74
-122
-167
-223
-296
-359
-404
-430
-451
-485
-519
-529
-510
-460
-401
-343
-278
-196
-98
6
95
176
262
356
454
538
599
654
708
762
809
836
852
868
880
882
866
835
817
818
833
842
831
820
818
820
803
741
646
544
443
327
174
-21
-216
-380
-514
-626
-744
-855
-938
-983
-1004
-1025
-1046
-1046
-1002
-923
-827
-740
-654
-554
-437
-310
-209
-127
-43
44
126
180
193
182
175
178
180
160
114
61
11
-38
-106
-200
-305
-397
-463
-508
-560
-625
-682
-712
-703
-672
-643
-602
-542
-454
-340
-223
-115
-16
97
225
356
466
557
637
713
785
841
876
898
916
937
946
937
912
884
869
872
872
867
861
856
859
853
817
752
671
582
485
364
195
-3
-200
-373
-524
-652
-770
-893
-988
-1042
-1085
-1114
-1129
-1130
-1086
-998
-890
-789
-688
-585
-471
-335
-212
-124
-44
43
116
175
201
188
177
186
191
176
137
75
15
-34
-105
-212
-322
-409
-474
-526
-581
-656
-713
-715
-681
-643
-611
-580
-520
-407
-278
-167
-68
37
155
296
440
545
621
711
798
868
917
938
941
961
990
993
975
944
908
898
911
911
896
896
901
910
929
910
846
772
695
603
487
329
109
-119
-317
-487
-631
-761
-904
-1039
-1126
-1183
-1228
-1246
-1245
-1212
-1129
-1022
-922
-824
-716
-601
-466
-334
-231
-137
-40
48
116
152
161
159
169
183
175
138
78
13
-47
-121
-221
-336
-446
-542
-626
-704
-778
-835
-860
-847
-814
-779
-731
-654
-546
-419
-287
-158
-29
110
264
416
552
669
775
875
962
1023
1055
1076
1102
1124
1135
1122
1086
1055
1053
1066
1069
1064
1060
1062
1087
1105
1070
986
882
783
691
569
367
109
-136
-347
-513
-651
-809
-992
-1124
-1206
-1262
-1292
-1311
-1317
-1258
-1147
-1042
-943
-832
-713
-578
-418
-293
-200
-90
32
126
200
224
202
208
230
224
189
129
38
-35
-94
-175
-303
-444
-565
-664
-744
-820
-907
-976
-997
-990
-952
-898
-847
-763
-627
-476
-333
-188
-36
117
284
457
604
727
841
943
1031
1099
1131
1150
1174
1190
1189
1178
1144
1104
1095
1102
1100
1100
1103
1111
1130
1131
1085
978
866
769
668
542
337
58
-185
-366
-529
-668
-812
-992
-1126
-1198
-1253
-1278
-1274
-1282
-1227
-1111
-1015
-927
-807
-698
-566
-413
-290
-190
-82
25
127
193
210
196
184
188
169
126
56
-30
-102
-167
-270
-413
-567
-688
-779
-861
-923
-988
-1053
-1077
-1056
-1002
-954
-889
-775
-623
-453
-250
-69
103
278
451
622
775
900
1014
1140
1260
1348
1364
1376
1389
1377
1365
1352
1318
1272
1258
1243
1228
1211
1182
1124
1039
920
821
761
675
555
366
108
-134
-337
-531
-683
-792
-910
-1025
-1080
-1138
-1230
-1282
-1270
-1239
-1133
-1031
-960
-846
-678
-525
-411
-321
-244
-134
0
117
152
163
169
181
172
122
36
-80
-160
-195
-249
-392
-549
-706
-828
-940
-1027
-1084
-1126
-1125
-1091
-1037
-985
-1010
-1089
-1013
-744
-417
-224
-175
-26
269
578
809
968
1157
1413
1605
1691
1717
1722
1779
1835
1846
1791
1725
1705
1751
1817
1813
1756
1732
1650
1180
324
-481
-848
-818
-750
-948
-1378
-1638
-1556
-1335
-1208
-1122
-868
-346
186
400
218
-116
-283
-247
-199
-268
-447
-504
-349
-184
-243
-448
-555
-363
2
277
319
229
158
87
10
-182
-437
-589
-549
-532
-725
-1085
-1419
-1508
-1420
-1324
-1310
-1255
-1126
-900
-654
-519
-475
-335
-114
68
194
178
147
229
366
443
446
452
514
653
795
844
834
883
951
977
980
959
963
1066
1244
1374
1531
1759
1961
2163
2305
2369
2369
2128
1122
-184
-1033
-1318
-1190
-1063
-1399
-1793
-1676
-1345
-1033
-700
-420
82
818
1116
708
110
-411
-716
-818
-939
-1167
-1305
-1170
-933
-819
-813
-760
-475
81
617
816
804
718
520
305
128
-151
-371
-399
-360
-528
-878
-1270
-1517
-1483
-1295
-1129
-1067
-948
-789
-708
-748
-819
-839
-602
-222
-10
-17
-92
-76
53
234
331
402
574
735
775
689
596
601
745
894
895
857
892
1064
1301
1568
1736
1921
2211
2435
2498
2485
2442
2407
2382
1244
-548
-1587
-1987
-2050
-1426
-1234
-1971
-1775
-966
-700
-401
155
408
946
1528
1156
297
-457
-1009
-1256
-1318
-1504
-1631
-1520
-1232
-834
-635
-475
-72
399
843
1103
1081
795
497
154
-159
-452
-728
-819
-827
-939
-1122
-1286
-1475
-1506
-1381
-1288
-1190
-1017
-950
-1001
-955
-914
-815
-537
-262
-87
32
112
156
266
343
408
534
670
738
735
665
664
783
962
1121
1189
1206
1299
1437
1512
1638
1790
2010
2301
2524
2568
2590
2537
2531
1837
-85
-1500
-1838
-2083
-1914
-1288
-1788
-2112
-1224
-691
-623
-57
496
1121
1715
1351
448
-319
-1014
-1208
-1254
-1625
-1790
-1526
-1269
-936
-646
-521
-82
535
1038
1241
1056
721
470
165
-165
-443
-768
-862
-730
-821
-1086
-1322
-1485
-1437
-1231
-1178
-1200
-1165
-1159
-1181
-1206
-1175
-1036
-677
-293
-38
79
113
194
368
566
693
747
762
777
698
528
418
456
694
1009
1157
1135
1138
1260
1455
1672
1853
2083
2358
2620
2796
2742
2548
2520
2513
1152
-955
-1962
-2256
-2451
-1801
-1393
-2118
-1899
-915
-594
-404
241
800
1487
1787
1117
155
-824
-1397
-1437
-1558
-1833
-1719
-1438
-1136
-723
-506
-311
243
872
1305
1296
953
548
223
-126
-424
-749
-945
-845
-719
-831
-1072
-1376
-1537
-1430
-1287
-1236
-1150
-1103
-1057
-1071
-1246
-1324
-1137
-726
-240
97
197
186
281
425
570
687
804
969
1019
896
659
434
424
723
981
1019
1054
1091
1215
1441
1693
1894
2279
2720
3044
3211
3165
3013
2942
2785
1002
-1341
-2247
-2381
-2528
-1807
-1551
-2287
-1810
-716
-515
-343
297
942
1663
1713
748
-269
-1237
-1708
-1648
-1846
-2131
-1865
-1407
-1004
-554
-338
-51
568
1164
1508
1322
808
419
108
-332
-703
-1014
-1190
-1062
-900
-1034
-1258
-1387
-1430
-1334
-1241
-1283
-1366
-1336
-1260
-1291
-1392
-1360
-1143
-730
-254
44
179
298
532
745
813
848
908
1005
967
798
531
373
497
842
1099
1072
1054
1119
1285
1444
1736
1997
2386
2831
3140
3189
3165
3044
2986
2679
599
-1649
-2215
-2312
-2455
-1578
-1628
-2425
-1642
-588
-635
-291
384
970
1634
1489
396
-577
-1484
-1790
-1621
-1890
-2141
-1751
-1306
-851
-334
-109
240
870
1349
1554
1237
677
381
89
-309
-604
-927
-1128
-966
-855
-1044
-1200
-1252
-1276
-1183
-1191
-1384
-1668
-1730
-1663
-1580
-1456
-1192
-834
-415
-9
187
277
436
732
971
1034
957
823
721
603
462
355
394
678
1060
1247
1151
1045
1084
1238
1474
1819
2149
2519
2796
3019
3014
2957
2920
3029
2406
145
-1721
-2251
-2524
-2489
-1600
-1882
-2345
-1372
-570
-661
-182
554
1141
1664
1325
249
-765
-1608
-1799
-1697
-1939
-2018
-1578
-1148
-678
-152
154
560
1133
1575
1619
1184
622
285
-114
-468
-727
-1030
-1145
-970
-913
-1115
-1321
-1412
-1404
-1346
-1363
-1454
-1729
-1860
-1797
-1797
-1724
-1386
-933
-443
4
216
339
516
766
1046
1180
1106
1002
887
731
553
420
427
745
1130
1259
1179
1069
1113
1234
1473
1793
2046
2455
2889
3181
3143
3064
2946
3054
2646
480
-1570
-2263
-2496
-2418
-1545
-1817
-2397
-1565
-684
-524
-94
417
985
1607
1373
366
-605
-1584
-1827
-1723
-1922
-2005
-1637
-1186
-574
48
313
639
1096
1507
1644
1281
674
270
-133
-497
-764
-1130
-1380
-1238
-1076
-1183
-1335
-1423
-1530
-1523
-1478
-1674
-1979
-1960
-1787
-1749
-1666
-1474
-1185
-671
-133
201
419
677
962
1218
1274
1167
1061
992
932
799
653
572
781
1056
1088
1013
976
1020
1170
1408
1728
2009
2376
2814
3179
3195
3229
3211
3063
2746
841
-1562
-2444
-2575
-2676
-1767
-1574
-2423
-1828
-827
-604
-73
530
950
1665
1603
522
-359
-1469
-2062
-1866
-1926
-2087
-1739
-1285
-752
-30
276
551
963
1313
1540
1316
719
269
-120
-574
-800
-1150
-1475
-1381
-1180
-1247
-1246
-1268
-1454
-1449
-1495
-1850
-2211
-2201
-2096
-1906
-1622
-1398
-1151
-715
-249
127
500
819
1161
1454
1460
1263
1051
910
876
837
763
764
945
1181
1267
1142
1008
1021
1186
1447
1848
2162
2523
2825
3028
3138
3171
3133
3215
2896
815
-1283
-2101
-2560
-2595
-1669
-1675
-2311
-1620
-850
-633
-192
363
1002
1637
1462
625
-280
-1338
-1719
-1605
-1775
-1864
-1603
-1207
-672
-106
215
533
896
1244
1424
1101
513
98
-320
-708
-950
-1262
-1503
-1389
-1192
-1204
-1244
-1333
-1373
-1341
-1503
-1908
-2227
-2279
-2158
-1965
-1798
-1684
-1386
-819
-243
200
585
930
1283
1619
1650
1428
1182
1072
1017
905
766
728
932
1221
1328
1156
986
963
1193
1582
1959
2178
2522
2846
3065
3204
3173
3074
3140
2880
883
-1337
-2379
-2733
-2649
-1759
-1699
-2430
-2024
-1162
-676
-220
351
986
1617
1517
670
-330
-1550
-2008
-1786
-1767
-1865
-1629
-1272
-781
-155
142
411
795
1224
1480
1278
633
72
-354
-720
-923
-1184
-1408
-1338
-1105
-1127
-1223
-1463
-1736
-1795
-1760
-1868
-1944
-1917
-1987
-1947
-1774
-1498
-1149
-661
-172
271
605
804
1002
1224
1395
1406
1391
1345
1260
1152
1050
1029
1134
1256
1238
1135
1031
1130
1335
1613
1963
2258
2729
3198
3412
3456
3459
3340
3188
2032
-307
-1808
-2331
-2502
-1943
-1504
-2221
-2316
-1559
-1039
-549
74
590
1317
1549
917
-21
-1042
-1803
-1713
-1537
-1663
-1621
-1416
-1107
-669
-299
4
446
885
1293
1362
856
232
-149
-524
-764
-933
-1169
-1254
-1121
-1125
-1322
-1511
-1612
-1521
-1426
-1461
-1810
-2224
-2532
-2627
-2484
-2191
-1818
-1342
-757
-386
-8
414
778
1237
1713
1905
1722
1407
1063
914
821
785
887
1058
1211
1207
1149
1040
1129
1428
1911
2210
2437
2662
2863
3081
3251
3261
3094
3102
3064
1894
-431
-1889
-2378
-2542
-1867
-1139
-1921
-2224
-1344
-744
-351
347
806
1400
1714
1062
168
-878
-1879
-1822
-1500
-1647
-1612
-1345
-1155
-551
-13
244
650
1038
1348
1412
926
210
-298
-806
-1073
-1185
-1546
-1707
-1503
-1479
-1635
-1851
-2161
-2238
-2009
-1989
-2082
-2205
-2364
-2324
-2013
-1731
-1418
-916
-398
135
531
722
965
1329
1555
1626
1617
1447
1291
1192
1098
1043
1090
1194
1268
1199
1076
1188
1412
1659
2049
2490
2715
2960
3161
3104
2986
3151
3205
2849
1483
-573
-1885
-2185
-2130
-1766
-1474
-1976
-1954
-1227
-715
-429
178
763
1305
1399
784
-44
-886
-1501
-1510
-1474
-1756
-1751
-1431
-1106
-655
-221
43
385
818
1107
1073
665
155
-255
-618
-932
-1183
-1497
-1598
-1469
-1457
-1597
-1660
-1721
-1738
-1781
-2085
-2409
-2559
-2486
-2209
-1894
-1723
-1450
-1009
-510
109
676
1169
1653
2004
2034
1791
1422
1154
1123
1122
1076
1049
1015
1026
1115
1155
1067
1132
1364
1687
1989
2283
2424
2486
2625
2859
2975
2809
2750
2763
2654
1562
-476
-2146
-2628
-2458
-1869
-1351
-1905
-2327
-1691
-923
-412
266
844
1294
1586
1043
80
-976
-1772
-1726
-1400
-1508
-1697
-1608
-1407
-814
-220
152
547
902
1211
1324
952
271
-193
-570
-828
-1077
-1424
-1639
-1658
-1662
-1808
-2023
-2329
-2356
-2237
-2128
-2102
-2234
-2339
-2188
-1756
-1349
-904
-420
144
613
911
1185
1382
1567
1727
1821
1683
1436
1245
1156
1178
1182
1169
1205
1260
1192
1090
1157
1318
1601
2039
2441
2591
2697
2787
2844
2887
2951
3034
2941
1975
18
-1575
-2323
-2385
-1872
-1323
-1650
-2027
-1668
-1137
-611
92
827
1264
1415
1091
374
-512
-1237
-1330
-1280
-1428
-1633
-1636
-1538
-1177
-642
-160
171
430
710
754
465
83
-268
-633
-854
-1033
-1316
-1530
-1664
-1781
-1915
-2029
-2222
-2446
-2541
-2566
-2598
-2647
-2561
-2346
-1935
-1467
-1026
-596
-113
377
821
1227
1550
1823
1879
1730
1585
1464
1411
1466
1520
1430
1305
1343
1441
1436
1350
1475
1660
1898
2150
2360
2450
2603
2836
2979
3054
2939
2843
2845
2477
896
-936
-1835
-2064
-1811
-1142
-1210
-2015
-2022
-1366
-792
-86
592
966
1269
1196
539
-204
-1002
-1323
-1055
-1015
-1444
-1712
-1826
-1663
-1032
-451
-91
143
422
611
553
155
-193
-464
-723
-885
-1105
-1497
-1766
-1871
-2010
-2282
-2559
-2769
-2748
-2554
-2420
-2460
-2538
-2394
-2005
-1548
-1106
-656
-173
281
627
918
1174
1463
1758
1963
1979
1832
1603
1448
1370
1319
1289
1343
1364
1288
1249
1360
1518
1743
2056
2348
2551
2646
2761
2798
2840
2872
2847
2711
2164
766
-900
-1723
-1856
-1573
-1169
-1430
-2123
-2156
-1539
-784
23
609
916
1106
916
408
-156
-665
-833
-710
-828
-1213
-1601
-1775
-1536
-969
-480
-46
179
354
518
422
93
-186
-365
-504
-561
-811
-1171
-1521
-1814
-1932
-1984
-2118
-2272
-2364
-2505
-2614
-2715
-2693
-2491
-2150
-1736
-1258
-823
-415
108
522
877
1253
1644
1877
2031
1983
1798
1607
1447
1284
1214
1232
1214
1289
1269
1174
1148
1317
1612
1998
2324
2498
2579
2579
2673
2801
2945
2974
2959
2867
1988
90
-1382
-1739
-1760
-1265
-827
-1512
-2325
-2059
-1475
-777
171
787
1110
1125
686
150
-378
-856
-771
-577
-924
-1426
-1811
-1959
-1574
-941
-453
-139
-22
90
254
168
-85
-253
-433
-630
-748
-1090
-1563
-1843
-2001
-2147
-2273
-2544
-2889
-2970
-2898
-2811
-2630
-2513
-2407
-2022
-1490
-993
-416
78
458
850
1140
1297
1548
1848
2016
2089
1977
1703
1394
1234
1248
1386
1567
1580
1435
1291
1286
1440
1768
2141
2460
2615
2632
2698
2741
2830
3005
3081
2969
2538
1035
-692
-1324
-1232
-922
-618
-1156
-2152
-2168
-1396
-504
244
542
701
753
488
193
-54
-546
-671
-549
-899
-1567
-2003
-2023
-1577
-888
-404
-376
-658
-588
-181
92
157
72
-199
-353
-433
-761
-1150
-1442
-1622
-1708
-1938
-2469
-2864
-3025
-3129
-3036
-2960
-2952
-2767
-2219
-1702
-1175
-654
-216
246
687
1019
1247
1547
1851
2071
2002
1804
1664
1534
1460
1462
1457
1397
1432
1395
1261
1207
1312
1561
1898
2112
2194
2288
2401
2690
2956
2907
2720
2583
2431
2112
949
-585
-1266
-1305
-1190
-866
-1231
-2273
-2223
-1365
-646
68
480
383
371
407
216
31
-379
-624
-519
-873
-1539
-1853
-1936
-1711
-945
-436
-467
-557
-526
-336
-2
159
215
208
5
-299
-623
-1161
-1517
-1601
-1756
-2030
-2361
-2773
-3130
-3195
-3197
-3123
-2871
-2466
-1958
-1456
-1011
-545
-51
378
843
1242
1475
1771
2051
2078
1939
1808
1629
1523
1480
1447
1455
1430
1384
1388
1353
1361
1528
1759
1949
2132
2280
2413
2603
2801
2885
2775
2741
2694
2672
2339
1090
-433
-1069
-1121
-1016
-729
-1197
-2120
-2102
-1470
-936
-292
129
123
300
335
40
-178
-500
-684
-625
-991
-1651
-1959
-1992
-1686
-975
-669
-798
-817
-756
-538
-121
96
137
121
-202
-599
-914
-1324
-1531
-1517
-1702
-2138
-2614
-3137
-3393
-3330
-3265
-3089
-2754
-2440
-2009
-1430
-921
-376
184
612
998
1347
1640
1959
2120
2011
1873
1743
1553
1482
1447
1385
1415
1503
1499
1409
1369
1406
1623
1871
2049
2167
2221
2369
2643
2868
2857
2884
2922
2901
2849
2216
697
-542
-756
-580
-398
-589
-1553
-2311
-2031
-1200
-475
13
71
32
135
69
-56
-139
-366
-502
-718
-1366
-2041
-2148
-1800
-1252
-845
-925
-1199
-1209
-847
-345
102
297
252
9
-338
-617
-794
-904
-942
-1100
-1642
-2346
-2830
-3048
-3056
-3002
-3050
-3074
-2891
-2441
-1836
-1271
-796
-248
248
641
1042
1398
1688
2013
2160
2005
1745
1545
1482
1503
1505
1442
1256
1138
1155
1202
1253
1338
1482
1600
1750
1934
2183
2423
2628
2806
2838
2802
2776
2768
2604
1710
287
-612
-743
-652
-522
-929
-1949
-2394
-1884
-1113
-466
-74
-152
-160
-32
-32
9
-73
-329
-457
-712
-1369
-1778
-1721
-1457
-1022
-789
-1058
-1318
-1181
-806
-302
113
207
39
-202
-408
-526
-630
-776
-872
-1237
-1838
-2343
-2714
-2982
-2974
-2937
-3048
-3053
-2829
-2331
-1731
-1168
-670
-188
222
736
1343
1727
2043
2247
2196
2024
1944
1878
1818
1701
1494
1318
1192
1177
1220
1179
1152
1285
1523
1691
1883
2108
2343
2569
2765
2908
2888
2943
2974
2947
2453
1172
-59
-406
-261
-240
-505
-1471
-2393
-2278
-1533
-859
-445
-449
-643
-494
-356
-255
-62
-162
-438
-670
-1097
-1618
-1630
-1405
-1132
-921
-1071
-1409
-1397
-1074
-617
-128
47
-84
-247
-378
-451
-417
-516
-751
-1028
-1527
-2033
-2365
-2671
-2885
-2908
-3055
-3263
-3231
-2930
-2376
-1769
-1222
-832
-463
-9
680
1334
1764
2076
2165
2066
1950
1932
1913
1874
1738
1503
1277
1122
1126
1226
1273
1314
1370
1483
1662
1956
2196
2388
2607
2827
3007
2958
2884
2827
2889
2343
1129
113
-204
-169
-136
-483
-1520
-2243
-2025
-1341
-751
-510
-623
-744
-556
-396
-176
-81
-274
-568
-798
-1144
-1402
-1361
-1245
-1138
-1064
-1175
-1241
-1131
-885
-522
-92
131
67
-86
-223
-225
-144
-232
-522
-945
-1421
-1774
-2063
-2484
-2894
-3046
-3093
-3025
-2895
-2716
-2499
-1990
-1363
-810
-329
169
687
1163
1562
1832
1944
1930
1944
1986
1890
1673
1477
1346
1311
1285
1184
1062
1004
1106
1217
1409
1623
1927
2133
2298
2507
2709
2927
3035
3100
2941
2831
2085
914
160
136
188
36
-565
-1776
-2364
-1969
-1208
-686
-556
-869
-1030
-793
-536
-164
30
-221
-631
-913
-1225
-1297
-1065
-923
-919
-1054
-1301
-1357
-1140
-809
-406
-32
3
-193
-400
-464
-288
-108
-200
-593
-1184
-1773
-2058
-2210
-2455
-2708
-2961
-3205
-3260
-3035
-2703
-2256
-1796
-1372
-963
-457
118
737
1268
1653
1904
1933
1878
1952
2115
2178
2085
1839
1508
1319
1300
1343
1328
1249
1185
1160
1334
1621
1966
2191
2349
2497
2666
2892
3090
3214
3096
3026
2460
1285
430
438
526
327
-217
-1444
-2287
-2014
-1307
-892
-772
-1092
-1383
-1146
-868
-587
-315
-492
-950
-1154
-1309
-1423
-1134
-971
-1104
-1290
-1457
-1471
-1114
-772
-567
-292
-227
-383
-408
-353
-249
-105
-168
-578
-1085
-1581
-1885
-2028
-2262
-2547
-2841
-3164
-3269
-2985
-2664
-2386
-2006
-1604
-1135
-513
107
610
1038
1341
1604
1851
1993
2117
2185
2116
1953
1847
1679
1562
1498
1413
1265
1188
1238
1372
1563
1703
1882
2084
2320
2523
2704
2867
3027
3107
3043
3016
2485
1391
691
726
688
349
-333
-1441
-2052
-1693
-1131
-931
-1102
-1481
-1574
-1213
-884
-622
-490
-767
-1101
-1209
-1258
-1210
-972
-966
-1178
-1387
-1478
-1203
-758
-534
-465
-347
-367
-336
-179
-83
-49
-40
-256
-623
-975
-1326
-1586
-1821
-2167
-2467
-2694
-2957
-2966
-2753
-2618
-2420
-1990
-1581
-1134
-553
-29
437
876
1152
1391
1726
1955
2076
2127
2019
1887
1825
1699
1539
1446
1345
1179
1120
1174
1312
1470
1576
1665
1838
2073
2337
2644
2819
2834
2799
2834
2963
2620
1637
914
836
780
498
-106
-1181
-1837
-1574
-1076
-1002
-1233
-1669
-1770
-1430
-1043
-777
-648
-929
-1195
-1211
-1197
-1112
-885
-926
-1124
-1233
-1242
-989
-610
-460
-467
-395
-410
-370
-208
-153
-222
-268
-460
-769
-1052
-1340
-1611
-1866
-2197
-2516
-2747
-2917
-2912
-2803
-2753
-2591
-2161
-1695
-1234
-714
-260
184
721
1134
1417
1746
2021
2156
2237
2224
2147
2093
1987
1829
1692
1544
1383
1397
1504
1549
1584
1657
1772
2009
2278
2461
2663
2827
2878
2883
2991
3040
2576
1644
1025
949
887
577
-103
-1143
-1772
-1510
-1129
-1171
-1450
-1800
-1889
-1571
-1217
-985
-892
-1129
-1337
-1273
-1202
-1111
-938
-972
-1150
-1196
-1139
-904
-608
-520
-535
-452
-427
-352
-192
-200
-320
-394
-568
-811
-1045
-1326
-1615
-1893
-2244
-2533
-2728
-2851
-2879
-2804
-2765
-2583
-2181
-1721
-1277
-807
-415
18
568
984
1297
1651
1923
2061
2167
2199
2179
2156
2053
1896
1766
1594
1484
1528
1599
1584
1611
1669
1810
2049
2260
2379
2527
2695
2817
2889
2925
2855
2242
1446
1095
1142
924
433
-419
-1331
-1641
-1250
-1075
-1345
-1779
-2068
-1938
-1464
-1157
-1038
-1100
-1323
-1328
-1089
-963
-885
-822
-926
-1016
-919
-758
-514
-347
-397
-424
-275
-189
-78
3
-142
-297
-364
-538
-741
-951
-1283
-1602
-1879
-2197
-2448
-2604
-2709
-2718
-2648
-2604
-2410
-2056
-1642
-1182
-755
-449
-50
499
912
1262
1606
1828
1984
2165
2245
2237
2192
2047
1885
1762
1611
1493
1468
1449
1453
1533
1530
1603
1773
1988
2248
2510
2589
2593
2651
2781
2834
2285
1505
1217
1279
1011
503
-354
-1243
-1440
-1052
-1026
-1412
-1893
-2167
-1932
-1441
-1229
-1183
-1278
-1499
-1414
-1080
-953
-915
-883
-1042
-1131
-923
-667
-470
-414
-540
-561
-344
-209
-140
-156
-338
-484
-506
-632
-835
-1033
-1363
-1739
-2071
-2325
-2510
-2608
-2749
-2890
-2908
-2771
-2473
-2087
-1722
-1408
-1021
-561
-28
531
932
1193
1453
1773
2075
2350
2469
2409
2282
2160
2054
2023
1964
1823
1733
1727
1701
1730
1809
1938
2072
2260
2423
2605
2754
2824
2847
2933
2748
2088
1591
1518
1439
1022
379
-505
-1068
-1011
-804
-1056
-1556
-2000
-2005
-1616
-1300
-1286
-1341
-1489
-1507
-1194
-943
-997
-1068
-1086
-1083
-921
-736
-640
-573
-594
-598
-408
-221
-214
-218
-337
-491
-532
-569
-737
-919
-1200
-1579
-1886
-2186
-2428
-2579
-2726
-2947
-3026
-2952
-2774
-2529
-2225
-1893
-1479
-997
-538
-56
417
824
1194
1507
1784
2054
2293
2418
2421
2296
2141
2057
2008
1912
1795
1737
1700
1699
1705
1756
1917
2069
2260
2504
2686
2714
2742
2820
2954
2802
2126
1520
1394
1356
1032
451
-517
-1243
-1150
-820
-1037
-1527
-2038
-2201
-1821
-1348
-1247
-1327
-1567
-1678
-1317
-929
-926
-959
-974
-1036
-829
-533
-422
-385
-408
-451
-286
-57
-54
-97
-232
-415
-505
-517
-668
-845
-1133
-1534
-1871
-2138
-2355
-2465
-2594
-2910
-3061
-2987
-2815
-2557
-2222
-2027
-1692
-1158
-630
-104
397
720
1033
1433
1791
2114
2385
2426
2358
2360
2274
2207
2219
2058
1829
1801
1767
1692
1741
1834
1902
2046
2203
2308
2509
2674
2735
2843
2835
2346
1836
1756
1719
1345
712
-124
-823
-883
-653
-825
-1455
-2049
-2152
-1749
-1374
-1341
-1492
-1654
-1663
-1286
-893
-950
-1141
-1148
-1020
-753
-495
-502
-625
-655
-586
-386
-205
-211
-332
-430
-529
-533
-525
-619
-797
-1022
-1364
-1670
-1864
-2056
-2270
-2507
-2770
-2974
-2941
-2831
-2691
-2536
-2323
-1954
-1371
-835
-366
83
529
971
1403
1756
2044
2284
2415
2488
2523
2447
2332
2265
2117
1962
1897
1837
1783
1756
1721
1775
1945
2103
2268
2426
2481
2516
2673
2861
2867
2448
1877
1675
1642
1332
812
76
-695
-916
-715
-845
-1387
-1885
-2128
-1953
-1550
-1401
-1507
-1689
-1814
-1574
-1155
-1101
-1223
-1228
-1197
-1044
-732
-614
-712
-729
-696
-568
-319
-231
-341
-438
-501
-525
-477
-533
-736
-954
-1268
-1600
-1798
-2003
-2258
-2442
-2659
-2886
-2928
-2869
-2749
-2485
-2170
-1840
-1403
-935
-475
121
669
987
1316
1683
2015
2367
2600
2568
2514
2517
2489
2448
2323
2076
1943
1946
1913
1892
1885
1820
1879
2096
2251
2338
2404
2390
2449
2700
2692
2199
1733
1560
1455
1229
700
-96
-702
-809
-734
-945
-1472
-2012
-2140
-1851
-1559
-1510
-1607
-1790
-1776
-1406
-1106
-1102
-1145
-1137
-1059
-816
-554
-544
-608
-635
-594
-399
-211
-265
-433
-513
-541
-481
-447
-628
-867
-1105
-1359
-1565
-1727
-1978
-2246
-2430
-2608
-2702
-2700
-2675
-2596
-2363
-2077
-1778
-1346
-902
-450
72
529
890
1261
1648
1995
2299
2490
2550
2569
2571
2535
2418
2254
2079
1993
1965
1925
1900
1858
1855
1915
2057
2248
2361
2406
2469
2560
2733
2717
2298
1837
1692
1590
1279
730
-13
-578
-695
-722
-1066
-1615
-2052
-2159
-1875
-1632
-1670
-1801
-1906
-1829
-1489
-1195
-1204
-1248
-1182
-1065
-814
-629
-662
-753
-708
-614
-439
-289
-448
-626
-642
-614
-548
-565
-792
-1063
-1243
-1457
-1636
-1827
-2092
-2310
-2521
-2705
-2792
-2727
-2683
-2607
-2415
-2234
-1861
-1321
-850
-433
55
518
941
1404
1748
2047
2348
2579
2696
2713
2673
2550
2458
2361
2240
2190
2094
1976
1942
1974
1996
2048
2130
2208
2316
2448
2551
2641
2759
2687
2278
1942
1811
1656
1347
809
131
-373
-542
-671
-1031
-1515
-1916
-2002
-1816
-1668
-1720
-1838
-1941
-1890
-1578
-1344
-1327
-1335
-1283
-1157
-949
-755
-740
-757
-695
-591
-377
-242
-342
-493
-523
-482
-410
-448
-720
-1008
-1231
-1410
-1574
-1801
-2044
-2324
-2556
-2695
-2706
-2694
-2699
-2654
-2536
-2230
-1753
-1279
-926
-524
10
528
1012
1369
1670
2001
2343
2606
2689
2652
2571
2531
2508
2425
2314
2203
2109
2036
2020
1993
1992
2050
2090
2141
2213
2315
2431
2556
2609
2374
1961
1732
1696
1518
1090
484
-124
-458
-554
-778
-1283
-1797
-2030
-1954
-1756
-1728
-1882
-1989
-1960
-1727
-1392
-1264
-1318
-1290
-1105
-869
-646
-574
-634
-611
-467
-299
-182
-183
-341
-447
-419
-399
-427
-584
-835
-1056
-1238
-1428
-1642
-1854
-2090
-2328
-2527
-2638
-2675
-2674
-2625
-2529
-2333
-2000
-1559
-1125
-728
-246
274
760
1175
1535
1835
2134
2414
2602
2682
2656
2583
2518
2470
2373
2238
2135
2028
1946
1919
1919
1936
1967
1998
2042
2139
2269
2399
2507
2450
2142
1819
1735
1670
1350
795
176
-288
-461
-572
-973
-1562
-1977
-2034
-1839
-1734
-1873
-2046
-2062
-1910
-1613
-1370
-1377
-1432
-1301
-1073
-839
-671
-681
-759
-680
-514
-360
-283
-393
-596
-618
-529
-499
-560
-749
-1002
-1139
-1211
-1361
-1566
-1807
-2106
-2316
-2392
-2435
-2499
-2536
-2529
-2376
-2070
-1707
-1372
-1038
-634
-82
513
956
1246
1524
1847
2204
2496
2633
2622
2599
2610
2620
2549
2391
2214
2088
2015
1973
1953
1915
1874
1899
1997
2109
2199
2256
2335
2474
2505
2257
1941
1804
1713
1430
955
345
-165
-368
-453
-807
-1358
-1806
-1921
-1764
-1659
-1807
-2012
-2104
-2007
-1708
-1453
-1486
-1555
-1437
-1227
-992
-800
-815
-882
-785
-598
-417
-321
-458
-652
-641
-547
-537
-593
-769
-1005
-1125
-1173
-1299
-1475
-1719
-2040
-2271
-2349
-2370
-2393
-2443
-2486
-2389
-2105
-1725
-1380
-1102
-795
-297
306
790
1098
1333
1601
1962
2304
2488
2503
2489
2526
2593
2579
2445
2259
2122
2051
2013
1984
1902
1815
1865
2013
2097
2119
2151
2231
2418
2537
2297
1943
1834
1819
1617
1211
581
-26
-228
-223
-545
-1135
-1649
-1844
-1673
-1507
-1682
-1984
-2130
-2034
-1689
-1379
-1432
-1567
-1451
-1217
-959
-732
-745
-831
-723
-504
-349
-283
-418
-604
-583
-482
-499
-584
-755
-971
-1077
-1125
-1291
-1528
-1783
-2050
-2262
-2392
-2472
-2515
-2531
-2516
-2411
-2177
-1829
-1439
-1100
-758
-291
245
719
1076
1358
1632
1955
2260
2447
2519
2535
2549
2573
2552
2438
2303
2189
2074
1988
1943
1882
1835
1874
1945
1974
2024
2126
2226
2352
2421
2219
1922
1842
1818
1562
1121
541
-35
-288
-342
-677
-1272
-1741
-1908
-1816
-1701
-1849
-2114
-2216
-2089
-1799
-1532
-1560
-1666
-1563
-1306
-1064
-851
-803
-852
-770
-553
-402
-354
-430
-544
-542
-432
-415
-516
-682
-844
-936
-986
-1135
-1411
-1697
-1917
-2080
-2190
-2283
-2385
-2443
-2378
-2223
-2005
-1698
-1370
-1043
-625
-128
325
718
1047
1340
1679
2031
2271
2384
2442
2473
2515
2552
2499
2373
2250
2153
2069
2021
1973
1900
1821
1804
1868
1959
2023
2065
2102
2176
2281
2213
1981
1811
1696
1446
1103
665
135
-233
-383
-680
-1149
-1546
-1759
-1834
-1811
-1880
-2032
-2129
-2078
-1913
-1699
-1647
-1654
-1537
-1334
-1150
-943
-823
-801
-716
-544
-432
-378
-377
-424
-417
-358
-378
-478
-592
-720
-839
-956
-1157
-1419
-1648
-1841
-2019
-2166
-2277
-2349
-2364
-2334
-2247
-2045
-1739
-1398
-1035
-648
-244
177
590
952
1291
1624
1912
2112
2250
2326
2371
2398
2405
2364
2280
2181
2100
2028
1963
1921
1875
1803
1777
1829
1894
1946
2002
2047
2114
2204
2136
1941
1794
1694
1485
1172
744
280
-22
-183
-474
-930
-1348
-1574
-1618
-1598
-1694
-1868
-1992
-1956
-1769
-1590
-1576
-1605
-1498
-1283
-1041
-854
-817
-825
-710
-503
-365
-331
-399
-489
-469
-388
-413
-553
-723
-867
-967
-1075
-1272
-1521
-1737
-1904
-2050
-2209
-2335
-2380
-2361
-2350
-2288
-2087
-1772
-1418
-1031
-675
-332
81
541
936
1279
1587
1836
2033
2224
2339
2372
2379
2387
2380
2350
2271
2159
2067
2025
2011
1976
1909
1872
1919
1998
2043
2055
2073
2141
2240
2230
2034
1819
1707
1582
1314
890
414
57
-109
-314
-726
-1206
-1513
-1597
-1570
-1606
-1795
-1998
-2033
-1879
-1695
-1642
-1696
-1696
-1527
-1263
-1048
-980
-1000
-945
-740
-524
-446
-493
-584
-617
-534
-469
-552
-715
-843
-939
-1024
-1134
-1329
-1566
-1737
-1863
-1993
-2106
-2176
-2222
-2244
-2171
-1995
-1749
-1471
-1178
-845
-489
-110
271
605
922
1257
1561
1768
1907
2016
2103
2187
2251
2240
2167
2102
2073
2058
2034
1972
1893
1877
1939
2025
2049
2018
2008
2089
2219
2303
2248
2047
1863
1806
1712
1428
1011
580
254
70
-163
-614
-1119
-1416
-1516
-1549
-1649
-1869
-2067
-2066
-1942
-1813
-1767
-1784
-1737
-1530
-1279
-1112
-1029
-968
-844
-605
-403
-349
-358
-359
-360
-320
-293
-378
-506
-585
-689
-831
-979
-1171
-1382
-1518
-1650
-1833
-1986
-2075
-2124
-2121
-2072
-1970
-1769
-1491
-1198
-880
-551
-210
164
534
848
1146
1439
1644
1802
1955
2040
2077
2126
2161
2137
2084
2020
1970
1972
1957
1881
1820
1845
1917
1986
2000
1965
1965
2041
2147
2172
2058
1860
1722
1633
1463
1153
753
377
106
-99
-426
-884
-1268
-1466
-1548
-1630
-1789
-1987
-2073
-2011
-1888
-1784
-1751
-1744
-1645
-1415
-1193
-1081
-1027
-936
-750
-551
-463
-456
-468
-478
-462
-424
-448
-562
-691
-806
-916
-1023
-1175
-1356
-1522
-1651
-1781
-1904
-2001
-2077
-2107
-2060
-1931
-1743
-1510
-1270
-994
-646
-258
117
454
764
1079
1391
1627
1767
1898
2015
2085
2141
2187
2187
2135
2098
2093
2099
2072
1994
1945
1975
2031
2061
2060
2049
2057
2115
2209
2252
2195
2062
1940
1869
1735
1452
1080
729
444
187
-134
-574
-998
-1271
-1425
-1560
-1727
-1925
-2066
-2077
-1997
-1916
-1889
-1894
-1822
-1630
-1426
-1311
-1252
-1150
-980
-792
-659
-601
-567
-530
-496
-454
-438
-513
-626
-706
-784
-904
-1050
-1199
-1344
-1477
-1628
-1781
-1894
-1962
-2016
-2029
-1966
-1855
-1695
-1489
-1249
-961
-631
-290
49
382
694
971
1207
1401
1589
1758
1857
1905
1958
2015
2034
2040
2040
2024
2006
1994
1997
2009
2014
2002
2011
2039
2049
2065
2115
2169
2167
2092
1975
1866
1754
1552
1252
921
597
290
-7
-359
-771
-1126
-1347
-1478
-1597
-1752
-1925
-2020
-1974
-1860
-1786
-1778
-1752
-1637
-1442
-1274
-1182
-1110
-999
-829
-647
-533
-497
-484
-456
-399
-346
-369
-471
-567
-634
-722
-830
-961
-1122
-1283
-1417
-1533
-1643
-1738
-1826
-1872
-1829
-1726
-1607
-1464
-1268
-1019
-714
-386
-87
199
472
739
991
1195
1362
1509
1643
1737
1802
1847
1891
1944
1992
2011
1997
1978
1979
2004
2021
2022
2016
2024
2043
2077
2130
2169
2161
2116
2040
1948
1847
1679
1407
1070
737
434
137
-191
-599
-1001
-1291
-1450
-1569
-1717
-1901
-2047
-2077
-1991
-1901
-1873
-1870
-1808
-1657
-1470
-1325
-1242
-1152
-996
-802
-640
-549
-505
-476
-427
-384
-379
-440
-529
-622
-723
-833
-959
-1115
-1283
-1424
-1541
-1646
-1739
-1822
-1876
-1864
-1777
-1650
-1490
-1297
-1066
-796
-487
-175
121
407
677
918
1125
1312
1473
1596
1693
1754
1795
1850
1917
1954
1957
1944
1939
1965
2005
2027
2011
2007
2043
2099
2151
2186
2212
2240
2267
2261
2183
2074
1945
1769
1508
1176
827
492
180
-159
-566
-960
-1263
-1446
-1574
-1726
-1916
-2068
-2096
-2029
-1957
-1942
-1947
-1895
-1755
-1560
-1403
-1320
-1236
-1092
-898
-710
-592
-559
-551
-506
-448
-437
-503
-628
-759
-855
-937
-1061
-1231
-1391
-1506
-1565
-1608
-1676
-1754
-1783
-1720
-1589
-1443
-1299
-1137
-930
-655
-355
-83
156
392
644
893
1103
1259
1370
1472
1585
1685
1755
1815
1853
1886
1919
1950
1969
1980
1993
1993
1993
2002
2019
2033
2049
2069
2089
2118
2120
2080
1995
1900
1776
1592
1332
1028
706
410
123
-200
-567
-905
-1153
-1317
-1448
-1604
-1770
-1883
-1895
-1848
-1818
-1812
-1807
-1736
-1588
-1424
-1316
-1249
-1150
-987
-800
-657
-606
-602
-580
-528
-505
-555
-676
-794
-886
-956
-1060
-1219
-1372
-1477
-1525
-1556
-1608
-1670
-1699
-1649
-1549
-1442
-1343
-1209
-1015
-774
-514
-285
-77
156
423
681
895
1058
1181
1314
1460
1575
1656
1721
1801
1887
1956
1993
2008
2038
2087
2116
2106
2072
2054
2070
2092
2090
2065
2050
2068
2084
2049
1945
1810
1669
1503
1266
953
613
299
18
-286
-631
-977
-1243
-1411
-1540
-1683
-1848
-1961
-1989
-1958
-1929
-1930
-1910
-1817
-1662
-1498
-1376
-1269
-1132
-952
-768
-642
-587
-561
-521
-483
-485
-553
-657
-757
-832
-905
-1019
-1153
-1272
-1360
-1416
-1465
-1516
-1554
-1564
-1538
-1474
-1391
-1289
-1148
-971
-761
-538
-317
-97
128
358
588
798
978
1135
1277
1410
1528
1642
1750
1849
1923
1982
2029
2083
2131
2159
2157
2139
2133
2140
2150
2138
2125
2122
2148
2184
2172
2102
1992
1883
1759
1568
1286
952
624
324
23
-317
-688
-1020
-1266
-1443
-1605
-1785
-1953
-2051
-2070
-2058
-2065
-2071
-2029
-1904
-1740
-1590
-1474
-1354
-1182
-982
-797
-677
-613
-570
-517
-473
-472
-526
-605
-668
-726
-783
-871
-984
-1093
-1174
-1225
-1275
-1335
-1394
-1417
-1393
-1326
-1246
-1159
-1056
-909
-717
-509
-321
-149
38
254
479
674
837
976
1118
1275
1417
1531
1616
1693
1777
1855
1913
1945
1971
2009
2046
2072
2078
2083
2095
2116
2132
2137
2136
2129
2114
2061
1966
1836
1674
1460
1204
906
587
267
-53
-379
-712
-1015
-1263
-1454
-1613
-1753
-1870
-1952
-1990
-1991
-1968
-1932
-1874
-1768
-1630
-1486
-1347
-1205
-1053
-893
-746
-641
-578
-544
-524
-514
-525
-557
-618
-689
-751
-812
-886
-973
-1066
-1152
-1222
-1286
-1344
-1390
-1411
-1397
-1351
-1281
-1192
-1086
-951
-786
-607
-422
-235
-50
145
348
545
733
912
1083
1239
1384
1511
1628
1736
1834
1920
1994
2052
2105
2157
2200
2232
2251
2267
2274
2271
2255
2232
2212
2186
2138
2062
1954
1817
1652
1448
1199
909
596
270
-59
-396
-725
-1027
-1280
-1481
-1656
-1800
-1922
-2012
-2052
-2052
-2030
-1993
-1932
-1846
-1728
-1581
-1429
-1277
-1127
-983
-848
-739
-673
-630
-599
-585
-588
-620
-678
-740
-796
-849
-910
-979
-1057
-1128
-1190
-1238
-1278
-1308
-1315
-1300
-1257
-1195
-1112
-1008
-881
-731
-568
-404
-238
-61
129
325
519
705
873
1034
1181
1319
1438
1547
1653
1740
1820
1893
1960
2029
2095
2148
2183
2214
2237
2248
2247
2247
2236
2217
2198
2159
2096
2004
1886
1746
1569
1342
1062
759
441
113
-211
-536
-840
-1115
-1346
-1541
-1707
-1839
-1938
-1991
-2016
-2016
-2004
-1963
-1893
-1796
-1665
-1538
-1416
-1286
-1156
-1033
-922
-836
-774
-730
-695
-687
-699
-721
-757
-796
-825
-872
-932
-986
-1032
-1061
-1078
-1084
-1090
-1085
-1049
-1002
-941
-861
-760
-660
-540
-406
-270
-123
38
199
356
522
668
811
948
1078
1191
1296
1403
1482
1562
1633
1695
1758
1818
1866
1895
1923
1942
1956
1972
1977
1971
1967
1961
1950
1927
1887
1829
1751
1642
1502
1317
1086
834
565
288
-7
-307
-595
-867
-1104
-1303
-1473
-1622
-1732
-1803
-1853
-1872
-1867
-1849
-1799
-1719
-1635
-1547
-1445
-1342
-1235
-1115
-1014
-942
-873
-815
-784
-761
-746
-762
-787
-805
-839
-879
-907
-935
-962
-976
-977
-989
-988
-967
-945
-902
-844
-778
-698
-601
-491
-379
-247
-100
42
189
350
501
642
788
921
1041
1166
1286
1385
1477
1568
1647
1722
1790
1840
1881
1908
1926
1936
1947
1949
1945
1940
1940
1931
1924
1905
1874
1835
1768
1678
1553
1389
1184
967
724
450
166
-124
-419
-697
-953
-1190
-1396
-1561
-1704
-1822
-1891
-1932
-1957
-1944
-1905
-1864
-1796
-1702
-1615
-1515
-1395
-1293
-1200
-1094
-1005
-941
-879
-829
-803
-787
-775
-784
-797
-799
-816
-842
-852
-859
-871
-870
-864
-866
-850
-828
-806
-770
-713
-652
-580
-478
-372
-259
-130
10
143
280
424
556
685
817
940
1055
1172
1280
1382
1479
1572
1649
1725
1791
1847
1897
1929
1953
1970
1976
1973
1973
1969
1957
1941
1908
1865
1801
1715
1599
1458
1285
1075
844
595
327
39
-233
-505
-771
-1003
-1214
-1396
-1554
-1673
-1773
-1843
-1870
-1888
-1886
-1846
-1788
-1730
-1647
-1554
-1463
-1359
-1244
-1145
-1050
-958
-881
-823
-771
-723
-698
-672
-656
-658
-663
-665
-674
-689
-688
-696
-710
-722
-737
-743
-738
-721
-700
-665
-606
-546
-467
-371
-271
-153
-26
101
226
361
492
622
756
889
1023
1148
1274
1386
1494
1596
1691
1779
1847
1896
1931
1956
1963
1969
1969
1951
1932
1906
1865
1819
1771
1714
1623
1506
1369
1189
993
782
546
307
63
-193
-454
-695
-913
-1111
-1268
-1407
-1529
-1621
-1685
-1730
-1747
-1730
-1696
-1647
-1582
-1505
-1432
-1344
-1241
-1142
-1044
-955
-886
-829
-777
-737
-705
-682
-662
-662
-666
-669
-675
-683
-688
-688
-696
-704
-715
-723
-721
-711
-681
-637
-588
-532
-463
-381
-283
-175
-53
68
183
291
392
495
606
715
834
949
1048
1148
1249
1353
1458
1555
1641
1711
1763
1811
1838
1858
1880
1896
1899
1894
1877
1848
1812
1767
1711
1635
1522
1377
1203
1002
782
550
307
54
-205
-470
-722
-952
-1150
-1319
-1463
-1580
-1677
-1751
-1801
-1813
-1804
-1762
-1705
-1639
-1557
-1479
-1382
-1283
-1176
-1076
-992
-919
-864
-813
-775
-743
-706
-677
-659
-649
-640
-636
-627
-610
-594
-584
-582
-586
-595
-590
-577
-553
-517
-473
-421
-362
-290
-205
-102
8
116
219
314
405
501
600
705
805
905
1004
1092
1193
1297
1405
1508
1605
1691
1757
1811
1856
1894
1920
1936
1934
1921
1893
1853
1808
1750
1686
1595
1478
1328
1148
947
726
497
250
-6
-269
-532
-787
-1015
-1217
-1387
-1532
-1652
-1750
-1816
-1855
-1869
-1847
-1807
-1749
-1681
-1601
-1516
-1420
-1312
-1207
-1107
-1018
-943
-881
-830
-781
-737
-701
-672
-653
-638
-624
-609
-590
-573
-559
-545
-543
-541
-544
-541
-531
-521
-503
-475
-437
-393
-330
-247
-153
-50
52
151
249
356
457
562
672
781
889
1003
1116
1229
1350
1463
1576
1677
1764
1837
1893
1933
1959
1978
1977
1959
1936
1902
1862
1806
1741
1659
1559
1429
1277
1102
898
679
449
202
-48
-294
-534
-765
-978
-1156
-1306
-1436
-1541
-1622
-1682
-1714
-1721
-1710
-1676
-1624
-1563
-1490
-1404
-1308
-1209
-1115
-1023
-938
-873
-813
-762
-719
-686
-665
-649
-640
-627
-625
-624
-622
-626
-629
-636
-648
-662
-677
-684
-683
-677
-655
-618
-569
-499
-415
-313
-200
-88
33
157
281
401
520
645
766
889
1013
1137
1263
1384
1504
1616
1716
1800
1864
1917
1955
1967
1963
1951
1928
1903
1869
1826
1772
1714
1641
1551
1440
1304
1145
953
745
521
282
42
-200
-436
-663
-874
-1065
-1222
-1360
-1476
-1564
-1625
-1665
-1689
-1693
-1684
-1650
-1598
-1531
-1449
-1363
-1269
-1172
-1072
-986
-907
-838
-781
-733
-698
-670
-659
-651
-654
-658
-657
-666
-678
-699
-723
-745
-775
-797
-820
-830
-824
-808
-777
-724
-650
-566
-457
-342
-212
-70
77
233
389
545
699
846
992
1138
1282
1423
1552
1673
1776
1864
1940
1990
2022
2039
2041
2031
2005
1973
1928
1879
1827
1762
1690
1614
1524
1410
1283
1128
952
763
553
341
119
-107
-323
-546
-739
-916
-1083
-1228
-1349
-1444
-1513
-1562
-1588
-1596
-1595
-1566
-1519
-1459
-1383
-1307
-1218
-1129
-1050
-966
-893
-828
-763
-718
-679
-646
-633
-629
-628
-639
-646
-666
-701
-725
-765
-800
-845
-884
-906
-931
-933
-922
-902
-857
-797
-726
-626
-517
-386
-234
-80
89
259
419
593
760
920
1079
1212
1353
1467
1563
1661
1720
1776
1821
1850
1875
1887
1883
1871
1846
1816
1781
1729
1685
1621
1542
1455
1331
1198
1055
890
724
537
343
157
-53
-257
-447
-640
-805
-961
-1099
-1199
-1291
-1349
-1387
-1417
-1411
-1396
-1358
-1291
-1228
-1146
-1070
-1006
-925
-858
-786
-712
-658
-606
-569
-554
-540
-545
-553
-560
-596
-618
-660
-708
-752
-806
-850
-887
-926
-943
-952
-957
-931
-906
-861
-788
-709
-600
-483
-348
-189
-40
123
293
446
614
778
924
1077
1197
1311
1410
1475
1549
1598
1636
1679
1697
1712
1722
1707
1696
1674
1642
1623
1580
1530
1473
1388
1307
1197
1067
947
793
635
471
285
101
-91
-290
-469
-646
-804
-930
-1059
-1157
-1241
-1302
-1329
-1345
-1328
-1294
-1251
-1184
-1119
-1047
-968
-897
-814
-737
-676
-608
-558
-522
-490
-489
-486
-489
-506
-516
-543
-586
-623
-675
-724
-769
-820
-848
-871
-893
-894
-898
-880
-848
-809
-731
-651
-552
-420
-293
-147
2
148
313
473
634
790
932
1068
1189
1289
1387
1462
1524
1583
1614
1649
1669
1672
1676
1665
1653
1641
1612
1585
1543
1482
1426
1344
1251
1143
1017
882
733
565
395
207
13
-174
-362
-529
-695
-847
-981
-1095
-1190
-1254
-1302
-1320
-1318
-1303
-1253
-1205
-1138
-1073
-1001
-927
-849
-778
-706
-646
-602
-555
-531
-510
-509
-505
-512
-536
-568
-607
-659
-709
-768
-825
-869
-922
-958
-991
-1008
-1021
-1014
-994
-949
-888
-800
-680
-554
-402
-246
-68
111
303
489
678
852
1025
1178
1312
1437
1527
1620
1683
1740
1771
1788
1791
1793
1782
1758
1738
1704
1675
1626
1590
1529
1461
1379
1291
1179
1056
917
763
601
414
232
33
-154
-342
-512
-682
-831
-969
-1086
-1174
-1240
-1279
-1312
-1304
-1287
-1257
-1213
-1159
-1099
-1035
-973
-905
-843
-787
-739
-700
-663
-638
-613
-617
-618
-641
-660
-690
-733
-773
-820
-869
-929
-970
-1028
-1063
-1097
-1114
-1115
-1097
-1061
-1002
-916
-815
-681
-543
-374
-200
-7
187
399
605
796
981
1146
1301
1431
1557
1643
1722
1773
1811
1819
1828
1822
1804
1783
1746
1716
1667
1629
1570
1526
1465
1394
1307
1216
1113
992
858
710
556
382
219
36
-131
-304
-459
-608
-746
-866
-965
-1039
-1104
-1137
-1165
-1162
-1151
-1118
-1080
-1032
-980
-927
-870
-814
-750
-708
-671
-641
-617
-607
-596
-603
-610
-629
-650
-681
-722
-753
-801
-838
-889
-932
-975
-1009
-1039
-1055
-1057
-1048
-1018
-970
-895
-811
-700
-577
-429
-273
-102
78
252
428
603
768
923
1061
1185
1298
1383
1467
1516
1565
1593
1604
1615
1607
1593
1573
1546
1507
1472
1417
1370
1310
1251
1178
1091
1002
894
785
661
529
384
233
80
-71
-219
-357
-493
-605
-703
-790
-850
-900
-922
-936
-926
-906
-875
-837
-794
-743
-691
-638
-585
-542
-503
-468
-452
-439
-446
-452
-476
-506
-547
-604
-660
-730
-800
-865
-926
-991
-1043
-1092
-1126
-1156
-1165
-1156
-1148
-1109
-1059
-990
-900
-794
-666
-523
-366
-192
-9
179
365
551
730
898
1057
1195
1318
1426
1515
1585
1630
1670
1700
1705
1698
1675
1646
1613
1559
1503
1427
1351
1273
1182
1092
987
883
768
648
527
398
269
133
-10
-139
-267
-392
-502
-604
-687
-758
-809
-848
-874
-872
-864
-839
-802
-756
-704
-666
-618
-578
-545
-512
-499
-483
-485
-502
-524
-555
-597
-641
-700
-763
-828
-898
-963
-1029
-1082
-1139
-1178
-1204
-1220
-1215
-1195
-1157
-1099
-1027
-935
-830
-711
-571
-420
-256
-88
92
274
453
633
807
983
1142
1292
1425
1532
1626
1701
1751
1777
1786
1779
1757
1715
1669
1605
1534
1455
1364
1276
1171
1067
961
850
738
614
489
370
243
126
6
-113
-229
-342
-440
-536
-619
-699
-769
-817
-862
-885
-897
-906
-895
-884
-856
-822
-789
-748
-715
-678
-653
-642
-626
-638
-640
-654
-682
-706
-745
-784
-829
-871
-900
-936
-960
-982
-1000
-1002
-1008
-988
-961
-928
-869
-808
-722
-633
-538
-423
-304
-163
-28
116
276
419
569
718
863
1006
1127
1260
1377
1482
1580
1652
1716
1750
1774
1782
1769
1749
1700
1645
1577
1491
1402
1297
1192
1083
969
850
728
603
466
327
198
60
-66
-191
-314
-417
-522
-614
-706
-787
-851
-897
-924
-948
-966
-974
-969
-961
-952
-929
-897
-866
-838
-816
-792
-770
-762
-752
-753
-762
-778
-793
-803
-827
-851
-878
-895
-898
-904
-891
-873
-843
-822
-791
-734
-683
-617
-544
-462
-372
-289
-191
-88
18
128
237
367
498
622
751
878
1002
1107
1214
1316
1407
1496
1558
1621
1661
1675
1684
1661
1633
1589
1520
1455
1358
1253
1130
1008
891
751
618
484
359
231
96
-19
-132
-244
-345
-437
-506
-583
-648
-698
-742
-774
-807
-816
-810
-808
-798
-782
-757
-739
-724
-688
-668
-635
-609
-593
-570
-568
-572
-583
-599
-609
-635
-653
-678
-709
-733
-762
-779
-804
-815
-804
-790
-767
-741
-703
-658
-606
-547
-478
-387
-294
-203
-102
-3
91
183
277
391
495
600
706
806
902
981
1065
1142
1208
1267
1314
1363
1383
1386
1380
1349
1318
1261
1200
1134
1042
950
835
724
613
487
374
262
166
70
-32
-112
-197
-272
-343
-397
-432
-476
-506
-531
-555
-575
-606
-615
-620
-623
-625
-622
-616
-619
-615
-603
-600
-595
-590
-581
-567
-570
-569
-580
-587
-597
-616
-618
-628
-624
-632
-634
-632
-642
-633
-617
-582
-544
-501
-445
-396
-347
-288
-223
-149
-75
4
94
174
248
318
397
475
551
633
703
785
851
903
958
1002
1048
1075
1101
1127
1137
1130
1113
1074
1023
964
899
825
743
662
564
470
368
261
168
79
3
-68
-130
-189
-251
-299
-352
-387
-413
-441
-449
-459
-467
-487
-502
-508
-518
-515
-516
-507
-496
-503
-506
-511
-513
-517
-518
-511
-503
-502
-501
-505
-508
-518
-525
-525
-523
-511
-504
-493
-487
-479
-465
-444
-408
-365
-324
-277
-227
-185
-145
-98
-45
7
70
132
197
259
315
377
428
488
547
614
688
749
800
844
885
915
942
976
996
1005
1009
991
960
912
853
797
732
658
587
508
422
325
227
135
54
-16
-81
-138
-197
-248
-296
-342
-383
-414
-425
-435
-443
-453
-471
-489
-501
-508
-512
-511
-508
-506
-515
-514
-515
-521
-528
-534
-533
-534
-536
-542
-557
-573
-589
-602
-602
-597
-588
-583
-579
-571
-558
-540
-512
-467
-419
-362
-300
-241
-188
-137
-76
-15
47
118
186
252
315
373
422
471
519
575
633
691
744
791
833
866
901
925
952
971
983
990
977
953
911
865
820
763
702
636
562
484
398
313
233
152
81
17
-41
-94
-145
-198
-244
-276
-313
-338
-352
-369
-380
-397
-416
-433
-447
-453
-455
-458
-460
-464
-473
-483
-496
-503
-512
-525
-536
-551
-572
-591
-616
-643
-662
-680
-695
-708
-711
-708
-704
-691
-672
-646
-605
-553
-493
-427
-360
-288
-217
-147
-76
-2
71
151
223
284
345
400
457
506
561
616
666
716
757
797
837
871
910
941
963
978
988
989
975
954
922
882
837
784
721
660
592
522
456
390
328
270
213
160
116
75
33
-8
-44
-74
-107
-141
-165
-195
-226
-260
-289
-325
-352
-380
-411
-434
-456
-482
-504
-527
-551
-576
-601
-622
-649
-680
-709
-731
-764
-795
-818
-837
-850
-858
-865
-863
-851
-831
-801
-764
-714
-655
-583
-506
-431
-350
-259
-173
-90
-7
68
141
217
287
355
407
460
513
562
608
652
699
738
777
812
842
871
893
907
913
912
902
880
851
815
776
731
680
624
566
507
453
398
348
297
245
203
164
127
98
73
42
13
-11
-37
-64
-92
-122
-149
-181
-217
-246
-277
-306
-335
-366
-390
-421
-453
-474
-499
-525
-552
-581
-605
-636
-657
-684
-701
-721
-740
-747
-757
-749
-742
-722
-698
-666
-631
-593
-540
-485
-422
-362
-290
-218
-151
-84
-24
42
103
162
222
272
321
368
410
449
483
517
547
582
613
637
657
673
685
693
689
683
677
664
646
625
595
566
535
495
462
420
377
336
293
255
223
186
145
113
73
47
19
-16
-49
-81
-102
-126
-147
-170
-183
-205
-226
-236
-248
-261
-275
-293
-313
-332
-345
-362
-383
-405
-432
-462
-484
-507
-526
-541
-562
-581
-586
-591
-595
-587
-578
-571
-551
-529
-502
-460
-422
-379
-331
-282
-232
-180
-125
-65
-11
49
113
172
233
292
342
394
449
492
539
580
614
651
672
690
706
712
720
719
708
701
678
646
627
595
560
526
484
441
402
350
303
262
211
170
122
76
37
-5
-42
-71
-105
-133
-153
-177
-192
-209
-226
-240
-253
-265
-267
-275
-291
-299
-312
-323
-331
-351
-371
-384
-407
-428
-444
-464
-483
-507
-522
-534
-546
-557
-557
-558
-552
-536
-530
-508
-487
-463
-424
-393
-355
-305
-258
-205
-145
-93
-38
22
79
137
195
255
312
365
408
459
496
531
568
595
616
626
631
634
635
629
620
601
578
561
533
504
481
443
410
377
336
307
274
234
202
171
140
110
75
54
34
7
-10
-30
-56
-72
-92
-113
-128
-146
-164
-183
-208
-227
-237
-261
-282
-302
-325
-341
-362
-387
-405
-425
-443
-457
-477
-492
-502
-506
-503
-497
-500
-486
-475
-460
-433
-410
-383
-350
-323
-296
-256
-218
-175
-130
-88
-41
2
41
85
119
150
186
217
246
271
291
310
323
337
351
353
358
360
362
355
353
349
344
345
335
331
321
310
311
303
290
284
274
264
257
249
243
231
224
222
215
204
196
190
172
160
144
132
116
104
83
64
46
21
1
-35
-62
-93
-126
-147
-172
-198
-226
-256
-289
-311
-328
-343
-358
-374
-380
-389
-400
-402
-401
-398
-395
-389
-378
-361
-346
-330
-310
-296
-276
-256
-231
-203
-178
-152
-128
-102
-79
-50
-27
3
27
44
70
91
107
127
141
158
173
179
191
206
217
228
230
237
244
250
247
249
249
245
249
243
242
247
247
245
240
235
231
229
223
220
216
210
207
196
192
181
174
167
149
136
120
109
93
77
60
41
29
7
-13
-34
-60
-80
-101
-123
-141
-164
-185
-203
-218
-236
-255
-268
-278
-289
-291
-296
-300
-300
-300
-297
-285
-279
-274
-261
-246
-230
-213
-193
-176
-151
-137
-118
-98
-82
-57
-37
-17
2
19
33
51
67
82
95
103
115
122
128
135
142
143
147
146
148
152
153
151
152
155
154
155
154
151
151
147
147
142
139
135
137
134
125
124
124
117
111
102
92
85
79
73
59
48
37
22
11
1
-16
-32
-45
-56
-71
-86
-100
-115
-127
-140
-154
-167
-176
-191
-202
-209
-220
-226
-227
-234
-232
-234
-227
-219
-219
-207
-198
-186
-175
-159
-142
-126
-107
-86
-69
-54
-39
-21
-1
19
43
59
78
91
114
130
140
155
162
169
177
178
184
184
184
186
187
182
172
169
163
150
145
134
124
112
109
111
107
105
97
96
91
86
81
78
76
71
72
69
71
73
74
74
66
56
44
37
26
20
14
5
-2
-15
-26
-36
-54
-66
-77
-89
-107
-123
-131
-138
-149
-165
-173
-187
-197
-210
-216
-227
-224
-220
-214
-198
-193
-178
-176
-165
-154
-148
-129
-117
-95
-78
-57
-41
-18
2
15
31
41
55
71
84
94
107
117
125
131
135
137
133
127
124
127
132
135
136
135
132
128
125
120
104
93
92
89
92
98
98
102
106
99
83
78
70
61
55
56
62
61
59
53
45
35
20
8
-15
-29
-37
-49
-50
-57
-61
-76
-94
-111
-132
-150
-164
-173
-179
-176
-177
-178
-184
-188
-191
-198
-202
-204
-197
-187
-171
-149
-128
-108
-93
-77
-64
-54
-41
-26
-9
13
32
54
77
94
108
109
112
109
109
114
123
133
144
151
157
159
156
153
148
141
133
125
123
127
134
137
141
136
127
117
104
93
82
76
74
78
73
79
73
58
44
26
9
-10
-16
-24
-32
-38
-44
-56
-70
-90
-101
-114
-141
-153
-165
-169
-170
-172
-171
-176
-188
-201
-206
-213
-216
-217
-217
-203
-188
-166
-148
-136
-120
-112
-106
-100
-87
-64
-46
-19
9
31
50
64
76
84
93
99
107
120
137
155
170
174
176
178
174
171
162
154
148
151
153
154
147
139
127
118
102
88
80
70
58
56
54
52
50
44
39
24
14
5
6
2
-3
1
-1
-3
-6
-9
-21
-30
-38
-51
-55
-53
-56
-57
-58
-62
-68
-69
-82
-99
-108
-118
-126
-129
-127
-132
-136
-138
-137
-142
-148
-152
-152
-147
-141
-131
-119
-109
-95
-84
-72
-59
-56
-40
-23
-12
9
27
48
67
81
94
101
111
110
115
126
135
134
129
132
127
121
114
104
91
78
68
54
47
38
30
30
21
15
11
5
5
5
7
10
17
20
20
25
32
42
45
53
53
60
66
69
76
71
66
64
65
62
53
47
38
23
9
-6
-18
-32
-45
-56
-71
-88
-104
-117
-126
-137
-143
-146
-142
-138
-140
-136
-133
-125
-113
-107
-99
-84
-70
-54
-41
-31
-17
1
13
19
31
40
52
60
63
69
70
72
76
73
69
68
64
56
52
45
35
29
20
16
12
8
8
5
3
4
6
12
16
20
28
30
41
48
52
65
77
84
90
99
104
99
96
96
92
88
84
73
67
60
47
36
20
8
-7
-21
-33
-48
-63
-78
-90
-104
-108
-116
-125
-129
-131
-137
-137
-130
-124
-113
-112
-106
-100
-90
-83
-73
-59
-46
-35
-26
-15
-5
10
13
24
29
29
32
29
30
28
30
24
19
18
14
15
10
13
9
5
7
7
6
8
11
14
19
25
32
37
40
45
47
57
62
69
71
69
75
72
77
79
76
76
70
65
61
56
50
45
38
32
25
12
5
-5
-14
-20
-28
-35
-45
-52
-60
-65
-67
-74
-73
-75
-77
-77
-79
-74
-75
-72
-65
-63
-52
-45
-43
-32
-25
-22
-12
-3
-3
1
2
2
2
9
13
16
19
18
18
20
19
14
12
12
10
10
13
15
18
20
16
11
12
16
18
19
22
21
21
21
22
21
22
31
29
24
21
19
17
13
14
18
12
6
7
10
17
18
14
13
16
16
13
13
3
3
9
6
5
4
1
-3
1
-3
-8
-3
-6
-4
-6
-9
-10
-8
-3
-4
-8
-11
-11
-8
-11
-11
-15
-15
-20
-19
-13
-20
-19
-24
-25
-28
-25
-20
-18
-18
-19
-14
-16
-11
-13
-11
-10
-9
-4
-5
-9
-8
-2
-4
-3
-9
-4
2
-1
6
4
3
2
2
-3
-2
1
-1
-1
-3
0
1
1
2
0
3
7
4
11
7
7
6
4
5
6
7
6
8
6
6
7
4
4
3
2
-1
-2
-2
-9
-9
-10
-14
-21
-19
-15
-23
-23
-15
-14
-23
-25
-20
-19
-22
-20
-18
-17
-14
-14
-14
-10
-9
-11
-10
-8
-7
-6
-7
-3
-4
1
-1
-3
-7
-7
-8
-5
-4
-5
-6
-9
-7
1
4
2
-1
0
-2
2
10
5
5
2
3
0
-4
-2
-1
2
4
2
1
-1
-1
5
7
5
4
8
9
7
2
1
0
3
8
8
6
6
7
3
3
3
2
8
10
12
13
14
15
13
15
13
9
7
-1
-1
1
-2
-5
0
-1
-1
-3
-9
-6
-7
-7
-9
-10
-7
-6
-2
-2
2
5
-6
-3
-5
-4
0
-1
2
-4
-6
-6
-4
0
-2
3
2
0
2
5
5
2
2
3
9
11
10
11
11
6
10
12
11
17
12
14
14
12
13
13
12
10
4
3
3
4
5
6
6
5
1
-1
3
2
2
0
-3
-6
-5
0
3
3
2
4
3
5
9
13
12
14
14
16
9
9
11
6
8
3
4
3
3
3
3
4
6
6
3
-1
2
3
0
2
2
2
5
2
1
1
8
9
10
5
2
7
3
-4
-7
-8
-11
-9
-8
-5
-4
-5
-7
-5
-2
-3
-3
4
8
4
7
3
6
7
8
9
10
8
6
4
-3
-1
-1
3
-1
1
3
2
9
10
11
9
6
7
7
12
14
13
9
8
3
6
7
4
6
1
10
9
5
3
0
-2
-6
0
2
0
-1
1
0
-3
-4
-7
-12
-13
-13
-14
-7
-9
-15
-15
-14
-15
-17
-19
-22
-23
-27
-29
-25
-25
-24
-24
-25
-21
-21
-20
-16
-14
-12
-13
-6
-5
0
8
6
6
9
10
10
8
16
14
11
13
16
12
7
9
8
13
15
12
9
11
6
5
3
4
4
4
5
-1
-4
-3
-2
-6
-3
3
2
0
3
3
4
6
11
14
13
8
9
6
2
3
1
3
5
0
-6
0
-3
-7
-8
-12
-9
-15
-15
-15
-16
-10
-11
-10
-7
-1
-2
-6
-6
-4
3
4
3
6
2
5
4
4
2
3
8
4
5
8
9
2
-1
-2
0
2
2
5
0
4
1
-1
3
3
5
4
5
2
-2
3
0
2
1
-5
-5
-4
-3
-6
-10
-16
-15
-15
-16
-10
-9
0
2
2
-1
-5
-2
-4
-1
-5
-3
-2
-6
-1
3
2
2
3
-1
-2
0
6
2
5
3
-2
3
-2
-2
-5
-3
-8
-6
-1
-9
-5
-2
-5
-7
-9
-11
-11
-6
-9
-11
-13
-12
-13
-14
-18
-16
-14
-14
-12
-8
-10
-13
-9
-9
-10
-11
-6
-6
-5
-2
-1
-2
-3
-3
-1
-1
-1
2
4
1
5
3
1
4
4
3
5
4
6
4
4
6
9
8
11
8
5
8
7
6
8
7
11
14
14
12
8
12
12
13
14
9
8
7
6
3
5
2
7
10
11
12
15
13
12
18
19
17
10
10
10
14
17
19
18
14
13
12
8
6
3
7
4
-4
-2
-1
0
-2
-1
1
4
3
-1
-4
-4
-3
2
3
1
2
1
4
8
5
1
2
3
6
8
6
0
3
4
10
15
11
10
10
14
13
16
15
14
11
