2
1
1
2
1
-1
1
4
4
2
2
3
0
-1
1
4
1
2
2
-1
0
-1
-3
-2
-3
-3
-3
-1
-3
-2
-1
-3
-5
-4
-3
-2
-2
-3
-4
-6
-4
-3
-4
-1
0
-1
2
2
-2
0
1
-1
1
2
2
4
2
2
2
1
2
3
1
1
1
1
-1
0
2
-3
-2
0
0
1
0
-1
-2
-3
-4
-5
-8
-4
-6
-6
-6
-6
-6
-6
-5
-3
-4
-3
-3
-4
-1
-3
1
-1
-3
0
-3
-2
-2
-1
-1
-2
1
0
1
2
3
4
5
4
3
4
5
3
3
1
-1
1
3
2
1
-1
-3
-3
-4
-3
-3
-3
0
0
-1
-1
0
0
-1
1
0
1
-3
-5
-2
-4
-1
-3
-1
2
0
-1
2
1
-1
0
0
-1
-1
-1
0
-1
1
0
-1
-1
2
4
3
3
2
4
3
3
0
0
1
1
1
0
-1
1
-1
-1
2
0
0
0
-1
-1
0
0
1
2
4
2
2
3
1
-2
-2
0
1
-1
0
0
0
1
0
-2
-3
0
1
2
1
0
0
2
0
1
4
2
2
3
5
5
5
7
4
3
5
5
4
6
6
7
6
6
5
6
6
4
6
6
6
4
2
0
-1
1
0
-3
-3
-4
-3
-4
-5
-6
-3
-3
-6
-6
-6
-4
-2
1
-1
-1
0
1
0
-1
2
1
1
1
2
3
1
2
3
3
2
-1
2
3
4
1
1
5
6
5
2
3
2
0
3
4
5
1
2
0
1
1
-1
0
2
3
3
3
2
3
2
3
3
3
3
0
4
4
2
1
1
2
2
0
-1
-2
-4
-2
-2
-2
2
-2
0
1
0
-4
-5
-3
-3
-2
-2
-2
-2
-4
-3
-3
-4
-3
-3
-3
-4
-3
-6
-6
-5
-5
-5
-4
-6
-7
-7
-6
-6
-4
-2
-2
0
-2
-3
0
1
0
0
0
2
4
5
5
5
3
3
3
2
4
4
2
2
1
2
1
2
3
0
-1
1
1
0
0
3
1
1
2
1
3
3
1
1
3
3
0
2
-1
0
0
-1
-1
-2
-1
-2
-2
0
1
0
0
0
1
2
0
0
-1
-3
-3
-5
-5
-2
-1
0
-1
-2
0
2
0
-3
-3
-3
-3
-5
-4
-3
-2
0
1
-1
-3
-2
0
1
2
2
-1
-3
-1
0
1
1
3
3
2
0
0
0
-1
-1
-1
1
0
-2
-2
0
-4
-4
0
0
0
0
-1
0
0
-2
-1
1
-2
-5
-1
-1
-2
-1
0
2
1
0
-1
4
3
4
5
3
3
2
2
1
2
0
1
-2
-1
-3
-4
-1
-4
-5
-4
-8
-9
-10
-10
-13
-10
-9
-15
-11
-10
-14
-9
-10
-14
-10
-8
-13
-9
-9
-18
-14
-14
-18
-20
-14
-14
-19
-17
-13
-16
-18
-10
-15
-7
-6
-11
0
5
-3
6
26
14
16
39
35
26
55
49
48
61
52
79
50
63
92
58
61
91
78
51
94
78
63
84
73
71
70
69
71
59
61
61
57
50
42
51
32
29
32
12
6
-2
-18
-31
-48
-58
-77
-98
-110
-125
-139
-152
-170
-179
-183
-210
-213
-214
-233
-240
-237
-242
-253
-242
-238
-251
-226
-215
-226
-193
-175
-185
-158
-122
-146
-119
-68
-111
-74
-20
-69
-7
20
-6
80
59
87
169
122
174
272
186
257
335
269
328
341
375
351
381
396
390
424
367
436
431
377
418
429
391
395
391
385
390
347
371
384
344
332
372
351
304
337
318
270
260
227
189
126
80
31
-61
-109
-181
-278
-332
-411
-491
-552
-635
-689
-746
-805
-857
-889
-913
-960
-967
-962
-959
-971
-937
-897
-872
-831
-789
-705
-674
-617
-558
-483
-406
-424
-296
-241
-202
-154
-114
51
21
40
206
294
217
325
511
449
468
573
688
623
589
793
795
592
796
879
633
767
856
709
697
839
711
648
786
678
610
717
648
556
667
602
528
599
581
481
513
526
397
398
360
267
198
100
43
-65
-200
-258
-368
-510
-582
-661
-781
-853
-897
-967
-1043
-1042
-1053
-1122
-1090
-1050
-1075
-1037
-968
-937
-877
-818
-767
-677
-619
-588
-516
-439
-416
-401
-344
-269
-272
-353
-159
-144
-323
-73
-56
-142
-4
72
62
168
221
246
443
330
491
666
510
633
856
696
664
1013
831
715
959
965
743
853
981
766
773
852
778
696
747
692
676
674
628
646
636
617
563
635
585
511
585
499
407
404
331
203
145
83
-73
-156
-244
-390
-469
-584
-686
-750
-849
-926
-980
-1049
-1122
-1120
-1139
-1181
-1150
-1129
-1111
-1085
-1016
-967
-912
-834
-795
-713
-664
-631
-588
-595
-519
-482
-566
-455
-386
-527
-427
-261
-426
-321
-72
-257
-152
101
13
35
250
321
277
376
628
507
468
895
615
674
981
809
786
917
993
711
947
948
733
927
848
755
823
817
684
773
794
694
745
766
702
715
735
668
718
682
600
603
506
436
369
227
153
100
-90
-216
-237
-412
-591
-601
-687
-858
-880
-926
-1049
-1112
-1101
-1161
-1195
-1148
-1146
-1140
-1094
-1046
-1013
-939
-874
-853
-765
-695
-690
-704
-626
-584
-649
-589
-517
-518
-549
-429
-430
-417
-257
-248
-258
-51
43
-149
189
208
127
348
386
485
422
719
560
659
889
659
912
903
841
935
938
868
924
883
938
805
859
965
636
853
859
612
803
826
646
779
725
711
750
652
750
725
576
610
652
370
354
417
148
26
88
-131
-319
-321
-448
-654
-671
-691
-929
-909
-939
-1113
-1088
-1096
-1158
-1143
-1114
-1113
-1108
-1054
-1031
-1021
-947
-931
-856
-887
-870
-730
-886
-836
-611
-790
-739
-486
-658
-580
-402
-386
-433
-190
-135
-250
48
65
1
92
451
138
260
700
368
497
654
791
522
810
930
708
866
907
930
719
999
854
847
887
833
905
775
797
815
801
697
826
728
678
784
683
684
739
741
646
681
703
557
567
500
394
384
228
146
110
-37
-187
-242
-306
-511
-551
-565
-774
-812
-827
-982
-1005
-993
-1064
-1079
-1042
-1055
-1086
-1084
-987
-1005
-1046
-912
-902
-988
-906
-846
-917
-857
-727
-759
-837
-566
-587
-800
-432
-372
-579
-450
-18
-361
-349
159
-31
-133
225
394
-14
541
449
261
742
511
563
842
653
780
860
814
782
846
1061
610
936
1092
626
827
1052
758
699
1029
804
687
882
830
636
775
873
611
724
762
706
633
604
675
526
481
445
367
232
218
101
-80
-80
-188
-305
-447
-443
-532
-732
-717
-754
-947
-917
-881
-1088
-1039
-954
-1133
-1118
-930
-1076
-1102
-929
-1037
-1033
-986
-1019
-953
-975
-926
-911
-873
-804
-871
-699
-646
-817
-517
-398
-688
-377
-147
-405
-276
175
-140
-33
403
183
248
366
615
473
436
836
770
560
893
960
676
930
1114
727
897
1261
608
896
1202
675
866
1023
873
722
920
840
683
861
801
661
763
781
614
694
647
683
560
555
636
423
387
422
283
119
144
63
-96
-180
-166
-366
-447
-405
-564
-701
-621
-698
-959
-826
-840
-1070
-998
-930
-1051
-1069
-1036
-996
-1136
-1058
-1000
-1140
-1049
-989
-1098
-1019
-917
-1017
-867
-882
-758
-728
-800
-521
-550
-542
-475
-201
-266
-397
129
78
-228
328
447
-181
744
594
63
948
711
403
831
937
602
892
923
863
839
853
1010
788
888
908
878
803
822
850
848
733
744
1031
490
789
1005
393
683
910
484
451
887
470
383
723
391
355
398
318
182
132
165
-114
-64
-83
-357
-234
-273
-646
-399
-524
-873
-593
-696
-1006
-767
-820
-1083
-918
-960
-1058
-1029
-1052
-1031
-1083
-1118
-1003
-1103
-1016
-1089
-1108
-786
-1158
-958
-727
-892
-903
-556
-590
-793
-259
-421
-527
-147
-101
-277
158
-26
213
461
26
717
527
371
763
670
810
515
947
980
552
1056
891
867
904
881
917
946
738
811
1056
612
931
794
818
805
716
851
689
621
735
779
445
580
819
342
399
806
250
320
538
218
277
263
31
281
-77
-111
148
-336
-236
-184
-394
-530
-396
-512
-739
-607
-665
-888
-846
-855
-956
-1004
-999
-983
-1140
-1019
-1125
-1072
-1043
-1269
-973
-1006
-1300
-840
-949
-1081
-736
-895
-724
-660
-642
-575
-434
-446
-438
-77
-208
-359
297
70
-162
441
399
131
446
788
296
541
968
499
638
1080
637
793
1064
725
960
933
888
837
998
883
867
902
807
931
766
759
800
803
548
826
622
438
783
275
432
639
227
275
504
195
144
397
67
71
270
-175
33
162
-353
-63
-76
-376
-204
-367
-431
-367
-587
-595
-551
-689
-883
-622
-726
-1066
-838
-795
-1180
-958
-751
-1350
-971
-745
-1319
-997
-642
-1132
-1058
-439
-964
-857
-454
-671
-590
-486
-239
-377
-411
-47
23
-373
67
317
-135
201
502
285
254
607
754
228
651
945
487
612
1031
794
435
1205
777
512
1069
856
513
879
973
419
770
910
502
553
834
473
536
648
429
474
378
465
319
306
336
333
40
261
415
-123
155
266
-84
-9
104
-32
-91
-185
-39
-148
-359
-65
-378
-416
-164
-635
-605
-119
-800
-755
-210
-960
-799
-467
-944
-850
-607
-1020
-846
-739
-1041
-655
-894
-922
-644
-940
-751
-526
-937
-584
-332
-858
-360
-261
-625
-130
-177
-433
73
-116
-105
149
99
245
305
212
489
434
359
749
427
598
846
596
498
1208
594
541
1165
656
445
986
928
332
894
851
369
730
762
308
913
327
348
847
89
446
559
276
154
473
133
42
440
-86
303
74
-83
181
-71
84
-103
-49
-28
-192
-84
-62
-268
-235
-209
-335
-316
-399
-428
-392
-479
-502
-552
-604
-602
-677
-621
-625
-742
-738
-683
-717
-731
-718
-702
-672
-693
-677
-672
-550
-705
-553
-387
-656
-451
-332
-419
-230
-295
-182
-227
-176
233
-303
318
208
-114
473
258
35
522
608
-18
818
562
352
880
435
744
684
365
918
682
336
923
658
482
715
731
575
320
957
396
240
897
302
338
641
385
138
546
312
51
469
128
247
94
202
267
-188
404
23
-150
363
-33
-72
67
-136
-60
-56
-339
-141
-265
-464
-308
-383
-576
-456
-522
-624
-682
-647
-680
-836
-726
-797
-675
-808
-782
-700
-737
-775
-650
-597
-898
-559
-468
-830
-639
-137
-665
-552
100
-754
-229
-76
-464
159
-153
133
99
42
376
49
540
221
327
839
63
699
765
253
728
666
677
486
693
960
545
618
921
690
302
949
728
-68
994
669
-127
863
478
285
409
453
300
263
299
197
534
-2
72
614
-336
123
787
-442
158
561
-374
153
269
-311
23
127
-208
-86
-45
-305
-315
-148
-412
-409
-413
-609
-656
-569
-700
-809
-688
-781
-795
-970
-848
-758
-953
-839
-618
-799
-1085
-438
-678
-1080
-296
-652
-848
-271
-742
-509
-190
-501
-125
-186
-72
-257
85
17
-184
526
265
213
664
183
605
678
265
1116
415
737
1136
450
859
1053
746
1030
889
728
973
516
1269
612
444
1249
505
355
618
589
161
577
635
-51
563
382
-51
524
150
448
115
224
703
-150
227
527
-58
-108
417
-415
-606
-79
-543
-925
-474
-325
-1313
-558
-371
-1056
-619
-346
-600
-695
-396
-471
-679
-533
-375
-653
-700
-498
-762
-1001
-784
-791
-1030
-1010
-842
-1057
-1083
-606
-841
-1006
-360
-698
-745
-284
-356
-406
-354
30
-8
-39
85
599
17
18
1088
91
278
1319
529
470
1155
820
701
1221
887
1064
1343
867
1193
1081
917
1109
1073
857
1082
1031
624
930
831
786
856
786
781
745
784
786
722
856
837
583
1032
658
600
923
439
427
236
-19
-48
-328
-310
-518
-836
-798
-1148
-1446
-1288
-1639
-1700
-1504
-1813
-1916
-1918
-1926
-1923
-1670
-1667
-1665
-1589
-1547
-1427
-1375
-1225
-1012
-1064
-1026
-741
-758
-763
-561
-314
-516
-372
-54
-425
-275
-88
-65
-246
18
135
-101
250
341
471
482
678
826
935
873
1291
1309
943
1765
1404
1231
1752
1352
1658
1442
1421
1663
1028
1524
1363
1272
1452
1232
1328
1127
1328
1262
1294
1409
1291
1381
1341
1559
1246
1136
1258
649
533
719
31
-148
-171
-697
-983
-1032
-1242
-1632
-1718
-1835
-2122
-2219
-2170
-2299
-2343
-2315
-2144
-2199
-2247
-1936
-1980
-1993
-1564
-1460
-1506
-1261
-1162
-1146
-1016
-862
-859
-876
-678
-691
-832
-575
-588
-601
-549
-490
-465
-493
-183
-205
-81
98
33
279
533
681
934
1089
1270
1256
1560
1683
1870
2072
1894
2211
1873
2067
2146
1870
2073
1995
2038
1902
2014
1940
1646
2028
1940
1704
2074
1913
1795
2140
1928
1584
1549
1174
750
853
342
-94
-312
-931
-1205
-1385
-1786
-2028
-2310
-2560
-2689
-2833
-2853
-2987
-2879
-2781
-2712
-2491
-2461
-2275
-2006
-1821
-1527
-1251
-1157
-998
-671
-572
-521
-414
-803
-688
-608
-889
-473
-937
-1111
-899
-1263
-967
-878
-1133
-775
-963
-890
-528
-595
-311
51
260
420
924
971
1178
1809
1849
2039
2364
2406
2491
2536
2721
2745
2549
2725
2735
2551
2659
2672
2500
2368
2523
2489
2220
2329
2466
2351
2309
2326
1839
1274
1035
938
476
174
-152
-1118
-1521
-1667
-2032
-2304
-2490
-2875
-3281
-3316
-3280
-3409
-3210
-3023
-2998
-2748
-2615
-2428
-2104
-1764
-1313
-1077
-964
-752
-579
-356
-23
127
-232
-321
-492
-754
-626
-803
-1027
-1286
-1593
-1565
-1645
-1639
-1497
-1593
-1517
-1430
-1287
-977
-728
-298
83
373
705
1084
1452
1803
2288
2551
2672
2887
3049
3182
3399
3445
3349
3262
3134
3167
3020
2865
2916
2705
2582
2658
2504
2553
2761
2745
2384
1836
1590
1001
800
842
28
-652
-1215
-1836
-2053
-2181
-2545
-2903
-3410
-3664
-3670
-3661
-3594
-3388
-3320
-3237
-2878
-2705
-2469
-1949
-1500
-1213
-862
-603
-478
-186
275
399
432
314
81
-34
-321
-413
-774
-1260
-1423
-1850
-1965
-2077
-2312
-2138
-2279
-2249
-1992
-1975
-1557
-1159
-722
-283
108
620
1002
1502
2032
2503
2884
3075
3398
3560
3773
4036
4017
4039
3798
3648
3605
3434
3379
3259
3073
2838
2741
2723
2854
2913
2804
2135
1468
1218
642
699
289
-496
-1258
-2049
-2315
-2468
-2686
-3042
-3529
-3905
-4113
-3944
-3725
-3677
-3374
-3314
-3139
-2830
-2402
-1954
-1498
-972
-772
-546
-130
122
550
883
876
830
728
511
348
195
-282
-693
-1163
-1711
-1978
-2273
-2490
-2577
-2762
-2846
-2876
-2776
-2398
-2040
-1598
-1240
-857
-286
332
1000
1585
2022
2422
2834
3193
3608
3919
4042
4127
4108
4053
4132
4024
3881
3731
3512
3354
3238
3143
2967
2899
2988
3125
2535
1652
1491
727
575
703
-293
-1243
-1985
-2396
-2536
-2508
-3046
-3731
-4192
-4294
-4083
-3738
-3824
-3695
-3506
-3440
-2879
-2395
-2060
-1707
-1124
-901
-667
-145
157
543
1007
1043
936
830
780
761
716
341
-384
-826
-1212
-1520
-1652
-2105
-2556
-2788
-2802
-2805
-2684
-2463
-2377
-1974
-1560
-1162
-599
28
705
1307
1815
2200
2703
3213
3608
4027
4149
4140
4279
4323
4282
4355
4134
3766
3662
3516
3469
3305
3111
2867
2800
3115
2792
1896
1328
875
307
433
-39
-1233
-2053
-2538
-2792
-2596
-3036
-3813
-4190
-4508
-4281
-3934
-3850
-4018
-3675
-3470
-3192
-2546
-2193
-1914
-1374
-982
-728
-338
131
451
867
1147
966
958
949
823
896
700
-75
-609
-890
-1303
-1433
-1743
-2398
-2668
-2768
-2755
-2589
-2545
-2463
-2200
-1802
-1366
-860
-320
257
879
1402
1867
2346
2870
3345
3671
3948
4033
4169
4309
4304
4252
4123
3966
3738
3642
3649
3436
3262
3113
2965
3256
3171
2182
1501
1224
486
516
235
-979
-1947
-2522
-2778
-2716
-2876
-3716
-4245
-4512
-4399
-3894
-3686
-3993
-3722
-3459
-3208
-2559
-2037
-1784
-1461
-841
-665
-298
272
637
956
1273
1192
1116
1266
1189
1199
1088
487
-259
-632
-988
-1270
-1459
-2148
-2784
-2970
-3039
-2851
-2647
-2749
-2697
-2376
-1870
-1297
-630
-121
308
964
1500
2055
2623
3144
3432
3689
3918
3993
4205
4286
4285
4181
3882
3687
3590
3586
3569
3315
2985
2775
2853
3169
2876
1584
1176
679
226
453
-325
-1564
-2487
-2810
-2960
-2773
-3410
-4264
-4606
-4604
-4398
-3822
-4051
-4274
-3734
-3457
-2941
-2469
-1940
-1855
-1133
-669
-476
65
498
842
1201
1337
1259
1412
1557
1447
1339
1005
363
124
-392
-658
-1093
-1717
-2097
-2608
-2499
-2638
-2818
-2656
-2737
-2463
-1903
-1538
-1074
-646
31
605
1256
1839
2346
2914
3265
3640
3837
4115
4348
4408
4441
4295
4038
3987
3790
3821
3721
3351
3127
2818
2909
2998
3378
2644
1134
1119
591
374
404
-563
-1963
-2728
-2815
-2900
-2862
-3653
-4568
-4712
-4631
-4394
-3803
-4273
-4311
-3908
-3433
-3061
-2521
-2021
-1997
-1256
-922
-615
-97
426
678
947
1083
1050
1282
1443
1214
1102
830
223
-112
-442
-882
-1356
-1613
-2218
-2572
-2520
-2754
-2642
-2550
-2569
-2298
-1870
-1484
-957
-431
110
699
1295
1847
2379
2945
3289
3548
3854
4155
4254
4362
4352
4121
4052
3939
3716
3650
3610
3302
3145
2894
2826
3028
3479
2817
1337
1342
781
563
755
-280
-1590
-2386
-2656
-2520
-2534
-3403
-4258
-4543
-4466
-4207
-3562
-4137
-4222
-3819
-3483
-3024
-2558
-2126
-2094
-1467
-1078
-762
-261
225
470
811
936
970
1228
1394
1151
1087
919
218
71
-192
-909
-1186
-1664
-2139
-2231
-2480
-2704
-2795
-2769
-2598
-2225
-1927
-1693
-1338
-738
-129
609
1137
1512
2029
2606
3064
3411
3759
3926
4072
4144
4161
4080
4047
3972
3719
3585
3418
3357
3212
3006
2771
2890
3207
2922
1667
1213
1015
471
711
-94
-1216
-2308
-2629
-2528
-2490
-3165
-4195
-4658
-4600
-4296
-3787
-3932
-4482
-4097
-3756
-3168
-2738
-2225
-2191
-1838
-1238
-858
-321
138
441
729
967
1004
1278
1467
1405
1276
1170
574
204
148
-321
-726
-1230
-1751
-2022
-2081
-2185
-2338
-2380
-2395
-2147
-1704
-1383
-1109
-640
-111
453
1051
1527
1947
2483
2891
3266
3617
3799
3939
3943
4035
4045
3982
3899
3597
3496
3387
3343
3280
3057
2748
2840
3146
3197
1970
1314
1237
628
716
121
-844
-2067
-2426
-2442
-2411
-2952
-4017
-4557
-4539
-4368
-3926
-3949
-4586
-4308
-3978
-3359
-3091
-2497
-2502
-2194
-1597
-1227
-683
-220
118
325
687
745
1018
1240
1224
1068
1079
654
311
137
-404
-781
-1173
-1564
-1949
-2220
-2383
-2508
-2428
-2274
-2210
-1986
-1706
-1353
-655
-160
253
696
1223
1824
2479
2942
3160
3475
3830
4051
4167
4219
4180
4176
3999
3895
3691
3607
3664
3413
3182
2917
2954
3306
3513
2339
1360
1362
877
912
587
-633
-1820
-2209
-2287
-2151
-2581
-3822
-4465
-4399
-4258
-3825
-3777
-4529
-4352
-3898
-3395
-2997
-2561
-2557
-2280
-1644
-1261
-793
-331
53
217
624
765
951
1267
1287
1110
1153
842
509
349
-11
-698
-1043
-1334
-1931
-1881
-2336
-2649
-2620
-2571
-2373
-2122
-2024
-1817
-1260
-626
-184
297
749
1210
1944
2430
2770
2984
3442
3684
3827
3897
3771
3904
3878
3751
3552
3402
3444
3381
3344
3034
2850
3120
3396
3144
1749
1516
1167
903
1052
188
-995
-2008
-2195
-2050
-2101
-3088
-4054
-4480
-4209
-4112
-3529
-4106
-4454
-4093
-3667
-3074
-2751
-2360
-2509
-1981
-1485
-966
-420
-35
86
458
635
903
1181
1338
1189
1142
1090
573
322
107
-265
-733
-1138
-1776
-2111
-2166
-2216
-2338
-2457
-2633
-2349
-1872
-1445
-1060
-777
-388
125
914
1517
2029
2405
2702
3054
3571
3940
4086
4020
3949
3966
4056
4080
3808
3589
3497
3412
3329
3299
3000
3080
3275
3263
2039
1413
1324
788
883
248
-884
-1995
-2355
-2353
-2244
-2992
-4053
-4597
-4453
-4337
-3863
-4015
-4600
-4284
-3864
-3241
-2894
-2456
-2538
-2226
-1638
-1129
-628
-152
7
263
587
727
1035
1253
1218
1091
1095
670
394
303
-73
-843
-1151
-1657
-2140
-2090
-2501
-2659
-2743
-2814
-2516
-2120
-1924
-1574
-1208
-625
-144
531
1123
1517
2170
2649
2954
3406
3798
3934
4117
4076
4030
4137
4130
3950
3725
3543
3512
3429
3447
3101
2997
3257
3525
2962
1609
1558
1090
928
970
-15
-1279
-2103
-2281
-2063
-2214
-3246
-4122
-4304
-4276
-3968
-3371
-4106
-4172
-3832
-3336
-2805
-2256
-2175
-2280
-1622
-1158
-615
-134
-11
145
656
816
988
1132
1129
1032
1277
971
374
247
-119
-579
-1061
-1535
-2226
-2477
-2636
-2927
-2917
-3037
-3124
-2729
-2361
-2047
-1588
-1183
-694
-78
684
1171
1711
2250
2628
3143
3587
3726
3879
3978
3990
4064
4063
3804
3690
3510
3441
3461
3259
3118
2790
2992
3224
3486
2449
1408
1401
923
954
774
-244
-1587
-2276
-2398
-2140
-2434
-3327
-4223
-4386
-4511
-3798
-3363
-3996
-3948
-3831
-3212
-2580
-1963
-2051
-1922
-1327
-797
-219
104
230
544
986
1133
1197
1208
1239
1250
1329
818
282
-14
-318
-741
-1294
-1808
-2491
-2687
-2789
-2971
-2947
-3060
-2998
-2549
-2150
-1778
-1277
-757
-273
396
1052
1505
2087
2579
2950
3356
3632
3752
3895
4058
3981
3912
3816
3621
3512
3464
3367
3236
3161
2874
2789
3005
3220
3372
2244
1304
1270
730
837
607
-459
-1863
-2536
-2565
-2406
-2471
-3464
-4268
-4592
-4603
-3741
-3294
-3825
-3850
-3679
-3074
-2398
-1768
-1812
-1599
-914
-586
-71
211
452
899
1319
1223
1084
1161
1244
1398
1280
534
-230
-543
-785
-997
-1511
-2309
-3004
-3130
-3046
-2958
-2941
-3118
-3002
-2568
-2002
-1511
-939
-505
-26
676
1334
1901
2386
2846
3232
3566
3798
3893
4042
4110
4004
3876
3619
3438
3380
3384
3280
3087
2874
2688
2799
3055
3390
2918
1466
1163
886
597
778
-48
-1267
-2415
-2754
-2693
-2474
-3007
-4015
-4467
-4717
-4361
-3401
-3521
-3787
-3563
-3277
-2650
-1988
-1537
-1508
-838
-454
-170
307
481
855
1467
1596
1284
1251
1212
1300
1491
1196
349
-308
-854
-1168
-1384
-1930
-2580
-3073
-3347
-3450
-3250
-3076
-2929
-2691
-2352
-2016
-1461
-677
-91
539
1121
1609
2135
2685
3165
3566
3828
3868
3957
4098
4025
3903
3792
3558
3322
3192
3051
3011
2950
2753
2595
2676
2863
3252
2523
1348
1128
519
503
556
-215
-1566
-2569
-2938
-2773
-2542
-3203
-4069
-4523
-4742
-4092
-3303
-3641
-3530
-3352
-2935
-2390
-1767
-1549
-1202
-466
-202
147
335
508
1047
1596
1543
1332
1142
1059
1142
1256
770
41
-474
-1074
-1389
-1978
-2528
-2886
-3235
-3332
-3525
-3588
-3357
-2982
-2370
-1895
-1681
-1235
-572
263
1097
1760
2095
2422
2908
3435
3883
4013
3973
3942
4005
3930
3731
3641
3462
3286
3146
2896
2790
2799
2734
2662
2756
2880
3111
2338
1394
1217
416
378
509
-429
-1678
-2646
-3139
-2994
-2724
-3339
-4126
-4619
-4903
-4156
-3429
-3689
-3394
-3228
-2947
-2303
-1688
-1505
-1007
-243
-45
254
452
580
1169
1722
1649
1468
1178
931
1109
1259
820
93
-509
-1292
-1856
-1944
-2454
-2879
-3167
-3678
-3643
-3383
-3072
-2558
-2191
-1873
-1447
-842
-147
565
1398
1907
2259
2624
2974
3419
3899
4044
3869
3786
3655
3463
3507
3458
3181
2985
2647
2434
2635
2641
2578
2519
2375
2723
3200
2375
1390
1126
249
419
659
-281
-1539
-2654
-3139
-2870
-2590
-3203
-4016
-4528
-4812
-4090
-3344
-3639
-3228
-2987
-2726
-2139
-1664
-1462
-857
-21
178
411
418
534
1205
1751
1694
1474
1120
781
901
950
430
-167
-747
-1598
-2242
-2558
-2868
-3293
-3310
-3623
-3789
-3517
-3305
-2616
-1928
-1470
-1031
-578
-27
791
1746
2369
2623
3005
3175
3584
4025
4082
4040
3896
3828
3476
3305
3185
2988
2925
2703
2519
2395
2317
2355
2404
2535
2765
3153
2583
1341
1193
578
426
773
-2
-1257
-2565
-3016
-2969
-2732
-3053
-3933
-4482
-4806
-4437
-3628
-3683
-3375
-2959
-2715
-2308
-1862
-1480
-1100
-101
312
422
511
517
1043
1626
1734
1570
1255
849
672
717
170
-473
-893
-1841
-2287
-2704
-3227
-3417
-3547
-3476
-3424
-3329
-3099
-2628
-1855
-1101
-540
-94
332
1014
1830
2542
2919
3240
3400
3625
3936
3848
3812
3800
3606
3403
3126
2747
2551
2432
2427
2450
2266
2139
2160
2152
2444
2852
3301
2786
1610
1324
720
484
802
172
-1044
-2264
-2903
-3014
-2867
-3133
-3759
-4228
-4639
-4439
-3827
-3800
-3360
-2811
-2619
-2284
-1908
-1633
-1161
-182
331
584
694
557
945
1460
1714
1758
1490
980
671
461
33
-525
-1088
-1642
-2393
-2786
-3209
-3658
-3598
-3476
-3346
-3039
-2951
-2582
-1809
-1153
-420
175
609
1085
1867
2538
2917
3289
3489
3693
3825
3822
3749
3612
3510
3294
3077
2784
2419
2289
2283
2178
2224
2070
1973
2147
2305
2787
3228
3008
1888
1464
994
471
841
393
-738
-1815
-2639
-3010
-2997
-3294
-3705
-4107
-4439
-4520
-4119
-4144
-3829
-3006
-2813
-2399
-1961
-1803
-1411
-528
119
524
861
810
982
1364
1546
1670
1639
1150
827
522
-27
-577
-1128
-1705
-2509
-2930
-3172
-3699
-3646
-3556
-3499
-3064
-2859
-2376
-1703
-1111
-368
230
743
1254
1970
2592
2958
3416
3612
3722
3887
3843
3752
3644
3527
3254
3028
2828
2477
2351
2229
2093
2106
2042
2099
2139
2209
2476
2868
3076
2570
1874
1342
482
530
602
-252
-1101
-1998
-2790
-3140
-3182
-3608
-3975
-4129
-4313
-4216
-4227
-4198
-3597
-3234
-2649
-1979
-1864
-1737
-1246
-559
-12
617
929
791
998
1278
1315
1420
1338
982
725
453
-74
-698
-1512
-2118
-2436
-2727
-2851
-3154
-3470
-3421
-3150
-2701
-2177
-1700
-1195
-686
-131
431
960
1555
2244
2783
3085
3308
3325
3371
3510
3490
3429
3177
2908
2670
2365
2167
1967
1845
1729
1576
1559
1513
1628
1764
1804
2072
2373
2745
2718
2243
1673
919
785
843
497
-49
-1000
-1941
-2467
-2718
-2911
-3173
-3386
-3656
-3777
-3827
-3940
-3742
-3435
-2940
-2354
-2082
-1956
-1777
-1382
-809
-202
328
593
803
986
1033
1079
996
884
884
753
448
-33
-802
-1403
-1680
-1880
-1796
-1859
-2127
-2168
-2210
-1960
-1387
-1042
-515
-108
106
483
765
1119
1559
1931
2184
2227
2187
2053
1821
1713
1586
1515
1407
1290
1090
890
777
665
606
564
544
657
815
845
867
888
1063
1455
1841
2047
2141
2018
1901
1875
1688
1486
1302
970
682
390
-99
-526
-826
-1083
-1328
-1555
-1833
-2064
-2080
-2101
-2092
-2043
-2053
-1979
-1787
-1641
-1495
-1242
-989
-732
-523
-473
-480
-394
-282
-142
-116
-224
-375
-518
-574
-566
-643
-768
-878
-962
-943
-867
-771
-697
-645
-569
-442
-307
-166
-55
34
104
245
309
330
390
311
242
220
220
266
277
263
282
289
327
390
446
464
523
579
595
633
708
825
1021
1159
1266
1346
1405
1524
1632
1643
1576
1602
1613
1601
1602
1465
1258
1094
937
852
700
458
270
66
-92
-216
-357
-513
-615
-705
-776
-817
-835
-804
-752
-705
-764
-811
-817
-807
-782
-789
-829
-865
-940
-957
-928
-945
-970
-1006
-1023
-1055
-1049
-1115
-1141
-1182
-1133
-1017
-939
-896
-955
-1009
-944
-843
-744
-729
-687
-671
-620
-478
-405
-303
-244
-190
-8
107
214
304
312
379
518
623
658
725
814
896
1047
1085
1140
1215
1274
1366
1370
1293
1230
1196
1184
1218
1225
1151
1078
1047
1086
1122
1121
1150
1137
1141
1121
1001
868
809
752
793
773
665
485
329
241
152
25
-166
-369
-529
-682
-793
-909
-1065
-1160
-1228
-1190
-1181
-1211
-1276
-1284
-1243
-1168
-1089
-1088
-1039
-971
-910
-805
-853
-956
-1035
-1020
-993
-1086
-1152
-1240
-1313
-1250
-1194
-1219
-1222
-1163
-1113
-1021
-850
-817
-700
-550
-383
-248
-98
15
126
270
521
715
824
851
989
1142
1181
1251
1215
1257
1255
1195
1129
1154
1108
1110
1083
983
913
896
927
969
1026
1004
1032
1028
1180
1256
1423
1517
1581
1683
1654
1617
1413
1292
1186
1092
882
633
377
141
-20
-220
-486
-720
-888
-982
-1057
-1113
-1197
-1299
-1316
-1316
-1264
-1222
-1115
-1039
-999
-975
-971
-900
-819
-752
-740
-791
-912
-964
-993
-1039
-1100
-1233
-1394
-1537
-1622
-1704
-1676
-1595
-1536
-1591
-1513
-1457
-1395
-1200
-911
-648
-478
-322
-248
-67
81
279
424
690
687
856
905
951
1235
1285
1430
1342
1250
1338
1413
1417
1487
1283
1184
1206
1386
1369
1648
1728
1588
1721
1779
1991
1896
2031
2006
2095
2189
2135
2123
1906
1777
1471
1105
836
625
340
119
-235
-599
-882
-1188
-1424
-1697
-1878
-1922
-1871
-1883
-1934
-2032
-1992
-1886
-1632
-1411
-1319
-1267
-1242
-1092
-923
-790
-725
-679
-609
-610
-677
-767
-875
-983
-1188
-1403
-1671
-1893
-1971
-1978
-1934
-1926
-1861
-1806
-1714
-1501
-1302
-1067
-860
-633
-453
-276
-59
207
388
628
939
1167
1193
1353
1607
1540
1765
1809
1855
1885
1858
2052
2062
2045
2015
1963
1995
2186
2330
2322
2313
2304
2191
2093
2200
2293
2407
2499
2598
2661
2508
2217
1757
1210
760
497
196
-207
-721
-1261
-1687
-2073
-2339
-2626
-2849
-2889
-2817
-2685
-2599
-2565
-2543
-2371
-2015
-1587
-1196
-980
-799
-597
-462
-322
-163
-15
101
187
78
-141
-486
-826
-1128
-1446
-1714
-2172
-2569
-2862
-2984
-2898
-2826
-2737
-2680
-2450
-2010
-1634
-1313
-1020
-775
-380
-20
386
673
965
1301
1541
1775
1970
2127
2240
2462
2544
2567
2570
2583
2592
2600
2485
2354
2293
2237
2321
2348
2372
2387
2291
2325
2375
2442
2696
2946
3241
3430
3457
3047
2424
1648
828
423
42
-327
-860
-1632
-2359
-2906
-3331
-3579
-3735
-3840
-3749
-3490
-3249
-3013
-2827
-2629
-2146
-1533
-978
-506
-234
-14
235
389
472
500
499
499
451
240
-196
-786
-1333
-1829
-2243
-2707
-3309
-3826
-4173
-4189
-4076
-3947
-3691
-3347
-2829
-2144
-1530
-966
-446
119
686
1226
1629
1988
2361
2656
2936
3072
3036
2975
2881
2816
2754
2711
2591
2375
2155
1903
1727
1662
1747
1885
2083
2270
2463
2714
2899
3084
3324
3704
4162
4521
4666
4160
3315
2354
1256
574
-19
-730
-1307
-2163
-2949
-3565
-4186
-4632
-4818
-4784
-4499
-3928
-3531
-3167
-2794
-2428
-1811
-1084
-428
121
561
854
1086
1274
1222
1071
928
675
454
142
-396
-1002
-1663
-2241
-2725
-3266
-3891
-4546
-5070
-5250
-5178
-4921
-4475
-3978
-3264
-2379
-1600
-849
-186
396
1144
1861
2382
2759
2924
2983
3100
3134
3125
3035
2839
2613
2363
2153
1952
1797
1720
1648
1624
1631
1689
1856
2127
2484
2814
3199
3508
3785
4173
4570
5016
5342
5359
4698
3711
2513
1122
326
-538
-1470
-2083
-3043
-3815
-4274
-4927
-5368
-5462
-5381
-4948
-4106
-3513
-3008
-2297
-1893
-1231
-429
56
666
1207
1513
1726
1835
1587
1286
1024
510
67
-374
-1019
-1617
-2177
-2834
-3351
-3736
-4266
-4616
-4960
-5213
-5108
-4888
-4292
-3628
-2820
-1865
-1085
-148
586
1161
1773
2134
2471
2712
2797
2768
2657
2472
2233
2089
1886
1742
1612
1457
1419
1357
1380
1449
1589
1839
2139
2473
2805
3143
3471
3821
4162
4493
4725
5008
5320
5507
5591
5051
3902
2612
956
-348
-1275
-2242
-2982
-3735
-4440
-4979
-5262
-5575
-5658
-5320
-4966
-4150
-3222
-2492
-1662
-924
-329
196
722
998
1319
1716
1746
1781
1613
1110
680
165
-452
-1047
-1632
-2330
-2853
-3232
-3651
-3889
-4052
-4240
-4293
-4326
-4301
-4076
-3649
-2993
-2201
-1299
-549
139
810
1307
1762
2058
2197
2241
2177
2030
1755
1456
1189
963
874
757
666
659
687
858
1072
1312
1545
1788
2149
2556
2984
3370
3757
4193
4494
4767
4971
5080
5214
5391
5496
5449
4928
3640
2396
788
-757
-1780
-2960
-3624
-4207
-4688
-4913
-5114
-5267
-5323
-4860
-4357
-3517
-2440
-1669
-752
-2
597
1122
1407
1582
1659
1800
1795
1685
1440
921
333
-324
-1018
-1756
-2386
-2973
-3448
-3631
-3829
-3973
-4004
-4029
-3882
-3776
-3659
-3509
-3270
-2722
-2129
-1338
-652
-122
458
872
1218
1398
1422
1369
1308
1238
1067
820
593
408
383
471
604
783
957
1214
1529
1871
2186
2495
2796
3151
3537
3888
4179
4386
4574
4642
4696
4815
4871
4975
5079
5087
5024
4184
2851
1431
-345
-1691
-2729
-3578
-4090
-4581
-4879
-4883
-4830
-4904
-4692
-4267
-3761
-2801
-1795
-974
-147
480
991
1418
1550
1494
1439
1313
1147
1037
754
308
-179
-723
-1341
-1986
-2573
-3142
-3502
-3609
-3675
-3622
-3544
-3514
-3366
-3313
-3292
-3195
-3041
-2643
-2127
-1482
-900
-394
164
535
802
913
869
805
784
779
702
612
492
452
479
560
716
918
1192
1490
1898
2301
2567
2938
3296
3595
3983
4247
4437
4595
4642
4647
4659
4648
4615
4541
4576
4561
4511
4037
2836
1715
84
-1367
-2418
-3535
-4094
-4706
-4827
-4696
-4493
-4230
-4117
-3611
-3274
-2622
-1776
-1148
-371
308
1019
1474
1663
1583
1329
1157
792
625
375
-59
-390
-768
-1226
-1853
-2505
-3157
-3611
-3802
-3852
-3769
-3628
-3423
-3179
-2962
-2958
-3031
-3030
-2928
-2527
-2004
-1418
-846
-324
240
586
783
755
586
538
521
565
608
626
629
709
861
982
1093
1246
1507
1868
2326
2700
3015
3289
3473
3690
3911
4019
4018
4040
4078
4150
4304
4325
4335
4358
4372
4440
4346
3825
2725
1661
204
-1220
-2229
-3362
-4032
-4532
-4634
-4499
-4271
-3985
-3715
-3195
-2849
-2252
-1516
-933
-212
496
1135
1549
1737
1686
1394
1119
692
358
51
-365
-703
-1055
-1523
-2170
-2730
-3359
-3879
-4108
-4256
-4198
-3969
-3644
-3313
-3084
-3036
-3061
-3026
-2900
-2565
-2067
-1428
-728
-37
554
914
1079
1082
966
846
805
722
673
722
776
870
984
1092
1198
1363
1590
1882
2237
2506
2835
3149
3410
3633
3848
4000
3954
4013
3995
3990
4047
4120
4277
4365
4477
4504
4519
4226
3204
2168
764
-850
-1970
-3062
-3821
-4380
-4541
-4402
-4099
-3706
-3467
-3007
-2788
-2385
-1754
-1301
-724
-87
644
1210
1588
1676
1356
984
436
-2
-399
-870
-1206
-1533
-1812
-2276
-2769
-3316
-3932
-4239
-4393
-4402
-4240
-3925
-3503
-3150
-2866
-2740
-2704
-2660
-2464
-2041
-1473
-805
-75
637
1194
1567
1749
1741
1527
1283
1060
816
693
718
833
1013
1227
1414
1527
1603
1665
1802
1970
2200
2569
2978
3386
3730
4027
4057
3955
3906
3794
3796
3951
4136
4399
4633
4810
4848
4670
3839
2577
1320
-392
-1743
-2793
-3682
-4206
-4519
-4352
-4137
-3776
-3488
-3212
-2799
-2533
-1954
-1356
-867
-201
441
1021
1350
1487
1258
811
384
-213
-642
-1066
-1497
-1825
-2137
-2490
-2971
-3403
-3878
-4246
-4371
-4444
-4354
-4103
-3714
-3296
-2916
-2590
-2383
-2208
-1960
-1637
-1153
-603
-24
665
1222
1621
1877
1932
1780
1499
1175
806
486
337
364
498
734
976
1190
1346
1480
1639
1784
1990
2263
2633
3088
3457
3843
4097
4116
4138
4128
4094
4120
4220
4307
4438
4625
4731
4777
4566
3637
2471
1106
-638
-1971
-3134
-4036
-4574
-4740
-4502
-4141
-3590
-3263
-2837
-2443
-2198
-1701
-1291
-895
-351
264
793
1189
1345
1079
685
172
-533
-1096
-1660
-2164
-2499
-2728
-2945
-3263
-3507
-3795
-4014
-4086
-4172
-4072
-3843
-3434
-2877
-2363
-1826
-1517
-1250
-1000
-852
-514
-263
168
687
1169
1619
1842
1960
1747
1419
990
433
11
-263
-265
-103
240
629
982
1281
1534
1735
1880
2072
2307
2672
3105
3499
3957
4267
4417
4502
4534
4496
4413
4462
4406
4465
4584
4646
4719
4486
3698
2515
1205
-551
-1986
-3169
-4245
-4800
-5050
-4840
-4414
-3826
-3347
-2850
-2352
-2068
-1614
-1254
-974
-525
-11
490
914
1072
910
585
112
-542
-1190
-1842
-2468
-2894
-3161
-3337
-3485
-3612
-3698
-3781
-3794
-3817
-3802
-3637
-3292
-2781
-2240
-1604
-1159
-776
-388
-204
86
253
519
851
1133
1448
1555
1631
1433
1127
772
218
-175
-468
-544
-412
-137
304
737
1207
1664
2003
2321
2542
2779
3088
3365
3665
3977
4275
4465
4587
4677
4586
4480
4405
4268
4226
4163
4171
4137
3978
3434
2401
1326
-305
-1729
-2909
-4073
-4680
-5077
-4921
-4520
-3870
-3210
-2632
-1974
-1684
-1280
-1011
-921
-658
-388
-11
347
577
587
379
17
-594
-1279
-1971
-2680
-3173
-3474
-3653
-3696
-3693
-3643
-3612
-3548
-3495
-3424
-3197
-2883
-2462
-2011
-1461
-1040
-639
-204
-9
235
345
494
710
851
1064
1131
1190
1123
960
748
334
10
-245
-368
-271
-66
307
743
1257
1770
2174
2534
2770
2988
3192
3399
3599
3795
4043
4207
4348
4398
4338
4268
4128
3995
3876
3744
3711
3666
3632
3325
2508
1669
384
-986
-2082
-3321
-4138
-4692
-4794
-4441
-3903
-3180
-2550
-1811
-1349
-1009
-717
-824
-806
-698
-524
-232
-36
62
-11
-210
-574
-1147
-1797
-2550
-3137
-3518
-3812
-3880
-3885
-3778
-3583
-3302
-3039
-2887
-2622
-2388
-2077
-1742
-1402
-1060
-794
-408
-117
111
294
426
615
770
930
1054
1082
1034
927
753
481
171
-36
-150
-115
84
387
806
1259
1763
2193
2518
2762
2950
3140
3299
3475
3594
3742
3882
3973
4045
3994
3951
3850
3721
3640
3508
3466
3408
3367
3244
2627
1908
907
-401
-1472
-2642
-3603
-4275
-4644
-4491
-4057
-3361
-2664
-1895
-1278
-908
-575
-601
-705
-768
-802
-703
-599
-518
-538
-620
-848
-1256
-1767
-2433
-3019
-3462
-3806
-3911
-3891
-3713
-3429
-3068
-2685
-2416
-2107
-1843
-1575
-1334
-1119
-869
-698
-460
-187
53
276
505
767
999
1164
1237
1186
1012
790
525
252
-23
-192
-181
-83
134
441
806
1172
1564
1934
2200
2420
2610
2820
3031
3233
3411
3576
3763
3878
3931
3945
3881
3794
3714
3632
3576
3549
3532
3513
3373
2846
2096
1153
-112
-1238
-2329
-3344
-4032
-4443
-4344
-3912
-3306
-2620
-1948
-1351
-1010
-767
-744
-912
-991
-1063
-1008
-918
-927
-896
-1012
-1231
-1566
-2071
-2579
-3087
-3422
-3653
-3752
-3678
-3534
-3217
-2864
-2466
-2094
-1799
-1447
-1182
-995
-827
-726
-654
-544
-375
-149
51
272
555
789
978
1041
1001
902
701
494
272
51
-76
-81
16
231
551
917
1320
1729
2073
2350
2564
2714
2873
3022
3152
3312
3538
3752
3867
3991
4041
4004
3972
3907
3855
3805
3798
3842
3817
3464
2811
2031
858
-427
-1608
-2810
-3784
-4457
-4674
-4440
-3960
-3323
-2599
-1889
-1367
-990
-805
-892
-1021
-1111
-1168
-1146
-1145
-1145
-1127
-1224
-1393
-1698
-2137
-2560
-2954
-3230
-3442
-3558
-3494
-3337
-3010
-2589
-2178
-1797
-1473
-1142
-970
-883
-812
-866
-810
-759
-614
-346
-171
158
460
740
976
1039
1064
927
749
494
197
-16
-160
-112
26
338
742
1158
1635
1987
2302
2517
2642
2791
2916
3090
3245
3482
3770
3948
4137
4242
4269
4219
4122
4059
3927
3855
3829
3793
3592
3008
2323
1337
64
-1127
-2371
-3456
-4298
-4782
-4771
-4450
-3863
-3169
-2408
-1723
-1245
-866
-809
-929
-1043
-1233
-1306
-1350
-1379
-1332
-1364
-1400
-1560
-1861
-2197
-2602
-2904
-3177
-3354
-3381
-3278
-2998
-2640
-2186
-1802
-1476
-1140
-968
-880
-870
-935
-985
-999
-943
-764
-496
-221
170
552
844
1079
1165
1132
1000
789
533
298
148
133
282
528
878
1271
1647
1986
2222
2416
2547
2640
2800
2961
3150
3358
3605
3842
3977
4121
4173
4169
4117
4005
3938
3817
3776
3740
3584
3158
2424
1592
434
-775
-1916
-3121
-4000
-4626
-4857
-4631
-4207
-3554
-2825
-2103
-1497
-1073
-829
-867
-935
-1052
-1194
-1201
-1265
-1243
-1181
-1217
-1280
-1500
-1791
-2112
-2487
-2776
-3049
-3202
-3208
-3061
-2753
-2427
-2044
-1688
-1391
-1154
-1147
-1175
-1282
-1464
-1436
-1403
-1225
-846
-433
135
631
999
1279
1345
1282
1074
823
509
234
157
173
358
650
989
1409
1734
2026
2267
2395
2546
2674
2877
3102
3332
3672
3968
4221
4416
4508
4531
4435
4330
4165
3989
3888
3792
3737
3475
2897
2126
1055
-180
-1418
-2694
-3815
-4660
-5134
-5161
-4841
-4265
-3511
-2695
-1940
-1344
-920
-737
-694
-701
-760
-800
-848
-878
-866
-927
-1048
-1277
-1620
-1981
-2392
-2757
-3087
-3343
-3450
-3381
-3172
-2888
-2519
-2151
-1814
-1520
-1406
-1347
-1350
-1417
-1360
-1248
-1085
-786
-396
50
502
847
1071
1180
1145
1021
851
597
386
261
253
363
562
882
1246
1607
1947
2231
2428
2568
2729
2866
3013
3200
3408
3720
3973
4167
4335
4357
4329
4288
4171
4031
3916
3846
3805
3682
3260
2581
1627
377
-900
-2202
-3438
-4388
-5013
-5199
-4972
-4476
-3734
-2908
-2114
-1441
-960
-716
-646
-650
-694
-728
-753
-759
-718
-718
-791
-970
-1301
-1709
-2154
-2609
-3023
-3361
-3564
-3571
-3396
-3113
-2740
-2322
-1944
-1632
-1454
-1416
-1455
-1509
-1490
-1370
-1175
-886
-507
-43
395
739
996
1066
1034
910
693
467
260
137
174
298
501
816
1178
1530
1890
2152
2333
2495
2597
2727
2869
2995
3226
3515
3800
4091
4315
4457
4527
4531
4462
4369
4272
4177
4053
3721
3138
2318
1220
-18
-1300
-2572
-3672
-4461
-4858
-4816
-4433
-3802
-2980
-2149
-1414
-854
-545
-434
-441
-514
-591
-658
-703
-705
-694
-734
-856
-1097
-1452
-1858
-2308
-2755
-3166
-3473
-3611
-3563
-3347
-3013
-2611
-2201
-1863
-1657
-1622
-1696
-1804
-1873
-1827
-1651
-1323
-846
-279
297
784
1100
1221
1163
934
605
261
-15
-135
-57
175
534
963
1396
1807
2123
2315
2410
2442
2450
2488
2591
2763
3042
3391
3766
4121
4374
4509
4533
4438
4299
4174
4058
3964
3832
3532
3056
2382
1469
418
-757
-1989
-3089
-3963
-4502
-4625
-4415
-3908
-3179
-2401
-1674
-1094
-756
-603
-585
-681
-801
-914
-1006
-1017
-994
-999
-1039
-1156
-1359
-1615
-1963
-2372
-2772
-3132
-3360
-3409
-3295
-3019
-2631
-2225
-1862
-1617
-1532
-1554
-1630
-1716
-1727
-1624
-1388
-990
-466
97
626
1036
1268
1304
1152
846
483
159
-48
-75
77
383
811
1292
1753
2144
2417
2559
2605
2596
2581
2612
2706
2890
3155
3463
3788
4064
4260
4360
4388
4358
4303
4192
3982
3628
3100
2421
1593
646
-348
-1362
-2309
-3069
-3594
-3862
-3821
-3557
-3105
-2535
-1988
-1521
-1153
-946
-835
-805
-866
-922
-962
-1003
-1001
-1030
-1099
-1185
-1321
-1506
-1715
-1976
-2258
-2507
-2717
-2838
-2848
-2775
-2619
-2437
-2288
-2196
-2139
-2112
-2069
-1974
-1806
-1553
-1204
-789
-347
74
419
662
799
802
686
510
312
167
132
208
407
703
1035
1379
1672
1892
2065
2167
2237
2311
2396
2535
2747
3005
3310
3611
3849
4049
4153
4160
4147
4091
4017
3917
3671
3268
2729
2003
1183
314
-611
-1466
-2179
-2713
-2980
-2995
-2821
-2459
-2013
-1591
-1235
-1005
-915
-910
-966
-1075
-1152
-1193
-1214
-1184
-1161
-1186
-1229
-1315
-1464
-1626
-1821
-2044
-2209
-2326
-2383
-2320
-2204
-2068
-1912
-1847
-1876
-1953
-2101
-2242
-2301
-2281
-2111
-1785
-1352
-837
-318
120
452
627
622
497
288
77
-62
-73
85
383
785
1225
1620
1926
2113
2181
2173
2122
2048
2018
2065
2211
2489
2833
3190
3526
3771
3905
3948
3928
3866
3787
3662
3437
3093
2624
2015
1305
536
-284
-1055
-1723
-2257
-2552
-2627
-2505
-2180
-1782
-1394
-1041
-823
-728
-705
-802
-947
-1078
-1232
-1340
-1397
-1478
-1538
-1585
-1661
-1728
-1805
-1914
-2002
-2074
-2141
-2150
-2144
-2127
-2080
-2047
-2048
-2057
-2069
-2053
-1967
-1824
-1613
-1339
-1024
-689
-378
-132
20
81
50
-52
-171
-280
-306
-229
-41
249
627
1022
1403
1727
1936
2087
2149
2163
2179
2181
2213
2300
2432
2629
2881
3117
3360
3564
3686
3781
3824
3805
3753
3594
3262
2805
2158
1379
584
-262
-1061
-1713
-2218
-2511
-2548
-2401
-2089
-1664
-1256
-892
-637
-530
-524
-592
-735
-890
-1011
-1127
-1194
-1230
-1278
-1328
-1416
-1556
-1727
-1910
-2127
-2299
-2413
-2481
-2448
-2355
-2226
-2056
-1902
-1782
-1654
-1541
-1420
-1259
-1096
-909
-692
-487
-300
-157
-110
-135
-213
-349
-478
-576
-609
-522
-328
-30
335
723
1087
1417
1674
1854
1987
2077
2174
2282
2421
2579
2767
2972
3159
3331
3430
3474
3478
3449
3400
3323
3184
2939
2608
2135
1556
910
205
-495
-1134
-1653
-2012
-2180
-2180
-2014
-1757
-1471
-1172
-943
-790
-714
-707
-751
-803
-874
-956
-1024
-1102
-1172
-1263
-1373
-1504
-1646
-1787
-1934
-2055
-2151
-2188
-2162
-2091
-1977
-1846
-1716
-1585
-1430
-1274
-1087
-881
-670
-436
-203
9
172
278
295
239
118
-50
-209
-343
-397
-363
-247
-62
157
382
580
764
914
1049
1183
1321
1495
1708
1959
2233
2533
2809
3057
3252
3371
3434
3432
3404
3339
3223
3013
2706
2294
1773
1189
541
-124
-759
-1305
-1712
-1952
-2014
-1939
-1749
-1525
-1279
-1069
-936
-863
-847
-865
-919
-957
-1007
-1044
-1075
-1122
-1169
-1247
-1350
-1477
-1598
-1730
-1843
-1930
-1996
-2001
-1978
-1916
-1842
-1763
-1665
-1545
-1387
-1210
-990
-756
-490
-213
56
302
483
608
647
627
547
441
357
279
265
302
371
449
514
544
548
532
498
499
529
634
818
1086
1417
1800
2201
2576
2915
3159
3327
3418
3439
3392
3258
3016
2656
2206
1659
1080
469
-150
-706
-1174
-1519
-1721
-1765
-1696
-1531
-1324
-1123
-947
-851
-812
-840
-907
-1007
-1116
-1203
-1286
-1326
-1363
-1371
-1374
-1380
-1390
-1415
-1431
-1465
-1483
-1526
-1548
-1548
-1559
-1530
-1496
-1425
-1311
-1141
-927
-685
-424
-187
52
241
392
493
534
550
550
559
581
635
711
813
929
1013
1075
1078
1018
912
777
641
514
437
412
460
583
762
996
1256
1535
1799
2035
2241
2406
2528
2577
2553
2422
2174
1824
1379
866
333
-193
-676
-1072
-1359
-1529
-1576
-1539
-1443
-1311
-1193
-1090
-1043
-1027
-1041
-1073
-1110
-1150
-1162
-1170
-1151
-1130
-1104
-1087
-1096
-1109
-1156
-1211
-1288
-1363
-1426
-1483
-1493
-1480
-1411
-1300
-1139
-923
-687
-420
-168
81
278
440
556
624
694
731
791
861
952
1059
1168
1265
1312
1322
1265
1162
1025
879
753
655
624
647
726
842
974
1112
1211
1292
1336
1360
1374
1390
1423
1454
1489
1491
1452
1348
1153
881
532
140
-276
-663
-989
-1229
-1362
-1405
-1357
-1266
-1146
-1032
-955
-918
-930
-976
-1056
-1142
-1207
-1255
-1266
-1245
-1188
-1126
-1054
-994
-968
-960
-1002
-1062
-1155
-1250
-1333
-1401
-1416
-1397
-1311
-1179
-992
-764
-530
-287
-62
149
323
482
619
744
885
1024
1183
1338
1484
1605
1671
1680
1618
1502
1344
1164
997
867
796
776
825
912
1023
1139
1222
1287
1297
1275
1231
1182
1152
1124
1135
1141
1129
1090
979
796
523
189
-186
-567
-919
-1205
-1404
-1513
-1519
-1457
-1347
-1236
-1137
-1078
-1077
-1116
-1195
-1281
-1364
-1402
-1390
-1347
-1243
-1123
-1001
-892
-827
-805
-835
-897
-993
-1084
-1155
-1188
-1153
-1071
-939
-780
-609
-458
-330
-233
-183
-146
-119
-70
22
158
366
623
915
1211
1485
1713
1864
1930
1903
1817
1679
1531
1397
1304
1268
1280
1353
1449
1548
1624
1658
1647
1574
1465
1334
1210
1095
1011
964
928
912
857
764
612
390
111
-220
-563
-897
-1177
-1385
-1518
-1567
-1564
-1519
-1459
-1413
-1406
-1437
-1500
-1603
-1689
-1760
-1797
-1774
-1706
-1589
-1467
-1343
-1238
-1180
-1159
-1183
-1226
-1272
-1291
-1267
-1189
-1060
-881
-680
-490
-307
-169
-79
-28
-11
-1
21
76
177
330
524
746
985
1217
1415
1567
1665
1706
1696
1652
1591
1529
1477
1465
1488
1539
1623
1713
1797
1862
1898
1892
1831
1738
1611
1468
1335
1220
1130
1075
1035
993
931
824
656
418
114
-237
-621
-981
-1297
-1542
-1693
-1755
-1744
-1678
-1595
-1526
-1481
-1492
-1555
-1653
-1771
-1880
-1952
-1983
-1965
-1901
-1812
-1711
-1618
-1547
-1501
-1477
-1463
-1443
-1397
-1320
-1201
-1046
-869
-676
-495
-333
-201
-95
-5
89
193
318
475
659
856
1056
1240
1396
1512
1577
1595
1568
1520
1457
1389
1339
1304
1291
1305
1336
1385
1451
1514
1581
1636
1672
1682
1659
1621
1551
1465
1369
1275
1183
1108
1047
981
912
812
684
505
274
-4
-316
-635
-944
-1214
-1436
-1586
-1669
-1698
-1687
-1654
-1609
-1583
-1589
-1624
-1689
-1764
-1844
-1911
-1952
-1960
-1935
-1881
-1798
-1699
-1593
-1490
-1389
-1287
-1188
-1097
-1002
-905
-801
-687
-580
-465
-349
-221
-78
67
237
412
603
806
1009
1196
1362
1491
1581
1631
1640
1618
1570
1528
1483
1454
1451
1458
1480
1512
1543
1561
1559
1539
1496
1435
1357
1278
1201
1125
1078
1046
1025
1006
985
964
920
846
746
610
445
251
38
-184
-409
-613
-808
-973
-1126
-1248
-1357
-1458
-1550
-1652
-1752
-1848
-1939
-2013
-2058
-2074
-2056
-2007
-1927
-1824
-1724
-1627
-1545
-1478
-1429
-1385
-1335
-1282
-1210
-1109
-980
-836
-672
-509
-348
-200
-65
53
158
264
372
496
631
774
924
1068
1198
1308
1384
1446
1485
1501
1524
1542
1562
1588
1617
1643
1651
1641
1605
1553
1481
1395
1311
1227
1145
1069
1009
948
893
832
768
696
616
544
474
398
326
250
162
57
-61
-201
-354
-511
-665
-797
-917
-1016
-1094
-1162
-1215
-1275
-1349
-1438
-1538
-1643
-1746
-1834
-1889
-1905
-1880
-1820
-1732
-1619
-1508
-1401
-1308
-1235
-1167
-1105
-1036
-938
-834
-708
-554
-387
-218
-50
108
249
374
482
591
692
790
885
965
1038
1090
1120
1135
1133
1132
1136
1149
1186
1243
1309
1388
1455
1497
1514
1493
1434
1354
1254
1152
1060
976
903
849
803
750
684
599
494
375
251
132
25
-62
-130
-177
-209
-242
-285
-344
-419
-516
-619
-724
-822
-897
-949
-987
-1008
-1020
-1030
-1057
-1086
-1125
-1175
-1213
-1245
-1268
-1273
-1257
-1225
-1193
-1152
-1114
-1086
-1056
-1020
-970
-905
-807
-687
-545
-395
-243
-99
32
149
243
329
401
481
566
656
754
849
934
994
1021
1016
981
929
869
810
770
762
777
815
872
933
992
1034
1049
1040
1008
955
889
815
744
679
615
559
496
442
378
302
228
142
55
-21
-90
-160
-218
-273
-316
-358
-397
-427
-463
-487
-514
-543
-569
-596
-625
-652
-677
-708
-733
-752
-770
-777
-788
-788
-781
-777
-776
-779
-783
-793
-805
-809
-806
-789
-755
-698
-631
-555
-472
-390
-305
-220
-141
-66
11
99
197
294
393
493
586
660
716
751
753
732
698
650
605
571
544
533
543
562
601
641
671
699
714
718
704
683
657
620
589
565
541
516
491
463
424
376
321
249
166
81
-5
-82
-149
-205
-239
-259
-269
-272
-277
-284
-299
-320
-347
-378
-407
-432
-446
-458
-460
-461
-461
-458
-467
-486
-530
-567
-611
-651
-679
-698
-695
-682
-648
-609
-559
-523
-495
-469
-453
-440
-417
-383
-337
-270
-176
-74
41
158
265
364
439
482
510
515
496
462
429
392
357
333
319
312
314
327
350
374
400
423
443
459
468
470
467
460
446
432
422
408
390
366
340
306
259
212
164
108
62
17
-21
-46
-61
-65
-69
-77
-88
-100
-116
-129
-137
-142
-145
-138
-116
-95
-80
-70
-70
-88
-135
-197
-265
-335
-403
-456
-491
-510
-497
-471
-444
-409
-389
-378
-378
-396
-417
-438
-446
-439
-408
-346
-270
-179
-91
-5
70
126
165
199
216
219
225
221
226
225
226
233
226
224
217
213
215
218
226
243
262
287
304
318
330
332
321
301
279
250
217
189
165
143
119
92
69
51
36
24
15
16
17
14
14
16
14
12
12
15
23
31
53
76
100
117
120
112
88
48
-3
-67
-134
-188
-236
-270
-297
-313
-320
-326
-332
-341
-358
-376
-392
-401
-407
-398
-373
-345
-306
-263
-221
-174
-135
-106
-77
-51
-28
-10
4
17
34
48
59
60
65
65
68
73
78
89
102
119
138
164
183
196
211
213
209
203
199
187
172
156
137
116
95
82
74
69
74
78
85
94
103
120
127
136
145
156
173
196
219
246
283
305
329
341
337
324
296
266
226
187
146
100
56
18
-13
-55
-93
-129
-166
-207
-248
-281
-311
-333
-355
-361
-367
-372
-367
-365
-364
-361
-355
-346
-334
-320
-305
-298
-284
-268
-261
-248
-238
-229
-219
-196
-176
-156
-124
-92
-54
-18
18
57
99
139
171
208
233
246
253
252
241
222
195
173
150
124
117
109
110
113
112
113
112
112
107
106
102
115
131
153
186
219
259
292
318
340
339
341
332
308
291
266
244
216
189
159
124
93
59
22
-23
-63
-99
-133
-169
-199
-230
-251
-269
-286
-293
-302
-307
-310
-311
-310
-309
-306
-302
-300
-289
-275
-264
-248
-231
-213
-195
-172
-155
-139
-120
-101
-81
-56
-26
0
27
67
101
128
146
152
152
143
121
97
66
40
18
-2
-18
-31
-33
-43
-53
-61
-72
-76
-76
-76
-64
-44
-13
26
61
103
151
191
230
265
291
313
327
336
345
353
346
341
330
307
287
255
224
193
154
120
81
41
1
-35
-63
-84
-108
-118
-126
-140
-150
-159
-170
-176
-180
-185
-183
-183
-182
-174
-170
-157
-146
-138
-134
-129
-126
-132
-135
-138
-134
-133
-127
-115
-102
-82
-64
-49
-40
-33
-34
-44
-53
-57
-74
-86
-93
-100
-107
-111
-115
-122
-126
-133
-144
-146
-147
-144
-136
-114
-88
-62
-27
12
59
99
139
176
210
238
263
296
317
338
361
375
383
388
390
381
367
336
308
272
233
194
159
126
89
67
49
29
13
-3
-22
-34
-55
-69
-85
-94
-98
-104
-107
-108
-108
-105
-106
-112
-121
-130
-140
-149
-157
-168
-174
-180
-175
-169
-164
-161
-157
-146
-140
-135
-135
-139
-139
-139
-141
-135
-133
-141
-136
-127
-128
-126
-130
-137
-141
-148
-146
-151
-148
-136
-125
-111
-94
-67
-35
-7
21
49
77
110
138
169
200
223
248
275
295
309
325
331
328
321
308
303
288
269
251
233
211
189
164
144
121
103
86
66
46
29
13
-5
-18
-24
-27
-35
-37
-44
-58
-68
-75
-86
-97
-106
-114
-120
-132
-132
-132
-127
-126
-126
-115
-116
-117
-119
-121
-121
-121
-118
-116
-111
-107
-96
-92
-92
-90
-90
-92
-95
-94
-102
-108
-106
-104
-99
-92
-81
-74
-68
-54
-37
-23
-5
14
27
47
69
87
105
124
146
162
175
188
197
207
212
215
214
214
206
203
198
189
180
166
156
141
125
108
90
77
58
37
21
1
-14
-29
-44
-49
-59
-67
-78
-85
-93
-100
-114
-116
-121
-129
-121
-120
-117
-118
-114
-113
-111
-107
-110
-109
-111
-107
-105
-105
-100
-103
-99
-94
-95
-99
-94
-100
-101
-101
-100
-97
-98
-87
-83
-76
-66
-53
-47
-37
-23
-15
-3
10
24
43
61
78
97
115
130
142
159
172
185
192
197
202
206
207
209
201
194
188
180
173
161
148
134
119
97
86
70
48
29
5
-9
-28
-46
-55
-65
-81
-92
-102
-115
-127
-133
-137
-136
-134
-135
-132
-130
-124
-121
-118
-116
-106
-99
-98
-93
-83
-82
-79
-74
-80
-72
-72
-68
-67
-67
-67
-67
-62
-64
-60
-61
-62
-59
-58
-55
-50
-45
-35
-26
-20
-12
-5
8
29
43
56
68
88
100
108
124
138
152
163
173
176
179
187
183
183
183
172
170
164
151
143
131
121
109
92
78
58
37
15
-4
-24
-48
-70
-84
-93
-103
-106
-112
-116
-118
-119
-123
-125
-122
-122
-118
-109
-103
-93
-83
-69
-59
-45
-27
-21
-16
-12
-10
-8
-11
-9
-5
-4
-11
-12
-20
-26
-22
-25
-28
-34
-38
-42
-45
-45
-43
-40
-36
-35
-30
-22
-11
-4
-1
9
23
34
49
63
78
89
102
115
120
125
129
134
136
135
134
133
136
134
122
111
96
79
64
42
29
13
-4
-17
-33
-45
-60
-67
-73
-85
-90
-98
-99
-98
-100
-97
-89
-80
-75
-64
-55
-45
-35
-21
-9
0
14
20
26
30
36
38
42
43
42
39
33
39
29
18
11
7
-2
-10
-14
-23
-25
-35
-39
-42
-44
-41
-42
-37
-41
-38
-31
-26
-16
-7
1
9
18
22
32
35
39
46
51
55
59
52
57
59
61
59
51
46
34
28
21
10
-3
-11
-20
-31
-39
-46
-49
-56
-61
-66
-73
-69
-73
-74
-68
-70
-67
-60
-52
-47
-43
-34
-26
-18
-8
-1
7
13
18
26
31
35
33
34
35
30
33
30
26
24
20
17
11
-1
-2
-3
-17
-21
-18
-22
-26
-23
-27
-29
-30
-33
-36
-33
-29
-28
-25
-14
-8
-2
1
2
8
13
16
17
16
18
17
13
14
14
10
9
6
6
3
-5
-6
-9
-13
-19
-23
-23
-25
-20
-21
-22
-20
-20
-20
-18
-14
-8
-7
-7
-4
0
4
6
11
17
25
32
36
42
44
43
50
56
54
53
54
56
54
53
55
54
47
44
46
44
38
41
36
30
26
18
19
21
17
17
14
3
4
4
0
-3
-5
-3
-5
-7
-6
-7
-7
2
2
0
3
5
3
4
5
1
1
-6
-9
-12
-12
-11
-7
-11
-8
-4
-7
-7
-14
-13
-15
-16
-14
-11
-12
-12
-13
-12
-14
-16
-15
-18
-17
-17
-14
-9
-13
-13
-11
-11
-12
-17
-18
-19
-14
-13
-13
-15
-17
-17
-18
-21
-21
-27
-30
-28
-30
-27
-30
-28
-30
-36
-30
-30
-34
-37
-35
-35
-35
-36
-38
-32
-28
-29
-23
-18
-15
-14
-15
-13
-14
-13
-14
-8
-6
-9
-12
-14
-8
-7
-2
2
6
8
1
6
4
1
-3
-8
-9
-10
-7
-6
-3
-5
-2
9
9
9
11
9
11
11
10
8
9
17
