0
1
-2
1
2
1
6
8
16
13
10
12
10
10
6
8
7
6
9
5
4
8
4
-2
-6
-11
-14
-10
-6
-11
-9
-15
-16
-13
-9
-4
-9
-5
-6
-1
-5
-7
-1
0
0
-1
2
-1
4
7
2
0
1
1
1
6
1
1
-1
0
1
4
5
1
9
12
13
14
16
15
10
11
14
14
19
21
14
8
4
3
3
-1
-1
-4
-7
-4
0
1
6
5
4
11
12
9
10
14
14
13
12
19
10
-4
1
3
2
-8
-12
-11
-10
-10
-11
-8
-11
-9
-4
-10
-14
-12
-8
-13
-14
-14
-14
-8
-9
-7
-4
0
6
1
4
7
2
-3
-9
-14
-6
-2
3
0
-2
-1
-4
-3
-2
-4
-5
-5
-6
-8
-8
-9
-12
-12
-15
-21
-21
-27
-25
-15
-16
-13
-11
-13
-11
-6
-1
3
0
5
-1
2
5
9
11
7
14
15
11
13
14
8
6
8
7
6
13
8
13
6
-4
3
1
2
2
2
1
-1
2
-2
-6
-8
-12
-9
-2
-4
-4
-7
-8
-6
-3
-6
-8
-6
-6
-9
-8
-5
-8
-12
-11
-9
-10
-3
-3
-7
-3
1
-1
5
1
7
8
0
6
8
9
8
10
12
17
12
2
3
4
6
7
7
5
3
-1
-7
-4
0
2
-1
-4
-4
-5
-4
-6
-3
0
-1
-3
1
4
6
5
2
2
3
0
-2
-2
0
3
4
2
2
2
6
8
6
3
0
3
6
10
13
10
9
13
9
7
13
3
4
8
8
10
-1
0
0
-8
-4
-6
-10
-10
-8
-3
0
0
-1
-3
-5
-1
0
3
12
12
18
17
19
13
13
12
8
12
13
16
14
19
14
2
2
5
7
11
11
6
13
15
14
13
9
3
5
4
2
3
6
10
10
15
21
20
21
31
24
14
8
10
7
5
4
8
11
11
17
21
10
18
15
3
7
4
6
5
-1
-16
-7
-12
-10
-9
-25
-21
-18
-11
-20
-6
-21
-14
-1
-12
5
-11
-5
1
3
-13
-17
7
-13
-19
-2
-13
-14
-13
-22
0
-23
-15
-6
-14
-4
-10
-5
-6
21
-3
-17
14
4
23
8
-5
1
-5
24
30
2
-11
-25
11
37
6
-31
-13
15
17
13
-15
-12
-12
24
23
-8
-30
-21
11
15
20
-40
-7
-4
1
10
-19
-3
-35
-6
4
33
-22
-4
-12
-16
16
16
4
-33
-3
-6
44
-11
-27
-1
28
-8
41
6
-26
8
-15
46
24
-29
-18
27
-12
11
25
2
-10
-4
9
46
-23
-17
5
-22
0
40
-37
-44
29
-32
31
22
-56
7
15
13
19
-25
-8
15
25
-57
45
36
-80
47
22
3
0
-4
2
3
19
-66
56
35
-43
-52
42
6
-35
29
-79
54
-6
-26
9
5
-47
-50
73
-62
-11
-20
-77
50
22
-85
-20
-16
6
-5
-32
-53
36
-11
-69
28
-58
6
21
-30
-27
19
-52
52
57
-75
-70
103
-5
-23
72
-101
-4
71
34
-73
28
-14
-67
132
-49
-32
18
-71
-16
88
-46
-53
22
-79
74
74
-79
-28
14
-15
63
33
-60
-86
65
50
63
-45
-43
30
-23
128
-101
2
-13
-12
26
66
-39
-55
48
2
45
-14
-20
-52
103
-44
-20
50
-46
-1
53
-45
-13
65
-162
63
104
-165
-7
66
-32
-23
25
-126
130
6
-95
141
-134
-5
149
-18
-117
69
-21
3
96
-82
-14
38
3
-6
51
-37
-75
87
46
-63
63
-26
-69
77
37
-60
6
37
-75
33
16
16
-3
-6
-100
131
-1
-88
76
-30
35
-24
75
-76
102
-2
-66
86
35
-25
29
-58
29
115
-123
24
-2
-28
17
35
-66
2
46
-99
86
15
-53
2
-51
106
9
-170
25
58
-48
39
-6
-64
87
-86
7
144
-62
2
18
-47
-3
130
-103
4
95
-169
154
0
-127
91
21
-82
112
-12
-106
44
18
-3
9
27
-70
56
13
-65
78
86
-57
14
61
-53
30
40
32
35
47
31
-121
72
-25
99
109
-100
-117
-36
185
-90
19
-41
-1
22
-50
82
-136
66
-48
128
-63
-5
-86
-38
116
-63
153
-201
3
14
40
-88
-23
104
-137
67
-112
1
-15
23
-12
16
32
-117
-59
17
140
47
-99
-157
82
124
-88
28
-14
-154
122
77
-16
-84
21
2
-38
173
-148
-18
60
-11
-72
102
13
-138
152
-138
61
140
-145
6
70
-146
143
69
-166
75
-20
-43
85
-49
23
157
-280
0
173
-93
57
13
-85
-31
121
-55
87
-90
-66
173
-29
-102
47
-123
84
184
-76
-114
20
-11
18
123
-180
146
-83
-69
14
-4
96
-134
41
-2
-36
-62
41
-60
24
156
-145
-151
204
-147
4
165
-289
84
-56
55
-84
0
-43
-106
304
-260
-4
46
-132
143
-104
-2
-13
-33
-86
40
37
-164
101
-53
-81
43
-82
27
-30
-120
79
-67
-154
99
62
-150
-11
-79
-20
230
-223
31
-21
-251
184
82
-68
-19
36
-162
183
64
-151
264
-112
-131
313
-202
-4
36
57
63
-14
52
-157
132
31
108
-88
17
9
79
-161
35
151
-122
214
-173
163
-169
115
10
116
91
-282
373
-340
113
169
-32
84
32
-16
-28
268
-109
55
302
-141
-78
141
6
112
183
-89
21
235
-93
108
139
-14
11
116
46
22
62
-172
236
10
30
148
-38
-106
198
41
-82
340
-281
90
37
-99
149
103
-172
147
4
-57
54
8
128
-128
53
-173
140
1
-136
77
-128
76
-9
-2
-15
-176
208
-140
-45
10
-76
85
-204
-54
118
-119
-19
62
-201
18
41
-123
25
-67
-151
-17
-22
-128
25
-27
-117
13
-17
-162
175
-151
-156
112
-121
-114
38
-98
-81
98
-249
-77
317
-228
-116
-22
-126
191
-167
-125
-79
21
-31
-14
-11
-200
163
-111
-85
233
-350
113
-63
-265
383
-270
22
-35
-84
185
-141
96
-179
215
-195
-88
269
-255
40
18
-41
101
147
-214
162
-108
178
69
-40
31
-130
118
-87
162
-7
-110
78
-8
55
22
130
-85
74
-36
47
256
-277
23
95
105
69
24
1
-38
211
-47
241
-98
-86
239
-117
126
-72
164
-105
218
101
-302
338
-39
48
100
-146
105
-24
63
31
-31
6
104
85
-65
115
-60
-24
215
62
-113
-6
-46
128
160
-166
93
-42
27
130
-69
68
-149
138
-58
40
-22
-32
76
-240
251
11
76
-136
-56
164
-35
152
-153
63
-217
187
115
-151
-82
69
-22
140
-41
-309
228
-104
148
-175
68
-345
287
49
-316
345
-388
20
186
42
-280
217
-191
-225
477
-325
-15
114
-359
160
196
-297
145
14
-321
245
-65
-1
43
-316
159
69
-218
236
-91
-130
-11
184
-147
62
-49
-140
205
-174
46
-44
1
8
-69
-19
-56
93
-101
88
-71
-63
67
-107
185
-289
170
51
-142
-17
31
115
-206
146
-60
-156
189
-81
-25
175
-350
278
-42
-12
51
-69
162
-176
101
-27
167
-264
137
32
-193
245
-42
-131
50
77
-163
166
-91
110
-102
78
-179
150
110
-231
202
-215
155
-109
98
80
-149
-91
222
-1
-39
-121
77
139
-161
125
-177
192
-40
44
-34
-125
184
-19
-53
74
-196
155
29
-231
233
-28
-140
-41
264
-404
349
-120
-226
177
-261
380
-430
342
-312
45
190
-175
258
-480
491
-366
379
-186
-255
510
-364
262
-269
220
-200
189
10
-218
331
-510
378
195
-387
267
-175
63
180
-122
32
-198
360
-364
322
-133
-106
474
-618
344
115
-66
-99
26
109
-184
325
-256
2
116
-129
205
-242
45
4
4
103
-165
114
-125
143
-96
125
-249
115
152
-382
460
-368
16
156
-123
165
-140
-15
-63
225
-98
72
20
-235
338
-124
-44
40
-257
192
-5
-109
-75
219
-225
20
301
-310
418
-352
93
167
-140
281
-200
-61
248
-222
112
231
-434
11
193
-153
162
-82
-385
231
109
-188
182
41
-544
506
5
-86
330
-393
364
-180
373
-90
-25
-17
-157
312
-131
93
-163
-31
-169
296
74
-191
70
-229
81
380
-234
-93
193
-178
102
20
16
-338
313
-276
-99
622
-752
383
67
-303
138
367
-317
-158
470
-548
303
39
-78
-224
283
-249
-51
442
-862
646
-140
-317
514
-417
71
73
-12
-40
6
-81
78
153
-158
-75
72
250
30
-137
170
-200
40
311
-353
123
84
-421
298
-36
-311
80
180
-822
758
-35
-630
731
-564
274
143
125
-159
93
-29
-258
554
-166
-233
82
154
-228
189
-296
254
-306
52
76
-273
206
-192
178
-270
400
-351
339
-120
-297
504
-233
61
52
116
-311
372
-134
-198
169
-136
100
4
92
-489
508
-68
-19
-15
134
-173
-138
497
-619
363
-208
-34
218
-270
3
-87
263
-347
136
174
-252
272
77
-265
170
247
-107
12
-16
-75
103
-93
103
-111
-78
85
-71
-57
129
-367
244
80
-312
161
172
-487
418
104
-570
604
-102
-195
277
-37
-220
584
-62
-445
661
-392
18
350
-494
124
-10
27
-292
449
-606
126
332
-347
61
163
-182
-3
316
-424
561
-405
145
141
-149
-96
161
-36
-166
244
-370
204
27
-122
36
-58
-122
337
-272
-18
277
-413
276
159
-325
223
70
-330
322
-128
-156
370
-311
25
212
-364
423
-180
-41
74
-145
325
-344
351
-261
38
78
-50
33
-91
-173
256
-342
195
-2
-304
559
-637
496
-209
148
78
31
-28
-18
456
-365
138
6
23
-23
73
-391
303
-77
-281
313
-243
59
72
-241
347
-126
27
104
-208
473
-293
238
-208
86
149
-150
122
-218
86
-174
221
-250
40
61
-293
404
-289
227
-397
437
20
-330
498
-391
316
53
-239
234
-33
-49
-95
83
-53
-196
208
-306
93
55
-255
349
-354
315
-228
255
91
-185
219
-45
219
-133
128
-131
160
55
-278
130
-36
-64
-3
-283
437
-519
204
187
-558
615
-287
0
159
-12
-95
382
-253
-12
407
-347
150
42
35
-251
269
-356
127
173
-409
120
109
-174
46
201
-148
-81
284
-56
-12
290
-352
240
104
-161
100
42
-162
15
270
-496
421
-229
-87
242
-354
298
-152
88
-271
332
-108
-165
304
-362
268
171
-423
268
270
-588
619
-317
67
128
-242
226
-196
126
-192
171
-241
86
11
4
49
-212
238
9
81
-43
183
-204
139
297
-332
104
137
-335
189
-20
-343
313
-489
239
-327
157
-233
22
-74
-41
228
-437
242
-87
254
-324
393
-422
313
179
-332
405
-286
303
-353
441
-221
-22
166
-583
666
-424
146
-126
-85
4
-23
315
-437
225
-102
182
-50
6
201
-285
216
-120
126
-229
193
-212
-192
222
-221
34
-85
48
-189
314
-120
40
123
122
90
66
176
-85
489
-190
-74
243
-41
33
-181
-41
43
-271
-1
-165
-171
92
-329
-33
125
-297
158
15
-146
214
80
-168
205
222
-310
171
339
-573
316
302
-812
704
-316
-333
605
-549
353
-65
-172
317
173
-72
-24
206
168
-111
124
-51
107
-256
28
83
-284
66
-286
-129
58
56
-464
308
-298
-66
458
-474
219
-113
106
193
-3
3
-64
372
-146
166
238
-261
172
237
-319
326
-148
-173
228
-275
162
-185
-32
-66
-46
32
-229
421
-416
57
333
-387
470
-319
176
-123
191
-110
-111
146
-328
359
-452
248
-154
44
20
-119
222
-11
31
-4
186
-103
418
-304
68
238
-176
253
-111
-87
85
17
5
36
-66
-97
212
-195
66
164
-458
356
-218
-73
188
-76
-253
169
36
-82
42
46
-139
32
150
-100
157
-119
-80
199
53
-122
92
-84
-17
244
-62
-54
-2
54
167
-79
-80
244
-62
-151
536
-332
180
-41
81
100
-221
300
-354
238
-232
89
-47
-163
21
-325
276
-454
163
131
-389
160
19
151
24
-204
166
123
-39
190
-131
66
110
-91
164
-201
-24
196
-210
249
-283
259
149
-227
352
-272
331
-206
300
-50
-198
380
-421
206
-166
-77
-140
-65
-242
6
54
-357
215
-300
88
5
6
-1
55
32
-112
409
-240
169
77
11
-82
379
-68
-76
296
-272
204
119
-204
206
-116
-129
350
-406
126
-56
-112
-71
-44
-74
-133
223
-437
105
-100
-69
26
-165
137
-127
147
-154
275
-102
-80
282
-238
303
-105
232
-7
17
129
-243
421
-240
-6
59
-151
200
118
-215
110
-121
158
-140
190
-382
290
34
-229
313
-308
199
-270
223
-353
67
13
-102
110
-214
110
-206
129
-4
-150
145
-139
147
160
-83
24
-32
350
-426
362
84
-320
446
-194
10
329
-273
65
139
-144
131
-27
-5
-47
187
-443
343
-283
-7
107
-430
7
213
-287
-121
162
-484
603
-504
276
52
-177
386
-278
452
-221
197
-61
134
206
-288
310
-244
237
-327
211
-104
-24
125
-388
269
-147
56
-121
-28
9
123
-184
-54
379
-270
-62
15
36
79
-200
-42
186
-189
74
158
-239
-1
67
-71
70
106
-205
281
-342
516
-277
52
147
-336
522
-350
398
-223
154
-28
247
-97
-92
256
-161
159
-133
168
-64
118
-415
231
14
-271
13
-306
450
-400
21
-152
-96
96
-86
-26
-72
-189
305
-40
-24
43
-133
241
-200
333
-212
190
-286
412
-100
-46
369
-607
595
-397
353
-180
-81
186
-268
448
-743
482
-182
-65
13
-324
238
-300
217
-299
114
-180
89
147
-232
359
-411
499
-261
156
191
-280
398
-218
173
-85
-96
191
-91
-47
-156
91
-6
-158
69
-163
25
-83
139
-149
143
92
-393
542
-270
161
97
22
-190
184
134
-287
384
-478
305
26
-329
221
-289
76
-2
-49
-102
39
-130
-18
179
-293
119
-74
197
-100
224
-303
246
4
-111
463
-304
134
11
-61
36
229
-220
100
-92
143
-229
148
-14
-344
491
-625
486
-121
-227
180
-281
201
-37
163
-354
227
-105
49
70
-245
248
-39
28
-99
228
-296
114
279
-397
391
-136
-48
112
55
-90
59
202
-294
169
-135
89
65
-287
88
-44
58
-87
93
-179
-82
168
-62
92
-67
74
-109
176
-43
310
-379
200
21
1
246
-321
147
-193
265
-211
-108
200
-321
41
27
-62
18
-88
-100
164
19
-109
319
-460
399
151
-280
384
-177
273
-149
319
-235
-13
367
-403
75
146
-14
-228
-26
62
-272
342
-316
-66
195
-437
420
-375
377
-242
207
38
22
250
-185
366
-327
366
23
-144
-65
178
-102
-91
160
-232
118
-91
63
61
-183
115
76
25
-128
244
-328
209
41
-27
-52
42
-338
240
54
-265
155
-255
301
-191
194
-385
258
141
-49
3
101
40
-154
521
-161
123
36
-7
49
197
-129
-348
334
-444
181
-169
-355
31
-54
-103
-2
-50
-145
278
-207
-41
353
107
-18
107
18
185
170
43
125
-33
121
-43
-71
125
-286
26
123
-240
256
-180
-390
207
-33
-212
194
-200
-136
151
22
-86
-45
24
-49
278
-38
90
63
-253
173
316
19
15
41
38
125
217
-190
-272
-22
-25
118
60
-314
-306
306
-383
284
165
-431
381
-73
88
86
-243
-36
130
92
35
43
-213
-155
228
-297
-20
183
-334
127
90
-297
117
-57
-93
261
2
32
-72
194
-17
145
19
178
-47
-44
423
-253
-197
135
-390
66
-209
-81
-260
-3
-92
-205
372
-349
280
-38
152
250
112
-29
93
243
-69
319
-133
40
-98
73
-156
-117
79
-390
114
-163
-50
160
-364
22
293
-67
107
31
-88
-11
216
28
-112
292
-396
-22
158
-179
68
-367
117
-28
-319
217
-137
-136
107
113
268
156
-86
121
92
155
103
-122
316
-101
203
-348
134
190
-450
356
-288
-1
-146
33
-320
128
-64
-156
186
58
109
-37
110
-174
451
-192
149
157
-198
547
28
-203
37
135
32
81
-175
-68
132
-68
-237
-96
25
13
46
-149
-75
-331
-41
-46
-144
-31
-114
50
-18
9
21
45
-16
236
312
-49
45
240
-234
91
226
-258
-188
-22
-46
-176
-272
-49
-76
-264
-68
-146
93
-100
-37
-79
217
31
16
129
-81
85
243
-287
283
141
-433
474
-25
79
0
71
-502
49
243
-444
89
-15
99
180
280
-526
362
425
-97
120
-222
-143
292
71
-266
198
-162
279
240
-349
-195
154
-9
-13
-140
-265
164
-239
254
-31
227
232
-39
450
-95
333
84
-76
236
91
43
-99
-1
-20
-206
-118
-190
-75
-570
-228
305
-465
-47
-72
43
-86
270
-140
-282
133
-161
314
-448
-57
130
-103
107
255
-48
-1
488
34
244
116
134
-53
-100
-175
-263
-327
-283
33
-258
130
-328
82
209
-62
-175
99
116
-156
88
-252
54
191
-35
193
120
-248
146
192
12
340
-42
130
426
-6
-4
-129
-66
71
102
-208
-99
440
120
174
94
-171
313
247
-105
-141
-320
13
30
99
-200
-252
-91
-44
157
-489
-110
-21
-16
308
168
-131
81
131
139
251
-1
79
36
90
48
52
190
112
-126
-107
300
110
-160
-161
-136
-113
-42
-320
-312
-263
-384
-18
-118
-192
-43
-43
125
269
88
-29
133
53
182
91
95
156
66
31
163
46
41
169
-156
143
94
-92
4
6
-80
87
105
-3
33
-131
-213
7
-101
-110
-48
-205
-2
-5
13
93
41
282
246
256
149
-115
-88
-65
141
95
55
-157
-67
-34
78
52
-3
51
-38
172
20
119
-86
-205
-124
-5
-36
-249
-245
-142
-120
-22
-13
27
-32
-39
112
91
-1
-196
-113
45
59
136
121
61
69
254
293
190
188
2
118
178
11
-160
-304
-323
-333
-260
-285
-198
-235
-128
72
-87
-124
39
23
-81
-110
-248
-248
-112
-44
44
-144
-144
-19
-95
3
17
-51
2
-6
10
-20
-10
73
116
132
185
158
26
160
214
151
247
274
77
205
251
200
329
161
240
211
177
267
119
110
111
118
62
130
166
244
314
350
346
288
342
358
396
283
239
49
-53
-81
-207
-184
-207
-280
-376
-233
-315
-415
-427
-570
-505
-595
-681
-471
-544
-662
-567
-627
-657
-660
-607
-465
-444
-494
-547
-556
-586
-390
-323
-494
-464
-444
-293
-215
-167
-51
-58
0
115
204
306
375
527
497
645
661
542
726
786
864
914
991
984
1056
1036
1136
1153
1200
1433
1561
1783
1887
1857
1873
2063
2360
2281
2196
2037
1957
1815
1656
1223
538
187
-207
-819
-1407
-2089
-2959
-3383
-3801
-4263
-4648
-5098
-4999
-4897
-4494
-4194
-3880
-3369
-2730
-1983
-1454
-986
-685
-193
158
381
358
315
359
276
204
85
-220
-407
-426
-402
-356
-366
-300
-65
502
1009
1399
1680
2032
2640
3109
3705
4025
4224
4464
4927
5327
5515
5453
5180
5329
5422
5603
5542
5516
5490
5594
5222
3132
790
-887
-2009
-3362
-5254
-7332
-9340
-9771
-9296
-9043
-8948
-8941
-7566
-5626
-3684
-2391
-1864
-771
675
2235
3311
3117
2904
2935
2946
2303
936
-687
-1980
-2555
-3168
-4395
-5781
-6506
-6486
-5806
-5274
-4846
-4547
-3529
-1932
-810
80
745
1482
2716
4016
4761
4829
5076
5555
5828
5771
5285
4656
4170
4201
4046
3420
2870
2697
3054
3514
3964
4175
4238
4755
5707
6573
7244
7032
5214
3128
1742
634
-1171
-3444
-5709
-7761
-8656
-8668
-8687
-9132
-9118
-8077
-6329
-4518
-3381
-2431
-1151
418
2037
3061
3393
3490
3549
3786
3432
2505
831
-890
-1785
-2937
-4196
-5591
-6958
-7647
-7916
-7711
-7048
-6379
-5448
-4134
-2575
-1218
-119
1046
2275
3482
4292
4684
4617
4373
4018
3726
3523
2998
2509
2216
2064
1891
1572
1473
1773
2346
3078
3813
4380
5110
6003
6883
7822
8657
9081
9432
10274
9998
7071
3750
1713
-224
-2582
-5105
-8163
-10938
-12013
-11626
-11328
-11759
-11760
-10181
-7566
-4919
-3106
-1777
-179
1959
4256
5558
5617
5476
5356
5305
4981
3757
1613
-322
-1581
-2919
-5545
-8431
-10058
-11000
-10576
-9961
-9468
-8900
-7731
-5226
-2636
-509
1023
2528
4355
5753
6161
5609
4883
4403
4188
4134
3530
2668
1933
1351
1494
1477
1222
1495
2088
2957
3506
4055
4734
5378
6607
7752
8642
9134
9562
10230
10574
10770
8326
3993
1185
-324
-2451
-5690
-9051
-12403
-14240
-13794
-12857
-12782
-13042
-11766
-8542
-5042
-2480
-875
830
3090
5654
7787
7993
7267
6999
6702
6180
4797
2227
-726
-2488
-3435
-5184
-7340
-9459
-10855
-11209
-10694
-10076
-9459
-8320
-6185
-3550
-1180
845
2323
3933
5939
7051
6888
6254
5427
4508
3637
2779
1665
496
-107
-140
-261
-191
63
732
1957
3181
3878
4317
5368
6638
7843
8950
9653
9925
9805
10082
10377
10297
8724
4172
218
-1982
-3879
-6809
-10107
-13296
-15833
-15735
-14127
-12777
-12444
-11403
-8235
-3983
-551
1409
3207
5265
7254
9433
10117
8913
7677
6902
6065
4460
1958
-1376
-3902
-5074
-6118
-8027
-9704
-10330
-10391
-10187
-9392
-8236
-7209
-5380
-3215
-1368
21
1459
3278
4986
6056
6038
5388
4576
3729
2658
1375
243
-728
-1174
-1194
-1222
-1185
-903
-30
1345
2756
4009
4853
5736
6895
7965
8671
9087
9444
9619
9534
9484
9085
8652
8009
4499
54
-2669
-4345
-6997
-9776
-11995
-14464
-15122
-13259
-11089
-10244
-9420
-6703
-2781
669
3157
4875
6191
7232
8784
9640
8235
6612
5584
4349
2892
995
-1982
-4914
-6235
-7002
-8324
-9418
-9917
-9730
-8864
-7626
-6820
-6393
-5254
-3322
-1310
64
901
1599
2482
3688
4192
3441
2373
1769
1097
375
-143
-942
-1581
-1266
-381
-12
239
1166
2578
3872
5293
6334
6790
7394
8260
8917
8939
9101
8825
8196
7877
7746
7335
7181
6314
2092
-2116
-4101
-5500
-7744
-9707
-11551
-13705
-13214
-10912
-9117
-8267
-7291
-4337
-455
2726
4741
5813
6286
7000
8515
8803
7243
5831
4617
3277
1807
-211
-3267
-5859
-6807
-7474
-8378
-9285
-9823
-9521
-8424
-7001
-6499
-6307
-5192
-3258
-1332
-431
-128
-37
588
2055
3034
2776
1918
1399
1309
1125
775
66
-498
-152
694
1376
1322
1602
2570
3750
5167
6149
6376
6495
7202
8035
8091
7752
7416
7029
6954
7449
7914
7713
7307
4030
-332
-2501
-3427
-5302
-7727
-9579
-12114
-12867
-11131
-9324
-8595
-7917
-5614
-1902
1230
3020
3945
4712
5343
6888
8060
7217
5762
4672
3616
2309
550
-2076
-4854
-6121
-6559
-7480
-8596
-9541
-9794
-9140
-7745
-6237
-5748
-5567
-4488
-2683
-1332
-769
-384
-126
952
2320
2984
2789
2236
2033
2188
2390
2204
1424
980
1186
1732
1771
1290
1544
2216
3222
4240
4994
5276
5610
6202
6784
7009
6926
6730
6945
7549
8091
8378
8488
7870
3923
-47
-1503
-2532
-5074
-7774
-10024
-12490
-12673
-10889
-9212
-8729
-8181
-5617
-1761
1095
2551
3819
4629
5491
7434
8278
6834
5447
4463
3185
1752
15
-3039
-5934
-6884
-7405
-8397
-9492
-10268
-10251
-9290
-7697
-6424
-5338
-4618
-3314
-1494
-168
689
976
1722
2968
3900
4055
3724
3211
2456
2021
1803
1034
73
-524
-456
-306
-507
-554
-2
1088
2404
3777
4986
5748
6538
7327
7991
8398
8609
8487
8616
9042
9187
8725
8904
7884
3213
-823
-2318
-3592
-6680
-9262
-11693
-13925
-13663
-11398
-9488
-9198
-8548
-5343
-1195
1886
3733
5132
5667
6598
8727
8952
7149
5736
4353
2854
1505
-436
-3892
-6824
-7811
-8248
-8737
-9607
-10479
-10384
-9359
-7427
-5608
-4456
-3742
-2301
-264
1257
1990
2051
2494
3583
4481
4708
4045
2448
1239
953
588
-430
-1432
-2233
-2419
-1782
-1362
-1372
-927
350
2314
4346
5772
6460
6895
7661
8737
9405
9625
8985
8594
8641
9003
8834
8706
7981
3484
-842
-2470
-3510
-6287
-8914
-11069
-13549
-13618
-11463
-9543
-8993
-8623
-5890
-1637
1562
3274
4584
5087
5462
7577
8720
6981
5331
4210
2646
1297
-121
-3072
-6134
-7359
-7584
-7853
-8702
-9564
-9575
-8564
-6906
-4785
-3213
-2412
-1142
323
1328
1599
1813
2091
2635
2921
2743
2006
801
-20
-225
-636
-1221
-1406
-1816
-1899
-1344
-736
-441
419
1849
3367
4952
5991
6685
7407
8093
8735
9224
9139
8646
8089
7957
7836
7840
7688
8199
6488
1541
-2053
-3390
-4546
-7309
-9167
-11626
-13510
-12905
-10640
-8800
-8673
-8335
-5370
-1264
1514
3082
4404
4401
4685
6885
7598
6072
4616
3437
2263
1162
-92
-2664
-5124
-6201
-6286
-6290
-7226
-7969
-7981
-7522
-6097
-4129
-2993
-2692
-1980
-895
-298
109
516
859
1261
1567
1743
1197
53
-471
-638
-668
-448
-275
-649
-837
-136
652
1339
2286
3330
4465
5458
6403
7079
7348
7401
7870
8429
8246
7597
7175
7135
7289
7867
8693
8784
5042
315
-1978
-2837
-4782
-7252
-9424
-12271
-13337
-12163
-10151
-9437
-9692
-8600
-4767
-1046
921
2591
3545
3115
4076
6621
6984
5790
4965
4282
3244
2527
1288
-1174
-3526
-4547
-4368
-4634
-5840
-6888
-7655
-7915
-6491
-4611
-4280
-4482
-3806
-3191
-2711
-1850
-1084
-568
103
1184
1829
1589
872
698
933
1129
1565
1614
1039
895
1300
1499
1595
2123
2729
3499
4265
4802
5249
5502
5570
6242
6913
6965
6887
7067
7292
7757
8732
9379
9707
6690
1773
-1032
-1610
-3303
-6223
-8592
-11803
-13984
-13516
-11499
-10701
-11223
-10680
-7235
-3428
-1155
696
2028
1757
2968
6529
8080
7600
7147
6686
5701
5228
4428
2052
-702
-2674
-3229
-3478
-5121
-7116
-8560
-9584
-9257
-7488
-6540
-6850
-6399
-5434
-4234
-2820
-1541
-440
562
1659
2893
3988
3793
3068
3114
3134
2805
2840
2579
1782
1229
1210
1220
1146
1131
1290
1745
2389
3311
4156
4636
5337
6283
6689
7038
7390
7875
8360
9438
10139
10586
9331
4955
1014
-638
-1813
-4394
-6694
-9777
-13017
-14152
-12990
-11646
-11383
-11627
-10013
-6630
-3697
-1470
620
1224
1375
4091
7115
8284
8477
7892
6794
6077
5886
4759
2746
173
-2016
-2811
-3809
-5730
-7501
-9161
-10509
-10206
-8902
-8527
-8637
-8216
-7291
-5581
-3594
-1707
-98
947
2071
3901
5278
5198
4711
4367
3855
3835
4181
3792
2690
1510
886
895
920
804
821
1010
1290
2301
3624
4261
4571
4925
5222
5856
6815
7440
7809
8220
8609
9112
9272
6716
3119
750
-538
-2271
-4345
-6737
-9783
-11719
-11809
-10406
-9300
-9497
-9846
-8341
-6256
-4340
-2143
-342
129
1136
3681
5695
6392
6236
5880
5530
5409
5391
4933
3214
603
-1179
-2211
-3623
-4924
-5819
-7179
-8159
-7940
-7434
-7382
-7417
-7089
-6474
-5317
-3743
-1951
-567
344
1523
2772
3590
4147
4629
4759
4739
4700
4315
3637
2724
1648
1076
928
709
657
881
930
976
1573
2255
2647
3056
3257
3445
3770
4127
4362
4386
4320
4373
4866
5515
5846
5057
3178
1306
241
-794
-1958
-2946
-3929
-4944
-5329
-4874
-4747
-5448
-6306
-6378
-5768
-4697
-3230
-1985
-1754
-1875
-1366
-273
772
1515
1885
1820
1800
2025
2236
1820
748
-364
-1043
-1389
-1485
-1421
-1757
-2520
-2892
-2803
-2806
-3112
-3497
-3948
-4115
-3618
-2614
-1766
-1498
-1375
-748
211
1066
1775
2125
1968
1641
1601
1699
1779
1630
1398
1355
1468
1753
2349
2885
3075
3265
3521
3608
3639
3592
3191
2644
2296
2088
2012
2018
2041
2017
1952
2064
2522
2706
2228
1664
1264
875
552
305
-335
-1179
-1774
-1931
-1755
-1692
-2139
-2792
-3275
-3602
-3574
-3183
-2952
-3117
-3308
-3172
-2701
-2194
-1891
-1686
-1635
-1666
-1320
-600
-177
-167
-130
-88
48
506
1003
988
486
-42
-320
-431
-579
-909
-1511
-2129
-2325
-2032
-1679
-1553
-1596
-1718
-1657
-1302
-804
-430
-229
-264
-198
223
814
1269
1693
2157
2578
3063
3549
3748
3478
3106
2960
2973
2794
2507
2151
1548
815
468
460
365
412
921
1529
1827
2071
2331
2314
2107
2181
2502
2692
2592
2242
1635
870
124
-358
-566
-782
-1294
-1963
-2640
-3315
-3857
-4163
-4356
-4500
-4486
-4330
-4030
-3662
-3327
-3012
-2621
-2010
-1193
-373
215
666
963
1069
1152
1373
1485
1337
1046
716
422
68
-412
-1054
-1719
-2297
-2507
-2320
-1985
-1825
-1856
-1857
-1591
-1161
-776
-373
-31
217
589
1244
1813
2046
2057
1973
1876
1968
2272
2392
2150
1680
1183
785
652
696
726
766
739
681
786
1028
1200
1579
2250
2927
3541
4131
4339
4133
3806
3595
3470
3196
2550
1721
824
-162
-963
-1470
-2151
-3088
-3873
-4470
-4948
-5211
-5232
-5252
-5231
-5039
-4497
-3721
-2924
-2192
-1431
-671
81
939
1729
2083
1929
1702
1579
1464
1401
1396
1043
294
-315
-607
-902
-1298
-1701
-2133
-2424
-2367
-1982
-1545
-1299
-1247
-1090
-635
-126
323
631
687
585
666
964
1216
1157
778
335
25
-111
-6
183
101
-66
82
354
522
768
1011
1156
1427
1935
2458
2859
3110
3341
3711
4115
4368
4508
4444
3998
3388
2874
2378
1755
1031
242
-644
-1602
-2329
-2683
-2994
-3409
-3699
-3909
-4138
-4064
-3652
-3287
-2995
-2529
-1962
-1368
-673
-85
210
403
590
708
850
924
731
333
-14
-273
-447
-565
-720
-1038
-1472
-1733
-1636
-1399
-1255
-1200
-1245
-1240
-936
-433
-89
-13
-115
-232
-196
-95
-238
-664
-1153
-1511
-1571
-1388
-1231
-1240
-1325
-1256
-963
-544
-91
384
849
1293
1775
2270
2631
2815
2956
3137
3238
3204
3201
3234
3065
2741
2537
2393
2186
2103
2105
1829
1359
1098
1040
936
800
587
234
-91
-175
-91
-79
-266
-519
-703
-896
-1065
-1130
-1265
-1535
-1695
-1704
-1716
-1670
-1621
-1620
-1562
-1480
-1396
-1181
-966
-940
-889
-692
-552
-477
-377
-383
-490
-546
-500
-464
-501
-623
-833
-1117
-1349
-1456
-1588
-1777
-1879
-1922
-2047
-2112
-2019
-1951
-1954
-1815
-1484
-1146
-768
-282
220
553
793
1108
1431
1708
1973
2223
2242
2129
2062
1981
1806
1657
1573
1485
1442
1435
1473
1485
1468
1547
1838
2218
2548
2907
3143
3118
2919
2829
2848
2772
2518
2118
1622
1012
521
145
-327
-1037
-1779
-2326
-2655
-2785
-2836
-2837
-2879
-2895
-2705
-2315
-1910
-1538
-1118
-749
-439
-130
128
142
7
-90
-167
-257
-333
-410
-664
-1108
-1609
-2041
-2367
-2525
-2524
-2477
-2470
-2432
-2302
-2102
-1879
-1603
-1268
-895
-451
-69
182
297
406
524
657
827
945
988
897
735
492
368
368
402
436
442
448
394
535
752
971
1194
1538
1962
2332
2696
2964
3270
3540
3880
4209
4485
4547
4307
3916
3385
2839
2200
1552
782
-8
-708
-1225
-1581
-1978
-2414
-2869
-3118
-3183
-3010
-2707
-2412
-2202
-2014
-1703
-1279
-771
-374
-98
47
138
195
231
139
-227
-694
-1016
-1179
-1329
-1436
-1606
-1959
-2375
-2542
-2524
-2453
-2284
-2018
-1779
-1593
-1291
-970
-699
-508
-230
61
293
409
384
258
18
-153
-289
-310
-364
-412
-474
-499
-455
-437
-267
6
378
710
1212
1685
1959
2129
2382
2736
2952
3254
3524
3711
3754
3850
3939
3891
3818
3761
3802
3630
3226
2586
1904
1172
449
-138
-639
-1069
-1490
-1710
-1891
-2084
-2313
-2457
-2536
-2580
-2412
-2075
-1728
-1587
-1471
-1293
-1028
-770
-563
-506
-616
-658
-548
-453
-621
-948
-1304
-1503
-1559
-1500
-1494
-1595
-1828
-2043
-2053
-1989
-1923
-1857
-1666
-1551
-1419
-1237
-989
-833
-764
-680
-637
-556
-520
-473
-573
-650
-663
-537
-301
-106
88
305
669
944
1220
1468
1747
2064
2425
2723
2847
2909
2953
3133
3197
3140
3093
3213
3314
3386
3496
3542
3576
3729
3881
3603
2909
2194
1730
1252
687
32
-718
-1511
-2040
-2257
-2484
-2911
-3457
-3845
-3984
-3821
-3506
-3275
-3198
-3022
-2529
-1886
-1257
-846
-643
-475
-107
397
809
919
608
162
-140
-266
-410
-617
-999
-1574
-2062
-2370
-2527
-2758
-3018
-3160
-3105
-2951
-2650
-2075
-1574
-1242
-838
-274
149
475
746
877
907
975
1167
1327
1403
1458
1634
1781
1930
2098
2175
2096
2124
2336
2548
2599
2480
2377
2305
2336
2537
2902
3150
3354
3770
4290
4694
5053
5526
5361
4239
2873
2057
1316
201
-1042
-2370
-3689
-4735
-4995
-5043
-5464
-6186
-6315
-5734
-4886
-3945
-3200
-2797
-2455
-1508
-239
750
1245
1452
1627
1830
2173
2327
1932
903
-6
-458
-842
-1451
-2047
-2718
-3628
-4283
-4494
-4689
-4996
-5129
-4973
-4540
-3962
-3268
-2431
-1613
-894
42
1079
1857
2403
2792
2963
3046
3141
3088
2882
2576
2260
2022
1756
1545
1487
1519
1555
1765
2049
2238
2522
2884
3247
3528
3831
4169
4524
5216
6182
7182
7950
8573
7556
4714
2062
789
-297
-2127
-4163
-6494
-8235
-8849
-8120
-7427
-7545
-8075
-7246
-4891
-2676
-933
247
668
966
2546
4224
4612
4280
3799
3436
3154
2916
1834
-24
-2289
-3551
-3677
-4074
-5153
-6008
-6551
-7035
-6544
-5823
-5775
-5761
-4903
-3522
-2201
-1442
-1187
-582
306
1393
2485
2969
2556
2333
2740
3043
2915
2283
1532
1030
1009
1281
1421
1031
713
1136
1814
2397
3056
3440
3536
4016
4843
5177
5182
5250
5550
6318
7230
7914
8488
8658
6042
2245
-78
-1088
-2940
-5219
-7345
-9563
-10626
-10198
-8516
-7770
-7867
-7486
-4730
-1737
298
1975
2874
3002
3715
5579
5953
5085
4060
3351
2618
1730
564
-1478
-3753
-5572
-5618
-5527
-6330
-7256
-7218
-6937
-6205
-4555
-3721
-3822
-3483
-1841
-213
540
485
485
882
1197
1958
2191
1229
92
379
1162
1294
1099
636
322
520
1433
2258
2228
1791
2277
3474
4206
4540
4740
4544
4626
5344
5893
5250
4559
4405
5006
5938
6694
6985
6903
6892
4179
619
-1794
-2544
-4229
-6131
-7863
-9618
-10295
-9605
-7466
-6289
-5886
-5196
-2195
524
2067
3221
3699
3430
3651
4967
4432
2995
1639
768
-353
-1465
-2715
-4380
-5851
-6586
-5970
-5536
-5934
-6119
-5081
-4093
-3025
-1698
-1140
-1505
-1365
-338
257
-39
-762
-891
-668
-671
-556
-745
-1485
-1728
-556
672
1079
1102
1233
1589
2249
3017
3404
3230
3095
3871
4679
4778
4636
4762
4753
4931
5324
4983
4022
3726
3898
4487
5056
5518
5759
6684
6628
3364
-270
-1940
-2262
-3505
-5025
-7174
-8771
-8949
-7285
-5080
-4297
-4488
-3315
-296
1525
2423
2859
2617
2343
3227
3879
2305
563
-626
-1121
-1741
-2536
-3917
-5258
-6000
-5787
-4997
-5049
-5575
-5068
-3440
-2180
-1174
-583
-749
-1120
-707
78
9
-920
-1641
-1453
-1164
-1404
-1668
-2197
-2493
-1653
-83
797
890
819
1142
1933
2674
3022
3079
3087
3429
4274
4661
4453
4335
4637
4974
5320
5250
4434
3757
3760
4159
4459
4682
5037
5616
6672
7290
4606
270
-1938
-1814
-2645
-4779
-7058
-8978
-9322
-7686
-5281
-4753
-5386
-4596
-1378
1187
1974
2205
2194
2111
2980
4005
2527
92
-893
-1012
-1405
-2465
-3848
-5413
-6046
-5776
-4979
-4980
-5574
-5150
-3297
-1763
-1078
-590
-547
-610
-229
278
-19
-866
-1209
-901
-648
-1128
-1696
-1984
-1861
-912
308
863
778
928
1399
2056
2403
2546
2661
3077
3674
4297
4592
4519
4732
5203
5475
5429
5209
4644
4283
4216
4260
4192
4476
5223
6001
6719
7555
5722
1346
-1303
-1343
-1964
-4380
-6593
-8559
-9340
-8274
-5998
-5138
-5621
-4921
-1982
656
1191
1453
1854
1922
2512
3314
2218
-358
-1144
-1028
-1550
-2985
-4244
-5286
-5730
-5432
-5052
-5165
-5695
-5046
-3124
-1694
-1440
-1084
-637
-596
-456
-504
-1111
-1832
-1551
-913
-1047
-1839
-2433
-2200
-1600
-599
340
661
679
1229
1924
2067
2015
2057
2496
3087
3717
3910
3905
3960
4386
5007
5086
4887
4811
4810
4635
4504
4393
4163
4546
5591
6707
7276
8221
7268
3340
238
-382
-809
-3193
-5391
-7426
-8429
-7958
-6100
-4998
-5340
-4770
-2268
406
757
873
1453
1760
2212
2714
1784
-627
-1463
-1150
-1518
-2939
-4295
-5019
-5258
-4909
-4911
-5172
-5629
-4955
-3225
-1796
-1534
-1491
-965
-759
-810
-1037
-1266
-1552
-1468
-1082
-1326
-2109
-2518
-2116
-1414
-730
136
706
1018
1385
1812
1909
1952
2146
2621
3016
3005
3016
3190
3367
3536
3827
4008
4033
4301
4427
4103
3623
3503
3780
4379
5352
6257
6911
7951
8207
5181
1436
63
20
-1564
-3897
-5954
-7543
-7719
-6420
-4856
-4943
-5027
-3317
-577
574
554
1091
1553
1848
2143
1775
-157
-1604
-1418
-1493
-2649
-4074
-4724
-5147
-5024
-5029
-5214
-5415
-4964
-3487
-2134
-1575
-1576
-950
-440
-496
-651
-608
-604
-677
-505
-776
-1570
-2013
-1658
-1077
-670
-52
671
1266
1518
1693
1828
1919
2267
2791
3270
3012
2770
3010
3290
3387
3620
3975
3919
3933
4046
3775
3208
3002
3339
4000
4966
6025
6796
7612
8285
6292
2502
525
564
-306
-2751
-5005
-6943
-7428
-6451
-4977
-4680
-5039
-3652
-1167
339
91
316
959
1442
1739
1166
-593
-2184
-1967
-1702
-2662
-4187
-4972
-4958
-4718
-4712
-5218
-5309
-4725
-3308
-1995
-1650
-1794
-1351
-425
-203
-547
-1136
-1321
-1083
-701
-1116
-2139
-2806
-2400
-1578
-969
-456
81
802
1624
2107
2040
1986
2435
3093
3508
3335
2674
2454
2770
3070
3021
2999
2934
3093
3358
3273
2817
2624
3096
3921
4952
5807
6692
7548
8768
8859
5839
2388
1292
1546
-112
-2769
-5186
-6863
-6566
-5292
-4374
-4995
-4715
-2649
-550
-27
-507
80
895
1656
1513
320
-1588
-2205
-1202
-1350
-3014
-4372
-4349
-4093
-4013
-4410
-5050
-4881
-3906
-2601
-2127
-2451
-2407
-1414
-742
-1245
-1760
-1967
-1579
-1025
-952
-1928
-2693
-2201
-1190
-676
-537
-148
655
1506
1923
1816
1727
1974
2600
3016
2678
2089
1957
2428
2600
2496
2333
2402
2658
2956
2899
2391
2307
2879
3664
4117
4713
5632
6808
7989
8927
7749
4294
2093
1901
1239
-1146
-3375
-5134
-6181
-5806
-5277
-5118
-5213
-3930
-2028
-947
-857
-561
762
1562
1652
1004
13
-879
-734
-484
-1786
-3342
-3668
-3535
-3853
-4432
-4972
-5199
-4535
-3634
-3156
-3161
-2977
-2000
-1296
-1297
-1709
-1791
-1558
-894
-415
-978
-1752
-1621
-823
-385
-345
70
711
1428
1947
1940
1703
1729
2323
2699
2614
2202
2064
2355
2699
2835
2710
2717
2919
3281
3485
3248
2955
3020
3538
3911
4286
4959
5974
7028
7766
7873
5687
2606
1281
1237
-129
-2612
-4296
-5462
-5920
-5608
-5336
-5151
-4631
-2878
-1401
-834
-824
-61
1169
1360
948
175
-532
-1077
-840
-1324
-2856
-3739
-3574
-3737
-4435
-4845
-4955
-4649
-3927
-3334
-3175
-2968
-2201
-1382
-1251
-1502
-1525
-1355
-1240
-1096
-1327
-1918
-2130
-1724
-1411
-1430
-1055
-139
743
1291
1540
1524
1695
2138
2589
2613
2427
2394
2553
2700
2698
2818
2846
2898
3064
3329
3392
3202
3092
2981
3144
3590
4434
5275
6126
6846
7449
7566
5722
3158
1775
1479
275
-1714
-3462
-4803
-5214
-5022
-4874
-4806
-4379
-2912
-1442
-751
-783
-335
686
965
813
110
-620
-984
-623
-946
-2330
-3181
-3401
-3611
-3856
-3951
-4219
-4174
-3651
-3215
-3171
-2867
-2227
-1709
-1506
-1379
-1117
-1124
-1188
-1315
-1512
-1868
-1892
-1649
-1600
-1623
-1161
-325
286
629
819
1035
1364
1754
2000
1954
1841
1916
2189
2221
2066
2195
2440
2579
2672
2859
2964
2889
2895
2883
2987
3424
4178
5110
5737
6137
6523
6968
6081
3951
2326
1723
964
-634
-2426
-3942
-4839
-5048
-4859
-4699
-4442
-3506
-2108
-1440
-1361
-983
9
559
616
299
-308
-587
-334
-400
-1624
-2701
-2968
-2936
-2898
-3131
-3640
-3983
-3675
-3279
-3295
-3128
-2740
-2179
-1808
-1569
-1497
-1629
-1528
-1291
-1174
-1465
-1599
-1305
-1037
-910
-626
-20
540
1033
1489
1582
1560
1721
2084
2222
2101
2073
2228
2356
2276
2316
2476
2564
2778
3115
3308
3159
3065
3135
3258
3592
4115
4745
5205
5514
5772
6139
5988
4523
2689
1725
1229
75
-1627
-3062
-4146
-4813
-4876
-4584
-4435
-4214
-3356
-2621
-2417
-2156
-1355
-694
-581
-572
-622
-767
-698
-524
-1010
-1981
-2330
-2112
-2075
-2458
-2900
-3155
-3251
-3178
-3087
-2955
-2662
-2191
-1853
-1807
-1803
-1763
-1644
-1438
-1459
-1623
-1625
-1333
-1182
-1115
-892
-480
36
633
1166
1438
1497
1605
1720
1813
1814
1854
1997
2028
1849
1694
1708
1663
1742
2053
2284
2283
2215
2177
2191
2450
2972
3386
3757
4109
4428
4620
4858
4751
4072
3376
3035
2541
1618
683
25
-679
-1310
-1624
-1874
-2274
-2424
-2134
-2134
-2286
-2223
-1922
-1830
-1776
-1652
-1634
-1667
-1444
-1368
-1696
-1983
-1774
-1588
-1577
-1544
-1569
-1735
-1824
-1681
-1664
-1630
-1444
-1341
-1467
-1566
-1603
-1784
-1869
-1915
-2161
-2301
-2197
-2111
-2223
-2170
-1946
-1751
-1454
-995
-521
-132
244
558
678
832
1063
1382
1542
1524
1459
1334
1197
1080
1142
1181
1278
1397
1425
1434
1566
1784
2029
2332
2647
2879
3159
3430
3613
3800
4121
4440
4474
4428
4284
4198
4168
4017
3405
2391
1487
947
640
121
-636
-1451
-2089
-2474
-2760
-3148
-3472
-3497
-3265
-3297
-3551
-3675
-3452
-3108
-2761
-2486
-2400
-2153
-1688
-1331
-1403
-1555
-1510
-1339
-1228
-1306
-1633
-2041
-2248
-2328
-2612
-2930
-3073
-3118
-3126
-3053
-2933
-2849
-2596
-2133
-1613
-1126
-525
83
428
680
972
1282
1576
1960
2219
2157
2025
1990
2001
1971
2014
2156
2330
2527
2616
2586
2600
2769
3003
3212
3362
3397
3495
3713
3951
4160
4384
4548
4551
4524
4536
4405
4008
3306
2393
1547
1080
779
264
-547
-1435
-2117
-2593
-2931
-3286
-3549
-3678
-3716
-3822
-3997
-4102
-4005
-3763
-3502
-3310
-2997
-2596
-2263
-2182
-2259
-2262
-2075
-1766
-1668
-1833
-2117
-2228
-2213
-2225
-2332
-2474
-2568
-2538
-2419
-2365
-2406
-2316
-2039
-1684
-1281
-733
-179
214
527
764
907
1141
1616
2024
2077
1971
1850
1786
1796
1938
2051
2186
2419
2668
2780
2746
2747
2837
3017
3136
3195
3247
3341
3421
3574
3788
4058
4228
4343
4256
4084
3842
3488
2821
1947
1187
685
363
-121
-771
-1531
-2117
-2516
-2723
-2916
-3094
-3242
-3263
-3383
-3510
-3569
-3480
-3362
-3150
-2861
-2616
-2377
-2207
-2147
-2193
-2116
-1977
-1906
-1952
-2011
-2087
-2125
-2109
-2077
-2101
-2097
-2073
-2081
-2154
-2147
-1980
-1781
-1604
-1382
-1011
-559
-64
379
587
688
934
1389
1756
1930
1895
1740
1619
1581
1626
1657
1761
1959
2174
2269
2210
2150
2240
2374
2478
2501
2563
2634
2823
3004
3161
3392
3807
4251
4416
4320
4016
3727
3418
2965
2225
1444
867
491
109
-445
-1198
-1842
-2161
-2261
-2460
-2732
-2946
-3106
-3192
-3261
-3342
-3399
-3206
-2853
-2572
-2436
-2318
-2179
-2053
-1959
-1975
-2105
-2149
-2105
-2122
-2249
-2365
-2403
-2347
-2233
-2206
-2320
-2423
-2350
-2176
-2053
-1954
-1793
-1529
-1141
-710
-367
-131
212
617
980
1249
1484
1623
1653
1663
1573
1510
1589
1800
1932
2045
2127
2136
2144
2226
2303
2385
2535
2676
2661
2704
2871
3121
3403
3734
4080
4364
4604
4549
4233
3774
3440
3105
2676
2063
1411
845
390
-86
-680
-1242
-1576
-1729
-1924
-2249
-2652
-2982
-3173
-3237
-3347
-3355
-3172
-2862
-2679
-2636
-2627
-2532
-2377
-2259
-2327
-2468
-2533
-2492
-2521
-2649
-2746
-2701
-2553
-2455
-2487
-2568
-2557
-2442
-2356
-2329
-2265
-2058
-1771
-1502
-1293
-1053
-608
-71
421
744
1016
1254
1498
1656
1642
1619
1747
1958
2053
2086
2065
2066
2189
2352
2406
2432
2568
2710
2715
2681
2669
2790
3108
3535
3820
3956
4156
4325
4383
4220
3971
3660
3455
3277
2894
2207
1460
891
445
26
-413
-898
-1378
-1695
-2048
-2547
-3056
-3307
-3374
-3315
-3221
-3148
-3141
-3046
-2899
-2823
-2790
-2635
-2467
-2439
-2527
-2624
-2712
-2719
-2635
-2635
-2697
-2677
-2548
-2534
-2593
-2635
-2632
-2563
-2409
-2268
-2210
-2043
-1757
-1457
-1141
-728
-233
240
686
1012
1244
1485
1754
1988
2122
2239
2340
2457
2503
2475
2453
2482
2548
2565
2511
2366
2260
2239
2245
2247
2324
2510
2787
3058
3282
3401
3561
3714
3859
3835
3721
3552
3393
3138
2718
2141
1503
1016
632
240
-311
-886
-1455
-1918
-2355
-2712
-3054
-3189
-3191
-3126
-3197
-3245
-3249
-3141
-3001
-2873
-2802
-2745
-2651
-2573
-2589
-2639
-2577
-2490
-2417
-2408
-2364
-2385
-2336
-2314
-2366
-2477
-2435
-2324
-2260
-2249
-2195
-2034
-1735
-1367
-1031
-734
-352
113
549
881
1158
1500
1862
2189
2351
2420
2434
2521
2638
2686
2634
2574
2507
2350
2147
1988
1937
1980
2071
2070
2018
2081
2326
2607
2836
2980
3155
3414
3680
3754
3604
3385
3248
3140
2874
2386
1768
1248
795
336
-286
-921
-1454
-1794
-2094
-2419
-2756
-2954
-3032
-3054
-3127
-3201
-3178
-3045
-2931
-2928
-2935
-2857
-2703
-2567
-2470
-2449
-2392
-2272
-2159
-2171
-2168
-2113
-2050
-2091
-2161
-2224
-2216
-2165
-2140
-2202
-2171
-1941
-1586
-1279
-1049
-807
-450
-15
434
817
1151
1475
1790
1990
2065
2143
2275
2395
2431
2428
2403
2366
2283
2149
1971
1919
2044
2176
2151
2006
1910
1990
2240
2539
2740
2865
3028
3267
3493
3591
3520
3370
3209
3084
2873
2498
1909
1254
663
211
-216
-650
-1139
-1603
-1973
-2230
-2468
-2679
-2843
-2928
-2965
-2994
-3006
-3002
-2951
-2897
-2833
-2740
-2564
-2426
-2334
-2345
-2353
-2322
-2164
-2075
-2099
-2250
-2325
-2336
-2269
-2233
-2247
-2302
-2275
-2148
-1994
-1826
-1634
-1373
-1091
-749
-404
-9
359
728
1040
1332
1560
1804
1993
2129
2186
2253
2290
2309
2303
2277
2222
2209
2245
2255
2217
2173
2147
2146
2173
2234
2323
2451
2620
2773
2892
3008
3147
3268
3285
3167
2973
2774
2555
2233
1767
1216
712
314
-57
-517
-1018
-1460
-1759
-1996
-2228
-2500
-2716
-2837
-2877
-2910
-2933
-2903
-2781
-2644
-2552
-2529
-2480
-2372
-2261
-2202
-2191
-2197
-2200
-2214
-2284
-2390
-2419
-2345
-2250
-2201
-2207
-2222
-2180
-2076
-1935
-1778
-1563
-1267
-951
-659
-395
-108
227
592
918
1202
1449
1678
1860
1979
2029
2076
2150
2244
2305
2335
2351
2371
2364
2346
2297
2271
2305
2363
2387
2376
2392
2479
2620
2751
2793
2790
2823
2882
2911
2813
2605
2375
2200
1988
1667
1222
783
434
180
-113
-516
-961
-1334
-1635
-1917
-2217
-2469
-2609
-2643
-2658
-2734
-2841
-2895
-2867
-2791
-2734
-2681
-2600
-2510
-2477
-2507
-2558
-2554
-2469
-2364
-2305
-2280
-2257
-2229
-2222
-2255
-2250
-2183
-2053
-1919
-1794
-1662
-1457
-1210
-944
-694
-421
-105
229
512
740
947
1186
1428
1617
1735
1839
1985
2165
2332
2431
2469
2491
2515
2525
2490
2437
2414
2450
2506
2532
2529
2505
2504
2534
2598
2659
2697
2698
2683
2644
2570
2439
2264
2080
1931
1776
1586
1316
979
610
239
-144
-542
-937
-1267
-1537
-1786
-2054
-2326
-2574
-2738
-2829
-2861
-2857
-2832
-2793
-2749
-2700
-2654
-2589
-2492
-2362
-2209
-2065
-1969
-1931
-1958
-1973
-1974
-1970
-1991
-2034
-2065
-2063
-2013
-1940
-1856
-1722
-1521
-1272
-1029
-800
-565
-277
32
329
577
787
995
1220
1439
1645
1853
2033
2192
2268
2265
2233
2211
2208
2198
2186
2156
2132
2100
2038
1983
1958
2003
2091
2169
2206
2212
2212
2219
2220
2231
2235
2231
2197
2114
1982
1784
1515
1190
846
509
168
-195
-591
-988
-1353
-1655
-1930
-2179
-2376
-2503
-2571
-2610
-2649
-2678
-2658
-2589
-2494
-2390
-2269
-2118
-1967
-1863
-1806
-1773
-1738
-1709
-1725
-1789
-1850
-1882
-1900
-1925
-1952
-1938
-1843
-1691
-1544
-1419
-1271
-1048
-771
-499
-252
-25
225
491
754
996
1232
1483
1729
1915
2019
2074
2121
2159
2178
2173
2156
2152
2145
2099
2018
1940
1925
1958
2003
2036
2043
2053
2079
2110
2135
2167
2232
2320
2390
2382
2290
2144
1974
1790
1560
1288
962
599
236
-145
-524
-897
-1223
-1492
-1716
-1908
-2094
-2255
-2386
-2478
-2541
-2561
-2543
-2491
-2426
-2350
-2275
-2197
-2117
-2040
-1982
-1945
-1937
-1945
-1972
-2030
-2082
-2118
-2120
-2102
-2082
-2075
-2055
-1996
-1887
-1746
-1596
-1433
-1245
-1042
-830
-595
-340
-52
266
596
906
1165
1377
1560
1729
1883
2028
2145
2231
2297
2320
2308
2282
2253
2244
2256
2264
2248
2217
2178
2139
2113
2109
2140
2205
2286
2330
2343
2336
2311
2264
2173
2034
1869
1693
1481
1208
872
539
236
-25
-291
-579
-859
-1116
-1339
-1555
-1761
-1928
-2043
-2111
-2162
-2212
-2244
-2237
-2195
-2147
-2104
-2060
-2014
-1976
-1968
-1983
-2002
-1997
-1973
-1976
-2002
-2031
-2037
-2026
-2027
-2023
-1983
-1920
-1834
-1744
-1656
-1534
-1362
-1130
-868
-591
-292
3
293
568
827
1081
1330
1558
1746
1909
2042
2127
2161
2172
2184
2193
2197
2165
2100
2031
1966
1901
1839
1802
1790
1806
1829
1833
1844
1863
1876
1886
1868
1837
1807
1753
1660
1505
1320
1134
946
723
458
189
-66
-312
-572
-852
-1120
-1335
-1518
-1690
-1848
-1975
-2052
-2087
-2099
-2111
-2108
-2081
-2041
-1993
-1959
-1915
-1864
-1810
-1778
-1767
-1767
-1768
-1771
-1786
-1801
-1816
-1817
-1815
-1814
-1802
-1757
-1675
-1562
-1425
-1259
-1049
-812
-558
-312
-53
239
532
809
1066
1306
1531
1724
1861
1960
2044
2117
2166
2169
2140
2111
2087
2047
1983
1915
1871
1857
1846
1822
1809
1819
1855
1887
1895
1898
1924
1968
1978
1952
1885
1807
1715
1589
1411
1194
967
735
465
157
-148
-439
-704
-967
-1226
-1462
-1646
-1792
-1901
-2013
-2100
-2137
-2151
-2135
-2126
-2106
-2061
-2014
-1980
-1958
-1943
-1919
-1908
-1915
-1938
-1964
-1989
-2012
-2044
-2081
-2099
-2094
-2068
-2025
-1957
-1860
-1723
-1558
-1376
-1169
-921
-631
-345
-71
207
487
766
1024
1244
1431
1605
1758
1873
1941
1984
2018
2054
2063
2046
2021
1999
1994
1976
1949
1933
1932
1962
1989
1998
2013
2037
2077
2108
2113
2102
2074
2052
2003
1913
1785
1634
1473
1271
1043
780
515
248
-18
-286
-556
-801
-1026
-1216
-1384
-1540
-1680
-1771
-1839
-1888
-1935
-1974
-1985
-1979
-1968
-1968
-1967
-1971
-1957
-1934
-1931
-1942
-1953
-1966
-1984
-1991
-2005
-2016
-1998
-1961
-1914
-1859
-1785
-1674
-1526
-1357
-1182
-985
-757
-507
-259
-17
227
465
695
912
1099
1260
1416
1559
1677
1761
1818
1875
1920
1937
1958
1965
1955
1945
1928
1912
1896
1882
1864
1842
1824
1812
1807
1805
1793
1780
1764
1731
1677
1598
1510
1420
1294
1138
956
760
576
380
161
-71
-296
-501
-689
-878
-1076
-1253
-1394
-1519
-1636
-1752
-1845
-1898
-1938
-1978
-2019
-2048
-2034
-2011
-1999
-1997
-1994
-1957
-1916
-1892
-1894
-1876
-1842
-1793
-1758
-1733
-1682
-1606
-1511
-1417
-1322
-1208
-1053
-873
-697
-525
-341
-126
99
312
512
705
900
1093
1264
1413
1542
1666
1776
1868
1929
1962
1999
2017
2028
2011
1982
1950
1917
1881
1841
1803
1766
1742
1714
1689
1661
1628
1592
1547
1504
1445
1382
1300
1201
1095
971
821
663
499
325
140
-61
-266
-469
-667
-860
-1050
-1237
-1389
-1529
-1658
-1769
-1869
-1948
-2005
-2045
-2070
-2091
-2101
-2092
-2074
-2049
-2034
-2010
-1973
-1936
-1904
-1873
-1831
-1776
-1718
-1655
-1589
-1515
-1416
-1306
-1188
-1061
-929
-771
-590
-404
-212
-15
191
411
627
828
1015
1203
1377
1531
1671
1789
1889
1981
2056
2089
2103
2103
2089
2072
2049
2001
1956
1900
1844
1790
1714
1656
1604
1557
1504
1445
1378
1311
1247
1173
1088
985
874
766
639
499
339
179
19
-160
-336
-530
-726
-902
-1067
-1231
-1389
-1537
-1665
-1779
-1870
-1951
-2011
-2045
-2063
-2061
-2057
-2034
-2001
-1956
-1906
-1857
-1798
-1732
-1658
-1586
-1519
-1461
-1402
-1327
-1238
-1151
-1068
-974
-860
-732
-605
-479
-334
-171
9
193
375
559
749
932
1102
1263
1402
1543
1680
1793
1884
1951
1998
2029
2035
2025
1999
1967
1938
1891
1829
1752
1660
1572
1485
1402
1313
1224
1140
1058
974
878
779
689
595
501
406
300
197
96
-14
-138
-271
-405
-531
-649
-764
-889
-1005
-1126
-1241
-1353
-1456
-1540
-1609
-1666
-1713
-1745
-1773
-1784
-1783
-1774
-1757
-1718
-1669
-1620
-1575
-1529
-1473
-1424
-1364
-1300
-1235
-1164
-1074
-978
-876
-771
-665
-549
-420
-279
-127
35
201
361
517
669
813
962
1107
1249
1374
1486
1584
1659
1726
1779
1809
1825
1841
1843
1837
1813
1775
1733
1680
1613
1550
1488
1417
1346
1275
1194
1106
1016
926
841
745
650
562
476
383
288
181
72
-41
-164
-275
-385
-499
-620
-748
-877
-1005
-1122
-1242
-1342
-1434
-1521
-1588
-1649
-1694
-1731
-1751
-1764
-1770
-1754
-1719
-1679
-1633
-1592
-1545
-1503
-1463
-1405
-1340
-1266
-1188
-1100
-1020
-940
-853
-759
-658
-535
-410
-279
-130
11
149
285
424
565
702
839
972
1096
1209
1308
1387
1446
1512
1566
1613
1659
1686
1706
1709
1688
1660
1626
1590
1547
1492
1436
1374
1311
1234
1153
1067
977
897
809
731
645
558
462
357
249
136
37
-65
-152
-250
-351
-460
-569
-667
-774
-873
-958
-1034
-1098
-1150
-1201
-1245
-1279
-1304
-1321
-1331
-1320
-1296
-1266
-1230
-1195
-1169
-1137
-1109
-1085
-1057
-1029
-994
-970
-947
-917
-885
-856
-814
-765
-697
-609
-521
-426
-328
-225
-117
1
122
250
377
498
616
722
825
919
1012
1094
1175
1240
1297
1339
1363
1367
1355
1343
1319
1286
1253
1210
1155
1097
1034
974
904
839
780
723
668
602
536
470
406
346
277
204
138
77
10
-56
-129
-208
-288
-364
-432
-508
-584
-652
-715
-779
-843
-894
-937
-969
-990
-1003
-1007
-1005
-987
-971
-963
-952
-952
-948
-938
-918
-902
-888
-879
-874
-860
-851
-824
-792
-751
-710
-658
-593
-527
-449
-364
-279
-179
-75
31
150
257
367
484
595
705
804
899
990
1061
1124
1178
1214
1240
1252
1249
1240
1221
1203
1186
1151
1113
1073
1026
986
932
877
824
765
700
638
577
504
429
349
273
210
151
87
10
-68
-142
-226
-307
-379
-457
-545
-622
-695
-761
-819
-869
-901
-923
-941
-954
-957
-948
-930
-914
-896
-879
-862
-850
-835
-819
-805
-779
-761
-745
-730
-707
-672
-651
-622
-589
-556
-511
-475
-429
-386
-328
-256
-191
-114
-28
59
153
254
348
454
554
643
724
797
858
911
956
987
1017
1033
1039
1049
1052
1042
1027
1007
976
943
905
857
808
756
696
649
586
524
465
412
358
300
243
174
114
51
-8
-79
-151
-215
-283
-354
-416
-470
-525
-569
-602
-630
-645
-653
-658
-653
-640
-624
-611
-593
-579
-562
-543
-532
-514
-499
-484
-475
-465
-449
-442
-428
-418
-409
-406
-402
-401
-402
-386
-384
-369
-344
-312
-267
-215
-158
-100
-37
23
92
162
228
293
351
406
456
499
540
578
613
641
672
691
708
711
711
702
689
665
645
627
589
557
515
479
436
397
363
329
289
255
214
170
124
73
29
-20
-76
-130
-179
-219
-259
-294
-320
-353
-380
-396
-400
-405
-413
-418
-421
-419
-414
-409
-399
-389
-383
-374
-372
-365
-355
-347
-336
-327
-325
-328
-324
-330
-330
-321
-326
-324
-313
-305
-291
-279
-251
-212
-178
-139
-97
-42
7
59
108
149
196
247
291
332
372
406
441
474
495
508
519
524
526
522
508
500
486
471
448
428
412
388
370
350
325
290
261
228
195
166
134
109
75
40
5
-26
-50
-74
-101
-130
-155
-178
-202
-225
-239
-249
-262
-285
-297
-308
-314
-319
-334
-344
-354
-362
-367
-365
-372
-374
-371
-370
-364
-351
-343
-332
-318
-306
-288
-264
-243
-214
-195
-173
-144
-120
-88
-59
-28
5
31
68
93
116
147
178
195
214
236
251
270
283
297
306
313
322
319
320
321
317
309
302
297
286
270
250
237
227
213
201
182
163
143
123
108
88
71
60
44
26
11
-10
-29
-44
-63
-79
-88
-99
-111
-117
-129
-144
-155
-162
-169
-175
-169
-174
-179
-184
-184
-172
-169
-164
-156
-152
-148
-144
-139
-126
-117
-107
-96
-85
-77
-69
-62
-52
-39
-24
-18
-16
-7
5
14
13
19
24
27
30
30
32
35
36
39
37
35
41
39
34
36
32
32
38
37
38
35
30
25
27
32
24
23
26
26
26
28
26
18
19
15
19
11
7
-1
-10
-10
-19
-21
-22
-26
-33
-37
-41
-41
-39
-36
-33
-32
-29
-27
-20
-17
-15
-14
-7
-1
1
18
31
39
40
43
48
51
53
58
59
56
53
54
53
51
50
51
50
52
55
51
52
44
43
46
47
46
46
40
39
40
42
41
41
44
45
45
38
35
38
38
42
44
45
47
46
48
40
39
43
46
43
37
37
36
32
30
26
19
20
16
12
4
1
-2
-8
-15
-18
-28
-32
-33
-40
-45
-48
-47
-45
-43
-39
-40
-42
-43
-42
-40
-37
-35
-38
-45
-49
-47
-53
-45
-39
-46
-43
-41
-40
-38
-37
-39
-39
-37
-38
-38
-40
-38
-40
-43
-46
-48
-46
-44
-43
-41
-41
-45
-40
-42
-44
-48
-45
-44
-40
-35
-33
-27
-26
-29
-28
-24
-20
-17
-16
-15
-16
-15
-17
-18
-13
-10
-12
-13
-8
-9
-6
-6
-12
-11
-9
-6
-2
1
2
-1
-4
-4
1
2
0
2
2
1
5
9
6
8
5
10
12
12
11
14
14
14
18
21
24
23
27
28
30
25
25
22
26
30
25
26
24
23
23
25
35
39
44
44
40
43
45
44
42
40
40
37
34
32
36
42
40
38
32
27
25
23
26
27
25
23
22
21
19
16
17
16
13
12
8
7
6
8
9
8
7
1
4
7
7
6
1
0
1
-2
2
-3
-6
-7
-10
-9
-14
-15
-16
-18
-22
-21
-25
-23
-20
-21
-19
-22
-19
-17
-18
-22
-23
-20
-22
-18
-12
-8
-12
-13
-13
-12
-10
-8
-10
-9
-4
1
-3
-2
4
1
4
0
-3
-5
-5
0
-2
-7
-9
-10
-13
-10
-14
-14
-12
-14
-14
-9
-10
-8
-7
-11
-12
-13
-11
-8
-7
-11
-11
-13
-14
-15
-18
-20
-18
-14
-13
-9
-12
-13
-13
-11
-8
-6
-5
-9
-11
-14
-11
-10
-11
-10
-13
-13
-14
-9
-4
0
1
-1
0
2
1
-1
-1
0
2
1
-2
0
3
3
6
10
9
6
5
4
4
3
0
-4
-6
-5
-7
-9
-5
-8
-5
-2
-2
-1
0
-1
3
0
4
6
8
9
5
6
4
3
3
4
5
4
1
-6
-9
-5
-5
-4
-3
-4
-5
-4
-1
-7
-8
-5
-1
1
0
0
6
6
4
2
1
1
1
1
0
-1
-8
-7
-5
-3
-6
-6
-5
-7
-6
-10
-11
-12
-12
-12
-12
-9
-5
-5
-7
-8
-7
-4
-4
-1
-3
-5
3
2
1
3
6
4
4
6
8
9
12
11
10
10
8
9
9
9
10
12
10
7
4
9
11
5
2
4
3
3
2
2
2
2
6
6
3
3
1
-1
-3
-4
-1
-1
-3
-3
-1
-1
0
3
2
5
4
5
7
8
7
7
7
4
4
0
0
-3
-3
-5
-7
-3
-3
-5
-3
-2
-3
-2
-2
-2
-1
-2
-2
-2
0
2
3
2
1
2
2
4
7
6
3
3
0
-1
-2
0
2
3
2
4
4
4
5
7
6
2
1
-1
-1
-2
0
-1
-1
0
-2
-1
1
1
-1
-2
-2
-1
-1
0
0
-2
-3
-6
-8
-6
-4
-2
-3
-1
1
-2
-1
2
3
3
5
7
9
10
8
9
9
10
10
7
6
4
2
5
0
-1
-1
-5
-4
-6
-4
-7
-11
-12
-9
-10
-10
-12
-12
