-2
0
0
0
1
3
1
0
1
5
4
5
4
2
3
3
3
3
1
0
2
4
6
4
6
4
3
7
7
7
5
4
5
2
5
5
3
4
2
2
2
-2
-3
-3
-3
-2
-3
-3
-6
-5
-6
-6
-5
-4
-2
-3
-2
-2
-3
0
-1
-1
2
2
2
5
3
2
2
2
2
3
1
2
0
-1
0
-1
0
-2
-2
1
0
-2
-2
0
1
-1
-2
0
0
2
3
2
5
6
7
3
2
0
1
2
1
1
2
4
1
1
-1
-1
1
1
3
-2
-6
-4
-4
-3
-2
-1
-7
-9
-6
-2
-3
-8
-15
-13
-7
-1
-5
-11
-6
-2
0
-2
-6
-8
-4
2
-1
-5
-16
-10
8
-3
-8
-5
-10
-9
1
7
2
-5
-13
-8
12
-3
-17
-12
-12
7
18
1
-7
1
6
6
-1
2
9
2
-4
-7
5
-7
-5
16
13
6
-11
-14
5
8
-1
-10
-17
-17
-1
12
10
13
6
-8
-9
-19
-10
-4
-3
5
-6
-11
-3
3
16
6
-6
-7
-3
7
-4
-18
-8
-5
8
11
3
26
23
-5
-8
-14
-7
-12
-13
-2
5
31
19
-5
-12
-2
20
20
-11
-13
18
8
6
-12
-14
-7
9
46
16
4
-35
-15
19
-2
11
-10
12
11
14
14
-25
-8
-13
6
10
-1
15
11
-5
-25
-7
-6
-12
8
4
27
11
-34
-27
-10
41
41
17
-6
-39
-7
-21
-27
-6
1
36
15
-4
-12
2
12
-13
-14
-33
-11
-5
4
20
-13
10
-4
-12
0
15
61
14
-35
-70
-49
11
12
28
31
43
21
-6
-20
-35
-1
9
14
9
-14
-6
19
30
23
8
-2
8
14
21
2
-25
-36
-48
-11
32
48
46
4
-21
0
1
-18
-25
-26
12
35
0
0
0
14
18
15
11
-22
13
20
3
-4
-37
-16
5
19
17
40
13
-32
-8
-12
3
1
1
3
-13
-10
-5
17
-17
-26
-18
-18
22
14
-10
-35
-40
-10
-4
-8
5
14
38
3
-20
-18
-22
36
26
0
-15
-38
-12
4
6
19
30
-1
10
-3
11
33
-15
-25
-63
-21
11
3
26
-17
22
16
-42
-33
-30
6
29
8
-46
-79
-30
4
23
30
39
35
22
-40
-23
18
-29
-18
-24
25
-17
-31
10
-19
56
26
-18
-7
-2
33
13
-51
-59
-32
7
19
5
38
-22
-34
17
19
-22
-56
-11
58
35
-47
-8
3
73
62
-17
-47
-20
60
-4
4
-25
-37
49
5
8
16
-1
15
-15
-18
-33
-24
28
-5
10
42
-10
-29
-45
11
-9
-35
-5
-24
25
-10
-18
-29
77
41
-39
-8
-44
16
-40
-28
44
72
68
20
7
-34
-11
-7
-5
-27
23
-14
-15
13
-10
0
-52
6
7
-41
-30
18
43
65
4
-24
-28
-79
-11
2
-1
-7
-35
-38
8
65
68
27
11
8
17
22
73
100
-58
-46
20
-32
-115
-68
33
14
51
19
-4
33
23
68
89
-44
-93
-78
-19
56
12
-6
-62
13
65
51
-13
-101
-18
18
55
-16
-11
11
54
107
106
117
-24
-35
-105
-67
-32
-75
-18
-7
23
-38
33
43
45
33
17
8
-87
-83
-67
35
14
21
-23
-136
-39
-3
55
76
-47
-60
-21
70
75
-75
23
9
21
110
38
61
26
-29
-15
-50
-93
-15
42
78
28
4
68
48
3
21
39
2
-90
-145
-16
34
42
36
-42
-10
38
17
37
9
-28
3
-19
-5
14
24
7
92
79
0
10
-45
-13
-43
-23
-59
-110
-38
-37
50
66
31
28
15
-41
-67
-40
-113
-130
-105
-63
-29
11
-20
-56
2
-2
42
-13
-3
115
103
7
-85
-4
30
92
44
-78
-116
-61
18
-43
-20
-11
65
123
69
25
67
48
76
51
-103
-48
-24
25
-25
-100
-22
-2
28
55
17
35
103
32
42
91
36
64
-8
-29
-39
-104
-20
14
-22
-24
-69
-39
-34
102
97
2
14
-12
63
107
171
-40
-44
-56
-105
-88
-114
-97
-134
-84
-18
27
-8
-57
85
53
34
-64
-170
-90
-21
-70
-138
-189
-127
115
186
125
54
71
124
141
73
-59
-57
11
-71
-107
-122
-94
52
128
58
5
-4
44
62
76
37
-26
-60
-67
56
81
51
-12
-64
-4
63
104
3
-47
34
96
112
24
-18
19
86
68
-24
-76
-63
12
44
-18
-51
-57
-43
7
51
10
-37
4
44
104
99
38
2
0
12
-1
-42
-96
-59
-21
-40
-99
-127
-126
-63
-31
-96
-67
-54
-38
35
24
27
17
-3
21
32
32
-10
-5
4
-4
8
21
7
4
39
45
19
10
41
50
52
58
31
26
30
8
-21
-31
-28
8
26
-4
-7
29
45
40
39
35
39
31
12
30
27
27
36
16
7
10
-20
-57
-77
-77
-67
-59
-42
-30
13
2
-5
31
36
30
65
65
30
8
-25
-44
-56
-54
-46
-67
-122
-130
-108
-82
-60
-54
-76
-92
-74
-31
14
27
33
17
6
9
-37
-63
-48
-11
5
-21
-12
5
41
79
68
63
46
42
39
62
92
49
27
39
62
62
39
21
-3
22
42
44
50
75
91
98
119
113
101
118
151
160
126
58
12
27
47
36
-10
-51
-69
-64
-27
-2
-21
-51
-75
-86
-111
-141
-158
-138
-94
-67
-48
-69
-125
-158
-128
-142
-212
-264
-279
-284
-277
-247
-234
-193
-148
-109
-58
-49
-71
-86
-71
-50
-30
-37
-96
-95
-8
56
68
59
87
142
195
245
253
219
210
264
317
317
318
309
314
347
352
342
347
418
501
524
493
473
477
425
370
331
266
205
228
326
406
452
461
481
474
380
234
63
-116
-317
-467
-595
-766
-938
-1065
-1111
-1118
-1127
-1151
-1164
-1160
-1120
-1006
-913
-881
-796
-670
-622
-584
-546
-586
-643
-645
-633
-644
-625
-578
-498
-360
-212
-74
32
127
276
426
533
634
750
881
1027
1188
1304
1407
1483
1513
1551
1610
1687
1717
1747
1805
1887
1937
1917
1948
1975
1984
2013
2083
2120
2143
2006
1160
-94
-1081
-1926
-2986
-3904
-4464
-4867
-4712
-3927
-2937
-1944
-929
73
974
1607
1706
1483
1154
694
164
-468
-1338
-2219
-2784
-3120
-3368
-3637
-3781
-3643
-3146
-2298
-1291
-360
427
1219
1889
2175
2094
1745
1288
860
504
206
-76
-217
-137
171
500
652
722
871
1114
1404
1696
1899
2022
2252
2553
2712
2794
2802
2809
2859
2940
3033
3156
3339
3587
3639
2579
718
-799
-2050
-3615
-5013
-5892
-6612
-6547
-5362
-3775
-2218
-625
918
2301
3370
3557
3100
2512
1805
1147
618
-173
-1185
-1938
-2483
-3135
-3895
-4709
-5425
-5568
-5147
-4326
-3151
-1889
-514
972
2215
2921
3186
3075
2653
2138
1487
658
-212
-932
-1451
-1699
-1833
-1861
-1656
-1251
-621
48
620
1106
1654
2252
2753
3060
3173
3289
3396
3421
3480
3537
3512
3516
3638
3718
3692
3583
3626
3114
1080
-1134
-2412
-3535
-5092
-6018
-6439
-6844
-6053
-4202
-2374
-854
699
2160
3487
4156
3708
2895
2023
1122
417
-225
-1320
-2401
-2924
-3356
-3931
-4522
-5083
-5420
-4988
-3727
-2227
-964
296
1689
2750
3184
3048
2401
1459
620
-93
-746
-1365
-1845
-1885
-1553
-1241
-1032
-842
-802
-718
-356
-13
193
639
1352
2035
2590
3080
3361
3358
3292
3262
3260
3164
3140
3300
3399
3438
3491
3505
3361
3417
3729
2572
3
-1839
-2694
-4029
-5555
-6247
-6921
-7117
-5801
-3773
-2057
-500
1133
2719
4122
4351
3482
2476
1473
499
-236
-1102
-2332
-3020
-3208
-3525
-4029
-4588
-5146
-5162
-4208
-2613
-983
386
1755
3252
4242
4146
3303
1996
529
-713
-1642
-2373
-2838
-2794
-2256
-1497
-952
-581
-270
-83
90
363
548
609
980
1686
2296
2639
2849
2959
2951
2866
2768
2705
2670
2773
3017
3305
3469
3493
3415
3463
3618
4036
3329
590
-1919
-3083
-4253
-6178
-7155
-7624
-7881
-6520
-4088
-1863
-87
1756
3446
5093
5527
4274
2801
1595
538
-310
-1051
-2305
-3265
-3437
-3612
-4041
-4665
-5170
-5186
-4278
-2462
-424
1181
2570
4168
5305
5197
4014
2310
538
-1065
-2552
-3738
-4358
-4389
-3729
-2636
-1638
-853
-208
249
692
1148
1227
1005
1088
1527
1983
2215
2205
2190
2269
2292
2220
2197
2156
2141
2288
2578
2806
2799
2768
2991
3543
4018
4719
4302
1440
-1350
-2454
-3640
-6081
-7344
-7737
-8002
-6565
-3805
-1426
400
2413
4164
5770
6071
4564
2801
1508
380
-492
-1273
-2626
-3480
-3363
-3470
-4058
-4611
-5001
-5099
-4052
-2015
173
1595
2749
4133
4932
4527
3000
1166
-707
-2033
-2942
-3679
-4147
-4164
-3446
-2473
-1620
-1083
-707
-543
-160
582
1005
1068
1426
2257
2903
3154
2941
2501
2176
1993
1876
1767
1664
1657
1959
2408
2812
2910
2850
2940
3606
4427
5126
4346
1422
-1015
-2081
-3444
-5727
-6886
-7390
-7438
-5758
-3248
-1024
779
2500
4087
5665
5667
3908
2252
1017
32
-643
-1434
-2724
-3395
-3304
-3436
-3908
-4459
-4826
-4640
-3450
-1380
735
2154
3304
4468
4785
3987
2280
18
-2190
-3792
-4843
-5503
-5531
-4852
-3542
-2063
-806
290
1014
1268
1528
1920
1903
1499
1429
1689
1881
1902
1779
1531
1364
1360
1335
1391
1552
1719
2021
2407
2961
3334
3575
3922
4567
5226
5782
5834
3397
-97
-2148
-3387
-5720
-7527
-7942
-8287
-7361
-4795
-1984
179
2192
3969
5513
6322
5142
3137
1468
244
-584
-1242
-2391
-3507
-3591
-3601
-3938
-4322
-4583
-4731
-3980
-2029
288
2009
3153
4189
4669
4075
2408
47
-2278
-3826
-4720
-5295
-5333
-4788
-3640
-2149
-729
364
1105
1419
1540
1884
1962
1571
1319
1382
1480
1583
1564
1221
968
1107
1222
1175
1278
1556
1940
2416
3053
3666
3901
4039
4457
5081
5390
5830
5624
2652
-975
-2824
-4254
-6802
-8237
-8272
-8472
-7184
-4355
-1464
723
2801
4507
5954
6540
5177
3273
1666
460
-442
-1163
-2484
-3649
-3827
-3981
-4449
-4914
-5111
-5089
-4117
-2090
275
2042
3212
4214
4690
4163
2581
455
-1587
-3140
-4119
-4725
-4890
-4623
-3702
-2357
-1118
-40
726
1142
1443
2003
2275
2025
1605
1256
1089
923
614
209
92
228
557
1083
1499
1767
2099
2480
2868
3184
3310
3369
3742
4306
4768
5148
5466
5715
3798
-190
-3279
-4822
-6744
-8538
-8517
-8227
-7363
-4722
-1327
1550
3585
5024
6064
6952
6200
4033
1881
157
-946
-1631
-2566
-3954
-4623
-4782
-4845
-4896
-4933
-4713
-3914
-2184
285
2565
3687
4226
4589
4034
2332
-116
-2537
-4208
-4952
-5180
-4878
-4066
-2961
-1340
245
1207
1684
1981
1808
1544
1522
1099
348
79
343
624
806
757
610
792
1252
1408
1517
1765
2097
2584
3172
3653
3878
3922
4036
4463
4785
4698
4727
3801
396
-2892
-4288
-5574
-7334
-7497
-6858
-6406
-4615
-1787
817
2765
4226
5162
6072
5935
4248
2270
552
-702
-1500
-2391
-3757
-4584
-4688
-4832
-4876
-4689
-4353
-3885
-2608
-596
1540
2930
3682
4202
4163
3279
1364
-956
-2991
-4082
-4408
-4282
-3871
-3236
-2059
-807
184
1012
1494
1353
1116
1243
1104
510
-59
-230
31
461
636
630
843
1191
1703
2089
2284
2427
2558
2726
3073
3389
3265
3083
3368
3706
3819
3938
4271
4158
1684
-1608
-3404
-4232
-5842
-6911
-6622
-6229
-5016
-2641
118
2261
3695
4591
5467
5912
4572
2219
55
-1312
-2144
-2966
-4033
-4851
-4953
-4906
-4594
-4279
-3973
-3571
-2560
-796
1419
3131
3823
4211
4185
3514
2036
-29
-2236
-3854
-4689
-5156
-4903
-4119
-2981
-1629
-373
588
1319
1731
1605
1594
1756
1487
723
309
312
313
359
471
760
1158
1665
2058
2271
2299
2301
2365
2557
2774
2930
3006
3167
3555
3888
4296
4699
5095
3916
714
-2057
-3402
-4559
-6040
-6616
-6837
-6562
-4742
-2131
526
2495
3724
4620
5589
5139
3071
854
-851
-1859
-2406
-2979
-3856
-4405
-4579
-4421
-4195
-4185
-4107
-3485
-1998
251
2491
3712
4256
4496
4107
3051
1200
-1152
-2995
-3865
-4204
-4279
-4033
-3725
-3050
-2021
-1052
-148
473
857
1306
1942
2265
2032
1548
1186
1055
795
406
212
161
305
768
1323
1537
1493
1571
1780
2118
2387
2626
3032
3593
4143
4688
5267
5507
5961
5511
2338
-1304
-3239
-4627
-6718
-7450
-7303
-7279
-5860
-3098
-12
2105
3485
4412
5567
5570
3781
1723
-135
-1553
-2210
-2457
-3436
-4492
-4828
-4782
-4620
-4446
-4086
-3537
-2267
-27
2534
4059
4535
4678
4367
3277
1353
-1121
-3483
-4831
-5185
-4917
-4271
-3534
-2556
-1438
-295
780
1488
1680
1731
2110
2209
1751
1011
423
137
3
26
133
327
660
1233
1654
1696
1635
1615
1726
2227
3003
3439
3613
3867
4337
4678
4709
4686
4994
3886
431
-2413
-3548
-4854
-6464
-6764
-6715
-6527
-4829
-2332
180
2173
3450
4229
5041
4721
2945
944
-796
-1767
-2063
-2508
-3493
-4264
-4510
-4419
-4274
-4277
-3883
-3057
-1720
607
3140
4449
4707
4721
4153
2798
617
-1875
-3622
-4418
-4746
-4565
-4008
-3484
-2677
-1668
-782
145
1028
1439
1837
2440
2552
2065
1356
760
286
-72
-362
-371
20
506
992
1439
1783
1850
1795
2000
2523
3048
3237
3449
3952
4355
4488
4695
5001
5215
5423
3776
19
-3034
-4423
-5747
-7178
-7435
-7417
-6785
-4739
-1883
821
2465
3267
4028
4959
4461
2689
842
-646
-1424
-1614
-2224
-3468
-4310
-4682
-4847
-4795
-4353
-3801
-3011
-1253
1474
3714
4398
4266
3873
2972
1346
-774
-2800
-4111
-4561
-4473
-3966
-3381
-2719
-2059
-1233
-248
805
1438
1689
2226
2631
2472
1764
975
201
-324
-514
-355
68
633
1211
1732
2019
2092
2068
1994
2255
2987
3560
3732
3918
4162
4345
4441
4659
4838
5073
3672
192
-2735
-4170
-5305
-6623
-6869
-6861
-6513
-4756
-2216
284
1864
2849
3550
4438
4334
2923
1279
-16
-680
-1007
-1561
-2763
-3934
-4639
-4930
-4914
-4600
-4064
-3327
-1661
1013
3220
3888
3853
3581
2706
1481
66
-1620
-3039
-3448
-3180
-2940
-3102
-3373
-3353
-2837
-1791
-351
710
1191
1808
2614
2897
2248
1263
362
-208
-308
-99
146
340
720
1173
1582
1896
1855
1682
1978
2754
3421
3657
3776
3895
3986
4166
4557
4903
4890
5114
4178
641
-2885
-4704
-5924
-7358
-7674
-7383
-7103
-5437
-2738
26
1812
2751
3442
4304
4529
3497
2068
684
-160
-541
-1302
-2753
-4211
-5125
-5617
-5460
-4869
-4173
-3395
-1759
820
3143
4166
4201
3833
3095
2216
806
-1159
-2875
-3591
-3621
-3472
-3364
-3585
-3566
-2922
-1487
262
1453
1931
2376
2937
2785
1951
858
-124
-500
-53
588
966
1085
1173
1471
1718
1775
1682
1744
2129
3119
4116
4287
4054
3925
3869
3901
4237
4407
4408
4140
1866
-1420
-3680
-4973
-6197
-6992
-6979
-6938
-5965
-3958
-1492
704
1916
2539
3390
4158
3690
2559
1517
587
-119
-786
-1931
-3482
-4671
-5389
-5550
-5164
-4457
-3720
-2511
-348
2013
3429
3840
3648
3104
2385
1379
52
-1367
-2554
-3254
-3552
-3765
-4285
-4550
-4134
-3016
-1071
835
1963
2517
3035
3142
2581
1666
717
133
99
446
702
848
723
635
931
1300
1495
1594
1928
2818
3919
4524
4587
4420
4278
4122
4262
4580
4556
4711
3848
535
-2797
-4589
-5626
-6713
-6926
-6833
-6946
-5628
-3182
-655
1063
2061
2893
4081
4699
4064
2942
1688
643
-67
-999
-2570
-4190
-5272
-5755
-5491
-4882
-4381
-3731
-2236
166
2283
3247
3425
3333
2943
2267
1283
-51
-1445
-2618
-3270
-3537
-3841
-4272
-4387
-3731
-2661
-1046
373
1250
1959
2454
2473
2028
1648
1234
856
825
1053
1156
893
537
509
640
868
1256
1680
2079
2934
3827
3948
3847
3904
3938
4040
4442
4936
4944
5077
4596
1426
-2353
-4652
-5670
-6571
-7025
-7088
-7386
-6419
-3957
-1218
637
1532
2403
3756
4841
4613
3578
2243
1073
361
-546
-1949
-3694
-4913
-5544
-5311
-4861
-4564
-4266
-3134
-921
1308
2627
2904
2961
2819
2539
1891
918
-162
-1230
-1929
-2650
-3388
-4148
-4508
-4261
-3252
-1717
-543
223
1078
2001
2346
2425
2405
2245
1980
1677
1456
1205
809
289
126
385
805
1113
1462
1994
2816
3345
3510
3707
3901
4052
4270
4693
5061
5171
5007
4668
2047
-1933
-4632
-5845
-6344
-6669
-6722
-7292
-6822
-4651
-2313
-231
1066
2064
3217
4625
4858
3888
2606
1385
646
-145
-1350
-3087
-4526
-5377
-5387
-5093
-5045
-4861
-3907
-1946
290
2006
2695
2881
2977
2945
2789
2146
1124
73
-741
-1799
-2978
-3952
-4744
-5017
-4395
-3228
-2133
-1046
356
1657
2442
2812
2971
2837
2520
2308
2053
1555
933
426
129
18
117
354
781
1312
2114
2947
3365
3640
3997
4251
4360
4679
5079
5264
5018
4895
3050
-1009
-4036
-5194
-5530
-6099
-6408
-6907
-7114
-5546
-3148
-847
566
1564
2889
4488
5098
4339
3271
2123
1322
687
-417
-2177
-3947
-4986
-5334
-5219
-5278
-5298
-4726
-3112
-710
1212
2027
2312
2670
2902
3028
2851
2066
927
-48
-1192
-2437
-3803
-5102
-5672
-5229
-4044
-2946
-1657
-302
1032
2210
2957
3313
3201
2935
2590
2304
1780
982
282
-140
-200
-64
118
348
931
1750
2639
3290
3635
3713
3864
4247
4692
4818
4614
4332
4194
4039
1561
-2091
-4244
-4930
-5157
-5476
-5926
-6939
-6884
-4874
-2373
-268
872
1760
3020
4382
4619
3716
2533
1446
1017
574
-598
-2352
-3808
-4669
-4817
-4535
-4566
-4771
-4198
-2426
-438
867
1391
1781
2252
2853
3324
3017
2020
869
-98
-1392
-2847
-4226
-5304
-5504
-4615
-3295
-2249
-1246
-25
1266
2342
2986
3142
3031
2815
2673
2416
1690
743
75
-171
-225
-49
300
792
1443
2320
3247
3657
3725
3724
3850
3937
4028
4118
4143
4288
4428
3891
979
-2417
-4042
-4495
-4630
-5085
-5856
-6935
-6528
-4444
-2254
-627
182
1253
2680
3839
3719
2782
1972
1456
1409
946
-345
-2174
-3631
-4278
-4324
-4481
-5006
-5220
-4331
-2488
-734
203
647
1240
2049
2873
3194
2635
1704
940
276
-651
-1925
-3348
-4329
-4255
-3640
-3040
-2472
-1708
-557
570
1487
1808
2029
2352
2637
2869
2626
1951
1150
737
587
567
665
816
1254
1839
2431
2753
2788
2803
2744
2866
2988
3217
3607
3907
4174
4421
4425
2212
-1111
-2933
-3522
-3703
-4164
-4882
-6218
-6666
-5326
-3495
-1832
-854
215
1592
2964
3346
2784
2248
1921
2057
1833
895
-736
-2364
-3346
-3589
-3812
-4466
-4868
-4475
-3427
-2085
-1076
-470
195
1210
2278
2775
2615
2062
1473
831
20
-1011
-2268
-3177
-3448
-3266
-3072
-2824
-2110
-1154
-180
492
838
1149
1535
1988
2327
2478
2251
1719
1363
1375
1336
1204
1401
1882
2173
2209
2187
2034
1848
1845
2164
2418
2668
3086
3458
3777
4092
4158
2255
-646
-2163
-2540
-2764
-3511
-4674
-6094
-6578
-5277
-3462
-1984
-1193
-329
1027
2317
2717
2303
2139
2213
2576
2509
1620
5
-1605
-2528
-2847
-3251
-4072
-4649
-4469
-3499
-2264
-1481
-1070
-429
635
1672
2275
2275
1994
1638
1310
690
-332
-1537
-2509
-2716
-2592
-2571
-2618
-2213
-1475
-785
-240
137
479
979
1685
2299
2463
2193
1844
1702
1767
1715
1676
1694
1878
2050
2047
1962
1659
1492
1636
2018
2312
2460
2810
3170
3620
4131
4626
3309
211
-1749
-2183
-2229
-2868
-4071
-5789
-7006
-6071
-4353
-2928
-2069
-1137
255
1741
2565
2305
2199
2429
3035
3219
2364
620
-1133
-2188
-2568
-2855
-3615
-4453
-4753
-4088
-3098
-2555
-2271
-1620
-498
616
1611
2036
1968
1854
1997
1813
871
-497
-1868
-2399
-2261
-2125
-2291
-2484
-2351
-1993
-1279
-501
178
887
1576
2157
2392
2190
1829
1821
2210
2385
2274
2118
2131
2183
2127
2133
1942
1559
1301
1501
1960
2295
2700
3037
3374
3760
4245
3443
861
-1036
-1581
-1511
-1893
-3076
-4797
-6264
-5737
-4161
-2731
-2052
-1536
-558
629
1492
1496
1583
1891
2502
2885
2437
1078
-526
-1451
-1597
-1700
-2511
-3541
-4172
-4041
-3539
-3146
-2898
-2474
-1525
-247
920
1389
1436
1550
1760
1618
974
-6
-1021
-1414
-1424
-1676
-2141
-2472
-2309
-1929
-1379
-965
-568
61
790
1496
1896
1905
1767
1944
2360
2524
2435
2401
2435
2376
2154
1992
1731
1484
1507
1804
2115
2269
2532
2830
3218
3667
4116
3258
679
-962
-1125
-999
-1486
-2850
-4757
-6388
-5897
-4287
-2992
-2382
-1841
-801
277
977
1045
1287
1821
2593
3231
2794
1381
-65
-765
-944
-1279
-2245
-3511
-4366
-4308
-3743
-3371
-3178
-2591
-1467
-228
796
1356
1502
1652
2072
2167
1476
385
-479
-710
-791
-1194
-1823
-2406
-2434
-2025
-1333
-916
-624
-40
670
1252
1400
1242
1236
1702
2351
2688
2659
2511
2416
2382
2352
2349
2103
1792
1819
2059
2149
2095
2212
2359
2619
2953
3503
3321
1151
-840
-1207
-970
-1198
-2431
-4304
-6120
-6035
-4535
-3242
-2456
-2054
-1482
-569
351
582
639
1260
2268
3109
2890
1734
381
-513
-676
-728
-1467
-2842
-3915
-4151
-3760
-3354
-3174
-2785
-1960
-928
14
588
737
952
1529
1986
1743
977
90
-386
-470
-683
-1147
-1626
-1813
-1704
-1301
-1066
-1002
-743
-249
295
636
745
932
1481
2261
2811
2969
2748
2523
2584
2692
2785
2762
2553
2303
2251
2323
2140
1981
1999
2272
2637
3230
3555
1831
-401
-1044
-762
-763
-1715
-3431
-5375
-5855
-4561
-3223
-2442
-2194
-1848
-1081
-179
204
392
1076
2130
3117
3205
2184
743
-220
-378
-349
-933
-2253
-3469
-3963
-3709
-3288
-3205
-3103
-2571
-1664
-754
-207
-21
371
1158
1925
1963
1131
13
-537
-364
-212
-594
-1280
-1864
-2011
-1640
-1360
-1336
-1276
-899
-293
184
458
724
1252
2064
2691
2817
2575
2404
2654
3087
3475
3485
2928
2348
2105
2114
2008
1997
2130
2216
2446
2916
3362
2122
11
-836
-786
-728
-1403
-2925
-4796
-5560
-4422
-3001
-2203
-2182
-2121
-1513
-611
25
426
1116
1921
2704
2878
2094
840
-35
-105
61
-364
-1567
-2836
-3537
-3471
-3065
-2952
-3034
-2806
-2173
-1374
-665
-250
176
848
1601
1884
1374
498
-19
15
221
11
-597
-1357
-1898
-1842
-1654
-1529
-1330
-970
-455
-19
261
546
1026
1665
2236
2448
2404
2395
2714
3188
3467
3434
2985
2464
2154
2058
1966
1901
2030
2152
2356
2624
2977
2717
911
-717
-1126
-904
-928
-1901
-3526
-5112
-5172
-4031
-2910
-2359
-2306
-2069
-1396
-549
-27
483
1238
1986
2493
2296
1426
480
63
248
304
-436
-1715
-2897
-3355
-3212
-3010
-3008
-2995
-2704
-2162
-1425
-894
-468
191
1027
1601
1614
1089
516
312
439
506
182
-465
-1290
-1707
-1701
-1600
-1346
-910
-494
-236
-117
8
361
917
1537
1989
2131
2189
2463
2859
3188
3440
3421
2996
2491
2277
2213
2190
2295
2324
2204
2284
2707
3152
2420
342
-963
-971
-495
-517
-1784
-3919
-5411
-4875
-3453
-2568
-2331
-2393
-2155
-1359
-537
-99
305
1081
2007
2567
2210
1262
525
423
814
703
-363
-1905
-3009
-3292
-3111
-2937
-3025
-3078
-2847
-2250
-1613
-1158
-633
153
1026
1517
1493
1009
453
278
509
634
215
-578
-1386
-1857
-1836
-1498
-1153
-911
-768
-675
-633
-427
30
648
1249
1748
2030
2190
2437
2801
3323
3597
3492
3122
2758
2551
2471
2551
2575
2515
2514
2595
2773
2862
1849
-50
-999
-813
-438
-923
-2611
-4634
-5562
-4584
-3113
-2383
-2405
-2618
-2322
-1494
-602
18
646
1459
2223
2548
2058
1251
764
906
1186
777
-505
-1983
-2880
-3002
-2671
-2576
-2748
-2877
-2640
-2063
-1446
-919
-372
374
1009
1278
1115
655
405
604
888
711
12
-709
-1180
-1317
-1210
-1125
-1085
-1026
-884
-703
-615
-468
32
687
1190
1522
1690
2029
2456
2958
3338
3309
3066
2878
2858
2664
2451
2451
2478
2426
2426
2515
2589
2762
1772
-102
-953
-692
-365
-1018
-2679
-4601
-5378
-4448
-3328
-2906
-3021
-3173
-2837
-1828
-860
-327
360
1243
1978
2285
1943
1202
823
1112
1382
852
-438
-1762
-2502
-2523
-2260
-2302
-2659
-2813
-2471
-1873
-1364
-1014
-592
-21
471
764
741
453
343
652
894
709
253
-235
-697
-954
-815
-693
-712
-706
-692
-698
-655
-388
129
549
897
1224
1485
1791
2249
2815
3129
3065
2906
2785
2843
2871
2903
2809
2637
2616
2658
2882
3075
3138
2035
231
-573
-446
-229
-974
-2739
-4559
-5340
-4669
-3813
-3376
-3381
-3391
-2899
-1879
-943
-334
443
1368
2104
2363
1934
1287
1047
1333
1506
918
-316
-1632
-2327
-2331
-2140
-2294
-2686
-2809
-2584
-2119
-1694
-1413
-1066
-589
-81
177
179
93
328
784
939
674
182
-229
-464
-434
-362
-555
-731
-762
-736
-684
-607
-439
-93
279
658
1015
1267
1524
1962
2538
2886
2924
2818
2695
2751
2900
3042
2988
2782
2725
2793
2949
3069
3262
2697
1064
-114
-298
-131
-541
-1943
-3891
-5298
-5066
-4115
-3567
-3564
-3676
-3443
-2588
-1506
-855
-322
418
1251
1798
1724
1299
1081
1431
1864
1696
668
-634
-1407
-1436
-1175
-1249
-1659
-2121
-2281
-2069
-1791
-1652
-1472
-1069
-578
-331
-362
-393
-71
456
803
686
188
-207
-237
-17
110
-53
-287
-445
-490
-392
-285
-220
-48
228
436
589
754
1040
1431
1891
2218
2278
2167
2179
2430
2681
2810
2752
2589
2608
2837
3133
3253
3313
3292
2118
586
60
204
90
-952
-2814
-4628
-5190
-4462
-3718
-3507
-3688
-3811
-3488
-2601
-1853
-1306
-468
422
1090
1285
1125
1056
1470
2128
2234
1500
334
-550
-726
-500
-434
-911
-1633
-2129
-2263
-2148
-2014
-1837
-1550
-1221
-993
-947
-805
-506
-83
183
139
-107
-251
-66
147
213
129
-27
-81
-33
147
234
191
172
208
274
398
635
889
1132
1384
1589
1670
1722
1860
2131
2435
2619
2645
2601
2682
3003
3312
3600
3736
3852
3483
1997
778
568
672
259
-1226
-3237
-4759
-4887
-4055
-3438
-3488
-3969
-4194
-3730
-2851
-2127
-1408
-522
176
658
833
870
1171
1833
2390
2208
1360
440
-45
70
259
23
-742
-1533
-1967
-2093
-2000
-1934
-1819
-1613
-1405
-1309
-1404
-1458
-1309
-858
-414
-381
-592
-714
-563
-175
288
506
394
340
453
584
625
562
459
397
508
678
722
711
771
940
1110
1253
1339
1345
1497
1802
2082
2238
2359
2599
2921
3315
3789
3996
4023
3288
1903
1201
1249
1288
502
-1341
-3356
-4393
-3980
-3222
-3129
-3710
-4364
-4474
-3801
-2938
-2375
-1715
-895
-254
173
431
687
1265
2107
2572
2193
1372
772
641
856
862
347
-400
-992
-1315
-1369
-1311
-1339
-1282
-1160
-1255
-1586
-1832
-1817
-1565
-1208
-1092
-1370
-1550
-1259
-721
-191
99
233
427
736
1057
1179
1118
1024
1062
1152
1131
1071
964
844
759
746
734
789
926
986
1087
1270
1414
1599
2016
2598
3092
3391
3547
3589
3816
3486
2402
1639
1411
1250
500
-1163
-2954
-3905
-3614
-3047
-3174
-4023
-4822
-4870
-4139
-3258
-2746
-2307
-1715
-1100
-484
-59
286
895
1710
2161
1926
1340
898
890
1192
1319
931
208
-390
-662
-571
-455
-581
-777
-1029
-1345
-1670
-1940
-2102
-2075
-1897
-1860
-1984
-1982
-1748
-1267
-610
-34
314
566
822
1078
1345
1627
1729
1702
1647
1550
1396
1191
1000
888
822
805
828
748
576
592
866
1273
1715
2177
2477
2674
2957
3311
3599
3914
3804
2689
1685
1413
1328
974
-204
-1854
-3027
-3198
-2887
-2952
-3531
-4243
-4471
-4039
-3322
-2889
-2575
-2071
-1537
-970
-515
-196
358
1162
1679
1626
1245
867
888
1285
1558
1354
764
213
-36
-6
83
-132
-581
-1074
-1537
-1925
-2314
-2571
-2615
-2571
-2579
-2694
-2702
-2453
-1793
-982
-390
-70
110
413
949
1493
1884
1940
1774
1584
1507
1487
1429
1326
1166
942
735
657
614
590
727
933
1241
1540
1847
2203
2481
2743
3020
3283
3531
3741
3081
1867
1329
1413
1449
732
-783
-2250
-2902
-2634
-2401
-2774
-3532
-4033
-3973
-3412
-2925
-2719
-2450
-2010
-1500
-1019
-637
-198
435
1020
1238
1133
903
950
1373
1779
1789
1392
893
637
598
592
383
-138
-711
-1212
-1559
-1867
-2206
-2452
-2624
-2701
-2679
-2564
-2418
-2087
-1485
-904
-461
-132
225
754
1301
1700
1798
1640
1497
1531
1671
1703
1500
1144
833
692
713
763
644
574
694
991
1296
1437
1629
1876
2240
2611
2797
2850
3030
2996
2144
1327
1154
1268
1108
154
-1294
-2468
-2649
-2199
-2010
-2457
-3262
-3810
-3641
-2993
-2558
-2372
-2145
-1861
-1493
-1034
-652
-285
292
856
1099
1008
882
959
1310
1694
1717
1281
780
522
428
387
144
-376
-973
-1429
-1667
-1951
-2267
-2471
-2558
-2570
-2515
-2429
-2267
-1814
-1177
-640
-266
42
461
978
1446
1722
1669
1485
1503
1690
1775
1643
1369
1102
1007
1062
1137
1078
960
1023
1148
1345
1495
1635
1855
2060
2226
2339
2470
2650
2832
2494
1607
1079
1134
1304
850
-370
-1717
-2340
-2065
-1669
-1834
-2649
-3461
-3637
-3111
-2556
-2438
-2432
-2284
-1955
-1474
-1036
-735
-290
392
882
952
774
695
926
1386
1646
1390
818
412
296
328
253
-185
-755
-1168
-1359
-1511
-1822
-2188
-2445
-2451
-2291
-2186
-2166
-2012
-1583
-1050
-567
-237
33
438
924
1303
1416
1304
1250
1409
1615
1630
1431
1194
1111
1182
1236
1189
1031
1015
1179
1363
1467
1435
1484
1700
1984
2215
2314
2344
2461
2580
2186
1502
1172
1248
1207
540
-657
-1719
-2001
-1674
-1471
-1923
-2812
-3436
-3356
-2780
-2380
-2350
-2403
-2301
-1944
-1440
-982
-619
-141
394
729
766
675
737
1088
1528
1658
1311
756
392
356
487
358
-146
-682
-1037
-1244
-1455
-1767
-2104
-2249
-2132
-1977
-1984
-2045
-1884
-1439
-878
-412
-153
64
375
736
1052
1202
1230
1302
1456
1547
1480
1297
1163
1219
1371
1435
1304
1063
996
1156
1400
1531
1503
1497
1638
1914
2170
2255
2288
2423
2423
1938
1324
1052
1047
875
197
-869
-1719
-1940
-1706
-1638
-2117
-2917
-3420
-3268
-2763
-2441
-2404
-2454
-2360
-1988
-1418
-925
-544
-132
263
507
549
542
700
1077
1414
1372
938
443
196
285
446
290
-220
-783
-1178
-1343
-1409
-1572
-1795
-1938
-2013
-2056
-2050
-1891
-1533
-1084
-722
-526
-354
-31
408
838
1121
1189
1198
1343
1537
1649
1662
1597
1552
1589
1630
1606
1484
1368
1356
1435
1508
1523
1542
1631
1747
1870
1965
2055
2208
2347
2095
1445
934
873
977
742
-66
-1058
-1672
-1658
-1421
-1546
-2151
-2847
-3113
-2864
-2522
-2397
-2422
-2388
-2176
-1735
-1254
-889
-535
-129
241
430
441
468
668
985
1175
1015
601
218
122
284
364
73
-473
-948
-1146
-1131
-1204
-1506
-1833
-1996
-1964
-1856
-1814
-1756
-1514
-1104
-740
-525
-355
-111
279
732
990
996
1004
1163
1362
1536
1594
1510
1468
1528
1572
1505
1396
1370
1463
1600
1651
1577
1542
1636
1811
1964
2028
1999
2017
2006
1711
1239
942
895
848
458
-329
-1153
-1558
-1490
-1372
-1594
-2201
-2805
-2956
-2632
-2247
-2111
-2175
-2209
-2001
-1513
-1017
-681
-443
-174
91
250
282
335
526
804
932
775
442
210
250
438
438
111
-341
-682
-851
-927
-1055
-1276
-1507
-1670
-1709
-1682
-1551
-1270
-940
-720
-614
-453
-159
239
640
879
904
919
1091
1335
1534
1634
1583
1473
1451
1490
1502
1476
1426
1376
1366
1389
1400
1458
1546
1573
1555
1589
1694
1807
1843
1587
1114
783
747
728
405
-303
-1084
-1527
-1540
-1487
-1703
-2199
-2668
-2809
-2576
-2276
-2153
-2163
-2118
-1920
-1553
-1170
-892
-666
-403
-150
7
50
65
188
457
664
632
419
224
218
385
487
311
-63
-415
-611
-680
-762
-966
-1244
-1435
-1485
-1455
-1346
-1149
-925
-735
-599
-460
-245
77
435
714
836
888
1007
1222
1451
1593
1614
1573
1572
1619
1651
1625
1576
1559
1616
1674
1647
1585
1605
1682
1756
1799
1813
1814
1804
1629
1247
863
670
554
310
-190
-835
-1348
-1509
-1477
-1559
-1872
-2283
-2540
-2460
-2175
-1966
-1936
-1979
-1935
-1684
-1278
-944
-784
-662
-499
-319
-164
-80
-17
128
331
430
360
218
129
193
324
282
-14
-390
-665
-775
-810
-957
-1242
-1481
-1540
-1454
-1308
-1160
-1053
-928
-723
-470
-225
17
258
479
673
828
942
1060
1204
1351
1458
1500
1500
1499
1537
1587
1617
1638
1685
1720
1720
1688
1682
1708
1741
1785
1833
1835
1735
1469
1100
807
691
594
310
-188
-739
-1122
-1236
-1262
-1418
-1724
-2020
-2165
-2129
-2008
-1930
-1899
-1843
-1722
-1543
-1316
-1096
-912
-727
-533
-388
-299
-219
-102
66
246
326
273
181
151
200
245
165
-71
-340
-518
-612
-721
-893
-1081
-1162
-1103
-1012
-984
-974
-883
-661
-377
-158
-43
68
262
494
695
818
894
988
1124
1244
1297
1312
1357
1449
1539
1559
1513
1494
1563
1650
1632
1527
1449
1473
1543
1556
1484
1371
1258
1092
839
571
362
214
9
-340
-771
-1121
-1267
-1276
-1327
-1500
-1733
-1876
-1854
-1702
-1552
-1469
-1421
-1347
-1205
-1018
-840
-706
-597
-484
-380
-313
-290
-279
-234
-157
-97
-104
-176
-268
-343
-386
-428
-519
-667
-830
-972
-1059
-1082
-1050
-983
-921
-876
-824
-712
-506
-231
17
173
273
386
557
767
962
1103
1181
1226
1272
1328
1382
1422
1465
1527
1562
1530
1435
1368
1404
1506
1564
1520
1413
1350
1373
1434
1474
1452
1355
1171
937
730
584
443
212
-144
-538
-839
-994
-1076
-1178
-1345
-1525
-1631
-1636
-1565
-1483
-1406
-1323
-1222
-1119
-1029
-949
-842
-692
-545
-465
-483
-541
-556
-496
-405
-355
-378
-451
-527
-595
-655
-704
-734
-781
-892
-1054
-1189
-1202
-1091
-949
-879
-894
-895
-777
-520
-230
-24
68
128
257
467
703
907
1062
1174
1248
1288
1317
1364
1449
1560
1632
1595
1456
1323
1320
1457
1602
1619
1494
1374
1365
1442
1507
1498
1448
1387
1281
1078
827
609
448
282
18
-356
-730
-982
-1078
-1107
-1203
-1395
-1596
-1668
-1568
-1417
-1336
-1353
-1378
-1315
-1162
-991
-875
-817
-765
-682
-598
-557
-559
-544
-475
-381
-333
-370
-446
-483
-465
-426
-435
-525
-644
-732
-751
-731
-718
-720
-717
-670
-582
-476
-368
-252
-111
49
198
325
447
602
799
992
1127
1188
1209
1237
1306
1394
1456
1470
1443
1390
1344
1334
1378
1443
1485
1473
1414
1346
1292
1278
1304
1315
1246
1054
781
535
372
255
69
-236
-589
-883
-1058
-1143
-1225
-1349
-1485
-1580
-1600
-1561
-1507
-1455
-1402
-1343
-1272
-1192
-1100
-982
-843
-719
-649
-637
-638
-605
-524
-437
-400
-425
-474
-499
-491
-471
-483
-524
-572
-618
-666
-698
-696
-661
-611
-570
-544
-492
-393
-246
-82
56
173
289
438
624
815
992
1132
1230
1295
1342
1390
1445
1498
1531
1533
1509
1485
1469
1470
1474
1475
1465
1435
1401
1348
1273
1196
1140
1109
1050
914
687
439
249
109
-33
-255
-541
-800
-968
-1049
-1112
-1207
-1332
-1414
-1428
-1391
-1357
-1343
-1330
-1286
-1200
-1099
-1021
-968
-902
-798
-686
-615
-609
-623
-600
-521
-435
-411
-456
-521
-548
-529
-514
-550
-618
-682
-714
-705
-679
-654
-627
-582
-518
-441
-360
-265
-153
-22
106
217
322
439
597
777
918
989
1016
1041
1112
1207
1279
1298
1290
1305
1344
1395
1430
1439
1442
1453
1459
1442
1390
1327
1265
1204
1140
1047
910
743
562
387
219
49
-136
-334
-520
-679
-807
-913
-1014
-1107
-1183
-1238
-1260
-1257
-1244
-1234
-1219
-1181
-1116
-1033
-959
-904
-852
-785
-715
-655
-620
-598
-563
-515
-466
-453
-475
-493
-497
-492
-502
-546
-590
-599
-572
-522
-481
-452
-419
-364
-282
-186
-98
-31
36
125
233
343
445
543
646
751
839
897
931
974
1040
1108
1155
1182
1198
1221
1260
1300
1324
1331
1326
1318
1307
1287
1245
1178
1095
1009
929
838
727
591
430
269
122
-25
-187
-360
-534
-687
-816
-928
-1038
-1142
-1221
-1271
-1297
-1305
-1312
-1305
-1269
-1204
-1122
-1052
-991
-932
-849
-750
-673
-629
-617
-594
-547
-488
-457
-465
-489
-504
-505
-501
-515
-543
-549
-524
-473
-431
-399
-364
-298
-204
-104
-25
38
116
216
331
423
488
545
627
736
829
877
896
915
970
1039
1090
1103
1092
1094
1124
1170
1191
1188
1186
1189
1199
1189
1148
1089
1031
978
913
822
716
610
511
412
280
121
-48
-199
-321
-438
-571
-712
-833
-918
-976
-1027
-1077
-1120
-1145
-1134
-1115
-1094
-1069
-1041
-1001
-956
-907
-859
-814
-773
-742
-720
-700
-677
-651
-632
-621
-627
-640
-647
-632
-599
-564
-527
-496
-464
-416
-354
-279
-197
-117
-39
41
131
230
322
401
476
544
618
701
781
845
890
938
987
1039
1076
1105
1125
1138
1157
1169
1182
1186
1189
1187
1171
1136
1088
1042
990
935
862
762
661
571
486
393
278
140
8
-114
-213
-312
-430
-550
-657
-740
-814
-879
-936
-974
-995
-1008
-1025
-1043
-1057
-1048
-1034
-1027
-1028
-1026
-1005
-966
-927
-892
-869
-850
-816
-772
-738
-725
-710
-683
-641
-583
-529
-482
-431
-370
-304
-239
-174
-103
-25
59
134
210
284
361
442
515
572
619
669
723
781
827
851
868
894
927
964
993
1013
1024
1035
1039
1031
1017
1004
994
979
949
899
855
806
758
700
622
537
449
365
274
172
64
-39
-130
-217
-310
-413
-520
-616
-692
-756
-812
-863
-900
-915
-922
-928
-926
-921
-906
-888
-875
-870
-866
-846
-815
-777
-747
-719
-692
-664
-631
-604
-582
-559
-535
-505
-472
-435
-400
-351
-286
-221
-159
-110
-55
11
79
147
211
276
345
417
484
538
583
623
661
688
700
699
706
718
734
756
773
787
797
808
817
817
812
807
803
797
783
761
731
709
686
648
590
523
445
365
289
202
118
32
-47
-124
-210
-300
-388
-461
-517
-577
-637
-683
-713
-725
-726
-718
-706
-691
-673
-652
-639
-639
-637
-626
-616
-605
-599
-603
-602
-593
-579
-577
-579
-581
-575
-563
-544
-522
-491
-445
-389
-327
-269
-219
-164
-103
-34
37
94
150
218
287
350
399
441
478
506
525
532
531
530
534
546
555
564
574
589
611
624
641
646
656
670
678
684
671
664
658
651
634
596
545
489
431
364
300
231
164
100
35
-28
-97
-160
-219
-277
-326
-374
-420
-450
-466
-468
-463
-452
-434
-413
-389
-377
-372
-367
-358
-355
-362
-381
-406
-427
-442
-457
-479
-503
-525
-547
-552
-546
-541
-522
-494
-459
-418
-378
-331
-282
-232
-179
-131
-82
-36
12
61
105
148
188
225
255
274
285
289
292
299
304
309
308
310
316
326
340
355
369
386
409
432
451
465
478
496
510
509
499
481
459
430
392
351
307
258
210
160
108
62
16
-23
-56
-90
-118
-139
-156
-159
-159
-159
-150
-137
-125
-118
-114
-110
-107
-108
-121
-141
-169
-202
-234
-266
-300
-340
-379
-420
-455
-483
-501
-511
-517
-516
-508
-493
-466
-435
-409
-378
-342
-303
-259
-214
-173
-137
-102
-62
-24
15
53
80
96
114
136
153
169
176
179
180
186
199
214
230
243
259
285
313
347
375
396
418
437
454
467
467
459
438
415
392
372
347
313
277
244
214
194
177
160
139
123
119
113
113
110
100
85
69
56
48
35
17
-3
-35
-62
-90
-110
-139
-178
-217
-256
-295
-327
-361
-397
-426
-456
-478
-487
-489
-493
-497
-495
-477
-453
-423
-389
-363
-338
-305
-271
-241
-210
-186
-169
-154
-131
-114
-94
-79
-75
-65
-57
-39
-28
-14
-2
12
31
57
85
112
141
164
194
226
263
297
319
338
349
364
375
377
375
363
347
336
330
320
305
287
276
264
260
257
252
245
234
227
221
216
207
195
175
157
141
123
103
88
64
31
5
-24
-49
-75
-107
-142
-176
-206
-234
-260
-290
-313
-333
-350
-359
-362
-363
-361
-348
-336
-322
-300
-285
-267
-255
-237
-224
-217
-205
-204
-200
-198
-199
-192
-185
-182
-176
-161
-147
-137
-122
-100
-82
-58
-32
-9
17
45
72
101
131
156
181
202
221
234
246
259
267
270
268
268
267
262
259
253
245
235
229
223
219
212
205
200
197
195
194
190
186
175
169
160
151
135
116
103
77
56
33
8
-17
-44
-66
-92
-117
-137
-159
-178
-195
-205
-210
-212
-218
-220
-215
-213
-207
-202
-200
-194
-191
-191
-187
-188
-188
-191
-196
-200
-199
-202
-205
-205
-202
-200
-192
-179
-166
-147
-130
-109
-88
-66
-38
-11
13
40
64
84
105
125
138
151
163
171
178
181
185
189
184
185
187
187
187
189
190
193
200
209
211
215
220
225
225
225
226
229
224
210
195
183
169
151
133
108
82
55
30
5
-23
-46
-66
-80
-99
-113
-120
-132
-136
-136
-137
-138
-142
-145
-150
-152
-154
-156
-161
-165
-171
-186
-194
-204
-208
-214
-220
-219
-221
-217
-208
-197
-189
-176
-167
-150
-125
-98
-70
-51
-24
-3
19
36
53
66
78
87
92
98
101
107
108
105
106
105
104
109
113
118
117
122
130
138
150
159
167
170
177
187
188
191
189
185
181
166
155
149
133
111
89
61
37
22
3
-16
-35
-54
-72
-81
-89
-97
-104
-109
-114
-110
-106
-105
-107
-111
-115
-121
-120
-120
-122
-132
-139
-149
-158
-160
-163
-165
-169
-173
-175
-169
-157
-150
-140
-129
-113
-97
-75
-49
-29
-13
7
29
46
63
76
87
96
93
88
87
93
99
98
89
75
69
75
82
82
78
76
75
79
93
103
112
122
127
136
142
146
151
160
157
146
136
127
124
117
98
79
54
35
21
9
-6
-24
-45
-58
-67
-75
-81
-88
-93
-96
-97
-92
-90
-85
-79
-81
-86
-86
-83
-76
-72
-80
-96
-105
-108
-111
-109
-116
-127
-131
-131
-122
-113
-109
-105
-97
-86
-73
-61
-45
-32
-13
0
9
25
36
46
52
54
53
52
56
63
60
51
43
36
34
32
34
33
28
31
35
41
51
61
73
83
89
96
103
116
130
138
137
133
134
138
136
132
115
98
86
76
61
46
33
15
-1
-15
-28
-36
-39
-42
-56
-63
-65
-64
-59
-55
-54
-55
-55
-49
-43
-38
-43
-55
-63
-66
-66
-68
-73
-82
-82
-88
-89
-87
-91
-82
-80
-78
-74
-66
-51
-38
-26
-27
-21
-12
2
10
16
17
10
7
12
11
12
12
7
1
-5
-1
0
-2
0
-1
-5
-4
1
11
23
26
30
37
42
53
64
66
67
67
68
71
72
69
63
55
49
43
39
33
25
19
8
-3
-8
-9
-9
-14
-19
-21
-23
-19
-13
-12
-14
-14
-14
-15
-12
-9
-9
-8
-11
-12
-9
-11
-11
-14
-18
-20
-21
-23
-19
-16
-18
-17
-19
-16
-12
-9
-4
-9
-8
-6
-4
2
4
3
5
5
5
2
0
-1
-2
-3
-8
-9
-12
-17
-14
-14
-16
-17
-18
-13
-8
-8
-9
-5
-4
4
7
4
4
1
1
2
3
0
0
1
-3
-5
-7
-9
-12
-11
-9
-9
-6
-6
-5
-9
-9
-10
-11
-6
-1
0
-6
-9
-8
-6
-6
0
4
0
0
-1
0
1
2
-2
0
0
-1
-1
-4
-6
-3
1
-1
-2
4
7
11
16
15
15
12
11
7
6
8
12
9
7
7
6
5
5
9
8
3
3
2
-2
-1
-2
1
-1
-5
-1
-5
-6
-5
-4
-6
-5
-7
-9
-10
-9
-11
-12
-8
-7
-4
-6
0
-2
0
6
5
6
8
7
9
9
9
11
12
16
14
14
16
18
20
20
20
24
29
28
30
32
35
34
33
35
34
34
32
28
29
27
25
18
14
14
13
9
10
8
3
1
-2
1
-3
-10
-13
-13
-11
-10
-13
-16
-19
-24
-29
-31
-35
-34
-35
-34
-34
-41
-39
-39
-43
-42
-43
-45
-45
