-1
-1
1
1
0
0
-2
-3
-4
-2
-2
-3
-2
-1
-2
-2
-1
-1
-2
-1
-2
-3
-3
-5
-4
-4
-4
-5
-5
-4
-3
-3
-3
-3
-2
-1
-1
-2
0
-1
-2
-1
-1
-1
0
2
3
2
1
2
1
2
2
3
3
1
1
2
0
1
1
0
1
0
2
-1
0
2
1
0
0
-1
1
2
2
3
3
1
-1
1
2
2
1
2
2
3
3
3
3
3
3
4
5
6
5
5
5
6
6
6
5
5
4
3
2
1
1
1
1
2
0
0
0
0
-1
-1
-2
-3
-3
-2
-2
-2
-2
-3
-3
-2
-1
-1
-2
-2
-1
0
-1
1
1
1
1
1
1
0
0
0
-1
-1
0
1
0
0
2
0
0
-1
-2
0
1
1
1
1
2
2
2
2
1
1
2
2
3
3
3
3
2
1
2
2
0
-1
-1
0
-2
-2
-1
-2
-2
-3
-3
-4
-3
-3
-1
-3
-3
-3
-1
-2
-3
-1
-2
-1
0
0
2
-1
-2
-4
-2
-1
0
1
-1
-1
1
3
2
1
1
2
1
1
-1
-3
-2
0
-4
-2
-6
-8
-8
-6
-5
-9
-8
-8
-9
-5
-7
-5
-3
-3
-3
-5
-3
0
0
2
0
-3
-4
-1
2
3
4
3
1
5
6
6
7
10
11
12
10
8
7
7
8
7
7
4
0
-2
-2
-1
2
1
0
0
-1
1
4
7
9
9
9
5
7
8
6
4
-4
-8
-15
-14
-16
-25
-29
-31
-32
-28
-27
-28
-28
-25
-18
-21
-15
-10
-8
-4
-2
-2
-3
1
5
1
-6
-5
-6
1
3
-5
-12
-14
-9
-4
-2
-2
-8
-8
-1
2
2
3
5
6
6
9
10
13
20
21
24
25
26
26
27
31
39
40
43
37
30
29
34
42
39
31
23
17
19
25
18
11
6
4
0
-7
-10
-17
-16
-14
-24
-33
-39
-41
-40
-42
-45
-55
-62
-60
-64
-62
-58
-55
-53
-53
-52
-50
-42
-30
-28
-29
-27
-21
-10
-3
-5
-7
-10
-2
2
5
6
3
10
17
19
22
26
33
46
56
57
57
65
77
84
92
92
88
92
95
95
90
85
77
66
64
54
34
21
4
-10
-19
-29
-44
-63
-72
-80
-87
-81
-78
-74
-64
-58
-56
-53
-39
-24
-12
-4
-16
-38
-38
-34
-32
-37
-61
-92
-109
-104
-97
-98
-95
-94
-86
-61
-37
-13
17
43
67
84
108
124
137
153
150
138
137
131
115
97
75
51
43
49
37
10
-2
-6
7
26
7
-47
-84
-66
-31
-22
-58
-143
-209
-184
-116
-74
-89
-145
-189
-170
-83
0
39
45
29
34
75
119
150
166
161
133
90
63
44
38
34
1
-55
-102
-132
-127
-104
-86
-84
-83
-77
-63
-24
10
30
48
61
60
57
66
73
63
56
43
6
-12
-29
-38
-48
-57
-81
-125
-142
-117
-92
-58
-102
-253
-318
-237
-85
-8
-45
-196
-315
-191
102
258
268
150
29
73
265
431
444
341
226
156
189
259
249
222
163
85
38
20
38
73
116
121
62
34
74
140
236
255
178
85
55
84
126
119
23
-127
-208
-199
-166
-142
-184
-257
-301
-280
-216
-146
-90
-48
-30
-1
32
65
104
149
175
148
92
31
-17
-28
-48
-104
-176
-274
-358
-392
-449
-518
-533
-490
-475
-472
-443
-429
-376
-216
-68
-2
36
55
101
174
268
312
309
286
269
268
302
284
268
268
240
219
206
199
203
209
218
226
228
260
285
323
338
341
330
212
81
30
-9
-61
-125
-335
-568
-627
-511
-421
-367
-396
-507
-498
-293
-70
101
201
189
201
297
437
538
602
558
463
360
282
184
124
51
-75
-220
-379
-502
-535
-506
-492
-474
-478
-452
-395
-258
-113
5
86
135
179
252
321
375
356
201
105
90
60
-52
-171
-354
-542
-645
-638
-658
-595
-522
-564
-594
-517
-323
-11
265
340
290
278
406
589
796
834
689
542
456
441
513
507
398
246
113
69
87
160
184
150
133
117
160
304
448
531
445
223
108
137
196
163
-30
-344
-600
-616
-498
-460
-494
-588
-667
-580
-394
-229
-79
2
66
162
270
359
445
528
554
520
433
304
201
146
61
-58
-236
-427
-574
-756
-847
-781
-718
-787
-856
-927
-930
-705
-390
-315
-357
-314
-225
-11
260
359
277
269
323
389
456
468
362
289
308
314
299
290
255
229
262
297
304
340
422
519
592
642
646
687
764
841
926
909
576
16
-256
-109
40
-135
-624
-1358
-1809
-1481
-797
-547
-764
-1100
-1297
-951
-143
467
632
569
446
529
904
1240
1321
1262
1071
739
484
315
168
53
-149
-556
-1013
-1325
-1389
-1243
-1083
-1127
-1344
-1418
-1210
-785
-369
-142
-159
-182
-31
285
559
712
651
444
319
318
365
374
286
88
-113
-252
-254
-194
-103
-81
-120
-118
-62
100
348
532
618
673
729
812
935
1092
1171
1133
1113
1092
1057
1045
1113
909
99
-596
-463
-161
-359
-796
-1594
-2482
-2270
-1133
-690
-948
-1206
-1559
-1376
-220
722
812
791
667
578
1076
1614
1573
1477
1331
829
471
328
50
-140
-268
-774
-1354
-1664
-1795
-1602
-1366
-1549
-1749
-1587
-1310
-902
-350
-179
-232
79
563
783
986
1058
889
784
843
803
631
441
184
-27
-106
-192
-352
-359
-325
-331
-226
-111
-30
134
418
666
875
1057
1197
1328
1462
1612
1705
1720
1669
1543
565
-514
-237
530
126
-884
-1884
-3095
-2933
-1193
-411
-1435
-2083
-2403
-2124
-636
821
690
221
218
309
1021
1968
2072
1654
1654
1299
946
890
863
554
280
-310
-1161
-1637
-1647
-1466
-1386
-1654
-2145
-2220
-1871
-1329
-795
-528
-583
-485
50
592
930
1131
1145
987
952
1066
1061
894
650
361
68
-124
-204
-238
-275
-403
-517
-517
-397
-177
138
395
521
663
925
1214
1433
1670
1844
1888
1855
1968
1878
1137
179
-30
240
83
-644
-1726
-2938
-3238
-2203
-1327
-1572
-2259
-2669
-2532
-1398
-6
535
355
250
388
1001
1873
2313
2223
2006
1711
1396
1259
1107
802
387
-239
-1059
-1625
-1802
-1801
-1828
-2088
-2487
-2594
-2195
-1566
-1091
-903
-877
-582
147
893
1246
1273
1176
1187
1351
1563
1481
1075
669
426
319
202
-7
-262
-440
-528
-546
-509
-405
-234
54
297
383
586
980
1407
1710
1909
1955
1970
2219
2407
1970
808
104
314
610
40
-1143
-2655
-3523
-2885
-1652
-1543
-2458
-3143
-3306
-2324
-728
243
-2
-222
-45
604
1615
2404
2414
2147
2029
1801
1702
1639
1451
931
302
-599
-1520
-1949
-1920
-1864
-2217
-2834
-3241
-2906
-2090
-1369
-1167
-1285
-1150
-371
737
1375
1474
1277
1268
1528
1960
2070
1714
1206
862
690
553
340
37
-213
-414
-587
-701
-673
-496
-198
45
98
182
565
1159
1692
1932
1990
2081
2394
2660
2368
1173
378
746
1195
496
-886
-2480
-3561
-2919
-1469
-1470
-2794
-3686
-3827
-2830
-1110
-82
-493
-830
-596
149
1354
2338
2344
2040
2013
1892
1846
1964
1864
1316
621
-308
-1210
-1549
-1547
-1784
-2304
-2836
-3111
-2803
-2180
-1799
-1679
-1541
-1124
-391
504
952
1039
1181
1449
1746
2032
2135
1850
1448
1215
1068
888
694
427
59
-269
-533
-605
-559
-399
-288
-223
-148
13
450
990
1415
1621
1799
2013
2389
2793
2620
1323
327
808
1533
1034
-359
-2111
-3550
-3153
-1451
-1126
-2502
-3725
-4156
-3377
-1619
-357
-670
-1200
-1158
-518
759
1965
2121
1810
1781
1708
1744
1961
2021
1630
1059
183
-720
-1098
-1117
-1315
-1807
-2441
-2911
-2735
-2204
-1834
-1761
-1727
-1493
-879
-6
538
669
806
1010
1312
1686
1923
1821
1490
1254
1117
1041
961
753
411
100
-166
-279
-272
-165
-59
25
110
191
469
892
1250
1512
1786
1987
2207
2548
2667
1714
470
565
1433
1339
162
-1464
-3161
-3409
-1814
-836
-1982
-3442
-4155
-3786
-2221
-616
-612
-1414
-1548
-991
188
1549
2026
1635
1525
1602
1686
1937
2158
1881
1306
551
-340
-886
-913
-984
-1446
-2218
-2937
-3005
-2411
-1786
-1645
-1902
-2065
-1591
-521
428
682
560
455
746
1461
2043
2058
1623
1225
1046
1142
1294
1165
692
230
-88
-231
-187
-72
10
-6
-36
-2
273
709
1125
1431
1684
1830
1995
2338
2796
2649
1442
506
909
1554
1085
-221
-1985
-3349
-2885
-1271
-1144
-2614
-3886
-4225
-3339
-1593
-549
-1114
-1781
-1593
-682
692
1814
1830
1364
1324
1504
1841
2194
2201
1681
1053
288
-387
-577
-627
-976
-1614
-2336
-2890
-2676
-1991
-1645
-1849
-2123
-2072
-1403
-284
366
322
141
311
860
1581
1977
1760
1336
1158
1273
1468
1476
1149
668
332
130
72
112
146
126
82
21
85
424
877
1203
1356
1494
1574
1853
2380
2854
2143
661
267
1236
1679
823
-755
-2687
-3368
-1991
-597
-1522
-3192
-4201
-4028
-2602
-924
-804
-1840
-2093
-1513
-316
1034
1680
1190
937
1216
1552
1912
2177
2040
1466
852
148
-268
-271
-329
-817
-1710
-2469
-2633
-2074
-1524
-1565
-2066
-2358
-1954
-947
10
186
-98
-170
315
1116
1753
1841
1450
1135
1210
1507
1707
1569
1115
629
401
359
379
383
292
134
0
74
327
670
887
956
1074
1299
1561
1819
2205
2430
1682
450
421
1433
1629
620
-914
-2535
-2880
-1421
-432
-1612
-3202
-3935
-3583
-2163
-802
-1053
-2107
-2137
-1386
-229
929
1295
743
605
1045
1516
1926
2070
1712
1030
546
258
219
132
-427
-1230
-1863
-2041
-1881
-1603
-1683
-2138
-2377
-2106
-1417
-729
-349
-463
-505
-102
601
1252
1505
1396
1179
1263
1465
1666
1705
1442
968
677
670
606
500
346
181
58
122
302
453
573
650
744
1004
1386
1679
1799
1992
2162
1558
584
713
1648
1612
477
-1051
-2448
-2522
-1033
-384
-1803
-3374
-3907
-3294
-1737
-591
-1265
-2391
-2255
-1276
-15
1051
1021
229
244
994
1651
1998
1859
1299
872
768
625
525
319
-285
-897
-1304
-1618
-1684
-1335
-1381
-1962
-2364
-2250
-1697
-891
-336
-686
-1069
-728
207
1038
1395
1113
670
844
1446
1943
1901
1480
939
814
1008
1065
909
586
313
208
295
343
368
501
580
654
759
1016
1257
1570
1882
2233
1862
569
175
1327
2217
1248
-407
-2126
-2763
-1528
9
-822
-2976
-4035
-3792
-2411
-1017
-1051
-2466
-2814
-1973
-819
338
835
271
-132
610
1416
1860
2021
1852
1318
842
737
865
990
485
-358
-1056
-1471
-1490
-1137
-1110
-1833
-2468
-2500
-2027
-1296
-706
-884
-1346
-1080
-207
641
1110
1034
666
769
1469
2026
2071
1773
1357
1147
1322
1493
1361
992
692
525
491
503
551
602
584
530
526
800
1144
1458
1670
1840
1231
254
376
1531
1898
825
-706
-2116
-2188
-828
69
-1218
-3041
-3791
-3256
-1814
-833
-1439
-2727
-2749
-1834
-643
281
366
-284
-354
542
1337
1749
1759
1452
1028
938
1022
1005
883
418
-222
-774
-983
-963
-890
-1139
-1754
-2191
-2164
-1701
-1230
-1082
-1380
-1537
-1108
-313
316
492
323
234
700
1419
1840
1744
1445
1228
1284
1541
1629
1448
1064
730
570
646
688
604
517
426
388
467
774
1045
1259
1389
1585
1865
1616
754
549
1537
2090
1183
-363
-1709
-2084
-1011
6
-987
-2976
-3892
-3392
-2148
-1227
-1646
-2869
-3099
-2139
-901
20
134
-436
-520
413
1361
1760
1759
1550
1265
1162
1262
1362
1187
622
62
-316
-635
-901
-956
-1206
-1727
-2149
-2196
-2018
-1735
-1492
-1556
-1647
-1308
-616
-69
181
252
456
908
1489
1787
1755
1596
1529
1692
1902
1838
1457
1137
1016
1026
912
763
602
561
594
605
589
635
889
1197
1467
1704
1477
444
86
1285
2299
1416
-268
-1595
-2111
-1142
245
-516
-2887
-4034
-3456
-2174
-1193
-1497
-2991
-3492
-2364
-1021
-187
-9
-555
-829
137
1320
1728
1715
1579
1329
1304
1518
1571
1392
1002
449
-16
-310
-447
-534
-840
-1539
-2099
-2044
-1813
-1693
-1690
-1847
-2067
-1694
-856
-375
-358
-301
88
614
1243
1552
1468
1377
1497
1795
1969
1861
1485
1243
1194
1147
1045
836
566
420
612
660
541
494
675
956
1250
1545
1742
1755
1087
643
1380
2388
1924
421
-917
-1656
-1129
71
-199
-2356
-3846
-3667
-2624
-1627
-1690
-3005
-3845
-2990
-1680
-744
-382
-832
-1340
-476
1032
1646
1603
1457
1293
1290
1698
1956
1694
1180
702
332
38
-147
-352
-848
-1525
-1990
-2005
-1907
-1852
-1953
-2200
-2224
-1779
-1136
-760
-560
-369
10
559
1141
1407
1411
1516
1726
1937
2006
1959
1715
1521
1503
1417
1168
919
773
707
781
780
590
489
747
1095
1337
1503
1781
1599
747
586
1682
2320
1329
-112
-1261
-1693
-824
205
-952
-3175
-3937
-3268
-2236
-1564
-2152
-3597
-3715
-2408
-1219
-584
-537
-1218
-1252
203
1528
1717
1516
1395
1271
1556
2050
2018
1530
1073
640
204
-28
-160
-476
-1055
-1709
-2137
-2025
-1747
-1722
-1962
-2208
-2176
-1617
-837
-488
-527
-390
101
687
1208
1428
1406
1463
1711
1927
2000
1899
1688
1545
1504
1357
1146
1022
943
927
920
763
571
743
1104
1327
1476
1688
1345
412
366
1574
2175
1128
-450
-1524
-1618
-534
242
-1119
-3266
-3916
-3046
-1878
-1388
-2305
-3749
-3615
-2130
-989
-591
-812
-1438
-1252
273
1537
1568
1179
997
1085
1594
2105
1934
1301
761
497
397
316
56
-510
-1159
-1594
-1648
-1526
-1551
-1725
-1911
-1976
-1815
-1315
-871
-711
-627
-374
89
640
1103
1219
1226
1409
1701
1900
1965
1897
1699
1556
1568
1517
1333
1131
1017
1006
1023
956
779
825
1123
1394
1558
1737
1341
382
438
1733
2194
955
-575
-1567
-1556
-343
353
-1311
-3470
-3851
-2851
-1781
-1435
-2455
-3835
-3544
-2042
-1033
-763
-1063
-1571
-1190
263
1276
1271
1027
883
1007
1529
1952
1722
1214
748
447
371
396
125
-439
-1028
-1460
-1544
-1367
-1375
-1615
-1823
-1905
-1805
-1307
-823
-781
-809
-534
-69
430
903
1055
1033
1212
1535
1782
1872
1816
1668
1580
1627
1611
1525
1314
1086
1071
1221
1235
1029
955
1091
1318
1576
1842
1365
259
233
1587
2088
808
-736
-1680
-1617
-342
357
-1334
-3444
-3654
-2582
-1601
-1316
-2321
-3633
-3226
-1721
-846
-685
-974
-1445
-1006
472
1315
1125
952
938
1029
1487
1900
1666
1180
784
424
328
486
259
-410
-1041
-1411
-1450
-1239
-1269
-1689
-2003
-2009
-1785
-1271
-871
-1044
-1200
-785
-150
317
687
758
672
938
1472
1774
1748
1635
1522
1526
1719
1773
1608
1351
1207
1241
1373
1368
1191
1131
1192
1328
1674
1963
1238
53
232
1624
1930
668
-897
-1974
-1758
-246
289
-1573
-3548
-3664
-2594
-1518
-1277
-2458
-3660
-3104
-1670
-828
-655
-1041
-1531
-904
566
1237
1043
901
899
1113
1682
1981
1593
1161
984
807
690
674
386
-172
-711
-991
-1040
-1040
-1235
-1592
-1862
-1976
-1833
-1466
-1240
-1351
-1410
-1083
-543
-57
261
324
388
731
1238
1589
1640
1572
1504
1589
1805
1952
1843
1521
1297
1356
1563
1579
1371
1082
1018
1189
1523
1777
1771
1022
78
428
1758
2003
531
-1055
-1744
-1274
-62
158
-1761
-3673
-3564
-2207
-1360
-1599
-2894
-3834
-3061
-1479
-839
-1057
-1493
-1666
-895
556
1173
702
481
808
1262
1670
1858
1478
961
856
1042
1019
728
287
-127
-452
-655
-782
-912
-1108
-1400
-1700
-1855
-1769
-1508
-1378
-1457
-1502
-1242
-744
-235
23
46
86
496
1085
1423
1427
1316
1324
1575
1897
1878
1592
1364
1378
1568
1746
1509
1051
979
1231
1455
1502
1480
1354
1476
1461
933
790
1459
1576
577
-440
-1020
-1058
-442
-268
-1803
-3223
-3083
-2268
-1994
-2127
-2930
-3670
-3020
-1681
-1319
-1504
-1611
-1596
-901
416
1024
590
567
1028
1439
1763
1948
1626
1345
1420
1428
1072
791
510
152
-192
-567
-901
-1131
-1278
-1588
-1888
-2036
-2034
-1911
-1729
-1740
-1651
-1261
-767
-520
-335
-66
267
763
1195
1322
1284
1449
1737
1933
1976
1859
1699
1762
1984
2029
1827
1523
1328
1469
1795
1882
1689
1698
1461
715
626
1636
1833
561
-660
-1142
-1197
-594
-223
-1678
-3454
-3458
-2368
-1924
-2194
-3059
-3831
-3239
-1819
-1350
-1604
-1816
-1794
-1034
392
1051
526
425
1017
1580
2001
2214
1785
1352
1560
1822
1482
1077
685
242
-24
-152
-489
-1054
-1369
-1551
-1660
-1717
-1889
-2087
-2024
-1785
-1507
-1267
-991
-828
-558
-105
319
712
975
1142
1287
1540
1814
1945
1916
1853
1820
1936
1944
1915
1811
1562
1330
1439
1655
1574
1451
1653
1645
868
409
1105
1798
1092
-167
-1084
-1307
-769
-62
-1003
-2910
-3560
-2681
-1877
-1918
-2737
-3809
-3633
-2264
-1428
-1672
-2005
-2136
-1628
-297
759
458
0
377
1084
1715
2076
1792
1226
1254
1679
1683
1429
1046
536
163
47
-42
-378
-761
-1185
-1494
-1518
-1479
-1553
-1650
-1790
-1686
-1301
-858
-702
-664
-410
-40
496
930
1044
1029
1213
1534
1769
1883
1875
1705
1659
1763
1887
1866
1648
1342
1285
1494
1594
1513
1560
1710
1232
505
750
1675
1545
332
-717
-1122
-909
-203
-353
-2102
-3400
-3013
-1919
-1742
-2369
-3474
-3827
-2852
-1661
-1567
-2055
-2318
-2013
-928
283
493
-81
-5
680
1468
1914
1863
1367
1180
1589
1890
1715
1293
791
506
386
208
-189
-531
-784
-1167
-1461
-1552
-1616
-1621
-1635
-1740
-1724
-1411
-900
-693
-634
-475
-51
530
909
984
1003
1226
1580
1892
2051
1956
1725
1779
2033
2176
2071
1733
1439
1483
1739
1820
1761
1807
1315
499
693
1734
1683
375
-706
-1028
-849
-198
-301
-1997
-3378
-3030
-1975
-1761
-2342
-3431
-3985
-3082
-1770
-1615
-2154
-2473
-2240
-1249
74
430
-223
-261
500
1267
1710
1789
1428
1147
1427
1858
1825
1470
947
597
540
505
227
-274
-727
-1010
-1050
-1103
-1431
-1727
-1690
-1591
-1490
-1363
-1200
-1066
-758
-360
-97
170
447
707
970
1333
1513
1544
1637
1848
1965
1978
1880
1821
1878
1875
1757
1611
1620
1598
1682
1783
1883
1574
904
716
1400
1751
847
-347
-895
-832
-484
-326
-1481
-2982
-3169
-2235
-1915
-2437
-3202
-3751
-3357
-2297
-1853
-2266
-2501
-2259
-1509
-475
75
-295
-427
285
1028
1352
1452
1322
1046
1213
1657
1698
1217
736
534
537
451
80
-405
-762
-887
-953
-1120
-1416
-1624
-1573
-1405
-1334
-1264
-1050
-834
-620
-307
51
314
555
846
1131
1357
1538
1691
1875
2002
2048
2082
2188
2227
2175
2075
2009
1996
2083
2170
2225
2123
1419
799
1187
1980
1537
198
-863
-1056
-641
-116
-873
-2631
-3491
-2806
-1939
-1983
-2818
-3870
-3890
-2702
-1772
-1989
-2457
-2571
-2009
-865
40
-101
-536
-132
663
1267
1516
1380
1045
1065
1463
1633
1379
974
560
345
342
180
-201
-687
-985
-1133
-1191
-1275
-1500
-1694
-1677
-1510
-1316
-1135
-997
-885
-626
-206
175
462
681
890
1137
1438
1728
1879
1913
2022
2147
2263
2290
2322
2246
2125
2080
2208
2334
2362
2250
1548
852
1187
2083
1682
284
-757
-957
-666
-109
-603
-2390
-3473
-2832
-1871
-1940
-2649
-3564
-3776
-2830
-1835
-1898
-2351
-2469
-2073
-1040
-92
-168
-637
-229
561
1054
1323
1322
996
984
1490
1627
1298
975
743
488
476
357
-70
-553
-802
-906
-958
-1046
-1349
-1579
-1525
-1328
-1217
-1042
-1004
-1012
-698
-160
150
250
425
675
1029
1372
1539
1547
1638
1848
2069
2193
2126
2009
2014
2141
2213
2223
2142
2031
2229
2048
1215
893
1640
1781
723
-307
-790
-933
-532
-338
-1683
-3123
-3089
-2175
-1992
-2390
-3120
-3690
-3231
-2174
-1870
-2238
-2403
-2257
-1539
-514
-132
-610
-582
161
776
1090
1217
1049
896
1262
1610
1358
1044
989
802
560
464
267
-157
-503
-588
-696
-890
-1081
-1285
-1377
-1286
-1159
-1108
-1075
-1029
-858
-454
-50
113
186
425
808
1174
1433
1532
1513
1672
2031
2273
2236
2108
2085
2140
2236
2318
2327
2170
2163
2003
1364
1022
1534
1736
785
-252
-722
-768
-563
-429
-1526
-2851
-2958
-2135
-1903
-2368
-3034
-3489
-3078
-2172
-1873
-2275
-2407
-2131
-1429
-611
-340
-673
-571
150
683
946
1042
900
861
1237
1527
1218
863
839
804
617
436
165
-203
-480
-577
-597
-780
-1083
-1349
-1335
-1187
-1086
-1036
-1040
-1068
-900
-403
2
123
184
399
719
1123
1467
1563
1498
1616
1965
2228
2223
2092
2047
2093
2164
2245
2248
2068
2101
2208
1603
851
1175
1807
1174
4
-664
-865
-759
-319
-936
-2529
-3211
-2410
-1758
-2035
-2766
-3481
-3368
-2371
-1701
-2046
-2404
-2296
-1711
-753
-155
-545
-833
-132
650
903
1011
954
724
935
1511
1468
889
641
745
719
544
259
-145
-428
-525
-539
-657
-944
-1259
-1262
-1049
-987
-972
-887
-863
-825
-433
42
187
191
400
709
1035
1365
1548
1522
1574
1878
2203
2261
2133
2049
2082
2225
2363
2394
2288
2241
1867
1250
1177
1721
1508
432
-426
-794
-816
-533
-703
-2068
-3100
-2769
-1998
-1999
-2470
-3199
-3563
-2879
-1881
-1802
-2299
-2411
-2088
-1245
-323
-220
-761
-656
160
798
1024
945
661
628
1090
1423
1167
726
511
525
583
453
-8
-422
-568
-576
-630
-745
-1009
-1235
-1169
-946
-843
-803
-740
-664
-501
-152
175
355
508
707
913
1203
1542
1733
1738
1773
1978
2257
2354
2275
2162
2090
2139
2359
2552
2452
2049
1328
1014
1471
1934
1136
-164
-975
-931
-538
-404
-1429
-2899
-3200
-2372
-1779
-2107
-2932
-3707
-3362
-2193
-1610
-2080
-2495
-2377
-1668
-546
-22
-551
-939
-299
600
1033
978
581
355
756
1340
1254
714
310
306
487
514
76
-475
-677
-619
-555
-612
-881
-1212
-1178
-850
-656
-698
-721
-624
-370
-10
267
342
433
697
1033
1300
1456
1545
1643
1806
1965
2125
2195
2102
2036
2071
2123
2122
2173
2178
2204
1931
1255
918
1396
1667
808
-295
-927
-957
-687
-542
-1566
-2897
-3094
-2229
-1743
-2098
-2982
-3652
-3150
-1971
-1491
-2012
-2452
-2285
-1367
-253
33
-642
-924
-153
796
1127
876
408
272
799
1359
1141
497
140
202
353
343
-58
-581
-804
-702
-623
-674
-889
-1161
-1182
-866
-587
-565
-583
-524
-319
71
434
508
541
753
1081
1408
1658
1719
1682
1804
2060
2292
2335
2217
2060
2075
2228
2335
2356
2344
2184
1564
1069
1249
1727
1304
183
-810
-1138
-883
-533
-1074
-2588
-3417
-2910
-2010
-1958
-2642
-3607
-3713
-2698
-1645
-1654
-2228
-2444
-1952
-782
111
-89
-714
-482
415
1082
1230
875
381
466
1102
1312
821
288
57
97
194
43
-497
-857
-865
-806
-853
-896
-1058
-1227
-1078
-756
-578
-516
-417
-317
-88
259
561
735
900
1034
1230
1570
1840
1863
1860
1986
2132
2261
2370
2332
2152
2120
2283
2456
2526
2467
1970
1238
1100
1674
1798
797
-452
-1104
-961
-571
-669
-1940
-3240
-3340
-2353
-1827
-2347
-3439
-3926
-3174
-2009
-1575
-2077
-2526
-2349
-1242
-90
76
-632
-747
121
1013
1254
916
430
331
850
1287
971
264
-114
2
125
-51
-514
-875
-971
-889
-860
-984
-1178
-1231
-1065
-856
-713
-585
-457
-320
-72
260
520
724
979
1197
1354
1584
1874
1992
1995
2057
2203
2328
2443
2457
2298
2184
2303
2564
2740
2696
2066
1243
1150
1835
1931
916
-366
-1103
-1029
-506
-572
-1985
-3388
-3440
-2482
-1971
-2395
-3525
-4202
-3483
-2123
-1621
-2143
-2646
-2508
-1437
-123
227
-477
-746
46
1053
1483
1217
609
390
856
1351
1188
564
-57
-246
-73
8
-382
-878
-1141
-1170
-1053
-956
-1076
-1306
-1277
-1083
-818
-536
-357
-383
-279
91
501
835
1084
1185
1228
1541
1962
2172
2128
2079
2132
2357
2598
2616
2401
2227
2266
2522
2848
2818
2097
1224
1120
1713
1865
999
-324
-1195
-1154
-635
-738
-2021
-3334
-3509
-2719
-2149
-2432
-3473
-4155
-3540
-2239
-1679
-2092
-2536
-2380
-1441
-270
202
-239
-485
97
968
1423
1308
871
616
868
1239
1195
725
156
-165
-183
-137
-399
-818
-1140
-1263
-1253
-1200
-1272
-1420
-1373
-1167
-942
-733
-466
-304
-174
84
484
837
1107
1321
1454
1646
1896
2125
2208
2259
2281
2319
2433
2544
2506
2352
2317
2414
2630
2722
2326
1500
1107
1517
1837
1212
-38
-996
-1190
-819
-761
-1688
-2978
-3476
-2948
-2309
-2350
-3204
-3991
-3743
-2605
-1788
-1896
-2376
-2454
-1705
-524
201
-23
-363
-1
871
1411
1302
817
566
857
1243
1123
512
-76
-273
-139
-109
-551
-1116
-1284
-1105
-1054
-1229
-1461
-1526
-1264
-830
-632
-689
-581
-214
189
463
663
866
1197
1587
1809
1868
1963
2184
2414
2567
2576
2507
2537
2703
2781
2665
2615
2717
2680
2180
1609
1469
1638
1449
681
-308
-974
-1066
-920
-1273
-2258
-3126
-3201
-2745
-2528
-2958
-3619
-3762
-3193
-2489
-2165
-2223
-2358
-2105
-1294
-442
-161
-197
-6
489
961
1188
1060
867
972
1240
1193
811
400
140
51
-5
-334
-847
-1114
-1030
-983
-1195
-1520
-1665
-1432
-1020
-838
-901
-838
-497
-38
350
555
642
899
1402
1858
2018
2008
2048
2298
2683
2879
2706
2499
2578
2819
2921
2855
2708
2462
2070
1713
1585
1557
1241
519
-309
-874
-1065
-1159
-1537
-2247
-2862
-3034
-2878
-2774
-2989
-3420
-3580
-3212
-2642
-2310
-2231
-2220
-2048
-1519
-803
-335
-169
8
376
787
1025
1024
958
1090
1305
1264
942
607
400
325
255
-51
-550
-867
-870
-830
-980
-1276
-1526
-1497
-1206
-945
-867
-848
-716
-417
6
398
648
838
1103
1423
1752
2041
2218
2308
2444
2613
2725
2773
2784
2764
2732
2686
2679
2727
2564
1978
1324
1147
1319
1201
480
-536
-1301
-1461
-1279
-1445
-2176
-2919
-3161
-2937
-2686
-2777
-3170
-3374
-3089
-2546
-2136
-2019
-2076
-1976
-1511
-876
-454
-287
-117
178
517
725
719
691
888
1143
1136
841
496
287
285
322
136
-265
-580
-670
-676
-778
-964
-1105
-1058
-884
-777
-750
-645
-405
-114
134
305
501
832
1203
1444
1565
1630
1735
1963
2243
2323
2180
2068
2123
2211
2209
2109
1967
1873
1831
1643
1245
889
790
790
594
77
-541
-916
-1008
-1044
-1234
-1575
-1906
-2064
-2067
-2073
-2161
-2219
-2139
-1959
-1796
-1700
-1654
-1559
-1310
-961
-691
-544
-431
-239
1
174
252
290
347
449
574
596
460
245
106
86
85
-3
-189
-360
-415
-423
-522
-676
-720
-619
-465
-360
-357
-400
-314
-78
126
208
289
467
678
851
957
979
978
1069
1211
1288
1284
1237
1200
1201
1190
1128
1072
1056
1018
970
966
935
809
680
584
473
401
410
351
139
-76
-198
-278
-352
-459
-615
-712
-718
-760
-891
-1035
-1122
-1107
-979
-853
-856
-924
-940
-896
-798
-663
-588
-575
-514
-418
-390
-397
-423
-503
-549
-472
-389
-435
-544
-626
-661
-641
-577
-545
-549
-519
-466
-428
-378
-294
-213
-127
-44
32
124
237
343
425
506
602
694
756
798
815
830
861
891
889
870
853
814
782
779
767
714
676
683
676
634
590
569
588
666
713
637
539
562
653
692
660
571
491
497
533
455
246
46
-30
-6
2
-135
-388
-582
-625
-583
-575
-685
-889
-977
-842
-691
-748
-940
-1060
-1026
-878
-760
-834
-1027
-1083
-933
-804
-849
-985
-1066
-991
-824
-736
-790
-850
-785
-629
-485
-420
-398
-318
-149
22
122
167
219
338
492
587
614
646
696
703
682
700
720
715
719
703
609
507
490
489
430
369
360
369
362
345
327
302
306
376
483
575
609
617
666
741
796
818
820
806
802
825
805
686
555
511
496
417
267
104
-31
-93
-103
-177
-355
-528
-596
-599
-624
-705
-834
-946
-963
-904
-887
-985
-1116
-1162
-1111
-1040
-1010
-1039
-1089
-1066
-953
-829
-754
-696
-623
-544
-438
-292
-151
-57
20
105
185
260
329
363
355
360
393
423
429
413
371
298
227
203
219
219
168
84
36
61
103
92
35
10
53
127
182
187
178
233
342
403
403
419
485
567
646
707
723
749
829
892
888
864
848
823
827
845
774
623
502
428
347
249
120
-53
-205
-284
-360
-483
-596
-676
-738
-804
-853
-876
-855
-816
-812
-810
-749
-638
-544
-508
-509
-490
-394
-272
-214
-217
-223
-210
-190
-177
-197
-238
-244
-219
-232
-272
-290
-306
-337
-352
-351
-366
-376
-361
-352
-349
-331
-306
-288
-259
-214
-172
-137
-91
-51
0
84
166
215
262
317
356
416
518
614
656
682
725
768
810
843
816
754
756
808
815
743
639
551
513
524
498
385
270
215
197
181
149
82
8
-11
2
0
-16
-28
-33
-21
19
38
21
2
-2
-10
-23
-36
-55
-77
-91
-117
-185
-265
-317
-336
-351
-378
-434
-491
-540
-575
-599
-623
-647
-680
-710
-741
-738
-693
-652
-667
-699
-691
-633
-550
-495
-490
-504
-441
-304
-179
-126
-131
-107
-14
131
246
279
279
332
445
543
552
491
453
495
576
603
532
424
368
400
430
377
263
179
169
195
203
156
87
57
88
133
144
129
113
128
186
253
289
279
256
249
276
312
303
262
219
204
210
208
163
79
20
9
9
-6
-27
-73
-133
-158
-148
-156
-176
-187
-213
-249
-253
-231
-224
-231
-244
-278
-319
-324
-299
-295
-315
-344
-364
-347
-299
-267
-276
-292
-273
-215
-147
-91
-63
-47
-19
2
21
55
79
78
73
68
60
61
68
41
-16
-38
-24
-16
-34
-60
-76
-56
-2
42
41
35
72
140
209
255
272
287
323
365
383
367
343
331
325
311
282
241
202
166
128
89
49
20
10
10
-4
-35
-52
-39
-29
-18
-15
-24
-32
-28
-12
-14
-23
-35
-62
-90
-117
-136
-149
-168
-196
-230
-246
-239
-224
-218
-227
-232
-219
-180
-133
-106
-106
-114
-98
-62
-37
-41
-61
-75
-72
-65
-61
-85
-131
-154
-144
-126
-137
-163
-176
-151
-99
-52
-35
-36
-17
42
122
176
192
201
245
304
341
341
329
328
339
346
331
298
265
252
241
212
167
126
107
99
82
53
30
20
14
4
-7
-16
-27
-41
-50
-55
-59
-55
-59
-76
-98
-108
-97
-86
-91
-117
-125
-109
-81
-64
-77
-94
-96
-76
-47
-36
-57
-85
-88
-75
-72
-103
-150
-190
-203
-199
-205
-238
-285
-307
-287
-262
-261
-280
-288
-253
-189
-130
-98
-86
-61
-1
74
123
135
144
181
240
275
265
247
244
262
271
244
202
170
176
191
173
123
77
72
96
105
77
47
40
63
92
92
73
52
53
71
81
81
70
67
67
61
54
61
69
62
50
47
61
83
92
77
54
43
55
69
53
12
-20
-28
-24
-43
-95
-152
-191
-207
-215
-233
-269
-304
-319
-315
-297
-291
-292
-288
-272
-229
-173
-121
-88
-74
-50
0
60
96
100
92
108
147
177
171
127
85
80
94
85
35
-20
-38
-19
-5
-30
-83
-115
-100
-56
-27
-36
-50
-37
14
66
87
78
77
102
144
188
215
219
212
211
228
243
243
225
198
179
182
190
183
143
83
42
31
35
12
-45
-96
-116
-107
-102
-132
-188
-227
-220
-186
-170
-184
-205
-199
-159
-114
-94
-101
-105
-77
-23
29
52
50
46
59
83
96
86
59
38
35
37
27
-5
-50
-87
-102
-111
-132
-163
-186
-189
-179
-172
-177
-183
-180
-153
-113
-77
-56
-28
8
60
107
135
155
168
199
232
261
278
278
273
268
265
253
233
205
173
146
132
123
93
41
-10
-42
-49
-54
-80
-117
-146
-141
-117
-110
-128
-158
-165
-137
-96
-73
-78
-80
-60
-18
15
17
7
11
33
61
82
87
79
72
66
58
44
27
7
-16
-40
-63
-80
-102
-132
-161
-185
-200
-206
-211
-211
-208
-203
-190
-172
-155
-136
-107
-77
-45
-15
24
66
106
126
135
152
180
216
234
235
222
215
224
240
225
185
145
123
129
129
109
72
38
24
28
25
10
-14
-37
-38
-26
-12
-16
-31
-46
-49
-35
-18
-7
-16
-25
-21
-2
24
34
16
-4
-5
23
45
44
22
-1
-2
16
26
6
-37
-68
-69
-55
-59
-98
-143
-164
-157
-146
-165
-195
-211
-201
-178
-170
-175
-185
-172
-139
-111
-100
-95
-72
-37
3
26
37
56
91
120
136
136
137
154
168
166
146
128
126
129
127
104
82
79
87
93
76
52
47
52
53
35
9
0
11
30
23
-1
-17
-3
23
31
14
-3
6
37
60
47
23
14
33
65
68
41
11
15
41
53
31
-15
-41
-36
-23
-35
-78
-121
-133
-119
-115
-140
-177
-193
-179
-162
-163
-181
-191
-170
-139
-119
-119
-112
-86
-46
-15
-7
1
25
61
86
85
77
81
97
116
105
77
55
55
69
68
42
14
13
33
42
27
9
1
6
19
17
-1
-13
-9
4
10
11
16
26
38
46
50
63
81
90
88
83
83
97
108
105
82
65
64
75
76
58
27
2
0
-1
-13
-42
-76
-100
-105
-104
-108
-125
-154
-164
-157
-136
-129
-135
-141
-136
-104
-73
-54
-50
-53
-35
7
50
64
57
49
64
95
116
104
72
51
53
64
60
29
-11
-30
-16
6
0
-33
-59
-57
-27
-5
-14
-40
-44
-14
22
33
19
7
27
73
106
106
91
98
132
166
168
150
131
137
158
157
134
101
89
96
87
64
32
12
3
-12
-38
-66
-84
-90
-100
-128
-152
-155
-141
-137
-157
-181
-170
-136
-109
-111
-135
-134
-96
-47
-27
-50
-65
-42
16
53
37
-8
-27
9
49
48
-6
-63
-71
-33
-15
-47
-108
-143
-122
-82
-72
-105
-144
-140
-98
-60
-61
-92
-103
-71
-28
2
1
-4
5
42
80
101
103
103
119
141
158
155
151
148
147
144
136
130
120
106
90
72
64
64
52
27
2
-10
-7
-11
-30
-54
-65
-57
-43
-42
-57
-72
-60
-31
-12
-19
-36
-33
-2
36
48
28
12
27
62
85
74
44
31
43
68
68
41
8
-7
5
14
6
-23
-48
-55
-42
-30
-32
-45
-60
-57
-37
-18
-12
-16
-18
0
22
41
49
51
62
82
101
111
110
111
128
145
152
142
130
124
131
133
119
94
74
67
72
63
40
10
-10
-10
-5
-15
-36
-54
-62
-57
-60
-65
-71
-76
-74
-64
-56
-55
-48
-48
-46
-39
-31
-19
-14
-18
-28
-30
-21
-8
-8
-22
-40
-45
-38
-36
-52
-74
-88
-87
-87
-99
-123
-141
-136
-123
-121
-140
-159
-155
-129
-106
-111
-131
-131
-102
-59
-34
-46
-63
-49
-5
32
38
22
14
33
67
88
80
57
54
65
74
80
68
51
44
38
35
28
23
18
6
-7
-17
-9
5
2
-15
-32
-26
3
25
26
9
3
27
68
89
75
60
59
87
118
115
88
68
80
101
103
77
41
26
30
37
16
-26
-55
-59
-44
-46
-73
-101
-116
-106
-89
-90
-103
-116
-115
-88
-64
-55
-57
-53
-39
-16
12
27
33
40
53
72
94
107
105
98
97
104
111
112
97
74
61
59
61
46
19
-3
-16
-20
-25
-39
-59
-73
-74
-65
-65
-65
-62
-55
-37
-14
-1
10
28
56
85
102
115
127
144
164
175
175
165
154
151
147
132
104
69
42
21
6
-25
-66
-105
-135
-142
-151
-166
-194
-215
-219
-206
-192
-189
-189
-186
-161
-126
-98
-90
-82
-64
-31
5
23
29
27
43
68
86
84
72
65
72
81
76
53
29
16
13
8
-17
-50
-76
-89
-91
-97
-118
-139
-145
-136
-128
-128
-129
-125
-108
-80
-58
-43
-28
-2
36
71
95
113
142
170
196
205
208
214
216
223
220
197
173
155
137
112
75
35
1
-23
-45
-74
-108
-138
-149
-156
-165
-177
-185
-177
-162
-149
-136
-119
-99
-77
-53
-31
-7
12
33
55
69
78
81
89
103
107
98
84
77
70
59
40
17
8
2
-13
-35
-63
-91
-97
-91
-101
-117
-127
-130
-121
-113
-121
-128
-118
-92
-64
-50
-43
-30
-4
35
70
87
93
112
144
168
179
177
177
187
200
201
182
154
130
123
113
84
39
5
-9
-15
-36
-77
-113
-133
-147
-161
-160
-155
-150
-131
-120
-104
-90
-93
-84
-38
10
29
43
52
72
96
102
99
95
91
90
100
99
78
53
32
32
40
25
-4
-40
-61
-64
-68
-67
-73
-87
-100
-95
-102
-105
-95
-112
-114
-87
-71
-67
-50
-46
-58
-47
-28
-18
-13
2
35
72
95
92
83
83
108
128
132
135
120
120
121
109
98
89
71
61
63
39
-6
-20
-28
-47
-69
-99
-116
-102
-90
-100
-102
-92
-84
-74
-49
-22
-11
5
31
51
58
52
47
46
34
26
36
53
61
70
58
35
28
21
4
-10
-11
-1
13
-3
-29
-30
-32
-48
-62
-65
-67
-50
-26
-17
-27
-41
-47
-55
-51
-29
-24
-21
5
6
5
39
43
18
29
47
46
58
61
41
37
17
-17
-19
-7
-19
-31
-29
-29
-30
-40
-47
-24
2
14
0
-1
48
68
41
22
44
43
23
20
7
-17
-26
5
7
-38
-42
-4
8
-14
-14
-13
-16
1
6
2
-11
-8
-1
-31
-70
-78
-54
-46
-34
-30
-32
-20
-33
-30
-19
-25
-43
-26
16
19
16
10
30
57
55
61
64
63
40
42
60
58
54
19
16
5
-32
-53
-55
-57
-73
-63
-32
-16
-40
-73
-51
-27
-29
-57
-68
-36
-39
-48
-57
-47
-21
-29
-39
-28
-11
-17
-16
27
78
101
73
54
93
132
137
130
144
129
115
78
55
92
62
-5
-28
11
22
-8
-27
-28
5
-68
-128
-107
-127
-176
-221
-143
-182
-557
-993
-547
520
624
-121
-438
-10
467
650
613
460
428
341
193
167
105
25
87
170
-443
-1202
-974
20
582
75
-417
-539
-238
278
503
503
251
-37
-139
145
157
-39
151
293
154
-59
-101
-46
-5
103
139
169
11
-270
-215
-267
-721
-825
-254
-77
-371
-379
-363
-396
14
602
638
499
494
366
354
466
647
673
417
316
257
86
-122
-138
-91
-182
-231
-395
-474
-498
-503
-411
-386
-465
-482
-274
-269
-291
-93
163
285
306
411
247
51
230
671
732
246
250
424
74
50
167
268
109
-159
-195
-323
-406
-509
-241
-117
-265
-250
-273
-289
-233
-15
116
74
69
90
115
69
116
90
63
150
-32
-39
-29
-54
103
261
373
227
-37
-55
184
177
63
100
110
-179
-155
72
-108
-110
73
-59
-308
-87
22
-274
-252
29
38
-107
50
114
-129
-171
45
98
-226
-44
242
-84
-80
160
50
-144
10
240
225
211
149
83
167
65
-24
122
82
-65
-79
-64
-115
-179
-151
62
15
-19
-54
-102
47
-39
-186
-154
8
-23
-197
-20
-84
-269
-91
7
35
77
53
-96
-100
-58
106
184
121
43
-114
-220
59
187
116
311
186
-60
-57
56
-28
165
341
19
-39
-109
-226
-108
163
204
-21
-92
-148
-213
-143
9
5
-162
-154
-10
-106
-271
-51
302
83
-22
169
29
-137
-40
99
121
17
116
103
-97
-80
-35
-62
-73
148
55
-118
-96
-177
-226
-69
99
-70
-10
126
-20
-45
106
143
124
229
212
52
-13
58
-21
-21
85
102
-5
-15
65
-59
-124
25
53
-262
-207
94
-21
-105
59
-52
-117
35
90
108
144
89
17
37
-79
-130
61
132
127
253
13
-256
-161
71
39
-72
-20
-168
-346
-308
-54
-156
-84
69
-22
64
32
-13
126
162
49
285
295
67
51
48
-62
58
200
-189
-66
102
-207
-139
175
-78
-289
33
-28
-174
-19
171
79
8
40
121
165
26
122
253
48
-136
0
53
-49
64
175
55
-71
-114
-63
-81
0
-102
-169
-72
-188
-219
-179
4
-44
-24
92
81
80
-65
135
112
-2
156
147
123
100
-57
0
2
-96
-3
-61
-76
-30
8
-60
-205
-133
-85
20
176
91
-94
50
75
-58
162
322
81
0
236
-48
-178
-21
30
123
88
17
39
-8
-241
-160
65
6
-54
13
-145
-274
-37
69
19
41
106
-62
-143
124
167
0
17
24
-109
-1
46
65
103
-72
-43
18
-77
-110
-38
-9
-30
-51
-55
-2
-12
-83
-77
80
89
5
162
137
-75
-68
95
164
71
142
68
-57
-60
-22
5
-4
39
78
74
-110
-189
-104
-80
49
87
15
-32
-17
9
-68
47
53
-11
25
-36
-24
-74
-64
48
25
-66
18
65
-29
-26
9
10
45
90
-20
-42
-31
-110
-50
5
11
9
-56
-87
-58
-56
-44
98
147
70
-6
-1
56
64
126
192
77
-27
3
-4
-63
-34
88
51
-56
-30
-19
-98
-95
29
87
27
36
14
-40
-68
1
92
32
14
11
-41
-92
-27
30
19
1
-30
-54
-123
-33
118
51
39
74
12
-47
32
64
-13
8
5
-2
-48
-92
-106
-84
-23
22
-2
-75
-77
-20
45
37
12
99
66
-3
88
37
-43
119
198
19
-28
63
30
-4
62
-8
-110
-106
-52
-6
-62
-71
-50
-134
-142
-19
20
-90
1
134
34
-25
39
7
-12
135
155
89
114
59
-36
-10
33
49
101
13
-122
-137
-170
-169
-82
-48
-90
-64
-54
-118
-71
-18
51
129
158
121
108
102
12
6
63
68
86
32
-77
-103
-54
-72
-52
40
-36
-108
-76
-28
-18
36
93
-8
-87
6
21
-11
54
106
39
-37
-23
-51
-43
57
110
20
-58
-38
-43
-12
64
101
64
1
-41
-93
-82
-59
-12
9
-35
-55
-123
-99
-107
-55
76
67
43
59
41
-11
9
47
77
91
-36
-46
-17
-114
-71
30
-17
-86
-4
-21
-68
-4
-2
18
75
11
-72
-6
24
-36
19
27
-67
-31
42
-3
-4
67
11
-4
52
49
12
1
20
-11
-35
-9
-5
-53
-76
-24
-21
-78
-61
-9
-22
-37
79
99
-22
-11
86
94
49
95
79
7
53
44
3
-12
-65
-45
16
4
-43
15
22
-38
7
-3
-50
-2
40
17
17
-9
-46
-5
-9
-35
-5
14
25
54
80
52
13
-25
-21
52
31
25
65
-58
-170
-85
-6
-45
-18
15
-61
-102
-52
18
32
16
55
74
-6
-36
42
30
3
67
65
22
3
-12
-31
-3
30
18
40
9
-63
-37
-3
-36
-52
-15
-14
-46
-57
-36
0
8
36
54
17
-22
18
102
112
83
30
-18
-33
-45
-19
26
17
-35
-34
-33
-105
-105
-2
45
21
53
60
-34
-68
-4
50
46
23
7
-27
-49
-31
23
32
-27
-16
30
35
40
47
27
6
15
9
3
10
-6
-36
-67
-80
-68
-10
34
30
-22
-84
-58
-4
44
112
124
60
-11
-44
-67
-47
47
98
79
12
-51
-63
-61
-49
16
82
68
65
40
-46
-75
-33
4
40
76
4
-67
-25
-35
-62
7
50
22
15
23
-5
-3
34
61
51
25
11
-12
-26
-9
30
21
-16
-12
-37
-67
-41
5
27
-6
-13
1
-15
-25
-2
24
21
30
21
-14
1
29
33
35
29
-15
-24
2
-14
-7
2
-21
-43
-44
-48
-71
-51
10
31
-9
-13
24
-5
-11
53
63
46
70
63
24
21
-6
-11
32
9
-18
11
-1
-40
5
11
-44
-16
2
-30
-2
36
28
26
8
-33
-26
-12
-14
41
78
60
44
38
25
34
69
71
82
78
49
20
2
-5
-50
-73
-54
-56
-86
-94
-96
-112
-99
-74
-53
-13
2
-10
19
78
80
74
106
95
66
80
101
81
61
51
2
-23
-5
-19
-50
-38
-35
-66
-69
-66
-80
-66
-53
-39
-1
18
-11
-23
-10
-17
8
39
53
78
61
19
34
50
15
24
58
35
30
32
-17
-28
-22
-65
-58
0
-6
-40
-30
-26
-52
-58
-24
9
13
1
15
23
6
4
9
14
35
35
9
18
15
-24
-25
14
20
8
25
22
-10
-17
4
0
-11
14
8
-28
-22
-3
-36
-49
-17
-23
-45
-16
15
3
5
13
1
-7
20
30
15
30
36
-4
-31
-8
-13
-43
-29
-10
-19
-26
-20
-18
-18
-12
13
35
41
45
26
7
31
47
18
30
49
-22
-59
-17
-33
-66
-27
-16
-58
-58
-43
-54
-50
-34
-16
9
25
33
35
26
23
40
43
45
59
43
16
27
31
-4
-15
-8
-32
-52
-26
-11
-38
-48
-39
-58
-64
-32
-17
-22
-5
-6
-15
0
12
11
22
38
29
17
13
15
11
0
24
53
34
5
16
6
-25
2
39
16
-3
15
-13
-52
-37
-27
-51
-43
-14
-28
-35
-7
-7
-19
11
22
5
26
51
45
54
77
68
44
29
15
0
-1
4
9
7
-13
-31
-44
-49
-46
-31
-15
3
13
-1
-5
7
4
2
27
34
12
6
11
0
0
15
19
15
14
-6
-17
-6
-12
-14
11
13
-18
-17
-25
-57
-56
-36
-37
-21
7
-6
-14
11
6
-14
19
42
22
37
67
47
25
30
17
-7
-7
-7
-16
-11
-11
-31
-34
-33
-45
-47
-33
-25
-20
-10
-6
0
9
9
15
27
9
-3
12
15
8
26
46
32
22
24
2
-15
-15
-16
-13
-11
-17
-28
-42
-50
-56
-56
-52
-47
-34
-27
-18
6
6
-5
11
20
2
10
44
42
32
47
33
0
-10
-9
-31
-28
-13
-16
-19
-21
-28
-40
-31
-26
-26
-16
-12
-11
-7
0
2
15
21
16
24
24
6
11
34
32
33
46
41
15
-1
-5
-17
-22
-25
-13
-13
-25
-32
-34
-46
-54
-31
-25
-28
-5
14
-1
8
34
16
-3
28
37
10
27
55
23
3
26
17
-18
-2
22
-5
-13
9
-1
-23
-8
9
-12
-19
-2
-10
-24
-6
11
0
2
25
13
-11
6
21
6
9
38
37
13
17
21
-5
-20
-10
-13
-27
-22
-15
-23
-33
-26
-29
-36
-29
-10
-6
0
22
28
16
16
20
3
-8
15
28
9
13
23
-2
-19
-5
2
-6
9
19
-2
-12
-8
-11
-19
-3
8
-3
-4
-8
-16
-18
-6
5
4
12
19
12
4
-1
8
15
13
22
24
13
8
9
3
-4
1
7
0
0
7
8
9
16
11
2
10
10
12
22
30
26
16
16
7
0
8
19
21
23
18
4
-5
-5
-8
-5
7
7
-4
-1
0
-14
-7
8
7
6
12
11
-3
-2
5
3
8
16
10
6
12
12
5
3
5
-4
-9
-7
-10
-4
-3
-6
-9
-11
-13
-14
-8
-9
-8
-1
1
-10
-5
-6
-13
-6
7
4
-2
7
-1
-13
-9
3
0
-2
11
6
-8
-2
8
-2
-1
12
4
-3
7
10
-1
-2
8
-1
-12
0
2
-8
-6
5
-1
-12
-4
-3
-15
-12
5
0
-7
-5
-6
-18
-16
-4
-5
-9
1
3
-7
-8
-3
-8
-11
4
7
-3
-10
-3
-5
-8
2
1
2
5
5
-2
-3
4
-1
3
5
9
8
5
6
7
8
6
4
8
3
1
10
6
-1
0
-1
-12
-12
-1
-2
-4
5
9
-5
-6
0
-6
-9
4
7
-5
-3
-4
-15
-8
4
1
-1
6
5
-3
-1
2
-3
-4
3
-1
0
3
1
3
3
2
0
6
8
8
8
8
5
2
2
1
-1
-1
-1
-1
4
8
2
0
3
0
-1
