-1
-3
-4
-8
-8
-8
-7
-8
-7
-3
-4
-4
-2
1
-1
-2
-4
-1
0
0
1
-1
-1
-1
-2
-3
-2
-1
2
4
7
6
4
7
8
10
9
7
7
10
7
7
7
6
8
5
7
5
4
2
-1
1
0
1
1
1
1
-1
0
2
0
-1
3
1
2
0
1
3
1
-1
-2
1
1
0
1
2
4
2
1
2
3
1
2
2
-1
1
1
2
4
0
2
2
-1
2
1
1
2
1
0
-1
-2
-2
-3
-3
-2
-4
-4
-3
-2
-3
-1
-1
-2
1
3
4
4
4
3
2
1
2
0
2
2
-1
3
2
3
1
0
4
-1
-2
0
-3
-4
-2
-1
-2
-2
-3
-2
0
-2
-2
0
0
-1
-2
-1
0
0
2
1
0
2
0
-1
-1
-6
-6
-5
-4
-3
-3
-2
-3
-1
-1
-2
-3
-1
-2
-4
-2
-2
0
0
-1
-1
-1
1
0
1
2
1
3
0
-1
-1
-2
0
-1
-1
0
-1
-4
-1
-1
-4
-3
-2
-3
-2
-2
1
0
-1
0
-2
-1
0
0
2
0
0
3
1
1
1
0
0
-1
-2
0
0
1
0
4
4
2
2
1
4
2
2
2
3
0
2
2
-1
2
2
4
2
4
2
-1
3
4
2
3
1
3
5
1
3
3
1
-1
-2
-3
-1
-1
0
0
0
1
1
1
0
-1
-1
-1
1
2
1
3
2
3
0
-2
-1
-2
-1
3
3
0
0
0
0
1
-1
0
-1
0
0
-2
-1
0
-2
1
3
2
1
1
-1
1
3
3
2
0
1
3
4
3
2
2
3
4
2
3
4
1
-3
-2
-2
-3
-2
-5
-4
-2
1
1
0
-1
-6
-3
-5
-3
-2
-3
-4
-4
-2
1
0
0
2
3
-1
-2
-2
-2
-1
-3
-6
-6
-5
-8
-8
-11
-12
-11
-13
-9
-12
-13
-13
-15
-14
-14
-13
-13
-13
-12
-14
-17
-14
-16
-14
-8
-9
-8
-7
-6
-5
1
2
3
6
9
9
12
15
15
20
24
29
35
43
40
44
48
48
50
56
56
58
62
56
54
54
51
55
57
58
55
54
53
51
51
49
49
52
51
46
44
40
30
28
17
8
1
-14
-26
-42
-63
-76
-92
-111
-123
-142
-159
-174
-193
-204
-217
-226
-229
-236
-238
-239
-243
-234
-236
-228
-211
-206
-188
-169
-164
-145
-127
-114
-91
-70
-50
-30
-10
9
21
43
70
84
110
138
153
176
197
211
232
251
271
290
306
324
328
337
349
353
364
376
378
380
386
382
379
380
378
376
380
380
367
360
345
327
315
298
273
250
223
179
131
83
21
-42
-95
-162
-238
-303
-379
-459
-528
-595
-659
-714
-758
-799
-836
-856
-878
-892
-877
-868
-840
-800
-765
-720
-670
-618
-557
-498
-431
-359
-303
-243
-180
-134
-87
-36
8
49
92
135
157
185
227
240
265
313
328
355
399
415
437
467
493
518
551
586
605
623
655
663
672
703
713
723
739
745
743
736
742
735
714
720
708
668
658
625
561
529
485
403
348
293
196
107
33
-79
-187
-269
-379
-484
-559
-657
-758
-824
-900
-974
-1010
-1044
-1076
-1079
-1075
-1077
-1052
-1018
-983
-926
-862
-805
-732
-665
-607
-544
-480
-415
-362
-304
-248
-217
-176
-144
-124
-90
-61
-36
-2
29
63
91
125
172
206
256
318
358
415
469
509
556
598
639
682
711
750
767
768
780
778
764
765
761
737
726
704
676
651
646
627
591
602
581
538
541
514
472
447
426
371
322
285
218
136
71
-15
-124
-193
-297
-401
-489
-587
-686
-788
-859
-931
-994
-1035
-1063
-1083
-1099
-1090
-1080
-1057
-1009
-968
-924
-855
-793
-726
-658
-595
-526
-469
-408
-365
-313
-271
-241
-211
-187
-147
-131
-114
-77
-50
-32
16
48
97
135
184
239
285
357
411
458
540
576
608
685
684
744
778
778
826
825
802
811
805
760
783
765
733
702
730
655
622
688
602
604
630
556
551
560
480
476
442
397
331
282
205
123
43
-56
-144
-262
-340
-440
-553
-630
-717
-824
-881
-966
-1009
-1043
-1083
-1083
-1101
-1079
-1051
-1053
-986
-932
-899
-828
-760
-715
-643
-585
-540
-485
-442
-410
-373
-346
-320
-282
-271
-242
-209
-189
-146
-130
-68
-34
-4
60
127
150
231
328
311
491
524
532
695
714
690
837
791
808
924
820
878
895
833
809
831
769
791
756
745
716
688
690
599
648
606
571
590
539
504
557
458
453
475
357
363
283
184
148
39
-71
-146
-256
-349
-448
-547
-619
-714
-788
-869
-919
-977
-1028
-1047
-1067
-1083
-1088
-1048
-1061
-1008
-963
-930
-870
-809
-765
-694
-640
-616
-564
-529
-516
-484
-423
-429
-392
-332
-321
-289
-224
-208
-145
-92
-63
4
29
110
162
174
297
360
365
518
561
580
717
690
724
807
779
834
853
789
841
821
771
771
761
800
738
781
743
696
757
681
660
743
655
620
719
568
639
632
558
591
547
489
419
365
279
196
77
8
-111
-230
-318
-425
-521
-591
-676
-780
-807
-883
-937
-988
-1013
-1014
-1042
-1026
-1025
-1011
-984
-945
-894
-860
-810
-757
-723
-683
-659
-661
-616
-594
-580
-539
-534
-486
-439
-431
-357
-336
-304
-207
-227
-126
-115
-85
34
20
47
187
230
218
432
396
469
625
522
598
750
674
672
891
707
707
919
685
761
894
760
801
917
762
810
836
768
810
856
738
805
827
679
802
721
667
715
666
580
498
456
349
211
196
-1
-76
-139
-348
-395
-462
-632
-646
-727
-839
-848
-901
-961
-1001
-968
-1006
-1002
-972
-989
-953
-918
-899
-856
-837
-824
-791
-779
-764
-751
-742
-711
-670
-713
-613
-648
-589
-521
-487
-443
-433
-279
-359
-190
-200
-104
-63
41
72
96
288
257
364
518
505
555
705
648
680
808
826
802
858
908
857
807
953
863
817
960
912
802
894
840
815
843
818
830
853
758
837
730
740
810
623
747
663
533
543
453
267
293
177
-24
-18
-126
-315
-356
-423
-595
-633
-674
-815
-827
-865
-940
-949
-957
-1013
-1013
-982
-1041
-1013
-978
-1000
-987
-1003
-971
-950
-985
-934
-874
-894
-850
-825
-796
-763
-690
-644
-643
-457
-495
-422
-354
-263
-250
-122
-38
-75
145
163
158
348
361
434
554
527
633
643
703
741
774
824
834
880
887
842
922
860
961
856
875
1018
728
904
953
692
949
881
739
913
859
730
813
837
698
764
721
653
595
601
401
386
320
125
141
-43
-101
-205
-338
-421
-486
-588
-700
-717
-822
-859
-881
-959
-998
-1002
-1042
-1065
-1072
-1087
-1105
-1098
-1071
-1159
-1041
-1068
-1083
-918
-1022
-912
-908
-896
-810
-793
-717
-681
-600
-551
-487
-455
-384
-289
-247
-115
-101
38
62
133
281
254
408
441
530
456
769
575
603
913
658
825
881
842
884
838
1029
846
772
1243
675
900
1143
749
822
1088
763
823
1086
718
908
905
808
816
810
785
782
699
675
668
426
482
376
139
207
51
-126
-159
-229
-438
-455
-533
-757
-691
-777
-923
-880
-968
-1041
-1008
-1102
-1143
-1132
-1174
-1176
-1215
-1196
-1186
-1195
-1148
-1132
-1064
-1123
-1009
-996
-1004
-798
-904
-763
-651
-737
-556
-500
-557
-329
-325
-243
-88
-99
26
83
232
289
205
561
486
437
853
445
776
870
554
971
815
822
1000
793
1003
901
932
949
893
1075
877
1002
910
917
1004
896
881
999
851
939
887
828
874
786
837
753
725
642
645
486
429
353
250
132
58
-35
-209
-217
-423
-464
-580
-636
-693
-847
-831
-893
-1002
-1020
-1034
-1165
-1079
-1151
-1238
-1186
-1259
-1227
-1229
-1221
-1199
-1162
-1158
-1110
-1049
-1060
-982
-864
-904
-778
-666
-719
-603
-480
-540
-373
-206
-363
-118
48
-146
239
115
215
427
369
578
500
699
633
706
748
830
766
970
857
879
1057
818
973
991
924
959
1085
796
1097
924
879
1071
769
974
927
789
827
900
729
704
861
606
597
791
428
491
472
349
256
225
138
-7
-11
-198
-235
-305
-472
-453
-583
-773
-630
-868
-889
-921
-1060
-1024
-1063
-1147
-1135
-1261
-1175
-1214
-1354
-1125
-1261
-1241
-1092
-1191
-1093
-1036
-1147
-848
-980
-857
-681
-848
-570
-515
-540
-535
-134
-411
-209
153
-269
146
292
65
288
601
313
469
759
548
653
948
634
833
1078
674
1028
968
789
1151
922
940
1163
815
1038
1162
714
1019
1097
711
1058
933
769
988
831
750
784
816
583
660
711
452
600
417
347
420
149
265
71
-10
4
-214
-223
-248
-433
-525
-391
-753
-692
-651
-936
-914
-864
-1031
-1103
-945
-1171
-1172
-1015
-1282
-1137
-1064
-1220
-1092
-1082
-1200
-1024
-1008
-987
-936
-915
-758
-891
-598
-705
-701
-366
-524
-450
-151
-297
-224
79
-141
176
172
161
369
372
448
462
630
489
755
735
671
880
762
861
844
967
795
901
963
792
990
900
865
837
973
788
679
1050
642
617
925
529
690
715
536
572
568
492
393
388
333
358
132
314
111
49
59
-26
-150
-173
-165
-370
-364
-421
-543
-592
-580
-737
-781
-716
-937
-856
-902
-1053
-946
-1021
-1086
-981
-1002
-1100
-982
-997
-1060
-864
-982
-894
-840
-826
-753
-750
-621
-544
-590
-463
-399
-350
-272
-255
-52
-134
34
52
72
307
285
260
426
534
338
626
764
362
930
681
637
980
655
854
999
846
803
968
961
840
872
964
714
996
867
701
973
739
679
761
667
657
610
565
607
363
498
428
293
376
258
43
325
75
-61
124
-123
-73
-124
-147
-319
-303
-334
-495
-419
-563
-541
-608
-748
-594
-788
-887
-669
-953
-909
-731
-1054
-906
-828
-941
-946
-850
-814
-946
-751
-727
-830
-698
-557
-646
-618
-435
-455
-505
-218
-385
-315
-39
-191
-169
141
29
-95
408
51
234
486
69
501
582
285
583
605
403
708
709
305
976
526
504
1024
489
539
939
615
331
1088
338
541
965
251
546
811
309
513
632
260
557
325
327
378
310
268
300
155
173
257
-25
134
65
-61
5
-62
-49
-238
-184
-188
-440
-219
-375
-527
-397
-463
-660
-527
-556
-780
-586
-740
-764
-711
-847
-724
-825
-771
-700
-817
-703
-774
-679
-682
-601
-600
-635
-433
-507
-462
-438
-238
-433
-211
-231
-276
46
-220
110
-84
103
260
9
269
337
174
481
517
104
797
495
428
826
363
759
665
556
839
684
548
804
647
486
1033
435
470
1084
183
669
901
230
707
647
353
452
614
257
481
448
240
348
283
188
277
126
78
232
-202
240
-76
-102
-128
-145
-284
-293
-103
-515
-304
-347
-553
-384
-471
-646
-451
-573
-720
-583
-642
-817
-600
-735
-683
-677
-799
-626
-679
-783
-520
-599
-736
-387
-746
-420
-434
-554
-369
-382
-304
-451
-35
-348
-198
32
-254
95
97
-16
9
307
84
201
301
198
450
251
525
453
319
682
481
397
817
348
555
677
441
660
567
607
559
556
583
571
685
475
613
562
365
606
303
342
628
317
231
497
276
100
525
6
163
289
-180
183
85
-127
41
-94
-109
-72
-203
-272
-192
-299
-272
-255
-421
-262
-498
-519
-334
-575
-618
-376
-781
-497
-557
-769
-523
-683
-640
-594
-670
-633
-530
-800
-384
-514
-683
-220
-624
-438
-271
-400
-370
-198
-309
-146
-207
-202
32
-25
80
55
217
-134
447
-14
133
487
24
442
454
401
445
438
627
237
763
564
205
849
396
346
837
460
415
1006
194
557
868
237
637
635
100
812
318
140
682
-121
469
566
29
479
77
168
180
205
-26
167
17
6
33
-186
34
-128
-94
-75
-187
-267
-148
-397
-244
-343
-528
-420
-521
-624
-432
-668
-647
-739
-600
-487
-916
-557
-714
-760
-592
-728
-635
-704
-545
-609
-701
-308
-598
-586
-220
-430
-247
-175
-432
-220
-360
24
-59
-175
246
-155
393
39
128
360
97
498
200
380
574
287
608
668
342
837
640
293
950
530
575
748
588
604
795
638
582
856
388
610
736
247
618
594
182
630
515
-274
835
312
1
877
-73
-7
535
-158
151
612
-239
166
205
-303
238
-222
-218
309
-252
-272
-65
-605
-264
-342
-545
-540
-562
-842
-788
-739
-927
-618
-938
-632
-821
-853
-809
-846
-661
-767
-676
-746
-720
-614
-721
-551
-432
-703
-325
-265
-481
-254
-35
-409
-90
16
-313
352
143
-142
287
273
-12
383
590
-13
694
361
379
720
544
452
875
653
548
1049
355
774
904
373
881
674
271
978
470
386
914
201
669
842
374
687
653
253
656
658
297
722
318
486
439
411
272
381
349
243
294
106
147
-29
-130
-144
-272
-426
-435
-653
-687
-816
-768
-940
-1172
-1061
-1289
-1457
-1192
-1428
-1393
-1352
-1516
-1440
-1406
-1246
-1387
-1196
-993
-1116
-1133
-906
-849
-677
-314
-638
-412
-155
-397
29
-132
183
223
182
348
451
541
599
591
521
848
690
1008
699
973
982
883
1031
920
1061
950
1196
904
998
1374
816
1390
1327
930
1306
931
1195
1090
1078
1108
1033
1116
1145
855
897
977
636
988
839
717
801
918
342
421
96
-93
16
-404
-394
-737
-1000
-1118
-1179
-1528
-1455
-1554
-1871
-1595
-1864
-2026
-1821
-1924
-1815
-1639
-1746
-1805
-1700
-1793
-1556
-1530
-1447
-1188
-1209
-1038
-1007
-1011
-812
-574
-557
-310
-246
-325
-214
-52
24
-6
280
174
186
508
199
626
543
872
979
884
1210
973
1184
1179
1329
1120
1525
1405
1352
1884
1330
1560
1686
1475
1846
1798
1703
1707
1624
1496
1755
1605
1606
1780
1679
1437
1853
1779
1693
1689
1290
840
609
488
170
-153
-576
-991
-1364
-1576
-1796
-2049
-2266
-2498
-2579
-2640
-2802
-2667
-2902
-2875
-2603
-2660
-2442
-2290
-2396
-2218
-1851
-1715
-1481
-1252
-1360
-1150
-921
-1110
-788
-798
-733
-443
-456
-531
-468
-435
-364
-33
-141
-127
-111
-157
4
337
317
499
680
547
907
1008
1159
1518
1656
1658
1920
1849
1995
2317
2246
2316
2275
2170
2149
2263
2304
2468
2231
2342
2301
2284
2473
2482
2742
2647
2653
2460
1947
1610
1334
1162
790
404
-250
-940
-1345
-1606
-1878
-2199
-2541
-2991
-3251
-3291
-3293
-3425
-3218
-3180
-3160
-2907
-2848
-2744
-2401
-2036
-1702
-1575
-1421
-1439
-1278
-843
-781
-732
-719
-976
-906
-790
-841
-644
-804
-873
-821
-980
-852
-741
-754
-655
-490
-513
-355
-213
-30
363
668
937
1127
1315
1576
1959
2076
2370
2527
2524
2796
2800
2796
2903
2822
2917
2922
2893
2854
2815
2943
2869
2956
2986
3015
3233
3342
2716
2103
1537
1002
1441
1067
285
-528
-1587
-1988
-1752
-2086
-2491
-3092
-3771
-3838
-3649
-3613
-3652
-3477
-3574
-3271
-2994
-3004
-2762
-2297
-1801
-1404
-1244
-1260
-1308
-768
-436
-268
-231
-695
-771
-770
-801
-667
-1041
-1252
-1328
-1519
-1447
-1597
-1599
-1478
-1365
-1143
-1109
-1134
-811
-356
89
523
707
947
1458
1890
2313
2736
2763
2976
3280
3272
3528
3628
3551
3565
3508
3323
3426
3313
3329
3356
3157
3191
3256
3435
3746
3420
2556
1904
1055
1109
1362
692
-425
-1684
-2544
-2535
-2188
-2396
-3250
-4220
-4665
-4446
-3875
-3683
-3747
-3941
-3840
-3402
-2999
-2703
-2345
-1817
-1362
-1091
-932
-896
-519
212
480
400
16
-394
-295
6
151
-255
-922
-1360
-1575
-1378
-1391
-1563
-1780
-2034
-1971
-1835
-1695
-1444
-1042
-739
-468
-238
116
707
1473
2027
2375
2468
2599
3086
3535
3886
3955
3846
3712
3833
3764
3879
3835
3520
3670
3520
3531
3513
3487
3752
3902
3639
2672
1851
977
1140
1427
502
-663
-2023
-2898
-2657
-2346
-2805
-3850
-4844
-5031
-4670
-3952
-4032
-4234
-4332
-4225
-3482
-3051
-2851
-2400
-1933
-1538
-1071
-933
-802
-244
376
585
299
-39
-349
-64
386
193
-377
-1157
-1618
-1489
-1257
-1311
-1695
-2196
-2347
-2205
-1876
-1666
-1515
-1308
-1066
-711
-219
273
870
1606
2010
2282
2547
2875
3490
4022
4177
4040
3979
4043
4260
4510
4429
4043
3807
3796
3920
4047
3983
3842
4023
4248
3316
2422
1524
971
1783
1315
-222
-1730
-2951
-3002
-2188
-2447
-3843
-5200
-5665
-5168
-3964
-3924
-4574
-4947
-4842
-3888
-2963
-2722
-2783
-2365
-1814
-1253
-676
-537
-366
379
785
649
411
157
170
685
660
18
-829
-1334
-1366
-1002
-1009
-1752
-2311
-2544
-2394
-1861
-1669
-1874
-1848
-1618
-1183
-507
15
332
890
1404
1780
2308
2670
3106
3657
3898
3774
3815
3970
4247
4552
4518
4055
3711
3814
3933
4340
4116
3828
3631
3982
3971
2916
2154
1003
1106
1490
493
-982
-2427
-3169
-2691
-2462
-3261
-4711
-5567
-5444
-4556
-3866
-4420
-4948
-5051
-4309
-3290
-2766
-2810
-2816
-2231
-1512
-930
-517
-496
-141
515
717
609
512
314
502
734
322
-367
-770
-1020
-745
-751
-1389
-1888
-2074
-1867
-1505
-1478
-1689
-1745
-1377
-800
-351
-41
187
706
1409
2019
2442
2653
2924
3472
3879
4041
4015
4032
4189
4263
4324
4201
3804
3801
3868
3879
3995
3608
3628
3770
4104
3509
2197
1415
748
1576
1368
-168
-2023
-3072
-3062
-2295
-2514
-4000
-5636
-5962
-5259
-4076
-3976
-5150
-5542
-5316
-4128
-3145
-2873
-3417
-3176
-2434
-1633
-1021
-720
-692
-207
384
400
498
467
366
666
521
-5
-334
-542
-650
-572
-833
-1373
-1653
-1579
-1489
-1357
-1362
-1584
-1393
-980
-605
-222
95
352
997
1675
2093
2468
2681
2963
3600
3958
4018
4004
4022
4036
4291
4353
4060
3911
3729
3845
4005
3923
3822
3746
4034
3948
3053
2202
1340
1468
1773
866
-844
-2356
-2628
-2347
-2111
-3093
-4801
-5737
-5386
-4405
-3886
-4688
-5568
-5614
-4663
-3624
-3091
-3420
-3768
-3130
-2143
-1426
-1048
-898
-774
-95
352
468
542
612
580
661
308
-97
-90
-268
-485
-825
-1243
-1475
-1370
-1334
-1530
-1751
-1753
-1524
-1055
-779
-734
-538
-69
582
1324
1757
1878
2187
2644
3228
3779
3885
3768
3800
4016
4235
4304
4079
3891
3766
3846
3894
3792
3625
3601
3692
3912
3719
2585
1979
1353
1513
1691
498
-1232
-2228
-2394
-2123
-2156
-3483
-5068
-5428
-4955
-4172
-3944
-5049
-5649
-5296
-4282
-3467
-3140
-3731
-3819
-2860
-1973
-1306
-1094
-1210
-830
-93
379
473
552
360
466
651
301
28
-193
-302
-526
-687
-1082
-1405
-1254
-1274
-1417
-1461
-1596
-1341
-914
-679
-614
-328
49
655
1405
1723
1935
2298
2716
3282
3787
3839
3751
3844
3997
4160
4268
4043
3924
3739
3791
3846
3834
3620
3505
3662
3830
3843
2874
2028
1480
1596
1856
840
-830
-1971
-2212
-1883
-1985
-3099
-4722
-5309
-4829
-4135
-3889
-4912
-5584
-5328
-4322
-3520
-3304
-3740
-3962
-3067
-2079
-1521
-1351
-1454
-1090
-386
155
265
357
187
242
513
208
48
-177
-394
-572
-804
-1069
-1199
-1172
-1275
-1509
-1589
-1477
-1145
-893
-820
-852
-589
-1
583
1129
1282
1509
1916
2543
3102
3410
3482
3435
3654
3827
3982
4078
3902
3806
3739
3662
3853
3754
3689
3519
3597
3683
3987
3446
2429
1919
1411
2003
1578
153
-1418
-1994
-1891
-1568
-2217
-3806
-5036
-4934
-4287
-3531
-4228
-5397
-5499
-4845
-3666
-3291
-3491
-4245
-3674
-2615
-1687
-1503
-1594
-1587
-900
-132
146
146
112
173
465
417
-122
-196
-236
-229
-523
-1063
-1406
-1178
-914
-1026
-1412
-1719
-1462
-854
-460
-549
-762
-465
286
1014
1455
1388
1494
2087
2880
3316
3405
3174
3230
3644
3905
3986
3869
3489
3518
3798
3856
3728
3478
3339
3578
3856
3887
3674
2702
2177
1798
2011
1873
775
-715
-1588
-1512
-1402
-1791
-3075
-4320
-4632
-4100
-3626
-3799
-4933
-5290
-4848
-3846
-3394
-3475
-4083
-3893
-2930
-2007
-1634
-1745
-1767
-1340
-476
-17
50
6
15
191
352
167
-80
-182
-247
-598
-803
-1078
-1062
-924
-1133
-1402
-1515
-1396
-1017
-747
-845
-895
-537
78
602
877
926
1224
1830
2506
2816
2885
2900
3120
3532
3729
3696
3628
3585
3587
3709
3703
3623
3477
3462
3444
3650
3710
3851
3389
2555
2042
1807
2155
1775
488
-860
-1443
-1342
-1175
-1878
-3237
-4373
-4302
-3787
-3340
-3985
-4993
-5122
-4488
-3608
-3303
-3635
-4123
-3645
-2642
-1900
-1729
-1873
-1879
-1223
-417
-15
-64
-210
-267
100
319
156
-168
-423
-597
-581
-585
-880
-1050
-1084
-1159
-1119
-1155
-1177
-1018
-772
-651
-449
-175
86
587
923
1147
1468
1859
2311
2643
2848
2887
3022
3289
3431
3578
3522
3396
3345
3534
3542
3490
3466
3232
3434
3549
3556
3869
3274
2422
1949
1849
2103
1713
394
-924
-1219
-1298
-1162
-1654
-3149
-4140
-4134
-3556
-3204
-3813
-4779
-5034
-4325
-3593
-3227
-3563
-4116
-3649
-2655
-1988
-1826
-1941
-1944
-1335
-448
-139
-171
-311
-358
1
241
141
-127
-422
-656
-641
-554
-679
-853
-1004
-1204
-1279
-1065
-907
-862
-804
-820
-573
-71
249
536
730
927
1417
1996
2255
2329
2458
2669
3084
3298
3222
3160
3196
3390
3490
3506
3336
3233
3352
3419
3565
3535
3513
3734
3238
2566
2082
1923
2172
1602
344
-743
-995
-999
-942
-1712
-3162
-3882
-3697
-3163
-3023
-3844
-4757
-4635
-3871
-3268
-3146
-3650
-4004
-3216
-2356
-1907
-1871
-2010
-1820
-964
-321
-254
-268
-398
-197
221
276
55
-268
-480
-601
-451
-542
-815
-946
-1112
-1203
-1125
-1016
-978
-935
-898
-836
-444
-166
107
452
638
990
1422
1884
2101
2240
2421
2715
3103
3218
3116
3071
3234
3380
3471
3380
3167
3175
3271
3298
3369
3384
3379
3651
3073
2388
1906
1827
2092
1600
245
-923
-1174
-1086
-967
-1838
-3348
-4165
-3882
-3320
-3061
-4066
-4967
-4944
-4046
-3359
-3230
-3837
-4169
-3408
-2470
-1889
-1913
-2107
-1861
-966
-325
-190
-272
-326
-113
317
336
42
-231
-385
-318
-284
-449
-717
-781
-828
-873
-849
-827
-729
-617
-585
-551
-335
4
400
698
825
970
1406
1932
2307
2441
2428
2578
2922
3248
3255
3184
3113
3115
3306
3384
3354
3269
3144
3127
3318
3497
3707
3705
2927
2242
1944
2128
2277
1490
27
-891
-1044
-834
-977
-2033
-3410
-4052
-3664
-3192
-3207
-4250
-4908
-4757
-3891
-3406
-3396
-3896
-3990
-3301
-2392
-1966
-1877
-2010
-1594
-902
-342
-162
-189
-116
-40
261
97
-4
-289
-302
-411
-590
-799
-973
-997
-962
-1141
-1222
-1277
-1089
-849
-773
-769
-647
-223
245
619
694
919
1322
1940
2349
2436
2411
2610
3048
3404
3382
3185
3135
3263
3612
3644
3485
3337
3238
3406
3674
3689
3761
3640
2804
2425
2048
2098
2040
1203
-186
-895
-1144
-1111
-1268
-2336
-3634
-4125
-3908
-3430
-3417
-4370
-4986
-4782
-3948
-3424
-3207
-3792
-3858
-3138
-2158
-1650
-1493
-1717
-1441
-621
1
262
274
32
145
485
474
364
111
-207
-384
-439
-642
-701
-832
-1047
-1210
-1264
-1204
-978
-788
-873
-870
-599
-150
392
662
680
931
1487
2101
2491
2524
2401
2715
3225
3480
3470
3146
3068
3325
3618
3565
3424
3094
3150
3414
3688
3692
3605
3281
2625
2323
1944
1949
1666
698
-479
-1217
-1440
-1449
-1846
-2828
-4097
-4467
-4285
-3802
-3950
-4785
-5262
-5037
-4217
-3704
-3569
-4008
-3930
-3113
-2290
-1767
-1667
-1689
-1277
-485
71
342
264
128
354
639
691
484
-4
-214
-324
-275
-356
-722
-956
-1129
-1122
-1000
-948
-1002
-909
-843
-578
-201
46
364
685
1011
1516
1974
2351
2639
2780
3035
3336
3543
3577
3516
3458
3593
3599
3527
3498
3439
3499
3456
3515
3712
3918
4027
3342
2452
2064
1946
2253
1546
76
-1167
-1565
-1560
-1526
-2352
-3808
-4650
-4653
-4189
-3834
-4487
-5251
-5249
-4713
-3968
-3598
-3729
-3942
-3341
-2573
-1917
-1538
-1445
-1257
-561
-16
236
389
271
314
570
490
239
-7
-276
-453
-667
-933
-1201
-1185
-1297
-1576
-1675
-1699
-1491
-1137
-1071
-1089
-839
-457
85
656
868
1136
1674
2229
2749
3031
3075
3243
3672
3885
3899
3765
3678
3791
3957
3901
3751
3677
3617
3716
3961
4079
4129
3894
2953
2359
1876
2040
1909
858
-691
-1756
-1987
-1841
-1977
-3078
-4535
-5215
-4888
-4111
-3990
-4788
-5383
-5319
-4381
-3556
-3144
-3479
-3450
-2803
-1863
-1098
-840
-802
-504
86
535
774
658
530
609
600
395
21
-336
-491
-634
-972
-1412
-1655
-1642
-1590
-1698
-1902
-1949
-1648
-1213
-936
-777
-667
-197
495
1030
1409
1700
2161
2681
3141
3375
3448
3640
3853
3941
3942
3833
3761
3826
3764
3617
3581
3440
3419
3569
3624
3732
3799
3174
2366
1710
1257
1564
1149
-138
-1508
-2261
-2553
-2289
-2648
-3810
-4948
-5371
-5006
-4241
-4303
-4883
-5194
-4979
-4264
-3320
-3048
-3159
-2826
-2314
-1572
-888
-536
-345
87
372
578
742
611
647
697
404
-42
-450
-723
-791
-845
-1334
-1843
-2016
-1994
-1803
-1715
-1863
-1853
-1575
-1157
-723
-341
-86
403
1039
1472
1960
2460
2979
3419
3695
3752
3858
4131
4281
4305
4150
3869
3742
3762
3757
3738
3562
3353
3195
3489
3881
4146
4070
2876
1859
1449
1519
1850
948
-883
-2207
-2544
-2487
-2350
-3072
-4588
-5365
-5277
-4837
-4291
-4663
-5093
-4959
-4504
-3915
-3273
-3080
-2886
-2141
-1690
-1329
-830
-459
-35
537
583
468
449
414
475
519
-31
-615
-962
-1305
-1401
-1496
-1957
-2277
-2318
-2414
-2344
-2119
-2001
-1763
-1421
-1237
-821
-290
264
926
1446
1694
2107
2822
3405
3767
3893
3756
3962
4246
4371
4254
3952
3749
3692
3830
3665
3558
3457
3377
3475
3717
3910
4118
3918
2731
2022
1404
1471
1663
527
-1091
-2229
-2795
-2624
-2541
-3383
-4688
-5316
-5328
-4673
-4224
-4669
-4773
-4732
-4225
-3462
-2923
-2835
-2334
-1675
-1199
-724
-412
-232
388
829
812
717
430
357
507
323
-262
-858
-1314
-1602
-1580
-1863
-2416
-2514
-2503
-2479
-2345
-2289
-2156
-1678
-1226
-907
-473
-112
462
1349
1824
2132
2579
3044
3597
4019
4056
3980
4090
4196
4273
4163
3776
3618
3556
3519
3499
3387
3291
3121
3208
3491
3639
4034
3250
2184
1481
929
1326
1007
-263
-1822
-2743
-3096
-3040
-3111
-4217
-5105
-5470
-5374
-4739
-4753
-4799
-4698
-4306
-3869
-3331
-2909
-2677
-1748
-1122
-799
-467
-315
92
760
1178
1032
762
452
351
536
260
-280
-888
-1520
-1768
-1935
-2179
-2499
-2578
-2549
-2698
-2579
-2399
-1969
-1311
-867
-610
-284
264
993
1890
2376
2554
2974
3368
3945
4324
4305
4186
4166
4190
4203
4008
3713
3528
3498
3437
3277
3185
3007
3150
3317
3698
3733
3965
3369
2278
1725
987
1267
1032
-250
-1588
-2726
-3242
-3204
-3172
-3934
-4828
-5312
-5533
-4875
-4658
-4556
-4225
-4104
-3738
-3186
-2788
-2377
-1499
-889
-665
-339
-308
-1
721
1126
1121
838
274
-19
83
-119
-457
-984
-1849
-2269
-2516
-2829
-2921
-2845
-2913
-3028
-2964
-2824
-2324
-1607
-1012
-580
-209
167
851
1708
2251
2736
3115
3372
3781
4104
4139
4152
4097
4024
3982
3800
3477
3302
3287
3245
3285
3135
2917
3021
3221
3621
3877
3979
3739
2690
2068
1266
1213
1230
296
-861
-2151
-2904
-3255
-3130
-3507
-4283
-4794
-5249
-5008
-4630
-4553
-4167
-3867
-3497
-3147
-2732
-2444
-1787
-857
-478
-151
-37
-37
550
1114
1290
1149
772
235
76
-19
-436
-776
-1356
-1977
-2380
-2737
-3008
-2774
-2563
-2774
-2733
-2651
-2389
-1582
-979
-480
1
284
812
1528
2032
2495
3014
3328
3598
3818
3794
3850
3920
3943
3852
3590
3128
2817
2844
2922
2943
2789
2483
2394
2719
3000
3317
3480
3535
3034
2301
1481
815
1014
654
-86
-1228
-2549
-3212
-3320
-3382
-3751
-4317
-4948
-5082
-4751
-4737
-4436
-4011
-3606
-3075
-2746
-2647
-2305
-1579
-780
-137
64
-56
114
507
909
1121
1017
598
221
11
-402
-832
-1196
-1671
-2067
-2403
-2873
-2999
-2917
-2844
-2576
-2441
-2337
-1964
-1464
-846
-154
367
814
1316
1784
2257
2747
3131
3501
3704
3880
4004
3941
3849
3706
3598
3446
3229
2985
2812
2664
2622
2516
2489
2485
2630
2840
2882
3093
3354
3306
2745
1982
1125
886
812
243
-419
-1433
-2323
-2777
-3063
-3360
-3789
-4092
-4365
-4351
-4402
-4461
-4154
-3760
-3298
-2817
-2615
-2478
-2101
-1547
-996
-446
-125
5
235
363
552
652
632
603
364
-45
-513
-948
-1258
-1568
-1738
-1997
-2322
-2400
-2365
-2317
-2189
-1958
-1603
-1189
-824
-464
-61
326
868
1437
1740
1984
2255
2471
2717
2935
3092
3070
2838
2513
2374
2403
2316
2132
1875
1586
1427
1477
1454
1590
1780
1638
1745
1980
1995
2238
2543
2496
2181
1469
930
1097
1091
641
28
-594
-1140
-1446
-1808
-2105
-2390
-2786
-2896
-2745
-2780
-3079
-3092
-2767
-2352
-1995
-1971
-1897
-1666
-1294
-859
-545
-435
-374
-154
45
101
67
-92
-148
-95
-244
-524
-868
-1063
-1036
-939
-888
-953
-983
-852
-694
-502
-391
-199
95
321
525
656
628
621
828
983
1096
1142
1045
922
869
796
854
826
672
629
628
398
376
358
316
310
221
210
204
312
370
564
541
632
817
951
1130
1202
1343
1427
1479
1425
1372
1331
1251
1159
1022
897
676
453
323
157
-9
-198
-407
-582
-712
-790
-842
-904
-996
-1084
-1104
-1107
-1071
-1043
-1036
-1025
-980
-914
-944
-975
-1018
-1027
-968
-987
-978
-999
-1020
-1005
-936
-861
-835
-780
-762
-675
-583
-508
-424
-409
-402
-356
-273
-225
-183
-172
-140
-155
-190
-131
-88
-37
11
98
142
153
206
301
423
468
510
575
638
705
785
783
788
890
1008
1100
1134
1167
1228
1266
1263
1260
1273
1250
1247
1230
1154
1135
1056
1020
965
914
820
700
629
481
386
359
298
162
24
-123
-258
-285
-340
-435
-511
-550
-567
-602
-651
-715
-744
-724
-694
-633
-660
-706
-733
-735
-675
-631
-599
-633
-663
-729
-734
-724
-828
-890
-930
-927
-926
-991
-1092
-1150
-1161
-1180
-1169
-1189
-1200
-1143
-1043
-1035
-934
-821
-656
-456
-354
-302
-123
37
161
361
453
565
707
823
905
1030
1120
1218
1218
1216
1218
1228
1188
1174
1207
1225
1074
940
1021
994
962
948
935
908
945
922
826
874
939
913
964
932
784
667
581
525
529
461
286
183
67
-48
-192
-287
-336
-355
-424
-473
-546
-604
-565
-565
-545
-613
-606
-551
-576
-553
-600
-719
-738
-724
-675
-742
-843
-1029
-1182
-1242
-1210
-1194
-1391
-1588
-1627
-1498
-1382
-1322
-1380
-1453
-1298
-1067
-1018
-672
-735
-699
-495
-368
-222
-21
21
155
549
306
501
785
609
891
799
668
843
1000
1016
894
838
823
1063
993
784
804
895
1008
898
764
798
876
1099
1119
1044
1031
1019
1345
1454
1373
1406
1497
1701
1760
1529
1255
1179
1136
1052
1006
737
474
245
235
-1
-328
-483
-596
-645
-809
-926
-1129
-1210
-1178
-1221
-1352
-1440
-1442
-1459
-1393
-1347
-1454
-1530
-1476
-1332
-1286
-1322
-1221
-1255
-1451
-1533
-1539
-1510
-1423
-1459
-1513
-1549
-1540
-1422
-1306
-1203
-1108
-949
-839
-650
-398
-366
-477
-290
86
319
398
370
565
700
761
705
963
1194
1344
1240
1173
1470
1479
1628
1578
1476
1530
1715
1714
1798
1734
1770
2025
1995
1954
2161
2219
2154
2277
2349
2734
2842
2592
2480
2332
2100
1665
1160
876
793
414
-281
-789
-1111
-1419
-1795
-2138
-2386
-2539
-2556
-2581
-2679
-2830
-2857
-2698
-2430
-2165
-1977
-1827
-1687
-1409
-1164
-1018
-877
-674
-421
-367
-436
-552
-664
-785
-956
-1287
-1705
-1922
-1964
-1960
-1993
-2065
-2118
-2101
-1913
-1707
-1539
-1295
-1019
-699
-479
-356
-124
184
502
827
1088
1299
1482
1627
1729
2053
2291
2353
2412
2473
2599
2514
2403
2266
2262
2413
2523
2548
2571
2602
2588
2817
2960
3014
3091
3246
3510
3831
4009
3689
3032
2149
1351
891
615
122
-608
-1503
-2234
-2717
-3170
-3603
-3965
-4097
-3981
-3770
-3702
-3823
-3707
-3335
-2768
-2206
-1812
-1496
-1155
-755
-362
-122
23
155
413
603
587
383
-7
-322
-584
-898
-1410
-2138
-2801
-3178
-3365
-3454
-3541
-3577
-3337
-3044
-2699
-2388
-2049
-1577
-945
-292
160
497
819
1164
1560
1898
2115
2309
2431
2601
2771
2841
2770
2707
2638
2526
2535
2432
2325
2267
2235
2265
2392
2630
2892
3153
3404
3600
3839
4037
4274
4659
4962
4821
4008
2840
1489
685
218
-416
-1121
-2132
-3007
-3644
-4142
-4773
-5223
-5281
-5004
-4389
-3908
-3749
-3576
-3206
-2658
-1881
-1264
-787
-241
259
608
882
939
759
796
863
909
781
272
-383
-990
-1501
-1980
-2507
-3172
-3792
-4147
-4344
-4471
-4508
-4371
-4008
-3397
-2719
-2168
-1573
-973
-275
463
1018
1474
1883
2289
2667
2911
2918
2846
2771
2841
2954
2909
2777
2516
2326
2239
2203
2134
2065
2100
2253
2555
2807
2984
3142
3395
3743
4165
4542
4859
5255
5594
5423
4493
3068
1492
574
8
-600
-1368
-2485
-3459
-4209
-4769
-5457
-5959
-6049
-5595
-4715
-4050
-3674
-3532
-3213
-2613
-1723
-891
-337
240
788
1203
1497
1448
1170
1002
919
879
690
173
-611
-1268
-1893
-2470
-3018
-3666
-4153
-4447
-4532
-4548
-4491
-4358
-4048
-3458
-2782
-2103
-1392
-630
79
789
1353
1728
2081
2327
2576
2732
2715
2605
2451
2332
2170
2102
1975
1835
1798
1788
1850
1903
1956
1993
2171
2507
2893
3357
3657
3844
4123
4340
4639
4928
5265
5627
5878
5520
4418
2968
1310
186
-745
-1556
-2309
-3172
-3926
-4636
-5215
-5905
-6271
-6245
-5693
-4693
-3819
-3085
-2585
-2131
-1539
-877
-262
253
866
1436
1869
2114
1868
1493
1051
712
440
77
-429
-1087
-1609
-2326
-2975
-3689
-4426
-4779
-5036
-4958
-4717
-4411
-4112
-3818
-3337
-2716
-1817
-960
-140
623
1227
1811
2090
2292
2303
2239
2253
2183
2165
1993
1770
1586
1441
1293
1176
1145
1073
1253
1503
1735
1993
2088
2411
2806
3303
3817
4149
4472
4678
4971
5201
5477
5753
5990
5948
5052
3643
1784
219
-819
-1805
-2559
-3348
-4073
-4643
-5094
-5563
-6056
-6147
-5794
-4734
-3577
-2648
-1850
-1358
-839
-302
197
564
853
1375
1853
2199
2153
1671
1073
440
-33
-456
-906
-1500
-2031
-2397
-2923
-3492
-4163
-4795
-5041
-5054
-4811
-4369
-3869
-3387
-2876
-2289
-1800
-1141
-502
242
976
1580
1992
2113
2105
1936
1818
1620
1406
1286
1210
1122
1078
1066
1020
986
1061
1155
1401
1687
1973
2381
2633
2993
3377
3755
4161
4400
4668
4880
5048
5203
5338
5551
5611
5652
4864
3547
1786
-42
-1109
-2260
-3054
-3824
-4420
-4872
-5116
-5224
-5634
-5659
-5579
-4743
-3578
-2656
-1644
-941
-296
211
679
875
876
1165
1414
1870
1945
1654
1180
527
-70
-686
-1183
-1937
-2454
-2751
-2977
-3212
-3742
-4291
-4740
-4892
-4873
-4549
-4078
-3592
-2881
-2146
-1501
-994
-510
47
686
1328
1746
2027
2095
2032
1981
1717
1354
1049
904
896
978
1079
1162
1235
1273
1369
1454
1589
1810
2218
2676
3078
3438
3736
3942
4117
4294
4452
4643
4765
4935
5179
5332
5382
5142
4117
2710
1015
-451
-1559
-2563
-3327
-3953
-4452
-4859
-4901
-5105
-5285
-5188
-4827
-3960
-2994
-2017
-1037
-256
326
787
1071
1090
1111
1328
1508
1758
1735
1491
991
334
-393
-1117
-1802
-2516
-2904
-3121
-3346
-3568
-3910
-4387
-4761
-5017
-5135
-4979
-4599
-3987
-3084
-2182
-1456
-732
-185
296
831
1216
1497
1760
1934
2050
2054
1800
1475
1202
946
847
852
916
1098
1368
1641
1804
1878
1909
2000
2271
2580
2908
3316
3692
4040
4367
4458
4567
4620
4641
4802
5079
5306
5502
5379
4446
3135
1235
-405
-1761
-2872
-3697
-4293
-4638
-4866
-4711
-4845
-4925
-5015
-4805
-4070
-3163
-2151
-1191
-229
463
1067
1436
1376
1221
1139
1172
1378
1391
1215
859
335
-398
-1100
-1949
-2877
-3468
-3798
-3879
-3873
-3985
-4188
-4307
-4450
-4461
-4421
-4311
-4016
-3312
-2397
-1477
-587
11
580
995
1344
1517
1639
1696
1735
1835
1750
1567
1250
1000
801
702
683
748
967
1232
1493
1800
2000
2147
2337
2591
2806
3076
3427
3758
4112
4315
4507
4708
4800
4852
4935
5108
5171
5246
5002
4038
2715
988
-479
-1851
-3033
-3980
-4560
-4822
-4900
-4544
-4521
-4478
-4467
-4094
-3480
-2820
-2026
-1217
-252
516
1255
1629
1593
1249
1022
879
656
423
164
-117
-422
-888
-1431
-2191
-3140
-3839
-4242
-4420
-4581
-4553
-4503
-4288
-4060
-3809
-3634
-3671
-3427
-2956
-2028
-1186
-352
475
1099
1717
2104
2286
2091
1874
1655
1575
1489
1208
1061
951
896
852
775
646
582
757
1124
1544
1859
2149
2498
2843
3093
3208
3350
3411
3636
4024
4313
4648
4814
4969
5065
5041
4943
4806
4563
3747
2777
1380
-25
-1281
-2528
-3406
-4168
-4492
-4738
-4469
-4230
-4136
-3846
-3618
-3067
-2599
-1992
-1364
-624
73
689
1258
1285
1149
972
697
444
90
-224
-502
-850
-1223
-1641
-2177
-2992
-3564
-4019
-4400
-4623
-4730
-4589
-4454
-4145
-3869
-3532
-3291
-2978
-2382
-1796
-1072
-387
392
1099
1654
2150
2381
2339
2147
1967
1702
1366
1077
837
786
743
703
653
529
575
689
934
1186
1485
1824
2210
2660
2965
3253
3464
3701
3951
4247
4539
4737
5044
5171
5251
5231
5056
4926
4773
4280
3273
2014
440
-890
-2143
-3247
-4109
-4696
-4892
-4808
-4377
-4136
-3854
-3641
-3215
-2665
-2163
-1666
-1132
-482
127
818
1083
1018
802
519
230
-121
-604
-1098
-1477
-1829
-2098
-2431
-2982
-3556
-4013
-4331
-4526
-4667
-4667
-4461
-4140
-3635
-3144
-2733
-2246
-1758
-1136
-548
79
624
1203
1754
2142
2453
2449
2334
2044
1713
1263
825
462
220
221
249
298
298
417
667
924
1170
1471
1749
2114
2593
3074
3451
3682
3967
4214
4429
4583
4651
4645
4643
4697
4743
4715
4607
4420
4346
3893
2952
1754
172
-1084
-2364
-3264
-4068
-4622
-4766
-4711
-4080
-3757
-3303
-3152
-2807
-2416
-2093
-1623
-1367
-851
-457
149
491
502
344
20
-298
-730
-1208
-1662
-2080
-2356
-2540
-2710
-2942
-3355
-3611
-3844
-3920
-4053
-3988
-3777
-3530
-3017
-2576
-2041
-1636
-1170
-697
-156
306
701
1194
1532
1919
2123
2228
2073
1757
1417
1007
620
228
4
-36
41
213
447
715
1017
1328
1687
1961
2221
2510
2875
3298
3619
3900
4142
4310
4380
4472
4437
4326
4281
4223
4196
4135
4067
3983
3898
3513
2655
1575
117
-1090
-2221
-3261
-4004
-4610
-4681
-4529
-3947
-3538
-3219
-2957
-2760
-2326
-2163
-1882
-1611
-1224
-713
-205
207
217
93
-133
-443
-817
-1408
-1821
-2158
-2406
-2466
-2593
-2700
-2962
-3056
-3094
-3179
-3311
-3421
-3278
-3147
-2844
-2467
-2095
-1652
-1218
-614
-102
261
610
947
1308
1504
1688
1722
1636
1501
1310
1156
792
517
311
291
336
394
624
860
1224
1627
2035
2329
2508
2769
3055
3288
3488
3574
3765
3911
4031
4193
4166
4171
4125
4132
4026
3868
3798
3680
3691
3388
2697
1764
407
-703
-1851
-2941
-3801
-4536
-4687
-4641
-4092
-3689
-3313
-2926
-2685
-2200
-2127
-1962
-1836
-1632
-1255
-885
-470
-420
-377
-402
-513
-729
-1247
-1617
-1993
-2317
-2461
-2586
-2660
-2809
-2747
-2657
-2640
-2726
-2834
-2790
-2818
-2690
-2467
-2174
-1792
-1307
-594
25
495
867
1187
1419
1498
1564
1514
1378
1215
1116
1064
851
655
514
468
434
445
593
754
1065
1444
1888
2282
2527
2853
3133
3359
3488
3558
3670
3725
3829
3908
3958
3970
4022
4086
4065
3992
3906
3813
3718
3321
2544
1556
230
-888
-2050
-3048
-3903
-4517
-4657
-4556
-4040
-3715
-3257
-2914
-2529
-2153
-1998
-1855
-1783
-1550
-1293
-922
-713
-614
-593
-556
-614
-835
-1208
-1590
-1929
-2264
-2430
-2613
-2720
-2789
-2682
-2574
-2534
-2565
-2594
-2528
-2495
-2389
-2267
-2053
-1760
-1271
-678
-98
359
795
1230
1523
1746
1757
1756
1592
1474
1325
1143
950
700
690
611
626
622
711
979
1284
1649
1955
2274
2486
2787
3086
3258
3340
3411
3558
3685
3751
3758
3784
3820
3919
4001
4041
3976
3898
3871
3663
3003
2037
801
-484
-1646
-2791
-3702
-4505
-4910
-4957
-4561
-4149
-3776
-3305
-2931
-2462
-2224
-1982
-1918
-1783
-1506
-1145
-808
-633
-487
-395
-301
-384
-588
-936
-1317
-1653
-1869
-2063
-2263
-2392
-2445
-2385
-2365
-2324
-2394
-2423
-2424
-2354
-2263
-2183
-1972
-1666
-1148
-636
-22
439
885
1325
1641
1854
1813
1748
1579
1430
1245
1055
815
608
514
492
524
541
712
1022
1392
1701
2032
2244
2455
2717
2972
3181
3227
3354
3505
3658
3711
3769
3826
3872
3945
4038
4084
3996
3949
3856
3445
2607
1518
169
-1047
-2306
-3413
-4331
-5076
-5338
-5219
-4660
-4257
-3691
-3182
-2696
-2255
-2052
-1822
-1845
-1639
-1318
-932
-584
-411
-177
-27
40
-62
-323
-723
-1153
-1458
-1703
-2026
-2277
-2498
-2549
-2521
-2505
-2449
-2549
-2537
-2531
-2408
-2288
-2167
-1823
-1375
-770
-140
470
963
1377
1767
1998
2025
1870
1633
1426
1165
955
732
493
367
339
418
458
545
748
1045
1364
1645
1939
2177
2503
2831
3166
3384
3456
3619
3741
3841
3856
3876
3902
3907
3978
4013
3989
3872
3771
3468
2759
1791
500
-781
-2057
-3257
-4240
-5038
-5425
-5402
-4908
-4362
-3750
-3126
-2577
-2043
-1759
-1496
-1421
-1284
-1003
-664
-313
-115
83
201
243
95
-199
-617
-1106
-1495
-1808
-2159
-2469
-2688
-2767
-2739
-2723
-2675
-2697
-2676
-2601
-2492
-2365
-2256
-2022
-1596
-1075
-508
78
591
1092
1530
1890
2036
1995
1829
1627
1388
1045
763
471
297
289
318
418
482
690
1011
1362
1705
1979
2272
2555
2909
3213
3444
3536
3625
3755
3807
3852
3790
3785
3748
3768
3766
3702
3633
3454
3314
2748
1938
829
-460
-1630
-2908
-3901
-4823
-5386
-5493
-5233
-4622
-4061
-3330
-2707
-2077
-1577
-1305
-1074
-1021
-813
-539
-309
-88
14
170
252
197
24
-389
-813
-1290
-1660
-2023
-2426
-2666
-2839
-2779
-2729
-2637
-2537
-2516
-2348
-2249
-2130
-2052
-1964
-1633
-1235
-714
-180
330
859
1309
1761
1971
2003
1863
1624
1400
1020
693
393
183
191
235
395
522
687
1015
1331
1679
1927
2175
2443
2713
3054
3278
3433
3514
3611
3708
3684
3636
3547
3467
3412
3347
3286
3213
3089
2991
2629
1978
1081
-61
-1132
-2324
-3344
-4269
-4933
-5160
-5063
-4499
-3974
-3226
-2545
-1861
-1260
-961
-708
-711
-625
-540
-407
-325
-282
-158
-66
-22
-173
-452
-888
-1335
-1768
-2143
-2529
-2858
-2987
-2996
-2854
-2747
-2555
-2427
-2272
-2103
-2011
-1886
-1835
-1565
-1207
-733
-221
292
843
1298
1766
2028
2129
2017
1814
1559
1217
853
543
348
257
338
442
615
750
1019
1313
1581
1846
2035
2341
2552
2841
3065
3193
3294
3356
3460
3441
3390
3297
3227
3145
3101
3037
3027
2926
2870
2663
2060
1364
280
-650
-1745
-2746
-3556
-4311
-4527
-4626
-4147
-3732
-3125
-2397
-1813
-1091
-808
-488
-462
-461
-401
-402
-360
-431
-356
-307
-293
-403
-655
-1026
-1428
-1846
-2181
-2549
-2892
-3029
-3125
-3028
-2961
-2777
-2630
-2488
-2296
-2196
-2028
-1965
-1692
-1376
-952
-455
63
654
1123
1638
1953
2140
2090
1915
1668
1280
921
569
359
206
225
343
503
706
960
1245
1501
1734
1958
2221
2407
2633
2822
2981
3125
3260
3380
3389
3383
3331
3324
3251
3193
3186
3186
3179
3129
2878
2314
1587
624
-326
-1425
-2506
-3428
-4166
-4483
-4548
-4222
-3834
-3214
-2469
-1766
-1097
-771
-513
-465
-451
-426
-446
-480
-518
-451
-400
-413
-571
-823
-1170
-1515
-1896
-2241
-2616
-2946
-3067
-3140
-3024
-2910
-2684
-2420
-2201
-1938
-1812
-1661
-1580
-1369
-1072
-767
-343
90
623
1114
1539
1836
1917
1868
1674
1401
1025
614
284
54
-35
1
126
321
586
911
1257
1561
1818
2060
2312
2538
2733
2933
3069
3236
3404
3513
3596
3562
3541
3469
3393
3311
3219
3185
3060
2942
2558
1982
1238
283
-652
-1737
-2724
-3573
-4176
-4400
-4361
-4028
-3568
-2921
-2203
-1549
-987
-682
-510
-449
-475
-457
-528
-595
-630
-666
-663
-770
-919
-1178
-1486
-1785
-2111
-2362
-2650
-2831
-2908
-2911
-2758
-2582
-2363
-2177
-2046
-1913
-1817
-1682
-1502
-1246
-890
-477
38
545
1006
1425
1687
1856
1854
1718
1498
1150
834
521
299
174
116
190
293
519
794
1100
1418
1663
1939
2182
2418
2636
2808
2974
3138
3329
3516
3654
3730
3784
3779
3749
3645
3536
3433
3255
3035
2535
1885
1043
117
-784
-1816
-2705
-3519
-4001
-4175
-4136
-3817
-3467
-2870
-2237
-1607
-1070
-777
-504
-377
-257
-215
-309
-412
-553
-599
-670
-838
-1059
-1401
-1704
-2032
-2358
-2638
-2964
-3125
-3202
-3115
-2941
-2781
-2532
-2396
-2183
-2047
-1905
-1684
-1510
-1134
-789
-351
100
527
1027
1353
1651
1740
1703
1597
1339
1117
792
528
361
253
289
357
542
809
1127
1508
1794
2064
2288
2446
2640
2713
2817
2944
3068
3309
3455
3616
3726
3770
3832
3784
3774
3682
3548
3304
2758
2111
1218
273
-654
-1700
-2573
-3357
-3850
-4019
-4027
-3763
-3453
-2958
-2409
-1882
-1371
-1095
-780
-596
-458
-335
-405
-414
-492
-554
-622
-811
-1031
-1339
-1623
-1922
-2235
-2525
-2834
-3018
-3099
-3087
-2955
-2822
-2665
-2474
-2321
-2125
-1940
-1735
-1435
-1104
-697
-284
141
565
942
1283
1472
1550
1524
1402
1289
1099
922
745
583
527
497
580
689
880
1149
1418
1747
2002
2245
2453
2608
2739
2851
2984
3117
3303
3448
3588
3693
3739
3766
3736
3707
3587
3403
3008
2415
1670
740
-197
-1213
-2169
-2991
-3618
-3933
-4008
-3834
-3519
-3063
-2522
-1982
-1482
-1108
-822
-609
-472
-379
-321
-315
-270
-267
-313
-437
-678
-968
-1303
-1630
-1999
-2346
-2689
-2950
-3057
-3109
-3012
-2872
-2706
-2513
-2330
-2145
-1945
-1692
-1471
-1140
-816
-433
12
399
787
1071
1271
1335
1303
1152
915
708
473
333
252
226
303
445
690
976
1294
1571
1821
2042
2216
2344
2437
2501
2591
2747
2928
3165
3366
3545
3684
3752
3790
3777
3735
3623
3427
3080
2561
1916
1101
242
-693
-1607
-2394
-3032
-3410
-3593
-3522
-3288
-2867
-2369
-1853
-1379
-1036
-767
-599
-492
-447
-454
-477
-533
-563
-649
-759
-924
-1137
-1370
-1658
-1969
-2318
-2604
-2865
-3006
-3083
-3103
-3042
-2922
-2723
-2440
-2125
-1821
-1498
-1202
-930
-602
-313
14
342
628
886
1071
1168
1147
1083
908
750
587
438
356
322
383
515
738
991
1272
1565
1805
2051
2233
2380
2488
2593
2699
2831
3013
3154
3335
3461
3576
3701
3789
3837
3774
3577
3197
2698
2037
1265
425
-497
-1343
-2097
-2676
-3065
-3283
-3300
-3149
-2836
-2461
-2049
-1703
-1370
-1085
-873
-697
-629
-589
-604
-625
-668
-752
-866
-1015
-1156
-1338
-1544
-1770
-1987
-2183
-2364
-2496
-2663
-2787
-2882
-2908
-2826
-2680
-2448
-2155
-1808
-1451
-1033
-635
-233
175
502
795
1012
1147
1216
1217
1148
1027
918
804
769
754
766
830
917
1051
1197
1366
1498
1643
1799
1942
2093
2219
2348
2484
2662
2828
2993
3149
3269
3404
3508
3555
3501
3301
2953
2475
1892
1208
512
-232
-940
-1547
-2042
-2363
-2555
-2587
-2531
-2353
-2125
-1878
-1637
-1444
-1264
-1113
-994
-909
-849
-797
-756
-726
-749
-812
-927
-1084
-1264
-1490
-1710
-1930
-2083
-2192
-2253
-2328
-2370
-2397
-2412
-2372
-2339
-2270
-2116
-1901
-1610
-1270
-914
-534
-148
178
450
657
777
875
910
910
886
864
860
902
971
1052
1177
1317
1465
1595
1690
1745
1775
1808
1829
1870
1949
2053
2228
2440
2664
2892
3098
3235
3352
3396
3355
3230
2946
2554
2056
1466
819
144
-554
-1165
-1661
-2019
-2205
-2258
-2185
-1994
-1773
-1530
-1326
-1170
-1034
-941
-897
-880
-885
-915
-927
-981
-1056
-1145
-1248
-1358
-1478
-1621
-1746
-1857
-1968
-2073
-2186
-2290
-2351
-2377
-2363
-2299
-2208
-2056
-1847
-1601
-1336
-1051
-754
-451
-167
75
268
392
447
447
411
373
364
411
527
701
943
1220
1501
1748
1934
2050
2119
2132
2116
2092
2068
2086
2128
2194
2281
2381
2492
2622
2728
2820
2889
2895
2831
2669
2377
2002
1526
964
365
-262
-837
-1301
-1659
-1904
-2021
-2031
-1911
-1703
-1470
-1228
-1000
-810
-644
-548
-534
-556
-639
-743
-863
-1014
-1166
-1301
-1458
-1609
-1766
-1941
-2085
-2209
-2317
-2375
-2387
-2331
-2210
-2060
-1894
-1713
-1519
-1315
-1114
-924
-725
-524
-311
-102
81
221
323
377
391
382
363
360
383
453
574
754
964
1184
1385
1565
1713
1845
1945
2009
2055
2108
2168
2257
2357
2470
2612
2743
2872
2960
2981
2928
2781
2494
2100
1602
1037
476
-87
-607
-1047
-1401
-1637
-1772
-1840
-1834
-1757
-1628
-1458
-1278
-1111
-933
-772
-644
-551
-522
-537
-569
-653
-753
-874
-1044
-1223
-1402
-1579
-1734
-1865
-1970
-2023
-2051
-2035
-1976
-1898
-1795
-1665
-1525
-1356
-1140
-898
-630
-359
-107
124
310
436
513
532
518
481
447
446
495
584
699
838
978
1098
1191
1244
1266
1266
1265
1277
1314
1397
1531
1723
1946
2186
2410
2607
2762
2859
2882
2803
2616
2312
1914
1448
931
398
-132
-645
-1088
-1461
-1736
-1898
-1970
-1962
-1898
-1788
-1639
-1475
-1316
-1158
-1036
-950
-877
-820
-791
-788
-821
-882
-964
-1065
-1161
-1244
-1328
-1398
-1457
-1514
-1557
-1575
-1577
-1546
-1489
-1405
-1284
-1130
-939
-715
-485
-262
-61
119
276
412
529
618
689
754
837
940
1076
1232
1392
1529
1614
1641
1608
1527
1406
1266
1128
1029
983
1013
1116
1268
1447
1639
1828
1985
2115
2198
2220
2162
2017
1797
1500
1161
774
359
-63
-483
-854
-1154
-1389
-1543
-1626
-1666
-1660
-1628
-1572
-1503
-1443
-1393
-1353
-1325
-1309
-1294
-1276
-1266
-1271
-1282
-1300
-1310
-1307
-1295
-1288
-1300
-1323
-1367
-1404
-1426
-1431
-1396
-1326
-1214
-1053
-857
-635
-400
-180
8
159
284
391
491
585
685
795
929
1100
1299
1517
1733
1903
2009
2042
1999
1900
1756
1593
1441
1320
1256
1260
1322
1427
1537
1644
1716
1750
1739
1696
1609
1462
1283
1052
779
493
183
-138
-447
-744
-1002
-1196
-1331
-1397
-1397
-1358
-1294
-1222
-1153
-1109
-1092
-1105
-1148
-1220
-1307
-1396
-1483
-1565
-1639
-1677
-1698
-1683
-1622
-1557
-1483
-1408
-1370
-1352
-1342
-1333
-1298
-1231
-1129
-971
-790
-590
-366
-167
8
167
283
384
485
571
671
797
944
1132
1351
1582
1820
2024
2174
2250
2246
2174
2067
1922
1796
1712
1653
1647
1680
1741
1808
1852
1867
1842
1763
1664
1524
1344
1147
916
649
374
69
-274
-606
-944
-1260
-1524
-1730
-1845
-1878
-1855
-1767
-1644
-1532
-1425
-1350
-1319
-1325
-1355
-1426
-1505
-1582
-1658
-1714
-1733
-1724
-1698
-1639
-1577
-1528
-1476
-1447
-1428
-1403
-1370
-1291
-1170
-1020
-811
-586
-375
-144
43
187
323
416
475
538
594
678
807
968
1182
1423
1664
1906
2095
2204
2272
2259
2187
2110
2021
1959
1942
1961
2010
2080
2151
2211
2226
2195
2123
1978
1800
1601
1360
1116
873
611
343
63
-240
-547
-856
-1141
-1386
-1604
-1757
-1834
-1881
-1870
-1827
-1803
-1772
-1758
-1786
-1825
-1882
-1943
-1994
-2027
-2021
-1985
-1912
-1821
-1719
-1635
-1583
-1565
-1587
-1620
-1637
-1627
-1583
-1465
-1294
-1099
-857
-602
-372
-155
29
167
290
392
484
607
743
923
1157
1396
1658
1906
2086
2215
2270
2231
2152
2055
1935
1864
1846
1874
1964
2083
2211
2325
2383
2386
2324
2185
2010
1803
1579
1370
1182
1008
845
679
496
282
37
-225
-512
-783
-1021
-1236
-1397
-1502
-1587
-1652
-1688
-1747
-1828
-1919
-2033
-2142
-2243
-2318
-2351
-2346
-2294
-2195
-2082
-1982
-1880
-1826
-1800
-1785
-1784
-1766
-1712
-1609
-1469
-1294
-1083
-878
-694
-526
-395
-287
-199
-110
9
152
337
584
847
1131
1438
1691
1894
2049
2121
2137
2130
2098
2072
2083
2126
2218
2325
2426
2519
2549
2523
2433
2261
2048
1815
1561
1337
1148
989
863
752
642
511
355
183
-8
-213
-399
-560
-702
-801
-863
-926
-971
-1025
-1114
-1233
-1394
-1576
-1774
-1973
-2147
-2286
-2380
-2416
-2415
-2377
-2303
-2216
-2141
-2056
-1967
-1876
-1770
-1644
-1494
-1332
-1146
-949
-768
-595
-439
-297
-173
-58
68
197
332
488
655
820
980
1120
1231
1327
1393
1442
1507
1581
1665
1783
1926
2087
2257
2396
2513
2582
2576
2518
2399
2235
2055
1865
1681
1519
1369
1225
1084
921
737
528
275
3
-276
-543
-782
-973
-1113
-1194
-1221
-1212
-1183
-1158
-1159
-1198
-1268
-1382
-1519
-1666
-1807
-1921
-1993
-2013
-1994
-1929
-1835
-1735
-1619
-1526
-1457
-1407
-1380
-1369
-1365
-1353
-1319
-1261
-1162
-1029
-867
-676
-466
-250
-37
163
341
495
622
734
831
914
991
1077
1173
1283
1400
1526
1656
1782
1889
1975
2028
2045
2039
1998
1934
1858
1765
1675
1585
1493
1410
1324
1232
1123
1004
861
700
529
345
152
-37
-217
-384
-533
-665
-773
-872
-962
-1053
-1136
-1232
-1335
-1439
-1549
-1652
-1747
-1818
-1871
-1890
-1875
-1824
-1743
-1634
-1499
-1362
-1218
-1085
-960
-851
-767
-699
-649
-600
-540
-469
-387
-285
-166
-33
104
235
365
479
570
646
716
774
840
908
988
1078
1172
1277
1379
1474
1556
1615
1650
1663
1652
1623
1571
1505
1431
1344
1248
1139
1024
900
767
628
487
338
191
57
-76
-202
-310
-415
-511
-599
-688
-767
-846
-921
-995
-1068
-1136
-1185
-1227
-1261
-1287
-1302
-1311
-1314
-1301
-1288
-1260
-1232
-1198
-1160
-1107
-1048
-983
-913
-843
-762
-675
-576
-476
-366
-255
-142
-19
95
217
344
461
579
691
789
882
964
1039
1111
1170
1219
1260
1291
1310
1325
1326
1318
1302
1271
1241
1194
1138
1084
1018
948
885
810
722
638
556
463
366
269
175
70
-35
-136
-237
-330
-428
-522
-609
-695
-773
-849
-920
-993
-1065
-1133
-1198
-1255
-1308
-1344
-1372
-1385
-1383
-1363
-1325
-1279
-1213
-1140
-1053
-957
-867
-772
-675
-577
-486
-396
-311
-232
-148
-67
13
95
170
250
331
416
498
575
651
723
788
845
900
961
1024
1083
1146
1202
1256
1297
1329
1348
1351
1334
1294
1238
1162
1071
976
875
767
663
563
460
356
257
154
54
-49
-152
-255
-353
-448
-535
-611
-680
-738
-774
-800
-819
-834
-850
-859
-875
-892
-917
-942
-970
-1004
-1031
-1054
-1068
-1077
-1073
-1058
-1043
-1016
-965
-910
-839
-760
-677
-574
-476
-364
-248
-133
-10
106
223
329
428
522
603
678
734
778
822
856
882
902
908
911
913
910
911
906
907
908
909
907
903
896
888
879
849
814
771
714
653
584
506
422
334
250
168
87
0
-92
-179
-269
-358
-441
-530
-617
-692
-759
-816
-868
-901
-926
-943
-941
-934
-922
-907
-897
-882
-868
-855
-840
-821
-801
-785
-755
-715
-680
-635
-585
-536
-481
-421
-355
-287
-213
-138
-59
23
107
195
285
383
477
566
649
720
784
836
869
893
916
926
926
923
925
917
906
896
881
858
829
795
750
711
669
621
578
532
489
439
382
334
281
221
155
88
16
-59
-130
-205
-281
-350
-417
-482
-544
-603
-658
-715
-765
-810
-852
-895
-928
-956
-974
-986
-991
-985
-973
-948
-923
-884
-840
-790
-730
-674
-614
-548
-488
-420
-351
-288
-213
-142
-69
9
81
154
224
291
367
431
484
543
593
638
674
708
734
753
775
788
795
800
807
806
807
801
784
762
736
707
669
631
596
557
516
482
439
394
354
311
263
220
173
114
61
1
-60
-120
-180
-239
-294
-346
-391
-437
-479
-519
-551
-582
-614
-643
-678
-705
-732
-754
-769
-780
-776
-770
-752
-732
-707
-676
-640
-599
-551
-508
-461
-412
-364
-311
-258
-198
-142
-82
-24
39
106
163
220
270
317
360
396
428
449
472
491
508
523
536
547
560
572
575
575
570
563
547
527
508
492
463
433
409
384
358
333
311
293
273
247
218
195
161
124
92
55
13
-31
-71
-113
-151
-188
-214
-243
-276
-300
-331
-350
-377
-399
-415
-440
-475
-490
-510
-524
-522
-522
-512
-502
-488
-464
-437
-413
-384
-352
-331
-307
-275
-238
-199
-160
-122
-86
-42
0
41
83
118
153
184
213
237
258
280
286
302
312
316
324
333
337
334
339
334
326
323
305
296
283
265
249
230
220
204
195
183
177
166
155
144
132
119
100
84
64
54
38
22
12
-5
-21
-36
-49
-61
-73
-88
-108
-130
-154
-176
-198
-227
-250
-273
-287
-297
-310
-322
-330
-334
-335
-331
-326
-329
-329
-314
-306
-297
-272
-255
-229
-204
-174
-140
-99
-64
-33
-1
25
58
87
113
131
155
178
199
215
223
242
254
263
268
266
263
256
248
236
223
206
191
171
151
130
108
90
65
48
33
21
4
-8
-12
-17
-26
-31
-32
-35
-36
-32
-28
-27
-18
-10
-7
5
18
31
37
45
57
53
57
61
56
52
52
48
38
25
13
2
-9
-32
-42
-58
-77
-87
-104
-117
-128
-145
-154
-167
-177
-183
-189
-186
-187
-184
-177
-167
-156
-139
-121
-107
-90
-72
-56
-38
-18
0
21
43
62
80
92
105
116
117
121
125
127
126
123
123
118
113
105
93
78
65
51
39
27
21
11
-3
-7
-13
-18
-25
-34
-39
-38
-34
-27
-22
-12
-3
1
10
21
31
47
67
72
82
88
90
97
106
109
110
109
110
107
102
92
80
70
64
47
30
20
0
-12
-19
-31
-37
-48
-56
-66
-79
-85
-97
-106
-106
-112
-121
-126
-131
-136
-138
-135
-131
-128
-124
-120
-111
-110
-103
-94
-81
-69
-58
-51
-44
-35
-24
-12
-8
-4
-1
7
11
17
24
28
33
38
44
47
50
51
59
60
54
60
59
61
67
68
70
72
69
71
78
79
84
83
82
81
77
71
69
66
58
55
50
42
35
30
21
14
5
-2
-8
-20
-25
-34
-46
-54
-67
-70
-71
-77
-78
-84
-92
-90
-87
-90
-92
-90
-84
-87
-81
-79
-78
-76
-75
-67
-69
-67
-60
-50
-39
-35
-32
-24
-24
-16
-8
-3
3
6
15
12
17
22
25
29
27
33
39
46
48
45
48
49
57
63
67
73
72
73
75
81
80
82
84
79
74
74
70
64
58
56
52
48
49
45
40
39
37
25
22
23
20
13
5
4
-3
-11
-17
-21
-21
-28
-30
-33
-40
-46
-53
-54
-61
-67
-71
-74
-72
-71
-67
-67
-67
-69
-69
-72
-71
-69
-68
-58
-53
-47
-43
-35
-30
-22
-17
-19
-14
-9
-9
-3
5
8
14
20
27
29
39
42
52
54
54
60
62
58
58
66
61
60
58
57
54
52
54
54
51
48
50
54
55
53
54
45
35
35
25
26
28
22
20
11
12
12
5
-2
-6
-10
-12
-17
-28
-31
-34
-36
-38
-39
-41
-45
-50
-54
-55
-56
-60
-66
-63
-61
-64
-66
-64
-59
-59
-58
-52
-52
-46
-35
-30
-22
-13
-10
-6
-3
2
6
0
3
6
8
12
11
15
15
18
24
27
32
31
33
32
32
32
33
36
32
32
34
33
35
32
29
33
37
40
37
32
25
22
18
15
13
9
12
11
12
10
12
13
15
11
9
13
6
1
-2
-7
-6
-11
-11
-10
-15
-17
-26
-26
-28
-30
-27
-25
-28
-34
-33
-35
-32
-34
-35
-32
-30
-21
-14
-8
-3
-2
2
0
-3
-4
-8
-5
-5
0
-1
0
-1
6
4
1
1
-6
-4
-4
-3
0
5
3
2
1
-2
-3
-3
2
0
0
1
-2
3
2
0
8
11
9
7
10
13
9
6
0
-2
-3
-11
-7
-2
-1
2
3
1
-1
2
10
2
7
1
1
6
2
5
2
-3
-6
-2
-6
-9
-10
-9
-7
-6
-4
-2
0
-5
-2
-5
-12
-7
-8
-12
-14
-20
-26
-23
-26
-19
-13
-18
-16
-18
-14
-11
-9
-8
-4
-2
-6
-3
-1
-1
2
0
-2
0
1
5
4
3
2
-1
4
3
2
7
4
-1
2
5
6
12
13
13
14
18
17
10
14
15
7
11
11
11
11
12
15
13
10
6
3
3
1
5
8
5
6
8
8
5
6
5
3
3
2
2
-1
0
3
1
1
7
8
4
9
10
5
6
2
-1
-4
-7
-4
-1
2
7
4
2
6
2
-2
-1
-8
-8
-9
-9
-8
-10
-3
0
-7
-8
-6
-6
-10
-10
-7
-7
0
1
2
-1
0
4
7
10
3
2
4
8
13
13
10
8
7
9
14
11
11
13
18
18
15
16
11
7
8
4
6
9
9
8
6
5
6
9
16
15
11
4
2
-1
-2
1
-5
-3
-9
-16
-22
-21
-19
-17
-19
-19
-17
-24
-22
-19
-13
-18
-20
-20
-21
-18
-12
-9
-10
-5
-4
-5
-3
-1
0
-5
-3
-3
-2
-4
-7
-2
-6
0
-2
-6
-5
-5
-5
-10
-10
-10
-10
-9
-6
-2
0
-1
-5
3
-1
-3
-2
-2
3
0
1
0
-3
-5
-4
-3
-2
-3
-3
2
3
2
3
5
-4
-2
-3
-4
0
-3
-6
-5
-5
-1
-1
-1
2
0
2
4
7
4
9
7
5
7
4
7
7
6
4
6
4
-4
-3
-2
-7
-6
-5
0
-2
-1
2
-1
1
0
1
5
4
8
12
11
10
3
0
4
1
-3
1
1
-1
-5
-6
-1
2
6
1
0
6
