-1
-1
-1
-4
-3
0
-3
-3
-3
-5
-4
-6
-6
-2
-4
-3
-4
-2
-3
-4
-4
-2
-2
-4
-2
-4
0
-2
-5
-3
-2
-2
-1
1
-1
-2
-3
-3
-3
-4
-3
-1
-3
-2
0
-1
1
-1
-2
-1
0
-1
0
2
1
2
4
6
4
3
3
4
3
0
-1
0
4
4
3
5
5
5
3
3
4
3
3
1
-1
-1
-1
-2
-1
-1
1
-1
-5
-3
-3
-3
-1
-2
-1
-3
-2
-1
-1
0
-2
-2
-2
-2
0
1
-1
-3
-3
-5
-4
-4
-2
0
-1
-1
-1
-1
2
2
2
4
5
4
4
4
4
4
3
-1
0
2
1
4
0
1
3
4
5
2
1
-3
-4
-2
-1
-1
-3
0
0
2
7
3
2
-1
-3
-3
-3
-5
-8
-7
-8
-3
-4
-11
-12
-9
-10
-9
-7
-9
-9
-10
-5
-3
4
5
10
15
14
18
19
20
9
12
19
16
17
17
16
13
18
20
18
22
15
5
9
11
14
11
3
-4
-2
3
0
6
5
5
6
8
6
-4
-4
-6
-4
-3
-12
-23
-23
-25
-32
-28
-19
-12
-15
-13
-14
-24
-33
-21
-17
-26
-19
-13
-13
-6
14
18
17
19
11
-5
-19
-18
-24
-25
-10
-2
0
10
15
11
12
2
9
28
22
19
31
16
5
23
20
16
31
25
8
10
15
26
27
13
9
11
5
-3
14
13
13
23
32
32
30
42
35
25
8
-8
-18
-28
-43
-60
-57
-52
-54
-40
-24
-19
-14
-13
-22
-36
-35
-46
-58
-54
-67
-66
-61
-56
-59
-52
-38
-31
-18
-21
-7
12
18
32
45
42
33
60
76
64
68
74
68
66
72
60
43
53
44
14
19
29
29
26
30
14
-1
1
-7
6
1
-15
-17
-5
-6
-8
11
6
-8
-14
-10
-10
-22
-31
-22
-26
-38
-37
-41
-63
-74
-63
-55
-43
-41
-36
-38
-48
-38
-31
-35
-35
-8
-3
2
17
21
34
40
45
43
49
50
40
32
18
8
0
4
12
13
24
47
54
46
40
50
44
41
31
21
32
16
11
17
18
13
14
8
-14
-16
-28
-28
-19
-40
-50
-37
-36
-46
-26
-4
-10
-9
-5
12
29
32
38
24
14
25
21
29
26
20
8
2
-6
-5
20
1
-19
-15
-19
-28
-34
-34
-40
-43
-40
-31
-14
-6
-6
0
5
7
-7
-26
-24
-22
-19
-17
9
7
-20
-19
-12
9
19
37
58
71
62
68
87
83
69
90
93
95
80
77
73
51
62
61
61
49
72
86
70
77
53
33
18
23
45
54
43
24
-26
-92
-37
-1
-70
-129
-97
-84
-164
-201
-77
-299
-856
-630
-108
-183
-359
-132
107
13
6
159
322
331
248
342
424
264
173
262
271
185
179
221
59
-53
-248
-238
91
237
84
-95
28
208
-341
-1764
-1528
-108
36
-554
-523
-323
-682
-546
-183
-16
224
136
39
-103
-414
-270
-89
216
344
185
221
226
331
413
652
650
660
947
370
-44
91
115
-108
-59
208
-275
-347
1
-2
-294
-54
262
-70
-32
163
-123
-32
49
-30
54
182
282
228
303
231
266
322
117
18
296
125
11
163
-40
-104
-326
32
235
-174
-260
142
292
-339
23
247
-45
5
11
67
10
-104
-58
133
-6
86
60
-11
147
158
100
-89
-137
11
-86
-218
71
-274
-204
-69
-128
-84
-184
23
72
306
96
-249
126
144
-333
-133
117
86
-379
-348
128
-18
-458
-97
466
48
-365
-125
519
38
-716
7
471
-317
-704
145
473
-376
-539
324
618
-257
-495
432
382
-434
-439
345
296
-576
-185
367
63
-482
-127
539
-73
-485
-68
546
85
-416
308
432
-239
-440
238
421
-242
-282
381
299
-555
-552
275
375
-319
-188
424
68
-654
-180
433
54
-442
58
579
-288
-637
137
248
-280
-275
333
421
-238
-191
395
334
-34
16
513
441
-242
-273
338
390
-313
-168
396
125
-266
-101
282
71
-343
-102
354
354
-137
-224
271
389
-16
-178
221
280
-102
-8
254
123
-167
-110
264
296
120
-109
133
296
-124
82
278
-43
-240
-109
69
-322
-414
-205
-80
-145
-180
-101
-148
-81
-189
26
135
-115
-207
-53
94
-168
-320
-200
-116
-279
-298
-6
60
-264
-155
65
-2
12
-85
22
145
13
-212
-111
36
-246
-155
55
-108
-214
108
112
-59
116
255
200
129
226
181
135
94
81
52
150
39
137
303
75
-118
19
420
223
18
164
63
-94
-69
48
5
-154
-233
-31
185
40
-95
49
220
73
-6
175
188
-117
41
342
147
-189
-211
158
209
-95
-135
60
-48
-230
-154
-52
-92
-132
-183
-59
-49
-240
-247
-192
-31
108
-1
-185
-237
0
123
-49
10
58
-13
-11
58
200
183
11
-37
228
275
-195
-226
123
264
42
-122
61
35
-98
-13
233
190
-140
-151
118
129
-124
-237
29
129
-63
19
24
-27
-31
57
209
191
-70
-178
142
278
109
28
99
114
-6
-27
13
50
34
10
69
-15
-126
-183
-163
-114
-94
-46
-51
-75
-79
-46
-26
47
103
140
173
80
31
-35
-61
-36
-41
37
44
-47
-94
-69
-14
-83
-128
-33
44
21
-17
28
-46
-104
-74
-24
-4
-116
-141
-41
-58
-216
-176
-26
-40
-179
-155
-106
-204
-355
-362
-139
-145
-272
-248
-174
-129
-273
-249
-75
-153
-182
-46
48
-52
-110
8
136
168
109
118
188
120
51
108
117
115
140
259
275
158
186
212
246
323
416
435
480
517
458
498
492
448
489
559
556
511
481
470
422
465
575
578
551
520
517
493
292
122
188
290
194
-21
-81
-148
-347
-578
-680
-737
-938
-1060
-1100
-1190
-1362
-1531
-1552
-1499
-1506
-1558
-1491
-1380
-1315
-1217
-1110
-924
-773
-675
-525
-347
-188
-48
54
147
224
278
342
358
465
539
569
605
611
608
592
588
548
575
637
751
820
754
724
835
1001
1109
1196
1288
1403
1458
1494
1583
1631
1632
1680
1782
1855
1831
1767
1729
1509
1067
678
524
414
231
-112
-464
-845
-1376
-1769
-1991
-2183
-2409
-2479
-2487
-2565
-2692
-2791
-2778
-2638
-2375
-2062
-1792
-1670
-1573
-1371
-1102
-826
-494
-153
65
187
286
373
410
414
464
541
539
396
208
94
2
-121
-152
-71
-72
-108
-50
14
29
17
132
444
773
1001
1188
1359
1489
1655
1877
2141
2367
2557
2725
2771
2695
2699
2801
2876
2958
2849
2465
1855
1232
903
799
553
23
-580
-1175
-1746
-2227
-2622
-2847
-3010
-3152
-3155
-3102
-3188
-3371
-3338
-3067
-2680
-2257
-1858
-1580
-1343
-1073
-852
-628
-310
-10
262
502
690
712
567
352
232
311
300
178
-4
-188
-452
-774
-940
-953
-953
-882
-731
-617
-529
-370
-157
30
315
616
940
1329
1731
2050
2228
2329
2478
2739
2973
3146
3235
3229
3146
3064
3124
3212
3201
2998
2512
1802
1201
976
827
528
-49
-814
-1543
-2111
-2407
-2684
-3040
-3316
-3430
-3367
-3342
-3495
-3654
-3577
-3245
-2837
-2340
-1906
-1682
-1503
-1270
-941
-559
-257
4
265
543
707
676
583
422
297
308
426
433
167
-179
-591
-873
-921
-858
-800
-833
-791
-660
-527
-424
-211
120
457
762
1053
1375
1580
1758
2069
2427
2589
2574
2690
2870
2977
2901
2873
2931
2826
2733
2762
2825
2462
1714
1062
720
636
609
462
-87
-998
-1783
-2115
-2192
-2262
-2414
-2539
-2652
-2777
-2838
-2880
-2986
-3018
-2728
-2181
-1680
-1439
-1322
-1199
-1100
-958
-637
-242
72
260
284
239
147
60
33
-24
-92
-145
-154
-208
-394
-632
-808
-899
-899
-747
-531
-384
-369
-282
-62
166
429
690
994
1097
1153
1256
1347
1532
1678
1907
1837
1605
1400
1494
1811
1803
1744
1585
1490
1486
1589
1767
1611
1183
722
562
669
804
828
528
-39
-621
-886
-793
-701
-783
-1032
-1328
-1572
-1658
-1611
-1634
-1729
-1683
-1465
-1256
-1151
-1120
-1069
-1011
-912
-717
-376
-163
-227
-379
-479
-472
-378
-185
-129
-291
-519
-640
-535
-386
-363
-437
-532
-562
-516
-384
-220
-194
-199
-135
41
102
162
234
278
361
447
595
557
500
484
468
481
567
692
718
642
563
577
662
766
818
828
848
899
970
1046
1096
1039
923
912
930
991
1060
1071
920
618
396
301
321
263
150
28
-151
-359
-557
-658
-703
-738
-780
-775
-794
-841
-833
-790
-798
-883
-888
-784
-662
-631
-638
-700
-789
-858
-833
-681
-642
-723
-785
-804
-787
-751
-663
-578
-630
-681
-652
-518
-319
-206
-186
-227
-191
-70
91
212
214
280
331
382
451
555
640
580
519
515
643
787
839
816
751
731
755
802
860
875
912
956
923
842
861
927
935
918
899
892
850
831
797
706
608
513
418
308
245
146
17
-102
-260
-390
-473
-549
-601
-659
-728
-779
-834
-902
-960
-943
-957
-971
-985
-955
-957
-992
-946
-934
-921
-965
-955
-830
-712
-731
-760
-704
-618
-627
-559
-390
-402
-458
-419
-189
-47
-53
-79
-86
-54
-33
106
267
352
300
276
311
333
362
468
614
654
626
596
668
721
828
841
757
679
690
855
947
949
896
856
766
730
801
864
893
795
714
683
596
456
381
369
279
177
82
-31
-161
-281
-360
-465
-553
-610
-626
-688
-786
-838
-826
-814
-845
-807
-769
-776
-794
-733
-640
-603
-543
-531
-526
-597
-564
-493
-393
-364
-466
-445
-426
-355
-368
-332
-256
-338
-296
-210
-98
36
-72
-173
-116
92
203
230
312
321
333
266
398
540
574
616
541
535
448
650
762
558
499
461
527
558
587
586
363
207
236
438
575
461
280
186
216
329
463
517
472
256
199
356
390
427
366
264
108
84
121
93
-18
-191
-315
-341
-278
-302
-306
-404
-531
-603
-577
-545
-535
-523
-565
-599
-672
-692
-648
-558
-553
-621
-648
-730
-715
-550
-432
-431
-662
-576
-315
-184
-51
-128
-258
-364
-50
196
225
139
39
160
112
98
210
336
174
-23
135
251
318
322
91
-23
75
233
334
369
295
175
211
199
262
364
488
612
607
659
638
620
721
815
964
1080
1080
911
772
808
718
679
778
786
568
276
98
-15
-134
-160
-247
-379
-497
-624
-671
-793
-918
-934
-862
-763
-780
-865
-921
-966
-906
-853
-716
-644
-682
-583
-568
-616
-617
-476
-424
-415
-393
-402
-298
-213
-237
-452
-430
-206
-30
30
-298
-430
-325
-54
152
-68
-169
-116
42
126
120
105
26
11
106
192
299
565
670
465
349
536
856
1028
1100
1098
1065
1204
1429
1587
1484
1312
1495
1749
1733
1448
1141
1047
944
861
892
765
383
-61
-318
-458
-567
-639
-809
-1081
-1281
-1357
-1398
-1436
-1476
-1461
-1412
-1420
-1320
-1219
-1190
-1180
-1121
-966
-785
-635
-556
-511
-626
-715
-598
-360
-256
-280
-315
-341
-380
-423
-463
-377
-168
-178
-303
-204
6
-219
-303
-210
-91
146
84
190
277
423
307
290
570
635
824
839
893
1137
1188
1014
957
1233
1574
1659
1587
1472
1550
1598
1513
1595
1811
1880
1579
1201
914
999
1088
882
524
77
-256
-488
-603
-722
-1026
-1356
-1534
-1592
-1661
-1846
-1953
-1964
-1850
-1680
-1603
-1596
-1539
-1353
-1113
-867
-695
-561
-418
-346
-416
-458
-374
-156
5
-17
-195
-434
-583
-692
-484
-351
-331
-436
-652
-638
-742
-647
-481
-342
-68
65
3
-160
-5
460
839
919
763
849
1103
1365
1523
1511
1336
1315
1512
1721
1879
1759
1766
1750
1709
1888
2201
2296
1953
1571
1326
1281
1304
1216
996
620
67
-436
-663
-808
-1047
-1329
-1573
-1797
-2047
-2262
-2474
-2579
-2482
-2278
-2073
-2043
-2019
-1892
-1661
-1330
-961
-604
-353
-209
-69
58
69
14
58
218
340
351
162
-149
-481
-649
-636
-516
-484
-640
-827
-975
-1025
-1043
-933
-709
-441
-276
-115
53
217
451
668
977
1307
1648
1870
1967
1954
1795
1880
2233
2490
2654
2533
2409
2350
2350
2587
2796
2742
2158
1527
1237
1261
1333
1105
495
-287
-940
-1213
-1308
-1605
-1985
-2338
-2539
-2702
-2915
-3091
-3214
-3140
-2850
-2464
-2226
-2193
-2140
-1804
-1295
-812
-408
-80
165
304
395
416
395
392
494
612
585
337
-66
-483
-703
-723
-646
-654
-843
-1081
-1287
-1331
-1315
-1170
-903
-613
-399
-290
-80
219
553
886
1266
1702
2053
2231
2357
2495
2628
2814
3032
3209
3261
3206
3230
3299
3333
3301
3142
2698
2033
1595
1469
1369
1032
390
-525
-1435
-2003
-2224
-2346
-2568
-2937
-3388
-3759
-3993
-4083
-3928
-3552
-3201
-2940
-2639
-2420
-2248
-1868
-1200
-531
4
391
498
563
765
900
900
916
947
862
704
436
-3
-378
-522
-560
-691
-926
-1239
-1488
-1574
-1530
-1404
-1276
-1111
-951
-729
-361
8
339
641
1029
1476
1944
2365
2579
2693
2864
3099
3316
3490
3589
3554
3540
3631
3718
3776
3584
2881
2028
1686
1748
1591
1153
441
-704
-1768
-2180
-2274
-2543
-2910
-3252
-3713
-4084
-4251
-4429
-4305
-3801
-3299
-2969
-2731
-2639
-2562
-1960
-1005
-314
174
517
616
758
1023
1074
942
1074
1318
1219
884
373
-247
-590
-499
-365
-556
-1019
-1555
-1844
-1757
-1576
-1488
-1314
-1055
-884
-673
-322
33
425
973
1511
1851
2182
2528
2780
3051
3350
3544
3558
3541
3536
3582
3724
3785
3769
3720
3362
2480
1705
1611
1693
1396
836
6
-1171
-2107
-2357
-2368
-2630
-3051
-3526
-3986
-4254
-4388
-4385
-4061
-3618
-3317
-3061
-2848
-2811
-2547
-1734
-874
-309
113
313
331
600
1034
1202
1179
1173
1067
825
628
313
-71
-238
-314
-521
-822
-1172
-1540
-1663
-1459
-1287
-1255
-1177
-1088
-925
-511
35
483
799
1105
1401
1798
2342
2775
3041
3207
3329
3412
3517
3684
3716
3658
3598
3620
3720
3682
3320
2490
1769
1548
1536
1347
776
-126
-1283
-2111
-2295
-2348
-2623
-3086
-3589
-4014
-4250
-4307
-4288
-4061
-3616
-3263
-3048
-2962
-2902
-2494
-1697
-879
-396
-172
-11
185
659
1096
1102
909
806
874
894
794
416
-166
-448
-448
-467
-691
-1132
-1501
-1583
-1417
-1341
-1417
-1310
-1093
-818
-436
-104
186
486
936
1417
1801
2174
2465
2785
3150
3353
3377
3397
3545
3672
3727
3802
3775
3662
3660
3456
2733
2001
1794
1874
1575
966
95
-1039
-1805
-1961
-1881
-2200
-2865
-3428
-3834
-3983
-4078
-4015
-3729
-3498
-3312
-3149
-3006
-2942
-2609
-1757
-1006
-696
-531
-280
-10
194
485
795
901
806
678
593
381
28
-84
-22
-135
-478
-855
-1147
-1370
-1341
-1164
-1128
-1232
-1292
-1112
-794
-453
-89
287
597
801
1105
1599
2113
2508
2805
3003
3070
3072
3210
3490
3709
3774
3733
3648
3575
3603
3456
2839
2214
1987
1915
1605
1092
255
-859
-1517
-1616
-1748
-2178
-2655
-3148
-3649
-3837
-3833
-3817
-3667
-3410
-3220
-3123
-3050
-2966
-2527
-1744
-1169
-952
-755
-525
-270
146
517
572
480
452
423
410
365
111
-130
-213
-349
-648
-884
-1026
-1177
-1143
-1070
-1179
-1314
-1209
-953
-703
-370
-39
249
507
747
1061
1514
2040
2410
2679
2842
2840
2868
3138
3457
3557
3607
3631
3552
3524
3682
3611
2927
2261
2080
2135
1925
1334
521
-476
-1172
-1385
-1473
-1800
-2435
-2998
-3374
-3596
-3710
-3744
-3587
-3458
-3368
-3242
-3163
-3054
-2698
-2004
-1380
-1126
-999
-842
-539
-57
372
536
384
184
147
266
331
113
-172
-320
-431
-608
-819
-1011
-1165
-1145
-1024
-1035
-1132
-1101
-929
-661
-343
-24
240
489
806
1146
1562
1998
2322
2542
2706
2900
3000
3134
3351
3482
3524
3490
3522
3562
3659
3570
2963
2311
2035
2101
2001
1514
739
-290
-991
-1230
-1364
-1675
-2203
-2689
-3148
-3386
-3477
-3599
-3516
-3291
-3094
-3090
-3137
-3085
-2808
-2104
-1413
-1133
-1073
-951
-686
-276
193
421
301
169
177
201
166
-8
-192
-276
-377
-571
-796
-963
-1088
-1061
-946
-1028
-1210
-1186
-947
-696
-454
-158
80
298
585
938
1356
1775
2233
2610
2785
2789
2743
2975
3357
3636
3737
3625
3419
3300
3551
3745
3259
2480
2056
2057
1935
1496
853
-125
-1016
-1383
-1374
-1561
-2213
-2789
-3125
-3361
-3520
-3568
-3417
-3302
-3220
-3062
-3007
-3058
-2872
-2231
-1538
-1228
-1106
-897
-580
-144
197
265
130
93
310
500
445
38
-388
-442
-350
-354
-563
-868
-1078
-1070
-923
-964
-1148
-1165
-1014
-764
-506
-332
-136
208
625
939
1168
1491
1952
2471
2890
2959
2797
2833
3192
3616
3802
3769
3561
3400
3583
3794
3474
2701
2223
2226
2143
1685
938
-40
-943
-1319
-1272
-1505
-2238
-2903
-3274
-3500
-3673
-3744
-3663
-3545
-3411
-3295
-3280
-3260
-3007
-2369
-1609
-1227
-1147
-963
-534
26
455
632
481
221
312
626
775
471
36
-212
-432
-506
-506
-613
-871
-1063
-1055
-1171
-1326
-1250
-1048
-837
-713
-605
-408
-101
352
792
1115
1365
1671
2143
2561
2743
2874
3028
3179
3369
3575
3656
3538
3571
3784
3782
3457
2909
2520
2358
2297
2068
1341
341
-574
-1010
-1047
-1252
-1783
-2469
-3054
-3405
-3576
-3566
-3568
-3555
-3463
-3423
-3410
-3379
-3109
-2556
-1959
-1550
-1372
-1149
-777
-294
177
349
271
219
428
660
622
374
96
-62
-146
-188
-323
-569
-788
-842
-842
-980
-1135
-1181
-1065
-877
-733
-623
-495
-237
110
479
798
1062
1428
1861
2222
2432
2582
2739
2951
3242
3401
3425
3457
3538
3674
3845
3742
3073
2466
2429
2553
2268
1664
808
-285
-933
-930
-948
-1484
-2193
-2803
-3298
-3510
-3494
-3444
-3406
-3422
-3508
-3523
-3399
-3164
-2701
-2034
-1679
-1628
-1447
-1034
-543
-64
242
159
28
207
503
636
493
201
-47
-120
-112
-213
-349
-563
-757
-819
-857
-992
-1124
-988
-811
-718
-629
-458
-180
155
555
790
985
1357
1886
2359
2554
2604
2635
2906
3341
3612
3640
3516
3480
3665
4037
4056
3325
2506
2297
2480
2385
1840
942
-225
-973
-1027
-1033
-1519
-2232
-2799
-3265
-3548
-3597
-3622
-3600
-3531
-3512
-3515
-3479
-3273
-2851
-2152
-1674
-1624
-1507
-1141
-660
-229
146
173
-46
29
350
512
355
111
-86
-236
-268
-304
-423
-654
-870
-939
-974
-1078
-1156
-1005
-810
-733
-649
-427
-126
246
685
960
1102
1396
1929
2444
2709
2803
2857
3006
3293
3631
3861
3852
3720
3780
4007
4081
3703
3019
2544
2410
2416
2069
1275
248
-667
-1042
-1158
-1418
-2022
-2754
-3306
-3638
-3723
-3798
-3888
-3883
-3876
-3797
-3701
-3521
-3207
-2690
-2110
-1799
-1612
-1347
-902
-349
69
164
85
120
334
527
557
356
26
-122
-114
-144
-322
-578
-803
-957
-994
-1042
-1148
-1140
-1036
-901
-756
-574
-324
24
425
705
903
1261
1760
2256
2631
2738
2747
2923
3330
3688
3861
3946
3834
3803
4060
4270
3973
3239
2791
2681
2607
2309
1616
645
-331
-757
-839
-1174
-1828
-2549
-3092
-3439
-3584
-3636
-3776
-3877
-3900
-3829
-3689
-3583
-3321
-2835
-2318
-2018
-1827
-1477
-1024
-517
-67
92
27
-27
207
533
613
422
128
-34
-145
-182
-207
-404
-694
-882
-948
-1084
-1226
-1176
-1021
-901
-851
-768
-558
-216
196
572
803
1017
1430
1997
2463
2634
2701
2838
3156
3542
3770
3848
3813
3859
4064
4240
4018
3336
2855
2781
2759
2477
1796
851
-90
-541
-663
-976
-1561
-2297
-2911
-3278
-3437
-3517
-3618
-3665
-3729
-3757
-3664
-3591
-3336
-2835
-2352
-2119
-1951
-1597
-1201
-692
-194
-50
-111
-103
93
322
475
432
128
-76
-167
-223
-244
-333
-546
-795
-933
-1066
-1138
-1002
-875
-879
-884
-784
-552
-179
230
482
617
862
1303
1870
2340
2498
2524
2651
2940
3308
3617
3712
3592
3609
3845
4058
3935
3410
2866
2663
2695
2521
1968
1138
195
-422
-562
-749
-1314
-2013
-2590
-3051
-3313
-3336
-3418
-3591
-3632
-3598
-3584
-3578
-3368
-2965
-2529
-2186
-1998
-1734
-1335
-845
-406
-190
-133
-117
63
323
455
388
145
-33
-94
-90
-147
-322
-540
-721
-813
-905
-1015
-1021
-920
-859
-840
-772
-589
-319
38
379
571
746
1091
1622
2124
2402
2474
2542
2822
3229
3556
3644
3531
3479
3708
4102
4139
3588
2874
2615
2743
2760
2352
1494
472
-295
-492
-537
-966
-1715
-2443
-2912
-3212
-3364
-3427
-3515
-3592
-3652
-3621
-3630
-3539
-3120
-2572
-2203
-2081
-1903
-1536
-990
-394
-63
-33
-57
70
337
572
612
397
154
60
11
-68
-206
-400
-559
-680
-821
-1001
-1074
-968
-874
-837
-843
-766
-527
-160
221
434
556
786
1236
1815
2226
2357
2375
2494
2814
3225
3512
3497
3310
3318
3577
3847
3740
3163
2603
2422
2498
2362
1879
1065
19
-598
-650
-697
-1240
-2007
-2619
-3128
-3304
-3218
-3250
-3482
-3663
-3594
-3526
-3440
-3217
-2850
-2416
-2150
-1951
-1691
-1294
-761
-268
4
-19
-15
237
538
709
637
402
210
170
207
137
-39
-261
-456
-553
-673
-786
-776
-730
-755
-804
-720
-547
-292
65
316
395
517
885
1412
1858
2137
2225
2237
2421
2824
3216
3326
3241
3221
3360
3649
3696
3273
2745
2557
2619
2487
2083
1344
420
-164
-362
-551
-1035
-1625
-2219
-2770
-3046
-3196
-3295
-3357
-3419
-3510
-3607
-3581
-3440
-3053
-2580
-2327
-2209
-2013
-1648
-1148
-616
-325
-297
-229
-15
256
474
508
327
168
142
144
110
25
-149
-346
-452
-560
-667
-647
-576
-578
-632
-616
-489
-217
132
384
491
588
858
1342
1860
2186
2285
2305
2462
2818
3218
3438
3420
3322
3349
3636
3844
3559
2988
2674
2692
2623
2289
1658
813
83
-267
-412
-817
-1480
-2105
-2528
-2864
-3178
-3326
-3403
-3499
-3559
-3556
-3614
-3655
-3345
-2850
-2497
-2331
-2157
-1858
-1439
-940
-600
-439
-314
-156
51
223
281
198
146
116
-2
-117
-181
-262
-381
-471
-586
-748
-797
-690
-598
-597
-592
-495
-287
-11
271
476
649
902
1286
1758
2109
2285
2392
2574
2848
3143
3423
3505
3400
3377
3616
3874
3749
3305
2881
2719
2676
2467
2004
1287
483
-133
-418
-649
-1150
-1777
-2306
-2773
-3170
-3337
-3348
-3448
-3611
-3710
-3798
-3814
-3562
-3093
-2712
-2545
-2412
-2120
-1646
-1127
-746
-508
-363
-213
8
232
333
304
298
283
170
5
-109
-168
-214
-249
-394
-638
-784
-715
-546
-507
-572
-604
-456
-144
176
408
541
732
1097
1604
2001
2176
2304
2491
2741
3018
3261
3357
3341
3422
3644
3828
3745
3358
2955
2844
2873
2646
2096
1407
687
95
-211
-458
-968
-1655
-2221
-2615
-2933
-3143
-3287
-3437
-3608
-3722
-3727
-3679
-3533
-3222
-2829
-2580
-2457
-2183
-1708
-1204
-839
-590
-438
-329
-109
161
322
276
178
139
80
-10
-106
-176
-275
-383
-490
-639
-747
-715
-601
-584
-665
-658
-467
-141
176
395
524
674
1021
1550
2040
2288
2343
2422
2622
2919
3242
3440
3441
3358
3423
3693
3841
3570
3045
2719
2650
2577
2319
1733
854
23
-337
-409
-703
-1309
-2010
-2574
-2931
-3052
-3089
-3255
-3487
-3634
-3632
-3594
-3504
-3224
-2840
-2538
-2373
-2171
-1851
-1412
-926
-566
-420
-415
-315
-63
188
298
244
116
-52
-153
-147
-161
-252
-373
-518
-698
-809
-758
-675
-675
-710
-707
-584
-318
18
292
440
579
847
1314
1814
2126
2257
2338
2515
2799
3132
3356
3436
3475
3534
3706
3831
3641
3201
2915
2862
2669
2284
1772
1070
323
-115
-331
-790
-1386
-1864
-2306
-2760
-3060
-3174
-3314
-3435
-3445
-3455
-3489
-3432
-3174
-2782
-2434
-2204
-2002
-1675
-1277
-887
-509
-260
-181
-120
44
190
261
322
280
94
-124
-247
-269
-290
-375
-570
-782
-917
-937
-830
-754
-791
-841
-720
-455
-153
174
399
524
747
1164
1638
1967
2127
2231
2439
2743
3006
3224
3354
3368
3435
3714
3882
3562
3095
2878
2834
2760
2533
1936
956
192
-33
-131
-546
-1240
-1949
-2537
-2843
-2888
-2978
-3269
-3590
-3673
-3573
-3472
-3363
-3178
-2900
-2612
-2334
-2058
-1746
-1317
-861
-501
-300
-211
-107
90
337
425
359
250
108
-20
-63
-71
-200
-408
-575
-733
-829
-817
-758
-763
-828
-809
-674
-415
-87
221
433
554
788
1232
1733
2071
2253
2375
2478
2719
3098
3392
3468
3449
3487
3601
3741
3684
3296
2879
2687
2608
2390
1906
1137
283
-244
-447
-703
-1229
-1895
-2521
-2982
-3171
-3215
-3345
-3568
-3733
-3740
-3662
-3540
-3340
-3029
-2673
-2402
-2150
-1827
-1444
-1026
-617
-318
-193
-110
37
220
369
393
295
150
42
-27
-74
-134
-290
-488
-620
-691
-728
-717
-674
-675
-671
-552
-310
1
288
504
665
881
1257
1748
2168
2354
2403
2516
2770
3105
3401
3538
3503
3479
3628
3786
3659
3245
2892
2758
2652
2362
1829
1076
285
-179
-347
-688
-1350
-2015
-2494
-2862
-3102
-3213
-3404
-3652
-3711
-3593
-3530
-3524
-3356
-3007
-2624
-2297
-2017
-1718
-1357
-959
-591
-318
-169
-86
35
179
237
247
237
153
-2
-131
-217
-317
-431
-536
-668
-814
-878
-820
-736
-724
-720
-606
-366
-67
234
459
607
838
1248
1723
2091
2290
2370
2484
2750
3077
3331
3468
3480
3471
3629
3832
3700
3239
2879
2768
2679
2445
1955
1116
236
-206
-302
-584
-1223
-1975
-2608
-2979
-3078
-3126
-3330
-3623
-3801
-3755
-3576
-3452
-3346
-3072
-2702
-2404
-2115
-1740
-1357
-1001
-621
-315
-185
-126
13
207
339
357
294
180
40
-41
-47
-130
-347
-538
-632
-695
-717
-662
-649
-700
-669
-494
-239
35
292
450
587
873
1308
1747
2085
2256
2302
2443
2780
3113
3283
3360
3390
3449
3663
3820
3579
3112
2860
2824
2732
2441
1832
985
308
2
-238
-700
-1350
-2005
-2492
-2791
-3016
-3245
-3463
-3602
-3653
-3640
-3641
-3620
-3415
-3054
-2712
-2463
-2239
-1922
-1475
-1020
-689
-482
-339
-197
-6
161
207
196
212
189
89
-29
-152
-265
-312
-359
-487
-640
-712
-674
-580
-493
-468
-422
-231
88
414
633
759
953
1351
1828
2197
2408
2467
2551
2849
3233
3436
3459
3467
3535
3692
3807
3589
3137
2861
2807
2697
2389
1783
881
179
-85
-317
-800
-1432
-2078
-2624
-2886
-2982
-3190
-3467
-3652
-3711
-3661
-3555
-3449
-3292
-3003
-2714
-2463
-2138
-1769
-1382
-995
-708
-534
-375
-172
34
173
152
37
3
32
-4
-125
-279
-471
-612
-620
-633
-737
-853
-884
-828
-753
-644
-495
-297
-33
254
485
659
918
1349
1829
2183
2368
2461
2607
2934
3334
3560
3580
3532
3612
3814
3864
3651
3308
3005
2841
2785
2513
1797
951
347
-27
-365
-782
-1378
-2083
-2545
-2732
-2934
-3203
-3439
-3576
-3585
-3491
-3403
-3359
-3216
-2920
-2554
-2246
-1996
-1694
-1337
-948
-614
-400
-277
-144
63
212
195
106
35
-11
-58
-153
-340
-554
-666
-687
-706
-807
-946
-982
-882
-755
-659
-524
-332
-77
244
498
657
885
1310
1835
2212
2330
2332
2507
2906
3281
3445
3402
3318
3426
3746
3875
3531
3037
2776
2771
2804
2500
1732
830
214
-52
-238
-662
-1411
-2137
-2504
-2651
-2853
-3096
-3314
-3521
-3533
-3354
-3276
-3264
-3087
-2752
-2425
-2158
-1927
-1654
-1272
-864
-519
-316
-250
-173
48
279
291
163
50
-64
-148
-168
-285
-524
-701
-750
-773
-831
-894
-912
-862
-770
-632
-472
-289
-23
296
542
683
916
1335
1820
2219
2391
2392
2484
2807
3204
3418
3412
3317
3374
3609
3718
3480
3053
2753
2656
2623
2366
1698
850
190
-142
-364
-786
-1414
-2053
-2521
-2790
-2955
-3131
-3338
-3472
-3505
-3473
-3401
-3286
-3046
-2740
-2455
-2245
-2046
-1705
-1280
-892
-584
-420
-362
-224
52
235
210
122
42
-30
-96
-143
-272
-487
-602
-627
-678
-763
-836
-850
-795
-687
-573
-450
-251
24
309
521
694
942
1312
1784
2176
2338
2373
2499
2769
3068
3310
3426
3401
3410
3546
3603
3405
3087
2876
2760
2582
2216
1651
989
381
-24
-292
-706
-1344
-1923
-2270
-2543
-2800
-2985
-3167
-3352
-3379
-3234
-3135
-3125
-2996
-2696
-2391
-2131
-1846
-1546
-1301
-1025
-649
-374
-322
-264
-78
44
34
28
-16
-160
-261
-293
-388
-570
-697
-747
-803
-860
-912
-931
-888
-799
-645
-454
-268
-37
275
554
729
972
1367
1784
2120
2319
2415
2529
2762
3042
3219
3294
3305
3369
3521
3532
3257
2882
2672
2631
2569
2254
1556
759
237
-19
-237
-617
-1224
-1908
-2356
-2508
-2646
-2868
-3084
-3229
-3276
-3229
-3133
-3051
-2905
-2620
-2303
-2060
-1863
-1583
-1198
-832
-535
-334
-231
-156
-6
171
192
99
15
-62
-141
-221
-343
-522
-654
-709
-768
-834
-883
-895
-862
-780
-637
-458
-253
-15
240
489
701
946
1297
1697
2031
2185
2239
2355
2593
2883
3081
3131
3073
3050
3186
3349
3289
2944
2542
2355
2313
2156
1738
1093
376
-162
-379
-556
-996
-1570
-2050
-2420
-2692
-2815
-2892
-3035
-3094
-3071
-3090
-3116
-2993
-2678
-2310
-2012
-1850
-1750
-1514
-1136
-686
-325
-201
-238
-258
-134
42
163
167
27
-160
-305
-365
-373
-418
-514
-625
-736
-818
-779
-616
-509
-478
-381
-209
2
300
643
873
1018
1248
1573
1911
2178
2327
2401
2492
2648
2827
3010
3121
3116
3108
3113
3028
2826
2650
2545
2376
2060
1607
1089
579
154
-155
-495
-997
-1551
-1954
-2192
-2420
-2647
-2843
-3029
-3129
-3110
-3022
-2968
-2907
-2735
-2492
-2248
-2017
-1741
-1421
-1135
-879
-636
-435
-288
-151
-33
-9
-33
-10
35
28
-78
-228
-376
-468
-469
-464
-526
-649
-726
-686
-609
-518
-413
-275
-91
133
393
616
815
1070
1396
1737
1979
2107
2183
2324
2567
2788
2923
2948
2924
2970
3099
3175
2988
2626
2382
2289
2170
1867
1393
785
201
-128
-322
-660
-1207
-1727
-2067
-2315
-2503
-2658
-2819
-2948
-2986
-2924
-2904
-2898
-2750
-2463
-2160
-1951
-1742
-1501
-1257
-961
-649
-414
-303
-243
-166
-140
-116
-48
5
-40
-195
-356
-472
-502
-457
-452
-552
-704
-762
-693
-580
-475
-407
-301
-121
112
385
603
797
1039
1336
1666
1940
2137
2249
2346
2504
2672
2836
2956
3014
3023
3024
3062
2989
2781
2571
2368
2149
1860
1536
1112
564
89
-271
-585
-947
-1364
-1784
-2191
-2459
-2590
-2674
-2784
-2944
-3058
-3084
-3002
-2836
-2665
-2492
-2311
-2061
-1742
-1477
-1261
-1052
-784
-514
-344
-279
-307
-277
-131
11
39
-97
-285
-373
-313
-212
-249
-388
-526
-574
-501
-387
-301
-278
-208
-31
184
402
589
783
1005
1252
1546
1819
2025
2153
2248
2391
2540
2686
2799
2843
2870
2931
3044
3009
2753
2460
2265
2164
2026
1761
1250
590
109
-117
-307
-663
-1169
-1704
-2108
-2264
-2307
-2462
-2715
-2919
-2985
-2939
-2850
-2760
-2685
-2554
-2339
-2073
-1812
-1624
-1433
-1174
-880
-642
-494
-416
-414
-368
-216
-92
-100
-196
-288
-361
-379
-331
-343
-458
-580
-625
-584
-513
-432
-356
-282
-158
39
299
522
692
887
1130
1396
1676
1956
2124
2175
2257
2433
2617
2753
2836
2851
2829
2894
2996
2919
2664
2397
2222
2072
1889
1590
1069
487
71
-181
-449
-817
-1252
-1697
-2054
-2277
-2415
-2539
-2694
-2812
-2867
-2899
-2884
-2751
-2514
-2298
-2130
-1954
-1793
-1606
-1316
-956
-689
-571
-509
-472
-417
-285
-121
-54
-132
-262
-346
-366
-333
-306
-352
-486
-614
-627
-579
-505
-389
-276
-207
-110
86
332
579
821
1007
1137
1341
1671
2000
2166
2182
2190
2329
2579
2817
2914
2815
2692
2769
2934
2885
2592
2270
2041
1910
1807
1505
892
262
-78
-218
-434
-848
-1383
-1856
-2105
-2179
-2265
-2473
-2729
-2863
-2799
-2676
-2626
-2571
-2419
-2199
-1956
-1733
-1600
-1495
-1252
-875
-589
-509
-555
-559
-452
-279
-138
-159
-335
-479
-456
-367
-364
-432
-513
-593
-614
-553
-500
-456
-345
-183
-39
91
252
470
725
952
1109
1267
1488
1752
1995
2121
2130
2185
2375
2594
2718
2727
2653
2614
2715
2760
2572
2281
2036
1850
1739
1578
1128
495
52
-168
-369
-628
-986
-1485
-1899
-2036
-2067
-2209
-2424
-2590
-2657
-2620
-2535
-2441
-2328
-2194
-1990
-1733
-1584
-1530
-1353
-1013
-711
-543
-485
-530
-545
-381
-154
-101
-230
-394
-470
-424
-337
-322
-409
-536
-606
-557
-458
-385
-326
-250
-161
-29
175
410
608
765
904
1052
1267
1527
1760
1893
1924
1965
2111
2292
2399
2470
2491
2460
2480
2532
2430
2187
2007
1914
1774
1570
1242
757
306
54
-98
-345
-726
-1185
-1567
-1758
-1829
-1910
-2091
-2342
-2521
-2495
-2373
-2305
-2238
-2134
-2011
-1826
-1599
-1454
-1364
-1152
-842
-601
-485
-481
-505
-417
-213
-63
-71
-225
-385
-398
-279
-206
-279
-419
-525
-530
-426
-331
-316
-319
-269
-145
57
264
429
580
737
890
1067
1301
1538
1722
1847
1889
1917
2028
2205
2347
2412
2383
2306
2280
2302
2271
2128
1911
1692
1513
1315
1018
652
295
-30
-286
-514
-857
-1270
-1554
-1701
-1834
-1973
-2130
-2324
-2434
-2380
-2309
-2283
-2228
-2124
-1971
-1756
-1573
-1492
-1368
-1122
-856
-662
-563
-570
-568
-441
-253
-156
-192
-294
-365
-355
-294
-272
-303
-372
-423
-410
-357
-319
-265
-164
-57
61
225
408
596
789
961
1110
1289
1504
1716
1882
1944
1947
2028
2188
2310
2349
2333
2267
2226
2276
2311
2169
1918
1706
1552
1409
1216
922
532
166
-111
-335
-615
-962
-1265
-1503
-1720
-1903
-2065
-2247
-2357
-2350
-2362
-2422
-2402
-2266
-2105
-1907
-1713
-1635
-1565
-1317
-983
-747
-629
-570
-526
-430
-269
-133
-114
-176
-244
-254
-238
-255
-266
-278
-342
-411
-426
-398
-356
-273
-179
-123
-29
148
361
573
738
861
995
1206
1465
1679
1821
1872
1872
1935
2079
2214
2274
2249
2187
2145
2138
2143
2070
1879
1633
1443
1325
1162
906
590
233
-100
-322
-503
-768
-1100
-1377
-1568
-1717
-1842
-1968
-2105
-2214
-2252
-2198
-2116
-2046
-1954
-1821
-1680
-1550
-1407
-1215
-1014
-837
-688
-586
-518
-461
-373
-259
-206
-219
-255
-286
-294
-277
-244
-235
-284
-324
-336
-303
-243
-175
-102
-36
48
192
373
556
690
778
884
1033
1242
1463
1598
1630
1609
1627
1738
1877
1954
1949
1896
1856
1858
1901
1881
1726
1536
1387
1258
1103
928
707
401
87
-166
-398
-653
-888
-1092
-1304
-1533
-1722
-1832
-1941
-2032
-2074
-2083
-2093
-2047
-1914
-1760
-1649
-1506
-1335
-1209
-1092
-908
-705
-560
-467
-409
-421
-414
-311
-185
-162
-245
-334
-358
-312
-213
-167
-226
-306
-299
-193
-81
-15
53
135
270
464
663
786
860
975
1130
1277
1429
1547
1595
1603
1603
1630
1688
1764
1808
1766
1684
1645
1670
1724
1692
1513
1272
1093
1023
985
846
572
190
-113
-283
-408
-589
-858
-1155
-1389
-1560
-1673
-1788
-1916
-2016
-2055
-2050
-2044
-2020
-1905
-1732
-1561
-1414
-1308
-1230
-1093
-857
-607
-490
-466
-464
-426
-310
-154
-66
-108
-223
-264
-218
-139
-88
-119
-198
-261
-236
-127
-26
25
70
149
283
452
636
777
846
919
1046
1193
1331
1439
1498
1491
1484
1536
1632
1703
1720
1671
1612
1574
1582
1622
1574
1406
1206
1052
961
861
748
553
247
-50
-249
-397
-555
-736
-947
-1219
-1483
-1636
-1689
-1721
-1775
-1870
-1977
-2031
-1946
-1740
-1571
-1516
-1503
-1430
-1267
-1054
-848
-734
-699
-636
-500
-348
-251
-208
-178
-145
-110
-84
-86
-91
-79
-72
-76
-102
-116
-73
20
108
145
184
287
428
578
693
758
807
896
1045
1190
1263
1293
1321
1361
1412
1487
1565
1591
1563
1517
1475
1459
1476
1493
1409
1207
1008
908
867
795
632
359
43
-183
-298
-400
-598
-869
-1145
-1350
-1474
-1535
-1597
-1698
-1809
-1862
-1857
-1810
-1739
-1647
-1566
-1503
-1407
-1274
-1135
-1000
-867
-730
-610
-497
-395
-313
-254
-181
-96
-39
-37
-60
-66
-44
-8
23
25
24
54
123
191
245
294
372
477
583
669
722
776
862
971
1070
1144
1179
1197
1218
1264
1328
1398
1437
1416
1346
1292
1309
1378
1419
1355
1177
986
894
905
892
740
442
141
-53
-148
-251
-450
-739
-1015
-1195
-1292
-1397
-1528
-1653
-1734
-1777
-1805
-1831
-1833
-1778
-1652
-1532
-1463
-1420
-1323
-1139
-921
-746
-647
-586
-500
-359
-200
-107
-73
-67
-42
3
47
66
61
62
87
125
154
178
220
272
325
383
452
525
604
673
714
755
827
934
1021
1046
1037
1034
1084
1175
1248
1239
1167
1122
1163
1239
1271
1231
1143
1066
1042
1039
970
820
648
519
406
253
58
-165
-376
-526
-648
-809
-1033
-1235
-1366
-1441
-1507
-1585
-1672
-1739
-1746
-1697
-1638
-1583
-1502
-1378
-1255
-1157
-1054
-913
-746
-569
-436
-368
-331
-250
-111
11
72
56
32
45
96
157
181
177
170
203
248
294
333
378
442
508
559
590
621
682
765
841
884
886
880
901
963
1017
1030
1009
982
984
1024
1067
1057
994
938
931
938
900
794
650
531
480
454
354
142
-89
-237
-315
-398
-539
-756
-998
-1161
-1222
-1252
-1325
-1413
-1488
-1540
-1543
-1503
-1420
-1335
-1269
-1231
-1196
-1119
-958
-747
-590
-528
-500
-419
-260
-84
38
59
39
60
141
215
236
228
219
240
280
312
321
338
397
469
515
533
541
572
630
683
705
690
673
687
726
765
794
808
816
832
867
903
922
918
886
843
816
803
785
732
648
567
494
429
357
250
98
-69
-218
-352
-483
-623
-776
-938
-1088
-1185
-1232
-1270
-1304
-1356
-1406
-1414
-1358
-1259
-1187
-1149
-1115
-1028
-893
-737
-610
-529
-453
-333
-195
-85
-20
21
67
118
170
186
162
139
152
184
199
201
202
227
280
343
389
413
439
470
496
503
514
534
563
592
611
622
639
691
759
801
806
801
809
828
843
836
807
777
758
745
701
631
562
505
456
380
258
99
-60
-167
-245
-362
-530
-718
-865
-946
-982
-1033
-1128
-1231
-1271
-1239
-1178
-1143
-1135
-1114
-1051
-939
-821
-737
-671
-586
-466
-338
-234
-166
-113
-50
29
86
97
84
82
90
107
114
104
97
117
158
192
207
220
248
293
320
322
317
321
368
431
470
482
483
512
577
655
712
733
739
753
797
839
857
858
846
825
800
761
710
653
604
544
444
313
176
67
-23
-122
-266
-446
-620
-739
-796
-860
-961
-1078
-1171
-1194
-1150
-1092
-1068
-1074
-1066
-1007
-900
-777
-664
-589
-528
-455
-362
-255
-160
-80
-33
-11
7
35
65
98
116
107
86
77
97
132
157
169
169
175
205
250
287
299
308
326
363
411
449
472
488
510
554
606
642
676
710
732
748
757
762
771
776
764
725
661
606
568
532
460
346
222
117
37
-47
-171
-334
-487
-598
-667
-733
-831
-947
-1045
-1081
-1073
-1061
-1062
-1076
-1063
-1012
-937
-862
-787
-710
-620
-523
-443
-362
-281
-189
-96
-27
14
37
73
130
186
210
205
194
212
258
290
293
281
275
302
353
380
375
352
347
367
401
420
413
404
403
422
446
458
470
481
504
526
531
529
533
553
567
551
515
473
455
454
436
377
276
192
149
123
67
-54
-210
-337
-398
-426
-470
-577
-718
-820
-848
-829
-820
-855
-916
-944
-909
-842
-779
-737
-695
-638
-558
-474
-401
-331
-246
-157
-84
-37
2
55
123
188
219
213
210
225
265
307
309
287
259
260
289
313
319
299
275
258
253
252
258
264
266
268
262
267
295
338
380
403
403
398
408
438
471
480
466
449
448
458
459
432
383
340
308
276
215
123
28
-48
-108
-166
-254
-364
-470
-550
-594
-625
-680
-754
-818
-853
-840
-817
-801
-799
-797
-770
-711
-625
-542
-472
-412
-354
-280
-196
-109
-38
16
57
76
100
134
176
213
231
229
217
217
234
259
269
249
209
174
165
174
185
191
174
156
164
190
233
261
272
272
274
295
332
372
396
403
403
419
456
505
532
523
496
472
470
474
463
425
352
281
230
192
152
84
-8
-108
-185
-242
-286
-352
-435
-512
-576
-615
-634
-650
-671
-699
-710
-697
-666
-623
-575
-540
-505
-468
-419
-365
-313
-267
-237
-208
-182
-148
-107
-68
-39
-26
-20
-11
0
11
20
13
3
6
15
30
48
61
80
107
135
153
170
190
213
245
275
301
318
338
372
418
457
486
493
499
516
541
564
566
557
541
523
510
500
476
434
384
331
274
227
174
114
51
-26
-101
-168
-224
-272
-324
-378
-432
-469
-490
-498
-495
-494
-501
-501
-495
-474
-449
-434
-423
-416
-401
-376
-346
-313
-279
-259
-245
-233
-223
-212
-199
-189
-189
-190
-183
-165
-138
-107
-89
-74
-55
-36
0
37
62
78
103
130
159
191
221
256
287
316
339
352
365
388
420
447
453
441
429
438
457
472
463
424
379
349
344
347
323
274
208
151
114
91
73
32
-31
-104
-157
-178
-182
-186
-208
-252
-290
-305
-293
-278
-274
-292
-321
-330
-314
-285
-261
-253
-255
-257
-250
-234
-224
-215
-212
-217
-225
-238
-235
-217
-191
-171
-173
-188
-196
-176
-144
-112
-103
-109
-109
-88
-47
-1
31
45
60
75
110
156
198
222
237
252
268
295
329
352
367
368
363
360
372
383
379
365
339
318
299
279
256
230
194
161
129
95
69
55
46
28
-8
-49
-78
-81
-71
-71
-95
-138
-151
-134
-114
-103
-122
-153
-165
-156
-140
-137
-158
-189
-202
-202
-206
-219
-242
-257
-268
-278
-298
-318
-329
-329
-324
-332
-348
-363
-353
-321
-289
-270
-270
-261
-231
-180
-129
-88
-61
-36
8
60
107
155
194
224
258
290
319
356
389
404
414
410
411
420
425
424
406
380
356
341
335
316
287
261
236
217
197
173
149
134
123
106
84
62
56
62
65
48
27
9
9
19
26
2
-36
-57
-63
-59
-71
-98
-135
-167
-182
-200
-221
-253
-287
-308
-323
-344
-369
-386
-394
-395
-402
-409
-414
-407
-386
-361
-340
-323
-301
-268
-229
-189
-156
-121
-86
-45
-2
36
69
101
132
162
184
197
215
237
256
266
259
251
250
255
257
248
223
206
197
187
182
166
146
133
125
124
116
108
101
95
98
100
95
92
91
93
92
90
83
79
84
85
79
68
55
49
43
27
11
-12
-30
-43
-61
-75
-99
-123
-141
-156
-168
-187
-203
-213
-220
-221
-227
-231
-228
-221
-209
-197
-187
-175
-154
-130
-114
-98
-78
-54
-25
-3
11
20
36
63
83
93
95
95
99
114
123
122
117
108
108
110
115
105
96
86
78
77
72
64
56
50
49
55
56
52
46
45
49
52
54
55
56
53
51
58
64
63
59
54
44
39
39
30
17
2
-7
-16
-25
-36
-50
-63
-77
-89
-96
-107
-116
-123
-136
-143
-147
-148
-152
-151
-147
-148
-143
-134
-123
-113
-108
-95
-79
-66
-45
-27
-16
-9
3
18
34
54
64
72
78
84
95
105
108
105
99
97
101
98
98
95
85
77
76
75
68
59
53
51
46
48
43
34
28
23
25
29
36
38
33
31
27
31
31
23
21
12
10
3
2
-5
-12
-18
-28
-32
-40
-42
-55
-66
-75
-84
-88
-94
-102
-111
-115
-117
-120
-114
-113
-114
-109
-100
-93
-83
-71
-66
-55
-46
-38
-23
-13
0
13
21
34
41
50
59
60
66
74
79
85
85
81
82
79
75
72
68
63
47
39
36
34
33
26
19
17
15
16
21
18
13
12
11
11
13
16
13
11
7
11
12
7
4
-4
-6
-11
-12
-15
-19
-21
-24
-31
-29
-33
-43
-48
-52
-54
-57
-57
-63
-64
-67
-69
-63
-59
-56
-53
-48
-39
-31
-25
-15
-9
-3
2
10
20
28
34
30
33
34
38
42
39
39
38
35
37
42
39
36
29
27
33
29
19
17
12
3
-2
-5
-4
-8
-13
-13
-11
-6
-1
0
-1
0
4
5
4
8
4
7
7
6
3
1
3
-5
-9
-13
-16
-15
-16
-21
-21
-18
-18
-21
-22
-24
-25
-27
-21
-18
-17
-16
-14
-13
-14
-11
-9
0
8
18
25
30
41
44
49
56
60
65
69
67
62
56
55
49
44
41
36
28
18
14
13
6
5
2
-6
-10
-14
-21
-28
-30
-36
-40
-45
-47
-42
-40
-42
-39
-38
-38
-36
-31
-26
-25
-22
-22
-16
-9
-4
-5
-6
-8
-15
-14
-14
-17
-22
-23
-24
-23
-21
-20
-19
-18
-17
-13
-11
-11
-7
-6
-2
0
6
10
13
15
19
27
29
32
44
44
52
58
57
66
67
67
68
61
60
56
45
41
32
22
12
3
-4
-11
-16
-19
-25
-28
-33
-36
-37
-39
-43
-41
-42
-46
-49
-51
-52
-48
-47
-51
-44
-39
-33
-29
-22
-17
-11
-9
-9
-7
-9
-5
-2
1
2
1
1
-2
-2
-5
-8
-7
-10
-8
-7
-9
-10
-8
-3
1
4
4
2
4
8
12
15
13
20
22
27
31
35
42
39
42
43
45
43
43
41
32
31
24
22
17
10
4
-2
-2
-7
-13
-22
-25
-27
-31
-31
-32
-32
-34
-29
-29
-30
-27
-25
-24
-26
-26
-24
-25
-22
-18
-14
-14
-14
-9
-7
-3
0
4
9
10
14
14
11
11
9
12
15
12
10
8
4
1
3
5
4
4
5
7
7
5
8
8
13
18
10
12
12
15
19
15
13
14
11
13
16
16
14
13
13
10
13
11
9
6
2
6
0
-3
-1
-7
-10
-10
-15
-12
-12
-10
-11
-9
-10
-7
-5
-9
-10
-6
-6
-7
-3
-4
-4
-6
-2
-3
-4
0
1
3
5
1
0
-3
-3
-2
-4
0
-1
-4
-2
1
2
5
1
1
1
-3
1
3
3
2
4
9
4
4
6
2
1
0
0
4
2
3
8
9
1
-3
-5
-4
-4
-6
-2
-2
-2
1
2
5
3
1
2
-5
-1
-2
-2
2
4
7
6
5
5
10
12
10
6
7
5
2
0
3
1
0
-3
-6
-3
-4
-3
-6
-6
-10
-9
-7
-9
-12
-12
-15
-15
-13
-20
-21
-23
-20
-21
-21
-19
-16
-11
-16
-12
-8
-6
-5
-4
-2
-1
2
3
5
4
2
6
9
10
13
15
14
12
14
12
10
17
21
19
15
19
19
18
20
18
22
20
24
19
17
14
15
16
13
17
13
12
9
2
0
4
2
-2
-5
-10
-9
-9
-17
-21
-18
-20
-23
-28
-28
-30
-28
-27
-33
-33
-28
-28
-29
-28
-24
-19
-23
-21
-19
-21
-16
-15
-14
-11
-10
-6
-10
-5
-2
-1
3
6
10
12
12
12
12
15
22
25
26
29
24
23
28
27
27
25
26
26
26
27
28
26
23
21
23
17
14
9
7
8
7
6
4
2
-1
-4
-3
-4
-11
-10
-9
-12
-13
-17
-18
-15
-19
-21
-23
-25
-26
-25
-25
-23
-23
-22
-22
-20
-18
-19
-16
-18
-13
-10
-10
-11
-11
-6
-6
0
2
1
8
7
6
13
10
13
15
18
22
25
27
30
33
35
37
33
33
34
31
33
33
32
34
33
34
35
35
30
