-2
1
0
0
3
2
9
2
-6
-3
-7
-8
-4
-3
2
-1
-3
0
-3
-3
-5
-4
0
-3
0
2
-1
1
0
-2
-1
4
6
5
1
4
9
5
2
5
2
1
-1
-2
3
4
5
3
7
3
-1
0
1
-1
1
0
-2
0
2
2
4
3
1
0
5
5
0
-4
-7
-2
-3
-3
1
0
1
-2
-3
-5
-7
-3
-2
-2
1
2
3
2
2
-4
-1
0
-3
4
0
0
1
4
-2
-6
1
-1
-3
-1
-7
-8
-3
-6
-2
1
-2
4
2
-4
-5
-2
1
2
6
7
1
-4
-1
-3
0
-4
-2
-4
-4
1
0
1
0
2
-2
1
-2
-1
0
-6
-7
-5
0
1
0
3
0
-1
-5
-6
-1
-3
-2
4
6
3
2
3
7
5
7
4
3
8
8
10
5
1
0
-2
-3
-4
2
5
2
1
0
-5
-6
-4
-3
-1
-2
-2
-3
-5
-6
-6
-6
-6
-7
-5
0
-2
3
1
-3
1
0
-1
-6
-5
-3
-1
-1
2
2
3
5
4
-2
1
2
4
7
1
-3
4
8
6
11
7
2
6
6
7
8
6
11
7
-1
9
5
7
10
9
8
8
11
11
6
2
-3
-8
-1
9
5
-1
-3
-6
0
2
-4
5
10
6
12
11
17
10
2
-4
-11
6
-5
-3
-21
-15
-12
-8
-4
-10
6
-25
-21
-35
-3
15
16
18
6
8
-3
3
-8
-8
13
25
4
12
9
-6
-12
-16
-34
-11
-15
-36
-1
-34
-10
0
-16
-8
22
17
-13
16
-15
-20
5
8
38
49
42
-13
12
-38
1
29
31
51
19
-7
-42
-24
-33
-17
-1
1
-29
-1
-45
-41
-23
-12
17
-4
48
48
30
17
18
0
33
63
10
62
7
41
-53
-46
-34
-20
5
-99
-5
-97
-106
-84
-29
-48
95
58
-6
-11
6
12
5
98
109
92
25
-7
37
17
-2
57
-62
-124
-83
-102
-76
-29
68
-25
-116
-2
-37
-46
12
53
82
49
-2
86
-30
20
44
15
19
69
85
-73
-125
-27
6
-47
64
79
53
-91
-120
-87
-96
51
80
33
0
11
-19
-59
-44
125
104
60
-15
20
-16
-88
38
28
72
94
38
-66
-16
-31
38
-7
5
9
-18
-73
-89
12
48
-29
9
-27
-87
3
-42
78
115
15
45
-45
-66
-27
57
50
89
71
-4
-67
-118
-4
41
36
57
76
-36
-152
-73
-70
-35
34
-10
-13
-58
-33
-30
19
28
124
144
-10
53
67
-39
1
52
57
45
57
-30
-40
-99
-55
-26
-26
-5
-16
-37
-103
-33
27
13
30
68
-8
8
8
68
78
37
22
-24
-36
-13
47
-2
81
-14
-50
-57
-73
-19
24
-40
-61
-24
-52
-2
7
57
22
27
-118
-102
-58
-4
60
118
87
51
57
-72
-2
19
47
41
5
-41
-30
-2
-15
58
42
35
-73
-74
-96
-73
1
44
74
89
110
-8
60
17
-11
16
23
30
23
12
-69
-41
-70
-66
-38
43
24
-15
-56
-122
-65
-19
-25
11
77
-12
-37
-37
-26
20
26
-46
-107
-64
-63
3
52
118
97
18
-63
-43
-11
-2
30
13
-11
-23
-57
5
14
9
-23
-43
-90
-55
-12
-9
56
37
125
95
159
202
178
89
9
-11
-62
-50
-16
92
35
-15
-51
-81
-194
-175
-138
-53
25
59
105
62
-30
-53
-53
-60
63
87
49
2
-51
-61
-71
-93
-13
45
-38
-79
-14
16
-27
-30
-26
-13
-38
-56
8
45
19
20
-40
-47
-3
33
74
67
114
71
-60
-108
-94
48
24
65
142
136
-9
-13
55
82
187
123
113
56
2
18
122
119
84
39
-247
-313
-171
-113
-55
57
-67
-145
-231
-172
55
241
273
253
78
-109
-107
-57
47
172
144
-12
-115
-211
-219
-112
-76
-68
-52
-183
-206
-135
-24
25
193
192
125
75
-18
-39
-3
47
12
126
60
-4
23
13
42
58
47
-45
-69
-60
-108
-17
54
144
112
133
61
76
90
8
-15
54
10
-28
33
41
53
2
-20
-42
-47
-119
-124
-139
-183
-71
-37
29
102
150
65
58
16
-4
77
-19
33
-22
-10
-65
-28
-54
-49
-65
-151
-110
-150
-63
-90
-40
-46
7
14
43
139
101
117
61
33
30
4
27
87
41
44
71
-6
-31
-65
-52
-96
-34
-12
47
-11
-5
33
-44
-17
65
123
21
88
24
-41
-14
-40
-5
37
-13
-38
14
-52
-80
-19
-101
-97
-46
-110
-61
3
-21
14
103
73
153
139
100
78
-59
-53
-41
-33
-8
110
39
-20
11
-65
-86
-40
-12
-34
-70
-160
-106
-145
-157
3
136
93
125
157
87
11
-27
101
51
58
84
123
-6
-31
39
-8
22
-8
27
-16
-121
-146
-57
-120
-84
75
60
43
19
-20
-67
-104
-90
25
70
64
91
99
-45
-64
28
21
57
70
51
-38
-137
-148
-38
-10
73
159
84
80
21
-12
39
75
25
28
-13
-129
-132
-111
-91
-6
17
9
53
-4
-46
15
-23
-22
34
9
16
52
33
43
66
56
42
68
28
-15
18
-60
-78
-43
-60
-68
-46
-9
4
-3
-8
55
-6
12
78
85
64
49
72
35
-8
9
35
-32
-39
-14
-49
-63
-9
-12
-43
-66
-70
-85
-99
-57
10
41
-3
96
110
65
71
127
57
18
71
46
70
65
76
58
23
-49
-21
-70
-119
-86
-140
-176
-163
-81
-76
5
46
79
21
-2
20
20
16
34
98
11
3
-26
14
-14
3
58
62
-10
-96
-83
-150
-139
-85
-10
1
60
27
11
45
-5
46
80
15
-38
-82
-172
-176
-164
-111
-36
21
80
97
113
120
144
143
131
111
126
99
91
75
98
125
100
114
70
11
-32
-72
-122
-114
-117
-86
-50
-36
-11
44
87
89
125
111
109
140
132
117
130
92
8
-47
-71
-84
-118
-76
-66
-124
-100
-88
-93
-51
1
4
18
-11
-63
-83
-68
-81
-75
-9
-22
-21
12
13
19
60
68
58
39
-7
-58
-111
-154
-182
-169
-158
-162
-118
-69
-68
-40
24
18
-2
31
31
-8
-5
23
22
9
32
99
143
146
170
167
129
81
47
17
-33
-36
-13
-18
-41
13
92
118
158
236
269
245
233
176
81
12
-18
-58
-101
-110
-92
-93
-127
-135
-106
-84
-95
-93
-122
-167
-157
-126
-126
-76
23
63
69
74
69
59
77
72
50
35
2
-44
-94
-166
-224
-236
-297
-382
-411
-415
-447
-439
-411
-424
-408
-351
-336
-335
-270
-224
-189
-129
-91
-45
57
105
104
143
152
110
106
128
123
182
261
295
320
382
440
513
615
675
742
807
809
783
817
825
809
850
884
840
806
830
805
783
794
803
764
694
620
548
466
373
313
266
155
2
-133
-334
-586
-820
-1056
-1347
-1643
-1876
-2085
-2273
-2391
-2397
-2344
-2263
-2136
-1961
-1791
-1648
-1469
-1246
-1052
-869
-645
-463
-335
-178
6
126
217
319
406
439
412
414
465
492
516
629
705
722
844
1017
1089
1179
1360
1470
1510
1573
1657
1745
1840
1952
2105
2256
2384
2553
2735
2832
2884
2952
2895
2606
2219
1834
1270
507
-190
-886
-1727
-2433
-2910
-3412
-3808
-3890
-3844
-3771
-3557
-3282
-2959
-2542
-2191
-1851
-1405
-1030
-718
-278
40
131
311
489
347
134
29
-250
-643
-900
-1143
-1427
-1566
-1614
-1635
-1582
-1488
-1382
-1179
-977
-827
-554
-233
-18
245
638
937
1199
1573
1904
2120
2357
2617
2771
2816
2859
2945
2936
2830
2803
2849
2804
2738
2829
2928
2891
2937
3094
2893
2325
1959
1623
693
-354
-877
-1488
-2539
-3258
-3513
-3934
-4324
-4193
-3843
-3679
-3446
-2898
-2325
-2010
-1688
-1084
-576
-380
-71
459
691
689
979
1230
933
564
414
-104
-963
-1545
-2011
-2691
-3195
-3308
-3320
-3246
-2929
-2399
-1794
-1287
-834
-267
177
311
531
911
1033
1089
1442
1770
1888
2171
2613
2839
2907
3075
3218
3125
2957
2942
2949
2768
2638
2782
2878
2820
2927
3166
3369
3441
3059
2490
2204
1445
-71
-1041
-1583
-2908
-4088
-4303
-4796
-5509
-5272
-4713
-4525
-4080
-3283
-2583
-1999
-1558
-1031
-298
3
92
710
1146
923
1119
1697
1518
1127
1300
1141
273
-360
-700
-1520
-2501
-2949
-3223
-3625
-3734
-3410
-2971
-2507
-1869
-1100
-396
45
394
857
1077
991
1099
1406
1514
1628
2014
2398
2606
2857
3241
3391
3259
3281
3404
3152
2742
2729
2789
2521
2459
2867
3065
3047
3505
3744
2959
2431
2386
1142
-643
-1302
-2212
-4088
-4961
-5127
-5955
-6340
-5740
-5295
-4895
-4109
-3360
-2450
-1628
-1301
-628
223
265
387
1185
1269
967
1519
1839
1336
1288
1585
1130
543
369
-117
-994
-1649
-2109
-2733
-3321
-3585
-3535
-3355
-3126
-2633
-1854
-1166
-636
52
647
781
937
1324
1429
1350
1598
1932
2057
2317
2712
2986
3142
3260
3413
3447
3208
2946
2955
2873
2544
2512
2784
2858
2844
3400
3829
3140
2496
2631
1760
-312
-1240
-1789
-3791
-5337
-5444
-6132
-7106
-6627
-5815
-5537
-4838
-3692
-2576
-1577
-898
-139
859
1163
1221
1966
2265
1736
1947
2498
2010
1579
1909
1753
1025
812
651
-185
-981
-1400
-1983
-2867
-3513
-3796
-4007
-4156
-4032
-3464
-2846
-2336
-1525
-559
16
330
962
1448
1391
1523
1945
2077
1995
2368
2806
2774
2840
3150
3311
3052
2849
2921
2851
2572
2433
2712
2778
2675
3056
3747
3876
3158
2851
2935
1886
-37
-889
-1454
-3470
-4928
-4972
-5763
-6879
-6316
-5361
-5345
-4753
-3409
-2340
-1477
-659
207
1018
1323
1495
2123
2253
1649
1798
2216
1646
1159
1483
1339
570
436
417
-404
-1153
-1296
-1760
-2816
-3479
-3696
-4131
-4578
-4538
-4100
-3681
-3193
-2273
-1272
-637
-70
866
1525
1500
1740
2307
2381
2200
2553
2979
2839
2906
3400
3579
3301
3225
3492
3385
3071
3081
3326
3273
3186
3632
4069
4203
3787
3232
3073
2410
644
-758
-1246
-2879
-4834
-5183
-5652
-6960
-6947
-5894
-5774
-5467
-4115
-2996
-2164
-1219
-261
592
1113
1362
1889
2298
1832
1698
2180
1824
1111
1234
1294
495
107
222
-377
-1186
-1368
-1548
-2410
-3260
-3606
-3903
-4458
-4816
-4542
-4094
-3819
-3161
-2036
-1254
-682
337
1402
1703
1837
2461
2881
2714
2734
3236
3318
3115
3445
3881
3748
3455
3708
3936
3563
3355
3650
3707
3369
3593
4095
4168
4126
3668
3124
2831
1766
-151
-1083
-1837
-4052
-5378
-5485
-6625
-7608
-6826
-6277
-6349
-5293
-3978
-3149
-2064
-1021
-170
720
1235
1523
2141
2260
1749
1991
2268
1578
1128
1389
1025
218
262
163
-688
-1109
-1071
-1645
-2432
-2846
-3500
-4031
-4257
-4639
-4763
-4194
-3757
-3280
-2131
-1233
-576
600
1734
2057
2454
3129
3307
3245
3396
3524
3431
3469
3652
3748
3708
3554
3601
3801
3534
3222
3403
3440
3010
3143
3624
3596
3475
2963
2409
2165
1086
-899
-1680
-2249
-4497
-5729
-5627
-6731
-7696
-6697
-6037
-6169
-5097
-3688
-2742
-1676
-709
267
1286
1686
1946
2688
2672
1993
2372
2667
1736
1235
1611
1184
236
327
248
-732
-1242
-1156
-1705
-2589
-2983
-3498
-4015
-4387
-4726
-4709
-4325
-3966
-3208
-1972
-1244
-445
1010
2037
2313
2913
3580
3562
3433
3610
3587
3260
3191
3410
3472
3194
2979
3172
3355
2912
2653
3038
2957
2483
2895
3434
3257
3385
3131
2336
2179
1461
-716
-1659
-1899
-4142
-5678
-5451
-6472
-7693
-6728
-5996
-6241
-5161
-3633
-2697
-1564
-486
451
1542
2021
2152
2909
3038
2228
2468
2948
1986
1246
1745
1476
296
299
461
-637
-1362
-1117
-1648
-2780
-2962
-3278
-4166
-4494
-4524
-4808
-4691
-4012
-3356
-2422
-1410
-557
634
1758
2236
2703
3374
3479
3295
3452
3414
2992
2910
3146
3070
2807
2764
2810
2850
2766
2632
2673
2736
2657
2852
3213
3312
3675
3644
2709
2430
2360
395
-1427
-1399
-2812
-5297
-5572
-5697
-7263
-7345
-6052
-5897
-5509
-3944
-2561
-1446
-454
514
1759
2413
2248
2879
3532
2589
2109
2941
2395
949
1138
1460
204
-473
12
-665
-1895
-1885
-1853
-2945
-3647
-3526
-4098
-4913
-4887
-4697
-4854
-4533
-3541
-2607
-1760
-772
453
1638
2293
2756
3449
3784
3488
3446
3599
3175
2715
2888
3064
2673
2455
2724
2826
2635
2634
2866
2819
2698
2931
3315
3375
3667
4319
3709
2698
2957
2325
-249
-1279
-1272
-3667
-5574
-5241
-6053
-7512
-6698
-5592
-5662
-4751
-3115
-1849
-782
46
1076
2194
2270
2110
2933
2880
1611
1702
2265
1063
52
628
444
-812
-810
-434
-1429
-2183
-1863
-2177
-3240
-3556
-3612
-4254
-4673
-4601
-4524
-4330
-3747
-2887
-1866
-915
-90
1104
2238
2594
2904
3590
3669
3195
3265
3360
2811
2538
2915
2963
2525
2544
2880
2887
2709
2822
3007
2891
2868
3141
3416
3504
4064
4302
3226
2741
2994
1341
-1062
-1225
-2083
-4938
-5672
-5340
-6881
-7517
-5941
-5459
-5443
-3899
-2405
-1407
-397
438
1389
2103
1899
2039
2713
1979
1035
1666
1598
163
-37
624
-214
-1056
-406
-535
-1732
-1773
-1277
-2115
-2968
-2761
-3002
-3784
-3881
-3688
-3844
-3650
-2952
-2227
-1516
-757
129
1207
1949
2213
2742
3283
3099
2880
3193
3018
2397
2540
2901
2475
2136
2515
2641
2354
2449
2774
2689
2594
2881
3189
3274
3512
4233
4002
2748
2616
2744
528
-1544
-1298
-2647
-5430
-5613
-5291
-6907
-7183
-5468
-5079
-4979
-3492
-1959
-971
-313
503
1631
2025
1587
2057
2632
1521
854
1675
1318
-63
132
779
-236
-837
-61
-362
-1525
-1449
-1048
-1975
-2828
-2738
-2990
-3748
-3997
-3763
-3676
-3513
-2878
-1864
-1118
-585
428
1625
2049
2124
2757
3198
2827
2637
3019
2801
2208
2482
2902
2505
2180
2581
2805
2448
2427
2775
2686
2515
2810
3182
3188
3524
4190
3611
2548
2673
2262
-199
-1524
-1465
-3475
-5568
-5336
-5637
-7019
-6444
-5010
-4874
-4217
-2661
-1417
-473
127
889
1857
1877
1412
2062
2199
893
767
1536
732
-290
405
676
-502
-566
182
-580
-1530
-1097
-1086
-2247
-2638
-2444
-3152
-3832
-3702
-3681
-3845
-3470
-2770
-2058
-1354
-648
336
1339
1743
1984
2640
2960
2637
2646
2910
2477
2107
2443
2496
2096
2106
2392
2391
2350
2520
2615
2591
2781
2974
3120
3340
3787
4121
3353
2616
2768
1905
-450
-1223
-1344
-3612
-5120
-4653
-5332
-6568
-5489
-4270
-4460
-3617
-1982
-1013
-402
228
1115
1709
1413
1305
1987
1552
399
839
1297
155
-401
488
305
-818
-431
86
-970
-1548
-902
-1195
-2306
-2305
-2115
-2941
-3461
-3249
-3320
-3533
-3238
-2593
-2070
-1598
-851
188
901
1168
1675
2358
2513
2301
2485
2612
2103
1903
2247
2143
1701
1863
2258
2161
2106
2456
2647
2594
2871
3253
3442
3583
4131
4643
3764
2897
3254
2457
-138
-862
-765
-3224
-4920
-4280
-4976
-6552
-5520
-4229
-4669
-4058
-2391
-1496
-1077
-408
509
975
740
781
1444
1140
163
643
1286
340
-255
752
798
-396
-12
650
-497
-1261
-547
-872
-2217
-2277
-2116
-3046
-3606
-3400
-3480
-3613
-3231
-2546
-1887
-1323
-624
464
1250
1398
1766
2512
2624
2201
2428
2707
2161
1926
2413
2410
1957
2118
2532
2461
2282
2451
2695
2685
2736
3085
3446
3479
3955
4626
3712
2756
3223
2272
-434
-1022
-1102
-3735
-5164
-4538
-5538
-6836
-5610
-4624
-4918
-3999
-2569
-1725
-980
-413
300
956
721
632
1398
1100
42
646
1278
219
-201
833
670
-398
217
711
-497
-966
-273
-768
-1919
-1814
-1843
-2826
-3176
-3012
-3306
-3478
-3023
-2470
-1964
-1383
-738
238
990
1196
1612
2323
2398
2085
2429
2638
2076
1987
2420
2260
1961
2227
2430
2324
2372
2509
2618
2720
2889
3199
3463
3582
4165
4712
3703
2914
3453
2268
-418
-808
-1031
-3798
-5044
-4398
-5652
-6933
-5592
-4730
-5193
-4241
-2740
-2033
-1362
-675
53
599
435
563
1360
1020
180
1000
1598
548
315
1349
1034
23
677
988
-328
-731
-104
-758
-1920
-1804
-1842
-2858
-3252
-3040
-3347
-3707
-3288
-2689
-2367
-1936
-1177
-182
437
765
1397
2091
2168
2032
2485
2664
2076
2041
2492
2223
1832
2186
2406
2150
2232
2544
2635
2623
2883
3294
3519
3602
4184
4898
3997
2952
3525
2804
-49
-880
-605
-3125
-5090
-4387
-5111
-6873
-5987
-4660
-5130
-4676
-3040
-2110
-1576
-950
-148
557
529
503
1370
1428
464
978
1973
1154
436
1450
1606
359
544
1195
101
-826
-328
-579
-1897
-2273
-2152
-2903
-3670
-3685
-3649
-3939
-3835
-3152
-2469
-2054
-1428
-226
645
897
1449
2336
2499
2203
2585
2900
2359
2109
2535
2526
2088
2198
2569
2510
2345
2562
2917
2818
2789
3309
3639
3509
4031
4924
4009
2798
3399
2817
-81
-1060
-729
-3169
-5257
-4609
-5261
-6997
-6193
-4883
-5233
-4744
-3207
-2227
-1552
-1010
-261
625
600
470
1427
1563
504
961
1988
1136
388
1333
1417
177
311
918
-167
-1093
-554
-762
-2071
-2366
-2194
-3021
-3719
-3581
-3662
-4023
-3742
-3025
-2441
-1930
-1180
-55
845
1217
1762
2601
2805
2552
2880
3115
2540
2289
2713
2675
2206
2351
2713
2602
2530
2821
3013
2936
3044
3342
3555
3649
4008
4620
4028
2835
3069
2780
145
-1227
-804
-2807
-5219
-4739
-5012
-6919
-6473
-4932
-5264
-5138
-3512
-2417
-1948
-1330
-430
329
396
433
1282
1489
617
901
1866
1237
360
1093
1412
278
166
813
-57
-1138
-758
-817
-2143
-2689
-2549
-3261
-4041
-3994
-3934
-4132
-3812
-3023
-2258
-1628
-859
293
1296
1684
2067
2822
3111
2761
2832
3074
2622
2248
2589
2730
2301
2322
2752
2767
2580
2786
3070
2998
3021
3353
3587
3658
4134
4711
3976
3029
3329
2597
50
-972
-1030
-3286
-5161
-4813
-5577
-7067
-6326
-5230
-5472
-4907
-3431
-2447
-1755
-1109
-244
537
544
648
1525
1513
682
1159
1909
1087
414
1142
1171
116
168
570
-422
-1229
-824
-1080
-2199
-2466
-2432
-3085
-3547
-3594
-3693
-3655
-3380
-2906
-2108
-1477
-981
111
1144
1365
1739
2616
2839
2476
2649
2875
2421
2145
2456
2536
2188
2207
2590
2667
2540
2717
3012
3074
3085
3326
3714
3857
4129
4691
4116
2992
3156
2662
16
-1216
-1024
-3190
-5347
-4878
-5382
-7116
-6388
-5031
-5412
-4979
-3320
-2380
-1832
-1063
-180
496
648
778
1492
1584
847
1156
1914
1265
505
1158
1296
205
109
539
-443
-1407
-1047
-1266
-2508
-2846
-2696
-3369
-3918
-3777
-3758
-3849
-3396
-2630
-1953
-1339
-549
498
1363
1745
2129
2826
3049
2701
2767
3051
2596
2216
2645
2724
2195
2292
2814
2699
2480
2808
2987
2879
2982
3267
3466
3630
4213
4582
3652
2929
3332
2217
-390
-934
-1159
-3754
-5198
-4699
-5792
-7092
-5920
-4989
-5300
-4495
-2999
-2057
-1418
-820
138
855
683
867
1757
1424
537
1244
1775
663
206
1085
744
-392
-2
280
-1007
-1575
-994
-1592
-2774
-2683
-2656
-3493
-3745
-3555
-3742
-3709
-3166
-2560
-1915
-1268
-575
499
1330
1515
1999
2832
2839
2479
2831
2979
2383
2323
2786
2561
2196
2537
2880
2728
2712
3030
3101
3105
3305
3496
3632
3978
4619
4576
3569
3235
3310
1616
-491
-811
-1802
-4201
-4945
-4937
-6200
-6708
-5534
-5033
-4958
-3916
-2680
-1737
-1105
-539
416
874
647
1110
1724
1057
631
1440
1379
355
351
867
142
-569
-109
-350
-1492
-1621
-1325
-2138
-2913
-2705
-2839
-3496
-3627
-3470
-3565
-3499
-3011
-2341
-1794
-1312
-419
641
1096
1390
2163
2731
2595
2567
2897
2788
2348
2456
2705
2394
2216
2580
2818
2652
2714
3090
3160
3149
3375
3676
3840
4101
4799
4782
3584
3200
3444
1550
-722
-768
-1768
-4469
-5090
-4828
-6256
-6839
-5449
-5003
-5125
-4013
-2700
-1899
-1336
-695
230
676
479
943
1630
1055
603
1452
1556
482
447
1182
457
-415
144
-31
-1370
-1518
-1102
-2043
-2944
-2585
-2712
-3543
-3604
-3356
-3586
-3509
-2941
-2392
-1882
-1284
-436
555
1118
1403
2140
2820
2671
2570
3015
2946
2385
2541
2866
2457
2247
2645
2806
2562
2637
2977
3000
2983
3169
3492
3724
3929
4615
4605
3327
3007
3323
1260
-951
-748
-1836
-4595
-4956
-4645
-6224
-6670
-5168
-4861
-5020
-3851
-2536
-1753
-1235
-574
402
778
536
1108
1759
1048
673
1620
1611
444
524
1263
414
-402
184
-141
-1516
-1556
-1203
-2229
-3006
-2614
-2858
-3640
-3554
-3358
-3608
-3382
-2794
-2319
-1790
-1155
-389
546
1135
1368
2012
2626
2471
2393
2807
2734
2267
2481
2764
2440
2303
2611
2740
2549
2635
2897
2938
3012
3246
3541
3776
4166
4816
4483
3402
3359
3182
924
-682
-665
-2342
-4557
-4642
-4982
-6433
-6308
-5178
-5131
-4853
-3672
-2568
-1690
-1148
-480
462
683
534
1258
1613
797
814
1696
1291
348
760
1156
208
-110
372
-362
-1381
-1171
-1253
-2326
-2751
-2609
-3185
-3769
-3670
-3692
-3852
-3489
-2892
-2303
-1715
-1076
-138
823
1254
1567
2305
2678
2426
2533
2853
2545
2232
2619
2738
2355
2409
2712
2686
2570
2751
2864
2879
3063
3211
3477
3761
4088
4644
4294
3223
3199
2971
629
-851
-771
-2574
-4763
-4709
-5078
-6590
-6315
-5119
-5189
-4853
-3482
-2393
-1664
-1036
-238
531
716
702
1319
1537
835
885
1618
1184
293
712
1106
178
-106
393
-304
-1258
-1031
-1127
-2248
-2688
-2496
-3134
-3868
-3742
-3681
-3963
-3599
-2800
-2264
-1718
-820
170
939
1429
1885
2488
2754
2571
2606
2830
2503
2199
2606
2711
2310
2440
2858
2768
2552
2831
2961
2760
2900
3219
3328
3387
3955
4637
4023
3017
3375
3093
572
-659
-483
-2501
-4666
-4484
-4993
-6600
-6262
-5101
-5260
-4965
-3625
-2553
-1873
-1333
-540
322
381
307
1112
1315
482
726
1616
1033
239
905
1242
250
130
687
-157
-1059
-722
-946
-2137
-2549
-2373
-3003
-3727
-3713
-3654
-3806
-3569
-2907
-2244
-1714
-971
100
948
1240
1701
2484
2681
2459
2619
2850
2503
2320
2692
2725
2447
2561
2865
2886
2704
2777
2956
2880
2834
3053
3291
3328
3705
4494
4242
3098
3180
3369
1175
-674
-483
-1833
-4416
-4716
-4669
-6247
-6602
-5277
-5102
-5251
-4109
-2818
-2145
-1671
-928
9
302
191
817
1329
699
562
1474
1367
396
674
1394
676
88
663
275
-866
-864
-761
-1823
-2696
-2544
-2861
-3799
-4000
-3728
-3853
-3796
-3031
-2258
-1789
-985
87
919
1336
1715
2313
2676
2540
2416
2711
2634
2230
2489
2819
2540
2441
2841
2991
2712
2732
2992
2901
2740
2934
3225
3249
3501
4332
4406
3280
3194
3679
1783
-333
-135
-1192
-3993
-4468
-4305
-6049
-6675
-5366
-5255
-5579
-4444
-3252
-2608
-1993
-1343
-407
107
25
577
1292
750
433
1436
1518
448
632
1492
845
88
773
589
-682
-705
-390
-1391
-2355
-2211
-2470
-3445
-3778
-3602
-3752
-3839
-3299
-2539
-2075
-1471
-441
573
983
1280
2023
2529
2385
2314
2714
2691
2231
2432
2852
2641
2432
2809
3052
2782
2757
3102
3107
2850
2991
3340
3388
3448
4127
4684
3746
3018
3693
2765
92
-428
-444
-3066
-4727
-4212
-5260
-6825
-6039
-5131
-5636
-5231
-3766
-2848
-2403
-1816
-802
-97
-80
271
1072
991
405
984
1693
952
397
1234
1423
318
357
889
-142
-977
-515
-873
-2225
-2536
-2343
-3209
-3982
-3793
-3745
-3992
-3550
-2711
-2222
-1626
-656
336
1017
1363
1838
2488
2673
2416
2587
2919
2557
2346
2847
2954
2550
2755
3204
2977
2729
3015
3103
2782
2762
3059
3133
3127
3577
4419
4035
2927
3383
3491
1003
-468
20
-1792
-4394
-4162
-4407
-6397
-6428
-5045
-5344
-5595
-4185
-2994
-2599
-2053
-1125
-306
-132
4
731
1076
419
475
1498
1234
241
810
1611
628
89
941
444
-883
-622
-378
-1671
-2506
-2144
-2636
-3800
-3919
-3639
-3945
-3935
-3144
-2458
-2031
-1273
-204
704
1072
1430
2213
2649
2362
2357
2879
2721
2214
2623
3048
2643
2571
3155
3167
2770
2907
3173
2957
2728
2952
3198
3152
3310
4174
4391
3222
3081
3736
2035
-144
6
-793
-3560
-4251
-4019
-5663
-6573
-5456
-5182
-5679
-4783
-3437
-2806
-2285
-1551
-607
-95
-83
424
1153
769
362
1255
1549
504
515
1498
1009
41
648
781
-553
-822
-273
-1123
-2332
-2191
-2224
-3430
-3938
-3550
-3741
-3971
-3297
-2517
-2119
-1454
-462
471
1042
1310
1872
2486
2386
2124
2540
2702
2134
2266
2876
2646
2368
2859
3092
2734
2678
2950
2863
2597
2765
3101
3081
3155
3921
4531
3762
3176
3824
3087
793
210
-29
-2398
-3915
-3707
-4945
-6433
-5789
-5199
-5750
-5246
-3916
-3233
-2629
-1822
-1058
-371
-149
142
858
819
249
783
1414
651
249
1105
1135
181
405
933
-47
-686
-104
-495
-1741
-1942
-1789
-2747
-3601
-3458
-3543
-3969
-3653
-2922
-2505
-2066
-1202
-178
572
869
1381
2163
2304
2072
2408
2730
2302
2179
2762
2763
2355
2599
2973
2768
2559
2735
2756
2533
2559
2833
2926
3012
3377
4048
4426
3749
3321
3898
2994
798
298
-25
-2358
-3796
-3657
-4849
-6214
-5576
-5079
-5593
-5055
-3788
-3125
-2556
-1815
-1111
-497
-179
92
554
586
305
705
1196
695
373
1111
1232
390
548
942
31
-532
-124
-691
-1940
-2103
-2119
-3219
-3921
-3692
-3840
-4113
-3519
-2770
-2410
-1742
-722
144
766
1164
1589
2099
2238
2045
2247
2522
2198
2146
2689
2726
2383
2624
3046
2854
2537
2705
2811
2535
2500
2872
2993
2983
3527
4437
4336
3443
3673
4001
2174
493
481
-788
-3171
-3703
-4005
-5654
-6188
-5335
-5388
-5581
-4636
-3544
-2890
-2286
-1570
-743
-335
-207
356
725
311
336
1068
999
330
654
1305
798
383
977
769
-173
-56
107
-934
-1705
-1586
-2110
-3211
-3553
-3500
-3837
-3886
-3272
-2720
-2372
-1668
-655
161
571
998
1669
2059
1956
2000
2387
2328
1998
2317
2718
2436
2285
2780
2975
2574
2514
2842
2710
2415
2656
2970
2896
3033
3802
4578
4151
3395
3956
3961
1748
455
628
-1124
-3497
-3616
-4130
-6029
-6220
-5272
-5641
-5772
-4580
-3574
-3067
-2383
-1604
-871
-470
-278
226
556
198
285
1017
896
258
727
1354
747
484
1143
796
-92
173
219
-973
-1589
-1338
-2037
-3188
-3339
-3305
-3772
-3737
-3114
-2748
-2409
-1630
-699
20
430
912
1682
2085
1890
2021
2477
2288
1959
2366
2650
2299
2299
2794
2813
2465
2543
2800
2649
2484
2701
2951
3020
3226
3930
4754
4377
3630
4240
4235
1929
625
851
-938
-3430
-3581
-4057
-6020
-6268
-5256
-5654
-5895
-4633
-3562
-3218
-2615
-1730
-1005
-691
-460
90
372
47
236
1013
924
354
906
1581
980
685
1348
1074
160
346
427
-742
-1444
-1222
-1859
-3100
-3416
-3333
-3756
-3943
-3486
-3005
-2665
-2054
-1078
-257
103
576
1474
1930
1676
1779
2337
2240
1826
2196
2634
2323
2218
2770
2895
2443
2454
2850
2716
2406
2610
2969
3069
3267
3986
4819
4502
3790
4383
4341
2032
739
936
-863
-3337
-3538
-4028
-5906
-6140
-5192
-5541
-5713
-4494
-3479
-3120
-2530
-1704
-991
-651
-467
-31
268
77
230
887
876
416
926
1619
1102
764
1387
1187
270
322
361
-781
-1544
-1366
-1979
-3263
-3512
-3297
-3753
-3943
-3350
-2870
-2552
-1797
-878
-266
140
645
1333
1738
1579
1595
2117
2163
1821
2172
2650
2426
2369
2897
3009
2541
2524
2926
2778
2404
2636
3098
3228
3421
4257
5017
4475
3935
4586
3986
1619
723
543
-1639
-3664
-3868
-4772
-6323
-6221
-5566
-5832
-5609
-4461
-3539
-3012
-2465
-1720
-952
-758
-695
-129
114
-172
183
884
708
449
1220
1705
1116
1076
1636
1203
484
567
328
-684
-1225
-1267
-1949
-2948
-3262
-3264
-3581
-3771
-3435
-2904
-2461
-1880
-1042
-330
81
606
1373
1787
1641
1762
2313
2346
2043
2366
2785
2554
2459
2960
3082
2567
2609
3131
2900
2488
2943
3422
3315
3618
4670
4971
4069
3989
4559
3123
954
631
-108
-2564
-3896
-4102
-5414
-6497
-5960
-5561
-5786
-5203
-4017
-3186
-2683
-2150
-1325
-681
-707
-480
178
132
-137
519
1060
615
583
1467
1590
965
1204
1556
845
346
529
-5
-976
-1240
-1392
-2164
-2889
-3141
-3313
-3522
-3590
-3361
-2857
-2413
-1893
-1039
-382
-79
567
1397
1585
1451
1838
2235
1990
1913
2346
2423
2146
2331
2763
2667
2345
2641
3029
2739
2592
3138
3486
3407
3884
4983
5016
3954
4131
4630
2672
596
654
-400
-3077
-3902
-3949
-5549
-6365
-5411
-5208
-5549
-4727
-3581
-2975
-2530
-2020
-1279
-722
-773
-513
177
82
-194
618
1222
614
669
1760
1728
1021
1491
1795
853
489
771
7
-1002
-1085
-1330
-2245
-2842
-3061
-3334
-3539
-3609
-3408
-2941
-2581
-2077
-1121
-482
-279
526
1467
1474
1364
1962
2196
1754
1869
2357
2236
1976
2289
2666
2513
2283
2604
2984
2733
2581
3163
3565
3420
3878
5049
4889
3700
4005
4338
2110
219
348
-927
-3458
-4030
-4140
-5588
-6090
-5167
-4999
-5110
-4315
-3328
-2649
-2266
-1953
-1182
-640
-874
-607
175
-13
-233
773
1293
613
910
1994
1675
1050
1587
1603
598
376
492
-412
-1258
-1266
-1551
-2417
-2922
-3008
-3193
-3418
-3408
-3079
-2693
-2377
-1734
-811
-321
-21
890
1650
1560
1580
2117
2197
1819
1986
2371
2211
2024
2354
2640
2440
2294
2646
2928
2677
2665
3250
3541
3492
4102
5103
4758
3781
4127
4050
1795
221
151
-1374
-3581
-3978
-4308
-5596
-5768
-4941
-4880
-4803
-3984
-3151
-2546
-2282
-2056
-1324
-946
-1228
-812
-124
-415
-322
808
1064
535
1164
1988
1453
1137
1597
1221
415
383
199
-678
-1190
-1248
-1619
-2234
-2677
-2899
-2980
-3135
-3286
-3012
-2610
-2382
-1751
-845
-462
-80
925
1537
1425
1609
2055
2001
1797
1973
2147
2077
2037
2236
2517
2447
2295
2666
2998
2730
2754
3369
3550
3513
4206
5016
4540
3758
4064
3708
1618
236
-52
-1517
-3400
-3840
-4219
-5251
-5347
-4649
-4521
-4405
-3762
-3017
-2447
-2315
-2170
-1485
-1147
-1338
-894
-251
-359
-106
911
1196
888
1410
1973
1539
1257
1387
996
414
218
-75
-667
-1101
-1325
-1571
-1974
-2537
-2864
-2823
-3006
-3322
-3060
-2601
-2386
-1794
-863
-399
-18
945
1601
1527
1616
1993
2014
1749
1733
1937
1983
1844
2007
2462
2423
2176
2626
3035
2668
2606
3240
3387
3249
3887
4675
4266
3547
3774
3519
1715
297
-95
-1267
-3037
-3779
-4103
-4869
-5211
-4736
-4303
-4197
-3932
-3108
-2354
-2465
-2413
-1559
-1291
-1546
-957
-231
-346
-38
1027
1344
1136
1613
2084
1761
1445
1389
1042
542
185
-94
-458
-983
-1350
-1354
-1658
-2450
-2719
-2507
-2909
-3354
-2916
-2519
-2446
-1745
-775
-366
-2
895
1567
1528
1467
1710
1850
1589
1414
1715
1913
1712
1922
2540
2518
2228
2685
3093
2739
2646
3134
3295
3249
3765
4499
4345
3591
3524
3519
2031
304
-184
-964
-2681
-3591
-3780
-4455
-4922
-4427
-3942
-3971
-3826
-3155
-2548
-2611
-2658
-2053
-1703
-1747
-1217
-497
-385
-63
893
1366
1189
1412
1842
1650
1219
1056
799
310
-23
-165
-444
-952
-1306
-1255
-1492
-2317
-2673
-2463
-2868
-3399
-3002
-2602
-2616
-1916
-847
-440
-75
823
1494
1525
1486
1610
1676
1538
1370
1570
1858
1757
1906
2544
2681
2387
2705
3141
2876
2707
3060
3237
3235
3649
4392
4550
3858
3526
3686
2573
625
-98
-625
-2257
-3333
-3510
-4172
-4684
-4226
-3813
-3834
-3693
-3285
-2806
-2632
-2819
-2581
-2015
-1874
-1568
-741
-277
-12
871
1640
1542
1509
1892
1769
1220
937
670
165
-170
-289
-507
-915
-1278
-1332
-1497
-2219
-2757
-2651
-2873
-3366
-3067
-2544
-2419
-1816
-770
-250
66
733
1296
1418
1325
1292
1376
1384
1254
1436
1855
1832
1882
2497
2674
2335
2501
2874
2670
2518
2814
2999
3176
3619
4270
4752
4353
3705
3720
3088
1115
-139
-554
-1907
-3193
-3408
-3859
-4415
-4108
-3706
-3719
-3659
-3549
-3287
-2970
-3158
-3237
-2566
-2097
-1870
-944
-36
253
924
1847
1933
1628
1745
1701
1210
865
630
291
99
26
-83
-272
-645
-981
-1208
-1801
-2584
-2867
-2963
-3307
-3232
-2651
-2202
-1638
-735
-20
352
720
1079
1219
1104
928
976
1097
1117
1360
1846
2074
2159
2585
2833
2553
2415
2516
2407
2224
2294
2531
2903
3386
3886
4641
4877
4073
3634
3466
1909
7
-653
-1470
-2872
-3327
-3457
-3952
-3864
-3520
-3574
-3535
-3646
-3933
-3632
-3534
-4029
-3605
-2599
-2267
-1521
-127
463
840
1805
2129
1715
1642
1547
1118
906
734
407
375
417
195
10
-332
-988
-1446
-1942
-2742
-3171
-3164
-3247
-3094
-2411
-1845
-1346
-563
17
254
412
571
686
675
612
764
1132
1325
1603
2127
2349
2337
2489
2560
2304
2118
2125
2134
2262
2445
2730
3257
3796
4109
4526
4955
4363
3331
2912
2070
362
-805
-1242
-2036
-2695
-2840
-3173
-3310
-3260
-3518
-3623
-3708
-4207
-4227
-3658
-3759
-3685
-2581
-1787
-1255
-161
596
761
1261
1575
1248
1132
1061
783
851
975
760
720
862
570
159
-204
-971
-1705
-2186
-2770
-3176
-3155
-3052
-2846
-2253
-1744
-1440
-893
-494
-404
-242
-87
37
270
520
748
1142
1497
1734
2090
2253
2194
2220
2210
2054
2017
2125
2142
2353
2712
2949
3284
3719
4083
4307
4537
4461
3684
2859
2218
1284
31
-850
-1315
-1861
-2327
-2743
-3030
-3166
-3475
-3759
-3885
-4124
-4398
-4103
-3657
-3511
-2939
-2031
-1228
-471
126
535
935
1191
1135
1219
1264
1030
1132
1392
1247
974
971
729
33
-554
-1121
-1817
-2406
-2697
-2762
-2774
-2677
-2400
-1948
-1615
-1475
-1140
-817
-780
-626
-266
-16
247
711
1093
1283
1480
1682
1791
1815
1824
1863
1882
1896
2022
2271
2450
2556
2793
3032
3174
3357
3671
3882
4010
4309
4024
3067
2441
1923
765
-412
-919
-1512
-2217
-2507
-2837
-3197
-3386
-3577
-3756
-3894
-4243
-4376
-3866
-3616
-3439
-2643
-1764
-1124
-472
171
477
714
937
1025
1058
892
935
1197
1171
965
893
695
84
-433
-931
-1619
-2155
-2431
-2471
-2427
-2325
-2174
-1823
-1444
-1354
-1186
-961
-818
-576
-285
-55
326
840
1124
1383
1654
1696
1688
1779
1848
1827
1874
1967
2189
2464
2591
2800
3024
3066
3123
3375
3528
3445
3603
4046
4009
3197
2543
2159
1150
-72
-736
-1350
-2197
-2537
-2630
-3090
-3402
-3518
-3625
-3698
-4050
-4386
-4022
-3568
-3510
-2904
-1956
-1437
-736
156
432
473
846
1013
928
924
858
900
972
842
644
372
-81
-474
-722
-1233
-1772
-1928
-1929
-1906
-1800
-1743
-1686
-1419
-1237
-1252
-1167
-981
-691
-379
-195
29
421
720
904
1155
1237
1175
1286
1480
1570
1654
1775
2000
2310
2398
2459
2666
2737
2783
3018
3216
3212
3381
3756
3935
3713
3091
2472
1871
966
14
-617
-1090
-1515
-1763
-2118
-2558
-2865
-3202
-3483
-3743
-4144
-4291
-3934
-3602
-3311
-2630
-1941
-1299
-574
-178
18
324
576
705
921
1027
915
992
1088
877
469
109
-168
-504
-860
-1280
-1548
-1588
-1651
-1635
-1635
-1725
-1718
-1532
-1403
-1453
-1287
-923
-591
-329
-100
199
504
740
902
1061
1092
1111
1405
1645
1765
1904
2094
2384
2539
2611
2661
2735
2868
2983
3111
3147
3286
3526
3726
3673
3103
2434
1811
1053
150
-626
-1085
-1389
-1618
-1998
-2418
-2726
-3053
-3328
-3605
-3899
-4049
-3866
-3526
-3199
-2710
-2153
-1494
-823
-410
-218
30
309
395
563
613
488
621
708
552
347
48
-242
-363
-653
-1084
-1250
-1322
-1334
-1390
-1489
-1407
-1400
-1345
-1113
-1119
-1107
-757
-592
-402
-124
-95
312
723
713
979
1268
1266
1466
1766
1834
1974
2105
2215
2532
2602
2626
2836
2946
3018
3117
3208
3274
3411
3478
3450
3122
2393
1826
1232
389
-278
-652
-1011
-1348
-1553
-2014
-2470
-2759
-3156
-3469
-3715
-3867
-3839
-3561
-3225
-2918
-2382
-1884
-1412
-915
-658
-487
-249
-26
71
213
365
422
515
533
442
204
-71
-249
-460
-715
-965
-993
-987
-1164
-1185
-1117
-1189
-1204
-1079
-1041
-987
-781
-666
-505
-288
-131
199
521
676
852
1151
1296
1290
1525
1710
1785
1998
2133
2246
2454
2610
2661
2737
2804
2835
2971
3071
3122
3132
3098
2964
2448
1857
1305
613
56
-306
-731
-1102
-1250
-1629
-2096
-2391
-2834
-3236
-3400
-3512
-3662
-3555
-3225
-2966
-2574
-2155
-1821
-1432
-1098
-860
-645
-366
-173
34
307
397
440
548
535
344
179
15
-202
-352
-463
-487
-557
-703
-748
-808
-931
-961
-921
-955
-906
-754
-631
-480
-317
-105
144
372
562
791
1042
1141
1248
1412
1481
1604
1865
2040
2136
2289
2353
2379
2389
2347
2395
2447
2455
2472
2521
2500
2429
2287
1903
1418
918
385
6
-303
-654
-880
-1003
-1339
-1643
-1832
-2297
-2638
-2748
-3012
-3133
-2977
-2908
-2727
-2324
-2099
-1857
-1440
-1241
-1056
-705
-523
-404
-91
105
151
321
382
330
373
346
208
115
-8
-149
-189
-294
-441
-484
-582
-698
-708
-758
-822
-779
-727
-697
-605
-525
-410
-213
-77
77
342
494
579
728
792
842
1070
1274
1395
1561
1630
1638
1719
1714
1650
1712
1665
1530
1545
1543
1441
1472
1447
1233
1043
885
711
655
591
446
386
305
146
49
-146
-514
-777
-983
-1255
-1409
-1501
-1661
-1725
-1723
-1728
-1617
-1465
-1381
-1206
-1052
-1003
-800
-540
-405
-238
-44
17
147
348
451
521
548
464
402
391
322
301
302
142
-30
-138
-333
-489
-567
-696
-845
-924
-998
-1024
-1013
-1025
-982
-901
-889
-840
-738
-677
-538
-280
-64
121
312
467
619
741
805
877
942
927
919
938
895
871
934
938
894
873
844
844
900
932
917
892
790
708
639
481
302
151
0
-146
-220
-297
-379
-404
-411
-385
-346
-308
-239
-149
-91
-47
49
90
125
190
229
263
321
357
363
336
293
255
221
160
115
64
-42
-173
-306
-444
-600
-729
-855
-1012
-1108
-1117
-1119
-1131
-1173
-1207
-1210
-1167
-1110
-1064
-1031
-1014
-908
-713
-505
-292
-79
93
203
298
390
452
484
502
549
566
607
695
768
884
905
890
914
898
910
924
871
738
646
549
429
339
184
69
-103
-263
-387
-485
-431
-384
-321
-250
-227
-188
-58
106
227
313
305
308
369
497
697
824
888
844
762
763
767
746
697
559
419
315
198
124
-5
-183
-385
-613
-788
-889
-937
-924
-941
-1074
-1145
-1218
-1269
-1194
-1178
-1177
-1208
-1235
-1121
-925
-689
-491
-378
-331
-251
-160
-61
7
-26
-1
27
89
274
419
557
619
621
658
688
719
663
580
491
472
519
525
439
222
61
-81
-146
-186
-311
-384
-444
-384
-233
-82
-8
-13
25
161
377
528
620
590
563
722
961
1203
1330
1255
1133
1104
1106
1154
1153
993
768
561
470
440
377
152
-172
-501
-733
-718
-663
-636
-737
-954
-1092
-1160
-1136
-1047
-1018
-1142
-1193
-1185
-1069
-774
-657
-577
-563
-671
-604
-471
-368
-269
-303
-421
-418
-376
-169
184
285
320
241
56
113
126
121
169
47
-28
53
74
79
8
-279
-474
-582
-614
-420
-362
-370
-322
-320
-172
20
132
275
360
368
511
642
745
922
1001
1073
1201
1312
1450
1552
1504
1412
1308
1211
1171
1097
1022
896
713
517
325
131
-60
-196
-350
-399
-430
-507
-556
-629
-713
-786
-809
-855
-840
-779
-692
-563
-526
-503
-477
-435
-387
-364
-349
-374
-414
-427
-393
-375
-339
-256
-212
-169
-152
-180
-243
-342
-401
-390
-363
-365
-382
-399
-451
-511
-554
-642
-747
-819
-827
-766
-659
-540
-422
-338
-271
-145
2
152
255
298
365
466
623
825
977
1070
1195
1307
1439
1577
1597
1549
1465
1381
1354
1341
1284
1195
1033
857
736
626
511
352
199
84
-19
-99
-156
-240
-365
-457
-523
-562
-563
-540
-514
-529
-549
-552
-531
-528
-541
-548
-587
-634
-651
-614
-590
-568
-540
-531
-537
-536
-508
-509
-555
-602
-621
-632
-621
-589
-572
-599
-655
-694
-740
-790
-819
-837
-846
-821
-729
-599
-475
-363
-251
-160
-94
-17
66
141
225
341
469
599
744
907
1071
1203
1301
1373
1386
1383
1410
1428
1418
1393
1357
1317
1277
1239
1183
1073
927
785
676
591
499
421
324
209
124
69
16
-53
-126
-190
-264
-335
-378
-430
-502
-574
-617
-654
-695
-713
-728
-752
-771
-753
-731
-730
-724
-713
-700
-708
-711
-714
-746
-776
-762
-733
-744
-782
-812
-857
-907
-927
-930
-931
-920
-869
-788
-691
-583
-462
-361
-296
-230
-142
-44
48
162
285
402
522
670
826
960
1079
1183
1248
1260
1273
1299
1320
1324
1327
1313
1266
1232
1202
1143
1041
921
788
656
566
521
478
395
311
255
203
164
145
114
45
-48
-131
-189
-236
-289
-360
-437
-517
-564
-583
-599
-630
-665
-694
-721
-721
-702
-692
-711
-722
-722
-728
-724
-712
-704
-723
-728
-733
-750
-779
-800
-804
-808
-795
-763
-711
-661
-609
-542
-466
-405
-347
-294
-239
-183
-106
-2
102
199
293
404
508
629
758
860
937
1005
1059
1107
1156
1203
1235
1241
1233
1215
1177
1126
1065
992
888
773
683
605
527
461
408
344
273
230
208
185
145
87
27
-45
-113
-172
-231
-305
-361
-397
-428
-451
-476
-497
-525
-550
-561
-585
-610
-623
-622
-619
-629
-628
-636
-649
-653
-665
-680
-708
-749
-790
-822
-825
-803
-784
-766
-745
-719
-678
-621
-578
-538
-510
-483
-426
-359
-282
-207
-128
-36
66
167
266
359
435
524
610
679
738
796
855
909
963
1001
1017
1011
997
986
968
931
874
812
751
702
670
638
597
547
498
454
422
381
326
259
198
151
104
60
31
0
-28
-48
-69
-84
-97
-124
-147
-178
-215
-251
-297
-331
-349
-354
-365
-392
-425
-463
-493
-525
-564
-606
-664
-706
-726
-737
-738
-743
-747
-742
-736
-734
-713
-689
-687
-678
-653
-623
-571
-491
-412
-324
-233
-148
-65
14
82
145
210
273
324
377
423
471
519
559
594
609
616
623
641
660
663
649
631
621
616
634
638
619
596
577
544
508
476
429
369
317
282
255
229
201
175
164
149
127
110
87
73
56
31
-4
-44
-88
-114
-115
-121
-127
-149
-199
-241
-270
-322
-385
-439
-485
-518
-530
-541
-562
-577
-594
-619
-648
-680
-697
-697
-696
-691
-676
-637
-576
-493
-411
-335
-259
-197
-140
-83
-25
15
64
113
153
195
220
235
238
244
245
232
217
223
236
254
264
263
268
277
299
325
349
371
381
398
417
428
424
420
424
442
457
454
455
442
429
413
404
384
347
320
297
271
234
197
155
128
118
115
120
101
63
23
-12
-48
-91
-136
-163
-187
-202
-221
-252
-292
-343
-390
-440
-503
-558
-603
-632
-639
-650
-650
-632
-604
-562
-519
-489
-465
-433
-409
-374
-335
-299
-260
-215
-169
-137
-121
-114
-114
-115
-107
-104
-103
-93
-78
-60
-50
-49
-50
-36
-16
14
53
81
108
148
199
248
284
320
374
431
484
530
569
590
614
639
656
659
650
635
614
598
565
529
499
479
473
451
416
364
314
277
228
183
143
104
85
85
75
32
-20
-76
-130
-195
-261
-312
-355
-375
-379
-396
-413
-419
-419
-418
-406
-409
-423
-431
-447
-440
-424
-421
-403
-379
-353
-331
-331
-343
-363
-368
-362
-361
-359
-346
-336
-323
-313
-305
-308
-316
-306
-284
-250
-221
-202
-176
-137
-83
-38
-6
40
95
155
217
263
308
344
389
441
475
498
513
528
543
554
551
548
544
546
549
531
506
469
435
405
382
358
333
313
298
286
261
221
173
125
84
52
28
8
-3
-10
1
3
-16
-30
-42
-52
-64
-93
-119
-130
-141
-157
-167
-179
-200
-206
-215
-240
-279
-326
-363
-388
-396
-415
-427
-431
-441
-435
-445
-452
-457
-450
-436
-413
-384
-365
-340
-328
-298
-270
-246
-221
-194
-169
-135
-107
-98
-81
-65
-37
-8
14
42
71
105
146
189
229
270
314
355
393
426
448
469
486
494
500
499
487
466
444
405
360
304
249
207
169
137
118
100
79
87
95
94
109
132
148
169
189
211
228
244
247
241
236
211
184
152
100
42
-22
-86
-138
-198
-267
-324
-362
-403
-443
-464
-480
-485
-486
-474
-457
-439
-417
-389
-365
-341
-314
-293
-283
-273
-259
-256
-244
-238
-239
-237
-237
-234
-223
-205
-184
-165
-146
-119
-82
-47
-11
26
67
110
140
162
194
216
230
247
254
263
261
253
243
222
213
204
195
192
190
184
195
211
216
227
248
266
280
295
317
336
350
356
363
375
369
355
338
310
284
255
219
185
134
99
61
18
-15
-49
-84
-125
-155
-189
-221
-245
-262
-269
-285
-302
-307
-314
-313
-307
-301
-302
-300
-293
-292
-286
-280
-274
-263
-254
-241
-229
-215
-199
-187
-179
-172
-155
-137
-109
-91
-77
-64
-54
-39
-36
-21
-17
-24
-17
-19
-16
-18
-21
-13
-19
-16
4
27
44
65
84
102
139
169
196
233
259
279
304
325
344
363
372
376
370
360
346
329
315
285
241
201
173
144
116
83
46
8
-18
-41
-55
-64
-76
-75
-85
-88
-85
-84
-78
-73
-77
-79
-84
-91
-88
-96
-114
-137
-155
-164
-168
-172
-185
-201
-204
-195
-182
-165
-155
-143
-131
-115
-101
-88
-75
-74
-73
-81
-91
-102
-108
-112
-120
-127
-138
-146
-142
-132
-126
-114
-96
-74
-42
-1
30
64
87
110
142
176
208
231
261
277
278
283
285
286
275
256
233
210
197
182
161
135
111
89
66
41
33
36
33
25
18
22
22
24
34
31
22
19
5
1
-3
-25
-56
-78
-97
-116
-121
-129
-140
-147
-150
-151
-139
-130
-125
-113
-108
-106
-96
-90
-81
-82
-91
-102
-105
-117
-133
-147
-171
-187
-204
-214
-216
-212
-215
-216
-212
-203
-175
-152
-132
-100
-71
-49
-21
21
73
108
130
160
190
209
230
252
263
255
252
246
229
230
219
207
180
153
135
122
122
121
113
103
98
96
102
110
114
115
112
109
107
102
95
85
57
30
16
9
10
-3
-21
-41
-46
-47
-47
-42
-49
-53
-57
-70
-70
-65
-66
-84
-99
-116
-133
-142
-151
-164
-181
-196
-210
-222
-228
-233
-234
-235
-241
-244
-231
-215
-197
-175
-157
-138
-114
-80
-44
-22
2
27
53
72
101
123
132
141
143
142
137
144
142
135
130
120
114
121
130
134
133
134
147
161
172
182
185
186
188
183
191
199
185
183
170
149
130
109
97
90
70
44
43
33
18
10
0
-13
-34
-41
-43
-39
-41
-53
-64
-78
-91
-100
-102
-112
-121
-139
-156
-164
-178
-189
-199
-212
-222
-225
-234
-240
-236
-235
-232
-224
-198
-185
-167
-151
-137
-117
-98
-79
-62
-51
-35
-16
-3
9
17
21
22
24
32
27
27
34
42
58
71
87
101
116
133
150
166
174
189
200
216
224
227
233
229
222
222
203
191
183
160
149
131
112
102
92
74
66
64
58
50
44
35
30
31
26
16
17
24
14
0
-16
-36
-52
-65
-80
-98
-122
-142
-156
-170
-190
-200
-204
-213
-207
-211
-214
-206
-202
-188
-182
-170
-151
-140
-131
-122
-112
-105
-103
-95
-98
-97
-94
-98
-96
-84
-79
-77
-74
-68
-50
-41
-28
-9
9
35
56
76
89
106
135
154
163
175
188
193
190
187
185
180
175
162
152
142
134
134
128
131
131
127
121
121
128
125
124
122
128
131
127
115
106
104
85
66
47
29
11
-13
-35
-57
-86
-104
-110
-119
-139
-146
-150
-156
-151
-148
-141
-144
-136
-131
-124
-123
-125
-125
-117
-115
-115
-113
-123
-132
-143
-143
-148
-151
-152
-148
-139
-130
-121
-111
-96
-77
-57
-35
-10
14
33
59
83
94
101
108
120
134
128
124
129
127
130
128
122
119
121
116
116
127
134
137
146
160
167
169
178
182
176
181
179
173
169
151
139
127
105
83
66
46
15
-9
-34
-45
-61
-83
-94
-90
-95
-105
-109
-116
-118
-115
-115
-112
-111
-121
-123
-124
-137
-144
-146
-162
-176
-180
-194
-201
-203
-208
-205
-208
-200
-183
-177
-173
-158
-137
-112
-83
-61
-40
-19
4
25
41
47
59
81
93
95
97
98
96
101
100
104
104
112
117
121
135
139
153
167
174
188
204
213
223
228
227
223
217
212
202
188
169
148
138
120
99
80
61
38
19
6
-11
-26
-43
-52
-58
-65
-66
-75
-78
-84
-86
-91
-103
-105
-115
-120
-133
-152
-171
-187
-200
-207
-213
-217
-220
-226
-231
-227
-226
-226
-210
-188
-169
-158
-145
-121
-94
-76
-60
-41
-30
-13
2
12
25
33
29
37
45
46
54
56
65
72
79
95
102
111
123
137
152
159
176
182
190
199
201
203
203
209
205
199
181
163
146
132
117
100
86
70
50
26
26
13
-5
-9
-21
-23
-30
-31
-31
-46
-45
-49
-56
-62
-69
-75
-91
-102
-116
-131
-145
-152
-159
-170
-169
-175
-181
-175
-180
-173
-160
-164
-156
-140
-124
-112
-92
-78
-70
-51
-40
-39
-35
-28
-22
-17
-7
-5
-6
-13
-6
4
10
19
24
30
32
35
47
58
70
82
96
107
113
120
127
136
133
126
124
129
122
110
103
97
89
82
79
76
67
54
44
36
33
29
31
34
36
30
25
29
27
26
24
27
19
1
-10
-19
-28
-31
-40
-46
-53
-63
-63
-78
-79
-75
-71
-73
-71
-65
-61
-48
-42
-31
-32
-28
-20
-13
-6
-9
-10
-8
-3
-4
-8
-12
-15
-10
-1
-3
-1
4
13
18
32
38
40
49
55
65
73
77
74
77
84
80
80
78
77
77
70
64
58
48
43
40
33
27
28
25
24
24
21
17
13
12
13
16
12
10
8
2
-5
-8
-19
-26
-31
-50
-61
-64
-68
-85
-94
-95
-104
-97
-98
-106
-104
-98
-98
-103
-100
-103
-93
-86
-84
-81
-69
-63
-69
-73
-75
-69
-76
-71
-65
-61
-56
-58
-59
-55
-49
-48
-41
-34
-19
-1
3
15
18
28
39
46
50
57
64
69
77
79
85
79
75
78
72
65
62
58
59
51
52
61
65
68
62
66
60
57
65
64
62
64
65
63
63
57
44
36
32
22
16
5
-5
-13
-29
-37
-47
-56
-51
-58
-70
-68
-69
-69
-67
-67
-62
-62
-55
-43
-38
-42
-44
-43
-46
-46
-52
-50
-47
-46
-48
-42
-43
-41
-28
-19
-19
-18
-7
4
13
28
37
40
46
53
67
72
77
80
73
70
72
74
67
61
61
57
53
56
55
53
46
45
55
62
60
64
74
78
75
74
86
77
75
78
70
62
43
31
30
15
1
-10
-33
-46
-51
-59
-66
-69
-71
-79
-77
-80
-81
-71
-70
-62
-51
-48
-46
-35
-31
-33
-37
-42
-47
-47
-48
-57
-59
-69
-73
-76
-80
-83
-79
-68
-58
-47
-41
-40
-34
-22
-13
1
5
7
18
19
22
21
18
21
25
24
22
21
16
16
16
21
31
30
36
40
43
59
72
75
79
85
86
84
82
78
74
64
55
45
35
29
15
8
1
-10
-17
-29
-29
-32
-35
-38
-26
-17
-14
-11
-10
-4
-5
-1
-5
-10
-13
-14
-12
-24
-34
-43
-48
-56
-60
-67
-74
-74
-76
-80
-76
-73
-62
-56
-48
-41
-43
-28
-20
-19
-15
-10
-4
-2
4
13
11
4
-5
0
5
-1
-2
-1
7
10
17
21
29
31
31
39
49
65
62
59
67
62
57
56
50
44
43
35
27
25
18
18
9
6
7
8
6
5
3
9
16
21
24
25
30
25
25
18
6
12
6
-2
-12
-19
-24
-35
-39
-44
-45
-52
-62
-65
-65
-64
-64
-61
-52
-43
-35
-31
-30
-28
-26
-21
-12
-9
-14
-15
-10
-14
-13
-5
-6
-1
-6
-8
-9
-12
-7
-2
0
5
18
23
25
25
28
44
40
33
37
34
34
39
35
24
31
31
28
31
31
31
32
24
19
19
23
21
25
30
29
28
29
32
21
16
10
8
2
0
0
-11
-14
-14
-20
-22
-26
-30
-28
-26
-24
-25
-27
-29
-22
-17
-20
-13
-10
-15
-9
-8
-12
-12
-12
-11
-8
-9
-10
-15
-21
-17
-17
-21
-20
-12
-8
-7
-6
-1
-2
-4
-11
-10
-8
-11
-1
7
12
8
-2
8
17
9
9
8
4
7
6
7
6
10
10
12
8
6
8
4
0
1
3
-1
-3
2
2
3
3
4
5
5
3
8
5
3
2
3
9
2
3
2
2
0
-4
2
1
-4
-6
-1
-2
-6
1
-1
-2
-3
-9
-16
-16
-9
0
4
4
-9
-9
-6
1
4
0
2
-3
-4
-4
-2
0
5
2
3
4
2
0
0
1
-3
-1
8
7
3
9
1
-5
0
5
4
12
8
3
7
1
1
-4
0
1
-4
4
5
8
-1
-1
9
16
8
11
10
0
6
7
8
5
6
9
10
6
0
2
10
9
7
9
11
8
1
-1
1
-2
-4
-7
-2
1
-4
-6
-8
-3
-7
-8
-3
-7
-5
-4
-2
0
0
4
-1
-8
-3
-4
0
-3
-6
1
2
6
4
1
4
1
0
2
3
1
-3
-4
-7
-7
-9
-10
0
-3
-8
-8
-9
-2
1
3
-8
-9
-9
-12
-3
-3
0
0
-5
-5
4
4
-3
6
5
1
-3
-8
-7
-1
-1
-1
1
-5
-7
-1
-5
-6
-8
-5
-1
-3
5
8
-1
-3
-3
-3
-8
-9
-13
-17
-14
-13
-6
1
-4
-14
-8
-5
-7
-6
-2
-4
-1
-2
-6
-2
0
7
4
-2
-2
6
5
-1
5
4
8
12
9
3
0
1
-6
5
10
2
3
6
6
0
2
-2
0
3
2
-1
2
7
10
14
10
9
9
10
8
7
6
4
10
13
13
8
6
5
4
0
3
5
6
8
11
7
1
-2
-3
-4
1
-1
-4
-2
-6
-2
-4
-11
-9
0
1
-1
-6
-4
-2
-5
-8
-8
-1
-1
-1
-1
4
8
3
0
-3
-6
-1
-1
0
2
-2
3
8
6
2
0
4
6
-1
-1
3
6
4
3
11
11
16
