-2
5
2
-10
-5
-8
-7
-7
-8
-7
-6
-6
-6
2
-8
3
8
-11
-3
-1
8
9
-14
-13
0
14
10
-11
-17
-7
9
11
-5
-16
-8
7
16
0
-12
-4
6
10
-5
-6
-5
-1
9
-2
5
7
-1
7
-1
2
11
9
-3
-10
-8
3
15
-12
-11
-1
0
17
-5
-13
0
1
8
1
-5
-1
11
10
0
0
2
16
10
0
1
2
19
11
-1
0
-7
6
15
4
-4
-11
-3
15
8
-10
-15
-14
0
13
3
-16
-22
-15
13
19
-13
-17
-19
0
22
-3
-6
-10
-9
11
6
4
1
-9
-2
4
7
14
8
-14
-12
2
21
21
-5
-19
-4
23
21
4
-14
-21
13
23
10
-2
-29
-11
14
3
-2
-10
-19
0
10
1
16
-3
-21
3
9
13
13
-17
-18
-1
1
15
0
-26
-16
-5
5
0
-7
-14
-9
2
-3
6
-8
-25
-28
-17
17
11
-2
-19
-28
12
19
28
-5
-49
-29
10
46
-2
-34
-57
-16
50
26
2
-66
-42
40
49
16
-71
-75
-15
47
48
-50
-59
-41
30
85
-18
-49
-64
-17
59
6
-29
-57
-28
32
54
23
-17
-12
21
54
22
-5
-8
-14
26
42
3
6
-19
-34
18
-4
21
8
-38
5
4
8
3
-3
4
17
-15
-19
-11
-60
0
13
-22
-5
6
35
16
1
1
-7
14
-27
8
19
-14
6
-19
45
11
-20
-5
-17
33
3
32
3
12
29
4
-8
-49
-12
9
-9
-18
-54
-42
-48
8
5
10
55
-13
14
-5
-12
7
-33
26
58
-24
20
34
2
26
-30
18
48
-56
-88
14
59
8
-8
-45
-9
18
21
23
-35
-38
2
51
-38
-52
-3
2
43
23
-44
-37
10
-13
3
-9
-31
38
57
38
-19
-16
22
-14
-10
-23
34
77
-17
19
6
-37
-26
-4
58
108
23
-92
-13
8
-14
-2
5
-20
-31
-28
-28
-55
-119
-59
8
35
43
28
60
48
65
49
21
-20
-70
-11
80
88
-58
-95
-19
-15
84
62
23
33
-15
-10
-28
-15
-38
-30
-12
-3
-10
-23
29
60
35
-4
12
-61
-48
31
-40
-61
-119
-90
48
101
-8
-79
-75
112
202
61
-67
-176
-111
67
147
29
-36
-91
2
144
44
15
-49
-60
13
-36
43
-67
-130
-16
78
115
-59
-125
-65
-30
-34
14
-17
-128
10
92
122
153
58
102
24
27
21
-73
-15
-24
-5
59
46
134
33
-9
-9
-1
140
-44
-68
-76
-34
90
-59
-2
-2
89
273
151
-27
-144
-143
-6
3
-93
-187
-93
-60
21
-12
-137
-33
-27
133
40
-58
-76
19
191
39
-82
-124
-85
116
185
102
14
-89
-87
-18
76
52
-62
-94
-57
-42
-30
57
-1
-183
-101
64
181
-1
-183
-91
-55
55
-18
-32
20
76
252
141
-13
-2
-43
70
95
37
44
-89
-3
-99
-77
-1
-19
116
30
16
88
30
104
154
135
219
131
140
60
-3
-143
-84
-37
11
-135
-356
-148
-121
30
-1
-168
-74
-126
13
71
-64
49
41
107
60
-45
-137
-124
87
161
119
9
-58
-97
-32
43
63
-17
-154
-107
67
69
-11
-35
-105
-4
52
-63
-42
-47
-18
-64
-86
-54
29
100
99
126
74
43
5
-42
-12
-15
-15
26
0
-28
-36
-26
15
-13
-21
97
133
69
66
121
147
248
191
86
137
42
52
96
59
35
-107
-153
-47
-64
-118
-138
-145
-126
-100
-157
-110
-51
63
86
-1
79
-10
0
47
77
6
-85
-15
8
7
-86
-67
-5
-58
-40
-23
7
95
79
21
37
-52
-39
-45
-14
37
-73
-51
-22
-4
-67
-139
16
80
-15
-50
-54
-69
-60
-102
-89
-53
-81
67
110
-9
-35
22
97
124
141
100
53
46
59
72
42
17
11
40
105
118
23
5
65
111
82
29
19
-7
15
63
51
-23
-102
-96
-57
-58
-62
-108
-141
-85
-59
-49
-4
4
-31
2
134
135
14
-63
-9
77
93
103
62
-28
-17
37
85
46
-47
-40
47
38
-59
-113
-119
-24
38
19
3
-53
-65
46
173
141
35
-13
49
110
52
-37
-71
-45
-42
-44
-22
-35
-97
-75
61
121
64
-23
-25
10
25
28
26
14
-5
122
262
198
62
110
194
144
83
43
17
-67
-133
-98
-86
-117
-110
-123
-187
-168
-65
-65
-196
-204
-86
-63
-115
-125
-116
-127
-90
14
-1
-178
-237
-72
21
-113
-230
-169
-88
-70
-4
55
-19
-114
-60
78
85
-91
-155
-6
91
105
129
140
109
90
135
145
99
57
52
75
85
75
48
19
15
93
171
157
79
13
39
97
76
-69
-196
-149
-38
-62
-180
-165
-20
91
66
7
67
144
100
-23
-52
22
-2
-188
-262
-95
7
-112
-237
-147
57
120
49
28
144
222
134
-10
-101
-134
-160
-179
-156
-134
-121
-62
82
206
167
13
-33
94
200
133
-10
-24
70
120
143
202
196
78
43
164
213
99
-37
-38
95
219
248
165
70
85
197
228
120
7
-9
67
99
63
41
23
-14
-22
14
-41
-161
-198
-141
-53
-7
-18
-114
-154
-44
58
7
-170
-249
-169
-91
-132
-208
-253
-281
-256
-183
-194
-340
-416
-387
-325
-269
-314
-364
-300
-151
-46
-44
-122
-172
-119
-57
-73
-114
-137
-125
-89
-26
19
-26
-92
-105
-17
74
90
51
53
150
298
382
377
431
552
649
694
737
786
835
940
1084
1203
1256
1211
1182
1271
1277
1126
1010
984
952
930
890
787
732
673
534
310
89
-254
-738
-1222
-1742
-2247
-2711
-3066
-3263
-3201
-3018
-2827
-2460
-1969
-1522
-1157
-803
-551
-423
-384
-457
-580
-751
-969
-1150
-1273
-1390
-1447
-1392
-1321
-1149
-839
-464
-106
274
732
1180
1544
1829
2086
2213
2196
2175
2204
2218
2190
2230
2363
2427
2396
2392
2444
2482
2534
2687
2809
2839
2866
2991
3241
3550
3724
2923
1152
-549
-1755
-2950
-4372
-5558
-6441
-6644
-5924
-4662
-3246
-1974
-809
465
1752
2262
1923
1513
1195
873
590
165
-701
-1757
-2715
-3606
-4483
-5357
-6004
-6120
-5498
-4286
-2723
-1146
277
1685
2898
3591
3585
3071
2307
1502
794
196
-261
-541
-575
-321
108
472
614
664
891
1289
1688
2050
2415
2801
3251
3580
3658
3594
3577
3661
3793
4029
4262
4530
4874
5231
4813
2743
112
-1827
-3388
-5323
-6954
-7839
-8301
-7754
-6093
-3980
-2141
-563
1045
2687
3716
3587
2995
2449
1835
1276
842
-46
-1392
-2508
-3299
-4239
-5439
-6513
-7204
-7198
-6359
-4886
-3319
-1904
-352
1397
2884
3568
3637
3482
3139
2574
1904
1080
-3
-979
-1511
-1760
-1976
-2129
-2017
-1504
-732
169
1031
1696
2257
2946
3667
3985
4091
4216
4331
4473
4670
4987
5032
4858
4822
4975
5066
4874
4491
2723
-115
-2183
-3401
-4947
-6814
-7747
-8066
-7673
-6198
-4213
-2190
-509
1012
2678
4066
4095
3093
2364
1737
937
293
-571
-1954
-3129
-3726
-4393
-5435
-6455
-7064
-6940
-6077
-4504
-2605
-953
407
1827
3117
3492
3114
2528
1899
1193
464
-216
-870
-1312
-1445
-1329
-1171
-1202
-1275
-1151
-806
-345
210
815
1459
2322
3349
4176
4471
4509
4631
4687
4623
4561
4604
4693
4778
5018
5165
4984
4601
4567
4158
1536
-1649
-3494
-4705
-6553
-7877
-8120
-8415
-7701
-5689
-3221
-1202
374
1908
3577
4698
4182
3009
2128
1148
245
-320
-1298
-2845
-3859
-4254
-4911
-5822
-6536
-6818
-6367
-4965
-2791
-659
941
2301
3688
4514
4044
2878
1698
502
-572
-1279
-1709
-2126
-2179
-1731
-1247
-997
-983
-1004
-927
-676
-117
650
1251
1804
2725
3771
4224
4141
4049
4039
4019
4014
4157
4319
4530
4734
4991
5145
4876
4558
4490
4296
2062
-1411
-3734
-5005
-6589
-8293
-8838
-9094
-8619
-6623
-3842
-1289
594
2310
4067
5544
5413
3979
2636
1484
494
-210
-1154
-2708
-3918
-4452
-4963
-5693
-6376
-6725
-6231
-4720
-2424
78
2004
3336
4591
5579
5296
3636
1621
-111
-1403
-2194
-2715
-3083
-3133
-2633
-1893
-1333
-999
-930
-869
-637
-44
670
1050
1254
1927
3020
3660
3799
3687
3535
3552
3677
3753
3794
3757
3777
4013
4219
3976
3593
3670
4136
4471
2544
-1030
-3412
-4456
-5779
-7333
-7835
-8226
-7811
-5639
-2814
-293
1446
2802
4401
5914
5665
3817
2147
891
-95
-586
-1347
-2879
-4208
-4620
-4753
-5302
-6035
-6336
-5737
-4234
-1874
696
2511
3609
4579
5060
4362
2720
720
-1070
-2276
-2960
-3405
-3709
-3672
-3188
-2476
-1856
-1470
-1179
-909
-449
276
1060
1601
2023
2552
3260
3827
3856
3578
3263
3202
3212
3304
3382
3432
3734
4030
4101
4010
4071
4417
4683
5062
4149
722
-2736
-4418
-5291
-7140
-8471
-8626
-8158
-6391
-3710
-788
1344
2820
4295
5887
6292
4701
2839
1530
367
-428
-1128
-2630
-4427
-5125
-5073
-5407
-6165
-6346
-5562
-4125
-1900
931
3202
4299
5044
5699
5295
3288
460
-2111
-3848
-4778
-5217
-5244
-5183
-4612
-3228
-1902
-1092
-538
128
642
1246
2030
2395
2338
2278
2724
3301
3342
2928
2581
2483
2468
2511
2559
2486
2490
2825
3533
4004
4171
4437
4913
5492
6113
5743
2233
-1908
-3872
-4804
-6481
-8065
-8408
-8311
-6837
-4195
-1408
817
2171
3444
5118
6084
4866
2835
1343
273
-288
-706
-2091
-3931
-4727
-4763
-4955
-5495
-5777
-5394
-4082
-1805
869
2897
3846
4358
4620
4000
2265
-31
-2211
-3673
-4288
-4661
-5189
-5443
-4847
-3564
-2304
-1430
-656
128
897
1729
2452
2841
2863
2919
3176
3363
3120
2571
2156
2005
2025
2112
2051
1913
2139
2719
3455
3858
3865
4163
5014
5850
6294
6712
5175
913
-2513
-3869
-5286
-7630
-8860
-8935
-8513
-6662
-4069
-1337
691
2300
4099
5796
5910
4286
2755
1420
369
-35
-687
-2360
-3738
-4047
-4219
-4855
-5568
-5734
-5110
-3624
-1480
927
2661
3454
3830
3857
3066
1117
-1240
-3073
-4052
-4331
-4369
-4348
-4242
-3508
-2207
-1013
-111
512
1056
1583
2068
2382
2560
2400
1986
1884
2006
1749
1209
965
1134
1424
1795
2183
2454
2769
3251
3935
4458
4529
4638
5034
5479
5837
6393
6110
2626
-1612
-3972
-5302
-7411
-9245
-9459
-9319
-7945
-5420
-2305
533
2459
4033
5771
6937
5971
4069
2446
1067
238
-352
-1802
-3783
-4764
-5059
-5457
-6121
-6444
-5941
-4594
-2554
-24
2290
3447
3806
4072
3849
2337
-41
-2288
-3773
-4294
-4364
-4384
-4312
-3692
-2424
-1064
-15
655
1325
1998
2440
2742
2793
2248
1515
1339
1574
1506
1141
933
1161
1645
2000
2225
2285
2465
2926
3534
4057
4284
4706
5249
5767
6220
6648
6394
2921
-1818
-4551
-5763
-7534
-9546
-9746
-9311
-7835
-5149
-1828
1207
3151
4692
6244
7426
6532
4345
2188
572
-187
-689
-2061
-4085
-5107
-5192
-5538
-6239
-6582
-6137
-4839
-2847
-176
2224
3395
3645
3823
3671
2130
-531
-2796
-3995
-4241
-4017
-3730
-3360
-2851
-1557
-104
723
963
1203
1664
1781
1764
1687
1243
552
354
853
1225
1150
1027
1478
2243
2684
2797
2940
3218
3694
4378
4996
4948
4698
4722
4834
4990
5136
5040
2170
-2297
-4898
-5542
-6436
-8013
-8101
-7648
-6611
-4342
-1433
1328
2880
4020
5424
6770
6311
4211
2119
422
-553
-970
-2114
-4126
-5560
-5771
-5718
-6063
-6358
-6007
-4769
-2868
-277
2318
3625
3715
3857
3982
3153
1206
-814
-2478
-3734
-4207
-4286
-4333
-4424
-3684
-2265
-1269
-488
374
1306
1776
2184
2676
2443
1558
757
643
706
683
630
880
1587
2339
2804
2961
3020
3194
3675
4196
4396
4468
4459
4411
4448
4523
4723
5062
4077
374
-2976
-4241
-5086
-6498
-7278
-7179
-7160
-5723
-3053
-51
2158
3166
4131
5419
5921
4439
2197
197
-944
-1300
-1916
-3395
-4939
-5593
-5745
-5788
-5933
-5715
-4977
-3610
-1411
1335
3194
3561
3497
3544
3327
2220
474
-1247
-2216
-2690
-3313
-4030
-4526
-4305
-3584
-2783
-1881
-687
347
1118
2134
3168
3384
2688
1964
1736
1713
1318
853
913
1481
2115
2433
2338
2210
2504
2947
3335
3550
3598
3663
3898
4115
4376
4818
5104
5343
4151
1034
-1834
-3496
-4695
-6018
-6688
-7139
-7421
-5883
-3343
-564
1387
2455
3445
4580
4663
3022
1277
-218
-1131
-1492
-1842
-2811
-4098
-4921
-5212
-5301
-5538
-5499
-4886
-3360
-913
1786
3308
3533
3508
3465
2987
1457
-737
-2539
-3287
-3360
-3227
-3113
-3493
-3897
-3522
-2467
-1210
-178
570
1273
2290
3124
2928
2061
1343
1222
1425
1596
1638
1592
1641
1833
2140
2190
1967
2011
2445
3185
3716
4095
4176
4179
4497
4961
5459
5774
6199
4389
635
-2096
-3635
-4919
-6432
-7133
-7640
-7506
-5592
-3095
-459
989
1827
3092
4564
4588
3114
1745
436
-278
-606
-1252
-2796
-4387
-5253
-5463
-5718
-6116
-5962
-5206
-3582
-972
1780
3015
3292
3645
3882
3350
1939
305
-1122
-2070
-2918
-3704
-4504
-5199
-5107
-4243
-3057
-1845
-598
623
1811
2946
3596
3297
2451
1785
1498
1205
774
660
847
1126
1495
1828
1854
1872
2288
2936
3787
4321
4424
4376
4513
4913
5290
5552
5604
6047
4804
924
-2389
-3906
-4823
-6138
-6737
-7066
-7340
-5971
-3672
-1058
510
1331
2380
3681
4070
2953
1576
213
-493
-569
-985
-2433
-3994
-4671
-4843
-5148
-5531
-5440
-4925
-3631
-1122
1716
3097
3248
3339
3476
2972
1576
-221
-1831
-2658
-2959
-3037
-3431
-4129
-4431
-4010
-2996
-1660
-236
803
1640
2580
3201
2892
2054
1441
1285
1382
1399
1422
1494
1648
1738
1811
1898
2010
2225
2787
3690
4391
4421
4123
4234
4437
4587
4712
4928
5527
5273
2400
-1142
-3213
-4369
-5312
-6162
-6694
-7314
-6689
-4758
-2506
-537
206
778
1904
3065
3018
2137
1170
434
483
321
-793
-2449
-3567
-4122
-4544
-4892
-5002
-4866
-4211
-2350
185
1815
2197
2213
2266
2105
1391
314
-858
-1702
-2039
-2140
-2584
-3525
-4259
-4298
-3700
-2442
-841
224
915
1722
2469
2640
2230
1661
1306
1340
1492
1617
1571
1432
1446
1694
1747
1742
2086
2715
3434
4133
4525
4652
4480
4401
4682
5056
5394
5473
5863
4301
393
-2569
-4004
-4812
-5938
-6663
-7222
-7554
-6194
-4060
-1846
-560
280
1448
2795
3359
2707
1951
1219
945
939
249
-1457
-3168
-4029
-4535
-5037
-5342
-5322
-5023
-3745
-1297
763
1552
1728
1916
2007
1773
1317
640
88
-235
-521
-1360
-2907
-4251
-4894
-4602
-3737
-2305
-942
-23
1046
2109
2593
2209
1703
1448
1545
1626
1519
1409
1404
1480
1567
1656
1726
1787
2261
3191
4103
4566
4189
3891
3973
4332
4700
4822
4981
5109
5713
4481
388
-2944
-4349
-4753
-5490
-6184
-7026
-7736
-6446
-4111
-1787
-665
-356
560
2189
3327
3084
2428
1718
1647
1920
1105
-853
-2851
-4003
-4488
-4639
-4885
-5318
-5349
-4265
-2055
-36
769
861
1237
2026
2619
2505
1692
827
346
-168
-1451
-3292
-4791
-5286
-4660
-3418
-2135
-1254
-693
384
1601
2072
1900
1513
1621
2111
2590
2570
2122
1622
1433
1569
1593
1436
1277
1768
2601
3574
4168
3969
3599
3770
4436
5021
5157
5178
5260
5611
5143
1729
-2173
-4338
-4980
-5304
-6005
-6978
-8154
-7633
-5450
-2969
-1292
-809
-56
1710
3540
3855
3221
2536
2089
2094
1488
-152
-2362
-3957
-4696
-4705
-4734
-5285
-5642
-5005
-3218
-1152
149
508
955
1931
2822
2803
2138
1237
355
-327
-1120
-2358
-3774
-4750
-4645
-3562
-2370
-1568
-1147
-284
723
1453
1830
1879
2103
2591
3100
3087
2656
2038
1599
1506
1622
1781
1733
1818
2395
3425
4106
3771
3325
3372
3772
4255
4553
4614
4477
4532
5030
3850
178
-2978
-4147
-4092
-4368
-5312
-6840
-7980
-7043
-4799
-2589
-1469
-989
166
2156
3530
3383
2558
1796
1617
1692
1023
-751
-2531
-3502
-3658
-3604
-4097
-4929
-5299
-4577
-2846
-1128
-422
-137
431
1402
2014
1873
1080
152
-211
-525
-993
-1650
-2422
-3015
-2880
-2232
-1888
-1699
-1304
-514
481
1236
1444
1366
1517
1956
2468
2610
2185
1798
1739
2027
2338
2393
2285
2439
2982
3556
3674
3428
3212
3311
3825
4145
4253
4154
4027
4312
4039
1535
-1669
-3196
-3605
-3979
-4870
-6175
-7371
-7175
-5240
-3109
-1632
-1058
-273
1277
2726
3083
2578
2101
1859
2053
1738
381
-1443
-2693
-3272
-3393
-3718
-4590
-5255
-5023
-3600
-2128
-1218
-838
-336
561
1521
2007
1823
1475
1192
1039
634
-243
-1513
-2692
-3115
-2909
-2688
-2567
-2302
-1507
-416
493
1049
1283
1537
1913
2427
2787
2688
2398
2318
2494
2567
2393
2078
1879
2196
2948
3407
3158
2932
2907
3138
3428
3482
3474
3335
3437
3857
3584
901
-2199
-3372
-3511
-3602
-4338
-5591
-6975
-6770
-4915
-3160
-2042
-1497
-600
907
2329
2623
2120
1769
1833
2405
2176
670
-1234
-2591
-3126
-3151
-3364
-4194
-4954
-4647
-3421
-2135
-1514
-1326
-757
408
1709
2244
2018
1544
1171
986
463
-661
-2028
-3146
-3360
-2963
-2491
-2166
-1851
-993
87
830
1072
1177
1577
2185
2716
2818
2528
2095
1844
1883
2012
2013
1863
2095
2749
3509
3799
3397
3005
3003
3340
3359
2985
2780
2817
3165
3664
3848
1852
-1376
-2981
-3097
-2824
-3530
-4847
-6051
-6283
-4997
-3512
-2346
-1721
-881
607
1996
2347
1661
1153
1281
1914
1939
821
-821
-2075
-2450
-2351
-2590
-3429
-4181
-4269
-3672
-2836
-2319
-2142
-1488
-103
1250
1644
1317
971
593
396
154
-517
-1441
-2212
-2232
-1907
-1681
-1645
-1498
-892
-151
274
424
528
862
1451
1934
2065
1798
1488
1443
1813
2308
2584
2692
2936
3415
3900
3835
3280
2716
2626
2917
2957
2966
2762
2540
2668
3227
3650
1816
-1131
-2522
-2475
-2163
-2732
-4041
-5498
-6008
-4790
-3151
-1992
-1675
-1172
0
1155
1520
979
639
873
1729
2154
1365
-81
-1322
-1813
-1880
-2211
-3130
-3976
-4235
-3657
-2689
-2128
-1996
-1567
-514
487
888
684
385
238
226
159
-127
-645
-1208
-1317
-1097
-1075
-1190
-1023
-522
-32
160
170
178
417
871
1311
1561
1533
1458
1612
2138
2650
3014
3256
3468
3656
3724
3595
3149
2689
2336
2242
2214
2173
2089
2021
2209
2521
2979
2144
-278
-1724
-1856
-1761
-2097
-3218
-4610
-5794
-5380
-4024
-2873
-2302
-2073
-1217
-206
383
334
425
879
1563
2189
1777
655
-539
-1338
-1508
-1577
-2140
-3017
-3568
-3496
-3016
-2625
-2630
-2421
-1629
-646
141
503
682
796
977
943
630
184
-447
-756
-693
-674
-817
-889
-708
-571
-553
-586
-548
-121
420
909
1318
1556
1739
1958
2425
2869
3077
3243
3485
3638
3543
3284
2926
2558
2355
2353
2273
2169
2106
2230
2560
2998
3488
2980
681
-1283
-1583
-1506
-1806
-2887
-4352
-5865
-5963
-4611
-3385
-2703
-2390
-1636
-566
220
316
471
1120
1957
2699
2580
1500
136
-649
-890
-1009
-1640
-2743
-3690
-4002
-3646
-3291
-3249
-3012
-2157
-1046
-242
124
383
635
867
925
708
191
-449
-591
-406
-435
-846
-1175
-1118
-926
-719
-717
-647
-279
184
706
1138
1271
1224
1434
1960
2456
2850
3091
3211
3238
3194
3148
2955
2658
2466
2527
2574
2344
2155
2104
2195
2586
3285
3378
1404
-1001
-1636
-1307
-1132
-1871
-3333
-5141
-5853
-4755
-3396
-2603
-2325
-1685
-670
227
555
520
873
1584
2476
2729
1809
418
-535
-730
-584
-876
-1827
-2971
-3569
-3477
-3169
-3167
-3183
-2536
-1530
-603
-143
52
254
509
1023
1181
676
-77
-373
-138
-157
-673
-1197
-1422
-1256
-847
-535
-444
-413
-13
495
754
720
719
1041
1654
2303
2633
2588
2444
2591
2908
3138
3095
2752
2437
2368
2517
2597
2502
2348
2400
2670
3066
3345
2342
-6
-1337
-1294
-1134
-1725
-3326
-5056
-6121
-5416
-3939
-2861
-2344
-2117
-1485
-589
-11
-6
289
1220
2180
2701
2261
1120
47
-375
-155
-274
-1276
-2677
-3622
-3743
-3489
-3243
-3186
-2797
-2023
-1193
-544
-324
41
582
1319
1698
1204
364
-158
-1
287
-13
-696
-1200
-1126
-599
-309
-405
-623
-582
-183
178
321
393
644
1357
2185
2557
2470
2332
2651
3145
3518
3657
3426
2986
2709
2773
2743
2525
2353
2408
2594
2768
3115
3005
1154
-737
-1055
-918
-1104
-2177
-3773
-5332
-5654
-4391
-3179
-2663
-2686
-2514
-1886
-1106
-606
-104
730
1648
2422
2577
1804
748
147
118
131
-532
-1788
-3057
-3603
-3420
-3061
-3047
-3089
-2659
-2077
-1422
-963
-635
-211
469
1290
1365
545
-364
-438
156
616
380
-309
-959
-1122
-843
-620
-580
-670
-592
-280
-17
59
182
696
1544
2141
2253
2076
2184
2679
3327
3927
4109
3735
3131
2900
2964
2974
2880
2809
2899
3029
3242
3597
2581
133
-1238
-1250
-983
-1435
-2901
-4768
-6032
-5436
-4051
-3101
-2896
-2852
-2354
-1364
-514
-42
563
1419
2342
2881
2372
1177
318
163
443
322
-652
-2117
-3142
-3299
-3083
-2987
-3174
-3050
-2586
-1951
-1374
-1053
-631
-114
531
665
265
-153
-109
441
834
704
176
-151
-44
27
-204
-685
-1008
-913
-635
-375
-346
-339
-48
570
1207
1550
1777
2264
3017
3647
3958
4031
3792
3465
3357
3385
3251
2927
2757
2703
2756
2888
3061
2580
437
-1313
-1545
-1242
-1331
-2363
-4034
-5654
-5699
-4469
-3378
-2998
-2933
-2609
-1876
-1012
-473
68
850
1698
2282
2233
1504
703
470
696
813
100
-1203
-2374
-2862
-2879
-2778
-2850
-2910
-2690
-2285
-1853
-1579
-1238
-726
19
557
497
55
-77
361
1001
1247
812
141
-312
-384
-344
-352
-413
-468
-402
-370
-406
-502
-307
296
1063
1533
1710
1968
2526
3242
3697
3994
3887
3387
3005
3048
3265
3171
3014
2832
2627
2688
2918
3270
2642
620
-745
-852
-584
-819
-2035
-3870
-5482
-5495
-4374
-3507
-3252
-3297
-3069
-2421
-1609
-1032
-401
510
1414
1980
1945
1419
811
782
1101
1125
232
-1181
-2305
-2811
-2741
-2657
-2783
-2976
-2977
-2720
-2347
-1894
-1471
-966
-306
222
178
-111
-102
392
981
1040
518
-59
-271
-131
132
204
-9
-325
-401
-396
-394
-381
-132
484
1014
1280
1421
1815
2419
2958
3389
3633
3523
3230
3222
3376
3485
3412
3351
3195
3108
3217
3314
3506
2531
599
-459
-570
-503
-1094
-2554
-4476
-5706
-5211
-4161
-3555
-3501
-3590
-3357
-2605
-1693
-1070
-344
518
1324
1811
1779
1299
954
1211
1567
1410
281
-1067
-1951
-2210
-2140
-2271
-2528
-2905
-2946
-2663
-2284
-1872
-1513
-1007
-502
-303
-461
-605
-321
317
905
949
543
245
171
288
463
491
201
-118
-258
-314
-328
-267
91
538
811
947
1203
1730
2295
2803
3243
3460
3341
3100
3118
3341
3514
3531
3385
3149
3064
3199
3423
3303
1837
10
-633
-447
-380
-1347
-3280
-5144
-5695
-4803
-3950
-3751
-4106
-4250
-3762
-2716
-1812
-1241
-520
364
1224
1627
1432
994
1117
1696
2027
1466
147
-1152
-1742
-1601
-1420
-1700
-2369
-2790
-2659
-2315
-2029
-1765
-1475
-1081
-735
-721
-1000
-980
-251
736
1165
798
251
131
472
955
1218
911
350
85
107
145
118
163
310
504
648
837
1162
1742
2393
2862
3052
2947
2675
2727
3223
3694
3754
3402
3119
2997
3215
3582
3793
3363
1676
186
-234
-107
-211
-1386
-3259
-4985
-5447
-4856
-4273
-4167
-4430
-4442
-3932
-3047
-2301
-1614
-760
187
960
1255
1043
835
1191
1831
2059
1478
285
-750
-1106
-1013
-886
-1272
-1870
-2251
-2304
-2196
-2067
-1893
-1781
-1608
-1564
-1754
-1766
-1244
-351
317
319
23
-71
394
1054
1457
1378
886
578
578
645
582
506
424
475
525
557
726
1110
1732
2217
2438
2468
2366
2386
2759
3265
3554
3355
3060
3023
3157
3487
3745
3869
3046
1366
448
389
453
-144
-1659
-3513
-4790
-4740
-4186
-3998
-4271
-4519
-4340
-3722
-2907
-2185
-1505
-732
-5
503
659
625
863
1535
2039
1907
1119
130
-376
-359
-119
-273
-948
-1574
-1884
-1934
-1949
-1932
-1963
-1967
-1863
-1900
-1977
-1825
-1303
-569
-106
-28
-114
0
451
938
1294
1283
1063
889
796
716
697
667
640
728
695
613
669
1032
1557
1935
2097
2019
1905
1996
2390
2776
2926
2758
2570
2663
2973
3275
3446
3635
3096
1697
698
558
636
198
-1141
-2985
-4452
-4557
-3985
-3658
-3937
-4428
-4595
-4101
-3242
-2604
-2142
-1542
-910
-296
84
207
445
1121
1785
1898
1323
465
-13
131
541
477
-232
-1046
-1508
-1549
-1432
-1423
-1654
-1902
-2127
-2286
-2261
-2022
-1462
-872
-578
-642
-708
-314
410
1135
1538
1509
1270
1150
1263
1438
1559
1502
1394
1243
1021
912
1063
1471
1857
1985
1860
1633
1542
1797
2301
2601
2597
2399
2291
2450
2849
3277
3470
3632
3154
1788
805
718
914
499
-857
-2726
-4174
-4286
-3773
-3502
-3773
-4308
-4601
-4266
-3557
-3078
-2645
-2051
-1495
-937
-501
-245
88
789
1469
1627
1184
526
219
410
789
710
68
-698
-1147
-1144
-1040
-1126
-1494
-1870
-2125
-2216
-2253
-2283
-2009
-1513
-1069
-976
-1084
-879
-294
588
1325
1513
1219
945
1128
1612
1962
1930
1685
1423
1299
1435
1679
1918
2034
2040
1932
1736
1606
1722
2063
2319
2369
2221
2061
2120
2516
3066
3416
3625
3056
1625
766
948
1377
1007
-489
-2462
-3825
-3786
-3188
-2982
-3448
-4225
-4707
-4428
-3718
-3281
-2993
-2514
-1947
-1354
-950
-671
-206
625
1406
1625
1201
588
439
855
1345
1220
506
-298
-717
-641
-493
-600
-1030
-1467
-1810
-2030
-2169
-2247
-2051
-1769
-1551
-1542
-1572
-1246
-614
225
834
979
865
873
1240
1720
2002
1917
1667
1450
1460
1728
2001
2139
2047
1879
1708
1571
1583
1724
1926
1932
1833
1698
1664
1860
2319
2795
3020
3114
2510
1295
763
1056
1378
832
-694
-2457
-3493
-3267
-2728
-2671
-3241
-4030
-4452
-4139
-3439
-3035
-2819
-2463
-1991
-1464
-1091
-767
-288
448
1059
1215
904
422
377
877
1361
1156
435
-253
-511
-297
-62
-193
-686
-1103
-1331
-1493
-1661
-1881
-1871
-1701
-1555
-1594
-1675
-1440
-914
-183
393
546
509
653
1104
1606
1914
1898
1727
1631
1801
2133
2313
2321
2210
2121
2043
1920
1825
1823
1959
2019
1947
1734
1606
1793
2289
2764
2923
2980
2446
1355
838
1063
1337
841
-515
-2178
-3267
-3156
-2630
-2469
-2972
-3831
-4415
-4202
-3452
-2956
-2745
-2519
-2212
-1737
-1291
-905
-489
174
713
837
611
248
217
693
1139
980
362
-201
-419
-200
81
17
-431
-896
-1277
-1589
-1743
-1830
-1784
-1751
-1935
-2198
-2212
-1735
-1085
-487
-112
-81
-49
344
1016
1594
1835
1791
1702
1757
2023
2390
2617
2613
2439
2263
2133
2061
2060
2140
2186
2076
1854
1592
1596
1939
2444
2801
2855
2834
2301
1375
1010
1313
1565
959
-447
-2017
-2893
-2685
-2146
-2076
-2738
-3670
-4198
-3901
-3152
-2740
-2608
-2499
-2298
-1924
-1491
-1103
-730
-187
277
387
216
-42
1
455
920
876
414
-39
-154
149
475
377
-125
-671
-1033
-1228
-1321
-1565
-1873
-2014
-2050
-2074
-1977
-1730
-1416
-983
-441
-91
60
308
727
1207
1578
1757
1808
1867
2044
2324
2566
2587
2407
2229
2128
2126
2130
2105
1966
1799
1728
1662
1725
1912
2164
2422
2608
2656
2032
1118
804
1133
1315
568
-880
-2275
-2843
-2534
-2109
-2227
-3030
-3812
-3996
-3547
-2996
-2813
-2727
-2560
-2255
-1863
-1521
-1252
-873
-249
239
315
50
-187
20
586
1053
926
449
98
159
538
730
489
-10
-469
-757
-992
-1272
-1605
-1747
-1673
-1746
-2036
-2151
-1853
-1217
-496
-26
-9
-95
234
915
1566
1897
1898
1859
2002
2344
2626
2716
2660
2555
2489
2407
2308
2160
2033
1989
2027
2013
1782
1634
1728
2012
2348
2565
2357
1454
630
575
990
946
-50
-1478
-2577
-2777
-2367
-2109
-2429
-3203
-3716
-3619
-3131
-2793
-2764
-2716
-2471
-2009
-1590
-1387
-1262
-902
-321
72
89
-203
-401
-147
426
793
627
247
30
190
535
643
369
-88
-482
-744
-953
-1230
-1525
-1658
-1700
-1870
-2066
-2016
-1713
-1172
-592
-273
-305
-301
74
664
1258
1604
1659
1644
1795
2171
2524
2743
2763
2669
2577
2495
2462
2382
2297
2289
2348
2276
2014
1869
1918
2167
2547
2773
2326
1251
527
611
1025
876
-151
-1523
-2486
-2536
-2097
-1878
-2257
-2985
-3413
-3261
-2805
-2542
-2552
-2508
-2210
-1739
-1402
-1308
-1227
-872
-344
27
-14
-355
-551
-265
298
602
463
120
-103
21
315
425
192
-202
-584
-869
-1075
-1264
-1450
-1581
-1703
-1874
-1925
-1768
-1487
-1084
-703
-473
-391
-201
157
588
1053
1377
1536
1654
1854
2143
2440
2725
2836
2781
2654
2546
2511
2485
2461
2405
2305
2105
1924
1887
1921
2069
2338
2389
1776
826
330
453
685
352
-635
-1831
-2557
-2540
-2180
-2014
-2342
-2926
-3244
-3080
-2713
-2510
-2436
-2268
-1932
-1551
-1320
-1258
-1165
-802
-274
94
7
-391
-577
-267
236
471
324
-26
-260
-121
171
211
-73
-416
-640
-767
-913
-1177
-1423
-1451
-1337
-1275
-1303
-1356
-1263
-859
-302
60
169
199
358
790
1345
1687
1787
1887
2073
2309
2579
2750
2735
2688
2731
2770
2688
2505
2326
2275
2294
2255
2153
1996
1882
1988
2240
2068
1283
514
303
462
360
-368
-1475
-2348
-2557
-2335
-2160
-2382
-2922
-3307
-3188
-2804
-2614
-2663
-2626
-2308
-1803
-1426
-1308
-1317
-1150
-721
-230
-60
-345
-654
-551
-145
154
123
-125
-352
-302
-34
114
-49
-390
-662
-788
-820
-899
-1070
-1209
-1255
-1234
-1184
-1097
-959
-742
-452
-192
22
200
379
644
1036
1414
1648
1832
1997
2135
2328
2577
2728
2708
2641
2609
2611
2627
2587
2485
2354
2236
2193
2201
2154
2084
2142
2079
1594
915
508
440
352
-123
-975
-1832
-2277
-2329
-2217
-2241
-2540
-2950
-3088
-2864
-2596
-2488
-2442
-2264
-1899
-1516
-1252
-1144
-1055
-855
-481
-143
-160
-424
-545
-381
-120
14
-39
-199
-266
-170
-47
-61
-224
-422
-562
-636
-745
-927
-1097
-1148
-1068
-1010
-1005
-973
-851
-666
-455
-223
-29
107
271
542
870
1133
1359
1573
1765
1948
2148
2341
2435
2469
2499
2508
2494
2462
2420
2348
2250
2169
2102
2052
2032
2098
2083
1728
1098
604
474
444
107
-644
-1493
-2016
-2141
-2096
-2170
-2432
-2770
-2910
-2734
-2474
-2383
-2412
-2300
-1947
-1537
-1263
-1144
-1074
-935
-642
-284
-135
-280
-477
-465
-284
-130
-123
-225
-279
-219
-110
-83
-208
-401
-515
-487
-436
-536
-799
-1010
-967
-754
-570
-500
-477
-444
-347
-112
184
387
484
618
862
1129
1318
1448
1593
1795
2030
2243
2335
2297
2271
2348
2472
2524
2443
2260
2082
2044
2086
2078
1974
1881
1853
1721
1340
852
516
357
139
-340
-1018
-1668
-2078
-2211
-2232
-2328
-2554
-2784
-2817
-2652
-2485
-2440
-2393
-2175
-1824
-1509
-1308
-1195
-1097
-946
-692
-424
-332
-444
-569
-536
-415
-326
-297
-291
-270
-251
-249
-296
-398
-510
-543
-497
-481
-583
-744
-793
-676
-499
-361
-271
-214
-174
-96
84
315
489
620
810
1051
1235
1335
1433
1588
1780
1973
2123
2167
2134
2140
2222
2313
2344
2289
2196
2117
2085
2061
1998
1929
1915
1846
1576
1144
759
538
350
-1
-546
-1151
-1624
-1873
-1949
-2031
-2222
-2445
-2529
-2422
-2262
-2209
-2225
-2135
-1849
-1495
-1245
-1124
-1066
-994
-840
-607
-427
-436
-563
-616
-541
-457
-454
-480
-467
-425
-404
-442
-549
-687
-766
-718
-603
-552
-616
-681
-631
-465
-286
-155
-67
-7
46
137
273
416
540
693
918
1135
1251
1288
1348
1477
1646
1804
1904
1928
1919
1927
1960
1995
2027
2053
2039
1959
1852
1764
1724
1736
1729
1586
1279
915
634
420
150
-251
-732
-1181
-1505
-1689
-1804
-1957
-2145
-2257
-2227
-2112
-2036
-2030
-2008
-1870
-1616
-1348
-1158
-1057
-986
-886
-727
-564
-480
-511
-580
-590
-547
-527
-570
-610
-591
-550
-551
-625
-757
-862
-852
-722
-578
-513
-511
-479
-349
-153
28
160
253
319
383
463
554
638
735
885
1070
1222
1280
1282
1314
1424
1566
1672
1720
1748
1784
1822
1835
1849
1878
1904
1892
1820
1711
1607
1545
1527
1503
1391
1173
897
634
404
159
-153
-527
-883
-1160
-1341
-1480
-1646
-1823
-1920
-1899
-1827
-1794
-1836
-1869
-1809
-1648
-1448
-1303
-1228
-1184
-1111
-979
-825
-719
-721
-785
-822
-798
-755
-755
-788
-813
-816
-807
-818
-845
-861
-809
-681
-519
-376
-287
-216
-120
30
204
348
422
420
401
428
511
612
680
729
806
912
997
1034
1040
1076
1159
1263
1358
1415
1449
1470
1508
1572
1632
1648
1606
1546
1500
1459
1393
1305
1228
1178
1141
1046
866
627
392
210
54
-143
-394
-654
-862
-1013
-1118
-1204
-1270
-1314
-1354
-1392
-1426
-1436
-1416
-1356
-1265
-1179
-1132
-1115
-1073
-977
-866
-821
-856
-916
-924
-882
-837
-833
-858
-865
-830
-771
-719
-671
-604
-486
-342
-225
-154
-106
-28
102
253
342
357
317
276
306
378
427
420
395
428
526
618
655
662
695
774
853
909
947
984
1038
1103
1151
1183
1199
1205
1215
1213
1172
1097
1015
961
944
924
874
766
615
461
334
227
101
-63
-243
-418
-585
-713
-794
-818
-828
-872
-951
-1021
-1033
-999
-956
-939
-936
-935
-919
-888
-855
-844
-860
-880
-883
-866
-856
-868
-866
-821
-743
-672
-633
-611
-559
-457
-327
-220
-171
-143
-92
6
126
222
261
258
243
241
259
283
286
266
256
295
377
446
482
526
598
702
792
832
849
869
921
978
1010
1010
995
995
1011
1012
963
883
807
760
729
689
614
511
417
347
291
231
148
56
-28
-107
-197
-284
-341
-346
-330
-338
-388
-457
-486
-476
-458
-479
-538
-619
-687
-733
-779
-836
-905
-954
-976
-990
-1031
-1082
-1102
-1055
-958
-873
-832
-810
-744
-606
-443
-320
-254
-214
-151
-64
11
51
69
80
84
81
64
29
0
-11
7
50
98
135
165
219
313
440
544
599
619
642
695
748
789
809
824
856
887
893
864
822
791
774
764
725
642
547
476
438
403
352
290
233
193
147
91
37
27
67
115
129
98
61
56
72
78
35
-56
-153
-236
-307
-396
-508
-615
-699
-752
-806
-896
-994
-1048
-1023
-946
-895
-890
-886
-824
-691
-551
-462
-428
-390
-316
-219
-142
-119
-110
-86
-53
-42
-70
-125
-169
-181
-170
-151
-152
-157
-148
-106
-25
55
123
177
223
269
324
382
433
499
575
641
690
712
715
710
712
714
705
669
605
523
448
393
348
303
263
226
185
135
92
79
111
167
208
219
212
216
238
265
269
240
201
153
106
48
-27
-100
-161
-220
-287
-360
-441
-503
-534
-530
-520
-535
-560
-565
-527
-463
-409
-385
-382
-361
-310
-256
-224
-213
-218
-216
-209
-226
-262
-307
-343
-360
-362
-368
-380
-388
-381
-345
-281
-213
-148
-99
-49
23
111
191
251
307
364
429
484
515
513
501
490
489
490
461
392
315
253
207
168
129
97
78
74
64
54
61
100
171
240
279
291
303
333
373
405
415
407
383
354
320
272
223
181
132
73
0
-75
-129
-157
-167
-194
-238
-278
-298
-283
-259
-250
-254
-261
-255
-239
-228
-239
-256
-270
-280
-302
-346
-401
-454
-480
-484
-490
-506
-537
-562
-548
-502
-439
-386
-342
-297
-235
-155
-70
5
63
117
182
245
293
311
312
303
303
310
300
265
204
146
99
62
30
0
-22
-25
-17
-13
-11
3
46
115
188
241
269
291
327
379
431
459
469
465
451
438
416
395
368
341
305
258
203
156
122
95
70
38
8
-20
-26
-22
-35
-46
-64
-77
-92
-116
-142
-170
-193
-210
-245
-302
-367
-422
-447
-453
-449
-469
-497
-524
-519
-476
-432
-395
-365
-322
-263
-202
-146
-109
-76
-26
46
111
142
142
121
122
136
149
133
91
41
5
-27
-57
-88
-115
-115
-97
-88
-93
-98
-84
-34
32
85
111
131
156
200
250
296
335
361
375
377
360
347
348
358
358
340
306
272
248
246
244
230
208
185
167
143
126
108
97
85
70
44
12
-19
-41
-60
-80
-124
-183
-245
-287
-310
-310
-312
-328
-351
-380
-386
-365
-323
-287
-263
-246
-216
-181
-146
-123
-101
-69
-13
42
68
63
39
12
13
17
2
-39
-84
-119
-149
-178
-203
-209
-199
-180
-166
-163
-168
-139
-95
-48
-20
1
24
73
123
161
183
200
227
254
262
252
231
223
238
252
245
228
216
226
250
262
259
247
250
256
252
226
199
181
187
191
179
141
102
79
73
65
35
-10
-67
-109
-123
-117
-126
-148
-182
-211
-206
-178
-153
-140
-149
-170
-179
-157
-130
-111
-108
-103
-84
-51
-30
-40
-62
-81
-91
-97
-122
-164
-200
-222
-236
-257
-276
-288
-275
-250
-229
-222
-219
-206
-169
-132
-96
-68
-30
22
75
107
119
121
128
141
157
167
154
129
98
71
55
74
106
144
154
140
122
134
173
211
219
197
162
163
190
211
205
168
138
119
123
119
95
53
22
-3
1
11
18
19
17
22
42
63
89
91
78
50
25
18
19
18
-1
-23
-44
-46
-50
-45
-57
-72
-86
-105
-130
-146
-168
-181
-200
-209
-220
-220
-211
-199
-193
-190
-195
-184
-162
-137
-109
-76
-41
-8
22
47
71
89
105
95
88
76
79
71
33
-49
-95
-108
-41
25
32
-24
-107
-109
-33
57
93
55
-20
-19
12
71
72
30
-19
-20
16
55
31
-13
-66
-68
-30
12
33
24
20
49
92
130
142
131
129
123
132
134
119
93
67
51
54
51
53
40
25
15
3
-18
-29
-54
-70
-97
-108
-121
-134
-141
-144
-151
-144
-148
-139
-122
-105
-84
-62
-37
2
33
55
84
106
144
158
167
147
128
115
106
86
53
-2
-31
-33
-20
-13
-48
-93
-118
-99
-57
-24
-37
-67
-100
-81
-47
-25
-28
-46
-52
-28
-7
-1
-19
-44
-37
-14
17
26
15
14
20
37
52
50
56
64
82
97
81
64
44
39
47
59
62
58
45
37
27
9
1
-17
-24
-40
-59
-87
-112
-135
-133
-143
-141
-147
-133
-110
-92
-76
-57
-41
-8
26
66
100
119
147
162
180
194
194
184
167
142
126
97
60
20
-26
-48
-64
-82
-103
-124
-131
-124
-104
-87
-87
-97
-100
-88
-56
-36
-26
-25
-24
-17
1
13
24
21
25
40
45
56
61
62
67
72
86
100
106
115
107
94
71
52
42
43
39
36
16
-7
-24
-48
-46
-49
-41
-41
-46
-65
-88
-117
-123
-126
-118
-120
-121
-119
-112
-91
-75
-59
-34
-1
37
75
101
125
142
162
177
185
187
184
173
154
124
84
47
10
-14
-35
-58
-82
-107
-125
-132
-136
-130
-130
-125
-118
-120
-110
-111
-109
-96
-89
-78
-58
-43
-21
-9
6
23
44
73
95
104
106
106
118
140
149
154
141
121
110
94
81
63
48
37
22
9
-9
-33
-48
-64
-69
-67
-69
-88
-116
-136
-150
-152
-148
-138
-141
-137
-130
-116
-85
-54
-26
6
33
68
103
140
162
176
184
192
199
199
198
186
167
137
109
77
58
39
17
-6
-31
-55
-78
-91
-108
-117
-123
-127
-126
-134
-143
-151
-150
-144
-127
-97
-87
-77
-64
-48
-17
9
38
61
74
85
94
108
121
129
131
135
133
125
112
103
94
88
85
76
67
51
33
13
-6
-17
-30
-44
-56
-85
-108
-123
-136
-142
-147
-152
-154
-149
-140
-123
-106
-86
-63
-42
-12
24
55
81
102
119
126
132
140
150
154
146
139
123
104
94
82
71
58
38
18
-5
-26
-41
-56
-67
-74
-83
-96
-112
-127
-130
-128
-116
-102
-93
-84
-80
-69
-52
-28
-7
15
29
44
50
59
70
75
78
76
77
73
70
59
50
47
49
55
57
49
39
32
20
16
7
-4
-13
-30
-45
-60
-65
-72
-81
-90
-98
-101
-100
-88
-76
-72
-69
-60
-47
-27
-1
20
27
32
38
41
52
70
82
84
79
74
72
64
63
62
60
50
29
10
-8
-25
-37
-44
-52
-62
-71
-85
-93
-95
-90
-78
-72
-61
-49
-41
-25
-8
8
23
29
35
40
44
45
42
34
29
21
13
14
12
8
0
-10
-14
-17
-13
-14
-17
-16
-21
-25
-24
-20
-23
-25
-33
-43
-45
-45
-42
-43
-44
-45
-43
-34
-21
-12
-4
-3
2
14
26
43
56
66
70
66
64
66
69
69
74
63
42
25
15
7
-1
-10
-23
-38
-51
-56
-61
-58
-51
-54
-55
-57
-55
-45
-30
-20
-4
3
10
21
33
44
49
52
47
42
42
40
39
41
35
24
16
9
5
4
-1
-6
-15
-18
-27
-27
-26
-32
-36
-49
-50
-49
-44
-40
-34
-37
-38
-39
-39
-24
-11
-1
6
9
9
17
33
45
53
54
56
57
52
51
51
46
41
25
12
2
-3
-9
-15
-26
-38
-49
-53
-58
-51
-40
-45
-44
-43
-36
-23
-10
5
9
14
21
28
37
46
52
49
48
44
37
36
42
40
31
25
13
7
6
10
13
12
4
-5
-10
-10
-6
-6
-11
-19
-25
-29
-28
-27
-26
-28
-31
-34
-33
-28
-17
-13
-5
2
5
10
18
27
38
44
43
40
38
43
47
47
44
35
26
14
9
10
4
-1
-11
-22
-26
-24
-20
-21
-21
-21
-22
-20
-15
-2
5
5
4
5
4
9
12
13
16
10
9
10
6
7
11
14
13
7
5
11
12
14
19
17
16
14
16
20
18
20
14
9
5
2
3
-2
-8
-21
-25
-28
-31
-27
-30
-31
-34
-37
-38
-31
-21
-9
-5
-10
-8
-7
-10
-4
2
5
3
4
8
5
9
11
15
18
15
15
22
30
32
30
31
27
23
27
32
29
25
21
13
7
2
0
-4
-13
-19
-24
-20
-23
-25
-28
-27
-23
-23
-21
-20
-15
-12
-5
3
6
9
14
20
30
32
36
41
40
43
43
44
42
39
35
32
29
19
16
9
-2
-9
-14
-24
-31
-36
-46
-49
-54
-56
-61
-62
-61
-60
-55
-55
-51
-40
-34
-25
-13
-6
4
13
18
26
30
36
37
43
51
48
47
47
50
52
43
34
27
25
15
5
-5
-13
-23
-35
-39
-45
-51
-53
-59
-62
-60
-60
-58
-54
-47
-44
-40
-36
-33
-23
-13
-9
4
13
23
31
36
39
37
44
47
47
46
48
45
46
44
38
29
22
10
-4
-15
-21
-22
-29
-32
-38
-41
-46
-51
-51
-50
-49
-49
-49
-45
-40
-31
-20
-16
-10
3
8
16
26
29
35
44
46
50
48
48
51
47
44
42
38
30
22
13
11
4
-8
-13
-26
-31
-38
-41
-47
-52
-54
-56
-53
-51
-47
-45
-37
-36
-32
-25
-17
-8
-6
3
10
17
26
35
44
49
54
56
56
53
53
49
43
43
36
29
22
16
9
1
-5
-12
-21
-29
-35
-39
-41
-45
-46
-48
-49
-47
-44
-41
-35
-36
-31
-27
-22
-15
-4
0
6
15
16
18
25
23
23
29
30
33
33
31
28
27
26
24
23
17
8
4
1
-6
-12
-19
-22
-24
-28
-31
-35
-41
-41
-39
-42
-40
-36
-36
-34
-32
-27
-19
-17
-6
-4
-1
10
13
15
22
28
24
25
29
27
30
31
33
33
35
33
27
25
21
20
18
15
14
9
4
0
1
-6
-11
-14
-18
-20
-25
-26
-27
-27
-28
-27
-30
-31
-33
-30
-25
-25
-25
-22
-19
-10
-6
-2
5
4
12
15
15
18
23
30
32
33
36
37
37
31
31
33
31
32
28
27
19
13
10
10
3
2
-1
-5
-9
-11
-10
-15
-20
-17
-15
-17
-17
-16
-16
-11
-6
-5
-2
4
2
2
3
6
14
15
15
18
21
22
23
22
23
24
22
24
24
21
20
14
11
6
-2
0
3
5
7
-1
-9
-13
-15
-11
-14
-18
-20
-23
-24
-21
-20
-22
-17
-17
-17
-14
-10
-8
-8
-4
-2
1
1
1
3
6
8
16
15
13
13
16
19
18
19
22
23
23
23
24
18
12
11
11
6
0
-7
-13
-12
-11
-12
-15
-14
-10
-13
-12
-10
-9
-6
-5
-8
-2
-3
-3
5
3
4
2
3
3
4
6
10
12
10
11
11
12
12
15
8
1
0
-1
0
-1
-5
-4
-3
-11
-9
-14
-10
-12
-18
-14
-18
-15
-21
-20
-17
-15
-12
-15
-15
-17
-15
-12
-10
-14
-15
-15
-13
-8
-6
-2
-1
1
3
4
6
7
8
10
9
