SAMPLES:	11360
BITSPERSAMPLE:	16
CHANNELS:	1
SAMPLERATE:	16000
NORMALIZED:	FALSE
-4
4
-1
-10
-9
-2
-4
-15
-30
-9
17
22
14
-1
-8
-7
4
2
-2
-6
2
11
19
15
6
-5
-12
-6
-13
-9
-16
-13
0
5
11
5
-8
-7
6
4
4
8
12
10
19
8
2
15
25
25
17
-14
-37
-32
-21
1
8
-10
-12
11
6
7
6
-14
-24
-22
-30
-29
-11
-10
-1
-6
-16
-16
-6
7
8
-7
-24
-18
-9
4
-6
-2
17
21
28
17
12
1
-4
-5
3
4
22
18
15
2
-6
-3
29
31
42
16
-6
-35
-49
-31
4
32
17
-8
-29
-26
-21
-5
4
31
26
13
-23
-22
-19
-2
-8
2
7
9
-6
-31
-25
0
35
46
23
-20
-54
-40
1
45
41
24
6
-12
-20
-3
-19
-14
24
34
7
-22
-9
-25
-20
18
46
49
11
-20
-26
-32
-29
17
26
31
25
1
1
-8
-21
-20
22
20
17
-55
-49
-17
39
71
66
32
4
-28
-58
-40
-36
22
64
76
28
-19
-32
-24
4
26
30
13
-29
-34
-14
-18
-10
32
27
6
-19
-43
-56
1
20
24
65
46
-45
-68
-33
4
-3
19
17
-17
-51
-16
-13
-19
41
45
17
14
-7
-63
-57
21
55
59
30
-43
-94
-60
35
55
52
32
-15
-39
-15
-28
-38
-3
22
20
-7
-7
-41
-16
26
70
31
-3
-63
-45
-35
-9
21
23
35
32
0
-45
-6
9
1
20
-14
-39
-25
10
-10
-8
30
0
-8
18
21
-26
-8
26
32
11
-1
-8
-43
-10
26
12
10
28
-23
-15
8
2
-28
4
65
33
0
-41
-64
-12
20
23
5
-14
15
30
-3
9
13
8
6
13
-50
-14
6
8
22
15
-13
0
17
-27
-27
3
48
41
-9
-43
-9
0
-7
-18
23
2
13
6
-17
-62
-19
-9
-14
9
29
7
28
50
-36
-56
-3
51
30
5
-3
4
9
16
-12
-23
21
77
27
-35
-64
-25
30
15
-4
-4
61
22
-3
-27
-10
-13
42
26
-19
-38
10
49
-19
-6
26
58
10
-23
-46
-32
-34
20
44
-14
-16
-22
-30
-20
6
17
-32
-50
-49
-21
1
-1
15
15
-31
21
17
-40
-36
28
-35
17
12
-9
-25
7
13
50
-15
-5
30
-24
1
42
-21
-5
65
-22
-70
31
70
-29
45
-29
-6
-15
5
10
-14
34
25
-32
-61
-40
-30
86
-32
-81
49
43
-53
-12
-29
33
53
-9
-13
-42
-1
13
59
-8
-54
-6
73
-17
23
53
15
-24
20
4
-2
-52
1
47
-46
-43
78
57
-25
-41
54
55
-41
-2
-32
-53
-4
103
-11
-138
9
117
-33
-14
61
-10
-106
-16
53
-108
-4
117
-38
-49
101
14
-52
13
10
-21
42
62
-47
13
75
-31
-45
5
-40
-40
75
65
-1
-30
39
-38
-8
11
-1
-81
48
101
-116
-64
95
-21
-133
139
-36
-42
36
141
-126
15
29
-57
-62
75
49
-87
36
40
-6
38
-80
-28
62
-46
-27
55
-113
-40
160
-22
-36
56
-24
-144
116
59
-162
68
27
-56
93
51
-114
63
57
-76
48
-63
-35
3
3
60
18
-92
9
21
11
43
37
-86
-9
-22
-11
46
12
-57
15
124
-54
-29
38
-30
-77
85
91
-93
-73
65
63
-132
37
69
-84
44
-11
3
-42
42
-69
47
8
15
-105
63
-28
-113
95
58
-70
14
-81
-55
169
-35
-46
52
-102
28
165
-87
-132
193
-35
-140
183
12
-78
4
84
-121
-116
156
158
-196
64
186
-131
-57
208
-18
-175
15
98
-109
-27
90
86
-151
123
86
-74
-122
155
-56
-97
28
53
-64
-27
113
-115
-15
81
9
-88
95
-9
-174
-5
278
-140
-24
124
-121
16
168
-240
9
122
-152
133
17
-123
37
184
-160
86
73
-53
-4
-58
76
26
-81
89
109
-181
98
-140
133
-23
24
29
-34
-9
24
-131
-12
83
-25
110
-114
166
-182
120
-30
3
-180
139
-15
-205
27
117
-134
75
223
-351
195
-87
-136
75
16
-57
125
-28
49
17
-108
8
-107
160
146
-207
115
34
-88
-148
257
-188
11
146
42
-139
4
-18
-145
171
-221
185
-65
119
-264
260
-285
239
-111
40
-97
-11
67
-116
245
-195
242
-135
179
-249
163
-66
-2
44
-27
-64
-49
327
-360
295
-233
207
-109
104
-86
51
-191
195
21
-110
57
-73
93
-4
45
-50
12
-42
243
-269
66
11
145
-345
153
-80
116
-134
399
-407
221
-40
98
-244
332
-335
204
-66
38
-50
-100
221
-70
137
-147
158
-302
283
-205
77
-184
108
174
-171
140
-91
-48
24
406
-639
312
-39
-98
2
48
-130
65
-17
265
-265
39
125
-169
137
-14
-89
-39
19
126
-32
-225
445
-233
-47
45
164
-284
232
-9
-209
-3
415
-435
206
-13
-69
74
128
-97
-74
-47
375
-366
-26
204
-296
184
-193
175
-44
67
83
89
-305
249
-280
69
-46
-28
89
-250
255
-230
144
201
-91
-7
74
-247
27
-8
18
20
55
121
-290
240
1
-66
38
-57
304
-143
-188
157
-260
103
217
-35
-90
-1
106
-161
-2
187
-154
137
-165
172
188
-432
288
-168
-61
117
85
5
-51
10
109
-128
25
-20
-112
12
61
58
-450
409
-130
-118
94
1
51
-26
184
-102
-64
52
29
-167
52
-157
162
-220
264
63
186
-112
-315
214
70
177
-530
205
154
-186
100
132
-248
131
53
38
-255
34
79
-242
441
-208
-48
-87
252
-145
-169
225
-83
-92
335
-312
-125
-5
196
148
-126
-8
-109
183
-16
-150
7
143
181
-217
-63
-23
86
170
-2
-330
177
51
135
-211
-18
-24
258
-1
-181
0
20
-29
84
26
-271
194
80
9
-116
191
-148
114
-140
-152
87
76
57
63
-51
-187
210
27
112
16
-159
19
59
-107
-91
260
-147
3
-13
-117
-76
288
-210
32
19
139
-114
-17
-228
248
122
-59
-122
62
73
-144
6
141
54
-15
-74
-3
-131
84
13
-192
125
375
-431
453
-463
50
120
-24
129
-45
84
-139
359
-486
261
-228
111
-19
122
-85
111
-53
-34
78
-169
144
-121
33
-307
41
214
-81
-75
314
75
-403
-26
255
-238
195
-177
152
-22
65
-100
20
122
-39
150
-465
224
135
64
-187
10
9
75
-250
177
-149
135
-231
30
-7
18
72
37
-27
-66
-67
72
6
33
-22
87
-190
210
-299
249
-175
210
-14
24
-30
167
-224
257
-449
231
-76
153
-335
227
108
18
88
-217
305
-502
553
-449
400
-294
100
-21
-103
450
-501
194
-262
404
-268
233
-155
-14
-26
31
-144
-17
254
-252
418
-303
196
-404
316
-313
330
-150
155
-107
81
269
-97
-192
315
-293
-42
-87
56
108
145
-285
220
81
-128
221
-370
191
-141
177
-219
166
-5
94
-194
161
-63
-30
166
-456
271
94
-116
-85
132
110
-6
-182
-86
4
249
-196
93
-81
153
-158
195
-61
-229
321
-247
248
-243
327
-416
374
-257
192
-219
237
-207
30
-69
-139
199
-50
377
-447
73
-39
276
-188
27
-110
-27
10
169
-127
-113
141
-3
-2
-36
10
-13
-68
42
81
-167
152
59
4
-115
313
33
-249
11
-21
-275
200
-9
-60
-44
-83
449
-285
118
54
14
-160
199
-397
192
-207
160
13
104
31
63
131
-65
-20
-170
272
-211
-23
-253
216
-237
243
-55
164
-202
64
98
-267
226
-428
434
-451
224
-159
157
-387
734
-197
-66
68
3
-133
61
36
-43
165
-80
111
-348
-96
287
95
38
93
-70
-43
-48
241
-188
-131
-61
266
89
-6
-34
-60
76
177
-202
144
-266
9
135
-348
283
-258
368
-299
82
89
171
-251
-258
418
-382
294
-255
38
-269
338
9
-8
-163
265
-119
64
34
-142
189
-146
32
-40
192
3
-103
92
79
105
47
-241
33
12
-92
99
-209
316
-420
176
-78
52
132
73
40
-106
15
190
-137
-33
67
-208
209
-69
145
-142
99
-164
312
-209
40
-119
-236
31
66
-92
206
99
-58
5
-104
87
-24
161
-25
-237
-40
-177
13
70
157
190
-368
430
240
-327
-163
-29
-129
416
-185
-264
46
142
-134
62
-181
117
365
-62
31
1
-199
100
117
-150
-306
-61
57
125
-263
322
-164
105
337
-209
-117
137
-95
-177
-55
3
-79
341
-314
160
207
-168
118
91
-220
-100
190
27
124
-46
-43
14
275
-384
126
-181
56
17
160
-226
114
51
40
-248
114
49
-191
173
9
-228
308
181
-548
29
400
-108
-68
239
94
66
-192
-242
-109
108
-22
187
-338
238
249
-132
208
-30
227
-62
-199
-184
124
-89
-52
89
-70
19
248
-73
-265
383
-147
-75
161
-230
-97
101
-189
178
83
112
-121
164
-42
-394
301
-189
-148
219
-201
82
538
-248
-58
36
-92
31
179
-481
134
27
98
-87
303
-110
258
-128
-36
1
-82
-63
-167
203
-101
217
4
-197
-24
10
-47
156
-291
-27
34
13
263
-176
86
37
1
-27
-180
8
85
263
-456
241
-115
164
-26
64
-154
-193
3
22
-402
310
346
-116
75
-88
-157
99
330
-371
147
86
-356
183
-177
70
147
-115
-166
597
-369
-10
362
-438
-92
488
-647
324
209
-268
-11
247
-388
426
-247
66
91
-341
141
151
-264
261
109
-133
65
-11
-279
195
150
-249
206
-237
47
287
-232
197
114
-239
125
77
11
-149
-104
111
174
-79
233
-96
-134
123
104
-153
11
14
-60
-73
-12
-39
-135
485
-111
-248
74
29
-75
-96
44
-104
-24
-4
72
-288
348
-113
133
4
259
-91
14
-245
-94
113
61
147
-454
326
282
5
-127
248
-450
260
-288
171
-22
-224
269
-61
89
-77
315
-531
459
-68
59
-361
300
-411
-94
166
-13
70
206
-203
123
33
-12
58
-411
25
-11
86
-523
516
-721
575
156
-21
232
89
-68
-34
-123
-44
91
-263
-130
311
-96
118
432
-368
88
301
-624
269
56
-207
364
-311
-345
485
-179
-290
397
-167
31
384
-502
294
114
-103
-425
-79
30
339
-73
-111
84
-50
132
-282
179
-18
274
-219
18
-150
364
-152
94
-112
69
-46
-90
286
-169
53
-159
-112
190
40
-193
85
32
-40
85
87
-212
-9
-321
317
-22
-78
190
-169
495
-340
-123
161
-59
146
-132
-142
-76
112
368
-354
142
-122
153
140
-204
249
-257
364
-229
-14
-151
-199
400
-60
230
-209
173
180
57
-232
-42
-124
-73
-230
-57
129
567
-262
-86
352
-372
448
-15
-226
-177
46
243
-215
-303
-69
-130
53
24
199
-378
295
80
-65
73
18
197
-18
-123
320
-389
200
-51
-57
-317
46
265
-49
197
63
430
-295
339
-550
-187
-62
-32
-257
386
-274
344
165
285
-117
86
-83
67
-182
-314
72
157
-229
-10
64
-36
189
-32
177
114
-164
-301
39
33
-189
-76
-33
-23
363
-452
522
-151
20
234
-197
64
-278
102
146
-290
328
-72
-106
264
-386
210
-27
-370
209
-391
153
551
-257
-293
309
182
7
-134
-310
104
77
-109
350
-268
547
10
-521
300
-70
-138
-332
284
67
303
-263
-568
274
168
488
-314
-370
153
136
-175
-282
96
-174
791
-391
-131
-19
-85
325
-62
147
-222
340
-656
346
288
-318
-56
-239
429
153
59
7
-204
529
121
-369
-310
449
423
-485
218
-662
379
207
-314
-128
-43
256
-251
309
-229
127
211
-584
589
-413
194
302
-468
626
-559
424
-546
-109
68
-256
330
301
342
-222
-194
17
-53
-26
206
-718
87
-55
19
668
-254
-72
309
130
-127
124
-399
-120
165
-130
152
235
-456
262
81
-375
230
-149
-351
478
-57
-149
356
-362
702
-95
-332
137
-168
73
-17
23
-259
-126
78
-234
300
31
-189
288
-387
229
-251
-260
125
-390
-91
23
317
-54
624
-402
215
602
-326
489
-351
-613
188
-198
336
-137
-188
355
172
88
-260
13
40
270
-289
261
-270
722
-213
69
-408
-65
46
-354
194
-382
182
-117
220
-298
218
-10
-136
250
-254
-133
256
-438
856
-715
199
294
-48
343
143
264
-387
146
-893
982
-8
-14
-259
-176
292
-63
1
-266
267
-199
186
-538
779
-236
608
-366
-821
117
-418
181
-42
397
179
610
-317
84
-498
68
-425
110
-188
42
321
300
33
31
-138
342
228
-30
-206
-923
552
-369
350
-273
-129
168
108
240
363
287
-384
18
-56
-187
606
-204
14
-411
-506
425
-358
311
218
-87
-47
299
-273
3
-335
449
-990
-170
965
-414
988
-636
-252
-188
357
-281
240
326
-228
231
-619
4
-182
-117
336
354
-99
181
-325
749
-412
250
-988
-358
-202
268
563
-627
663
-52
215
120
-249
2
470
-115
-344
-185
341
-181
293
397
-1168
1425
-800
26
228
-821
-31
248
-49
791
308
-92
561
-22
-134
-54
56
-944
721
-1052
1096
-816
101
-121
52
467
24
166
-761
778
242
-718
207
-542
136
209
-830
75
124
-343
610
63
-16
-124
23
-508
182
-88
-389
254
-455
517
301
-349
159
818
36
176
-407
194
-202
0
-375
-239
358
-587
1171
-841
486
559
-169
273
-110
301
-97
20
61
175
-846
222
-993
734
651
199
-453
-230
506
1047
-260
-695
-682
-193
424
233
-1514
449
-195
-72
-96
-668
524
647
448
-393
-107
-721
981
-1008
-135
-113
581
-22
166
-416
328
1239
127
150
-542
-139
-74
793
-1497
283
-678
86
927
-67
671
508
-157
211
106
-1211
578
-1404
51
643
-239
1502
-411
-2
530
-158
120
-604
-239
-1117
839
-1
3
786
-225
683
63
23
-127
-677
-196
-660
-417
109
-568
953
-854
855
420
-27
33
-1752
604
-1231
396
497
-386
1145
29
643
1611
-943
932
-652
-473
-574
-973
-310
851
295
-123
982
-973
917
-882
489
-323
-803
169
-996
258
492
631
597
821
123
115
-17
-567
-543
-738
-88
-118
-723
179
447
471
445
273
115
-339
50
-391
-390
535
-539
-140
245
15
1082
-353
318
-160
-4
203
-906
-196
-822
-156
45
-217
-318
192
-77
687
-597
288
-292
-128
444
-713
797
-506
735
-96
-99
40
601
210
672
182
147
-280
48
187
-146
-225
-922
13
-165
517
-161
-237
563
442
-64
224
-805
582
-463
394
-147
-318
-18
-158
452
-813
697
-623
965
44
206
-227
-726
376
-614
-107
572
-1101
80
477
15
1272
-172
-156
-633
203
403
264
-965
-628
259
-35
927
-212
-582
133
572
-146
577
-909
1546
134
70
368
-825
341
217
-506
45
-228
-50
227
-405
281
-402
191
-248
436
-549
-23
-170
245
-284
390
-173
-284
184
45
894
-749
66
5
-402
-40
38
-374
392
84
253
183
49
673
100
-993
-75
-416
627
-601
12
-237
-557
475
-451
-8
-132
-2
233
-246
-295
420
-745
786
-196
504
491
364
536
15
278
205
281
277
-238
-169
-81
152
663
513
-88
821
-82
-205
-188
-547
55
-174
-853
-377
-348
-416
27
-1074
-601
-336
-113
-184
-444
-534
131
-233
-189
13
-309
-164
274
-454
-34
-114
95
250
179
435
193
313
584
391
-20
436
261
335
325
313
208
784
726
991
451
479
429
35
438
193
785
617
438
160
340
626
329
-336
-530
-614
-506
-1242
-1115
-1288
-1100
-726
-1143
-1508
-1335
-1435
-1657
-1811
-1819
-1838
-2072
-1381
-1686
-1049
-1148
-797
-690
-422
216
367
767
1506
1942
1945
2687
2677
3798
3257
4078
4005
4546
4960
4744
5084
4485
4621
3569
3664
2356
1928
908
487
-564
-1179
-2428
-3509
-4011
-5030
-6134
-7333
-7747
-8612
-8712
-9214
-8915
-8673
-7483
-7043
-5984
-5275
-4068
-2866
-1689
-258
982
2384
3581
5230
5886
6888
7127
8225
8434
9166
9277
9446
9844
9891
10065
9957
10015
7390
4085
1926
2379
1891
-4
-3064
-4797
-5056
-4154
-4291
-5402
-6729
-6630
-6404
-7255
-8305
-9589
-9026
-8050
-5885
-5221
-4950
-5098
-4664
-4430
-3494
-1792
-1689
-1848
-1675
-709
74
1116
1757
2403
2845
3602
3041
2667
3073
3768
4389
4210
4503
5033
6721
7759
8404
8480
10015
10479
8320
4870
3672
4591
4181
2188
-636
-1848
-2291
-1551
-2521
-3690
-5125
-5132
-5904
-7297
-9063
-9844
-9666
-8259
-6108
-5194
-4671
-4467
-3157
-4539
-4349
-3330
-671
-570
-1612
-2574
-2107
100
1844
1728
61
556
1321
1802
747
924
1120
2677
3603
4245
3924
5437
7002
8963
9262
10676
11967
11224
8079
5329
5937
7168
6150
2562
-338
-1754
-1717
-2076
-3110
-5243
-5923
-6271
-7229
-9776
-11247
-11089
-9996
-7773
-6315
-6239
-6413
-4677
-3375
-2396
-1781
-3297
-3796
-1689
1385
-583
-3105
-2209
1178
3617
3431
1246
191
2172
5158
4072
1328
697
2857
4458
5791
6030
5798
7968
11298
13100
11213
8992
4885
3779
6109
7262
2330
-2585
-3698
-2617
-2030
-1760
-3620
-6648
-6359
-5182
-7000
-10783
-11318
-10333
-8056
-5298
-3979
-5702
-5126
-1652
537
27
-1586
-2940
-1895
834
1166
-2863
-3929
-621
2698
2282
225
-1302
-574
2464
3249
338
-1723
653
3689
5155
5666
5972
7423
10293
12961
12780
10094
6481
4217
6232
8133
4775
-1337
-4010
-2785
-1529
-1462
-3306
-6375
-7504
-5833
-6421
-9915
-11667
-10530
-8218
-5635
-3627
-4568
-4504
-1570
1806
1569
-376
-1281
-142
2146
2220
-545
-3421
-1033
1646
1946
-1404
-2294
-2269
332
811
-593
-2885
-984
1733
3238
2865
3486
5862
7576
10113
9800
12409
11548
9414
4170
5725
8077
6302
282
-3441
-3461
-2660
-1082
-2840
-5737
-8136
-5674
-6323
-8416
-10441
-9498
-8424
-5800
-3486
-3908
-4018
-1389
2124
1948
2252
702
-2451
-3074
782
2626
-1291
-3241
-2775
-793
776
1602
-1144
-2147
317
1843
-483
-2028
-71
2498
4546
6498
6717
7200
10151
12771
13144
9372
5649
2502
5763
7474
2853
-4496
-5446
-3007
-1585
-1785
-4033
-7675
-8233
-4942
-5626
-9092
-10640
-8237
-6316
-3180
-1354
-2180
-2309
1458
4530
2474
-152
-622
1033
2540
2254
-1678
-4431
-2220
446
-273
-3016
-3884
-3388
-1041
242
-1384
-3025
-1278
1724
3467
3401
4653
6002
8428
10088
10966
12491
12148
9126
3870
5189
7160
4712
-2456
-5039
-4919
-3348
-2942
-4394
-7851
-8810
-6327
-6316
-8496
-10014
-8274
-6759
-3967
-2435
-2175
-1857
1376
4314
4075
3610
1470
-1141
-75
4793
4413
-1955
-5406
-3299
-631
-45
-1701
-4774
-4689
-1403
-480
-3549
-3775
-183
3177
4181
4539
4296
5890
10458
13076
13256
13011
11456
6056
4374
8097
7609
-265
-5962
-5692
-4326
-3839
-4387
-7610
-10738
-8279
-5964
-8350
-11576
-10282
-7666
-4884
-1866
-1418
-2407
405
5445
6432
5233
4046
2319
760
2807
2993
-710
-3633
-2602
-1879
-2330
-2071
-2469
-2978
-2304
-1599
-4104
-4664
-1961
1325
1979
3379
4350
5925
9904
14254
15262
13586
10920
5884
4428
7457
7650
-318
-6638
-6171
-3613
-3371
-4580
-7213
-9844
-8345
-6105
-8253
-11934
-10571
-7059
-4295
-2032
-481
-915
1358
5749
7555
5608
5245
3552
-132
695
3796
2265
-4634
-5653
-4673
-2771
-2498
-3085
-7157
-7144
-3562
-1684
-3552
-3133
-117
2215
4954
6696
8159
9257
14271
15784
17038
15255
11783
5491
6706
9671
4984
-4654
-8510
-6458
-6280
-6035
-7696
-10704
-13230
-9520
-8728
-11445
-13030
-9508
-6639
-3606
-556
-211
461
4480
9118
8571
5849
3154
2775
4430
4472
-23
-4482
-3867
-1546
-1902
-4136
-5187
-4687
-3238
-2693
-4236
-5789
-3991
-23
2137
2922
4096
6867
10332
14148
15765
15793
15132
11557
6704
5638
7894
4229
-3469
-8239
-7056
-5913
-5646
-7154
-9686
-11421
-10274
-9122
-10753
-11434
-9282
-5720
-3546
-1190
554
2393
5404
8739
9296
6986
6213
4842
2050
734
2869
1820
-3660
-6866
-7305
-5087
-3300
-2829
-7135
-9076
-7087
-3056
-2452
-2330
-1647
1087
4080
6774
8800
10338
13603
15488
17033
15861
11858
5630
5406
9128
6286
-4094
-10314
-8314
-5634
-4956
-6083
-9773
-13489
-11297
-7503
-8294
-10689
-8955
-5144
-2121
751
2133
2431
4511
8915
10207
6590
2720
1721
3021
3676
1911
-3311
-7354
-6458
-2890
-2689
-5568
-7476
-6786
-4633
-3607
-4366
-5367
-2934
1189
4324
4253
4979
8081
12734
15515
14997
15077
12616
9310
5464
7315
6271
477
-7111
-7656
-5506
-4600
-5713
-7662
-9884
-10835
-8403
-7988
-8952
-9523
-5759
-3357
-1369
195
2322
3946
6565
8719
7106
5127
4119
2975
1319
1855
1631
-2777
-6523
-6229
-3720
-3769
-4378
-5664
-6431
-6653
-5045
-3928
-2871
-968
1386
2452
3289
6297
9674
11398
12036
12752
14170
13058
8881
4111
5058
6422
1717
-6235
-8622
-6148
-4555
-4678
-7086
-10210
-11502
-8032
-5869
-6831
-8526
-6171
-3252
-802
1124
2639
3421
5338
8128
7503
3858
1734
2525
3944
2762
-936
-5438
-5875
-2964
-816
-2259
-4907
-5774
-4703
-3226
-3192
-3507
-3262
-937
1071
2268
2550
5432
8715
11032
10635
11268
11537
9486
4775
3099
5135
3465
-2869
-7506
-5839
-4006
-3174
-4222
-6384
-9339
-8067
-5015
-4396
-6585
-6447
-3878
-1497
503
2072
2846
3411
5892
6976
5057
3381
2366
1099
936
1957
-981
-6024
-6080
-3360
-2033
-2993
-3839
-6024
-6130
-3636
-758
-919
-1595
-998
688
2461
4929
7314
8124
8986
9897
11330
11155
8728
3404
2109
4896
3506
-4911
-9646
-6496
-3191
-3373
-5005
-7714
-10020
-7263
-3032
-3469
-7051
-6247
-2465
366
1546
2711
3201
4343
7380
7826
3914
856
2950
4458
2109
-2023
-4630
-4999
-3169
-1541
-3044
-5490
-5390
-3501
-2852
-3307
-3358
-2564
-1363
231
1369
1990
4122
7425
9145
8986
9159
10644
9032
5112
1840
3374
3387
-687
-6544
-7123
-4459
-2149
-2595
-5016
-7484
-7479
-4074
-2346
-3694
-5552
-3350
-572
1343
2009
3073
3796
5540
7006
5227
1485
407
2649
2922
15
-3802
-5680
-4822
-3319
-3110
-4712
-5699
-5891
-4506
-3203
-2334
-2128
-1812
-866
785
2619
3636
5790
7297
8428
8438
10123
11101
9627
4488
1714
3890
4076
-1853
-7868
-6312
-2980
-1709
-3841
-6172
-8445
-6459
-2583
-1899
-5544
-6637
-3210
151
1214
1321
1986
2843
5761
6988
4907
800
576
2434
3172
326
-4010
-6439
-4603
-1357
-1401
-4625
-6772
-5427
-2629
-1182
-1798
-3036
-2805
-537
1964
2796
3020
4800
6994
8272
8413
9468
10270
8312
3601
2058
4100
2947
-3287
-7061
-4724
-2174
-2354
-4292
-6130
-7288
-4935
-1804
-2539
-6359
-6194
-2189
441
845
1381
2026
2971
5670
6055
2623
336
2685
3659
1338
-1938
-3698
-4477
-2565
-926
-2708
-5810
-5500
-3229
-2528
-2883
-2791
-2341
-1863
49
1234
2052
3346
6171
6899
6793
7592
9881
9637
5963
2099
2775
5006
1840
-4507
-6336
-2618
-775
-2038
-4460
-6321
-6532
-3206
-970
-3507
-6750
-4944
-1228
166
526
1203
1842
2985
5259
4464
1053
-31
2688
2994
-581
-4168
-5155
-3594
-1229
-653
-3734
-5647
-3990
-816
-590
-1762
-2715
-2199
-812
1240
2133
2427
3960
6115
7489
7424
8545
8916
6827
2495
1862
3604
2263
-3307
-6272
-4041
-1330
-1350
-3345
-4917
-5453
-3527
-1403
-2258
-5232
-4795
-1415
502
456
866
1593
2674
4516
4750
1803
-568
646
2671
993
-3264
-6019
-4876
-2073
-691
-2638
-5529
-5011
-1499
692
-802
-2595
-2767
-592
1743
2875
2124
3212
5889
7934
7732
7552
8353
6839
3533
1489
3546
2102
-2766
-6570
-4245
-1808
-1346
-3069
-4812
-5511
-3642
-1162
-2074
-4706
-5209
-1737
300
927
690
1608
2585
4749
5225
2338
-343
631
2842
1565
-2244
-5587
-5484
-2843
-841
-2279
-5168
-5360
-2611
-424
-980
-2400
-2433
-1063
1343
2429
2645
2718
5156
7022
7930
7695
8274
6953
3791
2166
3651
3498
-1772
-5881
-5191
-1669
-1412
-2602
-4752
-5383
-4587
-1990
-1932
-4329
-5037
-2462
75
469
929
1448
2457
4072
5256
3055
394
714
2559
1811
-741
-3185
-4045
-3101
-1416
-1912
-4368
-5440
-3739
-1961
-2230
-2928
-2859
-1638
176
1971
2045
1932
3796
6439
7343
6762
7222
7711
5895
2973
3210
4531
1626
-3681
-4813
-2161
-1062
-1951
-3195
-4528
-5238
-3364
-1604
-2974
-4938
-3656
-1261
-734
-253
949
1539
2169
3897
3651
883
65
1731
2180
322
-1847
-3698
-3929
-2021
-864
-2730
-4669
-3698
-1497
-947
-1768
-2083
-1762
-306
1562
2349
1406
2456
4865
6599
6585
7540
7162
4403
1972
3360
4901
1269
-3969
-4837
-1695
-621
-1379
-3068
-4302
-4407
-1963
-1144
-3343
-5024
-3188
-775
-298
54
604
1351
2346
4151
3526
966
-75
1369
1708
13
-1902
-3235
-3252
-2063
-1609
-3408
-4467
-3336
-1549
-1481
-2080
-2448
-1596
53
1751
2028
1636
2533
4650
6336
6710
7318
6976
4491
2014
3305
4827
1663
-3592
-4523
-1898
-688
-1754
-3332
-4401
-4376
-2410
-1355
-3233
-4880
-3080
-673
-420
-233
641
1497
2432
4089
3478
1233
506
1951
1794
-212
-1723
-2153
-2048
-1774
-2161
-3895
-4257
-2694
-1441
-2622
-3521
-3030
-1233
113
1170
1060
1150
2579
5077
6187
6269
7134
6883
4263
2412
4234
4733
1300
-2655
-2804
-1499
-1021
-1761
-3019
-4367
-4043
-2274
-2234
-4246
-4826
-2853
-1380
-905
-274
384
1106
2762
3962
2637
1082
1513
2282
1217
-627
-1716
-1880
-1213
-1257
-2585
-4140
-3523
-1905
-1314
-2443
-3198
-2700
-1171
644
1463
1212
1164
3067
4928
6357
7064
7351
5150
2752
2649
4493
3357
-612
-3166
-2500
-1368
-1449
-2198
-3802
-4759
-3714
-1934
-2981
-4800
-4345
-2079
-871
-171
360
770
1735
3786
4182
2271
1364
2328
2389
696
-714
-1495
-1620
-1000
-976
-2891
-4438
-3547
-1904
-1983
-3025
-3351
-2777
-1325
650
1492
1094
1658
3641
5218
6318
7562
6970
3979
2270
3928
4797
1914
-1725
-2385
-1521
-917
-1276
-2649
-4641
-4637
-2779
-2184
-3808
-4780
-3815
-2450
-950
326
755
627
2070
3465
2987
1950
2205
2139
1120
500
89
-879
-1215
-597
-1018
-2613
-3582
-3233
-2992
-3137
-3244
-2986
-2466
-999
621
1088
1164
2480
4140
5030
5881
6744
5670
3404
3020
4693
4249
1143
-1265
-959
-455
-585
-1354
-2803
-4478
-4045
-2753
-3114
-4222
-4050
-3119
-2521
-1034
158
413
381
1885
2593
2026
1582
2000
1624
765
500
25
-597
-903
-941
-1668
-2157
-2327
-2465
-2970
-3047
-2623
-2221
-1497
-465
440
709
1625
2781
3885
4905
6266
5937
3888
2685
3766
4596
2538
-255
-1176
-372
-166
-429
-1704
-3227
-3710
-2667
-2596
-3780
-4228
-3475
-2574
-1890
-910
-581
-206
773
2262
2352
1375
884
1353
1564
1091
627
-179
-544
-453
-686
-1695
-1810
-1660
-2118
-2904
-3096
-2529
-1645
-729
-245
526
1074
2129
3015
3930
4697
5865
5090
3130
2744
4144
3985
1716
-87
-538
-115
-12
-458
-2058
-3456
-3463
-2507
-3047
-4311
-4446
-3590
-2621
-1496
-843
-1246
-810
704
1992
1648
756
124
436
968
1162
475
-555
-626
92
155
-716
-1202
-1355
-1187
-1331
-1643
-1995
-1263
-110
967
1392
1566
2204
3386
4681
5115
4304
2593
2421
3285
3221
1494
346
-101
-227
-161
-301
-1387
-2711
-2920
-2687
-2953
-3708
-4015
-4012
-3368
-2011
-894
-1044
-1207
-453
389
1056
1250
561
-272
373
1286
1350
981
664
170
10
236
-75
-760
-1193
-1069
-1136
-1221
-915
-356
81
792
1636
1932
2373
3204
3757
3293
2594
2231
2511
2500
1627
712
537
445
-8
-271
-812
-1663
-2222
-2328
-2669
-2995
-3047
-3108
-3234
-2808
-1779
-1095
-866
-633
-172
323
577
333
176
521
623
423
560
783
552
462
487
114
-472
-648
-678
-725
-661
-466
-515
-404
208
1000
1370
1874
2481
2978
3062
2697
1957
1980
2638
2245
1035
427
411
221
259
-16
-974
-1886
-1904
-1966
-2374
-2692
-2797
-3020
-3088
-2488
-1745
-1159
-690
-423
-747
-605
369
806
225
-37
397
765
1001
864
588
685
1217
1081
198
-677
-760
-188
274
81
-552
-782
-178
702
1119
1290
1571
1776
1818
1618
1177
1155
1686
1619
642
83
193
442
476
358
-536
-1431
-1536
-1158
-1385
-1841
-2056
-2221
-2266
-1764
-1042
-774
-513
-215
45
-60
-23
84
444
436
418
308
360
574
973
974
628
316
-80
-473
-615
-448
-386
-418
-694
-838
-703
-125
458
810
795
729
968
1320
1263
1035
1155
1371
1117
588
362
700
953
868
220
-461
-796
-447
-275
-673
-1296
-1602
-1614
-1258
-632
-464
-556
-414
38
-116
-337
-303
-72
-83
75
93
-3
52
407
717
778
548
74
-426
-514
-311
-288
-537
-873
-1106
-1140
-813
-332
4
-1
16
10
144
363
819
1001
842
623
703
870
959
1147
1068
716
398
483
482
373
184
-21
-401
-451
-280
-138
-200
-184
85
221
288
13
-296
-392
70
136
-131
-547
-446
-135
399
536
201
-298
-509
-405
-452
-657
-1002
-1159
-1430
-1575
-1661
-1265
-754
-427
-555
-665
-593
-202
250
505
472
345
539
893
1127
1241
1277
972
786
921
1092
1020
664
399
456
540
517
526
514
458
506
739
797
585
203
30
37
212
179
-206
-642
-472
87
222
-35
-449
-707
-767
-655
-832
-1127
-1403
-1595
-1805
-1851
-1621
-1311
-1222
-1288
-1314
-1111
-757
-381
-230
-355
-340
-13
509
919
949
815
824
1078
1382
1638
1472
966
786
1055
1398
1460
1227
1010
1106
1322
1546
1471
1063
631
524
657
653
354
-165
-374
-209
-16
-139
-462
-740
-668
-567
-877
-1301
-1485
-1467
-1515
-1674
-1947
-2022
-1792
-1529
-1508
-1674
-1655
-1283
-887
-778
-786
-720
-462
53
467
388
320
525
822
1199
1474
1278
956
971
1280
1624
1802
1541
1255
1383
1752
1985
1960
1444
937
926
1073
1035
811
504
227
234
242
34
-274
-424
-449
-560
-1023
-1474
-1652
-1573
-1426
-1503
-1882
-2151
-1931
-1619
-1493
-1579
-1704
-1647
-1336
-1080
-1025
-893
-592
-315
-146
-40
26
226
539
828
843
711
652
816
1144
1379
1436
1355
1315
1495
1784
1892
1746
1436
1140
1095
1231
1295
1122
905
772
753
741
573
298
130
43
-117
-482
-961
-1214
-1164
-1022
-1121
-1498
-1904
-1977
-1748
-1580
-1674
-1938
-2134
-2011
-1681
-1355
-1127
-977
-856
-660
-394
-139
103
321
472
578
664
752
876
1068
1251
1368
1354
1280
1275
1371
1444
1424
1278
1062
980
1023
1076
1075
1075
1033
979
861
691
561
560
526
319
-101
-514
-713
-632
-551
-735
-1139
-1553
-1683
-1580
-1494
-1676
-1930
-2139
-2024
-1749
-1479
-1358
-1257
-1100
-852
-564
-352
-147
2
198
362
534
678
817
901
1023
1154
1278
1277
1199
1076
1029
1089
1102
1010
867
803
825
992
1094
1111
991
851
717
696
720
682
473
103
-261
-421
-362
-298
-430
-849
-1269
-1452
-1379
-1314
-1444
-1742
-1977
-1935
-1658
-1379
-1242
-1192
-1130
-957
-674
-413
-241
-116
36
249
442
602
710
773
853
994
1050
1016
959
838
762
816
897
857
745
596
594
771
1042
1163
1019
790
711
816
948
939
637
216
-37
-45
-6
-69
-311
-688
-1011
-1140
-1160
-1242
-1408
-1608
-1766
-1753
-1589
-1426
-1358
-1272
-1137
-956
-751
-576
-445
-269
-7
266
433
518
602
728
886
1014
1022
911
812
769
784
799
775
691
567
524
619
741
839
861
789
719
753
860
871
753
530
272
124
114
72
-98
-350
-609
-814
-968
-1093
-1253
-1390
-1465
-1490
-1503
-1489
-1395
-1266
-1149
-1021
-893
-764
-557
-340
-161
6
230
424
559
680
775
880
996
1048
968
867
820
810
775
686
566
455
425
439
451
460
506
546
553
559
560
554
532
440
278
127
55
20
-74
-234
-449
-636
-774
-900
-1046
-1204
-1283
-1302
-1298
-1311
-1312
-1256
-1125
-920
-741
-617
-494
-325
-109
139
352
488
583
692
834
963
1035
1017
952
893
879
853
721
560
444
403
404
366
241
142
197
319
398
388
315
287
339
352
254
123
30
-5
-39
-178
-374
-519
-609
-713
-867
-1047
-1150
-1129
-1097
-1149
-1240
-1258
-1145
-937
-760
-656
-547
-365
-106
150
337
456
572
715
876
1017
1077
1076
1038
1017
1027
1010
902
722
555
472
449
389
260
125
97
164
219
183
100
76
159
221
147
-11
-145
-168
-140
-207
-400
-577
-675
-718
-763
-900
-1039
-1070
-1032
-1034
-1092
-1158
-1130
-954
-749
-599
-493
-360
-141
126
352
491
585
703
865
1009
1083
1072
1032
1033
1054
1033
927
748
602
525
463
376
223
96
79
135
161
101
15
-11
64
130
65
-82
-187
-187
-145
-197
-381
-572
-662
-639
-627
-729
-872
-948
-918
-864
-885
-979
-1014
-924
-744
-553
-410
-283
-155
29
227
407
558
640
689
715
769
844
897
885
833
785
738
692
604
474
344
256
201
174
170
166
166
181
196
182
175
151
90
32
0
-20
-71
-153
-268
-361
-397
-436
-512
-634
-762
-837
-850
-840
-867
-910
-928
-898
-797
-656
-478
-306
-177
-68
56
212
386
513
550
542
560
648
753
791
741
658
596
583
574
496
363
237
171
195
256
278
244
198
184
218
266
256
178
81
40
36
24
-42
-169
-245
-272
-292
-333
-445
-589
-677
-713
-730
-754
-816
-870
-856
-778
-657
-515
-405
-313
-213
-98
57
220
318
343
347
372
474
597
648
595
503
444
450
492
470
357
219
158
199
302
366
327
232
197
248
325
362
292
179
126
137
143
79
-48
-148
-162
-143
-172
-289
-443
-556
-591
-613
-666
-757
-847
-851
-772
-672
-584
-504
-424
-314
-192
-68
46
118
162
183
242
364
505
546
468
362
313
372
447
417
278
142
112
209
355
418
344
242
218
268
357
388
332
245
195
213
240
214
115
14
-45
-51
-77
-180
-321
-452
-520
-534
-569
-651
-726
-719
-636
-541
-493
-478
-436
-327
-175
-50
12
10
13
64
156
269
343
331
244
171
171
237
285
233
104
6
26
153
294
330
283
227
228
285
340
356
342
326
290
259
249
223
174
120
72
26
-27
-109
-228
-326
-364
-373
-415
-498
-573
-567
-475
-379
-349
-371
-349
-242
-87
32
42
-7
-25
32
134
226
254
212
147
86
74
108
132
90
-24
-121
-128
-46
51
80
42
8
51
139
191
209
214
244
276
275
257
242
237
236
215
168
112
58
-8
-73
-134
-193
-253
-319
-385
-401
-364
-314
-293
-298
-271
-177
-57
18
23
-7
-3
84
189
232
228
196
158
133
117
101
80
29
-55
-138
-197
-205
-166
-146
-146
-147
-122
-78
-31
7
29
83
153
167
162
189
239
276
294
260
196
152
129
97
40
-32
-114
-203
-273
-281
-251
-228
-229
-241
-225
-150
-37
27
25
14
44
138
226
262
250
247
281
314
272
171
99
78
46
-45
-179
-282
-298
-251
-245
-291
-330
-315
-264
-219
-194
-167
-93
-11
37
73
121
179
230
254
234
205
200
184
132
50
-35
-94
-123
-145
-154
-162
-169
-156
-118
-55
10
55
52
51
114
205
282
300
280
289
359
422
381
271
191
154
122
39
-117
-255
-300
-288
-306
-378
-451
-455
-405
-369
-372
-392
-338
-208
-102
-33
22
72
125
179
196
195
203
204
159
67
-2
-25
-46
-84
-125
-148
-127
-51
-8
-26
-29
16
81
147
188
221
254
288
320
355
421
485
484
402
308
269
249
177
17
-161
-270
-267
-257
-327
-414
-456
-431
-383
-361
-380
-376
-282
-151
-60
-22
-1
38
111
180
194
150
98
51
-9
-60
-112
-196
-284
-322
-289
-222
-159
-149
-184
-190
-93
48
134
165
192
251
352
456
526
553
583
583
539
502
479
434
327
170
-4
-116
-132
-150
-237
-363
-451
-450
-410
-397
-415
-414
-337
-189
-85
-54
-36
12
90
162
162
109
55
8
-37
-87
-154
-248
-356
-421
-414
-349
-275
-237
-269
-285
-196
-38
103
168
189
231
328
456
567
609
610
591
575
573
559
477
343
203
84
-5
-68
-142
-251
-338
-373
-387
-383
-369
-352
-330
-258
-139
-25
46
67
74
129
223
247
188
85
9
-21
-47
-128
-276
-428
-506
-498
-439
-408
-419
-439
-422
-327
-174
-29
47
93
164
270
404
518
570
577
575
580
579
555
481
369
268
170
64
-45
-131
-173
-224
-288
-345
-353
-320
-248
-178
-124
-48
60
151
190
220
266
304
294
218
112
43
15
-48
-184
-362
-496
-544
-544
-538
-566
-617
-629
-565
-457
-328
-191
-84
-16
77
212
353
464
541
565
564
567
582
580
520
414
301
202
100
17
-65
-132
-180
-249
-303
-309
-251
-179
-115
-46
37
125
215
286
333
378
400
366
277
204
165
120
26
-143
-328
-463
-526
-560
-593
-637
-696
-736
-705
-599
-467
-341
-233
-142
-49
89
249
372
445
493
519
521
523
524
500
430
337
237
129
38
-32
-77
-113
-168
-233
-245
-180
-82
-11
31
80
157
263
353
396
406
404
385
339
258
176
110
19
-126
-306
-469
-564
-601
-627
-677
-747
-796
-767
-648
-517
-413
-307
-196
-77
79
232
334
405
470
516
530
531
522
508
454
349
238
130
48
13
-25
-105
-186
-229
-208
-138
-63
-12
26
84
175
273
362
421
432
414
389
358
310
233
117
-12
-144
-283
-405
-513
-603
-673
-708
-734
-767
-761
-680
-557
-431
-308
-196
-87
57
221
342
406
454
503
524
520
517
504
447
345
242
150
77
20
-47
-143
-234
-267
-236
-164
-87
-32
10
86
201
316
386
412
428
434
428
408
345
236
104
-19
-125
-237
-364
-498
-625
-694
-715
-748
-796
-803
-708
-563
-419
-304
-220
-117
42
238
383
442
453
469
515
557
558
511
429
339
260
188
111
35
-46
-135
-223
-282
-281
-209
-123
-78
-45
33
169
292
354
388
412
420
421
408
336
238
137
17
-109
-218
-328
-457
-587
-673
-697
-723
-759
-761
-692
-560
-412
-299
-213
-97
60
234
364
430
460
485
522
552
555
506
424
335
252
181
122
51
-54
-166
-253
-291
-282
-241
-206
-179
-124
-13
121
224
274
304
340
383
417
403
333
258
186
89
-14
-105
-206
-342
-485
-570
-599
-609
-637
-665
-650
-556
-404
-287
-214
-124
28
196
313
372
400
447
512
552
517
440
374
335
282
200
115
25
-73
-149
-205
-258
-282
-267
-237
-211
-160
-69
42
131
200
241
256
292
335
346
306
234
141
70
11
-74
-172
-286
-385
-461
-516
-550
-563
-556
-523
-472
-400
-302
-199
-70
81
210
285
327
383
471
539
544
492
417
373
346
293
201
102
23
-50
-146
-230
-262
-266
-257
-251
-243
-197
-107
-2
80
128
168
209
255
286
287
249
186
122
72
9
-66
-171
-285
-365
-417
-468
-519
-541
-520
-467
-417
-360
-285
-182
-57
79
189
261
321
382
450
513
529
483
418
365
322
274
200
100
2
-80
-146
-205
-227
-223
-213
-209
-188
-130
-43
67
145
152
137
174
247
314
307
239
149
91
55
16
-64
-175
-287
-385
-457
-480
-491
-518
-527
-499
-436
-359
-269
-179
-74
45
160
242
305
363
433
492
510
474
403
332
288
244
172
75
-6
-88
-175
-227
-229
-208
-184
-171
-163
-126
-34
83
167
184
155
162
229
307
312
244
146
79
53
27
-37
-147
-270
-355
-392
-416
-432
-458
-466
-425
-367
-308
-238
-144
-54
33
117
195
265
333
393
424
425
409
371
292
219
152
84
16
-51
-137
-215
-252
-235
-191
-168
-159
-152
-119
-44
66
153
194
185
194
257
330
338
279
198
128
89
62
16
-81
-209
-299
-324
-326
-347
-396
-427
-398
-332
-264
-221
-173
-106
-28
50
133
214
259
278
309
341
347
301
216
143
98
43
-21
-88
-148
-202
-245
-232
-188
-153
-138
-120
-91
-36
51
146
196
216
229
262
310
338
313
253
189
142
109
56
-26
-122
-195
-237
-259
-282
-316
-348
-332
-280
-238
-209
-187
-146
-80
9
97
139
150
175
236
285
279
228
167
114
66
15
-60
-135
-179
-213
-241
-252
-237
-204
-176
-130
-86
-38
17
82
134
198
261
288
307
328
348
318
263
217
195
150
83
-6
-94
-148
-170
-197
-249
-295
-295
-264
-224
-187
-163
-137
-94
-18
61
107
117
145
192
218
216
194
144
100
70
11
-80
-164
-201
-222
-252
-287
-295
-282
-256
-217
-156
-103
-67
-18
52
134
212
253
275
309
333
321
304
290
269
220
154
85
14
-49
-76
-95
-145
-199
-232
-221
-184
-136
-118
-125
-109
-36
54
97
101
110
146
189
197
163
125
103
69
10
-87
-163
-201
-213
-251
-309
-342
-333
-291
-249
-211
-178
-145
-98
-24
64
145
186
192
213
262
308
323
310
276
228
182
138
82
33
-3
-29
-63
-115
-142
-126
-86
-69
-82
-108
-97
-29
53
96
105
123
155
190
214
198
143
98
60
1
-71
-135
-173
-205
-242
-294
-340
-360
-350
-307
-269
-238
-206
-162
-94
0
80
134
178
220
254
283
313
317
290
251
203
144
92
65
48
22
-27
-85
-131
-130
-100
-76
-84
-108
-110
-59
6
60
109
146
167
176
199
218
197
142
57
-24
-71
-98
-147
-223
-273
-287
-304
-330
-347
-346
-320
-279
-227
-184
-132
-58
48
148
214
237
251
296
357
378
337
288
239
206
168
118
74
41
-2
-65
-111
-133
-129
-122
-142
-150
-126
-85
-38
8
46
90
110
103
112
136
144
111
47
-8
-35
-66
-114
-155
-187
-227
-273
-301
-311
-307
-297
-257
-207
-158
-115
-49
39
124
185
229
258
284
316
340
344
318
273
215
171
139
106
63
5
-49
-77
-109
-121
-126
-146
-163
-151
-119
-83
-46
-4
22
41
63
82
99
105
84
36
-6
-22
-42
-92
-144
-170
-194
-222
-232
-244
-256
-254
-225
-183
-141
-100
-48
27
110
180
205
227
271
317
342
334
293
262
242
216
171
115
64
7
-38
-70
-90
-115
-131
-148
-154
-155
-138
-124
-102
-78
-66
-36
-1
39
75
90
68
41
21
12
-9
-59
-108
-151
-182
-203
-207
-198
-212
-221
-194
-161
-126
-90
-48
-3
59
135
189
225
264
300
308
309
276
240
226
216
181
120
58
22
8
-27
-65
-113
-170
-203
-196
-194
-182
-146
-98
-65
-25
19
51
75
91
107
105
96
69
39
5
-32
-66
-92
-137
-167
-189
-202
-221
-239
-218
-201
-170
-103
-31
29
77
141
195
223
267
284
282
281
273
230
201
201
164
79
6
-20
-30
-62
-118
-176
-217
-201
-191
-199
-205
-176
-145
-104
-54
-7
81
131
151
159
130
123
113
86
32
-19
-57
-101
-132
-167
-195
-220
-229
-212
-182
-158
-132
-84
-33
25
89
157
216
269
304
337
370
364
333
266
230
208
141
36
-56
-92
-109
-150
-214
-263
-297
-311
-322
-324
-306
-256
-208
-184
-115
-29
40
105
148
177
177
184
191
157
125
106
55
27
-2
-32
-79
-124
-132
-116
-102
-119
-116
-110
-73
-8
48
81
114
151
212
233
248
244
226
237
194
174
95
78
48
14
-66
-145
-187
-262
-326
-362
-363
-297
-228
-184
-147
-85
-48
23
23
19
26
20
102
107
232
266
314
275
219
202
147
78
-65
-142
-161
-132
-84
-88
-12
-22
81
-141
-416
-593
-639
-504
-387
-123
248
752
1071
1219
1035
868
167
-340
-725
-824
-716
-541
-67
424
948
973
866
337
-229
-899
-1328
-1461
-1130
-570
101
878
1136
1495
846
0
-796
-1404
-1665
-1770
-1235
-408
802
1455
1934
1920
1667
968
143
-711
-1198
-1291
-1179
-609
-149
525
840
959
621
178
-423
-849
-1117
-1089
-623
-80
597
1002
1304
1235
1014
461
-29
-468
-674
-652
-510
-225
-112
41
-179
-246
-482
-567
-561
-564
-286
-124
241
448
597
610
444
303
56
-132
-162
-166
4
139
303
491
523
562
313
208
-120
-412
-664
-691
-513
-283
-96
129
415
581
414
-30
-363
-589
-668
-723
-699
-302
130
678
875
1055
977
699
292
-333
-723
-1159
-1040
-867
-246
260
733
979
824
525
58
-448
-719
-721
-670
-191
179
471
635
462
437
61
84
-253
-272
-288
-293
-206
-436
-201
-367
-36
49
392
558
745
444
490
120
97
-113
-214
-59
-190
284
80
408
82
193
-38
-186
-409
-500
-486
-464
-534
-382
-210
-126
101
-52
173
-58
236
74
49
60
-3
208
77
143
24
258
243
210
204
-19
-43
-149
-97
-312
-23
-259
207
71
132
34
-72
60
100
65
-188
-14
198
552
350
247
63
388
188
205
-302
-114
-179
-256
-141
-413
-112
-337
-144
-307
-380
-470
-382
-336
-113
-142
47
206
306
413
-29
155
-31
135
13
-189
177
131
206
-72
-22
1
-18
-166
-378
-207
-10
210
312
339
393
281
181
118
-21
10
-58
111
421
484
520
115
331
151
175
-307
-459
-296
-358
-220
-404
-225
21
-104
-169
-559
-586
-575
-598
-443
-357
147
114
347
175
396
452
445
98
1
37
7
101
23
-21
-173
116
43
304
-62
106
-41
24
-104
-511
-134
-93
547
392
431
268
953
342
501
-47
13
-32
-379
-114
-338
229
-130
24
-217
-128
-69
-160
-597
-523
-266
-556
-122
-430
-32
7
154
-16
-152
46
52
145
-52
-288
402
468
193
-1
112
528
51
96
-569
-47
145
-120
44
-19
158
254
277
3
-287
7
43
230
379
-21
515
218
238
-59
-49
-182
211
22
107
89
-79
-171
-357
-416
-371
-256
-430
-23
-557
-94
-386
-49
-188
-152
-144
-131
345
239
164
166
312
-45
163
-741
353
268
570
51
-105
742
356
41
-828
-149
-243
-66
-180
66
429
279
138
128
215
-12
-308
-301
-336
528
195
360
233
409
-126
150
-81
121
-192
-329
-69
-252
248
-644
-223
-712
-149
-539
-430
-292
627
269
-145
-285
-103
559
-266
236
-96
671
298
86
573
98
73
-532
-298
-10
374
34
-261
-66
525
386
-261
-487
93
84
134
-254
-79
711
223
517
-836
240
144
642
-41
-732
206
-68
683
-404
-314
-645
264
-131
-217
-712
-356
2
-173
-342
-492
291
-241
149
-263
196
257
206
126
-92
527
543
207
38
26
317
130
22
-39
-78
94
49
-122
-202
251
-46
38
-558
29
-23
314
160
118
-52
315
1
107
-167
211
503
-276
144
-399
272
-350
-92
-437
-193
68
-208
35
-311
-139
-114
-409
-218
-559
152
-87
12
48
-46
496
809
358
-178
-156
27
304
-232
185
199
359
156
20
8
-261
-337
-430
-471
297
151
35
141
-72
521
16
381
183
132
-10
-144
328
-3
10
-179
137
-294
354
-371
97
-402
-320
-229
-364
-135
-238
-226
-54
186
-259
143
-292
485
84
432
-75
-149
464
-242
335
-305
345
185
234
-76
71
-180
78
-182
-284
-115
-154
263
-120
-165
-515
-147
387
61
346
-26
175
472
334
159
106
31
70
-28
-335
-373
-268
408
125
150
77
-120
44
-86
-621
-678
-691
-209
128
49
637
-104
723
-126
-178
291
-598
874
-333
180
228
371
192
-84
138
-373
77
-177
-77
-260
-74
-340
-181
-45
-401
-117
-92
591
53
334
38
285
506
-38
67
-86
-219
87
32
175
-26
-173
-464
-48
311
183
-514
-67
-621
272
-428
-254
433
-365
76
-44
220
215
3
404
56
511
-105
269
13
-41
204
-30
151
-521
180
-142
469
-445
-183
-684
54
43
-231
160
-238
411
131
11
-94
180
226
99
-36
-201
105
21
-53
-29
-57
336
-89
145
8
351
-363
-291
-35
-100
209
-421
-228
-195
527
395
137
-292
56
-207
767
-306
-465
-370
-142
908
-49
463
-436
624
-59
32
-461
-522
-80
-30
146
-171
-330
142
100
62
-10
78
-113
287
-376
-35
-69
-140
583
0
457
164
191
-166
168
-9
-392
-40
-154
432
-281
282
-809
295
-468
176
-8
-137
-48
-104
885
-532
607
-656
693
-173
-50
-403
-36
-148
-43
170
-324
632
-415
298
-611
-6
-98
-162
280
-382
255
-123
200
331
-189
184
91
145
-124
56
281
203
42
-182
268
-267
538
-257
-119
-180
25
364
-721
486
-632
325
-801
-272
662
-36
549
-311
321
184
144
95
-193
1
566
26
-214
-6
-203
295
-282
-185
-196
-86
-343
-312
-382
-110
-206
-42
-213
22
543
-286
526
-85
210
237
462
19
87
-2
252
70
127
214
-269
54
-419
686
-346
105
-737
270
-54
-96
31
-253
98
-46
-147
107
73
342
141
-14
479
-434
831
-900
459
-314
110
-290
-393
-185
-194
338
-60
-313
-127
271
-9
60
-789
307
-153
402
-514
134
-158
774
-3
277
-128
290
329
-505
586
-552
614
-294
297
-175
115
154
165
-265
71
-102
-303
125
-1050
121
-337
445
557
370
97
-126
121
-478
239
-222
335
-135
-58
385
-358
253
-967
-293
-8
-294
304
-60
57
3
-56
-25
249
-480
277
-226
500
177
-59
-44
-140
414
69
457
-185
343
-73
-169
170
-178
-145
189
-45
109
-228
-301
59
76
-115
-143
-242
257
238
-62
-173
-189
204
208
162
415
46
-175
-112
-257
148
262
-387
-415
33
-94
319
-303
-419
90
-191
59
-230
-47
152
-61
597
-150
133
-63
267
-104
507
-112
37
208
-111
466
-770
352
-187
349
-31
266
-117
44
-313
-190
174
-507
270
-522
442
125
132
1
-107
267
-175
-203
-262
31
145
327
26
-116
385
-190
-57
-423
-329
-118
100
42
129
-87
-134
316
-260
-59
-227
166
399
711
-345
721
-488
395
-293
-177
349
-340
99
201
27
98
128
-621
467
-659
391
-574
-65
-70
-184
-92
363
-518
-120
247
-151
661
56
-194
334
-417
311
-3
181
160
-140
-142
-235
-231
3
319
-679
735
-447
-68
-169
-370
326
75
66
63
123
428
219
164
-149
-677
293
241
329
503
-133
157
83
-53
9
-393
-202
-154
-714
356
-367
131
243
-540
300
-285
-66
178
-298
273
-252
59
472
-280
460
81
73
275
-240
-259
120
-553
557
-791
176
-89
67
36
211
23
379
-96
-418
97
-114
682
-507
768
-47
343
91
54
30
234
-319
29
-62
-148
235
-689
127
-155
178
157
-319
-345
352
-350
182
-203
-224
164
-320
202
118
265
64
151
-11
-118
115
-141
-179
-125
-55
-10
133
-163
-281
-27
194
139
-181
-71
-251
206
345
-241
700
-413
288
228
-245
841
-554
186
247
-61
74
-99
-258
-213
21
-264
-73
-334
74
-35
326
-154
53
79
-586
512
-297
141
208
-40
44
229
-664
668
-254
465
137
-157
-239
-45
-87
-201
244
-323
-239
-13
207
-266
124
-146
-321
374
-449
70
337
252
728
-181
76
467
486
-434
-98
213
-180
555
-942
64
-397
225
36
-427
-119
-263
162
98
-135
98
67
-241
-6
-53
-226
444
-173
41
492
52
430
-60
20
15
-70
206
64
-139
-230
-147
-133
288
-302
-50
-342
-317
481
-246
373
-450
171
-210
165
42
-121
542
163
295
297
-317
-65
-13
44
-36
-139
232
-63
-189
-263
-316
-150
104
-14
175
-87
-117
274
-588
530
-87
391
224
-586
381
-214
449
-34
-134
31
139
195
-62
-166
-77
222
-458
-3
-9
-97
259
-437
-152
-234
70
290
196
-28
123
95
345
27
96
-281
115
-19
-4
-5
3
-35
176
-269
-87
-167
-118
396
-747
-43
-393
-171
337
302
-46
682
-673
641
-349
-161
483
-1
124
458
-294
-167
-97
-236
78
201
2
128
449
-258
154
-705
-117
-456
164
38
233
-123
95
14
140
115
-496
-19
615
149
362
-401
-56
421
-191
101
-194
117
152
-82
-609
-299
-334
13
209
-145
147
-13
158
-122
61
-179
21
351
120
11
83
-122
-42
511
-648
674
-446
320
-337
-35
349
-318
101
-466
70
42
361
-214
187
-439
124
-105
-134
-66
445
76
362
206
-44
202
413
-145
-70
-291
76
38
-365
16
-263
-114
230
-117
-150
30
-576
503
-272
-319
535
-280
-89
76
-176
794
190
-195
419
33
67
-10
-402
-529
540
-780
286
-44
327
295
-212
-90
56
-137
-82
-377
27
107
-125
83
236
436
302
56
-130
366
279
-60
-25
-784
74
-136
-180
397
-281
247
-35
-194
-145
-10
-619
336
-392
4
236
-154
379
-24
-182
333
45
480
186
-204
3
171
-138
131
-371
-16
-154
-153
513
-272
22
-292
-241
156
-263
89
-319
89
301
-205
115
-86
110
261
-49
393
184
-235
530
-463
2
21
-314
278
54
144
9
-291
268
-220
-241
-80
-248
259
14
-34
-210
40
241
-14
17
322
145
-159
272
-362
47
79
42
-135
-181
165
-378
29
-298
-102
239
14
74
25
-122
339
-241
-198
340
-28
345
-189
-46
158
-18
109
-83
-71
241
116
54
-290
-19
-62
-310
52
-179
147
152
-60
130
144
-481
110
-168
30
635
-150
-238
490
-82
419
-271
-204
-175
86
77
-345
301
-33
-53
-114
-110
-61
215
-277
68
12
-89
75
12
-176
366
-89
102
316
-51
188
-196
-86
186
-44
117
-402
-275
85
-191
137
7
-175
340
121
-85
67
-305
178
73
-7
-140
282
109
-62
-4
-144
-146
168
-114
-30
493
135
-79
-225
-371
138
-64
-177
217
-312
136
-85
-130
-79
148
101
422
188
-372
-95
2
-3
-85
-136
-108
565
-143
281
-161
188
44
-80
-261
-185
-271
132
-54
-541
439
-234
537
194
-239
344
-153
-320
11
-56
-4
300
-219
281
-164
538
-1
226
-318
-187
219
-49
-402
101
-60
-53
457
-509
283
-202
81
-68
-81
-79
100
-136
85
-50
62
455
-82
-98
-171
31
109
24
-190
-238
229
-35
-129
161
-126
66
388
-96
48
98
-149
-94
-45
-342
248
94
173
75
-185
-175
328
6
-30
63
11
59
-19
143
-246
79
15
-142
68
-74
108
-16
49
-93
-242
-215
132
-109
358
50
215
-336
-230
161
32
-66
37
-163
-3
242
12
-86
-150
157
-28
93
-195
127
-135
133
-252
136
68
-161
269
-143
302
222
62
-25
131
-282
-166
-294
-44
339
92
189
199
-167
-308
40
-402
242
-181
23
228
171
-195
-213
-190
33
340
-163
204
-236
422
-73
66
-473
-129
162
369
-405
-40
-287
294
130
-153
90
-172
341
33
25
-231
34
-176
41
-80
543
231
150
-2
185
-1
-57
-266
-172
-198
-22
-136
-49
-80
159
73
379
-217
-61
-405
12
-93
31
-221
-64
385
-74
470
-181
411
-273
534
-295
214
-345
-202
-70
374
-278
45
169
-283
350
-37
-64
-463
310
-481
188
-109
-267
349
251
-1
-302
178
-205
518
-181
218
41
418
-647
-51
26
137
272
-182
-341
55
313
-260
-117
-454
500
-225
268
-481
68
-42
506
-136
207
-401
115
146
13
143
160
227
-88
-42
-269
221
181
208
-307
-173
-273
-28
237
51
-289
36
-157
223
-105
-122
23
-97
214
-82
44
59
240
-46
59
-79
-113
132
4
75
18
81
-269
-85
-46
188
150
-1
-508
-165
485
42
85
-225
-84
240
438
-116
-64
-408
326
215
-208
-216
-425
388
260
-112
-107
135
-30
180
-389
-203
-144
164
227
-128
-203
41
-44
136
64
-53
-75
87
205
-50
41
132
-34
128
-190
-117
58
-124
-112
6
223
60
103
-67
-114
-165
76
-90
216
-70
-128
81
66
359
-238
-35
-232
365
-135
76
-529
437
144
148
-356
-41
138
222
30
-365
115
-173
228
-492
215
-134
69
211
4
10
26
54
-296
341
-125
86
-311
-148
121
226
248
-206
173
-38
-19
-382
216
-220
201
-320
38
160
352
-79
-101
-251
410
-102
-4
-195
97
281
135
-345
-68
344
-105
-23
-443
374
120
332
-621
-27
-187
338
-166
-171
-86
202
274
-68
17
-126
217
-369
69
-76
337
-3
261
-234
109
-139
120
-42
-65
-95
-133
46
16
70
-152
-169
260
-206
-104
13
143
76
72
-298
-110
12
376
-79
187
112
293
32
-129
-341
7
188
-77
53
-224
165
-189
18
-100
156
-218
319
-333
283
-280
77
-325
298
-98
144
-24
210
114
-15
188
-80
43
-61
142
-162
240
-274
-215
-84
-101
-39
13
140
47
195
-303
-68
28
-221
150
58
32
87
215
-177
-10
55
153
84
66
56
88
-22
-136
-181
-260
29
86
-17
-22
311
79
-67
-320
-41
121
-184
-234
-103
271
302
-170
-185
161
201
216
-179
108
136
81
-208
-273
205
176
-77
-385
85
-129
345
-322
23
17
119
-165
-30
96
141
217
-245
-108
-127
186
-54
260
-241
251
-269
185
-158
104
-263
81
39
62
78
-270
-221
39
193
-51
55
-48
376
241
-189
-257
-111
145
425
-323
-78
-140
259
88
130
-513
406
269
45
-319
-439
115
105
113
-506
-123
386
447
-124
-540
75
290
285
-533
7
222
352
-183
-359
-71
286
157
-288
-43
195
196
-227
-678
-14
282
117
-11
-86
479
202
123
-423
-157
161
264
-157
-142
183
-94
131
-281
232
-135
215
117
-47
-139
-73
-209
33
238
-127
-41
-213
155
-123
140
-299
265
197
438
-36
-28
74
-56
233
-416
-73
-163
409
-466
-17
-267
190
217
33
-208
74
113
-209
-145
-440
96
60
61
-130
71
213
405
-77
207
15
-68
-52
222
-292
102
15
-27
75
-38
67
-196
37
-76
144
-2
-209
-280
118
107
32
5
-83
-15
203
61
156
-3
63
49
77
-15
-89
-51
-243
20
38
-19
-264
-221
-66
-33
279
-278
-113
-72
138
129
-108
-79
-101
392
-38
82
-164
44
256
382
-128
-135
113
-228
93
-132
-104
79
11
-22
361
-180
-281
134
122
45
137
-179
-82
-104
344
64
118
11
210
-93
-24
-128
-42
-207
-163
57
55
-68
-13
53
-107
25
229
-251
-254
195
3
-55
-74
315
33
94
-180
-6
-77
328
179
-188
-183
-55
72
-285
-121
224
172
124
52
-61
107
-57
70
-441
215
-127
199
-177
41
236
-1
20
128
273
-300
42
-319
22
165
216
4
-328
70
-19
-38
-119
-124
-45
-17
122
70
-242
-131
168
106
-150
215
197
15
-126
-203
220
-172
175
-296
442
-156
247
-339
127
-52
260
-226
-199
28
-36
-19
-317
255
-294
566
144
184
-586
433
-186
183
-134
-31
-145
157
8
-83
107
25
49
-137
36
-77
41
0
-49
-256
43
107
-80
-28
-15
-117
14
-169
144
444
20
-232
177
-124
-23
65
-92
-76
361
180
-107
18
-290
62
10
-34
12
49
-6
-378
154
-43
-37
147
23
-111
160
149
-114
81
-197
-361
-60
254
239
-132
167
49
-26
77
-105
149
142
-71
-385
-76
62
53
-91
-40
230
292
85
-238
-419
327
54
-52
-149
-58
242
-18
-329
-368
250
322
256
-20
6
-181
-28
-104
-206
-3
186
-6
46
156
-153
197
-79
-87
123
242
-316
12
34
224
-165
145
-104
-177
54
8
-82
12
286
-132
122
-109
-101
38
232
-144
70
-43
207
15
12
-60
26
-35
5
-122
-200
106
21
91
-217
48
-168
29
-49
-331
14
276
307
-235
103
-196
49
209
120
84
-193
60
-219
211
91
34
-291
134
250
210
-49
-443
-2
71
122
-187
76
-41
102
2
28
-126
80
98
-94
146
91
5
-106
67
112
-198
-197
-22
137
-37
-266
-401
-58
165
159
22
-226
245
42
91
-327
-229
215
309
59
77
-71
-164
179
-6
-90
-65
-28
117
6
20
-172
-47
32
254
-25
-58
73
-53
-193
-250
14
22
379
122
134
-185
45
86
-33
-18
-101
178
59
380
-150
-408
-326
-41
287
94
102
-226
34
-82
19
-187
28
172
-9
268
-241
-123
2
41
-109
-34
66
163
451
-134
-232
3
210
-29
-167
-326
-3
311
114
-281
-178
210
386
186
-320
-145
-27
146
-184
-253
-22
249
192
82
-69
-28
265
126
12
-245
-73
60
26
-152
-3
57
0
-40
-128
9
-23
-1
-86
13
-11
98
-66
-52
109
139
75
-86
27
-48
174
6
-36
-44
53
-75
81
39
-103
-25
-21
6
-104
51
-162
59
59
-99
-37
-24
34
-1
4
94
27
1
-43
-148
-29
-63
114
25
165
153
-16
28
-131
26
29
1
-98
-3
42
46
22
12
-107
-103
72
-16
-35
10
109
-61
-101
12
23
-35
103
57
-129
-97
69
16
-94
44
-17
21
-70
-84
-13
122
161
5
-163
-155
65
115
56
-5
30
-26
38
40
-171
-196
49
184
87
-50
-14
73
102
-79
-223
-59
110
134
-15
-44
3
152
119
-59
-115
89
136
97
-89
-132
-92
16
37
11
16
108
57
-89
-55
19
-23
-59
31
-57
-44
-45
-63
-5
213
103
-38
-6
56
-49
-185
-63
-152
-24
49
155
-13
54
110
-21
-67
-43
-43
-71
98
52
-20
-70
122
54
-2
6
37
-49
-28
36
-46
1
10
18
8
97
59
-27
-117
-85
10
-1
-5
35
-28
-81
2
-17
-35
3
51
70
71
12
-24
-18
-31
-74
-45
-27
56
103
21
-16
-24
25
-13
5
-23
-50
-77
-11
-25
-44
6
-18
5
17
100
31
34
-37
-59
-43
-39
63
89
85
128
90
-61
-51
-17
13
6
12
-35
-11
16
-52
-79
-56
39
65
32
34
18
-16
-17
-72
-48
27
70
47
36
-11
6
59
72
3
-34
15
8
30
-41
-107
-104
-48
-19
-8
47
4
-27
-22
-44
-51
-12
31
22
48
77
58
26
29
2
-24
20
56
35
32
3
-31
-52
-35
-3
-14
-51
-35
-53
-86
-98
-79
-55
11
92
39
17
-44
-36
1
-4
47
39
42
21
36
-16
-24
23
23
-23
6
59
58
-3
-20
-35
-78
-52
8
31
5
-8
-44
-25
-43
-8
31
63
76
56
29
2
10
-24
-49
-28
17
0
-12
-10
13
3
2
-6
-44
-35
-46
-52
-30
14
38
47
37
14
13
46
42
21
22
16
4
-9
-22
-52
-36
18
35
4
-6
13
31
10
-18
-16
2
34
46
29
-21
-46
-21
1
17
26
33
40
47
28
-5
-22
-22
-26
-17
-10
-7
-3
-6
-25
-23
12
26
14
10
1
-42
-69
-52
-21
2
35
56
54
53
37
-11
-45
-34
-21
-15
2
14
5
3
16
15
-6
-18
-4
15
17
9
4
-17
-45
-38
3
21
9
6
15
7
-24
-42
-35
-13
13
30
24
-4
-26
-18
-4
-12
-10
12
12
-14
-32
-35
-43
-24
13
24
22
43
58
29
-17
-56
-63
-14
25
29
16
10
7
18
27
9
-4
6
12
-12
-14
4
3
0
7
1
-9
4
3
-5
8
5
-2
19
28
-13
-30
1
8
-29
-45
-20
-8
-7
-2
10
30
40
5
-43
-33
-11
-3
-6
-1
5
22
16
-7
4
-4
-32
