2
3
2
4
3
2
2
1
1
1
2
2
1
1
0
1
1
0
0
0
0
0
1
0
-2
0
-1
-1
0
1
-1
-2
-2
-2
-1
-1
-1
-1
0
1
2
1
0
1
1
2
2
2
2
1
0
1
0
1
0
0
-1
-2
-1
-1
-2
-2
-1
-1
-1
-2
-2
-2
-2
-2
-2
-2
-1
-3
-2
-1
-1
-1
-1
-1
-1
-2
0
1
0
0
0
0
0
0
0
1
1
0
0
0
2
1
1
1
2
0
1
1
0
1
1
2
0
0
-2
-1
0
-2
-1
-2
-2
0
-1
0
0
0
0
-1
0
-1
-1
0
-1
1
1
0
-1
-1
-1
-2
-1
-1
-1
0
-2
-2
-2
-2
-3
-1
0
-2
-2
-2
-1
-2
-1
-1
-1
0
0
1
0
1
-1
-1
-1
-1
-1
0
0
1
1
0
1
0
1
1
0
1
1
2
1
0
2
1
2
0
1
3
1
-1
-1
1
2
1
1
0
0
-1
0
0
0
0
0
1
-1
-1
0
0
-1
-3
-2
-3
-2
-3
-3
-3
-2
-1
0
0
0
-1
-1
0
0
-1
1
-1
1
-3
-3
-2
-3
-2
-1
-1
0
1
2
3
2
3
3
5
3
5
3
4
5
1
4
0
1
1
1
-2
1
-1
-7
-3
-9
-9
-11
-10
-6
-8
-3
2
4
5
10
10
5
5
6
6
7
2
3
4
8
8
11
7
3
2
-1
-9
-8
-6
-7
-5
-11
-7
-4
-1
-5
-6
-2
-3
-3
-6
0
6
-1
3
3
6
5
1
-1
-5
-2
-8
0
-2
6
3
-2
-17
-26
-22
-25
-20
-18
-9
-14
-11
-12
-14
-1
-5
-5
-1
-3
-3
-3
2
13
18
21
26
30
35
26
35
35
29
35
33
33
29
22
28
9
1
7
1
5
3
1
-13
-22
-21
-18
-21
-19
-28
-32
-31
-39
-34
-35
-22
-22
-29
-23
-26
-21
-23
-21
-27
-37
-33
-27
-17
-25
-17
5
8
17
22
33
38
33
31
27
30
40
44
57
57
49
47
48
49
38
27
22
21
2
-4
3
-11
-9
-11
-7
3
-9
-24
-31
-27
-29
-34
-27
-26
-36
-38
-28
-23
-28
-35
-36
-36
-30
-32
-21
-20
-23
-15
-19
-10
-15
-20
-13
-11
3
9
14
40
31
25
30
21
27
19
18
36
28
31
33
32
42
24
22
33
32
36
26
30
22
10
30
39
30
35
25
19
36
33
32
17
22
18
-4
-34
-52
-86
-122
-135
-152
-153
-165
-161
-221
-187
-317
-401
-125
32
4
11
-50
-259
-85
174
149
262
501
360
222
318
312
264
323
283
131
109
35
2
3
1
-71
-118
-237
-300
-177
-210
-249
-189
-283
-496
-295
-107
-230
-201
-85
-84
0
75
50
292
409
149
389
426
104
264
340
121
-110
14
-62
-166
-133
-208
-138
-219
-181
-145
-108
-14
-21
-57
-68
-7
100
36
-23
117
-27
67
79
55
158
64
141
142
207
71
85
187
14
-53
-10
109
-90
-27
112
-106
-145
4
89
-52
-83
99
53
-118
-92
81
180
-87
-120
167
47
-261
-36
283
-21
-265
113
111
-209
-128
174
123
-160
-47
125
150
-172
-159
117
-18
-142
143
169
-157
-16
38
-39
-17
87
77
57
-6
-149
-10
73
-9
-132
2
5
-304
-95
138
-113
-172
3
84
-4
-97
18
-15
-79
-132
-51
40
-94
-38
39
23
-83
-74
61
39
11
-3
83
76
102
225
127
84
99
156
128
45
-26
0
92
-70
-21
70
-104
-59
74
39
-112
-137
138
99
-157
-64
113
-2
-77
182
153
-99
-53
161
70
-94
-39
85
14
-121
-30
-74
-205
-215
-71
-34
-210
-180
-16
-18
-163
-74
-34
-73
0
58
-15
-82
-14
14
35
11
21
-17
-1
89
10
-58
-34
-58
-17
-2
10
-17
-39
25
8
-7
0
62
86
70
79
12
20
33
33
89
65
45
75
76
40
11
53
84
48
48
100
101
65
124
158
88
54
141
148
60
78
63
-2
24
50
-4
-32
-32
-63
-55
-40
-38
-72
-79
-80
-94
-58
-105
-122
-113
-143
-136
-72
-28
-76
-90
-66
-85
-95
-36
-48
-63
-3
-4
-60
-83
-61
-49
-57
-18
-18
-2
-43
-92
-30
-15
-71
-97
-12
-46
-76
-28
-40
-68
-89
19
110
82
60
86
94
78
112
157
131
53
110
172
96
73
137
177
135
146
198
156
102
124
194
175
158
207
199
146
110
121
107
80
117
158
127
88
68
45
29
11
17
32
-26
-87
-107
-134
-179
-230
-252
-242
-269
-320
-315
-332
-417
-447
-394
-371
-439
-437
-365
-384
-413
-405
-335
-319
-323
-257
-183
-190
-251
-178
-101
-122
-111
-13
1
-14
36
56
91
137
185
240
295
325
376
393
415
498
541
559
598
656
679
630
604
621
639
695
734
774
762
704
671
676
699
682
676
719
727
636
496
282
99
-15
-62
-146
-296
-500
-764
-978
-1119
-1229
-1360
-1401
-1381
-1388
-1443
-1517
-1564
-1532
-1444
-1302
-1108
-982
-904
-777
-596
-479
-375
-229
-26
171
290
342
358
330
306
336
358
361
290
252
221
169
142
114
148
210
252
270
317
342
411
533
643
727
785
893
1030
1195
1296
1304
1325
1401
1477
1567
1681
1710
1592
1276
941
718
640
561
374
137
-255
-701
-1014
-1218
-1441
-1570
-1603
-1574
-1587
-1692
-1844
-1905
-1752
-1546
-1261
-1002
-814
-690
-521
-330
-308
-292
-104
195
395
454
353
205
86
28
9
-29
-54
-123
-228
-371
-553
-758
-870
-824
-676
-543
-497
-461
-361
-206
-2
214
417
613
829
1080
1242
1315
1380
1500
1642
1720
1780
1811
1805
1805
1793
1800
1832
1860
1775
1427
933
622
556
461
228
-63
-471
-922
-1223
-1459
-1672
-1834
-1845
-1817
-1831
-1898
-2040
-2072
-1950
-1699
-1421
-1122
-882
-717
-505
-267
-144
16
332
593
686
566
359
239
294
375
299
71
-210
-427
-560
-626
-708
-819
-898
-922
-949
-936
-944
-901
-668
-352
-49
186
382
495
612
806
1055
1337
1562
1694
1714
1672
1679
1703
1698
1689
1712
1714
1732
1763
1714
1512
1093
645
425
450
526
398
13
-515
-1000
-1232
-1286
-1325
-1433
-1506
-1520
-1554
-1630
-1772
-1866
-1751
-1460
-1132
-867
-729
-688
-628
-429
-215
13
270
437
466
400
347
264
165
132
97
21
-38
-125
-261
-455
-602
-606
-512
-416
-415
-477
-480
-435
-337
-161
-3
157
254
397
461
514
583
629
678
747
953
981
866
689
605
607
689
817
803
689
569
547
574
613
566
495
377
308
317
357
394
307
129
-56
-121
-131
-107
-153
-240
-321
-405
-441
-506
-614
-667
-614
-531
-516
-566
-637
-656
-603
-510
-408
-353
-344
-355
-345
-351
-365
-377
-317
-275
-289
-285
-301
-304
-294
-247
-240
-194
-129
-131
-91
-42
-30
0
48
101
147
152
175
151
192
248
214
255
270
244
173
160
187
166
191
200
228
208
152
175
259
354
384
414
441
492
576
638
650
630
611
624
669
690
648
560
460
310
195
159
130
77
-3
-122
-280
-417
-495
-506
-489
-504
-494
-493
-510
-524
-533
-535
-538
-482
-400
-339
-333
-347
-387
-434
-420
-383
-365
-320
-255
-248
-282
-361
-402
-357
-296
-222
-171
-220
-275
-251
-206
-173
-123
-95
-88
-51
-37
17
44
94
194
209
160
103
168
288
383
451
405
330
302
379
509
577
609
584
550
542
567
642
694
677
640
594
542
530
536
547
533
462
339
247
164
61
45
21
-61
-147
-232
-305
-377
-418
-426
-391
-396
-471
-506
-494
-459
-449
-463
-523
-571
-527
-452
-433
-461
-516
-569
-616
-666
-594
-442
-349
-372
-441
-501
-559
-491
-262
-65
-14
-79
-129
-148
-85
112
200
164
136
186
217
208
251
296
296
300
307
319
337
340
384
355
334
365
433
536
531
494
461
500
605
661
676
657
667
671
621
591
526
470
484
513
452
305
177
56
-27
-66
-114
-213
-292
-352
-465
-565
-641
-660
-677
-651
-616
-635
-624
-636
-626
-590
-561
-536
-478
-407
-338
-291
-311
-391
-417
-344
-283
-178
-163
-185
-259
-282
-227
-271
-229
-150
-42
-44
-38
-54
-152
-40
116
219
218
159
115
156
294
335
321
320
390
475
479
402
361
385
373
441
486
460
348
300
373
359
345
293
310
404
394
354
376
421
334
219
175
184
268
281
209
50
-102
-166
-135
-63
-80
-169
-300
-366
-402
-428
-458
-493
-467
-416
-406
-393
-384
-396
-371
-344
-273
-222
-186
-153
-109
-114
-228
-270
-300
-334
-286
-196
-154
-191
-278
-364
-451
-463
-337
-186
-12
2
-150
-248
-267
-141
84
293
279
179
226
202
248
274
270
410
425
330
314
365
338
234
159
179
298
398
509
480
260
115
132
353
604
750
663
529
423
393
546
633
573
460
437
407
283
115
-11
-144
-210
-224
-216
-257
-437
-603
-681
-719
-683
-557
-501
-531
-579
-591
-587
-526
-433
-357
-287
-218
-118
-113
-237
-385
-398
-270
-184
-106
-97
-258
-503
-576
-556
-445
-178
-70
-170
-314
-376
-348
-245
-120
35
155
148
76
17
81
297
396
358
332
402
380
368
451
411
346
327
465
516
474
503
486
525
679
718
726
886
999
949
791
618
590
736
885
811
516
151
-74
-14
44
-65
-277
-457
-605
-721
-806
-925
-1041
-1030
-910
-823
-793
-851
-908
-839
-715
-516
-323
-185
-134
-190
-203
-199
-134
-90
-113
-187
-203
-124
-81
-144
-396
-642
-632
-296
-48
-190
-402
-524
-464
-289
-99
-41
-115
-82
102
385
421
272
170
316
652
765
617
570
698
743
614
639
768
854
972
1010
929
766
915
1181
1356
1287
981
750
675
777
890
891
599
153
-171
-314
-338
-371
-551
-858
-1120
-1234
-1259
-1307
-1443
-1597
-1532
-1316
-1119
-1028
-1081
-1120
-978
-640
-317
-123
-66
-67
-21
116
196
172
124
111
182
216
64
-215
-430
-457
-355
-246
-283
-484
-670
-723
-573
-418
-360
-298
-176
-20
90
134
269
458
591
761
946
1050
1091
1129
1162
1142
1118
1267
1366
1343
1192
1152
1256
1274
1269
1253
1225
1014
707
530
509
530
469
249
-144
-622
-898
-897
-882
-983
-1184
-1390
-1514
-1571
-1635
-1692
-1646
-1464
-1289
-1150
-1107
-1125
-1042
-808
-486
-213
6
115
175
283
378
364
296
285
297
316
286
124
-158
-421
-527
-504
-470
-496
-603
-735
-819
-769
-705
-634
-500
-368
-197
-33
170
372
544
759
960
1168
1357
1493
1604
1671
1730
1781
1858
1873
1778
1748
1768
1798
1867
1926
1718
1130
585
487
640
691
421
-186
-925
-1475
-1563
-1404
-1384
-1642
-1965
-2174
-2212
-2209
-2212
-2142
-1910
-1611
-1361
-1200
-1212
-1188
-920
-421
34
341
465
456
499
682
860
829
609
370
304
343
246
-86
-478
-724
-787
-782
-801
-967
-1180
-1238
-1120
-932
-850
-814
-716
-472
-143
138
370
567
793
1079
1447
1806
1986
2083
2173
2279
2395
2488
2580
2568
2524
2529
2569
2633
2447
1820
1092
785
941
968
626
-88
-1121
-1924
-2087
-1873
-1903
-2228
-2609
-2987
-3162
-3104
-2993
-2784
-2453
-2120
-1854
-1648
-1546
-1436
-985
-279
272
602
783
804
860
1032
1110
1056
1039
1072
885
586
230
-238
-589
-625
-543
-667
-978
-1348
-1663
-1720
-1528
-1295
-1044
-909
-872
-770
-457
-60
306
722
1087
1306
1602
1966
2210
2377
2578
2767
2765
2798
2886
2912
2940
3028
3127
2967
2306
1453
998
1197
1329
927
226
-760
-1756
-2182
-2015
-1969
-2331
-2646
-2923
-3296
-3442
-3394
-3197
-2829
-2329
-2035
-1971
-1865
-1670
-1206
-413
206
478
676
864
984
1112
1228
1164
1122
1168
1037
644
199
-179
-403
-443
-514
-844
-1269
-1542
-1640
-1604
-1514
-1476
-1407
-1211
-990
-768
-461
-80
270
661
1096
1389
1610
1940
2305
2580
2771
2907
2860
2799
2908
3009
3064
3131
3155
2851
2061
1358
1199
1439
1382
779
-12
-976
-1807
-1934
-1632
-1760
-2410
-2870
-3073
-3287
-3291
-3151
-2959
-2724
-2432
-2241
-2151
-1991
-1697
-1069
-244
211
283
355
545
837
1318
1764
1726
1339
861
622
704
818
608
91
-438
-915
-1231
-1273
-1289
-1475
-1669
-1732
-1798
-1897
-1774
-1455
-984
-538
-250
-99
34
351
925
1665
2214
2328
2300
2416
2650
2912
3199
3401
3285
3070
3015
3057
3101
2867
2206
1523
1328
1431
1139
472
-279
-1124
-1680
-1706
-1665
-2061
-2668
-2997
-3127
-3145
-3102
-3126
-2995
-2737
-2458
-2227
-2058
-1908
-1624
-980
-321
-58
80
199
317
656
1189
1438
1143
835
722
704
754
729
425
-18
-289
-432
-646
-806
-975
-1103
-1107
-1172
-1291
-1342
-1194
-939
-595
-235
-118
-134
88
552
1058
1482
1774
1839
1848
2088
2401
2636
2779
2809
2778
2824
2959
2997
2725
2134
1650
1602
1738
1468
808
66
-696
-1234
-1294
-1244
-1621
-2207
-2635
-2868
-2963
-2899
-2871
-2784
-2622
-2458
-2346
-2178
-1932
-1615
-1069
-529
-313
-244
-24
188
460
861
1119
957
713
589
541
569
614
485
141
-170
-382
-542
-607
-673
-831
-915
-978
-1046
-1082
-949
-725
-512
-272
-150
-132
60
497
973
1293
1455
1460
1439
1726
2118
2338
2411
2427
2384
2388
2573
2713
2470
1943
1627
1681
1734
1401
805
163
-439
-792
-823
-893
-1385
-1945
-2233
-2405
-2537
-2538
-2500
-2442
-2365
-2273
-2213
-2092
-1842
-1513
-1042
-662
-521
-439
-147
194
367
558
752
714
570
527
540
453
309
213
33
-191
-366
-509
-608
-712
-814
-924
-978
-983
-959
-800
-589
-485
-365
-175
6
220
581
1008
1261
1401
1534
1649
1806
2074
2332
2447
2436
2361
2347
2513
2677
2567
2052
1546
1422
1552
1469
1039
358
-408
-920
-986
-926
-1184
-1693
-2159
-2429
-2564
-2530
-2488
-2382
-2322
-2283
-2218
-2091
-1931
-1633
-1127
-736
-620
-536
-314
7
368
590
593
483
513
582
575
510
339
113
-30
-73
-177
-414
-617
-725
-763
-800
-868
-901
-868
-797
-644
-508
-379
-209
40
304
537
816
1124
1367
1549
1754
1933
2078
2248
2441
2549
2546
2498
2563
2664
2654
2307
1807
1535
1514
1465
1128
541
-208
-791
-955
-965
-1235
-1713
-2196
-2509
-2623
-2533
-2493
-2588
-2601
-2493
-2310
-2167
-2010
-1792
-1404
-990
-750
-633
-439
-197
177
581
649
393
263
481
659
656
502
154
-214
-251
-91
-113
-371
-622
-817
-911
-856
-766
-674
-614
-577
-545
-487
-346
-74
329
665
770
855
1078
1319
1581
1921
2219
2265
2163
2205
2376
2567
2711
2804
2771
2407
1845
1589
1718
1827
1522
979
289
-487
-903
-857
-818
-1204
-1769
-2269
-2654
-2758
-2583
-2405
-2389
-2507
-2578
-2507
-2281
-1959
-1592
-1180
-980
-939
-767
-442
-82
297
622
508
201
194
435
601
609
428
21
-320
-330
-249
-309
-450
-668
-847
-947
-913
-863
-733
-540
-470
-437
-401
-253
94
532
857
966
1077
1259
1498
1878
2218
2327
2306
2349
2455
2506
2633
2795
2822
2686
2222
1736
1533
1695
1727
1341
693
-108
-732
-835
-677
-852
-1455
-2048
-2410
-2587
-2490
-2403
-2416
-2531
-2552
-2468
-2330
-2134
-1888
-1523
-1129
-1009
-977
-781
-410
-24
338
521
194
-105
94
522
679
498
127
-303
-455
-211
-82
-260
-604
-870
-918
-831
-714
-706
-632
-529
-519
-416
-244
2
312
654
862
903
1048
1320
1656
2045
2270
2264
2221
2277
2417
2570
2857
2969
2801
2413
1888
1640
1745
1926
1671
1037
247
-472
-747
-585
-621
-1106
-1786
-2291
-2537
-2533
-2347
-2401
-2513
-2624
-2604
-2493
-2297
-2022
-1689
-1335
-1131
-1109
-945
-587
-181
222
480
498
181
18
256
640
802
525
100
-281
-439
-297
-103
-194
-623
-994
-1032
-909
-778
-682
-648
-645
-669
-493
-242
56
294
530
747
873
1007
1315
1765
2111
2215
2179
2156
2218
2519
2857
3067
2953
2662
2218
1899
1959
2172
2097
1574
839
96
-369
-400
-321
-622
-1285
-2014
-2397
-2457
-2333
-2341
-2508
-2662
-2767
-2706
-2514
-2267
-2000
-1690
-1410
-1296
-1213
-922
-484
-22
304
416
327
114
177
530
853
752
362
27
-200
-216
-63
-8
-340
-761
-949
-872
-804
-701
-702
-737
-795
-728
-508
-242
18
182
373
511
689
962
1409
1768
1926
1934
1989
2128
2373
2675
2875
2925
2808
2606
2278
2096
2170
2268
2063
1516
822
90
-268
-212
-177
-676
-1442
-2090
-2397
-2421
-2253
-2262
-2542
-2803
-2878
-2741
-2538
-2212
-1919
-1688
-1585
-1499
-1283
-843
-358
83
310
230
28
121
548
863
846
564
201
-1
84
238
136
-220
-553
-709
-666
-609
-675
-795
-856
-848
-777
-620
-424
-262
-100
47
164
420
800
1189
1473
1607
1649
1745
2067
2405
2610
2704
2745
2762
2775
2585
2325
2259
2382
2239
1793
1284
573
36
-18
91
-385
-1165
-1752
-2107
-2288
-2187
-2187
-2484
-2825
-2929
-2802
-2626
-2359
-2189
-1940
-1783
-1682
-1488
-1077
-657
-280
89
265
117
33
253
586
861
822
528
112
-37
65
214
185
-181
-603
-756
-680
-595
-617
-696
-821
-865
-700
-510
-320
-143
-13
134
338
669
970
1293
1601
1735
1805
1971
2254
2508
2669
2805
2886
2879
2740
2416
2245
2303
2378
2106
1539
878
222
-78
-6
-124
-802
-1600
-2052
-2234
-2317
-2273
-2402
-2746
-2993
-2926
-2708
-2529
-2280
-2041
-1862
-1761
-1581
-1246
-792
-368
-45
151
179
129
154
444
762
863
630
304
48
-34
90
226
73
-398
-725
-775
-645
-585
-586
-716
-880
-886
-693
-413
-210
-108
-20
170
431
737
1067
1408
1615
1702
1851
2055
2318
2563
2790
2905
2905
2842
2573
2341
2362
2551
2377
1865
1223
589
96
64
79
-415
-1238
-1895
-2160
-2302
-2228
-2324
-2607
-2990
-3082
-2937
-2642
-2410
-2247
-2092
-1948
-1827
-1563
-1013
-579
-255
-72
36
-82
65
506
859
811
546
287
158
263
423
378
29
-330
-498
-390
-319
-384
-541
-642
-714
-727
-568
-383
-195
-80
29
106
299
657
1054
1364
1528
1574
1680
1989
2314
2526
2584
2711
2816
2898
2723
2357
2238
2385
2439
2039
1457
740
155
15
118
-243
-1039
-1758
-2117
-2221
-2206
-2257
-2595
-2909
-3094
-2994
-2761
-2513
-2379
-2244
-2048
-1929
-1720
-1287
-819
-494
-219
-45
-39
-9
251
566
727
704
484
271
166
243
298
251
-3
-315
-439
-400
-351
-388
-460
-598
-686
-607
-370
-170
-22
10
89
291
676
1029
1290
1486
1595
1744
2022
2317
2464
2568
2721
2873
2938
2872
2465
2188
2329
2538
2233
1565
899
248
-15
77
-70
-842
-1661
-2106
-2204
-2226
-2278
-2581
-2900
-3062
-3029
-2822
-2629
-2481
-2350
-2077
-1930
-1838
-1504
-989
-606
-325
-123
-90
-152
46
439
712
670
405
161
84
152
261
258
2
-372
-533
-435
-358
-386
-452
-536
-618
-566
-374
-172
-14
100
187
333
603
945
1243
1506
1669
1759
1930
2202
2425
2573
2686
2818
2925
2941
2611
2221
2280
2490
2391
1881
1223
393
-36
139
137
-522
-1360
-1935
-2267
-2244
-2118
-2366
-2865
-3060
-3066
-2905
-2673
-2497
-2411
-2209
-1956
-1866
-1568
-1118
-733
-415
-112
-71
-122
119
452
608
639
558
300
203
270
265
109
-33
-214
-396
-423
-448
-513
-561
-545
-586
-573
-502
-368
-172
84
169
224
446
773
1053
1318
1569
1654
1794
2070
2327
2452
2538
2653
2826
2971
2821
2337
2172
2303
2386
2128
1658
869
88
-50
109
-130
-841
-1545
-2086
-2304
-2228
-2140
-2443
-2799
-3071
-2997
-2761
-2526
-2388
-2225
-2005
-1916
-1718
-1346
-938
-597
-221
-38
-95
-160
127
486
722
665
398
117
23
160
282
182
-176
-499
-604
-528
-471
-456
-559
-702
-743
-624
-412
-237
-29
58
144
295
614
955
1239
1465
1620
1775
1980
2233
2473
2658
2757
2908
2987
2907
2512
2357
2478
2564
2298
1761
1134
424
141
219
77
-647
-1442
-1904
-2100
-2201
-2172
-2373
-2785
-3088
-3024
-2768
-2633
-2492
-2375
-2190
-2059
-1843
-1458
-1064
-760
-477
-260
-219
-205
100
469
562
471
316
177
134
274
307
54
-242
-414
-445
-438
-437
-533
-652
-711
-677
-582
-431
-306
-163
-2
106
244
527
920
1187
1396
1568
1698
1893
2249
2559
2673
2714
2863
2990
3054
2814
2509
2457
2581
2488
2033
1487
744
254
237
305
-284
-1110
-1748
-2026
-2155
-2065
-2223
-2672
-3028
-3114
-2886
-2693
-2501
-2511
-2336
-2183
-1971
-1704
-1230
-938
-663
-396
-252
-242
-56
356
493
492
339
218
147
273
334
142
-129
-352
-424
-405
-387
-504
-614
-695
-700
-640
-488
-373
-273
-87
10
113
343
743
995
1175
1363
1517
1691
2038
2388
2482
2440
2526
2771
3026
2998
2592
2288
2308
2423
2294
1940
1245
429
163
295
123
-556
-1209
-1738
-2062
-2084
-2037
-2320
-2711
-2910
-2875
-2759
-2625
-2511
-2362
-2132
-2002
-1829
-1536
-1177
-864
-469
-198
-194
-212
72
389
538
509
377
176
103
201
252
80
-204
-432
-490
-471
-474
-508
-602
-694
-729
-602
-444
-289
-132
15
79
222
514
862
1135
1354
1516
1627
1834
2141
2385
2517
2564
2674
2815
2935
2770
2417
2291
2391
2409
2084
1575
869
346
230
286
-109
-823
-1472
-1865
-1996
-1996
-2090
-2480
-2776
-2930
-2812
-2682
-2514
-2493
-2353
-2183
-2007
-1807
-1471
-1125
-838
-520
-375
-341
-225
102
309
419
384
248
105
159
211
143
18
-141
-322
-384
-344
-352
-422
-447
-491
-532
-468
-299
-112
58
136
173
331
658
980
1246
1454
1569
1691
1955
2253
2416
2537
2675
2844
2948
2938
2614
2357
2438
2618
2458
1934
1265
602
361
465
293
-452
-1263
-1775
-1935
-1949
-1988
-2397
-2864
-3057
-2990
-2798
-2685
-2630
-2611
-2420
-2198
-2033
-1775
-1387
-1056
-720
-494
-418
-418
-132
268
423
378
247
149
145
258
291
81
-164
-302
-314
-270
-301
-404
-550
-589
-571
-507
-388
-278
-161
-40
56
180
397
782
1064
1278
1428
1575
1781
2090
2391
2516
2566
2710
2888
3035
2981
2613
2388
2448
2609
2325
1802
1171
547
326
396
148
-692
-1470
-1782
-1892
-1990
-2101
-2462
-2881
-3078
-2870
-2647
-2608
-2565
-2449
-2256
-2143
-1917
-1543
-1189
-882
-572
-379
-401
-327
58
401
439
345
233
148
145
281
270
32
-215
-324
-311
-328
-347
-430
-524
-602
-620
-530
-399
-263
-120
-5
60
154
443
850
1125
1296
1410
1545
1764
2081
2381
2481
2540
2632
2827
2936
2760
2432
2388
2512
2416
2035
1559
948
445
435
378
-197
-1011
-1447
-1690
-1831
-1943
-2137
-2575
-2841
-2821
-2659
-2537
-2498
-2432
-2315
-2147
-2007
-1713
-1332
-1003
-793
-551
-449
-376
-159
217
393
295
143
84
135
234
263
142
-153
-398
-405
-270
-249
-386
-532
-620
-647
-549
-365
-252
-197
-121
27
158
370
683
1022
1239
1350
1427
1628
1959
2287
2458
2476
2452
2571
2849
2965
2664
2314
2253
2300
2202
1908
1347
662
310
301
98
-479
-1110
-1581
-1794
-1868
-2004
-2325
-2650
-2798
-2728
-2529
-2460
-2524
-2451
-2214
-2022
-1788
-1485
-1242
-1051
-703
-403
-378
-343
-104
187
315
288
125
-20
-14
152
212
53
-310
-539
-492
-338
-304
-436
-613
-726
-649
-459
-303
-239
-138
-15
130
288
509
803
1155
1459
1552
1546
1695
2068
2432
2611
2616
2570
2672
2878
2926
2645
2375
2302
2347
2191
1761
1107
563
342
263
-7
-622
-1307
-1775
-1826
-1863
-2060
-2445
-2721
-2852
-2703
-2482
-2426
-2506
-2459
-2234
-1968
-1657
-1415
-1178
-957
-643
-476
-364
-244
1
228
322
207
29
-7
94
208
145
-94
-390
-476
-376
-266
-322
-493
-634
-628
-500
-372
-259
-170
-64
45
179
336
591
950
1260
1414
1436
1513
1747
2137
2425
2483
2413
2473
2680
2815
2681
2391
2281
2320
2278
1944
1429
850
493
376
198
-336
-1004
-1454
-1654
-1765
-1961
-2252
-2559
-2685
-2633
-2505
-2490
-2525
-2477
-2253
-2004
-1787
-1564
-1312
-1063
-768
-496
-350
-259
-73
171
309
309
198
112
105
174
150
29
-202
-378
-439
-362
-364
-462
-596
-654
-649
-566
-427
-319
-228
-125
17
155
379
673
987
1225
1378
1469
1628
1918
2212
2398
2472
2491
2591
2799
2865
2602
2351
2358
2424
2240
1870
1326
766
465
421
169
-464
-1114
-1503
-1646
-1766
-1957
-2281
-2602
-2756
-2637
-2466
-2469
-2562
-2485
-2258
-2039
-1770
-1506
-1300
-1133
-812
-528
-384
-280
-78
127
182
141
75
81
88
117
61
-104
-359
-427
-351
-297
-398
-513
-595
-631
-545
-400
-279
-220
-119
31
186
354
598
911
1199
1393
1520
1648
1859
2144
2395
2523
2542
2553
2702
2881
2832
2517
2323
2322
2289
2080
1694
1121
590
392
273
-131
-723
-1191
-1552
-1751
-1865
-2081
-2436
-2648
-2625
-2570
-2525
-2528
-2492
-2379
-2151
-1904
-1663
-1495
-1310
-1023
-651
-466
-407
-268
-103
37
150
195
12
-106
-30
59
-27
-193
-390
-509
-473
-361
-391
-533
-648
-678
-551
-384
-271
-215
-88
43
180
378
641
916
1228
1469
1563
1626
1855
2166
2440
2587
2583
2563
2695
2838
2777
2572
2407
2331
2223
2014
1545
1002
617
426
150
-299
-858
-1347
-1633
-1690
-1847
-2202
-2542
-2702
-2647
-2508
-2362
-2426
-2502
-2395
-2079
-1733
-1471
-1344
-1194
-919
-563
-348
-207
-110
-32
134
262
227
35
-4
64
63
-40
-226
-420
-469
-394
-344
-473
-630
-731
-664
-483
-387
-372
-304
-145
31
204
419
598
852
1190
1427
1524
1608
1836
2120
2373
2490
2480
2536
2700
2790
2707
2500
2354
2270
2183
1950
1492
968
529
283
54
-362
-884
-1332
-1612
-1839
-1999
-2148
-2392
-2610
-2598
-2487
-2420
-2428
-2309
-2163
-1956
-1696
-1461
-1261
-1039
-693
-404
-287
-256
-162
74
294
307
150
-50
-67
28
129
3
-327
-556
-532
-375
-330
-475
-673
-793
-665
-449
-305
-278
-237
-82
133
338
524
741
1047
1325
1522
1606
1680
1897
2219
2469
2488
2459
2531
2645
2702
2620
2420
2218
2123
2048
1752
1250
721
372
176
-66
-495
-1038
-1525
-1789
-1869
-1920
-2184
-2506
-2681
-2633
-2489
-2359
-2326
-2332
-2193
-1912
-1627
-1423
-1220
-996
-688
-433
-327
-319
-169
78
224
187
15
-134
-100
82
111
-137
-468
-594
-489
-320
-328
-523
-725
-743
-553
-322
-208
-201
-129
47
261
485
719
977
1234
1451
1553
1635
1837
2142
2391
2471
2433
2445
2614
2785
2767
2528
2279
2133
2141
2036
1657
1056
581
294
110
-151
-619
-1211
-1639
-1777
-1872
-2062
-2330
-2543
-2668
-2580
-2470
-2427
-2450
-2317
-2090
-1833
-1638
-1461
-1220
-893
-598
-448
-381
-278
-55
167
250
97
-50
-34
134
202
72
-232
-450
-438
-292
-256
-378
-555
-652
-583
-418
-297
-243
-151
-12
129
285
504
785
1097
1325
1417
1472
1619
1883
2183
2375
2391
2377
2474
2609
2634
2558
2413
2261
2156
2024
1687
1244
870
567
250
-89
-527
-1024
-1378
-1535
-1706
-1984
-2248
-2462
-2557
-2510
-2378
-2357
-2397
-2370
-2178
-1909
-1637
-1430
-1218
-1019
-821
-596
-341
-162
-41
75
96
24
16
134
205
160
0
-207
-355
-333
-265
-291
-439
-591
-664
-589
-459
-379
-347
-281
-167
-18
178
404
635
896
1142
1293
1384
1557
1829
2077
2246
2349
2396
2485
2649
2744
2623
2414
2316
2283
2160
1918
1530
1034
618
402
177
-259
-774
-1202
-1485
-1696
-1832
-2026
-2309
-2551
-2573
-2470
-2411
-2406
-2361
-2272
-2123
-1865
-1606
-1387
-1194
-961
-779
-608
-397
-177
-48
-12
-45
-85
-29
95
159
42
-138
-296
-329
-291
-247
-314
-456
-577
-565
-449
-331
-249
-186
-95
-2
169
407
681
901
1115
1288
1416
1570
1838
2098
2227
2306
2393
2511
2658
2772
2663
2434
2301
2290
2219
2031
1657
1146
709
442
197
-157
-556
-1044
-1448
-1678
-1808
-1994
-2172
-2354
-2539
-2581
-2455
-2352
-2301
-2219
-2112
-1937
-1695
-1380
-1147
-964
-875
-688
-396
-171
-107
-86
-94
-124
-35
115
67
-98
-163
-222
-307
-352
-340
-426
-490
-517
-547
-559
-489
-351
-194
-92
-41
36
257
532
826
1080
1211
1286
1457
1760
1999
2162
2270
2331
2377
2534
2704
2670
2427
2290
2262
2201
2003
1707
1298
786
449
232
-33
-500
-935
-1268
-1558
-1804
-1920
-2031
-2240
-2450
-2479
-2429
-2389
-2247
-2090
-2000
-1952
-1692
-1361
-1100
-958
-819
-612
-371
-138
0
2
-58
-22
138
220
133
20
-74
-153
-203
-209
-303
-441
-498
-495
-503
-546
-550
-472
-344
-208
-140
-50
64
294
624
878
1027
1126
1317
1527
1770
2027
2165
2203
2261
2403
2575
2574
2474
2309
2195
2136
2024
1825
1337
895
606
371
66
-314
-727
-1171
-1422
-1487
-1701
-1984
-2189
-2300
-2341
-2327
-2212
-2211
-2176
-2070
-1883
-1623
-1416
-1234
-1116
-958
-703
-414
-191
-153
-181
-124
-17
145
192
126
-13
-95
-89
-120
-143
-268
-375
-411
-403
-412
-447
-448
-391
-291
-160
-87
2
134
317
579
809
1004
1121
1279
1469
1690
1918
2079
2162
2186
2280
2459
2559
2456
2270
2133
2040
1973
1877
1507
983
595
376
152
-167
-536
-1038
-1403
-1523
-1611
-1845
-2124
-2289
-2366
-2331
-2211
-2173
-2194
-2147
-1949
-1661
-1459
-1303
-1209
-1045
-742
-427
-230
-238
-237
-163
-18
147
175
39
-103
-120
-79
-109
-200
-327
-436
-435
-415
-408
-478
-494
-418
-300
-199
-113
32
160
301
529
783
967
1130
1300
1447
1597
1834
2025
2130
2206
2256
2375
2459
2424
2252
2144
2112
1992
1805
1492
1050
671
479
272
-112
-588
-966
-1267
-1395
-1538
-1815
-2119
-2291
-2266
-2206
-2182
-2253
-2270
-2119
-1879
-1650
-1482
-1417
-1298
-1002
-624
-390
-324
-278
-222
-50
141
226
149
49
36
65
84
-7
-158
-260
-278
-279
-313
-403
-463
-447
-343
-284
-258
-163
-19
149
263
418
608
831
1075
1256
1321
1389
1597
1906
2106
2154
2144
2174
2324
2412
2362
2175
1997
1917
1857
1646
1194
734
443
237
33
-282
-809
-1282
-1460
-1488
-1651
-1896
-2133
-2346
-2335
-2183
-2110
-2135
-2080
-1959
-1766
-1519
-1362
-1245
-993
-704
-512
-368
-292
-267
-124
118
155
67
11
-12
-7
47
21
-168
-316
-343
-337
-327
-374
-470
-484
-426
-380
-300
-148
-8
66
210
348
516
758
1022
1173
1231
1321
1530
1798
1999
2076
2105
2178
2320
2491
2474
2235
2059
2070
2052
1899
1592
1109
631
430
356
51
-397
-838
-1208
-1414
-1517
-1678
-1963
-2185
-2301
-2333
-2295
-2246
-2214
-2099
-1993
-1855
-1691
-1522
-1330
-1066
-798
-687
-628
-501
-395
-254
-88
-34
-104
-145
-104
-87
-81
-100
-224
-336
-360
-326
-315
-343
-378
-404
-359
-279
-110
62
182
253
354
514
713
967
1235
1338
1364
1418
1625
1905
2098
2208
2179
2169
2297
2427
2449
2268
2072
1946
1876
1797
1453
1003
651
380
193
-79
-454
-918
-1211
-1294
-1516
-1777
-1985
-2164
-2227
-2191
-2124
-2192
-2194
-2006
-1848
-1703
-1606
-1462
-1214
-956
-729
-629
-593
-555
-394
-116
-41
-91
-122
-145
-157
-98
-41
-180
-336
-347
-360
-383
-393
-388
-434
-469
-379
-269
-109
29
159
267
330
505
768
1022
1220
1296
1363
1449
1681
1959
2078
2131
2113
2146
2286
2397
2351
2122
1949
1861
1764
1652
1305
858
489
256
64
-233
-597
-967
-1243
-1397
-1592
-1794
-1983
-2111
-2116
-2075
-2081
-2116
-2054
-1884
-1720
-1572
-1442
-1307
-1099
-831
-618
-527
-512
-421
-236
-55
10
-24
-122
-154
-97
-24
-96
-248
-352
-391
-379
-346
-380
-454
-508
-460
-354
-221
-79
39
149
232
362
578
817
1027
1197
1263
1317
1481
1734
1902
1997
2049
2058
2105
2251
2291
2154
1982
1873
1773
1658
1448
1103
709
415
187
-49
-337
-681
-988
-1240
-1464
-1626
-1782
-1913
-2017
-2044
-2076
-2091
-2013
-1897
-1824
-1678
-1521
-1338
-1176
-972
-811
-662
-491
-368
-296
-187
-111
-55
-20
-23
-67
-107
-110
-166
-223
-289
-343
-362
-357
-396
-440
-443
-392
-295
-140
-22
47
129
256
427
655
894
1042
1127
1222
1366
1563
1783
1923
1975
1985
2052
2166
2277
2224
2067
1922
1836
1746
1613
1341
950
598
420
228
-98
-445
-761
-1023
-1217
-1345
-1560
-1822
-1940
-1934
-1938
-1970
-1967
-1959
-1902
-1753
-1534
-1397
-1268
-1135
-958
-796
-591
-437
-350
-304
-204
-97
-28
-30
-55
-99
-120
-124
-150
-229
-312
-331
-335
-380
-437
-454
-419
-339
-230
-148
-96
-13
112
268
433
612
769
910
1032
1139
1269
1462
1639
1751
1818
1854
1901
1993
2079
2014
1874
1763
1690
1554
1375
1120
821
538
336
106
-206
-546
-772
-893
-1074
-1312
-1511
-1656
-1759
-1717
-1632
-1679
-1771
-1710
-1609
-1522
-1331
-1097
-991
-934
-804
-659
-515
-326
-189
-165
-177
-131
-57
-3
-25
-89
-155
-204
-233
-226
-247
-329
-385
-395
-410
-390
-306
-249
-198
-102
-26
29
155
332
469
638
782
848
902
1095
1288
1429
1528
1599
1614
1686
1826
1943
1942
1826
1684
1590
1541
1456
1318
1045
675
348
168
-13
-245
-511
-786
-1079
-1296
-1424
-1535
-1651
-1724
-1762
-1804
-1835
-1812
-1707
-1571
-1441
-1311
-1197
-1096
-938
-691
-495
-407
-340
-249
-161
-40
74
78
-8
-52
-25
-8
-33
-86
-158
-204
-211
-199
-217
-237
-220
-157
-88
-15
61
143
225
327
462
605
751
872
973
1042
1147
1289
1450
1540
1586
1604
1632
1679
1757
1790
1695
1539
1417
1335
1236
1109
859
551
276
88
-109
-321
-570
-830
-1043
-1207
-1369
-1512
-1589
-1637
-1668
-1715
-1771
-1768
-1652
-1507
-1403
-1322
-1264
-1177
-977
-745
-614
-545
-485
-423
-313
-155
-84
-120
-167
-185
-182
-135
-114
-179
-253
-268
-257
-225
-181
-153
-139
-92
-21
88
200
285
367
482
613
751
905
1009
1073
1173
1319
1435
1536
1600
1617
1616
1666
1713
1732
1705
1617
1474
1341
1258
1165
1007
769
509
276
76
-127
-344
-587
-812
-978
-1115
-1296
-1477
-1573
-1580
-1588
-1623
-1673
-1728
-1693
-1551
-1383
-1311
-1296
-1245
-1108
-920
-726
-601
-555
-526
-433
-285
-177
-161
-178
-177
-156
-136
-124
-148
-182
-168
-117
-89
-98
-86
-27
67
149
220
286
337
412
536
675
788
883
958
1009
1091
1231
1368
1451
1476
1486
1508
1573
1622
1624
1587
1524
1456
1381
1259
1116
998
866
678
449
186
-78
-256
-366
-542
-805
-1069
-1262
-1359
-1368
-1405
-1529
-1662
-1733
-1705
-1605
-1524
-1495
-1471
-1428
-1357
-1216
-1038
-900
-802
-727
-684
-604
-452
-313
-272
-290
-317
-306
-231
-165
-175
-214
-226
-188
-119
-59
-36
-14
47
136
234
340
409
472
553
661
779
902
1008
1083
1152
1229
1315
1404
1474
1528
1568
1572
1531
1492
1506
1536
1515
1408
1244
1068
959
924
854
646
347
98
-73
-202
-326
-481
-704
-926
-1087
-1183
-1263
-1308
-1344
-1402
-1519
-1608
-1596
-1496
-1399
-1366
-1393
-1427
-1366
-1173
-990
-927
-930
-901
-811
-671
-547
-504
-495
-459
-394
-340
-314
-286
-220
-133
-84
-64
-54
-7
101
232
298
317
352
424
516
619
697
758
824
911
990
1051
1108
1193
1304
1371
1371
1353
1364
1415
1500
1514
1400
1254
1206
1230
1235
1125
899
661
529
479
394
189
-96
-316
-427
-505
-634
-793
-962
-1084
-1117
-1149
-1250
-1327
-1327
-1307
-1307
-1315
-1321
-1297
-1206
-1102
-1039
-1030
-1002
-905
-778
-709
-672
-621
-578
-537
-460
-412
-415
-390
-316
-272
-255
-211
-160
-112
-62
-1
68
150
248
332
366
379
443
579
712
795
820
800
825
954
1108
1183
1188
1152
1127
1171
1257
1298
1274
1214
1138
1080
1054
1038
992
890
732
572
440
345
280
171
-52
-286
-430
-508
-563
-635
-799
-1013
-1123
-1103
-1067
-1108
-1198
-1285
-1301
-1215
-1098
-1041
-1069
-1069
-978
-857
-780
-718
-656
-607
-540
-459
-439
-443
-377
-278
-249
-274
-289
-260
-177
-78
-39
-60
-54
54
225
333
342
332
374
497
661
769
758
733
780
869
959
1024
1030
1002
1009
1043
1043
1013
989
970
945
907
856
777
687
633
594
525
420
320
215
79
-23
-90
-192
-313
-408
-515
-649
-746
-789
-834
-899
-957
-1000
-1044
-1059
-1028
-987
-982
-972
-933
-901
-873
-800
-709
-653
-615
-561
-516
-470
-396
-322
-290
-284
-268
-229
-180
-138
-97
-63
-39
5
84
178
262
336
381
407
465
573
695
784
809
790
796
861
960
1046
1076
1037
969
935
935
964
987
949
835
697
597
566
566
522
408
253
111
24
-8
-47
-134
-245
-362
-474
-553
-591
-606
-636
-706
-818
-925
-953
-896
-817
-803
-870
-954
-959
-875
-760
-684
-685
-722
-729
-674
-581
-477
-412
-396
-395
-374
-317
-228
-147
-111
-116
-112
-70
3
81
140
171
199
252
331
412
481
538
576
603
638
697
770
824
845
828
809
817
868
907
893
828
749
702
696
700
676
600
494
410
359
328
291
238
148
43
-40
-98
-135
-183
-253
-337
-430
-500
-552
-592
-633
-692
-758
-815
-843
-841
-829
-835
-860
-874
-857
-809
-755
-722
-706
-684
-632
-557
-490
-445
-406
-347
-266
-199
-158
-138
-105
-46
25
80
110
131
164
223
287
345
395
438
476
502
533
577
629
678
701
707
716
739
774
795
787
771
764
760
738
691
637
596
574
541
481
408
345
297
249
185
116
59
13
-46
-136
-241
-320
-347
-360
-411
-511
-622
-684
-676
-651
-663
-733
-807
-827
-786
-733
-720
-741
-763
-744
-686
-626
-594
-575
-547
-490
-425
-370
-335
-291
-228
-163
-111
-93
-73
-36
28
96
143
166
191
242
308
383
440
482
514
538
562
589
632
668
680
666
640
637
659
682
678
636
583
551
537
514
473
421
373
334
289
235
185
156
136
98
40
-19
-48
-57
-75
-139
-223
-280
-297
-300
-338
-416
-503
-544
-542
-536
-561
-611
-650
-654
-632
-616
-619
-641
-645
-623
-592
-565
-552
-535
-505
-463
-411
-359
-314
-270
-216
-160
-114
-82
-46
6
71
123
155
176
216
283
359
414
434
447
481
536
584
598
587
576
583
589
574
550
539
544
545
509
451
413
418
450
452
395
314
261
258
276
269
220
150
99
76
72
67
45
1
-60
-124
-175
-200
-214
-248
-322
-420
-501
-532
-522
-514
-540
-589
-631
-641
-618
-588
-573
-572
-572
-568
-549
-528
-491
-447
-400
-361
-333
-304
-260
-186
-104
-50
-33
-28
-7
50
126
174
188
185
203
251
307
350
374
391
411
429
431
430
437
451
444
408
361
339
358
383
374
325
278
281
318
341
316
258
221
221
232
222
181
146
137
145
129
85
46
34
46
38
-17
-93
-142
-153
-163
-206
-281
-349
-381
-381
-374
-390
-418
-431
-439
-439
-431
-412
-379
-355
-356
-376
-380
-335
-252
-183
-171
-194
-190
-128
-36
21
21
-5
3
48
99
121
104
102
123
151
152
139
146
178
216
211
168
137
152
195
217
189
139
119
143
181
182
145
118
129
162
175
159
136
141
157
156
131
111
119
137
125
78
32
23
59
75
38
-30
-73
-60
-25
-29
-90
-160
-182
-164
-148
-160
-193
-222
-221
-202
-195
-194
-184
-162
-148
-147
-154
-155
-127
-89
-70
-70
-73
-65
-35
1
22
25
30
37
45
55
60
58
55
53
45
31
29
38
45
57
52
31
21
26
39
50
54
40
22
24
39
54
63
61
54
55
66
79
85
83
70
62
62
67
73
67
46
25
21
33
48
33
-3
-28
-17
9
15
-6
-50
-68
-46
-10
-2
-26
-57
-66
-50
-29
-22
-28
-27
-22
-31
-36
-27
-4
32
32
-10
-46
-33
18
55
48
-3
-46
-29
24
52
40
3
-31
-32
-12
-11
-27
-28
-29
-46
-62
-74
-64
-29
-2
-32
-82
-99
-74
-25
-7
-37
-86
-92
-50
-11
4
-11
-29
-21
8
25
13
5
17
29
32
16
-12
-5
36
69
56
21
1
17
58
78
48
0
-16
6
36
44
23
2
14
39
54
51
36
35
50
61
46
22
16
40
71
67
36
20
33
70
96
70
19
-1
14
36
35
4
-32
-41
-13
-3
-21
-38
-45
-36
-34
-48
-78
-85
-59
-43
-62
-92
-104
-80
-37
-23
-52
-81
-73
-38
-6
-4
-36
-56
-33
0
19
10
-2
-4
15
34
32
15
15
18
14
14
5
-9
-10
1
-6
-16
-13
-13
-9
-11
-18
-29
-21
0
2
-5
-13
-14
1
25
35
23
14
12
26
49
60
55
44
37
40
49
61
59
47
38
26
21
20
22
25
19
4
-16
-21
-18
-2
12
2
-21
-36
-32
-18
-1
2
-11
-18
-13
-7
-1
7
12
16
19
10
-6
-6
10
22
31
21
-11
-19
8
42
55
42
11
-17
-13
13
18
10
-18
-41
-56
-58
-52
-50
-48
-55
-69
-79
-70
-64
-50
-37
-43
-52
-48
-35
-16
5
20
20
18
23
27
37
48
49
40
25
20
21
30
35
24
12
6
9
12
12
3
-6
-12
-10
-6
-7
-10
-13
-13
-11
-4
4
8
10
5
7
11
15
22
26
24
20
20
20
23
29
28
24
14
2
-1
4
15
19
4
-13
-22
-12
5
10
5
-10
-19
-14
-8
-5
-9
-11
-13
-16
-19
-27
-22
-16
-8
-11
-22
-25
-21
-8
4
13
14
11
11
22
33
37
39
40
36
31
25
19
23
18
10
3
-4
-15
-23
-29
-28
-25
-25
-27
-36
-41
-37
-27
-14
-7
-11
-15
-17
-5
3
10
16
16
13
7
7
13
24
31
29
15
7
9
15
21
18
15
4
-7
-12
-8
-2
1
-6
-20
-26
-26
-11
5
5
-4
-15
-17
-7
3
8
4
0
0
2
3
1
7
7
6
-1
-9
-6
-1
6
3
-2
-6
-7
-2
3
5
0
-10
-13
-9
-5
-5
-9
-20
-30
-33
-29
-23
-24
-34
-41
-38
-28
-18
-10
-6
-6
-1
5
12
16
23
31
37
31
28
31
37
45
48
36
21
17
26
33
31
20
5
-1
0
3
7
7
4
0
-12
-14
-11
-1
5
-4
-17
-25
-18
-5
2
-3
-10
-17
-17
-9
-6
-7
-11
-12
-19
-26
-30
-29
-20
-16
-24
-41
-46
-38
-27
-20
-26
-40
-44
-38
-26
-15
-18
-26
-23
-19
-12
-7
-1
4
7
11
9
11
20
30
37
39
38
37
44
58
58
56
53
52
56
58
60
63
59
53
47
44
45
47
46
36
25
14
12
16
20
14
2
-8
-11
-9
-8
-7
-13
-25
-29
-31
-30
-27
-31
-33
-40
-47
-52
-50
-44
-40
-43
-57
-60
-57
-49
-43
-44
-48
-52
-51
-45
-34
-31
-27
-27
-25
-24
-23
-11
-3
2
5
1
3
9
21
34
30
25
26
29
39
48
50
45
46
49
52
57
60
60
59
56
54
54
60
65
62
51
38
36
36
40
40
31
21
11
9
8
9
5
-6
-10
-16
-24
-25
-27
-28
-34
-43
-50
-52
-42
-42
-45
-53
-60
-61
-59
-53
-53
-58
-62
-65
-63
-60
-54
-50
-50
-54
-58
-59
-54
-42
-34
-34
-37
-36
-29
-17
-9
-5
1
-1
6
18
32
39
44
49
54
60
67
73
80
87
83
80
77
77
84
85
82
68
65
65
62
58
51
44
31
30
22
19
16
13
9
2
-5
-7
-8
-10
-8
-15
-24
-30
-30
-22
-25
-29
-35
-42
-41
-41
-50
-53
-55
-55
-62
-68
-74
-75
-72
-76
-77
-83
-89
-83
-79
-76
-77
-76
-68
-61
-52
-48
-40
-30
-22
-11
5
15
24
38
46
52
58
65
71
72
75
73
78
77
75
77
75
71
69
63
56
53
52
51
48
47
49
45
46
46
48
50
46
48
45
48
48
44
40
37
31
30
28
16
10
-1
-10
-19
-27
-34
-44
-55
-64
-78
-81
-87
-91
-93
-101
-105
-107
-104
-104
-101
-95
-90
-84
-75
-67
-60
-50
-42
-37
-26
-14
-9
-2
3
11
15
19
24
26
29
30
31
33
33
33
35
33
36
36
35
42
43
46
50
53
51
55
59
62
65
70
74
81
82
82
84
83
79
75
71
66
58
48
40
33
22
12
1
-8
-16
-26
-35
-43
-52
-59
-64
-71
-77
-79
-80
-80
-83
-81
-78
-77
-73
-67
-64
-62
-57
-54
-51
-52
-50
-46
-41
-39
-37
-35
-34
-33
-30
-28
-24
-23
-18
-13
-12
-9
-4
0
6
14
19
20
29
34
35
41
44
48
50
54
55
51
53
54
54
56
56
56
56
53
54
52
49
47
44
38
35
33
25
20
16
8
1
-3
-6
-10
-15
-23
-29
-31
-35
-40
-40
-38
-39
-38
-38
-34
-33
-33
-28
-26
-23
-23
-18
-18
-13
-11
-12
-11
-12
-14
-19
-19
-20
-20
-23
-25
-30
-27
-25
-21
-17
-15
-10
-6
-3
5
9
12
18
24
29
31
31
33
35
31
29
26
23
22
15
12
7
3
-1
-4
-3
-8
-7
-5
-2
0
2
6
9
14
20
24
26
28
30
26
22
17
14
12
6
-3
-5
-11
-15
-21
-26
-27
-26
-24
-27
-23
-17
-14
-8
1
6
10
13
17
17
20
19
17
18
14
10
5
0
-6
-12
-14
-18
-19
-24
-28
-27
-26
-21
-19
-13
-9
-5
4
12
17
26
29
31
30
31
31
28
26
18
12
4
4
0
-7
-14
-21
-26
-25
-27
-27
-22
-22
-18
-14
-6
-3
3
10
14
17
18
22
22
19
15
14
8
0
-3
-9
-8
-14
-14
-17
-22
-20
-19
-17
-16
-10
-7
-2
2
5
12
16
22
25
24
24
23
17
13
11
9
3
-2
-5
-11
-18
-21
-24
-27
-30
-29
-25
-21
-19
-14
-7
1
4
6
11
12
13
11
15
16
18
18
13
12
8
3
-3
-7
-11
-15
-16
-19
-16
-12
-15
-12
-13
-8
-1
-2
7
9
12
17
18
21
21
23
20
15
11
11
9
4
4
0
3
-3
-6
-7
-10
-13
-13
