SAMPLES:	9423
BITSPERSAMPLE:	16
CHANNELS:	1
SAMPLERATE:	16000
NORMALIZED:	FALSE
14
14
-7
-8
-4
-6
2
22
-1
1
-10
-25
-12
3
2
4
0
-6
-4
-6
0
1
0
-2
3
17
27
3
-21
-27
-6
-5
2
16
-2
-2
4
-3
-5
-12
-21
-24
-10
-1
2
8
-10
1
6
9
8
12
-25
-12
-8
-2
19
20
12
-9
-2
-6
26
5
-2
8
14
3
12
9
-15
1
-6
-7
1
4
-18
-1
8
9
29
14
-25
-16
-20
-16
3
-13
-6
12
-19
-14
-7
-11
14
1
-4
30
-15
-11
16
-35
-15
11
4
10
45
-2
12
15
15
-14
-19
4
11
28
7
-2
-21
10
21
-5
-11
-14
-21
-6
19
-35
-18
22
38
20
0
-27
-20
-23
9
-2
-22
18
17
18
-1
-6
-19
-3
12
15
-35
7
-4
-7
10
25
-39
18
26
-19
16
9
-26
-8
18
-20
29
-8
-25
27
21
-31
26
5
-11
26
-23
-17
49
-29
13
-22
-9
24
39
-5
5
-41
-1
-9
-34
-2
-21
37
-10
33
-16
12
-16
35
-29
-8
-10
-6
1
5
-7
-3
39
-9
26
15
-12
14
39
-21
-11
-31
-18
35
20
2
46
-40
8
30
-9
-11
38
-30
-29
18
-28
-19
1
-1
30
42
-24
-26
-27
1
-4
-23
56
-29
-31
23
-26
-63
98
-15
-47
29
42
-5
-27
30
-53
-39
95
54
-140
52
14
-89
46
98
-75
-33
70
-44
-40
49
41
-124
111
9
-84
-5
105
-92
-14
59
-36
-10
114
-31
-140
96
-74
-26
79
37
-145
161
6
-137
111
45
-188
153
5
-201
226
30
-220
178
16
-221
168
86
-238
120
150
-243
17
178
-174
-39
238
-183
-70
315
-178
-133
268
-179
-71
285
-215
-29
249
-155
-74
236
-208
-29
231
-194
-54
252
-222
-17
253
-262
7
191
-243
38
227
-272
79
177
-199
55
195
-293
124
126
-181
83
133
-250
143
113
-222
200
-27
-177
206
3
-265
363
-219
-97
300
-221
-55
305
-304
61
202
-322
253
-77
-184
262
-137
-106
364
-326
53
228
-288
148
122
-207
127
13
-173
204
-149
-13
117
-211
118
92
-223
198
8
-178
196
-54
-81
55
-45
-21
66
-65
9
61
-152
241
-74
-207
193
13
-247
257
-105
-169
272
-164
-14
130
-74
-26
80
-32
-15
-38
113
-48
-115
263
-162
14
90
-135
144
-72
-1
110
-128
15
213
-280
100
27
-74
-27
142
-128
-2
163
-225
167
-113
-19
67
-17
-102
212
-181
55
54
-43
5
-78
151
-143
1
131
-111
-132
300
-170
36
114
-165
12
43
-26
73
-137
93
14
-123
224
-100
-67
98
-72
16
40
-33
71
-169
175
-131
-4
86
-69
34
37
-48
116
-127
42
2
-165
214
-85
35
15
-58
143
-166
54
111
-244
202
-20
-150
256
-287
227
-110
-31
123
-204
158
-3
-90
51
-140
132
110
-264
361
-276
85
115
-182
65
61
-78
80
-91
59
-3
-39
154
-199
201
-220
62
143
-132
43
-41
-5
202
-276
214
-124
33
104
-128
-19
-1
52
97
-219
113
51
-98
159
-200
-2
110
-68
-91
73
-9
86
63
-180
128
0
-72
55
-72
46
22
26
50
-182
267
-215
37
93
-122
194
-130
-75
70
88
-101
177
-89
-105
93
44
-201
164
-127
163
-357
354
-204
172
-9
-47
-82
134
-177
75
50
-197
72
34
48
-138
215
-205
93
-21
97
-104
21
-39
102
-33
-36
133
-150
64
-18
36
-38
70
-79
58
-139
5
57
-48
90
-8
89
-88
72
-180
61
-29
89
-112
98
-43
44
60
-40
-33
14
-101
48
53
-142
158
-189
54
99
-72
37
18
-93
105
-112
69
11
-153
125
2
23
62
5
19
-95
123
-17
-116
125
-96
51
-48
27
-12
49
-89
96
-40
39
-17
90
-57
-6
-88
-50
47
-16
6
49
-59
126
23
-55
57
-81
114
-164
79
-167
123
-22
-29
54
6
56
189
-128
63
-161
17
0
-72
29
-130
224
-23
116
-174
135
-41
48
-37
-153
144
-52
82
-55
-58
87
-20
104
-48
-113
88
-58
57
-19
78
-28
23
-15
-162
8
55
-37
11
-12
-14
66
13
-112
102
-101
152
-92
-28
-6
-48
124
-81
-26
33
-52
111
-8
-63
-40
76
-139
50
51
-92
101
75
-95
50
-30
-39
25
-5
-75
69
-180
187
0
-50
20
-41
76
-17
94
31
-85
0
53
-55
101
-122
-71
209
-112
88
42
-46
104
-71
-97
12
-28
-7
-28
62
55
-61
83
-137
-41
71
-85
33
33
-91
84
-55
-27
32
28
-87
73
-108
115
-162
110
-19
83
-59
-10
61
-54
-17
152
-82
62
110
-90
86
35
-83
-84
-60
140
121
68
45
-81
117
-92
-81
-20
-65
25
-74
-43
36
60
28
5
-121
14
112
-264
42
-61
-24
122
-83
121
13
171
-124
-12
119
33
-51
-88
10
-36
112
-143
-59
-29
130
91
-28
57
-109
61
57
-134
123
-319
172
79
-58
-1
45
-98
246
-177
70
-14
-135
295
-209
-80
76
-129
33
50
-106
92
-129
-20
446
-252
157
-148
38
19
48
-16
-119
67
168
-3
-55
-188
89
4
-84
205
-73
180
101
-193
27
-102
-59
-92
-395
210
42
55
207
-210
199
1
159
-64
-19
-51
-177
-128
63
-152
-12
-14
129
158
159
-67
242
-305
178
-186
-283
-133
104
27
11
65
229
38
285
-107
44
-190
-90
-91
-181
154
-71
-58
220
170
50
256
-42
-296
-142
114
-206
349
-323
-67
-27
64
46
211
71
-89
-100
-105
-51
52
-26
-144
-35
131
-32
126
130
-41
172
79
-241
39
-140
28
-20
-113
233
-101
-4
171
116
-93
128
-135
-159
170
17
-99
-178
-35
231
-178
98
270
-107
269
-235
-37
17
-155
2
4
-299
302
-233
121
11
-148
345
-175
133
-97
6
97
-137
-136
421
-432
367
-450
154
195
7
-298
269
-335
332
94
-56
22
132
-25
-120
-279
-16
69
92
256
-328
317
-41
78
-227
-104
-23
257
-192
33
-58
332
-98
-72
-25
-212
235
-109
-150
33
34
96
83
-115
133
-32
63
17
-82
-38
-124
-63
149
47
-101
311
-103
-5
160
-64
-101
-28
-234
-65
51
-169
159
64
-34
193
-62
131
43
32
-51
-174
59
-210
-221
248
-223
212
94
-152
264
82
250
-240
131
-280
314
-285
-15
-252
-301
201
-168
153
139
211
293
-178
29
64
153
-75
-143
-313
-159
125
11
-203
119
55
396
181
-175
216
-352
-2
-51
-188
-153
200
-29
312
4
100
184
-185
-65
-75
-326
147
-171
54
-57
176
207
162
64
-355
163
-310
169
-17
-297
-36
110
161
17
91
27
-7
319
-262
-228
-76
-34
256
-35
-219
154
85
181
-64
-162
-141
267
137
-315
14
-105
319
127
-414
18
138
146
23
84
-198
251
18
-205
-16
-141
-23
-46
-105
147
-71
181
3
122
-8
74
15
-210
-126
-5
110
-274
241
-190
1
230
35
302
-260
-135
308
-267
-66
-62
-95
-27
516
-549
185
131
-56
207
-349
-188
265
-91
-9
165
32
89
175
-223
-413
205
106
102
-516
155
95
46
96
-46
-47
204
-144
-78
-3
185
-133
-37
81
-199
59
-34
-129
364
-257
67
261
-16
369
-265
-38
15
-301
30
8
-221
145
-121
143
98
462
-221
71
-243
8
241
-390
-118
7
20
-118
289
146
6
100
-142
21
146
-143
-194
103
-30
-101
-92
108
291
3
-91
-130
326
-138
225
-637
-86
334
-156
-40
-310
378
200
163
-396
437
-43
90
-546
-191
262
-160
510
-422
275
350
38
-74
93
-84
-333
144
-206
-14
225
-97
222
-171
447
-298
-170
-54
-258
269
60
84
-200
230
26
-234
288
-312
-147
191
-316
165
219
-226
-1
173
-410
773
-343
-274
194
-246
329
-129
-160
195
-97
-57
133
-6
-9
395
-105
-259
110
-135
96
-49
-570
514
372
-755
939
-183
-183
272
-425
480
-238
-363
-153
151
-130
145
-121
14
393
71
70
-220
208
46
-459
-212
292
-117
143
-121
218
89
-5
-121
-107
-58
108
147
-400
70
33
653
-552
-195
203
282
-120
133
-276
2
-255
315
185
-185
187
-54
255
-570
473
-451
151
126
-480
453
173
-221
176
0
-228
552
-526
523
-709
-135
911
-1086
464
-111
-603
960
-323
-668
503
37
-280
469
-553
334
368
-668
258
268
-489
528
-153
-252
487
48
-62
-126
143
-379
423
-364
196
113
-225
399
-24
-390
-20
432
-850
659
-308
154
247
-563
175
507
-489
231
-65
14
477
211
-593
-369
471
-501
546
-327
22
-354
421
86
-310
75
20
-41
289
-615
287
169
-524
1178
-1042
527
-89
46
220
-346
-37
-113
358
-317
125
-179
161
312
-320
178
653
-880
282
-254
171
-19
-228
185
-169
158
89
56
-155
371
-234
-5
93
-82
-10
517
-84
-254
146
-209
16
-103
-197
202
-94
-389
903
-417
-140
734
-641
527
-168
-530
580
-589
434
167
-322
76
-43
-429
374
-329
267
-173
43
198
-505
349
-685
869
-333
54
239
-277
368
-249
-256
-100
257
-206
472
275
-81
260
-282
497
-693
165
-442
-122
510
-604
691
-1017
830
246
-233
-121
33
-613
592
-444
-486
271
-781
789
-296
545
-460
987
-35
-506
714
-1223
561
-281
-477
879
-616
711
-147
34
351
183
-13
-191
-629
-121
407
-560
755
-71
-86
9
907
-383
1332
-621
-721
1181
-1894
1554
-777
75
-403
230
645
-718
1015
-912
1178
-692
-107
-1048
-265
-236
-877
-861
106
-296
-294
620
-465
1288
135
637
928
1048
102
-79
-650
103
-148
-161
-249
266
-20
464
327
224
278
-926
788
-808
-210
-517
-1015
254
55
270
56
285
559
261
-185
113
-773
55
383
-696
509
-807
461
213
279
-370
166
101
-114
839
-1056
631
-110
207
160
-994
473
-100
230
305
-821
695
-506
897
-322
-773
526
41
-73
-289
77
-179
744
-994
302
-475
-221
725
-265
-195
329
97
295
311
-254
-26
-147
146
-22
-536
-333
68
183
778
-426
867
-253
-243
880
-1468
436
-60
48
14
38
-549
874
-210
-93
-93
-495
1031
-616
219
-704
783
-474
351
-762
-68
112
-121
213
-168
-251
96
396
-522
230
-151
465
-272
225
-38
740
376
-797
479
-545
1019
-224
-129
-517
-306
389
-55
-111
-990
1159
-349
792
-754
-268
381
173
500
-1263
410
148
740
-144
-437
650
358
25
-398
-944
726
150
264
164
-678
-32
-814
712
-932
292
-569
-607
645
-1198
707
-120
95
1010
-603
281
-363
-207
900
-541
1049
-511
-94
1196
-67
859
-512
-539
646
-1443
504
343
-523
775
-262
48
756
-324
66
-627
472
538
-578
-388
-903
976
-1078
758
-657
476
208
-340
295
-381
277
-237
-107
-432
689
-765
924
-73
-367
-29
400
678
-836
-11
-591
640
271
-528
-111
-401
706
232
-169
-211
501
-314
238
-567
-355
-126
350
619
-578
513
183
558
-820
-287
616
-845
126
-380
-625
1261
114
699
-722
95
929
219
-645
551
-762
546
407
-805
45
-671
1185
-365
-277
-193
27
239
602
-415
-351
-874
860
-594
-414
387
-96
464
-316
-166
75
-126
446
155
-807
625
-311
164
-399
98
-450
-515
444
-265
-294
-163
373
1017
-261
-403
-471
-64
456
-414
33
-750
-33
923
-239
192
-82
530
753
-247
761
-217
446
805
-1
466
103
-32
643
-775
485
-774
-935
761
-457
-42
-89
-110
123
-794
117
-790
182
-858
517
-246
-491
1338
-623
791
-88
237
728
-578
315
-657
-378
529
-398
305
-397
107
261
244
595
-700
-530
-291
-484
546
-872
-777
486
169
982
-334
119
1008
153
730
-207
-283
-320
-1
711
-101
-221
761
-451
928
-932
18
-664
417
326
-486
-313
163
203
727
874
-826
168
-804
1200
-927
-127
-1120
616
543
590
-911
-529
574
264
-128
-1361
52
581
291
-77
328
-472
1222
-158
93
-524
-36
-242
-497
-258
356
-590
-667
914
-433
-70
-539
-523
873
193
33
-757
33
1065
398
256
-758
132
428
817
-43
-538
-352
324
-16
-305
-530
-195
98
816
345
-374
-265
280
329
-306
-332
-711
39
135
359
-35
-408
59
647
778
449
-300
-157
28
399
-131
-458
1
103
218
-54
-132
-386
-142
66
-97
-569
-327
-47
9
131
297
-13
34
148
207
-36
180
272
130
-70
28
-30
99
-53
86
-479
-134
-367
-478
-758
-504
-200
-400
-200
-472
-438
-474
356
-380
-98
-420
367
225
199
313
510
622
468
265
104
673
776
843
594
1001
936
1128
905
769
926
834
928
436
399
710
559
452
151
17
-294
-171
-115
-444
-447
-816
-766
-775
-1028
-1224
-1657
-1640
-1622
-1896
-2305
-1994
-1988
-1883
-2035
-2308
-2394
-2305
-1894
-2169
-1877
-1449
-777
-583
381
1064
1621
1768
2022
2453
3053
3107
3161
3158
3603
4297
4509
4748
4767
5277
5333
5424
4572
3387
2559
2062
1277
733
-400
-1230
-1761
-1991
-2500
-3448
-3816
-4406
-4853
-5531
-6270
-6977
-7171
-6938
-6803
-6664
-6613
-6025
-5223
-4729
-4102
-3709
-2980
-1752
-514
318
1210
2243
3678
4453
5014
5017
5721
6234
6874
7057
6836
7468
7897
8469
8475
8523
7919
6519
4160
3034
2359
1247
-415
-2060
-2772
-2977
-3052
-3643
-4801
-5346
-5301
-5512
-6331
-6939
-7106
-6763
-5671
-4580
-4028
-3539
-2570
-1537
-889
-716
-337
-641
-20
-390
-831
-1768
-1491
-1254
-1547
-1475
-1600
-1244
-875
-89
-115
517
748
1631
1475
2595
3543
4463
5212
6602
7707
8830
10349
10978
9633
7877
6955
6928
5909
3689
1240
-522
-770
-971
-1920
-3789
-4829
-5398
-5844
-6912
-8257
-9512
-9204
-8206
-7310
-7180
-7131
-6452
-5161
-3602
-3585
-3962
-3054
-1458
-657
-1013
-1193
-654
770
1761
1868
1383
1882
2946
3990
3671
3646
3781
4390
5061
5607
5685
6092
6964
7820
8362
8496
6850
4973
4415
4597
3572
1108
-1286
-2321
-2181
-1961
-2707
-4349
-4920
-4819
-4655
-5958
-6978
-7513
-6872
-5501
-4311
-4445
-4575
-4207
-2904
-1663
-1154
-2103
-2571
-888
454
364
-1468
-2057
-1264
722
788
-590
-1696
-412
1527
2273
1445
1192
2079
3708
4882
4983
4927
5865
7769
8989
9724
8491
6230
4417
5670
5603
3419
13
-1457
-1736
-1142
-1619
-3388
-5073
-4942
-4255
-5215
-7099
-8321
-7787
-6395
-4254
-3911
-4280
-4245
-2830
-2311
-1298
-1037
-2105
-2310
-610
259
-1058
-1662
-1116
73
387
254
-715
-853
478
1867
1480
1343
2573
3458
4352
5749
6209
6315
7797
9814
9978
8439
5428
3824
4585
5312
2459
-1565
-3122
-2182
-1633
-2428
-4162
-5897
-5487
-4438
-5144
-7784
-8416
-7362
-5316
-3301
-2514
-3080
-2681
-601
236
-259
-37
251
-904
-663
690
560
-1355
-1567
-294
597
438
-1027
-2344
-1985
288
817
-300
-298
1820
3566
4778
5634
5479
6314
8086
10572
9440
6562
3217
3998
5739
5064
386
-3014
-2755
-1199
-1021
-2864
-5216
-6554
-4743
-4157
-5829
-8556
-8063
-6193
-3397
-2008
-2589
-3355
-1915
766
1338
343
-644
-1265
-276
1301
1217
-1501
-2124
-806
728
-17
-1034
-2515
-2150
-586
711
-282
-485
1410
3552
4533
5302
5751
6005
7674
9217
10115
7653
5143
3400
5311
4866
1993
-2729
-3642
-2883
-1693
-3187
-5102
-6746
-5980
-4617
-5591
-7590
-8372
-6516
-4255
-2164
-1884
-2135
-1385
1039
2246
2011
636
757
490
796
510
221
-1206
-1300
-919
-266
-789
-1651
-2649
-2079
-866
-410
-614
-311
1517
3484
5008
5660
6189
7209
8933
10464
9649
5979
3499
4581
6149
3101
-1461
-3919
-3150
-2343
-2577
-5071
-7082
-7240
-5317
-5447
-7513
-8843
-7434
-5113
-2656
-1551
-1767
-1616
946
3230
3056
1965
1206
1798
1488
1178
82
-42
-661
-771
-1288
-1767
-2055
-2203
-2260
-2588
-2295
-1656
-141
991
2041
3358
4803
6312
7446
8384
8948
10688
10287
6849
3821
5006
5572
1844
-2592
-4201
-3823
-3852
-4210
-6120
-7867
-7892
-6189
-6700
-8357
-8793
-6993
-4949
-2727
-1236
-1004
-35
2456
4606
3970
3106
2638
3250
2768
1528
-46
-45
181
-978
-2539
-3515
-2535
-2045
-2294
-4055
-3942
-2505
51
1153
1147
1891
4467
7416
8205
8232
8718
11644
11513
7595
3999
5523
5921
2043
-2645
-4272
-3745
-3243
-3808
-6522
-8453
-8135
-6090
-6837
-8724
-9373
-7336
-4961
-2612
-1463
-1392
-78
2676
4685
4063
2948
1396
1092
2245
3427
1107
-2308
-2988
-967
570
-610
-3099
-4602
-2929
-943
-836
-2940
-2760
407
4268
5265
4874
5099
7081
10062
11986
12059
8970
5164
4054
6582
5403
-588
-5441
-4900
-2939
-2772
-4942
-8171
-9507
-7510
-5084
-6807
-9874
-9935
-6465
-3209
-1332
-1254
-1268
1000
4798
6484
4712
3136
2775
2252
2038
2961
1689
-2457
-4017
-1920
111
-1274
-4329
-6187
-4347
-1752
-2000
-4297
-4164
379
4789
5320
3575
4550
7695
11022
11868
11430
9657
7085
5045
6204
6621
1798
-4195
-5366
-3188
-3316
-5208
-7789
-9312
-8579
-5685
-6058
-9424
-10395
-6781
-2890
-1206
-1081
-1089
592
4299
6955
5749
3352
2590
2446
2841
3611
1895
-2641
-4304
-2073
-211
-1559
-4219
-5724
-4428
-2035
-1455
-3572
-4344
-956
3699
4771
3633
4117
6792
10199
12387
12364
9536
5858
4293
6257
6230
699
-5288
-5450
-2712
-2461
-5055
-7939
-8899
-7056
-4559
-5832
-9464
-10104
-5922
-1980
-427
-739
-644
1116
5027
7292
5379
1668
192
2566
4802
2796
-2631
-4437
-1850
1132
-381
-4008
-5922
-3616
-1196
-1571
-4480
-5530
-2098
2780
4439
2555
2867
5851
9975
11277
11224
10346
9078
5618
4199
5626
4094
-1992
-5878
-4460
-3227
-3824
-6463
-8464
-8930
-6281
-5022
-7195
-10259
-8643
-3922
-898
-462
-426
386
3177
6971
7555
4660
2439
2958
3358
2953
1526
-827
-3157
-2823
-1223
-1769
-4377
-5685
-4455
-3237
-3263
-4006
-3704
-1629
1847
4037
3382
3631
6081
9420
10540
11306
11353
9732
5802
3993
5517
4712
-988
-6147
-5941
-4385
-4481
-6738
-8729
-9391
-7206
-5316
-6870
-9716
-8678
-4111
-777
-195
-119
832
3489
7048
8410
6279
4206
4594
4886
3932
1124
-2005
-3087
-1858
-2540
-4703
-5977
-4960
-3386
-3040
-4687
-5209
-3185
-487
1352
1353
1272
3463
7374
9492
9969
10309
11899
12586
9348
3976
3439
4908
1656
-4718
-6972
-6168
-5503
-6229
-7961
-9354
-8739
-6651
-6560
-8662
-9729
-6322
-2162
-522
-122
1267
3153
6127
8535
7414
4532
3893
4558
4341
3144
993
-1387
-1783
-893
-1516
-4158
-5665
-4741
-3454
-4022
-5099
-4743
-3178
-598
1811
2668
2579
4745
7933
9409
9012
9411
10880
10401
6181
2980
4097
3694
-1770
-6293
-5795
-4635
-5311
-7306
-8986
-9524
-7868
-6183
-7030
-9116
-7864
-3465
-656
-146
850
2753
4844
7253
7554
5187
3299
4799
5690
3682
599
-422
-657
-790
-1746
-3470
-5048
-4799
-3781
-4010
-4918
-5032
-3149
-1197
562
1570
2518
3758
6680
9028
9271
9308
10779
10241
6076
3391
4606
4336
-1362
-6273
-5579
-3403
-4376
-6971
-8608
-9133
-7487
-5397
-6622
-9396
-8070
-3229
-610
-412
309
2427
4698
6901
7377
5634
4346
5356
5828
3414
994
-177
-1469
-2704
-2722
-3368
-5178
-5899
-5465
-4804
-4580
-4531
-4505
-3138
-428
2336
2936
2754
4996
8965
10702
10173
10057
10922
10428
7117
4083
3762
2647
-2425
-6303
-5953
-4885
-5918
-7552
-8916
-9370
-7863
-6141
-6817
-8532
-7165
-2956
-274
273
1398
3576
5621
7343
7741
6152
5146
5465
4569
2895
2382
787
-3552
-5253
-2807
-2015
-5938
-8922
-7509
-4104
-3384
-4921
-6208
-4058
800
4223
3182
1721
5020
9990
11542
9936
9607
11621
11769
7578
3777
3903
2513
-2792
-6199
-5089
-4490
-6161
-8199
-9204
-9157
-7201
-5635
-7282
-9318
-6976
-2167
-233
76
1383
3375
5235
7504
7547
5781
4680
5636
4841
1975
-202
-410
-1703
-3698
-4143
-3977
-4767
-5432
-5758
-6153
-5272
-3821
-2776
-3019
-1978
697
4060
5452
6569
7594
9120
10971
13029
11495
6847
4105
5490
5441
-134
-5748
-5734
-2658
-2688
-5644
-8518
-9047
-7316
-4542
-5228
-8320
-8824
-4567
-982
134
441
1500
3251
5446
6800
5270
3170
2616
4081
4119
1931
-1588
-2987
-1859
-394
-1724
-5019
-6947
-5595
-3326
-3599
-5263
-5635
-3189
104
2254
1950
1989
4749
8428
9648
8435
8226
10138
10025
6029
3615
4177
2163
-2726
-4253
-2834
-2705
-4513
-6230
-6887
-6704
-5178
-4366
-5823
-7530
-5062
-1395
-535
-516
1067
2712
4001
5247
4629
3240
3174
4294
3697
1302
-1658
-2367
-2154
-2553
-3771
-4726
-5535
-5248
-4279
-4347
-4630
-3592
-1817
-379
386
783
2199
4818
7319
8459
8670
8645
10123
10583
7191
3909
4246
3508
-1383
-5053
-4092
-2423
-3181
-5659
-7020
-6838
-5370
-3963
-4653
-7095
-6511
-2520
-234
-356
187
1934
3525
5322
5526
4197
2632
2435
2830
2729
521
-2469
-4033
-2972
-1303
-1716
-4706
-6252
-4997
-2803
-2486
-3504
-4404
-3015
-6
2066
2407
2402
4724
7577
9248
8636
8476
8473
7509
4963
3875
3083
-82
-4368
-4179
-1646
-1507
-4652
-6822
-6345
-4587
-3232
-4023
-6172
-6935
-3333
191
572
-515
784
2903
4913
5615
4238
1949
1505
2864
2801
910
-1678
-2873
-2787
-1733
-1954
-3850
-5588
-5221
-3681
-2977
-3744
-4404
-3170
-571
1739
2307
2009
3187
6394
8279
8230
7490
7936
8024
6385
3963
3373
1764
-2267
-3962
-1791
-1280
-3748
-5891
-6021
-4846
-3454
-3295
-5005
-6408
-4514
-529
583
-442
-5
2034
3385
4754
4626
2892
1889
2907
3427
1929
-903
-2374
-2665
-3319
-4054
-4268
-4740
-5153
-4594
-4022
-3203
-2193
-1499
-1180
-497
747
2642
3938
4752
5988
7817
8765
9685
9059
6081
3868
4289
3166
-1367
-4634
-3419
-1454
-2537
-5303
-6376
-5497
-3757
-2411
-3802
-6507
-5968
-2039
-110
-161
55
1247
2610
4505
5121
3788
2106
2248
3241
2561
535
-1242
-2078
-2315
-1682
-2293
-3855
-4813
-4468
-4217
-3895
-3614
-3411
-3067
-1675
194
1662
2335
3561
5297
6656
7075
7003
7530
7511
5599
3391
3205
2030
-1170
-2667
-1103
-915
-3077
-4890
-4676
-4057
-3178
-2886
-4325
-6103
-4477
-846
27
-690
-143
1295
2410
3875
4124
2883
1960
2580
2925
2121
206
-1803
-2862
-2667
-2363
-3314
-4325
-4505
-3830
-3419
-3255
-3032
-2255
-1131
-218
58
437
2291
4701
5948
6068
5993
6880
8130
7052
4020
2936
2674
218
-2122
-1513
-1078
-2537
-3996
-3945
-3435
-3043
-2767
-3517
-5005
-4627
-1802
-565
-992
-302
1065
1706
2830
3839
3104
1743
1590
1966
1796
318
-1229
-1712
-1857
-2421
-2855
-3101
-3365
-3401
-3440
-3430
-2789
-1913
-1410
-1044
-517
796
2572
4008
4761
5456
5863
6628
7120
5463
3010
3028
3062
115
-2689
-1703
-319
-1238
-3204
-3817
-3479
-2713
-1931
-2823
-4827
-4762
-1641
-30
-361
-252
802
1596
2983
4016
3335
1790
1236
1720
1617
743
-409
-1339
-2195
-2091
-2388
-3195
-3616
-3376
-3419
-3495
-3162
-2784
-2076
-1433
-439
694
1493
2451
4031
5290
5545
6152
6520
5109
3470
3674
3367
416
-1924
-682
569
-862
-2849
-2912
-2793
-2288
-1619
-2642
-5022
-4496
-1482
-403
-861
-573
347
872
2473
3518
2907
1487
1545
1895
1827
1195
56
-1557
-2324
-1702
-1799
-2797
-3573
-3546
-3750
-3523
-3026
-2730
-2537
-1555
-641
-106
703
2315
3785
4409
4640
5079
6174
6121
4446
2998
2974
1951
4
-316
490
-219
-1830
-2584
-2231
-2006
-1527
-1873
-3495
-4585
-2703
-576
-547
-1032
-704
-180
945
2696
2727
1237
46
807
1248
869
321
-93
-1659
-2522
-1760
-1359
-2072
-2782
-3338
-3406
-2586
-1632
-1382
-1690
-1327
97
1563
2198
2882
3592
4137
5140
5644
4179
2692
3073
3041
909
-611
164
962
30
-1471
-2094
-2037
-1397
-749
-1784
-4006
-3949
-1561
-304
-446
-433
-474
-117
1543
2638
1787
463
338
552
277
-129
-175
-921
-1915
-2023
-1520
-1604
-2058
-2685
-2832
-2129
-1621
-1881
-1513
-475
208
482
1346
2777
3661
3824
4376
5311
4622
2974
2369
2543
1318
91
13
276
-327
-1191
-1757
-2079
-1795
-1288
-1830
-3602
-3893
-2121
-885
-847
-642
-434
-213
1010
2196
1864
889
715
1063
1118
791
255
-383
-936
-874
-990
-1806
-2383
-2267
-2538
-2881
-2522
-1870
-1373
-963
-652
57
1117
2041
2424
2661
3282
4686
5091
3737
2603
2733
2357
1296
1065
1015
339
-516
-1061
-1542
-1737
-1385
-1453
-2712
-3845
-3014
-1711
-1297
-1017
-782
-1006
-440
1036
1516
1260
1078
1008
860
1192
1029
421
-387
-708
-784
-761
-1146
-1893
-2556
-2785
-2342
-2027
-1940
-1872
-1581
-1091
133
1120
1318
1408
2025
2846
3971
4510
3458
2215
2329
2508
1834
1324
1208
594
-250
-541
-513
-836
-1067
-1231
-2005
-2954
-2515
-1555
-1345
-1186
-827
-798
-482
605
1098
894
583
590
672
945
1038
774
-146
-659
-413
-316
-713
-1210
-1901
-2528
-2262
-1838
-1700
-1832
-1791
-1495
-664
162
654
762
773
1292
2129
2747
2940
2610
1917
1688
1818
1645
1230
1010
704
364
97
-79
-306
-406
-489
-850
-1411
-1324
-712
-326
-357
-410
-375
-89
578
968
798
439
417
600
943
869
267
-485
-634
-559
-790
-1128
-1504
-2056
-2461
-2198
-1816
-1737
-1819
-1859
-1814
-1251
-505
-186
-349
-251
377
1044
1446
1694
1672
1655
1945
1982
1586
1411
1327
945
716
705
662
499
427
323
214
319
625
647
341
235
415
541
640
656
518
490
711
814
696
472
172
-241
-491
-779
-1162
-1405
-1658
-2002
-2066
-1894
-1934
-2115
-2220
-2106
-1843
-1683
-1736
-1803
-1577
-920
-293
-195
-146
162
580
959
1201
1117
1009
1251
1260
1136
1061
1021
1031
1009
870
824
922
1242
1523
1469
1203
1231
1333
1347
1346
1287
1170
1112
1220
1166
1023
814
541
121
-163
-351
-616
-928
-1265
-1551
-1777
-1868
-1913
-1977
-2182
-2271
-2158
-2012
-1924
-1876
-1864
-1748
-1388
-993
-765
-654
-538
-459
-344
-196
52
195
207
168
270
452
605
745
858
830
953
1270
1486
1661
1897
2049
1989
2017
2178
2377
2306
2200
2039
1925
1857
1707
1371
834
454
228
-11
-445
-797
-1106
-1387
-1642
-1829
-1962
-2140
-2243
-2221
-2129
-1947
-1644
-1615
-1832
-1886
-1541
-1029
-741
-881
-1217
-1284
-955
-498
-378
-592
-699
-561
-266
77
202
59
143
400
700
1046
1252
1411
1676
1969
2111
2144
2179
2336
2453
2380
2209
2152
2037
1919
1718
1320
855
528
221
-79
-305
-628
-1015
-1290
-1363
-1433
-1584
-1794
-1815
-1618
-1397
-1441
-1679
-1847
-1593
-1161
-919
-1009
-1167
-1156
-959
-735
-691
-757
-791
-743
-625
-478
-387
-368
-305
-166
43
342
578
790
1063
1349
1510
1553
1641
1845
2019
2098
2046
1939
1903
1905
1744
1452
1136
816
517
291
95
-136
-449
-742
-969
-1062
-1041
-1027
-1088
-1136
-1122
-1159
-1248
-1241
-1094
-962
-838
-789
-860
-917
-834
-731
-715
-707
-694
-740
-774
-732
-644
-588
-479
-307
-146
3
245
538
788
1008
1112
1103
1168
1418
1668
1735
1630
1543
1588
1682
1648
1388
999
654
440
266
137
-13
-243
-590
-867
-939
-841
-727
-779
-940
-997
-916
-860
-879
-937
-852
-685
-507
-487
-542
-594
-543
-497
-488
-483
-497
-551
-611
-581
-469
-294
-194
-164
-165
-6
298
588
667
641
650
830
1102
1326
1358
1271
1289
1420
1520
1454
1213
878
609
418
272
111
-74
-325
-577
-772
-812
-751
-737
-866
-973
-931
-782
-687
-749
-833
-754
-476
-264
-234
-324
-363
-310
-207
-197
-221
-247
-283
-363
-410
-348
-214
-97
-164
-249
-182
130
462
578
430
301
411
734
1050
1144
1061
1036
1174
1303
1321
1135
890
663
526
357
154
-28
-187
-382
-618
-766
-852
-821
-819
-897
-1011
-974
-861
-807
-824
-808
-630
-367
-137
-153
-278
-297
-117
65
153
63
-92
-153
-72
64
129
80
-28
-88
-32
184
351
365
241
191
266
484
677
726
703
740
857
923
891
801
723
649
530
326
93
-31
-47
-154
-387
-629
-752
-730
-693
-752
-919
-992
-881
-758
-727
-726
-667
-472
-240
-123
-144
-212
-117
60
206
242
207
115
125
230
311
302
220
127
101
209
343
390
286
202
208
329
479
577
569
549
613
668
638
571
512
446
384
253
43
-106
-135
-148
-287
-484
-651
-688
-690
-744
-910
-1037
-947
-771
-686
-755
-796
-688
-394
-137
-91
-217
-273
-87
219
430
436
289
179
282
521
626
552
372
253
322
515
604
473
298
217
303
460
566
521
431
417
452
457
412
353
299
243
156
19
-132
-194
-236
-347
-525
-680
-740
-752
-775
-889
-1005
-990
-864
-776
-778
-796
-717
-504
-263
-176
-244
-260
-102
211
450
504
397
317
426
637
751
680
515
426
515
688
765
639
421
293
331
481
560
490
354
290
331
381
360
253
163
111
109
36
-113
-254
-321
-347
-399
-516
-708
-851
-897
-870
-874
-910
-981
-976
-908
-813
-740
-643
-489
-363
-294
-261
-164
62
335
472
464
424
508
699
834
810
699
625
681
792
857
780
615
486
445
493
536
513
403
279
192
199
245
252
168
39
-61
-107
-127
-202
-292
-385
-442
-497
-587
-712
-786
-832
-865
-893
-906
-898
-882
-863
-834
-697
-535
-398
-375
-359
-271
-46
234
399
395
374
428
576
760
798
734
640
652
707
793
780
671
518
422
389
413
474
454
360
227
159
150
202
203
133
22
-54
-75
-88
-126
-217
-301
-376
-433
-511
-594
-666
-694
-705
-728
-754
-802
-814
-773
-677
-571
-495
-470
-442
-369
-161
84
246
272
243
295
460
626
658
592
519
544
637
691
643
517
398
355
327
286
263
255
244
201
161
148
164
187
161
85
32
25
33
-4
-71
-131
-144
-172
-273
-416
-502
-504
-480
-504
-599
-674
-690
-625
-580
-554
-512
-437
-365
-281
-180
-49
73
168
206
237
354
492
556
503
444
458
546
565
478
358
283
254
221
164
86
81
152
173
90
-2
15
107
168
115
24
-18
1
39
21
-15
-91
-130
-184
-258
-343
-375
-374
-424
-495
-562
-547
-513
-463
-433
-390
-313
-225
-127
-53
57
174
284
306
337
390
483
530
485
420
375
406
409
358
213
68
-19
-36
-73
-97
-109
-99
-91
-95
-81
-19
48
77
55
24
50
103
116
88
44
22
9
-47
-148
-242
-268
-255
-281
-385
-470
-481
-423
-380
-334
-293
-223
-152
-58
44
146
261
320
340
367
441
536
560
446
324
307
356
342
237
61
-90
-171
-195
-231
-280
-295
-262
-206
-197
-192
-139
-15
49
57
48
81
124
158
161
150
133
95
78
-24
-143
-220
-214
-218
-304
-422
-473
-454
-406
-348
-280
-222
-144
-31
93
194
268
349
428
475
509
583
614
560
454
420
395
360
242
68
-112
-218
-258
-294
-364
-435
-423
-366
-340
-380
-331
-227
-103
-55
-45
-40
17
101
145
147
108
96
94
61
-34
-90
-129
-163
-258
-343
-359
-334
-310
-310
-264
-183
-71
22
109
178
282
396
490
516
542
574
592
605
551
538
499
426
297
173
52
-69
-167
-269
-333
-381
-375
-361
-371
-388
-360
-270
-170
-146
-174
-177
-118
-42
41
30
-38
-65
-21
-2
-37
-141
-220
-239
-276
-338
-396
-411
-427
-350
-279
-200
-132
-45
31
128
229
353
458
497
524
560
642
684
695
658
583
487
426
373
287
137
-37
-165
-226
-239
-270
-304
-355
-382
-348
-283
-206
-166
-192
-210
-178
-84
-19
-23
-103
-119
-67
-33
-46
-128
-224
-243
-272
-339
-408
-431
-429
-379
-324
-280
-202
-104
-13
71
173
271
382
439
472
498
579
644
670
627
566
519
485
419
309
178
52
-38
-126
-166
-199
-230
-256
-278
-279
-242
-197
-166
-153
-158
-99
-53
-43
-62
-87
-66
-62
-58
-108
-179
-248
-281
-287
-321
-397
-466
-474
-429
-347
-286
-234
-196
-109
19
161
239
298
336
371
433
520
610
622
581
526
511
497
466
362
264
156
48
-41
-95
-134
-158
-155
-183
-196
-212
-203
-141
-61
-20
-27
-49
-70
-56
-17
3
-13
-56
-118
-165
-226
-280
-302
-351
-457
-564
-583
-525
-462
-422
-398
-335
-224
-97
41
122
152
191
281
397
517
582
596
573
560
584
591
536
416
316
215
127
53
-14
-84
-132
-123
-78
-70
-128
-167
-126
-4
87
76
-16
-70
-25
85
161
100
13
-47
-50
-89
-165
-263
-361
-451
-517
-551
-570
-546
-523
-486
-437
-357
-242
-138
-73
-39
33
116
195
312
427
504
532
513
502
515
515
459
350
246
162
121
74
-18
-65
-65
-52
-67
-96
-108
-81
-11
55
67
40
48
96
146
169
138
75
42
15
1
-77
-170
-251
-310
-388
-469
-488
-462
-420
-451
-465
-423
-327
-228
-154
-119
-58
21
98
184
270
388
438
419
381
393
416
399
316
202
127
54
27
25
-13
-68
-61
-46
-60
-114
-104
-33
62
107
96
110
160
238
288
256
151
114
127
125
22
-72
-135
-212
-311
-410
-445
-455
-447
-448
-451
-453
-402
-312
-226
-157
-102
-52
28
120
215
324
361
373
363
362
341
311
269
207
124
7
-65
-84
-61
-78
-105
-136
-116
-84
-43
3
46
91
138
200
245
300
335
352
308
261
245
244
162
16
-94
-180
-250
-372
-431
-449
-452
-450
-454
-462
-441
-354
-270
-202
-180
-152
-55
95
203
263
306
313
319
331
310
281
232
150
46
-43
-105
-93
-103
-144
-188
-188
-133
-102
-102
-100
-31
77
192
268
295
337
387
407
431
401
358
281
198
90
25
-59
-183
-336
-420
-427
-410
-415
-462
-496
-483
-369
-271
-210
-212
-178
-94
46
166
264
322
322
295
307
329
314
232
112
8
-68
-116
-164
-204
-274
-296
-263
-218
-201
-171
-89
-2
88
185
273
348
413
446
505
546
529
470
395
301
202
115
-13
-169
-304
-398
-439
-437
-474
-523
-552
-530
-456
-371
-293
-246
-206
-144
-6
111
209
281
308
324
338
335
287
235
172
93
-15
-84
-130
-158
-210
-275
-300
-272
-202
-154
-116
-46
76
222
318
368
401
477
540
573
553
483
418
353
284
168
42
-129
-264
-363
-436
-468
-506
-532
-560
-548
-506
-449
-430
-385
-335
-232
-108
12
127
208
261
280
299
313
301
270
205
135
97
25
-68
-153
-183
-170
-171
-174
-153
-136
-97
-18
81
183
267
318
368
445
555
571
505
434
406
404
343
205
34
-73
-149
-267
-370
-448
-512
-553
-608
-636
-643
-622
-596
-544
-449
-337
-184
-40
59
147
253
352
420
436
434
414
326
246
225
155
59
-94
-194
-169
-132
-138
-228
-262
-189
-34
90
212
291
354
404
491
593
570
540
486
450
443
426
309
99
-102
-260
-400
-515
-573
-616
-577
-549
-467
-421
-376
-356
-317
-902
-1293
-1406
-1953
-1885
-1455
-400
1008
2156
3090
3488
3213
2379
904
-609
-1803
-2372
-2363
-1862
-768
437
1372
1832
1667
1079
321
-661
-1376
-1761
-1620
-974
-89
915
1608
1941
1957
1678
1137
498
-61
-567
-874
-911
-807
-623
-440
-233
-129
-58
-49
-529
-838
-1111
-1560
-1545
-1292
-765
76
737
1289
1594
1348
1128
586
51
-182
-289
-252
-6
256
374
403
296
86
-202
-350
-558
-624
-540
-365
-224
-104
23
-13
-57
115
367
634
811
908
901
740
538
160
-142
-311
-352
-277
-171
-57
4
-61
-229
-451
-665
-753
-710
-644
-458
-285
-102
57
141
290
302
312
320
353
432
444
368
324
193
30
-38
-207
-296
-324
-382
-334
-231
-234
-203
-100
-88
-63
-126
-110
-81
-118
3
69
39
127
232
322
455
488
500
539
574
420
168
-23
-216
-370
-582
-648
-698
-581
-238
-140
-86
99
199
64
-16
-16
-153
8
114
168
420
453
388
421
264
87
-186
-272
-135
-197
-254
-234
-270
-279
-264
-419
-446
-208
-13
-72
304
533
682
795
607
514
433
230
153
39
-49
-97
-132
-76
-77
-285
-448
-507
-571
-616
-331
-306
-218
95
55
329
141
15
58
-261
3
224
44
312
427
440
597
99
48
10
-430
-434
-329
-303
-125
-255
-212
-261
-295
-248
-210
-31
-4
397
306
494
573
563
570
407
98
-20
166
238
133
-47
126
57
-117
-251
-419
-440
-352
-447
-441
-322
-213
-314
-160
-12
103
292
131
297
390
234
428
126
5
96
103
163
64
-50
-99
-287
-497
-415
-452
-536
-405
-440
-261
-20
-30
110
151
149
513
631
311
346
514
199
280
272
325
190
285
284
127
-117
-154
-291
-645
-739
-807
-623
-466
-54
4
138
229
127
145
-4
8
117
163
241
521
464
443
329
456
405
163
33
-479
-386
-509
-547
-408
-497
-314
-226
-328
-89
-109
-118
128
-57
33
11
113
379
305
598
574
492
663
438
228
-85
-415
-214
-533
-370
-206
-330
-247
-321
-342
-279
-354
-164
-18
-143
153
135
311
288
17
350
374
399
557
306
369
561
236
-104
-94
-260
-379
-310
-238
-186
-602
-341
-211
-465
-502
-205
-210
-68
-50
231
300
373
350
316
329
560
461
151
212
316
24
-203
-102
-297
-258
-363
-501
-477
-355
-513
-94
-272
-309
50
14
69
187
154
467
633
609
519
510
565
425
120
114
215
-17
-134
-220
-225
-358
-202
-561
-637
-384
-533
-280
-247
-349
-76
33
-103
118
224
401
502
347
192
407
242
-37
154
-118
-60
-186
-40
-52
-138
-254
-262
-260
-497
-226
-205
-249
-16
-69
89
139
235
441
199
350
457
547
400
345
189
212
249
57
-65
-110
-149
-197
-533
-520
-323
-626
-336
-480
-523
-143
110
143
132
292
501
371
77
265
202
-2
58
134
105
173
26
65
90
-121
-244
-132
-255
-394
-394
-249
-376
-213
-169
-149
-17
184
330
287
355
416
584
433
311
99
350
73
51
38
-67
-82
-55
73
-121
-70
-339
-299
-504
-586
-511
-569
-290
42
-62
181
388
445
366
107
214
296
3
71
-82
-76
265
-163
-57
185
62
12
-141
-270
-144
-288
-221
-309
-276
-35
62
203
-12
91
266
357
312
315
250
246
131
221
195
-29
108
233
-195
-174
-190
-51
-289
-588
71
-240
-282
-167
-170
-348
-68
-129
-22
-24
228
319
159
203
323
22
-46
177
149
56
126
351
-95
13
-65
-243
-366
-166
-321
-365
-276
-59
163
57
243
210
210
-80
-2
122
15
126
421
194
197
264
237
-6
-155
-194
-331
-463
-247
-261
-448
-111
3
-97
-152
123
353
95
-182
12
3
-21
289
-24
-1
400
455
187
213
107
-39
-181
-101
-243
-448
-274
83
127
-209
-22
52
24
-347
224
-169
-84
35
188
-60
197
371
321
72
294
197
-30
39
-165
-294
-163
-29
88
-218
-414
188
-27
-147
-221
33
-53
-58
148
14
52
210
85
61
241
81
121
-142
169
19
-164
-7
110
124
0
-165
-12
-152
-223
-45
-338
-234
54
30
-13
-97
-83
301
-53
168
110
67
155
180
-57
47
50
239
-79
-35
38
-84
-36
-83
-144
-293
-148
-65
-64
-74
95
51
159
55
130
-9
-21
-68
280
-37
137
190
131
138
326
8
-30
21
-181
-177
-178
-230
-195
-102
-32
-160
-112
-188
110
-5
-49
28
-15
185
101
162
102
173
-12
124
3
-49
-134
-193
-36
-106
3
-155
-58
-109
-80
-37
-75
-135
-103
27
115
230
140
271
254
287
65
114
171
112
11
-26
-43
18
-3
-83
-37
-147
-63
-226
-182
-139
-56
-258
-140
-187
13
-46
62
71
181
158
158
224
76
166
61
45
18
-55
41
-100
-78
-116
1
-58
-228
-191
-258
-93
-281
-66
-100
57
58
234
233
233
306
145
74
55
94
79
107
-23
176
166
33
74
-176
-60
-245
-201
-194
-246
-274
9
-114
-204
-43
-39
124
-8
114
-10
82
63
143
41
119
66
174
71
15
88
-30
3
-142
-3
-188
6
-120
-68
-222
12
-20
-75
38
137
13
72
154
3
161
104
293
170
212
143
190
-124
10
-133
-81
-34
-84
-174
-179
-217
-168
-29
-93
-155
-65
-161
39
-99
-241
-182
136
44
165
91
359
291
102
213
74
132
-125
-148
-79
-149
-269
114
-64
-45
94
61
-107
47
-82
-39
-6
73
-17
-62
107
176
78
83
187
253
173
234
108
-54
-28
-17
-85
-219
-88
-363
-110
-206
-111
-317
-43
-168
40
-195
-20
-84
-82
-14
132
130
27
280
192
271
-2
295
3
45
-283
74
-84
-113
-205
53
-109
51
-31
-58
-15
13
8
-122
28
-29
274
61
236
233
282
34
250
60
-27
-125
6
-66
-204
-4
-97
-156
-20
-154
-147
-162
-214
-78
-239
-4
-60
147
33
8
-18
-1
181
194
26
125
403
92
-11
1
56
-115
-185
-69
-82
-123
-84
-135
-104
-291
45
7
78
-56
109
5
82
161
17
-21
213
343
138
181
138
272
11
-89
-126
-20
-210
-145
-110
-95
87
-14
-98
-183
32
-194
-149
-224
8
39
23
177
152
268
-60
144
-62
52
103
15
-194
16
79
-103
-165
-55
-140
-215
-83
-68
262
-114
127
-139
21
10
41
-74
-98
157
161
121
121
519
232
243
37
155
-182
52
-258
-127
-290
7
-55
-105
-250
-29
-102
-116
-106
-14
-136
-15
86
87
-125
-27
203
42
245
4
282
3
193
-152
-19
-270
33
-106
-207
-79
12
175
-67
-16
-51
-31
6
-23
-75
-70
-6
181
107
184
283
205
227
111
172
76
-159
-138
2
-273
-9
-264
0
-42
-72
-99
-138
-182
-26
28
-163
-82
2
142
61
179
-32
71
82
4
-51
-104
-9
60
-64
173
121
-46
17
-29
-287
-312
-41
-53
-108
-54
128
334
249
122
164
206
50
65
-176
-114
154
28
158
29
248
130
93
-68
-54
-408
-295
-140
-218
-231
-173
-33
99
222
71
168
-40
113
-67
-163
-141
84
-24
-22
104
21
237
-60
135
-46
46
35
1
-220
-135
37
-24
-186
-168
188
26
1
-4
96
193
188
53
77
22
250
-11
-43
-99
37
26
43
0
-161
26
-49
36
-361
-118
-196
86
-178
17
-127
55
214
94
-114
-45
11
-81
102
-74
156
68
259
135
217
-47
-37
-74
-150
-272
-169
-156
-3
57
12
24
76
153
-72
-139
38
89
-50
40
210
130
178
45
151
-3
143
3
-44
-114
48
-82
-184
-121
-143
3
-261
-30
12
30
-91
-155
30
15
0
-8
94
47
174
65
1
107
26
96
-2
165
-89
-39
-20
-21
-189
-230
26
-41
-1
-55
4
129
-81
-75
-100
-17
29
44
61
135
246
91
195
127
166
-32
9
-84
-217
7
-120
-73
-102
-19
53
4
-80
-175
-152
-7
-125
3
-112
143
51
173
-32
162
48
69
167
-21
107
-135
218
-43
49
-64
-67
-46
-177
46
-210
-152
-31
16
-119
-60
-10
215
-64
-87
133
65
255
119
134
7
341
-12
131
-146
16
33
-124
-4
-188
39
-142
79
-223
-207
-87
-153
1
-176
-83
-149
38
5
149
23
198
205
25
179
249
216
23
107
-108
-30
-129
49
-154
12
-146
63
-70
-157
-86
-243
-22
-179
33
-285
242
50
222
58
399
116
115
15
59
112
-19
108
-17
65
-136
49
-168
-108
-243
-142
-265
-57
-99
-175
-82
-146
30
-34
123
-15
186
125
210
171
109
90
130
116
5
119
-148
-69
-114
16
-157
-21
48
-167
66
-126
-98
-79
-71
-111
36
-51
110
125
36
151
170
242
55
95
165
17
17
-62
-71
-102
39
3
-63
-182
-118
-167
-154
-99
-130
-68
-109
-40
-41
-20
67
99
86
243
128
287
49
105
-73
87
-117
37
21
4
-63
34
-23
-185
78
-329
42
-228
42
-148
35
53
141
170
30
148
-28
185
-30
103
-71
120
190
68
-31
-33
-116
-12
77
-259
-161
-168
76
-146
-33
-227
-7
-2
-31
-123
-103
155
149
83
37
156
194
121
171
-89
63
-43
99
-66
-5
-63
-55
-119
-29
-150
-56
-137
-86
-135
21
21
68
25
-63
199
36
169
49
166
-55
79
141
67
-106
-60
-6
-89
48
5
-53
-3
18
-18
-213
-109
-126
-148
-25
-105
8
-34
152
104
218
86
204
102
102
-30
9
-87
101
-15
72
-139
61
-9
16
-332
-211
-131
-61
-160
-60
7
-5
278
5
72
-113
205
62
56
-51
249
153
73
85
48
50
-104
-6
-141
-55
-179
-115
-134
-36
3
-128
-2
-77
69
24
21
14
25
95
69
127
16
129
43
135
58
-33
46
-5
-32
-194
-99
-246
49
-226
46
-305
119
-65
88
-62
39
9
156
166
-106
74
-25
344
-11
89
-5
152
-37
24
11
-8
-89
-59
-143
-68
-22
-25
-65
3
-34
-38
-36
4
-77
38
-43
209
89
127
13
169
47
108
-30
-145
-37
-52
-39
-127
-70
-69
-8
-52
-88
-118
113
-165
-49
-115
76
10
93
-7
183
94
129
31
101
89
-17
73
39
83
-52
51
-74
60
-115
-109
-24
-132
17
-123
-4
-66
-89
-61
-11
110
6
118
27
180
-32
143
-76
101
66
39
58
10
62
-155
144
-218
31
-312
-56
-298
80
-78
-94
39
-78
215
-130
167
-111
213
-88
175
48
84
106
-15
115
-58
152
-175
110
-133
94
-115
-68
-7
2
-115
-77
-92
-99
-27
-31
36
51
57
131
126
91
49
-61
98
6
177
-191
9
-87
101
-80
64
-224
46
-248
3
-244
-135
-99
57
108
11
34
140
169
6
66
21
47
169
108
75
49
13
76
12
-19
-244
16
-62
-76
-207
-122
50
64
-102
-84
-30
192
97
-35
-62
-47
199
-91
215
-134
275
-115
284
-239
146
-13
-30
35
-256
74
-266
114
-342
132
-218
139
-80
-23
70
-75
223
-226
346
-120
317
-134
235
-88
159
31
47
11
-162
70
-145
44
-148
61
-165
-19
-115
-13
-101
-13
18
14
-9
55
142
22
146
-8
200
-14
249
-109
76
-52
-24
-75
-75
-36
-220
123
-156
-29
-224
19
-54
26
-134
-30
0
97
48
197
32
112
21
82
-18
46
76
105
-8
22
61
-69
32
-157
2
-312
-62
-235
138
-206
90
-125
109
48
121
-58
-1
21
180
75
96
163
76
122
96
104
-139
-55
-179
22
-207
48
-256
70
-246
172
-246
56
-162
30
-141
20
77
-28
191
-34
208
21
199
75
86
27
18
-24
97
-114
2
-170
64
-184
110
-123
75
-127
-29
-29
-114
-11
-288
145
-126
346
-9
264
94
195
177
27
72
-68
59
-168
17
-117
-7
-136
-46
-31
-64
-12
-203
-79
-214
-109
-22
-125
38
-23
161
-15
166
139
174
57
37
10
143
126
69
-37
16
6
59
-64
-73
-185
-59
-84
-15
-168
-47
-71
9
38
-10
67
9
164
5
91
46
225
42
135
-81
70
-55
66
-42
-181
-70
-75
-43
-179
-8
-45
38
-114
-6
-123
-30
-82
-5
-15
98
42
241
124
185
60
34
100
-76
39
-114
189
-81
156
-191
83
-222
-41
-140
-163
-96
-179
111
-171
194
11
195
7
131
0
113
111
33
-4
16
60
63
55
-29
82
-68
-36
-192
-68
-162
-219
-98
-169
119
-227
277
-116
224
26
87
16
-38
233
-207
259
-98
242
-158
186
74
68
60
-102
-53
-166
-80
-222
-97
-121
-94
112
-133
42
-41
101
-16
86
26
72
146
118
86
84
144
27
74
-58
-52
-28
-89
-257
-83
-253
149
-111
37
-137
60
29
32
-58
-81
60
-32
103
-93
246
48
279
-66
218
-28
109
-110
-153
8
-163
96
-262
246
-288
250
-264
82
-229
24
-94
36
-5
-100
163
13
237
-37
279
37
180
-101
60
48
-67
0
-80
-26
-56
-66
-73
-88
-109
15
-195
85
-167
19
-76
150
49
110
61
163
133
-8
89
38
21
-19
-7
5
-12
66
-24
-86
21
-98
-6
-302
15
-96
-50
-94
-25
38
-44
113
-31
174
60
105
-15
151
-3
96
87
46
117
-110
24
-4
-138
-99
-95
-110
-22
-112
-109
0
-79
-14
-70
42
72
57
17
-4
96
18
49
26
74
135
140
-59
80
-21
188
-105
-14
-118
-119
14
-140
-2
-265
58
-76
-57
41
-21
107
19
79
-7
81
-34
86
22
30
112
63
112
-46
29
-142
23
-144
-11
-219
46
-191
18
-80
-29
22
6
74
-18
168
-81
168
34
-35
-6
-84
253
-26
150
32
90
-67
63
-47
-77
-94
-232
66
-275
144
-209
150
-31
58
-59
18
-37
84
-111
96
134
111
275
-191
348
-230
218
-278
35
-32
0
-54
-2
79
-226
151
-306
91
-96
-48
11
-84
257
-109
225
27
55
130
-110
-18
8
69
-25
24
-116
205
-233
225
-384
161
-215
139
-143
-172
165
-211
163
-237
250
-245
187
-51
101
92
-65
252
-133
284
-99
141
-21
42
34
-82
-2
-97
1
-164
-125
108
-44
116
-158
-39
-86
161
-59
-9
15
97
121
-39
105
-37
43
29
166
-72
24
7
13
-76
-87
-156
-104
-151
99
-257
30
-122
124
134
-92
82
-116
127
95
-64
44
-177
227
181
132
107
-72
179
-45
49
-129
-112
70
-134
-113
-107
-109
121
12
-69
-62
-129
75
88
-130
-47
-109
263
22
161
28
-58
313
-44
182
-264
56
-6
40
-76
-84
-92
40
-34
39
-18
-246
125
-247
165
-172
56
-72
151
137
-22
113
20
98
25
65
129
-58
25
-42
13
-58
-178
1
-109
89
-175
92
-100
-23
-10
22
29
-65
9
-17
47
78
48
17
56
72
29
-58
0
35
-21
-75
-18
29
29
-55
-56
-125
116
-19
45
-138
70
39
22
-19
45
33
90
-12
45
77
32
169
-94
128
-111
24
-129
59
-159
-6
-188
-25
-109
-67
-70
11
4
100
32
-60
80
-72
147
14
156
-67
76
-10
121
-24
-24
65
62
50
-53
-64
19
-61
-105
-136
-8
-107
41
-5
69
27
6
85
-15
83
-77
182
20
26
-57
66
92
114
-29
-63
-30
-61
-37
-122
-33
-120
-124
-208
48
3
-53
-64
-19
58
48
-8
44
101
60
59
-7
109
40
90
-3
48
49
-19
-63
-97
-48
-62
-116
-39
22
-58
-68
-85
105
56
-60
-52
70
122
109
-97
125
177
151
50
-111
116
-2
18
-82
-69
13
10
-110
-93
-92
-17
-72
-110
-21
-42
-77
-87
32
108
36
53
58
74
83
66
-3
8
69
46
-2
9
76
-19
-55
-102
65
-28
-74
-60
-30
-19
-9
-45
-48
39
16
16
-37
61
39
20
-41
79
115
36
6
-34
16
54
36
-12
-94
-4
-33
-41
-25
-26
15
-57
28
16
36
-35
-4
-12
46
37
16
-15
66
95
-1
53
48
32
-36
-67
-47
-49
-49
-59
-76
-16
-9
21
-12
-48
-17
-18
11
-8
-43
-58
-59
13
21
18
-16
77
52
60
40
-55
4
18
3
-75
-22
-14
4
17
81
-8
-37
34
-16
29
12
57
-3
37
44
-6
71
58
50
22
1
2
-31
-66
-81
-47
-12
-44
-42
-29
-20
-1
-38
-23
-16
-14
2
-14
12
-6
30
63
31
26
53
43
11
19
-9
-9
-6
-61
-57
-27
-17
-38
-67
-59
-36
4
-5
18
-14
12
53
81
80
39
30
-5
51
12
25
-4
33
60
10
53
19
-18
-35
-18
-111
-87
-47
-16
-18
-61
-45
-5
68
23
-17
-5
47
2
-4
-31
27
44
11
47
46
20
-13
6
-21
2
-28
-58
-53
-12
4
-4
-4
-37
4
-2
17
38
8
39
-25
1
51
59
71
21
18
29
25
-37
-67
-75
-12
5
-3
-16
-2
43
0
-77
-81
-48
-19
0
-1
1
14
37
46
28
12
27
5
25
20
9
-3
-11
17
6
-15
-7
-23
-16
8
-11
-16
-16
-12
0
-18
-5
20
35
34
33
29
33
38
24
26
7
-9
3
9
-21
-36
-10
-15
-28
-32
-25
-16
-12
-4
-18
-6
-6
-3
12
22
24
27
24
22
-10
-6
2
-26
-33
-37
-4
15
7
-12
-17
-23
-16
-27
-14
-6
-16
5
8
22
41
57
36
14
16
16
30
20
-24
-30
-16
-2
1
-24
-17
-8
