-2
-1
-2
1
1
1
0
-1
0
-2
-3
-2
-1
-2
-1
-1
-1
-1
-1
1
-2
-2
-1
-4
-3
-3
-4
-6
-6
-7
-9
-9
-8
-8
-8
-8
-10
-8
-7
-5
-6
-7
-7
-6
-7
-5
-4
-6
-7
-7
-6
-7
-7
-5
-2
-4
-5
-5
-4
-1
-2
1
1
2
2
3
3
3
5
5
6
6
5
2
5
6
4
1
2
4
3
4
2
2
3
2
1
-1
0
-1
1
3
1
4
4
2
3
2
1
0
-1
0
-1
-2
-2
-2
-1
-1
1
2
-1
-1
-2
-3
-3
-2
-3
-3
-2
-1
3
3
2
4
5
4
3
1
1
0
-2
0
0
1
0
-1
-4
-3
-3
-3
-2
-1
2
2
3
1
-3
-6
-7
-7
-2
1
2
1
1
1
0
1
4
3
8
8
7
8
2
3
5
1
8
5
1
7
1
-4
-3
5
4
3
-4
-1
1
0
2
-7
1
2
2
3
1
-4
-5
1
7
6
-1
-1
4
-7
-1
-1
-1
3
5
12
-8
-3
-3
-2
6
-2
11
0
-5
11
1
-4
-14
-19
8
3
-7
0
-3
2
-6
-7
5
-4
-22
-7
4
-2
2
8
3
-3
-3
0
-2
-14
-4
7
2
0
-9
1
12
8
-11
-14
-8
-5
3
4
21
4
-11
4
1
-3
-4
-19
-13
-12
26
35
3
-9
-26
-14
-8
-2
8
10
-3
-3
-18
-3
21
-7
-27
-24
-7
22
0
-11
-4
-34
8
20
28
23
-53
-30
1
14
36
0
11
-1
1
9
-1
-9
-19
14
27
38
4
-10
-10
-8
19
5
5
2
10
18
0
3
-10
-7
6
14
30
-36
-19
-4
12
35
5
13
-29
-13
18
-15
-17
1
33
13
0
14
-5
-14
-41
8
13
1
22
7
-13
-22
-16
-2
-25
-7
34
11
-23
-12
11
13
-9
-28
4
-38
17
31
-19
3
-14
7
6
-2
-11
-32
-23
31
34
-2
10
-9
-17
6
-11
5
10
-3
25
7
21
26
-34
-24
-5
36
4
-17
-12
9
21
1
8
-3
-9
-3
3
7
-13
6
2
-5
14
26
-12
-59
-1
32
9
3
-9
30
-6
-22
40
-2
-16
-8
0
-4
-25
11
27
-23
-40
27
31
2
-20
-14
-24
5
48
28
3
-3
2
-10
-54
12
27
-47
31
-6
16
26
-7
-5
-49
25
14
21
-9
-30
35
-39
27
-8
-18
21
-72
-10
10
24
-35
13
29
8
-7
-39
15
-25
8
66
5
26
-51
-42
-8
-2
65
0
19
-32
12
23
-33
-71
-40
80
45
35
11
-21
-23
-35
11
-19
45
49
20
20
-32
14
8
-10
20
-41
-34
39
-18
23
23
-7
12
-1
-6
22
10
-26
27
25
46
13
-12
55
-51
-75
33
57
48
-41
24
30
-17
25
-22
25
-2
-10
47
-32
41
-20
-27
-11
-44
46
13
63
32
-3
6
-31
10
12
-39
29
-8
-14
16
5
-9
-113
-57
61
67
-35
-5
61
56
1
-12
34
-44
-19
-56
21
32
-35
-30
-73
-15
-13
22
-36
32
13
16
181
25
-27
-73
8
81
-11
6
-57
-31
-93
-65
6
-44
24
-47
9
60
48
44
17
63
6
119
87
14
-48
-76
26
-65
-35
-36
-57
-11
-58
-51
-15
11
26
30
10
58
102
40
43
26
45
44
-17
-83
1
-35
-15
20
-55
-60
-61
28
-46
-50
-20
24
57
48
61
4
17
-34
16
14
5
42
-39
-23
-27
-61
-13
18
-37
-63
6
53
50
-8
-44
-29
63
41
39
37
2
49
-8
-59
-2
-43
-43
-28
-33
42
28
-25
-17
-26
-11
35
-24
-11
-35
9
43
-19
-72
-83
-52
-35
-66
-63
-21
18
7
-7
39
29
20
26
-6
12
33
17
14
-8
17
12
-3
4
-12
-14
-15
-15
3
24
75
77
19
50
55
53
47
34
48
46
49
38
46
51
24
-31
-45
-40
-52
-64
-106
-96
-82
-65
-24
-43
-38
-31
-36
5
34
58
61
38
2
-8
20
33
-11
-53
-66
-69
-65
-61
-48
-53
-45
0
43
76
99
110
107
90
97
129
116
72
12
0
4
-32
-49
-43
-48
-49
-59
-24
-12
-36
-41
-44
-39
-44
-44
-5
25
4
5
15
28
1
-12
21
38
-8
-44
-33
-9
-37
-52
-24
-14
-32
-67
-68
-27
-18
-26
-17
3
30
25
15
21
43
40
47
82
105
89
49
35
25
-10
-43
-41
-16
-25
-43
-25
8
-4
-52
-69
-43
-52
-110
-107
-40
-3
-18
-28
-20
-23
-65
-81
-63
-58
-72
-94
-59
-13
-12
-29
-25
-9
-15
1
33
73
70
43
33
30
37
10
-9
23
56
60
31
58
92
70
46
48
70
68
46
42
69
54
46
68
81
97
124
172
240
247
246
240
218
193
152
135
89
34
39
56
53
7
-57
-97
-107
-110
-102
-103
-168
-218
-241
-236
-227
-267
-264
-274
-284
-297
-295
-306
-355
-397
-412
-408
-416
-417
-392
-369
-356
-342
-290
-225
-201
-164
-147
-109
-109
-109
-92
-79
-32
21
68
164
258
353
456
553
636
676
666
620
593
569
586
604
623
669
701
757
784
781
746
737
784
874
997
1105
1166
1158
1134
1083
1024
877
431
-215
-925
-1678
-2295
-2801
-3066
-3073
-2822
-2287
-1546
-786
-165
308
658
871
966
888
691
388
-10
-454
-816
-1101
-1432
-1637
-1780
-1723
-1512
-1283
-918
-567
-248
86
363
589
687
687
607
546
463
342
254
136
153
243
380
471
537
619
697
842
985
1093
1164
1218
1296
1446
1552
1660
1719
1782
1846
1937
2027
2117
2169
2214
1980
1159
9
-1326
-2656
-3840
-4620
-4899
-4625
-3919
-2720
-1281
18
933
1616
2044
2143
2029
1752
1299
669
61
-409
-765
-1213
-1718
-2126
-2388
-2464
-2301
-1915
-1401
-811
-169
458
918
1072
898
338
-237
-771
-1120
-1195
-1201
-947
-593
-277
59
189
161
80
55
149
399
660
824
971
1046
1186
1326
1420
1429
1412
1446
1617
1823
1998
2128
2171
2231
2313
2440
2594
2674
2873
2503
1357
62
-1696
-3275
-4833
-5824
-6050
-5656
-4535
-2958
-1045
458
1495
2296
2589
2604
2290
1759
1080
323
-244
-716
-918
-1339
-1724
-2037
-2261
-2235
-2036
-1635
-1098
-484
208
803
1181
1175
960
554
-75
-673
-1301
-1828
-2074
-2035
-1722
-1212
-676
-193
269
659
932
1156
1282
1331
1343
1324
1254
1040
826
670
621
735
935
1253
1534
1806
2068
2259
2356
2358
2258
2289
2240
2408
2540
2774
2368
843
-571
-2637
-4303
-5865
-6796
-6822
-6271
-4722
-2652
-287
1372
2399
3229
3351
3193
2650
1959
1111
138
-363
-783
-995
-1576
-2047
-2406
-2660
-2540
-2310
-1836
-1197
-405
498
1254
1706
1621
1301
834
233
-344
-1003
-1740
-2238
-2356
-2172
-1752
-1254
-732
-86
553
1145
1587
1757
1708
1614
1517
1373
1137
835
582
517
685
1027
1394
1666
1921
2093
2270
2261
2202
1944
1746
1735
1770
2131
2394
2599
1156
-434
-2225
-4250
-5674
-7011
-7108
-6559
-4899
-2629
2
2104
3098
3828
3985
3559
2905
1884
929
-232
-824
-1133
-1287
-1598
-2126
-2355
-2618
-2528
-2229
-1809
-1179
-323
670
1585
2070
2035
1603
1010
260
-564
-1256
-2147
-2699
-2759
-2585
-1988
-1408
-752
22
703
1341
1828
1988
1855
1700
1442
1171
839
374
104
35
221
664
1140
1501
1793
2038
2200
2208
2024
1806
1528
1476
1553
2022
2372
3010
2666
747
-640
-2951
-4748
-6332
-7162
-6902
-5818
-3602
-1097
1556
3028
3688
4186
3917
3273
2398
1430
298
-655
-892
-1201
-1347
-1896
-2302
-2668
-2761
-2501
-2156
-1501
-656
416
1484
2170
2272
1826
1048
115
-903
-1695
-2542
-3075
-3096
-2754
-2058
-1377
-758
-116
556
1126
1598
1835
1728
1599
1349
1006
649
187
-116
-207
8
530
1100
1619
1990
2244
2348
2287
2050
1778
1517
1359
1615
2001
2651
3263
3965
2473
665
-1368
-4162
-5892
-7562
-7731
-7179
-5186
-2561
395
2845
3845
4469
4651
4029
3234
2189
1058
-289
-873
-1199
-1575
-1860
-2516
-2828
-3068
-2818
-2425
-1831
-1089
-124
1022
1869
2131
1919
1268
381
-401
-1036
-1585
-2392
-2880
-2911
-2715
-2195
-1802
-1250
-505
288
1235
2034
2321
2250
2071
1650
1203
617
-59
-470
-618
-234
475
1180
1720
2062
2256
2273
2159
1950
1666
1466
1465
1831
2291
2919
3290
3897
3286
900
-834
-3739
-5834
-7366
-7984
-7218
-5599
-2783
-100
2747
4227
4721
4936
4396
3428
2330
1206
-65
-999
-1317
-1902
-2177
-2796
-3297
-3570
-3602
-3177
-2551
-1583
-505
808
1971
2527
2588
2111
1250
293
-582
-1487
-2395
-2900
-3118
-2911
-2606
-2227
-1698
-963
16
1005
2062
2580
2750
2758
2279
1602
746
-75
-664
-824
-467
217
949
1472
1815
1948
1941
1690
1394
1286
1123
1490
1867
2566
3098
3727
4133
4580
3370
571
-1581
-4894
-6705
-8074
-8162
-7152
-5119
-2138
673
3490
4706
5023
4955
4148
3122
1945
793
-536
-1398
-1712
-2279
-2443
-3119
-3535
-3841
-3694
-3132
-2366
-1332
-242
1157
2166
2646
2562
1912
939
-63
-949
-2071
-2811
-3273
-3407
-2644
-2032
-1222
-207
621
1555
2390
2745
2636
2197
1447
723
38
-597
-953
-983
-553
235
1046
1745
2145
2280
2224
2005
1720
1378
1184
1347
1681
2127
2577
2909
3326
3512
3822
1510
-772
-3195
-5979
-6884
-7745
-7077
-5875
-3163
-485
2390
4584
4917
4940
4441
3328
2223
1053
-277
-1628
-2061
-2502
-2776
-2948
-3552
-3688
-3672
-3043
-2239
-1170
-130
1079
2350
2991
3080
2580
1494
260
-731
-1609
-2286
-2925
-3441
-3247
-2878
-2097
-1132
-297
799
1769
2546
3011
2722
2015
1125
197
-482
-785
-972
-672
-141
542
1302
1833
2031
1957
1788
1492
1265
1157
1223
1491
1907
2232
2728
3017
3470
3574
4044
2176
-367
-2302
-5259
-6390
-7491
-7214
-6173
-3779
-1115
1556
3969
4457
4435
4122
3131
1993
874
-285
-1540
-2035
-2281
-2615
-2717
-3353
-3553
-3527
-3037
-2319
-1249
-195
1010
2375
3051
3121
2592
1538
217
-802
-1900
-2797
-3314
-3628
-3209
-2248
-1307
-380
602
1415
2096
2617
2530
1945
1128
237
-436
-870
-1090
-1033
-658
-9
871
1636
2201
2362
2328
2130
1821
1509
1275
1234
1403
1828
2185
2744
3085
3587
3891
4344
2347
-95
-2387
-5342
-6368
-7370
-6954
-5863
-3434
-855
1769
3905
4183
4016
3497
2443
1482
474
-599
-1681
-2007
-2289
-2565
-2730
-3404
-3606
-3657
-3052
-2184
-1031
-6
1108
2260
2808
2785
2218
1171
-10
-785
-1443
-1804
-2208
-2656
-2748
-2517
-2067
-1432
-592
359
1345
2188
2586
2329
1565
517
-402
-971
-1110
-931
-365
357
1224
1995
2495
2616
2369
2018
1614
1187
973
1083
1219
1786
2303
2899
3311
3702
3939
4322
3647
649
-1218
-4137
-6014
-6859
-7196
-6302
-4760
-2066
221
2761
3738
3561
3357
2572
1677
834
19
-962
-1662
-1819
-2337
-2516
-3184
-3708
-3800
-3492
-2588
-1497
-328
727
2016
2863
3095
2804
1944
782
-191
-902
-1684
-2435
-3005
-3563
-3186
-2643
-1907
-791
128
1148
2071
2509
2299
1588
604
-246
-652
-821
-555
-98
531
1337
1974
2349
2315
2024
1622
1353
1090
1026
1208
1491
1926
2460
2921
3283
3469
3832
3918
4332
1977
-519
-2685
-5700
-6574
-7510
-6955
-5896
-3424
-875
1551
3510
3526
3178
2716
1775
1004
368
-381
-1210
-1360
-1688
-2145
-2468
-3397
-3735
-3690
-3014
-1935
-626
554
1787
2910
3255
3042
2288
1091
-141
-916
-1596
-2392
-2780
-3373
-3320
-2752
-2179
-1113
-91
939
1876
2498
2464
1834
881
-56
-680
-923
-660
-178
482
1241
1764
2095
2110
1862
1536
1354
1036
1003
1131
1380
1809
2336
2826
3350
3600
4012
4023
4360
3744
436
-1338
-4453
-6504
-7355
-7754
-6914
-5258
-2497
-338
2278
3428
3198
3221
2683
1925
1402
805
-66
-760
-1120
-2101
-2559
-3455
-4245
-4332
-4007
-2989
-1669
-239
981
2328
3087
3142
2763
1910
789
-73
-739
-1424
-2108
-2553
-3074
-3239
-2815
-2551
-1641
-381
504
1689
2383
2162
1788
1084
201
-221
-249
-137
548
1149
1595
1934
1938
1781
1559
1372
1183
1036
1273
1504
1859
2355
2578
2792
3183
3217
3659
3652
4281
2968
-7
-1710
-4907
-6501
-7689
-7830
-7003
-4856
-2100
212
2898
3541
3281
3306
2574
1782
1303
721
-244
-731
-1265
-2261
-2732
-3910
-4576
-4599
-3946
-2834
-1266
154
1414
2813
3479
3456
3032
2030
864
-14
-858
-1997
-2978
-3672
-4309
-3809
-3226
-2402
-970
174
1237
2270
2432
2040
1412
631
86
83
120
475
986
1305
1718
1879
1830
1641
1383
1226
985
996
1137
1304
1765
2353
2723
3224
3699
3761
4126
4180
4563
2062
-614
-3138
-6311
-7305
-8382
-7707
-6329
-3756
-1113
1474
3491
3361
3135
2840
2051
1720
1359
810
-77
-622
-1544
-2467
-3284
-4478
-4811
-4637
-3719
-2259
-554
836
2250
3391
3715
3442
2766
1565
468
-291
-1200
-1951
-2891
-3921
-4279
-4347
-3768
-2693
-1261
315
1615
2695
3056
2646
1828
907
109
-149
-22
277
803
1032
1220
1354
1250
1150
1023
981
958
1235
1517
1941
2353
2663
3117
3308
3649
3691
3909
4024
4432
2068
-782
-3008
-6466
-7563
-8317
-7761
-6138
-3584
-986
1462
3480
3201
2855
2674
1772
1621
1532
1117
272
-325
-1436
-2633
-3493
-4842
-5237
-4979
-3954
-2269
-265
1216
2625
3720
3826
3509
2893
1678
601
-254
-1265
-2054
-3116
-4300
-4746
-4804
-4006
-2633
-999
774
2095
3024
3314
2770
1801
904
78
-61
265
596
1019
1123
1002
971
869
775
849
923
1086
1440
1872
2306
2542
2820
3098
3154
3533
3562
3867
4026
4474
2225
-744
-3065
-6604
-7633
-8449
-7715
-5956
-3457
-935
1355
3103
2605
2223
2123
1463
1708
1816
1588
755
-126
-1455
-2779
-3755
-5136
-5325
-4847
-3684
-1834
114
1496
2799
3718
3777
3429
2864
1697
636
-292
-1274
-2103
-3030
-4052
-4697
-4708
-4109
-3031
-1226
319
1629
2745
2975
2723
2032
1154
412
330
415
703
1011
899
687
387
282
312
552
798
1082
1457
1939
2283
2739
3136
3460
3763
4067
4073
4384
4212
4482
3145
-504
-2737
-6367
-8090
-8677
-8287
-6529
-4327
-1753
452
2521
2618
2042
2153
1786
1983
2529
2551
1795
574
-841
-2535
-3588
-5055
-5607
-5219
-4177
-2386
-315
1183
2368
3282
3519
3415
3062
2201
1174
246
-745
-1770
-2787
-4213
-5112
-5087
-4712
-3191
-1518
-54
1355
2130
2579
2594
1944
1304
791
687
874
1078
1017
814
382
87
185
334
731
1040
1361
1709
2087
2378
2644
3047
3409
3651
4021
3999
4196
4094
4221
3884
281
-2243
-5553
-7989
-8404
-8326
-6743
-4752
-2306
-359
1763
2242
1559
1740
1764
1954
2879
3093
2449
977
-495
-2467
-3591
-4729
-5425
-4918
-4083
-2571
-685
694
1562
2460
2796
2826
2766
2351
1495
675
-322
-1413
-2375
-3464
-4344
-4273
-4214
-3609
-2344
-1307
-44
1051
1840
2406
2359
2121
1805
1522
1256
1125
1010
745
503
164
150
74
299
644
1070
1571
2039
2422
2630
3138
3235
3826
3996
4242
4475
4293
4209
4394
2583
-1295
-3631
-7060
-8318
-8195
-7481
-5621
-3569
-1707
126
1677
1443
1022
1776
1912
2649
3745
3341
2162
448
-1314
-3146
-3832
-4978
-5053
-4341
-3488
-1893
-453
370
1090
1916
2249
2610
2866
2347
1483
640
-532
-1502
-2598
-3585
-4212
-4268
-4262
-3503
-2343
-1461
-199
863
1838
2358
2442
2265
1904
1580
1456
1358
1255
981
614
336
286
277
471
738
962
1298
1630
1973
2482
3016
3595
4052
4599
4786
4575
4544
4083
4266
1243
-2165
-4641
-7620
-8003
-7967
-6628
-5052
-3245
-1755
-68
923
483
741
1776
2237
3649
4408
3871
2328
385
-1543
-2944
-3592
-4579
-4290
-3899
-3085
-1883
-838
-283
541
1360
1979
2737
2879
2257
1275
227
-931
-1912
-3006
-3829
-4078
-3802
-3276
-2329
-1521
-1052
-298
619
1414
1891
2054
1994
1924
1891
1805
1637
1381
954
751
788
757
704
569
560
746
1042
1502
2086
2810
3431
4062
4462
4649
4475
4360
3875
4182
2191
-1641
-3942
-7010
-7692
-7627
-6679
-5303
-3797
-2502
-1186
65
-122
-20
1230
2050
3341
4542
4066
2795
868
-811
-2322
-2793
-3676
-3672
-3300
-3017
-2152
-1475
-1020
-332
686
1384
2212
2584
2201
1515
795
-111
-730
-1455
-2526
-3007
-3567
-3767
-3307
-2848
-2085
-1038
33
1244
1952
2233
2325
2181
2198
2247
2264
1991
1491
790
393
72
-50
101
153
582
898
1380
2003
2779
3489
4139
4626
4639
4616
4012
3724
3370
3432
247
-2725
-4855
-7301
-7095
-6982
-5771
-4691
-3463
-2586
-1118
-534
-726
205
1805
2713
4508
5023
4110
2449
434
-1145
-2152
-2533
-3290
-2973
-3059
-2965
-2420
-2152
-1777
-852
178
1113
2012
2193
1784
1321
649
111
-338
-930
-1492
-2203
-2785
-3652
-3842
-3712
-3243
-1788
-420
832
1719
2014
2160
2374
2464
2707
2869
2562
1957
1263
386
-263
-570
-495
62
585
1086
1670
2193
2963
3427
4011
4278
4222
4210
3856
3734
3930
3701
253
-2206
-4590
-6625
-6544
-6537
-5613
-4833
-3896
-3134
-1642
-1334
-1239
322
2058
3208
5092
5265
4030
2328
493
-727
-1312
-1675
-2377
-2280
-2869
-3096
-2896
-2956
-2641
-1735
-612
426
1336
1508
1297
1130
902
667
462
-400
-1165
-2068
-3142
-3481
-3728
-3385
-2616
-1610
-355
488
849
1246
1578
2072
2610
2921
2865
2373
1617
948
429
53
173
516
911
1347
1563
1914
2276
2703
3172
3687
3630
3733
3570
3403
3388
3912
3104
-403
-2218
-4992
-5811
-5876
-5751
-4970
-4537
-4084
-3360
-2162
-2246
-1554
325
1921
3360
4949
4332
3219
1645
488
-84
-232
-782
-1294
-1670
-2778
-3118
-3329
-3513
-2963
-1930
-819
144
838
837
898
940
1004
1196
1095
583
-98
-1318
-2610
-3171
-3625
-3103
-2433
-1527
-528
-149
274
849
1272
2013
2733
3051
3119
2650
1921
1262
645
425
743
1069
1322
1482
1425
1514
1807
2208
2702
3117
3082
3182
3050
3128
3352
3877
3195
-221
-1981
-4416
-5319
-5357
-5380
-4762
-4552
-4192
-3788
-2825
-3045
-2268
-346
1477
2934
4552
3999
2958
1857
1051
861
804
341
-511
-1139
-2437
-3145
-3394
-3757
-3253
-2282
-1235
-493
47
184
241
797
1197
1609
1509
908
-233
-1421
-2222
-2731
-2491
-2227
-1856
-1204
-933
-715
-218
256
1064
1951
2582
2805
2486
1892
1348
1045
948
1237
1538
1752
1681
1533
1330
1441
1881
2356
2902
3101
2897
2646
2513
2681
3182
4070
2848
-369
-2096
-4365
-4623
-4706
-4614
-4228
-4419
-4473
-4144
-3544
-3762
-2351
-139
1714
3370
4318
3461
2489
1605
1298
1563
1545
906
117
-963
-2436
-3064
-3443
-3570
-2779
-1919
-1201
-875
-834
-816
-384
426
1103
1591
1441
571
-358
-1225
-1860
-1955
-1884
-1748
-1385
-1238
-1088
-942
-682
88
902
1793
2260
2205
1938
1544
1408
1429
1518
1744
1882
1873
1746
1550
1436
1609
1979
2471
2659
2774
2504
2394
2512
2853
3494
4221
1874
-1016
-2701
-4441
-3961
-4193
-3916
-4290
-4618
-5015
-4364
-3936
-3773
-1819
213
1795
3114
3396
2385
1920
1610
1947
2452
2226
1385
358
-1058
-2281
-2635
-2955
-2922
-2287
-1986
-1765
-1818
-1738
-1371
-489
445
1051
1238
757
3
-719
-1040
-1301
-1064
-984
-1117
-995
-1058
-999
-696
-270
410
1071
1503
1649
1471
1253
1287
1411
1749
2035
2195
2230
2041
1861
1689
1657
1818
2244
2302
2454
2307
2256
2421
2622
3165
3636
3876
803
-1458
-2996
-3843
-3205
-3623
-3737
-4640
-5160
-5438
-4370
-3921
-3193
-1241
275
1389
2276
2270
1730
1880
2234
2776
3066
2388
1342
168
-1015
-1768
-1939
-2256
-2450
-2219
-2458
-2490
-2533
-2109
-1452
-591
58
227
168
-211
-456
-721
-748
-851
-660
-679
-901
-667
-731
-562
-152
204
639
931
1057
1128
1055
1108
1239
1422
1693
1896
2122
2138
2049
1895
1787
1786
2141
2523
2483
2753
2431
2539
2769
2931
3356
3741
3301
-9
-1453
-2976
-3192
-2977
-3781
-4058
-5000
-5318
-5347
-4089
-4017
-2913
-1054
55
1019
1740
1641
1596
2234
2711
3254
3270
2284
1420
247
-654
-1195
-1430
-1827
-2125
-2176
-2748
-2824
-2772
-2166
-1529
-855
-561
-617
-624
-799
-591
-870
-702
-691
-486
-263
-562
-200
-339
-132
304
484
667
742
753
934
992
985
1179
1269
1635
1931
2018
1992
1695
1629
1705
1975
2346
2526
2525
2529
2505
2682
2818
3145
3353
3960
2723
-301
-1407
-2909
-2694
-2938
-3628
-4274
-5166
-5540
-5213
-4205
-4293
-2936
-1450
-561
529
1047
1101
1492
2317
2939
3508
3299
2339
1649
672
106
-286
-570
-1215
-1612
-2048
-2682
-2758
-2665
-2195
-1703
-1354
-1275
-1435
-1496
-1402
-1105
-841
-635
-426
-195
-55
50
342
474
649
913
1019
1035
990
923
928
921
993
1119
1266
1375
1496
1500
1370
1270
1347
1503
1806
2194
2409
2462
2450
2687
2917
3210
3447
3721
4242
1947
-399
-1462
-2537
-1983
-2853
-3519
-4587
-5443
-5761
-5077
-4515
-4508
-2914
-2101
-1274
-422
-12
511
1486
2499
3085
3499
2985
2395
1998
1321
1027
633
155
-583
-1099
-1889
-2487
-2565
-2482
-2086
-1983
-1938
-2105
-2141
-1968
-1820
-1405
-1168
-940
-535
-300
-128
185
489
783
1063
1186
1202
1178
1208
1279
1293
1317
1296
1281
1311
1275
1304
1168
1022
958
1004
1137
1510
1907
2077
2286
2345
2635
3098
3223
3789
3942
4424
2879
23
-771
-1648
-1222
-1911
-2843
-4136
-5264
-5595
-5346
-4602
-4959
-3979
-3181
-2535
-1684
-957
-91
858
2142
2713
3149
2988
2501
2531
2130
1984
1504
978
149
-473
-1003
-1695
-1799
-2034
-1935
-2025
-2266
-2526
-2724
-2649
-2601
-2274
-2252
-1846
-1235
-766
-286
-107
358
728
1161
1584
1682
1669
1679
1715
1750
1743
1599
1614
1364
1165
1030
702
727
628
659
766
931
1346
1628
1951
2150
2369
2678
3009
3575
3887
4315
3649
999
78
-472
-318
-358
-1784
-3036
-4429
-4994
-4982
-4464
-4915
-4833
-3924
-3613
-2753
-1979
-1243
-157
888
1708
2063
2304
2138
2541
2614
2433
2167
1585
1055
461
278
-292
-545
-875
-1235
-1534
-2062
-2410
-2743
-2830
-2960
-2938
-2984
-2705
-2138
-1664
-1158
-982
-418
192
859
1534
1777
2005
2073
2287
2359
2391
2410
2217
1944
1580
1257
820
744
647
507
474
457
711
898
1204
1259
1667
1808
2367
2829
3227
3599
3729
2787
572
575
146
621
-67
-1751
-2961
-4385
-4356
-4328
-3948
-4788
-4590
-4091
-3832
-2730
-2227
-1234
-520
405
904
1153
1588
1714
2462
2425
2329
1942
1462
1286
1111
1227
700
264
-355
-928
-1341
-1725
-2038
-2471
-2792
-3281
-3411
-3276
-3114
-2660
-2352
-1991
-1487
-810
157
909
1499
1849
2056
2357
2538
2779
3037
2913
2590
2204
1708
1385
1341
1249
1076
683
340
318
313
594
626
741
1057
1332
2110
2230
2670
2745
3161
2228
810
1101
669
1106
-136
-1514
-2710
-3509
-3426
-3363
-3359
-4372
-4125
-3817
-3401
-2439
-2041
-1325
-866
-352
48
478
1077
1440
2016
1767
1595
1356
1370
1615
1736
1740
1041
484
-160
-467
-637
-1013
-1457
-2140
-2675
-3139
-3205
-3396
-3381
-3080
-2748
-2175
-1827
-1148
-466
260
954
1425
1762
1954
2341
2828
3130
3056
2762
2289
1929
1907
1846
1763
1318
827
426
174
304
432
687
842
1120
1382
1650
1712
2029
2473
2990
2055
721
730
467
725
-382
-1530
-2510
-3083
-2856
-2727
-2861
-3766
-3429
-3102
-2637
-1976
-1817
-1349
-1162
-556
-131
298
786
965
1316
985
988
1096
1487
1839
1860
1695
916
440
172
126
-33
-487
-1179
-2024
-2520
-2866
-3026
-3042
-2903
-2778
-2523
-2417
-2043
-1273
-706
58
488
876
1182
1633
2318
2734
3046
2862
2577
2369
2278
2332
2291
1994
1356
853
461
460
677
828
911
966
1014
1188
1357
1484
1900
2287
2508
918
250
204
261
279
-1028
-1747
-2756
-2708
-2479
-2240
-2765
-3445
-2938
-2784
-2139
-1811
-1606
-1338
-1150
-560
-265
238
383
559
646
485
795
1090
1601
1677
1645
1176
564
469
417
445
31
-647
-1424
-1980
-2206
-2437
-2427
-2476
-2514
-2458
-2453
-2268
-1770
-1190
-653
-101
200
581
1035
1600
2215
2616
2768
2610
2516
2504
2499
2549
2334
1906
1379
1050
934
1051
1186
1162
1124
1015
990
1179
1197
1492
1732
2148
1684
116
10
-109
144
-301
-1279
-1947
-2534
-2224
-2066
-1971
-2857
-2985
-2515
-2295
-1643
-1586
-1370
-1251
-952
-452
-253
48
14
280
304
444
806
1095
1355
1196
1060
534
326
313
313
179
-359
-934
-1458
-1783
-1980
-1971
-1912
-2035
-2216
-2310
-2179
-1800
-1389
-1001
-661
-347
99
657
1169
1559
1946
2229
2306
2363
2343
2309
2333
2234
2054
1725
1460
1339
1422
1483
1531
1493
1317
1231
1241
1389
1507
1781
1948
2004
586
-241
-68
-53
140
-978
-1696
-2316
-2415
-2037
-1993
-2457
-3193
-2754
-2365
-1827
-1523
-1580
-1281
-1187
-659
-366
-168
4
125
474
550
844
1064
1319
1327
1070
749
420
444
440
305
-155
-748
-1166
-1460
-1641
-1833
-1975
-2029
-2126
-2187
-2181
-2064
-1871
-1434
-938
-526
-135
298
782
1250
1692
2022
2177
2232
2262
2299
2328
2177
2042
1826
1643
1632
1618
1616
1554
1477
1326
1296
1239
1403
1478
1660
1732
1794
832
-218
-100
-37
249
-675
-1486
-2156
-2423
-2096
-2013
-2203
-3042
-2938
-2512
-1988
-1565
-1640
-1417
-1422
-987
-610
-375
-118
-77
376
539
821
956
1140
1300
1101
995
630
573
502
425
107
-443
-834
-1211
-1303
-1489
-1626
-1743
-1970
-2138
-2185
-1980
-1845
-1542
-1146
-795
-276
190
641
960
1232
1618
2009
2272
2221
2172
2065
1951
1992
1968
1866
1728
1618
1568
1510
1457
1391
1352
1354
1376
1476
1561
1613
1774
1108
83
-54
132
391
-152
-1081
-1826
-2216
-1996
-1750
-1903
-2632
-2933
-2581
-2060
-1614
-1607
-1662
-1664
-1363
-914
-558
-300
-238
88
348
553
684
800
1025
1051
1051
842
672
569
491
282
-104
-510
-844
-1000
-1191
-1357
-1593
-1870
-2099
-2172
-2051
-1887
-1687
-1325
-960
-527
-38
337
653
915
1282
1780
2081
2098
2055
2010
1996
2064
2095
2016
1905
1749
1702
1637
1520
1477
1441
1456
1423
1408
1494
1419
1623
1020
228
136
116
425
-193
-955
-1625
-2005
-1810
-1693
-1804
-2521
-2742
-2514
-2060
-1616
-1698
-1726
-1817
-1456
-988
-604
-309
-289
24
228
469
601
727
936
1048
1195
1043
883
672
553
424
111
-243
-663
-904
-1119
-1350
-1551
-1935
-2119
-2177
-2130
-1842
-1726
-1415
-1120
-731
-212
169
541
701
1051
1545
1927
2095
2058
2019
2046
2178
2243
2190
2009
1802
1798
1755
1647
1555
1449
1445
1375
1345
1304
1226
1327
732
255
126
99
173
-422
-987
-1540
-1805
-1771
-1653
-1774
-2337
-2477
-2413
-2041
-1727
-1688
-1658
-1753
-1475
-1101
-686
-457
-414
-193
7
272
461
685
793
926
1088
1074
1051
798
711
528
326
93
-237
-467
-920
-1233
-1530
-1765
-1769
-1940
-1948
-1935
-1765
-1408
-1119
-736
-517
-127
249
566
962
1320
1639
1797
1927
1950
2004
2065
2111
2196
2050
1918
1847
1783
1731
1635
1585
1485
1400
1328
1233
1269
1234
704
340
185
192
110
-477
-959
-1394
-1601
-1561
-1582
-1772
-2226
-2308
-2218
-1915
-1701
-1668
-1626
-1635
-1355
-1054
-700
-565
-516
-267
-69
231
393
507
598
710
946
986
928
665
556
527
367
271
-98
-433
-773
-1073
-1273
-1602
-1711
-1789
-1784
-1731
-1726
-1578
-1374
-1021
-602
-230
49
272
615
1091
1468
1667
1717
1725
1817
2020
2154
2210
2063
1953
1973
1953
1891
1689
1588
1527
1511
1455
1255
1257
1160
760
470
192
144
-72
-491
-834
-1254
-1474
-1578
-1603
-1800
-2077
-2184
-2150
-1898
-1776
-1616
-1584
-1540
-1307
-1082
-719
-606
-495
-315
-88
228
402
546
581
670
809
935
920
706
561
376
351
281
59
-309
-794
-1020
-1233
-1286
-1417
-1573
-1704
-1847
-1692
-1559
-1307
-1082
-808
-427
-102
275
573
931
1178
1414
1614
1727
1861
1969
2092
2124
2124
2115
2069
2031
1837
1724
1612
1571
1581
1426
1297
1200
1125
721
372
146
47
-69
-426
-752
-1194
-1471
-1545
-1590
-1710
-2013
-2159
-2129
-1920
-1700
-1614
-1587
-1640
-1476
-1194
-874
-718
-687
-532
-290
69
315
474
516
542
719
862
953
829
661
536
471
477
260
-86
-460
-732
-817
-989
-1168
-1391
-1590
-1598
-1562
-1448
-1312
-1143
-830
-497
-133
132
376
693
1000
1304
1497
1612
1701
1875
2037
2177
2190
2115
2066
1999
1956
1803
1664
1563
1490
1483
1339
1229
889
456
277
171
208
-148
-563
-921
-1214
-1238
-1378
-1513
-1831
-2051
-1980
-1826
-1603
-1632
-1623
-1630
-1563
-1317
-1130
-905
-889
-776
-582
-339
-46
112
309
333
417
558
680
796
747
699
531
435
395
253
109
-225
-489
-731
-960
-1073
-1211
-1317
-1452
-1522
-1445
-1256
-986
-711
-460
-201
48
363
709
1005
1218
1405
1583
1742
1907
2013
2125
2160
2166
2137
2041
1923
1746
1684
1619
1534
1415
1185
1021
672
433
257
122
-37
-452
-694
-987
-1154
-1284
-1483
-1639
-1895
-1902
-1842
-1683
-1599
-1624
-1532
-1535
-1372
-1221
-1017
-858
-808
-639
-512
-248
-48
120
275
295
400
497
619
657
646
570
417
329
257
147
-24
-294
-520
-723
-912
-1030
-1159
-1265
-1348
-1357
-1233
-1091
-868
-625
-367
-89
125
404
687
981
1236
1469
1644
1727
1834
1947
2083
2167
2167
2124
2029
1935
1835
1741
1642
1478
1343
1153
902
579
291
120
-36
-259
-586
-888
-1121
-1302
-1373
-1510
-1694
-1846
-1907
-1779
-1641
-1514
-1474
-1435
-1371
-1259
-1033
-840
-691
-615
-536
-395
-228
-24
123
242
280
303
373
408
467
465
398
281
169
107
24
-97
-302
-511
-676
-797
-876
-983
-1091
-1153
-1117
-990
-853
-683
-496
-283
-35
185
415
640
877
1129
1384
1560
1638
1709
1815
1961
2104
2160
2128
2037
1941
1874
1807
1702
1530
1346
1096
790
495
244
71
-123
-421
-753
-1062
-1259
-1378
-1451
-1593
-1787
-1890
-1880
-1718
-1552
-1438
-1367
-1323
-1221
-1083
-879
-694
-572
-482
-426
-313
-185
-39
105
190
227
219
240
255
274
264
200
123
44
-19
-87
-202
-364
-531
-635
-708
-762
-827
-907
-917
-845
-700
-547
-402
-246
-50
192
402
580
731
893
1118
1344
1516
1600
1650
1733
1848
1982
2021
1981
1883
1782
1742
1686
1585
1401
1188
941
656
413
177
-1
-213
-521
-835
-1149
-1342
-1467
-1558
-1691
-1860
-1922
-1885
-1729
-1583
-1499
-1409
-1339
-1205
-1062
-882
-717
-597
-460
-379
-262
-142
-8
142
228
269
262
264
263
251
246
185
133
61
-9
-79
-191
-319
-445
-522
-590
-638
-674
-698
-663
-573
-460
-348
-228
-76
135
361
532
656
754
889
1085
1305
1460
1533
1571
1611
1716
1809
1841
1794
1688
1610
1571
1556
1465
1305
1104
858
631
412
217
34
-202
-485
-812
-1110
-1338
-1476
-1576
-1716
-1842
-1901
-1855
-1733
-1623
-1551
-1486
-1392
-1255
-1092
-920
-780
-651
-525
-412
-287
-159
-20
100
163
182
182
185
187
174
153
100
61
14
-27
-78
-163
-255
-336
-390
-434
-458
-462
-452
-395
-323
-232
-125
-12
143
311
493
632
741
826
930
1083
1246
1377
1451
1489
1528
1594
1674
1712
1694
1628
1565
1540
1522
1452
1317
1129
907
681
462
248
35
-212
-498
-798
-1081
-1306
-1454
-1568
-1680
-1776
-1825
-1796
-1715
-1640
-1578
-1512
-1413
-1275
-1116
-959
-824
-691
-563
-438
-330
-227
-122
-31
30
54
58
56
48
38
15
-12
-43
-70
-98
-139
-188
-239
-283
-321
-345
-348
-325
-275
-210
-136
-51
50
170
301
440
570
681
784
869
960
1067
1185
1299
1389
1452
1499
1546
1601
1633
1629
1590
1539
1500
1449
1356
1223
1045
841
624
400
168
-68
-306
-549
-806
-1062
-1277
-1438
-1538
-1620
-1680
-1723
-1728
-1687
-1617
-1539
-1451
-1346
-1213
-1062
-905
-751
-598
-462
-337
-239
-158
-81
-4
58
92
92
66
31
0
-33
-63
-93
-135
-193
-261
-318
-357
-380
-401
-419
-418
-374
-290
-188
-86
11
111
236
378
522
645
759
860
958
1044
1126
1211
1294
1367
1416
1440
1446
1454
1456
1431
1389
1334
1268
1201
1114
991
837
673
496
293
83
-132
-333
-529
-729
-934
-1125
-1284
-1387
-1450
-1486
-1514
-1531
-1516
-1460
-1375
-1278
-1171
-1048
-910
-764
-618
-481
-361
-262
-199
-154
-118
-76
-29
7
4
-43
-112
-180
-221
-241
-259
-303
-372
-441
-477
-470
-435
-405
-379
-341
-257
-139
1
129
238
347
471
617
763
888
982
1049
1105
1159
1211
1255
1289
1300
1291
1272
1254
1243
1236
1219
1183
1139
1091
1042
972
875
747
609
458
286
90
-121
-329
-518
-694
-859
-1032
-1190
-1308
-1387
-1421
-1434
-1438
-1435
-1405
-1344
-1253
-1141
-1026
-917
-813
-702
-594
-493
-412
-360
-330
-302
-260
-203
-162
-163
-219
-299
-363
-393
-391
-397
-435
-496
-535
-534
-482
-405
-326
-252
-165
-47
89
234
366
496
625
762
903
1028
1126
1186
1227
1258
1283
1306
1321
1321
1302
1267
1230
1206
1190
1185
1179
1150
1106
1049
987
915
824
714
582
427
248
51
-152
-344
-517
-674
-833
-991
-1139
-1263
-1342
-1383
-1392
-1391
-1392
-1373
-1325
-1249
-1152
-1055
-962
-872
-779
-683
-588
-508
-450
-405
-355
-300
-242
-201
-206
-257
-321
-373
-397
-396
-404
-437
-484
-516
-500
-445
-365
-278
-185
-90
14
125
252
386
526
670
800
918
1016
1090
1152
1202
1237
1259
1277
1291
1295
1285
1259
1227
1197
1180
1174
1150
1103
1031
947
863
781
691
579
439
275
96
-84
-261
-426
-579
-723
-863
-1002
-1127
-1223
-1282
-1302
-1293
-1274
-1244
-1207
-1154
-1086
-1007
-927
-853
-783
-722
-657
-588
-522
-464
-422
-386
-344
-300
-271
-273
-312
-361
-388
-382
-359
-356
-374
-394
-397
-363
-301
-226
-146
-56
30
119
214
321
451
598
743
858
941
1002
1063
1121
1169
1203
1221
1237
1252
1258
1240
1210
1172
1147
1130
1112
1075
1008
916
820
733
656
572
466
334
179
8
-160
-322
-476
-616
-751
-884
-1011
-1119
-1195
-1246
-1255
-1239
-1208
-1177
-1147
-1112
-1065
-1000
-943
-892
-850
-813
-764
-696
-622
-571
-543
-523
-493
-450
-405
-390
-398
-410
-401
-367
-325
-301
-302
-298
-269
-202
-123
-52
19
97
191
293
395
505
632
776
912
1010
1063
1099
1134
1186
1235
1260
1259
1252
1253
1250
1230
1197
1163
1143
1130
1105
1051
971
872
782
704
625
540
433
302
154
-11
-173
-326
-464
-597
-725
-856
-972
-1068
-1142
-1183
-1194
-1181
-1156
-1139
-1125
-1111
-1084
-1040
-993
-954
-929
-902
-854
-795
-737
-690
-670
-665
-648
-611
-559
-521
-499
-482
-457
-423
-374
-336
-309
-275
-223
-148
-69
8
79
157
254
359
474
589
713
844
959
1040
1083
1106
1139
1189
1231
1249
1249
1227
1213
1208
1198
1175
1139
1107
1085
1049
989
901
799
710
634
556
464
349
223
85
-63
-214
-356
-472
-574
-672
-767
-867
-951
-1017
-1047
-1051
-1043
-1028
-1025
-1032
-1032
-1024
-1001
-968
-942
-922
-905
-873
-827
-781
-745
-729
-717
-694
-648
-583
-525
-482
-452
-416
-378
-331
-281
-235
-184
-127
-64
4
78
149
229
322
425
535
649
761
865
950
1009
1051
1085
1124
1168
1205
1224
1213
1188
1167
1160
1152
1127
1088
1042
990
929
857
768
672
568
473
371
262
137
6
-127
-262
-394
-517
-618
-698
-767
-835
-911
-983
-1032
-1047
-1043
-1029
-1022
-1021
-1029
-1032
-1022
-996
-959
-920
-892
-864
-829
-784
-738
-703
-670
-642
-606
-559
-500
-439
-389
-356
-327
-291
-249
-185
-120
-52
7
65
129
200
288
381
478
578
676
776
878
969
1044
1107
1152
1200
1244
1285
1311
1319
1301
1270
1242
1209
1179
1142
1089
1015
927
829
730
631
525
408
280
152
21
-106
-229
-348
-463
-570
-659
-733
-790
-833
-874
-916
-962
-990
-1002
-996
-982
-974
-973
-978
-991
-991
-977
-958
-935
-918
-898
-879
-854
-817
-782
-744
-704
-664
-613
-552
-491
-437
-387
-345
-294
-223
-141
-54
26
100
167
240
328
424
525
625
720
803
883
959
1036
1109
1167
1212
1252
1290
1320
1340
1346
1334
1306
1276
1240
1209
1165
1100
1011
904
791
674
556
438
317
181
38
-98
-228
-344
-446
-540
-627
-700
-754
-790
-822
-843
-868
-893
-910
-914
-911
-911
-915
-923
-944
-970
-985
-988
-986
-982
-981
-980
-976
-963
-932
-893
-845
-794
-739
-680
-610
-534
-451
-370
-290
-207
-117
-22
72
169
252
329
411
500
593
684
768
838
893
944
995
1042
1089
1128
1161
1182
1199
1210
1217
1218
1210
1197
1177
1149
1109
1063
1001
919
821
709
596
486
375
262
137
6
-125
-242
-350
-439
-519
-591
-656
-706
-749
-782
-809
-839
-862
-884
-899
-904
-913
-918
-928
-943
-956
-968
-978
-974
-968
-964
-953
-939
-916
-884
-840
-789
-735
-679
-618
-544
-460
-365
-273
-185
-94
-3
98
194
288
378
469
559
644
725
795
855
908
942
977
1012
1041
1062
1079
1095
1104
1110
1111
1108
1103
1097
1082
1055
1017
967
908
837
756
664
554
448
341
245
142
31
-81
-194
-295
-390
-479
-559
-637
-702
-759
-804
-843
-883
-917
-944
-964
-973
-983
-992
-996
-994
-994
-992
-993
-990
-979
-963
-932
-903
-869
-832
-790
-739
-683
-629
-568
-495
-416
-331
-241
-152
-59
33
132
233
329
424
519
610
696
774
839
891
930
964
997
1028
1055
1075
1093
1104
1116
1124
1117
1105
1088
1072
1052
1022
978
922
856
785
707
618
523
426
324
230
129
26
-80
-187
-293
-392
-491
-580
-661
-738
-806
-860
-908
-961
-1003
-1041
-1071
-1087
-1096
-1097
-1093
-1084
-1071
-1057
-1042
-1021
-990
-953
-907
-852
-795
-743
-689
-633
-575
-510
-447
-385
-310
-235
-152
-65
21
103
192
288
377
466
553
634
704
768
826
875
915
950
980
1007
1037
1057
1077
1090
1096
1099
1094
1081
1057
1030
999
963
919
866
799
735
657
573
479
383
282
186
94
-2
-103
-205
-304
-398
-492
-583
-661
-734
-799
-864
-925
-982
-1035
-1081
-1115
-1141
-1152
-1158
-1159
-1151
-1135
-1114
-1087
-1053
-1010
-961
-905
-840
-776
-717
-651
-592
-527
-461
-395
-330
-262
-186
-104
-22
65
153
240
328
413
498
578
647
709
771
832
888
937
983
1023
1060
1088
1119
1138
1151
1156
1155
1146
1125
1101
1069
1030
990
948
897
834
759
681
595
497
398
301
205
115
25
-65
-153
-240
-330
-413
-490
-558
-623
-685
-746
-800
-851
-899
-937
-972
-992
-1010
-1020
-1025
-1030
-1021
-1009
-989
-962
-923
-883
-835
-785
-734
-682
-631
-572
-518
-458
-397
-338
-276
-210
-138
-67
5
85
163
240
314
387
456
519
581
642
699
753
806
850
881
911
932
946
951
952
945
930
909
879
846
813
778
737
689
636
574
502
429
345
261
176
87
4
-75
-152
-232
-306
-384
-459
-523
-580
-633
-684
-733
-775
-817
-852
-880
-902
-912
-924
-931
-935
-941
-939
-933
-926
-906
-878
-839
-798
-753
-697
-644
-590
-535
-476
-415
-353
-284
-221
-152
-82
-16
59
136
211
287
364
436
507
566
627
687
745
803
855
906
949
979
999
1015
1027
1032
1025
1018
1004
979
950
915
874
828
788
747
695
642
577
505
436
368
295
226
154
80
0
-80
-163
-244
-318
-394
-463
-521
-577
-631
-672
-713
-747
-773
-800
-818
-838
-859
-875
-891
-907
-913
-916
-909
-893
-872
-843
-812
-779
-739
-693
-646
-601
-547
-490
-430
-369
-306
-242
-173
-101
-28
47
118
193
265
335
402
467
530
589
652
704
751
791
824
853
870
887
901
910
910
903
895
879
856
832
803
770
734
692
648
599
547
493
439
382
318
253
182
100
18
-67
-155
-237
-320
-394
-462
-525
-579
-617
-649
-670
-693
-710
-718
-730
-741
-757
-771
-781
-788
-790
-792
-787
-775
-759
-742
-724
-702
-675
-647
-616
-579
-544
-505
-464
-422
-377
-322
-257
-191
-121
-46
32
108
186
263
335
401
465
517
566
613
651
686
711
738
757
773
790
796
803
805
802
793
780
765
742
718
685
654
619
583
548
509
465
417
363
299
234
162
86
12
-61
-137
-208
-275
-336
-384
-422
-451
-479
-499
-513
-526
-536
-545
-555
-561
-576
-584
-587
-598
-604
-606
-605
-603
-597
-588
-574
-563
-555
-548
-534
-516
-499
-476
-457
-425
-383
-342
-289
-227
-163
-96
-25
48
121
187
250
308
357
402
436
467
491
508
525
536
546
558
566
571
573
572
565
554
546
536
517
496
483
466
451
432
404
375
342
307
273
228
179
131
86
37
-13
-65
-113
-157
-201
-238
-267
-291
-309
-322
-334
-339
-356
-371
-382
-389
-389
-393
-398
-407
-410
-402
-395
-389
-385
-382
-374
-369
-361
-356
-350
-345
-334
-313
-290
-263
-233
-197
-152
-101
-54
-4
45
93
142
191
233
270
295
319
343
359
373
376
382
391
402
409
412
411
401
398
390
381
372
365
358
349
347
332
321
304
282
262
242
224
193
166
146
121
92
57
20
-18
-55
-87
-116
-140
-165
-188
-206
-226
-246
-268
-284
-297
-307
-309
-314
-321
-325
-329
-328
-326
-327
-326
-330
-324
-316
-309
-304
-303
-296
-287
-277
-267
-259
-245
-224
-202
-180
-161
-139
-118
-94
-64
-37
-13
11
30
51
70
87
107
123
142
167
186
203
217
224
230
238
248
260
267
281
295
306
311
310
301
290
287
278
272
270
263
259
254
248
236
215
193
177
160
150
136
118
104
84
67
50
25
-4
-31
-50
-63
-76
-90
-107
-123
-138
-153
-170
-186
-201
-207
-210
-207
-202
-205
-209
-209
-207
-203
-204
-205
-202
-196
-189
-186
-183
-182
-180
-170
-156
-141
-130
-119
-111
-97
-79
-64
-48
-27
-9
14
35
50
60
72
81
90
96
104
111
117
127
129
129
119
113
109
109
111
109
108
103
104
103
101
93
79
73
68
70
69
71
68
56
44
35
17
-5
-27
-44
-54
-62
-67
-74
-88
-95
-96
-102
-107
-110
-111
-107
-104
-99
-94
-91
-87
-86
-77
-69
-70
-69
-61
-50
-40
-35
-34
-30
-23
-13
-8
-2
6
15
22
30
41
50
56
62
64
68
73
77
75
70
72
80
92
99
103
111
113
110
106
96
84
74
69
57
40
34
26
19
8
-5
-11
-21
-25
-24
-23
-24
-22
-20
-21
-21
-23
-26
-27
-26
-26
-25
-22
-25
-30
-38
-46
-55
-69
-73
-75
-75
-73
-66
-58
-53
-44
-39
-29
-23
-20
-16
-15
-12
-10
-12
-7
-2
1
8
15
21
23
29
29
26
30
25
16
9
3
0
-1
1
-1
-5
-13
-16
-15
-14
-10
-7
-3
1
1
4
10
17
30
41
48
52
51
48
38
27
18
4
-9
-19
-27
-30
-32
-28
-24
-18
-12
-1
10
19
26
35
37
34
33
30
31
26
20
13
9
6
0
-5
-14
-16
-18
-20
-21
-20
-17
-12
-3
4
11
19
26
29
33
31
26
18
9
4
-8
-19
-25
-31
-30
-25
-20
-10
2
9
18
24
27
28
29
26
22
21
16
8
6
6
-1
0
-6
-9
-12
-20
-20
-23
-22
-21
-20
-14
-7
1
4
7
11
11
10
14
9
4
-4
-6
-8
-13
-10
-9
-5
-5
-2
1
3
2
3
1
-6
-7
-10
-10
-13
-14
-10
-12
-6
1
2
9
8
9
13
12
12
12
6
0
-3
-9
-10
-13
-17
-22
-22
-26
-25
-24
-25
-23
-22
-17
-11
-2
12
24
30
36
42
43
43
43
37
26
15
4
-4
-14
-23
-30
-35
-35
-35
-32
-30
-26
-26
-18
-12
-5
-2
-4
4
8
13
14
16
16
18
18
14
16
11
5
0
-3
-8
-15
-16
-11
-10
-9
-6
-2
-1
1
5
7
11
7
7
4
0
-4
-4
-4
-5
-4
-1
1
4
6
7
8
7
9
5
3
6
10
10
11
10
11
15
18
23
23
23
26
29
25
26
28
26
21
16
15
14
5
2
-6
-12
-7
-14
-16
-17
-22
-23
-22
-16
-14
-7
0
6
15
19
22
26
30
30
27
26
23
16
13
8
5
1
-4
-7
-10
-15
-20
-25
-29
-30
-29
-29
-26
-22
-20
-19
-17
-15
-14
-9
-4
1
5
1
2
2
2
5
1
1
-2
-1
-3
-5
-2
1
7
10
10
10
10
9
11
11
12
10
6
8
4
1
-2
-6
-11
-14
-17
-22
-24
-27
-29
-31
-31
-29
-24
-20
-21
-17
-10
-5
4
10
11
19
18
18
22
21
24
22
22
22
14
8
2
-5
-7
-14
-13
-17
-18
-14
-16
-16
-16
-13
-10
-9
-8
-5
-5
-2
1
2
2
3
4
2
4
2
2
3
2
-2
-9
-8
-7
-6
-4
-3
0
3
2
4
7
7
7
2
1
0
4
2
-2
-5
-9
-10
-13
-17
-26
-25
-24
-28
-27
-23
-22
-17
-10
-5
-2
6
10
15
17
18
20
21
25
26
26
27
23
19
17
13
3
-5
