-3
-6
-7
-8
-7
-6
-9
-9
-6
-6
-6
-4
-5
-6
-5
-4
-5
-2
2
3
4
4
4
5
7
8
6
4
6
6
4
8
7
8
9
11
11
9
9
10
9
6
7
6
6
4
2
4
4
4
4
5
4
2
4
2
1
-1
0
1
-1
-1
-4
-5
-3
1
-1
2
2
1
-2
2
4
1
1
0
-3
-1
-1
-6
-2
-1
-6
-6
-2
-1
-1
-4
-2
1
-1
-5
-3
2
6
-5
-4
7
-2
2
2
2
6
2
0
7
3
7
5
-5
1
5
8
6
0
0
4
6
-2
2
2
-6
4
-4
-7
-2
0
7
-6
-6
-8
3
6
-3
-2
-7
4
1
3
3
-4
2
6
-5
3
9
-7
6
11
-14
10
10
-13
16
-5
-6
14
-11
0
16
6
-13
14
5
-4
16
-7
12
16
-7
0
15
2
1
0
-13
-8
26
-11
-15
15
-20
-1
-12
-12
-8
15
-10
-27
17
-14
1
21
-18
-5
12
-12
13
14
4
-8
2
20
11
-5
-10
22
-7
6
3
-20
34
-5
-30
21
10
-21
17
-3
-23
55
-19
-33
41
-28
30
26
-48
7
25
-22
11
20
-39
27
-10
-5
20
-11
18
-8
2
-19
31
26
-24
14
-23
34
16
-25
16
-2
1
9
21
-30
0
45
-36
-15
31
-27
9
18
-56
26
6
-25
14
-1
-22
13
42
-60
22
2
-21
70
-35
-10
10
10
-12
38
-11
-67
98
-44
-38
74
-15
-39
44
-35
-37
109
-74
-22
60
-54
-5
80
-55
-16
70
-67
56
33
-58
25
68
-70
33
52
-84
76
-12
-46
76
-23
-40
50
-30
-9
57
-51
-26
53
-41
33
-9
-72
78
-48
-37
44
-41
-9
25
-80
23
30
-86
59
-74
-44
79
-75
-13
15
-43
-31
29
-69
25
-2
-115
91
-74
-31
35
-71
-11
16
-80
-4
68
-155
70
-9
-88
130
-100
-16
61
-51
39
3
-59
21
48
-37
27
-7
-22
48
-36
51
-10
14
17
-22
53
-16
44
26
6
-53
101
42
-64
104
-57
65
25
-31
92
-46
65
27
-10
24
5
50
30
-18
5
45
-7
30
-19
36
27
-23
25
14
-28
36
54
-61
13
-1
10
8
-6
13
-26
5
8
-33
-40
69
-41
-40
7
-55
47
-31
11
-68
36
-40
-21
95
-142
99
-117
44
93
-224
196
-103
-8
120
-173
158
-76
11
86
-110
172
-128
9
159
-176
164
-6
-108
171
-133
99
44
-105
134
-137
127
-16
-53
137
-160
112
-11
-32
62
-110
100
-55
-41
80
-148
91
-44
-72
60
-105
20
-65
13
-69
-1
-17
-106
54
-130
67
-104
-47
26
-143
60
-132
52
-101
-29
26
-183
146
-175
40
8
-159
125
-173
101
-99
-1
33
-115
127
-184
132
-84
34
23
-107
103
-113
159
-164
101
9
-59
121
-112
158
-133
146
-5
-36
126
-129
192
-27
21
51
-27
192
-134
153
15
8
150
-148
218
-28
43
54
21
72
-25
120
-82
103
32
-51
132
-103
65
-2
64
8
-68
90
-116
201
-140
79
-22
-81
205
-233
207
-191
115
-14
-93
126
-195
218
-228
139
-50
-70
83
-106
63
-126
153
-175
53
-2
-103
115
-103
61
-57
-17
12
-28
31
-2
-57
12
14
-15
31
-17
40
-71
108
-8
-4
64
-33
159
-88
102
55
12
70
34
67
37
64
-40
148
-43
72
6
-34
117
-143
159
-114
2
49
-122
80
-138
72
-88
35
-67
-47
65
-147
115
-98
39
-63
-30
29
-50
31
-113
39
-75
-62
20
-110
-28
-73
-77
-12
-187
43
-80
-209
46
-112
-56
-63
-125
20
-123
58
-130
-26
32
-146
92
-25
-50
-2
79
-109
106
31
11
31
-21
181
-64
120
51
57
63
45
179
-24
109
90
27
130
27
52
125
-8
-11
156
-38
54
-31
17
97
-108
151
-100
46
9
7
103
-113
113
-36
-5
117
-58
22
-13
39
11
-67
40
-45
13
-100
-21
-20
-102
-23
-148
-39
-57
-105
-132
-66
-61
-103
-91
-52
-81
-68
-32
-68
-14
6
-51
-67
110
-20
-9
10
59
47
-6
94
-10
81
35
63
26
97
7
70
106
-9
105
75
51
30
104
50
47
99
-25
112
43
15
77
17
15
36
55
-11
3
80
-62
48
16
-3
100
-133
78
-17
89
-102
-5
95
-198
233
-197
-22
96
-227
106
-138
-15
-103
-127
34
-148
-108
-51
-124
-62
-52
-185
10
-92
-85
-1
-88
-20
-3
-31
-7
12
-9
-31
77
35
-57
62
27
6
93
-114
177
-71
13
93
-34
59
-32
94
27
14
-36
133
16
19
41
47
59
58
15
110
-56
73
67
-23
84
-84
83
-4
8
-19
22
-15
-95
101
-27
-111
88
-50
-80
97
0
-115
87
-47
-52
99
-119
21
-51
3
-91
52
-43
-175
124
-177
-42
50
-158
-39
-15
-41
-4
-85
78
-99
42
49
-87
124
-19
28
21
70
85
-72
63
137
-149
100
24
-30
55
-75
73
-85
135
-49
-133
234
-171
103
26
-9
75
-53
207
-89
176
-44
43
188
-168
279
-100
55
84
-41
115
-79
88
-68
-7
94
-89
-9
33
-62
91
-100
74
-54
-47
172
-220
153
-55
-11
105
-94
66
-45
73
-54
-24
77
-128
28
60
-92
31
-46
-58
178
-189
-4
34
-37
40
-86
25
-24
6
-8
-24
-18
16
-74
33
-59
26
19
-130
133
-129
71
73
-239
183
-66
-58
128
-160
49
32
-82
60
-58
-4
-88
11
109
-242
106
-67
-60
108
-169
89
-85
-48
113
-133
73
-13
-82
157
-99
-10
114
-70
-77
76
37
-126
78
-54
-117
185
-99
-116
105
-116
-51
190
-207
-6
69
-12
9
-6
71
-94
105
-1
57
35
-90
123
18
11
58
-105
119
-59
2
7
-29
-17
-42
84
-46
-21
53
-60
-1
176
-229
104
117
-164
201
-41
9
84
-44
128
-61
106
-78
65
30
-16
26
-27
37
-90
148
-167
120
-91
40
39
-57
84
23
4
-33
148
-59
114
-23
-39
133
0
0
-5
18
-7
47
-12
-39
68
-19
-115
229
-87
-77
98
-149
171
-87
11
-88
16
118
-98
53
-69
87
-51
8
68
-64
-35
51
-30
12
10
-80
137
-186
159
-99
-41
102
-118
19
-20
17
-11
14
-35
-34
36
10
-127
110
-150
11
27
16
-96
27
11
-45
150
-215
174
-77
-16
11
23
0
-151
167
-149
71
-8
-65
-32
63
32
-182
174
-180
60
4
-11
-60
-19
85
-179
237
-210
104
-37
-27
76
-61
114
-244
306
-216
107
8
-126
150
-203
117
-122
59
-3
-102
67
-47
136
-97
47
28
-105
229
-233
166
-141
120
-6
-108
195
-254
325
-246
150
-2
-128
157
-58
71
-165
136
-37
-30
102
-145
23
120
-135
15
53
-83
113
-88
84
-36
17
4
-16
131
-153
12
55
-97
114
-76
-18
36
-64
147
-49
-44
83
-51
7
30
-86
101
-57
-30
-19
25
87
-78
23
-14
-51
145
-102
41
-42
-25
90
-149
176
-158
84
-54
-54
58
-27
68
-135
110
-117
158
-49
-28
38
28
-97
100
76
-252
204
-85
43
-29
-6
36
26
78
-125
57
42
-32
66
-118
56
33
-149
140
-89
74
6
-116
104
-16
-21
44
23
-173
177
-93
-45
139
-117
2
-47
142
-207
248
-136
-172
317
-279
196
-33
-83
24
94
-96
-67
124
-127
31
37
-133
60
58
-121
112
-70
33
77
-146
54
19
-23
43
-131
97
-91
163
-62
-69
114
-106
157
-77
38
5
-59
25
-40
136
-70
-71
80
-83
93
-7
-9
-55
18
-3
55
1
-77
47
-34
63
-69
123
-91
-16
128
-127
35
91
-33
-82
121
-39
2
30
-4
-23
103
-152
90
59
-156
214
-183
87
16
-58
62
-34
41
-18
28
-63
20
43
17
19
-111
79
3
55
-31
-79
58
-75
93
-11
-57
-24
55
4
5
-73
103
-47
51
7
-119
110
-111
45
48
7
-141
35
133
-85
-13
36
-40
18
41
10
-58
-4
55
-45
2
51
-87
70
2
-62
90
-30
17
-10
6
16
9
70
-183
82
39
-46
75
-88
-36
99
-15
-12
14
50
-18
-59
78
-22
-2
-9
9
19
-129
61
68
-22
-45
-13
26
5
10
-67
98
-49
-113
75
60
-125
82
-62
-87
206
-125
23
95
-123
91
-46
57
-9
-12
4
-16
42
-65
115
-96
-40
128
39
-50
43
-64
14
72
-58
121
-93
-60
102
-75
163
-178
82
-16
-1
109
-175
147
-52
-13
0
-9
46
-43
64
-75
-56
105
-125
92
11
-67
26
64
-56
-18
73
28
10
-53
146
-96
167
-65
-22
175
-7
-39
42
123
-34
71
-131
29
-33
144
-102
41
-5
-167
121
-31
155
-135
82
-89
-34
160
-76
-164
171
-259
68
98
-178
49
-152
23
-36
98
-146
-2
-20
-90
70
-105
-73
34
-96
104
-90
-43
-31
11
13
-116
21
-86
26
-113
-102
-15
-84
-78
12
-123
-42
56
-8
-106
-7
-63
-115
208
-187
-45
97
-101
-154
30
136
-6
68
-190
177
26
-13
26
-11
61
106
74
-106
76
-125
117
19
123
-99
14
148
-108
145
-53
102
51
-38
62
38
-20
-61
73
36
80
5
-20
-4
100
-1
-86
33
2
87
107
-93
-53
53
140
106
21
83
-6
184
53
93
77
37
27
65
112
-56
-9
-67
63
99
12
45
-3
-59
144
132
11
-69
-40
130
134
79
1
-94
20
106
45
1
-137
27
-31
-49
-69
68
47
-68
164
-120
-3
-6
21
129
-61
25
-24
40
53
18
-25
-29
-28
-64
-60
-26
-179
-130
26
-127
-59
-108
-71
-6
-170
5
-23
-110
116
-92
-127
80
-62
-137
-43
-138
-113
-51
-27
-94
-49
7
-80
130
51
-83
-60
-13
29
-10
24
-35
-20
-3
61
107
1
33
-46
-5
-37
38
-110
67
103
-151
66
-96
-20
23
67
53
-14
-55
-41
184
49
-14
-2
-8
135
6
-134
7
-99
67
177
54
51
15
44
99
80
105
22
-140
29
55
-2
-103
18
-76
10
89
-41
3
-16
-15
-108
31
8
24
-29
-41
-26
-77
90
-8
8
-37
-22
-69
-11
4
-97
15
-57
-18
-17
-1
109
-25
9
40
151
191
90
156
105
58
-16
44
2
119
19
-55
-115
-115
-19
-111
35
-105
-162
-3
-63
-13
-34
-141
-32
104
146
100
93
24
102
187
128
119
-16
-7
112
5
1
-51
-94
44
112
10
-132
-96
-65
58
63
30
-49
9
53
91
65
-54
-57
-59
83
-29
-188
-221
-183
-114
-78
-70
-117
-136
-64
54
-3
-12
-69
-15
113
136
54
-60
37
83
132
153
22
17
58
85
108
10
-73
-66
-14
14
5
-80
-65
1
-9
42
4
-34
-3
114
113
43
15
-57
-34
104
83
-9
-19
-35
67
67
44
18
-32
24
54
22
-22
-12
-38
13
55
-14
-46
-40
19
15
-36
12
-76
-73
-45
-60
-82
-102
-110
-137
-75
-73
-149
-159
-163
-132
-110
-135
-123
-128
-91
-67
20
-16
-46
20
-40
50
37
3
-8
-38
57
48
69
65
50
99
140
130
137
196
227
202
194
211
167
152
214
239
256
191
142
169
181
232
172
165
160
185
261
213
147
109
124
176
200
131
40
8
-35
-36
-21
-106
-219
-234
-324
-342
-407
-506
-514
-536
-465
-514
-580
-614
-629
-550
-480
-447
-487
-528
-471
-456
-438
-412
-401
-409
-311
-238
-259
-246
-277
-244
-196
-138
-152
-185
-124
-64
34
149
144
179
277
416
513
590
647
745
854
975
1120
1147
1273
1383
1567
1717
1757
1887
1891
1993
2125
2143
2071
1967
1918
1765
1619
1380
882
232
-526
-1103
-1582
-2133
-2755
-3434
-3943
-4194
-4167
-4049
-3791
-3538
-3055
-2375
-1758
-1213
-868
-421
11
421
733
826
732
636
530
364
177
-85
-392
-564
-706
-855
-1087
-1265
-1181
-1080
-883
-641
-422
-107
399
792
1098
1462
1794
2179
2621
2937
3054
3115
3217
3396
3465
3460
3375
3312
3297
3413
3558
3618
3534
2207
712
-60
-694
-1487
-2425
-3425
-4743
-5473
-5202
-5000
-4901
-4823
-4326
-3092
-1796
-940
-454
239
956
1841
2776
2994
2831
2683
2431
2244
1777
816
-341
-1013
-1417
-2138
-3051
-4173
-5088
-5370
-5054
-4572
-4184
-3790
-3278
-2283
-1109
-48
726
1312
2281
2993
3227
3183
2871
2584
2475
2478
2182
1559
1110
861
838
936
833
690
796
1213
1650
2000
2405
2828
3308
4185
4979
5511
5996
4688
2674
1618
913
-126
-1540
-2889
-4740
-6062
-6138
-6093
-6079
-6325
-5954
-4353
-2731
-1639
-1036
-230
712
1969
3384
3756
3663
3641
3435
3205
2840
1836
274
-586
-907
-1795
-2862
-3945
-4739
-5070
-4734
-4290
-4161
-3818
-3243
-2409
-1540
-785
-262
177
1221
2225
2497
2254
1904
1704
1614
1562
1275
721
209
-78
-184
-281
-423
-422
-34
719
1505
1912
2243
2810
3644
4514
5279
5938
6168
6500
6943
7544
6211
3251
1309
279
-718
-2442
-4261
-6725
-8733
-8709
-8134
-7680
-7815
-7722
-5841
-3262
-1444
-586
462
1646
3068
5021
5717
5227
4877
4625
4382
3894
2742
488
-1212
-1657
-2348
-3615
-4924
-5862
-6255
-5911
-5152
-4670
-4482
-3894
-2786
-1432
-261
428
827
1644
2766
3334
3133
2720
2353
1979
1719
1327
657
-170
-569
-540
-553
-628
-649
-302
524
1453
2087
2416
2974
3859
4672
5439
5953
6099
6256
6739
7291
7242
4732
1294
-537
-1245
-2472
-4605
-6733
-9197
-10482
-9785
-8623
-7835
-7820
-6739
-3806
-1016
588
1397
2616
3924
5593
7177
6874
5787
5111
4429
3583
2630
782
-1764
-2981
-3139
-4080
-5586
-6571
-6901
-6488
-5217
-3980
-3330
-2757
-1648
-379
764
1652
1913
1991
2643
3291
2784
1675
907
454
159
-8
-365
-1079
-1568
-1421
-977
-664
-403
-200
315
1445
2559
3037
3398
4064
4685
5258
5738
5827
5450
5256
5571
5596
5664
4611
1186
-1588
-2434
-3089
-5129
-6854
-8194
-9842
-9569
-7940
-6708
-6185
-5520
-3162
16
2294
3137
3821
4828
5694
6769
6938
5640
4623
3827
2792
1790
443
-1994
-3907
-4099
-4322
-5254
-6073
-6316
-5941
-4937
-3806
-2975
-2202
-1317
-320
878
1770
2037
1842
1882
2246
1988
1031
97
-508
-1078
-1383
-1583
-1937
-2061
-1841
-1447
-894
-147
389
925
1961
3116
3646
3940
4485
5099
5467
5770
5847
5576
5243
5223
5303
5322
5276
2833
-833
-2502
-2872
-4129
-5984
-7031
-8611
-9569
-8357
-6682
-5632
-5254
-3923
-821
2010
3372
3829
4515
5014
5745
6492
5662
4250
3289
2293
1205
304
-1376
-3752
-4772
-4530
-4713
-5393
-5785
-5494
-4690
-3544
-2377
-1576
-1035
-245
811
1625
1812
1366
673
574
818
489
-457
-1218
-1528
-1585
-1551
-1525
-1480
-1340
-834
23
856
1319
1524
2001
2952
3845
4184
4283
4616
5007
5104
4917
4670
4228
3894
4106
4461
4783
4374
1338
-1858
-2731
-2664
-3866
-5349
-6274
-8041
-8443
-6879
-5202
-4428
-4213
-2497
646
3014
3729
3769
4233
4524
5235
5745
4637
3279
2205
1126
187
-824
-2724
-4760
-5164
-4732
-4875
-5439
-5765
-5318
-4241
-3006
-1760
-777
-234
433
1513
2234
1928
1188
573
527
663
9
-1155
-2044
-2243
-2090
-1863
-1445
-1184
-758
19
933
1490
1573
1732
2224
3198
3887
3854
3670
3818
4078
4014
3892
3800
3388
3244
3605
4168
4266
4433
4124
1271
-1294
-1792
-1930
-3273
-4635
-5915
-7882
-8100
-6503
-4909
-4165
-3944
-2379
484
2492
2850
3251
3965
4067
4875
5622
4534
2960
2052
1221
145
-845
-2623
-4599
-5099
-4672
-4843
-5550
-5761
-5285
-4464
-3345
-2078
-1354
-1092
-322
930
1652
1689
1309
1006
1347
1826
1520
541
-255
-558
-693
-794
-851
-1074
-1339
-1008
-199
206
111
325
977
1903
2795
3233
3292
3483
3816
4039
4307
4501
4248
4234
4782
5235
5145
5211
4244
1007
-1133
-1338
-2049
-4115
-5735
-6937
-8357
-8065
-6312
-4889
-4633
-4223
-1752
1104
2469
3074
3887
4219
4542
5586
5358
3778
2778
1844
578
-378
-1510
-3647
-5170
-5054
-4849
-5158
-5545
-5490
-4825
-3769
-2437
-1151
-210
438
1335
2330
2779
2472
1443
833
1044
956
245
-707
-1643
-2363
-2358
-2010
-1938
-1774
-1478
-928
-148
498
746
949
1704
2903
3812
4010
3932
3995
4140
4304
4589
4611
4178
4066
4349
4591
4641
4809
3129
-182
-1777
-1923
-2800
-4633
-5718
-7080
-8285
-7402
-5538
-4258
-4131
-3492
-865
1935
3211
3522
4185
4368
4481
5359
4958
3304
1952
965
-100
-1053
-2321
-4434
-5793
-5648
-5137
-5136
-5433
-5202
-4313
-3161
-1739
-239
840
1336
2169
3257
3700
2977
1785
1298
1195
849
-74
-1364
-2643
-3375
-3323
-3155
-2994
-2673
-2473
-1706
-522
337
669
1112
2155
3319
4276
4560
4514
4653
4725
4817
5042
5016
4397
3929
4115
4378
4361
4534
4090
1305
-1311
-2003
-2365
-3841
-5225
-6276
-7816
-7859
-6303
-4746
-4197
-3916
-2217
483
2326
3055
3595
3852
3695
4234
4552
3491
2168
1015
29
-702
-1591
-3131
-4588
-4970
-4576
-4102
-4196
-4421
-3869
-2948
-1839
-284
968
1215
1436
2225
2581
2072
1180
551
242
-92
-527
-1459
-2750
-3571
-3538
-3224
-2829
-2096
-1571
-1178
-280
770
1265
1616
2389
3465
4359
4643
4662
4587
4332
4240
4446
4475
3930
3337
3275
3466
3738
3969
4484
3822
836
-1362
-1790
-2221
-3786
-4938
-6049
-7467
-7316
-5895
-4400
-3971
-3898
-2235
620
2257
2701
3340
3396
2765
3237
3832
2907
1740
947
243
-530
-1290
-2492
-3787
-4301
-3827
-3172
-3365
-3597
-3105
-2606
-1952
-358
908
918
903
1464
1615
1244
774
152
-382
-714
-928
-1726
-2782
-3337
-3367
-2983
-2073
-972
-684
-506
442
1469
1949
2336
2922
3409
3677
3774
3710
3461
3071
3005
3473
3555
3178
2884
2844
3176
3846
4592
4970
4878
2751
-107
-1231
-1273
-2340
-3932
-5051
-6687
-7736
-7071
-5473
-4755
-4939
-4035
-1387
661
1406
2129
2491
1778
2255
3998
4143
3220
2597
1906
1035
568
-150
-1588
-2798
-3165
-2804
-2725
-3502
-3999
-3873
-3591
-2599
-1238
-820
-1187
-1032
-390
-29
16
-233
-239
-73
2
83
-119
-743
-1108
-787
-397
-183
54
184
282
760
1321
1569
1523
1748
2275
2629
2904
3180
3257
3251
3586
4144
4280
4052
3929
4211
4863
5403
5909
5363
2303
-827
-1894
-2001
-3314
-4908
-6363
-8242
-8931
-7867
-5994
-5264
-5509
-4355
-1299
982
1835
2734
3155
2591
3421
5204
5450
4628
3625
2539
1598
1007
-88
-1617
-2918
-3643
-3528
-3565
-4365
-5027
-5190
-5018
-3941
-2311
-1349
-1279
-1082
-374
550
876
664
782
776
655
845
937
111
-973
-1425
-1305
-705
-73
100
26
60
290
724
995
1241
1689
2183
2656
3330
3811
3693
3729
4151
4493
4522
4581
4821
4968
5104
5314
5618
3861
449
-1780
-2246
-2868
-4242
-5319
-7044
-8726
-8853
-7129
-5375
-4977
-4943
-3165
-701
744
1929
3163
3032
2717
4225
5717
5757
4859
3551
2317
1626
1133
262
-1042
-2741
-3856
-3999
-4310
-5029
-5529
-5936
-5798
-4595
-3009
-2156
-1943
-1690
-713
619
1255
1725
2109
1775
1329
1802
1952
835
-325
-649
-571
-225
189
123
-427
-906
-662
90
780
1123
1322
1587
2114
2919
3496
3721
3882
4057
4366
4788
5033
5007
4892
4776
4874
5062
3584
645
-1418
-2147
-3005
-4324
-5485
-7018
-8419
-8566
-7090
-5335
-4865
-4967
-3674
-1692
-300
1141
2688
3028
2933
4010
5267
5619
4911
3793
2937
2312
1750
1168
74
-1872
-3426
-4013
-4598
-5174
-5370
-5712
-5907
-5329
-4204
-3295
-2777
-2188
-1174
87
918
1781
2469
2397
2122
2261
2342
1835
1197
745
496
294
60
-134
-370
-850
-958
-495
9
380
736
1037
1305
1967
2808
3487
4016
4227
4296
4459
4597
4646
4665
4626
4463
4647
4367
2646
567
-772
-1774
-3110
-4225
-5245
-6244
-6919
-6680
-5696
-4910
-5072
-4988
-3756
-2467
-1271
335
1677
1858
2081
2831
3453
3739
3634
3322
2970
2577
2094
1640
657
-861
-2008
-2623
-3181
-3456
-3606
-3982
-4305
-4256
-3886
-3359
-2923
-2608
-2083
-1505
-966
-191
589
922
1092
1255
1476
1838
1941
1703
1541
1385
857
513
483
285
42
85
332
514
673
905
1357
1823
2238
2664
2829
2654
2468
2422
2282
2304
2522
2645
2753
3037
3176
2418
1195
243
-191
-637
-1054
-1470
-2115
-2903
-3377
-3219
-2878
-2861
-3187
-2985
-2481
-2108
-1714
-1060
-749
-774
-353
439
1071
1208
1169
1114
1053
942
1023
1033
612
38
-310
-543
-764
-821
-940
-1149
-1336
-1399
-1410
-1421
-1587
-1802
-1852
-1735
-1577
-1271
-886
-770
-843
-727
-353
-149
-6
265
461
453
619
958
991
788
741
865
998
1308
1751
2080
2139
2049
1915
1714
1461
1253
1219
1190
1043
879
740
537
361
487
938
1567
2090
2184
1840
1308
901
633
437
247
61
-277
-622
-779
-950
-1459
-2065
-2323
-2333
-2149
-1805
-1549
-1708
-2063
-2191
-1984
-1546
-1116
-760
-571
-550
-534
-244
123
262
240
239
294
411
645
805
738
351
-12
-131
-211
-464
-669
-875
-1303
-1519
-1382
-1349
-1509
-1441
-1259
-1121
-883
-532
-231
-84
4
184
533
838
1054
1325
1614
1782
1808
1878
1933
1807
1567
1543
1563
1218
722
415
146
-131
-24
310
478
619
978
1379
1664
1984
2154
2065
1923
1959
1994
1810
1425
918
368
-199
-563
-799
-1078
-1561
-2043
-2451
-2729
-2889
-2932
-2862
-2851
-2912
-2808
-2321
-1827
-1470
-1114
-766
-537
-178
432
945
1216
1315
1365
1332
1294
1164
901
605
385
240
114
-133
-640
-1187
-1650
-1954
-2012
-1789
-1634
-1576
-1434
-1128
-780
-427
-110
172
411
611
974
1405
1590
1453
1283
1080
947
925
829
581
291
-2
-189
-100
-91
-186
-97
176
369
669
1079
1385
1726
2138
2538
2897
3283
3380
3281
3054
2624
2072
1630
1135
384
-359
-1054
-1678
-2139
-2336
-2655
-3156
-3553
-3596
-3413
-3145
-2771
-2467
-2273
-1965
-1335
-693
-180
212
510
817
1187
1490
1552
1376
998
682
525
452
366
223
-75
-449
-665
-759
-845
-1055
-1353
-1591
-1595
-1397
-992
-581
-451
-474
-289
17
244
446
539
380
166
197
251
61
-243
-459
-634
-737
-606
-337
-198
-160
72
431
717
968
1250
1403
1446
1612
1914
2216
2417
2556
2598
2598
2607
2752
2795
2433
1848
1347
946
590
309
-158
-772
-1313
-1643
-1728
-1674
-1812
-2169
-2336
-2344
-2254
-1987
-1591
-1417
-1348
-1209
-977
-681
-418
-211
-91
-14
9
171
346
381
266
148
46
16
118
158
124
22
-100
-180
-119
-123
-252
-410
-576
-662
-613
-466
-387
-392
-568
-756
-834
-887
-946
-924
-940
-1057
-1001
-872
-817
-760
-590
-340
4
377
733
1032
1143
1274
1524
1695
1677
1691
1697
1587
1537
1557
1539
1473
1405
1367
1470
1583
1634
1711
1645
1368
1111
1079
1052
892
584
266
-85
-443
-595
-576
-735
-1174
-1459
-1649
-1852
-1999
-2000
-2129
-2308
-2287
-1973
-1481
-1079
-769
-547
-389
-241
142
507
676
762
844
827
757
710
522
296
130
67
30
-66
-370
-763
-1150
-1520
-1665
-1616
-1546
-1522
-1415
-1307
-1216
-1133
-1034
-914
-760
-543
-253
94
265
335
401
465
550
736
946
1080
1127
1079
1069
1048
982
922
915
885
875
946
1033
1127
1216
1327
1510
1793
2054
2355
2644
2587
2304
2080
1883
1574
1333
989
460
-86
-525
-900
-1255
-1655
-2204
-2592
-2789
-2790
-2672
-2503
-2485
-2437
-2210
-1767
-1110
-535
-102
246
565
770
1073
1305
1291
1123
963
783
538
315
66
-177
-556
-938
-1153
-1289
-1516
-1691
-1812
-1999
-2022
-1820
-1489
-1249
-1083
-872
-536
-275
-107
96
198
226
345
577
610
472
265
121
92
129
180
206
216
176
270
415
492
480
543
739
961
1229
1543
1825
1918
2027
2298
2670
2997
3288
3507
3335
2880
2414
2049
1498
881
280
-326
-926
-1418
-1723
-2002
-2365
-2855
-3025
-2966
-2799
-2528
-2069
-1783
-1584
-1220
-735
-159
331
747
1006
1255
1326
1437
1422
1149
722
325
-41
-361
-482
-781
-1146
-1501
-1726
-1822
-1704
-1630
-1749
-1857
-1918
-1723
-1363
-971
-777
-647
-483
-193
173
341
375
285
137
26
148
186
-16
-206
-311
-307
-191
25
123
202
304
558
913
1207
1310
1316
1379
1568
1906
2202
2447
2536
2650
2827
3132
3248
3341
3236
2646
1851
1316
934
272
-372
-1116
-1728
-2290
-2478
-2454
-2423
-2741
-3001
-2806
-2610
-2312
-1859
-1405
-1319
-1045
-616
-117
379
665
788
863
1021
1040
1229
1122
686
195
-31
-209
-333
-414
-705
-1050
-1339
-1353
-1343
-1428
-1762
-2011
-2123
-2019
-1575
-1113
-929
-939
-729
-426
16
352
492
459
412
459
588
664
392
129
-7
76
270
581
721
723
757
919
1269
1528
1604
1557
1607
1638
1865
2234
2458
2424
2486
2737
3087
3507
3909
3623
2539
1413
875
449
-252
-1053
-1932
-2741
-3229
-3050
-2861
-3037
-3689
-3890
-3528
-2882
-2175
-1470
-1176
-1209
-769
74
911
1303
1381
1358
1506
1750
2037
2117
1476
561
-23
-173
-417
-649
-1089
-1717
-2320
-2498
-2393
-2393
-2733
-3129
-3048
-2764
-2346
-1919
-1537
-1395
-1031
-281
507
955
1060
1142
1223
1318
1361
1365
1020
527
351
526
734
806
844
713
662
815
1226
1540
1632
1624
1769
1964
2170
2556
2818
3052
3394
4031
4644
5311
4994
3317
1540
563
-66
-981
-1957
-3433
-4624
-5429
-5259
-4756
-4596
-5221
-5215
-4071
-2768
-1316
-71
519
423
1059
2088
3024
3361
3163
2915
2801
2821
2588
2161
712
-715
-1480
-1694
-2073
-2466
-3066
-3798
-4061
-3874
-3365
-3135
-3153
-3176
-2559
-1809
-1034
-348
-106
-166
165
917
1509
1822
1699
1437
1216
1170
1115
978
521
91
169
360
453
420
396
349
727
1337
1883
2224
2286
2328
2515
2883
3160
3407
3738
4195
4834
5382
5930
4934
2483
209
-612
-1213
-2360
-3563
-5179
-6468
-7066
-6124
-5255
-5014
-5484
-4585
-2515
-686
776
1842
2060
1675
2585
3816
4298
3734
2882
2151
1674
1251
543
-446
-2205
-3352
-3372
-3051
-3481
-3903
-4223
-4238
-3492
-2371
-1550
-1314
-1241
-885
96
645
638
423
161
20
406
821
511
-104
-491
-354
96
428
448
276
59
180
798
1129
1043
1020
1324
1758
2422
2851
2875
2711
2580
2670
2983
3216
2952
3044
3413
3989
4416
5114
4431
1821
-632
-1525
-1632
-2760
-3949
-5440
-6352
-6778
-5549
-4010
-3459
-3768
-2993
-590
1131
2287
2989
3214
2594
2940
3861
3748
2581
1291
789
237
-375
-1470
-2483
-3970
-4629
-4088
-3365
-3583
-3816
-3367
-2738
-1696
-632
-31
-231
-292
72
715
742
291
-33
-387
-529
-413
-326
-957
-1376
-1088
-395
139
310
297
175
319
779
1548
1755
1643
1881
2482
2859
2997
2887
2585
2498
2684
2941
2984
2726
2276
2449
2994
3626
4069
4538
3521
938
-1084
-1593
-1931
-3324
-4654
-5935
-6534
-6406
-4834
-3506
-3301
-3454
-2092
269
1664
2522
3108
3105
2683
3255
3746
2884
1417
458
120
-370
-1079
-2190
-3253
-4364
-4494
-3835
-3389
-3714
-3574
-2740
-1711
-586
303
558
388
551
979
1319
893
353
68
-324
-806
-1062
-1443
-2110
-2103
-1332
-567
-175
106
450
828
1185
1572
2007
2058
2094
2604
3200
3205
2962
2728
2510
2575
2762
2744
2374
2070
2058
2400
2822
3196
3555
4021
4399
2786
180
-1621
-1894
-2647
-3802
-4954
-6141
-6639
-6020
-4136
-3206
-3209
-3220
-1196
773
1867
2631
3096
2759
2562
3402
3303
2057
608
-85
-443
-988
-1860
-2894
-3834
-4567
-4127
-3369
-3295
-3546
-2785
-1590
-500
457
760
505
177
392
712
659
128
-164
-396
-845
-1212
-1570
-2053
-2256
-1432
-427
99
183
193
359
558
977
1477
1831
1856
2235
2827
3021
2872
2852
2765
2751
3000
3124
2911
2516
2305
2289
2737
3139
3711
4187
4730
3523
947
-1138
-1752
-2270
-3688
-4786
-6038
-6507
-6148
-4374
-3283
-3099
-3027
-1382
840
1940
2684
3152
3212
2887
3350
3316
2040
580
-171
-323
-1005
-1878
-2978
-3697
-4299
-3936
-3229
-3113
-3360
-2686
-1273
-250
625
931
631
211
520
870
575
-160
-642
-827
-1258
-1707
-2200
-2700
-2896
-2065
-914
-329
-239
34
575
925
1212
1517
1811
1872
2310
2914
2989
2455
2238
2413
2497
2571
2426
2143
1796
1820
2073
2376
2730
3136
3877
4589
5357
4574
1734
-802
-1426
-1538
-2784
-4076
-5578
-6503
-6382
-4947
-3747
-3709
-3777
-2283
367
1585
1988
2383
2583
2285
2773
3169
1985
553
-28
-53
-782
-1850
-3045
-3689
-3885
-3453
-2770
-2817
-3073
-2507
-1087
-218
426
626
469
449
1021
1213
366
-505
-937
-766
-1018
-1459
-1985
-2420
-2423
-1490
-346
-138
-58
480
1303
1501
1531
1505
1490
1676
2264
2818
2541
2028
1844
2180
2299
2361
2271
1913
1638
1711
2138
2332
2621
3206
4123
4803
5556
5486
2909
-113
-1231
-1125
-1992
-3440
-4956
-6106
-6253
-5266
-3800
-3492
-3892
-2838
86
1728
1900
2107
2108
1586
1764
2280
1249
-245
-868
-947
-1433
-2580
-3690
-4110
-3713
-3047
-2278
-2102
-2263
-1808
-596
284
684
758
439
492
889
850
-198
-1156
-1482
-1220
-1184
-1582
-1984
-2240
-1981
-958
95
271
348
870
1491
1574
1464
1366
1304
1503
1890
2072
1577
1090
1079
1511
1724
1724
1727
1534
1531
1800
2220
2405
2998
3952
4938
5501
6004
5716
3077
301
-576
-384
-1660
-3171
-4370
-5180
-5415
-4626
-3223
-2995
-3041
-1752
1011
1868
1550
1734
1881
1316
1211
1444
268
-1006
-1325
-1355
-2143
-3227
-3803
-3660
-3020
-2503
-1956
-1903
-1861
-1247
-145
257
259
466
374
434
523
265
-823
-1543
-1598
-1360
-1465
-1875
-2031
-1968
-1544
-751
170
399
662
1292
1865
1781
1466
1351
1223
1277
1347
1232
789
478
496
647
732
759
1009
1196
1427
1701
2112
2664
3616
4538
5244
5734
6259
6799
5099
1897
-196
-362
-1116
-2790
-4075
-5442
-6091
-5737
-4072
-3323
-3502
-2915
-376
1686
1565
1501
1829
1682
1223
1636
1088
-516
-1192
-1045
-1436
-2688
-3531
-3707
-3092
-2480
-2035
-1911
-2064
-1783
-792
-47
-65
35
62
92
274
215
-523
-1395
-1773
-1628
-1259
-1292
-1396
-1312
-976
-467
420
951
1071
1361
1871
1991
1586
1212
968
961
1024
1001
797
582
475
648
960
1146
1323
1435
1683
1985
2364
2773
3401
4236
4922
5491
5716
6293
5801
3046
302
-614
-767
-2136
-3486
-4782
-5815
-5939
-4834
-3291
-3085
-2919
-1312
1218
1716
1422
1764
1856
1315
1320
1358
1
-1138
-1300
-1655
-2790
-3748
-3962
-3645
-3027
-2646
-2510
-2525
-2190
-1325
-529
-274
-172
88
184
320
191
-290
-898
-1143
-1011
-839
-983
-1329
-1287
-1060
-769
-341
149
372
645
1105
1324
1067
785
811
995
1169
1142
1000
814
671
778
1077
1249
1375
1618
1844
2102
2399
2631
3067
3750
4365
4749
5158
5512
5999
5152
2251
-116
-710
-721
-2003
-3211
-4508
-5389
-5086
-3819
-2673
-2879
-2287
-422
1852
1954
1404
1567
1574
1270
1115
866
-738
-1643
-1651
-2012
-3065
-3896
-3840
-3243
-2423
-2238
-2145
-1978
-1578
-858
-267
-155
-177
80
47
-60
-479
-1158
-1690
-1572
-1207
-1266
-1509
-1601
-1152
-821
-505
-23
476
737
1179
1608
1248
644
615
985
1151
1123
998
850
735
736
993
1147
1197
1547
2010
2120
2046
2179
2427
2814
3459
4006
4376
4730
5218
5307
3114
373
-674
-423
-1077
-2516
-3422
-4565
-4662
-3984
-2723
-2567
-2389
-803
1345
2063
1021
1015
1253
1158
849
753
-391
-1725
-1762
-1843
-2794
-3842
-3741
-3125
-2300
-1899
-1890
-1823
-1503
-851
-272
-18
-47
212
310
31
-310
-802
-1223
-1301
-1031
-1185
-1483
-1560
-1314
-1132
-991
-530
111
590
937
1361
1392
1146
1163
1506
1496
1360
1365
1440
1308
1053
895
857
1072
1469
1910
1910
1754
1864
2207
2546
3020
3517
3825
4213
4591
4940
4759
2596
163
-673
-340
-973
-2402
-3393
-4441
-4447
-3861
-2861
-2621
-2363
-927
742
1231
396
594
967
837
511
314
-551
-1497
-1321
-1671
-2734
-3644
-3425
-2742
-1983
-1662
-1836
-1596
-1214
-704
-398
-329
-275
-95
-41
-478
-911
-1434
-1626
-1425
-1345
-1552
-1687
-1384
-1110
-906
-741
-236
430
935
1242
1421
1291
1002
1040
1213
1181
1268
1584
1697
1384
927
693
999
1643
2095
2237
2028
1864
1898
2235
2439
2676
3068
3477
4033
4328
4603
3616
1315
-143
-63
253
-930
-2184
-3157
-3840
-3727
-3232
-2557
-2476
-1512
146
1248
752
119
531
753
634
407
172
-771
-1171
-1134
-1873
-2866
-3093
-2467
-1793
-1300
-1386
-1553
-1248
-966
-813
-675
-524
-369
-256
-536
-1039
-1311
-1369
-1288
-1314
-1534
-1850
-1674
-1293
-1101
-1128
-931
-232
432
852
998
1104
1065
1122
1340
1390
1291
1420
1659
1429
878
402
507
1039
1464
1536
1465
1361
1392
1631
1800
2061
2555
3224
3768
3947
3840
4093
3934
2172
559
200
309
-739
-1900
-2903
-3974
-4182
-3678
-2762
-2584
-1945
-602
450
266
-217
294
737
733
695
600
-250
-797
-700
-1270
-2167
-2490
-1933
-1321
-1015
-1151
-1439
-1316
-1226
-1019
-869
-829
-751
-644
-613
-927
-1254
-1571
-1581
-1446
-1414
-1423
-1269
-945
-760
-578
-232
282
772
1127
1371
1356
1172
1005
1017
1095
1016
1112
1149
950
556
345
607
1050
1419
1711
1910
1809
1760
1919
2153
2316
2775
3301
3682
3892
3997
4365
3568
1702
481
573
459
-842
-1845
-2980
-3890
-4051
-3458
-2914
-2737
-1717
-568
-62
-520
-526
143
516
487
481
318
-445
-761
-856
-1645
-2396
-2164
-1460
-1136
-1234
-1479
-1665
-1540
-1511
-1474
-1387
-1289
-952
-764
-868
-1309
-1431
-1377
-1156
-1049
-1182
-1187
-946
-595
-563
-496
-191
235
648
905
1006
909
934
1003
1002
1067
1048
1182
1105
800
379
360
880
1278
1513
1624
1716
1652
1787
2003
2070
2404
2958
3393
3528
3742
3843
4199
3976
2391
1072
861
989
-190
-1494
-2638
-3618
-3705
-3328
-2734
-2761
-2211
-1281
-714
-703
-901
-180
430
670
602
316
-190
-677
-595
-1099
-1658
-1617
-1189
-877
-1092
-1327
-1782
-1763
-1682
-1684
-1614
-1472
-1165
-1203
-1163
-1349
-1480
-1431
-1134
-962
-1050
-868
-548
-377
-321
-303
-13
283
663
959
995
968
834
812
659
741
817
882
856
628
512
530
942
1246
1420
1649
1843
1898
1847
1980
2120
2420
2717
2960
3090
3271
3487
3917
3777
2349
1190
1044
973
-214
-1413
-2380
-3308
-3508
-3183
-2860
-2950
-2440
-1627
-1307
-1349
-1311
-585
18
173
137
-54
-428
-763
-588
-828
-1288
-1076
-659
-492
-895
-1201
-1588
-1705
-1630
-1711
-1612
-1511
-1246
-1246
-1233
-1403
-1504
-1174
-754
-614
-692
-513
-266
-199
-74
-17
101
387
815
1106
1038
1010
933
853
787
852
891
869
997
891
643
605
877
1075
1162
1497
1726
1676
1668
1806
1855
2000
2362
2557
2633
2918
3239
3574
3809
3254
2122
1576
1479
799
-397
-1248
-1984
-2596
-2750
-2650
-2691
-2793
-2400
-2060
-1973
-1986
-1567
-900
-577
-554
-629
-724
-835
-639
-345
-419
-466
-285
-135
-303
-686
-983
-1179
-1264
-1434
-1526
-1568
-1560
-1625
-1665
-1770
-1776
-1585
-1179
-1030
-1108
-1067
-817
-516
-264
-36
14
151
509
810
895
862
808
695
665
760
717
611
563
565
360
291
423
520
604
848
1107
1055
959
1117
1243
1312
1503
1790
1945
2179
2577
2857
3121
3212
3123
2804
2514
2148
1624
1127
661
216
-372
-779
-947
-1018
-1223
-1382
-1593
-1707
-1616
-1344
-1239
-1315
-1381
-1355
-1254
-1101
-818
-621
-489
-355
-208
-209
-265
-314
-315
-502
-793
-952
-993
-1062
-1263
-1481
-1673
-1682
-1579
-1555
-1628
-1810
-1879
-1768
-1508
-1354
-1305
-1213
-1034
-785
-595
-391
-167
1
141
315
466
545
665
798
773
599
540
639
678
749
878
900
771
714
790
824
879
1043
1271
1409
1670
1973
2178
2393
2736
3112
3450
3554
3365
3043
2843
2757
2535
2090
1395
827
433
174
-215
-744
-1367
-1726
-1841
-1919
-2075
-2304
-2552
-2504
-2236
-2028
-1870
-1693
-1447
-1232
-1009
-889
-785
-739
-723
-846
-966
-1075
-1184
-1257
-1305
-1415
-1514
-1473
-1442
-1532
-1670
-1753
-1741
-1600
-1421
-1355
-1395
-1344
-1194
-959
-692
-417
-149
91
403
633
787
956
1187
1302
1258
1230
1294
1348
1362
1430
1428
1311
1248
1326
1362
1320
1354
1559
1695
1738
1850
2052
2264
2536
2883
3139
3187
3045
2918
2759
2638
2457
2132
1582
1008
527
178
-68
-385
-875
-1390
-1621
-1799
-2008
-2217
-2391
-2574
-2446
-2266
-2194
-2217
-2091
-1911
-1721
-1555
-1418
-1384
-1400
-1376
-1445
-1552
-1587
-1538
-1493
-1430
-1440
-1470
-1492
-1446
-1427
-1412
-1398
-1265
-1112
-1091
-1150
-1128
-1064
-939
-654
-356
-149
78
338
515
638
861
1100
1179
1161
1141
1134
1108
1142
1190
1173
1050
1065
1183
1247
1261
1358
1463
1555
1642
1808
2047
2313
2516
2721
2963
3117
3141
3028
2839
2542
2425
2339
2013
1350
695
254
76
-66
-368
-932
-1446
-1623
-1622
-1704
-1892
-2047
-2091
-1934
-1821
-1784
-1824
-1712
-1532
-1334
-1271
-1270
-1322
-1305
-1314
-1380
-1434
-1378
-1305
-1241
-1243
-1362
-1473
-1474
-1381
-1341
-1301
-1232
-1131
-1186
-1307
-1329
-1288
-1215
-973
-692
-506
-277
4
182
360
619
843
964
1052
1104
1047
972
952
940
889
842
878
971
1029
1030
1097
1177
1235
1356
1569
1808
2010
2201
2399
2582
2753
2917
2973
2809
2554
2394
2356
2207
1814
1215
624
273
108
-123
-523
-1017
-1390
-1482
-1484
-1628
-1843
-1938
-1899
-1815
-1799
-1772
-1704
-1561
-1409
-1327
-1409
-1502
-1451
-1336
-1363
-1487
-1537
-1468
-1372
-1348
-1488
-1679
-1691
-1519
-1293
-1142
-1093
-1153
-1217
-1276
-1278
-1238
-1109
-911
-687
-496
-296
-91
124
365
636
860
1053
1228
1290
1204
1043
980
976
1016
1040
1098
1131
1207
1275
1320
1334
1411
1583
1827
2059
2195
2290
2384
2516
2649
2842
2984
3012
2823
2580
2328
2192
2027
1704
1137
529
109
-113
-302
-622
-1043
-1381
-1470
-1504
-1583
-1775
-1935
-2022
-1939
-1835
-1761
-1724
-1652
-1599
-1609
-1680
-1717
-1660
-1614
-1663
-1752
-1775
-1781
-1783
-1836
-1951
-1984
-1774
-1478
-1290
-1235
-1302
-1422
-1469
-1444
-1424
-1322
-1078
-825
-652
-547
-436
-212
174
513
725
897
1070
1168
1167
1055
878
799
898
1077
1180
1184
1169
1224
1267
1289
1384
1575
1753
1929
2088
2111
2099
2218
2415
2521
2685
2906
3030
2903
2676
2415
2238
2128
1958
1537
908
381
118
4
-250
-630
-1039
-1268
-1367
-1395
-1590
-1852
-2011
-1926
-1816
-1754
-1748
-1724
-1682
-1637
-1623
-1629
-1584
-1483
-1387
-1420
-1537
-1627
-1594
-1562
-1539
-1505
-1396
-1263
-1124
-1128
-1330
-1587
-1656
-1570
-1436
-1278
-1120
-1031
-934
-752
-503
-218
107
438
716
915
1002
1022
997
944
896
947
1076
1212
1241
1177
1074
1007
999
1085
1235
1328
1389
1458
1485
1423
1465
1641
1818
1989
2249
2495
2624
2651
2526
2275
2109
2173
2166
1842
1228
662
295
134
-52
-433
-941
-1299
-1403
-1513
-1774
-2070
-2197
-2158
-2022
-1940
-1922
-1892
-1748
-1611
-1570
-1558
-1426
-1173
-988
-1003
-1149
-1224
-1176
-1067
-1016
-1050
-1097
-1077
-1056
-1205
-1470
-1674
-1695
-1628
-1531
-1458
-1378
-1276
-1076
-817
-557
-261
151
579
844
969
1041
1123
1199
1308
1366
1414
1500
1577
1512
1350
1193
1105
1172
1322
1366
1253
1181
1165
1139
1149
1282
1441
1612
1872
2137
2310
2457
2647
2665
2535
2444
2507
2474
2241
1747
1107
563
305
150
-177
-675
-1182
-1553
-1792
-1951
-2153
-2320
-2385
-2319
-2268
-2216
-2135
-2012
-1892
-1788
-1657
-1463
-1223
-1062
-1045
-1127
-1158
-1097
-974
-938
-1042
-1167
-1230
-1284
-1448
-1629
-1758
-1811
-1826
-1806
-1804
-1774
-1626
-1366
-1096
-849
-530
-156
202
446
615
753
947
1171
1356
1448
1488
1524
1551
1546
1472
1369
1327
1413
1475
1403
1256
1159
1109
1119
1215
1316
1426
1600
1842
2003
2138
2352
2637
2783
2789
2710
2602
2521
2406
2061
1439
894
603
459
188
-257
-850
-1323
-1551
-1612
-1785
-2013
-2142
-2131
-2090
-2064
-2039
-1974
-1822
-1663
-1515
-1415
-1298
-1178
-1094
-1115
-1185
-1173
-1053
-1012
-1130
-1289
-1375
-1408
-1408
-1431
-1539
-1661
-1667
-1613
-1611
-1604
-1480
-1275
-1027
-770
-544
-348
-103
170
384
561
779
1031
1223
1322
1316
1284
1313
1403
1454
1440
1388
1344
1315
1256
1145
1018
998
1068
1140
1187
1257
1356
1491
1676
1856
2057
2299
2534
2577
2429
2230
2155
2072
1869
1454
958
566
361
172
-189
-710
-1170
-1346
-1433
-1567
-1793
-1950
-2010
-1960
-1955
-1942
-1929
-1791
-1590
-1444
-1417
-1359
-1242
-1128
-1104
-1173
-1170
-1098
-1014
-1048
-1195
-1332
-1318
-1241
-1239
-1360
-1497
-1537
-1495
-1456
-1449
-1424
-1307
-1077
-840
-666
-489
-251
36
302
528
746
997
1213
1369
1373
1358
1435
1617
1724
1710
1596
1494
1429
1387
1324
1218
1142
1154
1232
1280
1306
1374
1552
1761
1955
2165
2436
2654
2698
2565
2357
2220
2170
2106
1800
1276
767
470
252
-70
-529
-979
-1294
-1457
-1564
-1773
-2010
-2170
-2188
-2186
-2171
-2130
-1968
-1802
-1679
-1654
-1615
-1520
-1375
-1310
-1309
-1321
-1289
-1228
-1246
-1386
-1526
-1528
-1448
-1401
-1500
-1598
-1655
-1635
-1611
-1602
-1572
-1417
-1185
-966
-780
-602
-370
-70
244
515
739
973
1233
1362
1358
1374
1476
1637
1748
1733
1597
1461
1391
1398
1353
1264
1193
1199
1242
1287
1308
1396
1563
1750
1962
2171
2383
2561
2656
2549
2338
2163
2172
2159
1917
1421
888
466
215
9
-323
-765
-1155
-1348
-1467
-1635
-1854
-1996
-2054
-2012
-1950
-1843
-1709
-1558
-1469
-1429
-1424
-1342
-1198
-1087
-1072
-1126
-1168
-1178
-1196
-1283
-1367
-1400
-1339
-1291
-1328
-1448
-1532
-1559
-1549
-1532
-1456
-1302
-1103
-909
-754
-609
-407
-95
244
516
706
894
1076
1187
1216
1219
1254
1339
1435
1443
1332
1185
1125
1129
1103
1044
1004
1008
1041
1084
1125
1188
1303
1510
1724
1887
2031
2190
2305
2290
2145
2012
1999
1981
1823
1435
917
467
209
48
-205
-613
-1010
-1262
-1422
-1584
-1762
-1900
-1928
-1848
-1759
-1690
-1634
-1547
-1458
-1403
-1373
-1294
-1173
-1052
-1033
-1112
-1179
-1174
-1154
-1179
-1229
-1246
-1209
-1182
-1229
-1361
-1498
-1556
-1519
-1464
-1398
-1297
-1139
-981
-867
-733
-481
-133
213
484
675
823
978
1137
1224
1213
1214
1339
1478
1508
1396
1278
1221
1231
1246
1255
1216
1217
1281
1337
1333
1325
1449
1661
1876
2006
2136
2269
2406
2440
2363
2188
2097
2094
2041
1713
1165
657
347
165
-93
-473
-918
-1247
-1440
-1552
-1743
-1908
-1975
-1877
-1792
-1750
-1748
-1688
-1595
-1512
-1461
-1418
-1328
-1231
-1193
-1269
-1351
-1372
-1300
-1261
-1287
-1357
-1375
-1377
-1422
-1547
-1663
-1695
-1634
-1556
-1532
-1502
-1414
-1260
-1082
-885
-654
-346
-1
294
468
592
752
949
1103
1182
1227
1283
1367
1409
1389
1303
1248
1261
1321
1317
1277
1266
1300
1320
1323
1356
1468
1637
1826
1976
2072
2181
2331
2469
2442
2309
2183
2171
2107
1889
1467
986
579
332
108
-220
-652
-1016
-1246
-1407
-1569
-1708
-1764
-1772
-1734
-1714
-1673
-1624
-1513
-1415
-1362
-1363
-1301
-1196
-1130
-1167
-1236
-1242
-1193
-1134
-1144
-1225
-1317
-1347
-1356
-1403
-1493
-1547
-1530
-1500
-1491
-1498
-1441
-1295
-1091
-875
-663
-421
-135
122
313
466
648
878
1082
1209
1245
1272
1323
1384
1377
1318
1269
1280
1305
1285
1200
1115
1072
1093
1137
1175
1223
1330
1494
1631
1702
1780
1933
2114
2219
2194
2078
1967
1911
1814
1553
1126
714
414
181
-106
-474
-857
-1165
-1375
-1496
-1612
-1718
-1765
-1754
-1735
-1727
-1685
-1584
-1481
-1415
-1377
-1328
-1249
-1155
-1092
-1085
-1096
-1061
-993
-970
-1036
-1124
-1188
-1210
-1245
-1317
-1411
-1480
-1500
-1497
-1496
-1467
-1339
-1136
-919
-740
-549
-319
-46
219
441
632
852
1081
1248
1310
1323
1363
1437
1495
1484
1422
1374
1352
1338
1278
1189
1139
1168
1232
1274
1307
1372
1487
1621
1728
1820
1937
2114
2274
2314
2204
2047
1948
1871
1695
1368
955
571
270
-16
-362
-757
-1104
-1341
-1501
-1644
-1766
-1846
-1883
-1898
-1893
-1882
-1823
-1725
-1629
-1581
-1544
-1472
-1359
-1267
-1218
-1200
-1169
-1116
-1071
-1082
-1149
-1237
-1282
-1311
-1372
-1464
-1542
-1573
-1563
-1536
-1481
-1370
-1192
-967
-753
-563
-341
-60
242
499
689
871
1057
1227
1331
1370
1394
1445
1513
1534
1483
1408
1363
1354
1321
1270
1225
1229
1263
1301
1312
1333
1410
1545
1675
1758
1832
1952
2087
2167
2125
1996
1868
1788
1701
1494
1136
736
395
123
-150
-471
-802
-1086
-1297
-1452
-1589
-1704
-1768
-1792
-1791
-1785
-1743
-1663
-1564
-1497
-1442
-1375
-1275
-1157
-1062
-1028
-1019
-997
-951
-931
-969
-1057
-1144
-1215
-1272
-1339
-1421
-1490
-1512
-1487
-1442
-1379
-1264
-1088
-895
-695
-491
-267
-17
239
447
610
761
915
1053
1143
1184
1222
1272
1300
1284
1234
1181
1158
1149
1134
1086
1045
1037
1046
1053
1067
1122
1211
1329
1438
1518
1602
1709
1834
1912
1891
1814
1749
1711
1622
1426
1121
794
517
294
55
-230
-541
-809
-1013
-1173
-1312
-1425
-1496
-1539
-1552
-1553
-1525
-1468
-1378
-1318
-1275
-1216
-1114
-1002
-924
-890
-887
-881
-859
-859
-914
-1006
-1098
-1161
-1224
-1306
-1409
-1481
-1491
-1457
-1410
-1344
-1247
-1089
-900
-701
-509
-309
-92
133
334
501
656
806
939
1024
1076
1115
1174
1226
1244
1218
1175
1156
1151
1146
1115
1075
1055
1060
1084
1115
1155
1230
1328
1420
1506
1588
1691
1798
1866
1859
1798
1707
1634
1529
1355
1086
778
482
225
-23
-301
-592
-868
-1085
-1254
-1375
-1487
-1577
-1642
-1664
-1651
-1604
-1544
-1476
-1422
-1353
-1278
-1187
-1112
-1057
-1020
-1005
-994
-1004
-1041
-1101
-1164
-1217
-1260
-1313
-1373
-1426
-1430
-1403
-1336
-1260
-1159
-1029
-860
-671
-475
-274
-65
143
337
512
671
821
958
1064
1123
1158
1194
1241
1283
1280
1251
1206
1165
1148
1131
1103
1074
1055
1056
1071
1099
1150
1215
1290
1373
1456
1541
1642
1739
1803
1801
1746
1661
1570
1457
1292
1049
758
456
180
-84
-354
-630
-896
-1122
-1290
-1405
-1508
-1580
-1630
-1637
-1602
-1533
-1466
-1402
-1339
-1258
-1184
-1116
-1073
-1040
-1019
-1006
-1008
-1043
-1096
-1153
-1203
-1248
-1289
-1340
-1373
-1400
-1390
-1360
-1302
-1229
-1124
-995
-844
-672
-480
-281
-87
103
283
458
632
797
917
1002
1064
1119
1158
1193
1204
1198
1177
1154
1126
1086
1052
1021
1004
988
977
985
1011
1055
1120
1190
1266
1364
1475
1596
1699
1779
1819
1823
1792
1721
1603
1445
1241
1001
714
406
117
-162
-431
-680
-910
-1103
-1238
-1333
-1406
-1457
-1474
-1458
-1411
-1362
-1306
-1266
-1220
-1174
-1136
-1113
-1107
-1100
-1097
-1112
-1142
-1187
-1235
-1277
-1307
-1341
-1379
-1403
-1418
-1411
-1397
-1347
-1274
-1180
-1070
-928
-767
-591
-392
-191
-2
182
376
558
724
860
966
1040
1110
1166
1192
1196
1196
1195
1185
1159
1133
1096
1064
1047
1038
1031
1026
1050
1081
1123
1179
1252
1335
1431
1524
1599
1654
1691
1701
1653
1561
1433
1274
1076
842
575
287
9
-238
-474
-703
-903
-1051
-1164
-1247
-1308
-1356
-1376
-1369
-1334
-1306
-1282
-1259
-1231
-1206
-1179
-1162
-1157
-1147
-1133
-1127
-1138
-1165
-1192
-1219
-1261
-1298
-1326
-1339
-1344
-1338
-1329
-1294
-1235
-1133
-1018
-891
-732
-554
-360
-167
17
190
363
543
704
822
920
1003
1077
1134
1177
1193
1201
1220
1237
1236
1227
1221
1219
1221
1224
1231
1237
1253
1281
1312
1337
1381
1432
1482
1522
1556
1568
1557
1526
1460
1346
1198
1034
850
636
391
149
-91
-314
-519
-708
-888
-1029
-1131
-1210
-1281
-1348
-1386
-1406
-1404
-1396
-1386
-1377
-1346
-1309
-1279
-1257
-1239
-1214
-1196
-1186
-1186
-1203
-1220
-1235
-1264
-1295
-1318
-1307
-1289
-1262
-1219
-1159
-1078
-958
-828
-697
-553
-373
-184
-7
159
312
467
618
759
865
955
1031
1103
1157
1188
1196
1202
1214
1223
1230
1224
1219
1222
1230
1226
1229
1241
1259
1275
1296
1312
1329
1354
1378
1386
1377
1370
1357
1326
1259
1157
1035
902
759
592
397
200
5
-170
-357
-542
-706
-848
-961
-1056
-1141
-1219
-1268
-1295
-1316
-1334
-1338
-1329
-1311
-1296
-1283
-1272
-1268
-1261
-1258
-1276
-1301
-1321
-1342
-1365
-1399
-1425
-1438
-1430
-1399
-1356
-1307
-1226
-1117
-988
-850
-707
-545
-371
-188
-14
157
320
488
639
774
886
985
1077
1149
1209
1241
1258
1270
1273
1267
1249
1232
1224
1220
1207
1201
1196
1200
1222
1236
1251
1262
1285
1311
1323
1322
1314
1305
1282
1243
1176
1084
976
859
720
560
385
219
53
-118
-287
-452
-593
-714
-820
-923
-1011
-1080
-1133
-1172
-1205
-1230
-1246
-1254
-1253
-1257
-1263
-1261
-1259
-1254
-1267
-1290
-1315
-1340
-1357
-1384
-1413
-1426
-1421
-1404
-1376
-1334
-1277
-1188
-1073
-954
-822
-679
-515
-338
-168
-2
158
317
471
615
744
855
960
1049
1116
1165
1200
1228
1247
1245
1233
1212
1197
1184
1170
1153
1138
1134
1142
1147
1152
1161
1171
1194
1211
1216
1213
1203
1188
1161
1107
1036
950
853
739
600
447
291
138
-18
-175
-338
-485
-607
-722
-829
-930
-1021
-1087
-1135
-1179
-1217
-1254
-1275
-1281
-1291
-1300
-1303
-1298
-1291
-1289
-1294
-1294
-1289
-1278
-1279
-1279
-1265
-1241
-1196
-1150
-1099
-1034
-938
-818
-692
-563
-429
-284
-125
39
189
326
475
618
747
861
959
1053
1129
1192
1231
1254
1274
1291
1290
1265
1233
1205
1186
1164
1123
1078
1043
1028
1014
1000
986
976
971
969
965
947
926
900
863
811
745
672
593
493
373
236
101
-35
-166
-305
-449
-594
-725
-837
-943
-1046
-1147
-1226
-1287
-1336
-1382
-1425
-1453
-1465
-1473
-1482
-1471
-1453
-1431
-1402
-1384
-1347
-1306
-1255
-1207
-1165
-1116
-1061
-982
-901
-824
-741
-639
-521
-396
-265
-138
2
148
295
435
567
695
819
932
1029
1122
1199
1266
1321
1357
1381
1400
1416
1418
1399
1371
1342
1310
1280
1242
1196
1148
1108
1074
1040
1005
968
936
905
872
836
796
748
685
617
539
450
360
257
139
9
-123
-246
-363
-495
-624
-751
-864
-958
-1048
-1129
-1216
-1288
-1337
-1376
-1407
-1425
-1436
-1439
-1435
-1417
-1397
-1367
-1327
-1294
-1254
-1219
-1173
-1120
-1068
-1025
-977
-922
-856
-780
-713
-635
-547
-448
-333
-212
-98
22
148
275
408
532
653
767
879
971
1061
1142
1209
1258
1290
1310
1316
1325
1316
1294
1263
1221
1185
1150
1108
1059
1005
957
921
882
841
797
758
721
683
650
614
573
524
460
392
318
244
163
59
-48
-156
-262
-360
-460
-564
-665
-754
-825
-888
-951
-1013
-1057
-1087
-1105
-1123
-1130
-1122
-1110
-1087
-1059
-1026
-990
-950
-917
-884
-857
-835
-809
-783
-770
-754
-728
-691
-651
-614
-573
-521
-448
-361
-273
-187
-89
9
118
233
345
458
574
681
779
869
950
1019
1076
1114
1138
1151
1151
1146
1125
1090
1047
1003
959
907
856
799
746
698
649
601
559
519
489
458
431
405
380
347
307
263
212
156
95
26
-56
-138
-211
-288
-366
-439
-518
-588
-650
-696
-739
-784
-827
-860
-879
-890
-892
-891
-881
-864
-841
-812
-783
-754
-732
-716
-709
-699
-690
-687
-679
-675
-667
-649
-621
-595
-561
-514
-460
-406
-339
-266
-185
-97
-3
101
206
314
422
524
621
711
794
863
918
955
982
999
1005
1004
996
976
946
911
877
840
793
754
708
660
621
586
550
513
490
462
443
425
398
374
341
302
258
209
154
94
27
-47
-115
-187
-249
-311
-373
-431
-482
-533
-581
-616
-653
-680
-704
-714
-714
-713
-701
-685
-663
-643
-623
-608
-595
-579
-572
-570
-569
-567
-565
-563
-556
-548
-539
-519
-496
-468
-436
-397
-353
-306
-247
-183
-112
-32
53
141
226
309
387
462
529
584
629
666
692
703
714
709
703
692
672
658
637
606
573
539
504
474
444
419
393
375
363
347
340
329
320
309
289
271
242
211
180
142
103
64
22
-19
-57
-92
-128
-163
-203
-237
-270
-299
-322
-342
-355
-366
-372
-375
-376
-373
-363
-358
-354
-352
-355
-361
-367
-379
-393
-401
-411
-413
-417
-418
-420
-412
-402
-391
-379
-364
-342
-318
-287
-243
-196
-144
-94
-41
15
64
119
171
220
253
287
318
338
349
359
363
357
354
346
342
328
318
302
283
273
258
242
229
221
218
218
223
233
243
250
259
267
268
266
259
252
244
226
208
186
163
141
117
89
63
34
4
-23
-50
-81
-102
-126
-146
-163
-184
-197
-202
-210
-222
-227
-231
-239
-249
-258
-265
-275
-283
-291
-308
-313
-322
-325
-325
-331
-332
-335
-328
-324
-309
-291
-270
-239
-217
-184
-154
-115
-79
-47
-15
14
47
72
96
116
125
135
154
161
163
167
167
171
169
168
166
166
167
166
174
184
190
198
208
220
239
252
262
273
281
291
296
293
284
277
265
250
227
211
186
158
129
100
72
45
24
-1
-21
-40
-59
-73
-81
-88
-90
-93
-96
-97
-100
-100
-100
-106
-110
-115
-124
-138
-154
-165
-181
-194
-217
-229
-245
-262
-273
-286
-290
-292
-294
-289
-277
-265
-254
-235
-217
-193
-170
-144
-118
-90
-63
-41
-21
0
20
37
49
60
77
86
93
104
105
109
119
128
142
153
161
167
171
179
188
198
205
211
216
218
219
217
214
205
189
177
168
153
133
117
103
82
64
46
30
20
10
0
-6
-7
-11
-8
-3
0
9
19
23
30
34
32
30
26
18
11
-2
-16
-35
-51
-66
-85
-104
-121
-136
-157
-167
-178
-186
-183
-181
-183
-180
-176
-164
-151
-143
-130
-117
-106
-92
-82
-74
-60
-48
-35
-30
-25
-18
-9
1
9
17
24
33
41
50
55
59
66
64
70
80
82
85
85
84
79
74
68
70
70
67
61
56
54
50
46
39
37
39
38
39
42
39
38
40
44
49
51
50
46
46
36
33
33
26
25
22
19
16
20
16
11
13
13
10
7
1
-6
-9
-9
-12
-18
-29
-36
-40
-47
-49
-52
-56
-59
-60
-61
-62
-61
-60
-58
-52
-51
-50
-51
-48
-45
-46
-46
-41
-40
-48
-44
-48
-50
-53
-53
-51
-51
-45
-43
-40
-38
-34
-30
-25
-16
-11
-2
1
8
13
19
22
26
27
28
30
28
35
35
40
40
40
43
44
51
54
55
58
66
72
81
88
90
94
90
87
86
86
83
77
72
63
55
49
45
41
34
26
21
16
11
10
8
2
1
-2
1
2
1
0
-2
-4
-13
-14
-16
-21
-23
-32
-35
-41
-43
-49
-54
-53
-55
-57
-58
-58
-58
-60
-58
-58
-59
-52
-47
-47
-45
-40
-43
-45
-48
-48
-49
-46
-45
-41
-37
-44
-38
-32
-33
-27
-28
-28
-25
-26
-21
-16
-15
-8
-7
-2
-1
2
5
12
23
29
32
33
37
38
38
40
43
49
50
53
53
51
54
48
45
49
42
38
33
30
35
32
29
22
21
22
21
25
28
30
28
30
34
28
26
26
23
22
18
14
11
6
3
-4
-19
-23
-28
-34
-42
-43
-45
-47
-48
-43
-41
-37
-36
-35
-30
-29
-24
-16
-16
-22
-24
-22
-22
-26
-31
-35
-38
-43
-50
-49
-51
-50
-46
-47
-42
-30
-19
-19
-17
-7
2
13
16
24
35
36
38
37
36
34
26
28
21
18
13
5
2
0
-4
-6
-3
-3
-3
5
10
6
15
18
19
21
27
30
31
35
32
32
30
27
24
20
23
18
9
2
-4
-12
-17
-19
-20
-17
-19
-18
-14
-16
-12
-6
1
4
8
15
19
21
20
21
20
26
25
20
19
11
7
1
-2
-7
-10
-10
-15
-16
-23
-21
-16
-15
-11
-3
0
2
8
11
13
17
17
15
18
16
17
17
17
12
12
7
6
7
1
-4
-10
-11
-14
-15
-11
-9
-1
0
3
3
12
17
19
22
17
16
18
20
18
12
8
4
1
-1
-5
-13
-17
-21
-20
-18
-15
-14
-14
-13
-11
-9
-6
4
5
2
4
6
7
7
7
10
7
9
9
5
2
-2
-7
-12
-13
-19
-20
-21
-21
-17
-16
-13
-11
-5
-2
-2
2
10
11
18
22
23
22
19
18
14
11
8
8
3
0
0
-3
-7
-4
-12
-17
-18
-20
-19
-16
-20
-14
-15
-16
-7
-9
-2
-6
-1
1
6
10
7
3
0
-3
-5
-8
-7
-1
-6
-10
-13
-14
-12
-7
-5
-5
-4
-2
-1
0
7
11
13
12
12
13
8
10
14
9
8
10
0
-1
-1
-4
-9
-13
-14
-21
-17
-20
-20
-18
-17
-12
-11
-6
-3
-2
1
6
11
10
7
14
17
16
14
11
10
12
10
10
12
12
8
8
5
0
-1
0
3
7
3
7
9
9
7
4
4
1
5
5
4
2
3
2
0
-1
-2
5
4
7
2
-2
-2
-3
2
1
-4
-2
3
2
-1
3
4
4
5
5
3
2
2
-2
-4
-1
3
-1
-3
1
2
3
8
7
5
4
4
6
8
6
9
8
7
6
4
6
8
4
4
5
6
4
0
0
-1
-1
-2
2
2
-1
-4
-6
-2
1
2
1
1
2
1
2
