4
4
3
1
1
1
3
1
-2
0
1
0
-2
-4
-5
-5
-5
-5
-6
-5
-5
-4
-5
-6
-2
-2
-3
-2
-3
-2
-2
1
2
2
2
0
2
3
4
4
6
5
3
3
4
5
5
4
4
3
3
4
3
2
1
2
1
3
2
3
1
3
2
2
5
3
5
3
5
5
2
4
2
1
1
4
2
-1
1
3
2
0
0
1
-1
1
1
-1
-1
-3
0
-2
1
-1
-2
0
-2
-2
0
-1
1
1
0
0
-2
-4
-3
-3
-4
-3
-2
-2
0
-3
-3
0
2
2
0
-1
-2
0
1
1
1
1
3
1
3
1
1
1
-1
0
1
0
0
-2
-1
0
-1
1
2
3
1
0
0
0
0
-1
-1
-2
-2
-3
-2
-1
-4
-5
-3
-4
0
-2
-1
-1
-1
0
-1
-1
-1
-3
-2
0
-1
1
2
2
3
0
0
0
-1
-1
-3
-3
-1
-1
0
1
1
1
-1
-1
-2
-2
-2
-2
-2
-2
-2
-1
1
0
-1
1
1
0
1
2
4
4
3
5
3
2
4
4
5
4
4
5
5
4
4
5
5
3
5
5
5
3
6
5
4
3
3
3
1
1
0
1
0
-2
-3
-4
-2
-2
-2
-1
-4
-5
-3
-6
-4
-1
1
2
1
1
-1
1
0
2
4
-1
0
2
0
2
1
1
3
2
3
1
0
1
0
1
1
4
1
0
2
0
2
3
3
3
1
3
3
1
1
2
2
3
3
0
0
1
1
2
1
0
2
3
2
3
3
2
1
1
2
0
-1
-1
0
-1
-3
-5
-5
-4
-1
-2
-4
-2
0
-2
-3
-3
-3
-3
-3
-4
-3
-3
-1
-1
-3
-2
-2
-2
-1
-2
-2
-4
-3
-2
-4
-2
-3
-2
-3
-1
-1
-2
-1
-2
-2
-2
0
1
1
-1
-1
1
1
-2
-3
0
-2
-4
-5
-5
-4
-5
-5
-4
-2
0
-2
-2
2
0
1
0
0
0
1
0
0
1
-1
1
2
2
0
-1
0
0
1
-1
1
4
0
2
0
-2
-1
1
5
4
3
3
3
1
2
2
1
1
0
1
1
1
2
0
0
0
0
-1
-2
-1
-2
-1
-3
-5
-3
-2
-1
-3
-3
-3
-2
-2
0
1
0
2
-1
-1
-1
1
3
4
1
3
3
2
3
2
2
1
3
2
1
2
2
2
1
2
3
1
0
2
2
2
2
3
3
2
2
4
5
2
2
0
1
0
0
1
2
2
2
2
2
3
-1
1
1
1
1
2
-1
0
0
-1
1
0
-1
-1
-1
1
2
1
0
0
1
1
-1
0
2
2
1
0
1
0
-1
-1
0
1
0
-1
1
2
0
-1
1
0
-1
-2
-1
-3
-2
-2
-3
-4
-3
-2
-5
-7
-6
-3
-4
-3
-5
-6
-6
-8
-8
-9
-8
-6
-4
-1
-2
-2
0
-1
1
5
9
12
14
15
15
16
18
19
20
22
21
23
26
24
25
26
22
25
27
25
27
29
26
25
27
25
27
26
25
25
23
23
27
21
22
19
13
7
1
-2
-12
-18
-23
-34
-42
-55
-64
-75
-89
-96
-111
-117
-121
-136
-139
-144
-150
-151
-155
-156
-159
-156
-157
-162
-150
-147
-141
-117
-105
-97
-83
-74
-69
-61
-42
-35
-19
4
17
32
48
63
73
91
114
127
150
171
181
206
212
221
244
250
262
275
286
285
290
297
288
297
295
289
297
287
289
282
256
266
250
222
235
226
198
212
215
185
193
199
161
147
132
83
50
19
-27
-68
-107
-156
-209
-267
-330
-394
-455
-517
-570
-618
-667
-713
-747
-782
-808
-812
-822
-819
-794
-778
-752
-712
-667
-619
-559
-487
-422
-358
-294
-241
-187
-137
-81
-29
14
68
118
149
181
229
246
261
330
348
361
440
463
468
538
575
575
637
691
672
714
759
725
744
762
742
745
737
744
719
691
699
667
639
637
620
591
577
585
554
536
551
513
478
447
380
293
201
114
-3
-117
-200
-322
-436
-524
-644
-750
-841
-930
-1003
-1057
-1099
-1138
-1156
-1169
-1179
-1162
-1143
-1110
-1058
-1006
-944
-883
-819
-755
-694
-614
-552
-491
-421
-378
-341
-299
-272
-249
-215
-180
-158
-124
-88
-65
-29
9
52
97
152
233
277
347
461
493
571
703
714
780
906
888
894
994
953
914
1016
957
885
977
900
815
893
815
744
803
753
699
746
729
682
723
719
670
677
628
541
476
355
239
137
-13
-138
-253
-407
-535
-640
-789
-907
-977
-1080
-1157
-1160
-1212
-1254
-1228
-1241
-1237
-1179
-1144
-1104
-1015
-942
-881
-798
-721
-659
-582
-521
-480
-432
-404
-372
-364
-352
-331
-339
-304
-291
-277
-207
-190
-167
-73
-40
4
115
178
243
369
457
512
645
699
758
876
876
949
981
925
1016
1013
928
1013
977
887
944
897
813
856
856
736
811
832
702
804
819
737
818
834
740
729
695
526
420
371
178
41
-42
-249
-384
-498
-682
-820
-941
-1070
-1161
-1203
-1284
-1327
-1340
-1380
-1341
-1344
-1329
-1246
-1214
-1120
-1013
-942
-846
-757
-666
-601
-536
-486
-453
-407
-392
-393
-381
-369
-389
-358
-333
-321
-273
-235
-200
-133
-67
-26
71
152
264
320
441
535
546
694
761
778
881
975
859
979
1078
896
999
1092
926
936
1069
858
913
1015
841
925
945
888
900
944
935
952
1011
985
980
879
790
661
515
444
260
148
-23
-186
-335
-547
-670
-858
-1008
-1085
-1180
-1276
-1338
-1389
-1429
-1438
-1418
-1434
-1392
-1312
-1285
-1162
-1075
-1016
-918
-815
-744
-705
-624
-570
-547
-498
-482
-506
-478
-468
-484
-443
-408
-395
-356
-298
-249
-206
-116
-56
29
165
234
324
473
508
615
779
760
938
1009
968
1090
1136
1100
1105
1167
1135
1076
1064
1100
1011
992
1059
972
956
1003
952
945
980
985
1041
1045
1055
977
876
750
591
532
345
195
77
-128
-323
-485
-666
-865
-995
-1100
-1207
-1299
-1377
-1443
-1473
-1486
-1470
-1445
-1413
-1355
-1273
-1189
-1105
-1011
-938
-840
-764
-732
-686
-636
-588
-587
-563
-560
-580
-570
-568
-553
-527
-495
-474
-408
-363
-314
-208
-140
-49
80
171
252
388
496
622
704
808
921
992
1014
1045
1241
1079
1124
1324
1097
1104
1204
1103
995
1133
1133
910
1094
1129
928
1076
1132
1015
1134
1256
1155
1128
1096
903
748
696
541
347
237
43
-202
-365
-582
-793
-934
-1070
-1172
-1285
-1401
-1445
-1523
-1578
-1504
-1534
-1511
-1404
-1382
-1301
-1180
-1124
-1029
-879
-835
-792
-718
-737
-686
-645
-676
-642
-659
-644
-640
-638
-584
-586
-547
-455
-433
-383
-231
-228
-149
58
82
121
381
466
481
800
764
788
1112
930
1039
1313
1029
1203
1365
1080
1202
1316
974
1151
1274
913
1187
1181
950
1186
1177
1020
1163
1277
1180
1281
1282
1077
968
825
702
534
417
249
23
-123
-406
-584
-816
-1028
-1074
-1270
-1358
-1399
-1571
-1579
-1568
-1623
-1580
-1516
-1455
-1417
-1299
-1180
-1130
-987
-836
-726
-676
-622
-584
-634
-548
-567
-625
-544
-623
-612
-563
-659
-594
-587
-589
-462
-470
-375
-271
-265
-139
38
52
157
459
466
582
840
744
955
1095
958
1296
1148
1107
1365
1124
1194
1228
1075
1115
1136
1034
1114
1096
1011
1168
1117
1066
1189
1184
1237
1363
1226
1239
1100
845
882
664
504
415
202
-1
-220
-430
-690
-904
-1029
-1182
-1292
-1403
-1527
-1582
-1635
-1641
-1629
-1585
-1520
-1477
-1358
-1286
-1198
-1030
-956
-800
-693
-694
-598
-641
-615
-578
-660
-586
-631
-644
-595
-691
-665
-634
-649
-579
-458
-415
-396
-213
-182
-82
137
132
420
514
528
889
760
882
1107
1065
1118
1106
1282
1013
1093
1307
933
1067
1159
888
1034
1026
947
1071
1006
1090
1125
1043
1190
1285
1259
1409
1329
1190
1109
958
823
707
554
364
190
-16
-272
-482
-700
-924
-1034
-1175
-1291
-1426
-1512
-1561
-1640
-1583
-1566
-1536
-1431
-1397
-1301
-1195
-1095
-958
-830
-752
-685
-667
-640
-637
-644
-600
-640
-644
-614
-655
-694
-675
-701
-655
-627
-529
-480
-429
-294
-267
-76
-30
156
263
437
509
654
883
683
1116
996
1005
1232
1035
1171
1096
1103
1151
1024
1069
1027
892
1001
861
966
933
929
1042
872
1062
1006
1073
1263
1197
1220
1182
1010
878
855
655
509
445
169
-35
-181
-473
-666
-772
-979
-1065
-1153
-1317
-1387
-1443
-1498
-1486
-1452
-1434
-1377
-1319
-1250
-1173
-1074
-933
-812
-759
-696
-682
-727
-695
-684
-689
-672
-660
-666
-699
-695
-720
-676
-651
-568
-490
-495
-380
-325
-240
-71
-42
194
240
304
681
427
770
856
690
1056
917
996
1045
1000
1113
1002
1040
1090
932
999
949
936
888
944
959
973
951
1059
1048
950
1304
1095
1237
1378
1124
1190
1073
874
780
707
449
343
119
-146
-329
-605
-717
-912
-1060
-1133
-1266
-1408
-1434
-1481
-1547
-1474
-1438
-1439
-1331
-1247
-1215
-1037
-946
-847
-709
-677
-676
-667
-670
-724
-656
-685
-709
-634
-812
-705
-735
-805
-629
-671
-535
-582
-442
-329
-425
-88
-50
-74
326
195
432
573
497
707
708
816
776
973
915
832
968
1020
785
992
1034
830
916
991
913
789
1138
885
1044
1107
990
1185
1033
1223
1278
1234
1341
1321
1159
1059
954
766
641
535
316
88
-55
-332
-587
-624
-875
-1044
-1031
-1247
-1294
-1335
-1423
-1447
-1414
-1387
-1374
-1285
-1208
-1128
-1036
-969
-857
-769
-756
-683
-704
-721
-714
-735
-720
-752
-737
-754
-813
-753
-678
-755
-652
-522
-587
-461
-322
-306
-190
-28
62
127
264
458
473
518
809
728
767
998
904
878
1077
941
888
1151
914
855
1155
748
831
1078
649
935
998
764
1004
952
843
1056
989
1070
1204
1210
1271
1167
1146
993
830
769
645
436
311
72
-169
-366
-599
-667
-871
-1008
-1028
-1227
-1319
-1301
-1449
-1384
-1316
-1373
-1235
-1223
-1146
-1079
-1026
-884
-869
-738
-679
-747
-679
-715
-772
-744
-747
-767
-771
-808
-820
-819
-789
-761
-735
-554
-574
-502
-354
-314
-229
-127
103
21
262
472
417
468
780
698
589
1099
792
812
1134
807
917
1094
856
923
1048
905
819
1039
875
804
1062
996
966
989
1279
957
1083
1469
1056
1415
1521
1180
1288
1167
809
874
713
411
412
67
-204
-353
-673
-760
-905
-1120
-1085
-1244
-1451
-1391
-1447
-1536
-1421
-1341
-1386
-1255
-1174
-1243
-1122
-1024
-984
-862
-829
-786
-813
-836
-803
-929
-770
-747
-909
-750
-796
-839
-786
-744
-633
-589
-489
-374
-361
-239
-134
-87
33
169
340
411
481
545
717
661
658
1009
811
747
1080
931
812
1116
1026
878
1107
1031
913
966
1081
918
1063
1102
921
1283
1077
1211
1272
1206
1460
1370
1465
1490
1255
1195
1027
803
716
537
292
10
-313
-548
-853
-958
-1003
-1225
-1308
-1381
-1618
-1606
-1507
-1586
-1390
-1315
-1286
-1182
-1124
-1126
-1014
-833
-766
-679
-628
-683
-756
-725
-812
-809
-725
-810
-891
-808
-896
-1006
-850
-837
-826
-604
-632
-662
-325
-450
-328
-32
-195
259
379
239
645
659
427
852
899
758
1020
905
996
914
860
1068
1003
948
1168
1125
762
1056
1041
745
1192
1153
1030
1201
1149
1222
1140
1351
1479
1395
1576
1584
1376
1214
1132
860
825
715
369
151
-139
-376
-588
-780
-813
-1093
-1193
-1190
-1480
-1504
-1443
-1556
-1440
-1341
-1445
-1342
-1301
-1287
-1172
-1107
-1034
-999
-991
-889
-959
-1108
-991
-1052
-1102
-829
-1058
-1033
-910
-1068
-859
-849
-757
-748
-590
-575
-475
-270
-425
-124
55
176
180
397
564
510
681
880
907
737
987
1109
827
1044
1245
815
1081
1325
931
1108
1294
1039
1102
1240
1191
1321
1289
1391
1488
1314
1491
1525
1457
1712
1766
1519
1499
1359
955
921
883
440
337
168
-346
-512
-648
-1010
-1157
-1132
-1390
-1586
-1585
-1682
-1767
-1666
-1576
-1596
-1536
-1449
-1416
-1348
-1159
-1018
-1016
-827
-837
-1044
-842
-1003
-1038
-875
-1091
-1005
-1120
-1169
-1065
-1280
-973
-874
-1114
-719
-781
-901
-542
-546
-309
-123
-71
80
110
459
498
716
732
864
1072
888
1175
1211
1142
1189
1370
1210
1337
1318
1291
1374
1345
1503
1338
1609
1560
1515
1833
1697
1678
1810
1704
1763
1998
1989
1707
1662
1349
920
1011
721
435
237
-181
-566
-784
-1130
-1229
-1351
-1626
-1628
-1863
-2070
-2033
-1958
-1976
-1738
-1658
-1737
-1578
-1436
-1348
-1125
-853
-774
-590
-536
-689
-682
-776
-708
-738
-817
-861
-1154
-1184
-1247
-1304
-1139
-1111
-1054
-994
-971
-964
-882
-613
-347
-170
17
73
111
437
663
858
1160
1205
1288
1496
1171
1369
1542
1274
1661
1448
1426
1423
1251
1482
1452
1425
1601
1562
1374
1661
1640
1511
1824
1878
1903
2123
2077
1849
1608
1412
1052
1022
770
363
147
-474
-864
-1018
-1450
-1603
-1668
-2002
-2142
-2264
-2468
-2414
-2211
-2115
-1903
-1732
-1781
-1655
-1382
-1229
-955
-679
-516
-371
-361
-502
-500
-557
-550
-453
-714
-832
-1050
-1333
-1234
-1309
-1319
-1207
-1296
-1278
-1244
-1128
-959
-769
-445
-291
-183
49
234
452
890
1147
1325
1510
1553
1693
1744
1726
1906
1825
1784
2028
1651
1680
1868
1580
1611
1847
1634
1517
1840
1685
1781
1943
1991
2112
2185
2323
1972
1616
1394
1117
953
660
387
-247
-812
-1015
-1431
-1755
-1933
-2162
-2481
-2567
-2607
-2859
-2714
-2432
-2362
-2100
-1916
-1960
-1698
-1332
-1063
-754
-486
-315
-143
-2
14
-95
-132
-165
-294
-374
-692
-941
-1035
-1274
-1284
-1346
-1548
-1489
-1555
-1561
-1359
-1310
-1041
-735
-590
-357
-104
190
588
965
1232
1497
1681
1874
2083
2287
2196
2164
2289
2112
2125
2163
1865
1649
1896
1699
1548
1862
1542
1588
1849
1670
1882
2028
2031
2377
2111
1641
1575
941
832
829
265
-196
-747
-1218
-1696
-1907
-2121
-2517
-2577
-2756
-3040
-3046
-3096
-2887
-2587
-2314
-2116
-2044
-1791
-1510
-1086
-711
-460
-149
-29
158
329
281
242
121
-14
-257
-463
-669
-1078
-1178
-1345
-1594
-1595
-1772
-1802
-1688
-1658
-1458
-1343
-1111
-793
-507
-122
216
536
917
1331
1652
1899
2200
2422
2635
2732
2768
2697
2609
2700
2554
2382
2347
2065
1906
1964
1726
1762
1773
1755
1829
1722
1947
2071
2282
2383
1749
1492
997
668
784
258
-194
-836
-1492
-1757
-2077
-2397
-2596
-2864
-3154
-3330
-3392
-3603
-3275
-2887
-2804
-2445
-2375
-2199
-1723
-1243
-799
-521
-299
-141
110
330
435
525
397
122
-12
-416
-631
-732
-1076
-1150
-1498
-1783
-1843
-1989
-1826
-1775
-1730
-1544
-1417
-1120
-765
-355
56
458
901
1246
1601
1956
2302
2626
2831
2997
2984
3011
3084
2979
2963
2817
2659
2460
2222
2231
2038
2074
2091
1917
1934
1853
2047
2207
2311
1991
1378
1149
560
477
323
-406
-874
-1512
-2030
-2243
-2507
-2843
-3046
-3315
-3513
-3550
-3558
-3456
-3042
-2781
-2630
-2281
-2122
-1734
-1137
-687
-378
-112
102
271
556
704
733
670
568
254
12
-241
-602
-747
-1005
-1342
-1563
-1815
-1960
-1879
-1900
-1871
-1754
-1588
-1370
-999
-603
-275
226
668
1079
1505
1869
2248
2610
2963
3117
3215
3282
3284
3334
3280
3091
2975
2792
2529
2442
2202
2159
2137
1970
2062
1797
1901
2132
2130
1956
1185
884
402
223
196
-551
-1140
-1901
-2311
-2491
-2835
-3091
-3527
-3858
-4001
-4054
-3995
-3912
-3494
-3261
-3094
-2797
-2564
-2046
-1503
-918
-603
-417
-59
245
647
897
987
855
684
541
264
133
-129
-477
-744
-1195
-1477
-1581
-1743
-1681
-1755
-1828
-1777
-1592
-1270
-930
-510
-156
226
731
1197
1675
2096
2459
2864
3134
3368
3496
3608
3713
3676
3623
3406
3289
3203
2939
2799
2653
2412
2417
2325
2171
2206
2193
2388
2355
1673
1126
864
400
254
2
-921
-1668
-2105
-2544
-2786
-3116
-3537
-3886
-4169
-4261
-4320
-4247
-4041
-3687
-3425
-3353
-3015
-2537
-2091
-1505
-1045
-843
-496
-61
337
565
742
747
609
657
374
221
37
-365
-540
-973
-1343
-1473
-1677
-1748
-1833
-1951
-2011
-1870
-1548
-1231
-844
-514
-144
327
912
1489
1908
2353
2674
3001
3374
3517
3712
3904
3876
3855
3715
3502
3473
3358
3221
2980
2727
2583
2541
2492
2350
2337
2340
2461
2067
1341
994
541
219
178
-594
-1510
-2038
-2531
-2703
-2885
-3477
-3922
-4193
-4384
-4260
-4176
-4227
-3964
-3606
-3495
-3125
-2704
-2304
-1743
-1315
-1024
-771
-382
78
476
672
608
530
473
451
353
241
-65
-504
-702
-1057
-1262
-1260
-1479
-1564
-1707
-1786
-1686
-1459
-1139
-796
-482
-236
192
727
1299
1846
2183
2507
2840
3220
3572
3697
3817
3864
3820
3862
3747
3596
3444
3301
3111
2852
2788
2661
2551
2481
2301
2391
2504
2303
1540
1074
649
221
278
-427
-1325
-2050
-2622
-2818
-2895
-3424
-4048
-4397
-4641
-4652
-4424
-4465
-4304
-3958
-3847
-3537
-3139
-2638
-2058
-1504
-1251
-1045
-597
-121
374
755
780
608
646
605
319
353
-7
-395
-537
-1055
-1278
-1464
-1638
-1645
-1800
-1866
-1916
-1733
-1437
-1163
-707
-445
-88
477
1046
1620
2130
2549
2882
3396
3736
3939
4143
4146
4212
4313
4172
3991
3867
3692
3525
3320
3016
2849
2755
2629
2566
2440
2587
2460
1801
1123
808
309
229
-95
-1109
-1941
-2565
-2719
-2792
-3079
-3811
-4302
-4560
-4471
-4284
-4238
-4339
-4088
-3815
-3580
-3174
-2783
-2354
-1855
-1362
-1248
-922
-454
1
419
571
494
358
370
253
129
-46
-446
-772
-1040
-1328
-1491
-1567
-1765
-1897
-1951
-1949
-1807
-1468
-1279
-951
-628
-261
323
864
1509
1971
2439
2839
3203
3687
3981
4136
4257
4212
4233
4245
4102
3969
3801
3619
3338
3112
2943
2810
2793
2592
2499
2475
2589
2281
1398
1127
527
216
218
-589
-1426
-2194
-2627
-2714
-2898
-3419
-4040
-4264
-4468
-4308
-4107
-4350
-4112
-3869
-3586
-3312
-2939
-2553
-2206
-1566
-1324
-1103
-638
-256
172
445
460
478
555
474
168
19
-397
-702
-788
-1194
-1501
-1782
-1943
-2018
-1990
-2001
-2080
-1905
-1685
-1382
-937
-579
-134
396
928
1483
2044
2542
2922
3372
3721
3925
4124
4213
4320
4399
4282
4063
3918
3784
3660
3539
3219
3053
2832
2774
2705
2579
2775
2670
1973
1329
1043
485
494
147
-834
-1638
-2300
-2615
-2614
-2978
-3706
-4089
-4424
-4474
-4219
-4190
-4331
-4025
-3901
-3617
-3249
-2862
-2479
-2024
-1582
-1369
-977
-533
-122
244
476
413
563
629
372
253
-18
-423
-645
-903
-1256
-1547
-1756
-1938
-2053
-2012
-2128
-2051
-1880
-1704
-1363
-1017
-614
-107
381
891
1476
1998
2445
2874
3315
3637
3883
4086
4127
4212
4278
4141
4064
3878
3723
3609
3401
3311
3157
2951
2836
2627
2723
2916
2756
1967
1303
955
567
592
18
-967
-1787
-2352
-2562
-2590
-3152
-3798
-4150
-4371
-4350
-4110
-4176
-4168
-3880
-3733
-3434
-3079
-2658
-2267
-1722
-1452
-1189
-740
-344
152
453
522
511
607
721
561
271
3
-492
-688
-884
-1270
-1484
-1889
-2102
-2112
-2164
-2192
-2139
-2024
-1852
-1521
-1118
-726
-204
302
832
1416
1903
2372
2870
3302
3571
3813
3871
4039
4227
4216
4114
3825
3700
3665
3605
3525
3245
3087
2883
2816
2854
2859
3006
2692
1866
1345
1082
671
627
55
-981
-1751
-2246
-2447
-2449
-2990
-3686
-4060
-4355
-4261
-3950
-4005
-4103
-3837
-3743
-3430
-2992
-2590
-2212
-1779
-1452
-1229
-789
-386
40
388
432
405
459
417
329
111
-137
-506
-880
-1079
-1433
-1562
-1772
-1986
-2074
-2215
-2214
-2074
-1823
-1621
-1370
-1013
-660
-147
484
1014
1586
2016
2405
2794
3262
3585
3771
3995
3973
4048
4078
3987
3874
3799
3635
3416
3282
3136
3001
2947
2789
2632
2782
2777
2337
1633
1261
759
568
371
-470
-1251
-2014
-2368
-2445
-2694
-3359
-3894
-4226
-4371
-4127
-3990
-4201
-4025
-3875
-3649
-3225
-2866
-2447
-2052
-1585
-1352
-951
-520
-83
377
555
582
574
710
673
407
241
-186
-424
-608
-1018
-1242
-1598
-1763
-1801
-1888
-1956
-2071
-1913
-1709
-1424
-1069
-830
-443
81
678
1244
1744
2141
2518
3046
3427
3668
3850
3961
4062
4128
4088
3939
3873
3723
3569
3398
3215
3093
3021
2957
2699
2681
2842
2640
1954
1402
947
534
507
-38
-945
-1817
-2361
-2484
-2522
-2995
-3699
-4161
-4356
-4288
-3970
-4139
-4194
-3975
-3843
-3461
-3108
-2752
-2396
-1872
-1502
-1215
-863
-466
18
464
582
547
507
473
402
238
88
-334
-618
-949
-1308
-1407
-1611
-1779
-1862
-2026
-2061
-1989
-1795
-1560
-1342
-1025
-742
-284
297
893
1438
1890
2236
2684
3220
3612
3826
3919
3955
4064
4200
4147
4029
3801
3607
3568
3470
3382
3194
3046
2915
2806
3028
2990
2325
1523
1185
732
558
344
-668
-1555
-2160
-2473
-2471
-2736
-3474
-3952
-4186
-4247
-4032
-3978
-4197
-3903
-3686
-3486
-3088
-2780
-2389
-1857
-1389
-1178
-927
-494
-5
456
662
510
539
581
655
454
-5
-311
-657
-661
-954
-1387
-1660
-2003
-1943
-1835
-1965
-2068
-2054
-1800
-1473
-1074
-838
-575
-55
545
1217
1648
2052
2390
2932
3469
3676
3850
3875
3983
4119
4112
4005
3782
3665
3507
3344
3244
2950
2940
2811
2586
2683
2700
2423
1657
1116
608
214
160
-394
-1300
-2094
-2645
-2851
-2872
-3238
-3835
-4141
-4375
-4347
-4080
-4116
-3970
-3662
-3465
-3207
-2785
-2377
-1971
-1347
-1070
-812
-459
-98
310
706
817
749
805
649
543
423
52
-274
-563
-869
-1168
-1379
-1528
-1787
-1801
-1894
-1957
-1772
-1641
-1387
-1070
-815
-495
-67
469
1091
1657
2011
2313
2715
3208
3648
3824
3906
3915
3955
4047
3968
3843
3721
3459
3309
3188
3002
2927
2854
2686
2635
2750
2684
2281
1539
1023
572
163
-27
-725
-1533
-2279
-2819
-2939
-3171
-3552
-3971
-4298
-4479
-4438
-4238
-4193
-3868
-3646
-3458
-3112
-2796
-2267
-1737
-1259
-1024
-759
-376
5
492
756
811
737
665
578
526
209
-295
-527
-941
-1186
-1422
-1775
-1929
-2126
-2044
-2040
-2105
-1971
-1770
-1379
-1080
-686
-316
57
718
1401
1942
2242
2614
3022
3517
3867
3972
4068
4050
4074
4079
4046
3854
3686
3549
3298
3177
3084
2953
2893
2712
2746
2900
2670
1908
1321
896
378
230
-321
-1171
-2007
-2508
-2770
-2954
-3340
-3807
-4075
-4338
-4351
-4172
-4170
-4004
-3618
-3359
-3108
-2819
-2380
-1916
-1281
-902
-659
-353
-13
443
818
988
952
942
800
688
356
-30
-447
-822
-1066
-1572
-1893
-2178
-2397
-2327
-2363
-2419
-2386
-2214
-1846
-1458
-1028
-712
-225
319
965
1650
2092
2503
2915
3348
3749
3911
4011
4048
4135
4155
3933
3775
3564
3393
3332
3162
2954
2838
2778
2630
2502
2577
2669
2495
1749
1122
515
-9
-31
-466
-1305
-2230
-2931
-3231
-3293
-3537
-3912
-4294
-4688
-4675
-4352
-4238
-3923
-3555
-3389
-3027
-2637
-2223
-1673
-1018
-631
-305
-18
225
677
1092
1252
1258
1124
896
747
596
177
-362
-834
-1390
-1647
-1910
-2189
-2352
-2501
-2520
-2466
-2251
-2027
-1665
-1216
-871
-371
135
694
1396
2060
2567
2907
3296
3648
3987
4290
4324
4257
4162
4116
4004
3834
3605
3286
3181
2931
2848
2763
2571
2465
2324
2474
2628
2572
1772
1015
553
-53
47
-426
-1374
-2127
-2952
-3185
-3296
-3585
-3994
-4317
-4526
-4685
-4380
-4372
-4108
-3567
-3385
-2983
-2685
-2354
-1800
-1166
-648
-374
-47
166
507
975
1091
1145
1081
839
707
524
205
-378
-1034
-1539
-2011
-2231
-2451
-2679
-2774
-2941
-2895
-2619
-2323
-1919
-1445
-1067
-617
-37
555
1264
1955
2530
2972
3318
3675
3931
4184
4346
4345
4254
4079
3921
3662
3483
3292
3036
2976
2687
2561
2497
2285
2313
2332
2602
2823
2406
1638
1020
582
248
214
-294
-1314
-1979
-2516
-2854
-3009
-3338
-3700
-3930
-4087
-4146
-4013
-4058
-3747
-3172
-2921
-2601
-2291
-2091
-1647
-955
-511
-190
109
240
555
811
877
957
887
712
493
209
-362
-1005
-1432
-1841
-2153
-2439
-2787
-2962
-3027
-2956
-2693
-2408
-2120
-1740
-1305
-817
-289
309
923
1525
2099
2594
2981
3309
3614
3793
3981
4048
3953
3864
3659
3420
3241
2979
2821
2668
2462
2315
2156
2146
2155
2161
2306
2491
2606
2396
1819
1298
728
246
177
-260
-1021
-1710
-2466
-3010
-3268
-3527
-3803
-3988
-4254
-4378
-4302
-4312
-3940
-3381
-2994
-2584
-2311
-2117
-1695
-997
-435
59
358
445
718
968
1156
1227
1156
926
667
384
-167
-847
-1402
-1788
-2099
-2247
-2549
-2883
-2956
-2950
-2621
-2201
-1945
-1544
-1086
-566
26
577
1095
1657
2336
2887
3218
3422
3563
3729
4031
4139
4006
3804
3498
3295
3208
3027
2820
2631
2382
2240
2163
2100
2094
2205
2158
2412
2716
2587
2098
1467
896
201
260
2
-712
-1424
-2329
-2819
-3194
-3383
-3646
-3936
-4217
-4396
-4279
-4340
-4106
-3536
-3189
-2743
-2399
-2204
-1865
-1271
-629
-223
153
328
482
774
907
902
850
688
464
147
-390
-1026
-1484
-1913
-2208
-2397
-2776
-2909
-2947
-2871
-2656
-2406
-2038
-1657
-1092
-597
-145
373
893
1463
2047
2555
2935
3159
3315
3576
3734
3770
3695
3577
3362
3147
2968
2750
2509
2272
2217
2073
2101
2007
1890
1970
1880
2148
2568
2754
2773
2288
1632
1175
774
677
392
-304
-1110
-1829
-2399
-2766
-2988
-3432
-3694
-3793
-3970
-3985
-4036
-3978
-3560
-3128
-2680
-2330
-2160
-1874
-1407
-857
-407
26
341
596
874
912
909
889
846
770
557
181
-557
-1139
-1580
-2027
-2043
-2175
-2453
-2554
-2690
-2601
-2266
-1897
-1412
-932
-496
-76
303
606
1022
1652
2184
2615
2886
2949
2952
2964
2995
2999
3001
2897
2597
2250
1880
1579
1485
1441
1396
1298
1157
1160
1191
1239
1450
1597
1897
2238
2435
2337
1969
1480
925
769
650
425
-16
-701
-1457
-2144
-2409
-2552
-2724
-2822
-3060
-3276
-3361
-3438
-3293
-3043
-2674
-2237
-1927
-1708
-1538
-1301
-937
-444
-25
252
479
535
518
541
493
402
276
43
-252
-572
-874
-1070
-1209
-1258
-1223
-1186
-1086
-922
-816
-605
-312
-115
150
346
440
590
734
854
1086
1081
1067
1144
1040
1125
1146
866
661
670
566
662
858
567
326
400
318
438
640
551
444
562
708
826
1180
1266
1271
1408
1503
1521
1609
1690
1637
1590
1503
1275
996
837
642
460
302
50
-257
-495
-694
-881
-979
-1082
-1180
-1215
-1269
-1296
-1261
-1203
-1133
-991
-873
-812
-756
-696
-647
-604
-547
-535
-518
-539
-572
-584
-639
-670
-723
-813
-895
-964
-940
-878
-816
-784
-801
-792
-731
-668
-600
-524
-476
-382
-304
-250
-203
-212
-227
-231
-171
-112
-31
27
24
-2
4
92
170
281
336
392
426
482
591
732
853
963
1067
1108
1180
1198
1227
1214
1162
1152
1087
1041
981
919
859
825
824
772
739
680
638
614
574
570
543
506
507
484
464
426
374
368
352
320
257
176
56
-43
-124
-205
-313
-407
-489
-575
-693
-775
-845
-907
-898
-942
-962
-985
-1007
-1040
-1009
-973
-1002
-1001
-1084
-1175
-1225
-1193
-1175
-1111
-1143
-1181
-1178
-1153
-1074
-996
-861
-807
-780
-751
-608
-537
-395
-318
-203
14
75
269
420
487
604
742
816
929
1020
975
982
1035
937
926
934
880
792
741
731
618
592
530
463
438
432
377
418
519
534
541
589
675
723
843
891
956
1049
1095
1173
1230
1225
1145
1059
947
849
779
711
569
386
224
38
-33
-145
-312
-442
-598
-676
-686
-718
-828
-968
-1059
-1138
-1093
-1054
-1023
-1022
-1144
-1200
-1201
-1242
-1307
-1287
-1219
-1288
-1308
-1313
-1426
-1304
-1295
-1368
-1191
-1160
-1028
-867
-864
-824
-751
-545
-236
-112
-106
11
93
219
345
316
493
564
477
549
633
543
648
703
534
621
665
752
448
558
690
546
820
662
525
741
844
767
1072
986
885
1126
1012
1285
1410
1083
1141
1304
1257
1464
1350
1290
1224
1123
1325
1381
1264
1056
936
804
781
685
388
277
46
-216
-219
-387
-630
-863
-1045
-1081
-1152
-1287
-1442
-1555
-1657
-1631
-1654
-1703
-1724
-1770
-1756
-1716
-1652
-1587
-1557
-1454
-1466
-1449
-1279
-1245
-1192
-1122
-1052
-1088
-1040
-966
-973
-723
-721
-691
-604
-577
-478
-388
-213
-186
-110
-41
63
137
255
433
459
663
666
737
948
871
1066
1134
1154
1323
1334
1495
1320
1321
1506
1525
1762
1645
1456
1537
1509
1476
1748
1502
1265
1407
1366
1251
1273
1255
1112
1257
1332
1222
1320
1365
1164
1183
1142
942
835
468
179
16
-264
-510
-711
-943
-1112
-1241
-1500
-1758
-1900
-2013
-2006
-2005
-2090
-2088
-2094
-2072
-1995
-1900
-1824
-1769
-1590
-1419
-1320
-1219
-1218
-1195
-1111
-991
-943
-953
-996
-1096
-1151
-1134
-1209
-1203
-1131
-1095
-967
-882
-787
-714
-581
-420
-268
-86
28
181
375
463
571
847
1034
1107
1297
1380
1486
1755
1938
1990
2031
1938
1880
1968
1936
1954
1929
1825
1885
1850
1841
1805
1632
1693
1681
1664
1846
1746
1700
1792
1750
1680
1841
1947
1951
1939
1644
1146
553
166
-277
-625
-853
-1261
-1629
-1879
-2232
-2646
-2886
-3103
-3145
-3000
-2858
-2722
-2600
-2539
-2397
-2144
-1924
-1609
-1341
-1079
-882
-712
-528
-481
-406
-366
-367
-396
-497
-636
-895
-1139
-1371
-1732
-1971
-2185
-2322
-2132
-1981
-1753
-1601
-1515
-1278
-987
-562
-220
98
362
568
832
1086
1331
1559
1824
2080
2291
2493
2573
2633
2590
2457
2534
2499
2490
2591
2471
2320
2255
2120
2005
2068
2153
2271
2323
2449
2520
2444
2677
2787
2805
2989
3094
2895
2450
1869
937
176
-372
-909
-1442
-2006
-2568
-3167
-3506
-3841
-4155
-4289
-4333
-4176
-3844
-3537
-3241
-2998
-2752
-2356
-1911
-1439
-1007
-607
-353
-94
85
160
244
237
183
55
-31
-297
-643
-1062
-1518
-1960
-2254
-2472
-2925
-3080
-3349
-3313
-2860
-2588
-2053
-1643
-1216
-662
-101
436
859
1290
1636
2007
2367
2624
2831
2974
3041
3088
3046
2973
2825
2676
2537
2411
2326
2135
2015
1897
1816
1884
1991
2118
2276
2406
2546
2749
2858
3086
3320
3528
3763
3853
3624
2967
2217
1120
216
-437
-1198
-1717
-2453
-3097
-3696
-4161
-4478
-4739
-4810
-4879
-4528
-4171
-3746
-3196
-2832
-2373
-1873
-1341
-864
-403
28
332
676
882
860
836
621
389
171
-140
-449
-900
-1333
-1912
-2388
-2821
-3281
-3438
-3792
-3898
-3907
-3825
-3339
-2846
-2106
-1448
-775
-109
475
1094
1527
1953
2215
2484
2717
2830
2946
2891
2846
2707
2508
2362
2147
2043
1937
1848
1792
1701
1742
1757
1901
2045
2236
2472
2717
3061
3224
3524
3629
3750
3983
4125
4339
4264
3830
2911
1895
584
-478
-1331
-2321
-2925
-3624
-4154
-4551
-4831
-5126
-5214
-5057
-4878
-4264
-3693
-3091
-2345
-1720
-1123
-513
-74
258
629
938
1143
1344
1363
1171
965
564
118
-383
-873
-1398
-1803
-2191
-2681
-3072
-3538
-3842
-4039
-4058
-4059
-3902
-3580
-3157
-2418
-1689
-937
-236
443
1018
1515
1929
2121
2304
2417
2452
2474
2378
2257
2120
2014
1856
1667
1596
1474
1526
1539
1550
1615
1727
1960
2192
2518
2718
2988
3302
3633
3898
4110
4210
4238
4341
4409
4482
4333
3926
2990
1878
520
-838
-1900
-2908
-3609
-4200
-4566
-4899
-4993
-5087
-5152
-4875
-4622
-4039
-3322
-2597
-1820
-1061
-387
172
652
896
1079
1222
1227
1250
1148
945
669
262
-202
-806
-1375
-1987
-2489
-2799
-3099
-3306
-3529
-3654
-3737
-3682
-3506
-3386
-3072
-2714
-2189
-1471
-782
-80
526
1066
1453
1751
1913
1911
1941
1909
1842
1750
1567
1342
1209
1140
1097
1123
1153
1212
1338
1484
1645
1821
2016
2261
2562
2902
3220
3438
3676
3842
3928
4096
4094
4154
4189
4206
4190
4052
3580
2617
1638
168
-1072
-2084
-3101
-3712
-4239
-4462
-4576
-4465
-4500
-4397
-4133
-3915
-3313
-2697
-2036
-1339
-619
-16
482
883
999
1052
1007
847
732
551
315
47
-238
-676
-1173
-1675
-2285
-2700
-3053
-3230
-3301
-3334
-3376
-3348
-3236
-3124
-2833
-2621
-2287
-1905
-1367
-806
-227
369
748
1106
1257
1396
1429
1409
1379
1306
1250
1142
1090
1005
957
970
1021
1112
1207
1351
1550
1732
1959
2215
2471
2732
3007
3245
3449
3560
3667
3795
3841
3974
4011
4068
4129
4147
4095
3885
3252
2233
1138
-266
-1412
-2350
-3166
-3701
-4073
-4239
-4212
-4075
-4107
-3904
-3727
-3490
-2923
-2436
-1869
-1228
-611
-40
458
717
782
775
612
453
339
126
-114
-328
-607
-985
-1410
-1924
-2485
-2865
-3139
-3291
-3279
-3260
-3222
-3088
-2932
-2800
-2528
-2279
-1995
-1563
-1130
-647
-144
356
785
1145
1380
1473
1511
1460
1360
1263
1126
955
876
822
780
860
965
1039
1170
1300
1440
1644
1854
2103
2406
2699
2904
3154
3304
3403
3542
3667
3766
3853
4005
3987
4067
4101
4041
3951
3560
2746
1725
544
-822
-1820
-2806
-3599
-4076
-4395
-4395
-4216
-4003
-3863
-3515
-3309
-2937
-2429
-2060
-1475
-885
-265
322
765
938
954
834
562
356
74
-248
-505
-796
-1037
-1358
-1761
-2194
-2682
-3006
-3313
-3466
-3514
-3468
-3303
-3101
-2743
-2509
-2149
-1835
-1522
-1071
-695
-171
316
824
1263
1575
1739
1682
1577
1351
1115
899
708
627
572
613
661
714
824
877
1027
1206
1433
1687
1984
2315
2598
2898
3035
3188
3296
3411
3556
3689
3785
3871
4007
3952
3965
3834
3661
3439
3068
2382
1441
452
-844
-1822
-2771
-3589
-4094
-4431
-4425
-4257
-3873
-3589
-3163
-2818
-2534
-2038
-1699
-1261
-760
-265
240
666
925
932
849
558
202
-163
-649
-1026
-1371
-1645
-1923
-2222
-2512
-2875
-3165
-3433
-3578
-3605
-3493
-3226
-2914
-2442
-2018
-1565
-1099
-754
-310
47
362
675
969
1197
1353
1462
1346
1260
1084
890
735
546
450
365
405
470
607
799
998
1225
1485
1734
1970
2252
2494
2733
2993
3188
3346
3497
3583
3685
3705
3682
3592
3523
3413
3261
3171
3016
2930
2767
2490
1774
933
-164
-1395
-2318
-3294
-3895
-4284
-4336
-4145
-3663
-3172
-2788
-2315
-2194
-1885
-1645
-1422
-1097
-739
-307
102
479
551
496
245
-143
-568
-1027
-1453
-1788
-1989
-2151
-2305
-2453
-2661
-2889
-3074
-3197
-3205
-3089
-2820
-2469
-2008
-1548
-1090
-709
-387
-120
108
366
544
844
1095
1328
1496
1515
1411
1232
1035
736
530
318
198
209
286
473
707
965
1200
1384
1576
1721
1905
2125
2349
2650
2896
3162
3283
3381
3395
3327
3266
3084
2992
2868
2833
2813
2815
2857
2805
2760
2393
1725
913
-183
-1227
-2133
-2935
-3453
-3748
-3734
-3529
-3090
-2706
-2358
-2052
-1982
-1757
-1677
-1564
-1362
-1146
-791
-490
-211
-125
-156
-321
-633
-989
-1452
-1845
-2155
-2338
-2400
-2465
-2447
-2493
-2520
-2525
-2527
-2462
-2362
-2129
-1842
-1449
-1028
-604
-263
65
310
491
677
766
962
1054
1184
1243
1208
1136
1009
882
607
427
216
92
77
141
337
564
872
1175
1454
1677
1865
2032
2173
2329
2501
2667
2818
2900
2958
2985
2982
2923
2867
2783
2680
2650
2607
2657
2668
2713
2695
2516
2074
1402
588
-498
-1363
-2231
-2891
-3320
-3564
-3441
-3233
-2842
-2555
-2267
-2151
-2115
-2048
-2138
-2114
-2044
-1813
-1477
-1126
-809
-612
-546
-656
-881
-1205
-1604
-1908
-2060
-2089
-1971
-1850
-1695
-1604
-1539
-1502
-1525
-1513
-1531
-1384
-1193
-890
-511
-197
202
453
674
770
742
730
600
574
507
476
495
487
560
494
421
296
158
74
35
114
234
483
806
1174
1541
1817
2064
2243
2309
2391
2418
2438
2495
2534
2595
2677
2749
2771
2852
2785
2763
2751
2732
2806
2827
2921
2911
2815
2348
1731
840
-269
-1175
-2183
-2891
-3503
-3797
-3800
-3661
-3333
-3116
-2815
-2775
-2681
-2630
-2716
-2628
-2507
-2156
-1705
-1205
-742
-402
-226
-225
-329
-622
-980
-1257
-1458
-1494
-1449
-1378
-1256
-1225
-1175
-1183
-1224
-1325
-1412
-1373
-1338
-1087
-878
-519
-182
61
387
408
521
442
395
377
264
352
310
462
497
523
528
403
393
250
266
264
359
606
857
1227
1544
1865
2127
2283
2382
2420
2424
2442
2480
2560
2627
2763
2878
2931
3010
2930
2919
2836
2792
2800
2740
2782
2696
2544
2038
1391
519
-535
-1410
-2391
-3128
-3752
-4073
-4096
-3949
-3616
-3329
-2965
-2814
-2607
-2466
-2471
-2314
-2143
-1791
-1351
-921
-495
-183
-4
67
-19
-277
-632
-954
-1237
-1420
-1490
-1553
-1520
-1512
-1470
-1391
-1413
-1411
-1394
-1370
-1232
-1077
-836
-553
-298
27
225
436
509
559
608
518
545
448
471
468
467
514
462
486
416
451
449
519
662
839
1133
1372
1715
1973
2176
2320
2390
2432
2392
2404
2386
2423
2471
2545
2664
2675
2714
2718
2675
2633
2557
2494
2443
2388
2344
2158
1712
1154
373
-513
-1371
-2264
-3049
-3696
-4083
-4183
-4054
-3782
-3410
-2998
-2678
-2362
-2153
-2066
-1957
-1802
-1545
-1211
-877
-543
-251
-62
57
17
-224
-556
-934
-1276
-1520
-1708
-1805
-1821
-1768
-1618
-1460
-1335
-1223
-1133
-1033
-938
-789
-618
-430
-130
104
363
563
648
761
734
727
638
526
458
399
407
396
435
413
444
464
506
600
646
821
984
1189
1423
1608
1761
1871
1985
2034
2082
2120
2146
2226
2272
2362
2451
2425
2496
2498
2501
2523
2457
2481
2431
2443
2411
2235
1837
1267
551
-366
-1193
-2123
-2896
-3521
-3920
-3935
-3831
-3483
-3096
-2646
-2258
-1955
-1707
-1660
-1581
-1484
-1310
-1064
-824
-562
-334
-174
-80
-140
-398
-721
-1110
-1444
-1698
-1896
-1975
-2001
-1898
-1732
-1530
-1322
-1166
-974
-844
-693
-510
-369
-140
95
313
521
636
702
737
713
679
611
499
454
397
359
371
330
342
355
375
432
480
560
682
844
982
1175
1317
1418
1565
1647
1742
1803
1865
1943
2015
2080
2166
2215
2206
2291
2297
2350
2364
2374
2423
2418
2497
2493
2409
2032
1556
888
-6
-795
-1738
-2484
-3139
-3537
-3588
-3535
-3203
-2867
-2423
-2092
-1843
-1627
-1660
-1632
-1636
-1551
-1385
-1253
-998
-783
-574
-421
-406
-542
-802
-1087
-1385
-1604
-1792
-1891
-1850
-1750
-1525
-1263
-998
-769
-544
-383
-255
-117
-60
93
201
307
439
491
604
649
696
705
654
615
543
494
407
347
273
234
244
240
283
323
376
476
590
694
847
950
1065
1213
1289
1393
1484
1598
1693
1800
1897
1992
2064
2138
2275
2332
2442
2525
2658
2760
2865
3006
2964
2845
2394
1876
1085
122
-723
-1731
-2512
-3199
-3556
-3623
-3545
-3190
-2846
-2398
-2096
-1817
-1619
-1632
-1585
-1556
-1448
-1288
-1103
-848
-608
-432
-299
-330
-514
-786
-1095
-1369
-1643
-1825
-1911
-1873
-1743
-1548
-1298
-1109
-912
-735
-599
-462
-335
-232
-70
62
195
359
466
615
695
770
782
741
730
644
605
479
369
272
166
140
60
44
27
49
134
230
365
514
653
824
990
1133
1302
1454
1638
1775
1923
2080
2182
2340
2453
2607
2717
2814
2973
3049
3160
3208
3205
3091
2704
2216
1498
606
-290
-1233
-2070
-2809
-3305
-3472
-3475
-3210
-2870
-2438
-2036
-1758
-1448
-1404
-1379
-1371
-1376
-1247
-1179
-974
-799
-671
-526
-550
-636
-895
-1180
-1444
-1753
-1940
-2072
-2074
-1946
-1781
-1511
-1273
-1052
-784
-582
-373
-192
-62
125
255
405
536
604
715
712
749
708
589
545
379
316
191
51
-5
-123
-115
-164
-164
-138
-137
4
107
282
481
655
893
1079
1273
1454
1582
1728
1819
1903
1982
2052
2176
2288
2448
2585
2716
2851
2951
3051
3099
3127
3051
2850
2433
1872
1145
254
-587
-1504
-2269
-2901
-3315
-3421
-3371
-3063
-2698
-2235
-1826
-1510
-1258
-1227
-1198
-1215
-1200
-1141
-1069
-932
-810
-699
-644
-655
-803
-1021
-1278
-1564
-1812
-2006
-2091
-2074
-1944
-1729
-1447
-1168
-872
-577
-324
-94
75
242
321
429
478
492
540
471
507
444
372
339
207
167
49
-23
-99
-193
-202
-283
-269
-263
-218
-54
73
325
562
779
1071
1272
1488
1647
1764
1878
1933
2025
2068
2162
2262
2376
2554
2645
2771
2849
2913
2986
3033
3047
2955
2786
2391
1895
1201
363
-454
-1360
-2097
-2721
-3144
-3300
-3275
-2986
-2627
-2169
-1747
-1437
-1196
-1137
-1119
-1164
-1250
-1241
-1239
-1182
-1067
-988
-886
-883
-959
-1094
-1351
-1575
-1830
-2028
-2126
-2148
-2008
-1805
-1508
-1168
-858
-540
-294
-96
33
46
75
49
24
69
80
192
298
420
568
603
636
568
452
305
132
-19
-175
-218
-221
-120
83
313
616
891
1122
1321
1445
1492
1552
1575
1595
1678
1758
1872
2030
2182
2333
2500
2581
2660
2691
2646
2666
2664
2661
2638
2552
2295
1930
1439
714
10
-811
-1584
-2182
-2729
-2975
-3047
-2923
-2601
-2191
-1749
-1391
-1073
-942
-898
-910
-1056
-1127
-1227
-1310
-1264
-1262
-1221
-1154
-1177
-1231
-1360
-1543
-1765
-1980
-2149
-2234
-2207
-2100
-1853
-1557
-1228
-868
-553
-305
-121
8
4
-3
-32
-70
-16
17
172
321
475
680
755
823
789
694
573
381
258
122
80
144
255
506
751
1025
1302
1471
1617
1647
1648
1625
1563
1590
1584
1649
1761
1860
2035
2137
2270
2360
2376
2436
2436
2451
2442
2426
2335
2091
1809
1309
701
58
-684
-1334
-1932
-2360
-2592
-2684
-2544
-2299
-1947
-1574
-1238
-962
-853
-778
-831
-963
-1040
-1206
-1283
-1316
-1363
-1338
-1345
-1353
-1422
-1535
-1684
-1899
-2060
-2211
-2283
-2228
-2091
-1833
-1536
-1197
-857
-603
-412
-298
-266
-302
-321
-323
-286
-135
80
335
607
852
1012
1056
1000
827
589
342
121
-22
-68
35
243
527
888
1202
1473
1675
1753
1760
1702
1621
1550
1536
1573
1656
1803
1940
2080
2189
2246
2280
2240
2190
2171
2124
2108
2133
2090
1963
1791
1454
968
448
-191
-815
-1347
-1800
-2058
-2174
-2125
-1917
-1656
-1367
-1084
-900
-832
-833
-934
-1115
-1264
-1431
-1576
-1621
-1677
-1686
-1655
-1674
-1692
-1756
-1871
-1987
-2118
-2215
-2250
-2212
-2066
-1845
-1578
-1274
-976
-752
-591
-493
-482
-515
-525
-519
-445
-268
-21
300
620
934
1154
1232
1208
1046
786
510
259
73
12
101
299
607
979
1345
1664
1890
2007
2018
1942
1821
1697
1610
1579
1618
1717
1844
2005
2132
2240
2316
2322
2316
2263
2180
2079
1950
1770
1506
1204
797
302
-199
-719
-1198
-1569
-1822
-1915
-1882
-1719
-1462
-1197
-935
-734
-624
-627
-712
-855
-1066
-1247
-1416
-1545
-1608
-1637
-1629
-1619
-1607
-1631
-1676
-1750
-1856
-1959
-2047
-2099
-2100
-2037
-1906
-1744
-1534
-1318
-1134
-955
-824
-720
-615
-525
-396
-245
-53
184
409
638
816
923
932
867
736
548
388
275
235
305
478
728
1038
1353
1642
1877
2025
2113
2121
2083
2033
1986
1967
1973
2007
2052
2097
2132
2152
2142
2127
2091
2045
1982
1890
1746
1530
1237
845
393
-93
-611
-1066
-1440
-1696
-1790
-1730
-1554
-1279
-970
-690
-464
-346
-331
-419
-587
-797
-1013
-1213
-1369
-1472
-1540
-1564
-1583
-1613
-1647
-1705
-1771
-1850
-1908
-1955
-1972
-1966
-1923
-1868
-1811
-1736
-1677
-1606
-1531
-1425
-1292
-1117
-891
-630
-346
-62
205
428
589
671
686
653
573
500
428
413
452
556
719
914
1130
1336
1535
1692
1814
1901
1969
2027
2082
2148
2226
2315
2395
2460
2498
2503
2476
2406
2324
2219
2109
1988
1854
1693
1477
1197
842
414
-67
-575
-1072
-1514
-1854
-2059
-2113
-2028
-1815
-1520
-1185
-861
-591
-407
-329
-337
-438
-593
-788
-986
-1171
-1329
-1458
-1573
-1663
-1752
-1830
-1905
-1975
-2013
-2021
-1978
-1894
-1767
-1614
-1445
-1288
-1150
-1041
-977
-933
-907
-861
-793
-682
-523
-333
-121
84
261
387
453
460
426
379
337
340
390
512
680
897
1126
1340
1511
1627
1696
1720
1727
1734
1778
1863
1999
2174
2367
2562
2720
2827
2868
2837
2753
2627
2478
2298
2105
1868
1591
1247
839
365
-148
-675
-1183
-1614
-1944
-2134
-2188
-2106
-1926
-1669
-1388
-1129
-920
-786
-716
-718
-777
-855
-947
-1021
-1086
-1131
-1176
-1232
-1304
-1401
-1521
-1664
-1806
-1931
-2016
-2049
-2016
-1921
-1784
-1613
-1427
-1262
-1121
-1006
-914
-836
-755
-667
-550
-414
-258
-106
38
150
224
261
267
259
254
279
347
470
636
846
1064
1271
1443
1564
1629
1647
1634
1622
1628
1678
1775
1929
2125
2340
2542
2713
2826
2891
2890
2831
2741
2603
2441
2226
1965
1642
1247
782
270
-268
-804
-1288
-1682
-1968
-2120
-2150
-2067
-1905
-1697
-1482
-1299
-1174
-1109
-1106
-1159
-1248
-1352
-1441
-1512
-1539
-1528
-1477
-1414
-1345
-1284
-1249
-1249
-1284
-1359
-1448
-1547
-1643
-1707
-1734
-1712
-1637
-1499
-1317
-1097
-844
-591
-346
-126
43
169
237
260
248
229
212
221
262
354
481
638
813
973
1114
1219
1291
1325
1339
1340
1349
1381
1453
1548
1687
1855
2024
2185
2329
2429
2493
2520
2507
2476
2424
2364
2286
2184
2041
1845
1579
1249
856
424
-34
-474
-863
-1172
-1389
-1514
-1553
-1527
-1466
-1396
-1340
-1312
-1332
-1388
-1472
-1578
-1676
-1759
-1817
-1845
-1844
-1816
-1768
-1703
-1635
-1575
-1513
-1463
-1423
-1399
-1381
-1370
-1357
-1346
-1323
-1289
-1237
-1151
-1047
-910
-753
-586
-416
-255
-121
-11
71
133
184
237
311
408
525
675
835
989
1114
1203
1237
1237
1212
1177
1153
1159
1210
1301
1439
1603
1779
1938
2077
2174
2231
2246
2230
2192
2134
2071
2000
1905
1785
1622
1424
1184
902
599
283
-12
-275
-487
-636
-716
-752
-750
-738
-737
-770
-841
-949
-1089
-1261
-1433
-1590
-1725
-1826
-1886
-1916
-1914
-1887
-1851
-1800
-1751
-1713
-1683
-1661
-1648
-1635
-1619
-1583
-1525
-1438
-1316
-1162
-983
-791
-599
-417
-261
-139
-50
2
31
48
67
97
162
256
380
533
687
835
962
1057
1116
1139
1142
1132
1129
1145
1187
1258
1351
1461
1579
1691
1782
1852
1899
1932
1955
1970
1976
1971
1944
1885
1782
1620
1394
1117
803
468
137
-166
-413
-591
-698
-735
-721
-667
-598
-536
-501
-504
-543
-624
-737
-877
-1024
-1168
-1306
-1426
-1522
-1603
-1660
-1700
-1734
-1759
-1772
-1791
-1798
-1799
-1794
-1771
-1730
-1653
-1555
-1424
-1263
-1092
-905
-725
-557
-410
-300
-216
-163
-124
-93
-54
5
80
191
315
454
585
696
785
840
866
886
893
903
948
1017
1117
1243
1390
1541
1674
1782
1856
1892
1896
1875
1835
1796
1759
1723
1687
1643
1581
1489
1355
1190
980
745
493
229
-8
-218
-397
-526
-615
-666
-682
-682
-676
-669
-674
-693
-729
-782
-847
-916
-984
-1059
-1124
-1174
-1222
-1265
-1302
-1333
-1362
-1403
-1442
-1482
-1508
-1517
-1506
-1458
-1375
-1262
-1117
-961
-803
-645
-502
-389
-301
-239
-195
-156
-114
-53
20
105
205
304
396
463
501
511
491
450
418
403
422
477
572
710
870
1050
1227
1383
1504
1592
1634
1652
1656
1639
1616
1581
1546
1497
1436
1355
1237
1090
907
699
472
246
31
-159
-319
-442
-525
-577
-608
-623
-633
-650
-669
-701
-741
-784
-840
-896
-944
-995
-1043
-1085
-1124
-1175
-1220
-1253
-1282
-1292
-1282
-1246
-1188
-1106
-1001
-890
-774
-669
-575
-493
-432
-382
-332
-278
-221
-138
-33
94
235
369
499
601
660
684
668
615
536
437
352
290
264
280
333
420
531
657
783
894
979
1040
1073
1098
1116
1130
1152
1175
1206
1236
1262
1268
1241
1182
1077
941
774
583
391
198
12
-158
-297
-406
-489
-553
-601
-642
-678
-715
-746
-786
-830
-882
-938
-988
-1037
-1087
-1133
-1176
-1214
-1238
-1247
-1235
-1214
-1174
-1125
-1065
-995
-915
-837
-772
-704
-641
-574
-498
-418
-327
-219
-93
49
205
362
502
628
724
786
815
811
781
731
672
619
581
568
576
599
634
672
718
756
776
778
762
738
700
670
648
641
645
661
687
719
744
760
758
716
662
580
483
376
255
135
15
-94
-190
-273
-349
-421
-491
-563
-628
-692
-751
-804
-849
-880
-908
-917
-922
-924
-926
-924
-915
-908
-895
-882
-871
-857
-831
-797
-762
-714
-669
-621
-568
-515
-445
-364
-285
-187
-83
37
168
305
441
562
672
755
808
835
837
810
770
728
690
668
659
664
682
716
749
788
810
810
793
751
695
623
547
466
392
330
278
244
220
201
180
158
125
94
56
11
-35
-83
-135
-186
-236
-285
-325
-371
-419
-468
-516
-554
-594
-632
-660
-682
-695
-702
-709
-714
-718
-724
-724
-715
-705
-689
-669
-643
-608
-573
-530
-492
-454
-423
-404
-381
-359
-332
-301
-260
-209
-139
-53
46
158
276
388
497
592
669
716
740
736
707
674
638
611
598
605
626
668
726
780
829
864
873
856
817
761
695
620
543
474
418
372
334
300
260
219
170
112
54
-11
-71
-122
-175
-209
-242
-281
-310
-350
-397
-442
-493
-540
-578
-608
-624
-626
-626
-621
-613
-614
-618
-637
-660
-681
-695
-705
-698
-672
-631
-576
-517
-463
-413
-376
-341
-311
-297
-284
-269
-252
-221
-179
-130
-71
-11
61
128
200
277
351
424
486
532
565
587
584
571
549
527
516
514
532
566
610
667
720
758
781
780
752
698
635
564
495
432
380
344
320
301
277
245
204
147
85
16
-56
-119
-177
-222
-254
-288
-321
-354
-396
-440
-486
-531
-563
-586
-600
-594
-573
-554
-536
-518
-509
-512
-516
-527
-540
-544
-537
-512
-479
-428
-380
-322
-269
-225
-191
-165
-138
-122
-99
-78
-51
-24
8
38
63
91
113
138
164
192
221
248
276
307
332
349
358
359
362
356
348
353
363
384
411
439
470
493
508
503
483
454
414
377
333
295
263
237
215
191
173
156
130
96
60
16
-26
-66
-109
-149
-190
-228
-263
-296
-324
-356
-384
-398
-417
-425
-422
-413
-407
-399
-383
-377
-374
-370
-367
-363
-363
-353
-335
-310
-276
-244
-210
-176
-144
-112
-88
-65
-37
-14
8
33
59
80
93
111
126
134
139
152
152
162
173
182
201
211
231
242
253
253
256
258
250
249
249
252
255
261
275
285
289
290
281
270
253
231
209
181
153
129
111
96
84
77
71
59
44
24
0
-30
-63
-97
-132
-160
-193
-214
-231
-248
-252
-257
-255
-256
-259
-258
-258
-262
-266
-274
-277
-279
-283
-276
-263
-249
-228
-200
-171
-138
-109
-90
-70
-50
-41
-32
-28
-25
-18
-9
6
24
42
62
80
99
115
130
136
138
141
136
135
127
121
120
118
122
128
134
140
151
152
156
159
155
151
144
140
131
122
114
107
103
93
86
81
73
67
61
55
46
36
26
17
3
-14
-31
-43
-59
-72
-86
-103
-112
-113
-117
-116
-106
-105
-104
-103
-106
-111
-114
-119
-132
-139
-146
-144
-134
-124
-105
-83
-65
-46
-22
-11
-1
8
12
11
7
4
-2
-5
-1
2
12
19
30
42
50
55
51
41
31
22
9
-3
-13
-18
-18
-13
-13
-5
3
16
23
19
20
14
13
6
0
1
3
10
19
32
46
60
71
84
89
84
83
75
63
49
33
20
7
-3
-6
-3
2
9
15
29
34
35
35
30
21
9
0
-11
-24
-33
-43
-47
-41
-34
-31
-25
-20
-12
-5
-3
0
0
-3
-4
-16
-20
-18
-22
-24
-18
-10
-7
-2
3
9
10
13
13
10
5
4
-4
-10
-10
-14
-14
-8
-8
-4
1
0
-4
-8
-13
-18
-29
-35
-38
-48
-50
-47
-42
-34
-19
-6
8
23
36
47
58
62
64
62
51
47
35
26
21
22
24
30
33
39
39
41
42
33
24
11
5
-9
-20
-29
-42
-48
-52
-55
-58
-55
-56
-52
-44
-38
-33
-28
-19
-15
-3
1
7
14
11
17
16
10
9
3
-4
-10
-16
-20
-17
-11
-9
2
10
12
19
23
21
20
15
12
4
3
-5
-11
-14
-18
-20
-18
-17
-16
-13
-12
-11
-15
-24
-25
-29
-25
-24
-22
-15
-12
-5
-1
9
22
23
32
31
26
19
14
12
7
1
-2
8
15
23
30
39
46
46
46
37
25
15
-1
-20
-34
-49
-62
-69
-71
-63
-54
-42
-22
-9
8
19
23
32
30
29
26
19
11
9
3
0
2
5
15
22
34
40
42
45
39
32
29
24
10
0
-10
-19
-22
-23
-27
-26
-23
-21
-19
-15
-12
-13
-17
-22
-19
-18
-15
-16
-10
-9
-8
2
7
15
22
24
24
23
15
12
9
8
12
6
3
4
12
18
20
29
39
39
35
38
31
23
19
14
7
3
3
-1
-8
-11
-12
-9
-9
-9
-8
-11
-9
-6
-3
0
2
4
7
6
6
1
1
3
-7
-5
-7
-9
-3
-3
6
9
10
13
13
13
10
5
2
-2
-7
-10
-14
-20
-23
-28
-30
-29
-29
-27
-22
-17
-15
-14
-8
-4
-6
-3
-4
-4
-2
-4
-4
-5
-6
-3
2
3
0
7
6
6
5
-1
-4
-11
-13
-13
-16
-18
-17
-18
-17
-14
-8
-9
-11
-9
-7
-3
-5
-5
-2
-5
-5
-3
-6
-6
-6
-8
-2
0
3
9
12
14
10
8
8
4
1
0
-2
2
8
5
7
7
5
6
5
5
10
10
3
3
5
9
8
1
1
-1
-5
-1
-5
-4
-5
-5
