-6
6
15
14
12
8
12
11
5
6
14
2
-2
1
12
15
8
9
7
7
1
2
1
-1
-2
5
8
7
-8
-3
-1
-10
-7
-17
-2
-4
-6
2
3
2
2
10
6
6
-6
-1
-3
-5
1
-9
-4
1
-6
-3
-6
-4
-3
-6
-4
-2
-3
0
1
-4
7
14
6
-8
2
8
-9
-2
12
9
0
-10
-3
-4
-10
-8
-21
-18
-4
3
-7
-15
-22
-18
-13
-12
-9
-7
-14
-14
-2
-2
-4
0
-7
-4
-3
-9
-13
-4
-7
-8
4
-3
-8
7
12
5
9
-7
-13
-4
0
10
16
15
7
5
-1
-1
-1
-1
-9
-11
-2
-2
-4
-9
-3
-9
-4
-2
-2
4
-11
-14
-8
-1
7
9
0
-10
0
1
6
3
7
13
10
7
11
15
17
22
8
7
13
21
20
21
21
17
19
13
14
7
3
13
12
14
3
1
2
4
8
13
6
-15
-7
3
-2
4
3
-5
1
-7
-9
-6
-7
-3
-5
2
0
-3
0
-11
-9
-2
-10
-10
-4
-6
3
-3
-3
1
-8
-15
-10
-5
-5
6
5
2
12
8
7
4
4
16
6
5
13
17
14
14
10
2
2
13
14
16
15
5
10
14
31
21
17
29
33
13
0
9
22
21
10
22
27
28
36
34
8
20
24
12
17
-1
-7
22
5
5
3
-3
6
13
16
-6
4
9
1
3
-2
15
-3
-6
-7
5
13
18
-4
-11
-33
-54
23
-14
-19
17
22
51
4
21
17
-9
4
8
29
37
-13
29
48
-32
31
31
-10
-27
-16
24
-1
-8
71
77
66
32
34
52
3
86
27
59
48
59
34
5
21
-11
21
18
48
39
126
62
-17
10
11
-14
-3
99
44
54
-28
29
-4
-50
-68
19
77
-111
-71
78
14
-255
33
38
-82
4
1
-30
-102
-164
-111
-54
-46
-78
-126
73
-178
-148
-145
-97
-87
-137
-68
-95
-130
-31
-116
-270
-50
-143
-62
30
-66
-29
-88
-189
-139
-55
-36
53
-62
-144
-91
39
-73
-112
122
-53
-18
-161
-32
9
-24
164
15
9
11
99
53
-21
-40
133
191
0
-119
121
117
-138
80
183
73
80
16
211
4
-233
150
275
15
251
91
-60
14
-30
50
72
63
109
141
-52
-107
-21
-155
-47
3
116
195
149
-98
55
-42
-244
-78
180
161
-80
-2
-14
241
-297
-231
51
136
-94
-1
322
52
-282
-178
286
116
-48
90
207
-40
82
270
-106
-31
11
-36
-37
228
289
96
63
1
-214
-203
395
496
248
-129
154
-62
-267
136
201
244
293
61
7
7
-266
17
33
118
75
107
102
-17
122
-75
-70
-24
75
-86
-17
-134
76
107
34
-62
-355
-326
-99
137
39
157
-124
-291
-205
-323
-88
3
17
-112
-200
-51
68
-38
-371
-195
-272
-88
-239
61
233
-263
-420
-208
59
-237
9
-16
-106
-148
-70
74
-28
-215
-272
-39
99
117
-133
97
32
-117
-64
-263
35
109
-179
235
183
-284
227
39
-384
142
193
-44
410
8
-145
185
76
18
124
-119
-157
293
260
-12
203
83
-284
-302
-52
88
250
303
119
42
-76
-104
-13
198
-11
-259
233
-3
21
354
-17
-85
-172
-381
-235
252
225
284
-47
-374
2
63
178
-130
86
276
-213
-259
121
46
40
-126
-248
99
95
194
111
-61
119
30
32
190
253
-222
-392
78
-23
-336
102
320
353
194
-44
11
46
-347
-245
92
153
458
474
236
-78
191
-395
-124
96
-168
202
98
-291
-337
-67
-59
140
419
284
134
-214
7
203
-37
-145
267
60
-379
-62
310
334
-215
-374
-121
-412
-227
10
242
446
17
-13
440
-119
-388
-43
-51
-187
-33
37
96
124
51
72
-110
45
-97
-270
52
-309
35
445
-72
-197
5
66
-157
-124
-138
116
73
239
138
-248
-32
-394
-124
15
361
490
130
113
-33
-555
-193
-136
-140
24
-101
291
35
83
337
380
-164
-257
-34
-131
-424
-342
363
445
353
-345
181
61
-325
194
-19
197
170
-206
-172
5
-326
-12
-58
-31
171
216
99
-160
-99
-171
-461
-219
535
668
253
244
78
-222
-398
-715
-110
367
-38
307
278
-486
-500
-186
-69
93
206
329
615
-226
-318
116
-271
74
163
355
171
85
40
-218
-464
-567
-316
131
266
131
284
290
-299
-341
-169
100
211
306
317
-61
-239
-290
-311
68
22
131
247
-143
-268
-178
45
37
218
468
268
259
-105
-390
50
142
12
89
-37
-569
-348
-283
-179
449
426
194
-91
-468
-78
-112
234
225
-52
55
139
-177
-197
69
-126
-20
-130
253
200
-172
101
107
73
66
192
425
68
-18
-178
7
53
-101
-90
-274
-232
-219
-385
-118
-142
-87
225
131
265
288
170
-61
145
20
-28
653
101
-312
93
-42
-258
-35
-94
-87
-126
-221
174
49
-158
96
-114
-252
95
455
453
401
130
-12
-15
-275
-284
222
13
-232
-133
-545
-21
-32
173
346
368
18
-12
-31
-226
-129
-292
-341
-67
227
-114
178
227
281
69
104
129
-23
-152
-61
106
231
162
30
75
-198
-245
-326
36
399
-34
58
-185
-174
-269
-355
-274
-155
254
-161
-193
78
272
25
14
54
27
219
-11
328
-22
-5
525
196
382
17
3
95
-198
-365
-203
-167
-346
-673
-116
195
51
548
154
-271
-46
-350
-293
248
431
418
235
-77
-582
-282
-161
-139
502
335
176
430
155
18
143
-392
-450
-262
-584
72
173
203
364
21
-9
-251
210
103
20
340
-137
-256
-226
-293
234
334
104
84
-159
-533
-226
-149
-132
307
-4
328
102
-262
97
-122
-212
66
-40
-349
68
240
-13
400
397
-487
-144
195
-61
300
539
175
-336
-491
-337
-42
94
479
473
286
-183
-421
-338
-678
-609
-110
-79
78
302
280
418
-15
-1
159
-95
-7
273
219
11
-61
40
6
-182
88
91
-27
70
29
53
-77
-230
-140
227
-59
-75
112
46
-154
-371
-243
-228
-244
-42
151
150
324
180
221
157
-37
226
12
-19
162
295
309
20
-44
-53
-205
-87
-58
-140
-33
-18
-330
-136
-55
-116
-174
-222
-79
-108
152
348
380
438
-76
-89
-286
-355
-55
9
184
231
-11
156
307
278
301
256
145
105
92
-343
-285
-426
-510
-299
-233
-217
-20
-97
-185
-133
-39
-68
-53
-25
294
558
489
452
154
80
68
174
393
502
294
-221
-184
-417
-380
-83
-218
-307
-815
-731
-457
-22
334
523
645
199
27
-233
-209
130
215
-97
-17
221
-194
203
546
341
389
86
-26
-480
-249
103
-105
-124
-335
-91
86
-111
197
344
-33
-420
-339
-262
-57
-85
-172
278
91
144
231
347
181
-41
316
207
-12
-46
-31
-388
-470
112
92
138
189
-10
-86
-298
-229
108
268
112
80
19
-256
-327
-267
15
-30
2
246
-93
-203
-79
-215
-252
24
144
218
283
65
38
157
-3
130
217
-38
-4
-162
-277
-149
-68
-75
-98
-54
-71
12
-76
-188
-181
-229
-242
-182
84
238
189
294
147
74
175
27
33
17
44
-215
-67
29
53
342
341
349
333
32
-287
-346
-499
-395
-185
-96
-105
-8
175
101
52
282
532
230
134
69
-180
-318
-346
-114
156
349
190
145
40
-184
-260
-207
-335
-322
-260
12
-79
-4
311
189
178
227
230
230
142
-137
-189
-231
-217
-257
-289
-206
-220
-202
-205
-83
23
145
116
119
303
361
291
344
293
166
148
28
-24
43
-155
-72
-73
-143
-18
63
9
13
108
92
99
86
115
94
-11
-52
50
-40
30
122
-73
-35
44
-263
-168
-29
-134
-172
-100
89
7
13
150
118
-62
-2
105
-74
-31
111
-31
-110
-38
-78
82
-38
-42
216
121
-45
-4
11
49
-71
-16
263
148
107
122
-25
-227
-196
-205
-150
-97
-183
-203
-341
-374
-409
-137
6
-20
-238
-104
-105
-235
-124
183
384
245
97
172
177
-38
190
344
472
443
367
300
69
-143
-212
-160
-199
-224
-100
-80
-188
-201
-3
295
252
237
365
48
-128
-181
-228
34
236
230
329
348
296
137
109
200
89
13
-74
-181
-347
-362
-272
-249
-143
-86
-60
-65
-241
-308
-187
-196
-176
39
133
95
114
138
74
33
167
89
89
56
-131
-264
-447
-549
-576
-694
-596
-582
-634
-555
-544
-512
-328
-250
-111
82
120
91
262
456
492
763
795
822
860
725
605
452
315
288
120
100
277
212
255
290
159
105
223
215
218
360
354
330
306
250
263
359
374
519
560
596
618
438
451
477
349
410
352
90
75
-45
-283
-473
-575
-539
-603
-729
-680
-648
-834
-884
-949
-929
-893
-954
-1001
-886
-936
-984
-728
-671
-631
-671
-608
-629
-763
-766
-704
-720
-784
-661
-637
-669
-647
-551
-433
-411
-336
-206
-121
58
206
248
369
406
324
424
613
703
886
1044
1275
1420
1576
1969
2200
2315
2537
2753
2784
2885
2966
3003
2907
2718
2797
2717
2405
2258
1961
1542
1236
853
318
-102
-400
-869
-1312
-1608
-1712
-2073
-2417
-2511
-2760
-3040
-3331
-3575
-3858
-4170
-4408
-4548
-4648
-4722
-4591
-4504
-4267
-3806
-3414
-2969
-2513
-2012
-1520
-1104
-824
-491
-173
54
310
501
706
907
1062
1181
1309
1408
1480
1485
1661
1915
2069
2249
2561
2854
3099
3571
4007
4349
4582
4945
5260
5430
5754
6147
6558
6913
7160
7415
7810
7864
7085
6097
5347
3907
1606
-481
-1951
-4178
-6712
-8075
-8903
-10165
-11039
-10618
-10229
-10052
-9338
-7991
-6887
-6165
-5000
-3589
-2626
-2014
-994
3
451
671
1038
1348
1097
410
85
-215
-1052
-1973
-2331
-2559
-3086
-3298
-2964
-2577
-2664
-2305
-1475
-1040
-786
-143
735
1207
1687
2541
3357
3861
4404
5301
5985
6417
6841
7206
7519
7585
7653
7780
8064
8198
8262
8515
8619
8685
8408
7577
6333
5115
3461
925
-1411
-3373
-5763
-8567
-10256
-10982
-12185
-12998
-12485
-11482
-10943
-9931
-8038
-6347
-5228
-3823
-1911
-832
-106
1175
2155
2454
2817
3154
3070
2720
2091
1270
138
-1203
-2584
-3999
-5274
-6043
-6778
-7264
-7030
-6558
-5920
-4790
-3306
-2120
-868
396
1517
2219
2856
3694
4260
4625
5311
6192
6561
6947
7531
8003
8141
8169
8137
8120
7904
7648
7495
7535
7724
7703
7637
8159
8179
6654
5704
5280
3297
-88
-2045
-3533
-6590
-9720
-10807
-11545
-13636
-14235
-12993
-12072
-11900
-10458
-7913
-6220
-5258
-3308
-1045
-203
608
1991
2684
2896
3106
3145
3209
2823
2065
1548
1058
129
-1089
-2330
-3192
-4148
-5532
-6053
-6017
-6559
-6756
-5866
-4910
-4197
-2983
-1307
-138
635
1853
2947
3332
3808
4637
5126
5538
6117
6614
7025
7384
7652
7838
8097
8157
7786
7691
7855
7734
7410
7491
7750
7778
8072
7586
6200
4980
4176
1895
-1385
-3159
-5140
-8609
-11271
-11877
-13350
-15233
-14967
-13593
-13023
-12476
-10283
-7752
-6340
-4876
-2193
-304
434
1839
3437
3700
3701
4044
4055
3697
3004
2496
1932
1259
320
-548
-1443
-2182
-3194
-4328
-4533
-5001
-5966
-6059
-5237
-5209
-4827
-3381
-1922
-1206
-363
1368
2510
2733
3443
4924
5191
5369
6367
6953
7015
7281
7683
7849
7862
7710
7620
7462
7341
7322
7112
7135
7521
7499
7980
8084
6677
5187
4676
2796
-855
-3090
-4768
-8112
-11899
-12855
-13693
-16158
-16738
-14986
-13971
-13805
-11637
-8536
-6513
-5183
-2386
406
1335
2557
4484
5003
4948
5316
5167
4675
4217
3710
3019
2511
1873
1183
127
-323
-977
-2541
-3380
-3831
-5191
-6533
-6329
-6449
-7033
-6648
-5190
-4318
-3783
-2130
-382
512
1367
2954
4078
4591
5376
6445
6913
7043
7623
7860
7890
7793
7602
7470
7429
7223
6837
7088
7472
7571
7505
8529
8604
6592
5444
5329
2943
-1143
-3134
-4621
-8311
-12121
-12742
-13348
-15836
-16282
-14089
-12906
-12527
-10222
-6932
-4719
-3447
-781
1987
2873
3790
5510
6006
5792
5771
5354
5068
4367
3225
2691
2367
1382
470
-199
-657
-1581
-3166
-3618
-3983
-5883
-7174
-6884
-7517
-8682
-8271
-7117
-6597
-6069
-4210
-2253
-1383
-122
2038
3310
3914
5169
6301
6701
6968
7486
7566
7543
7479
7321
7005
6889
6972
6690
6746
7299
7793
7857
8580
9829
9379
7867
7184
6549
3844
169
-1812
-3850
-7711
-11108
-11707
-12916
-15186
-15179
-13586
-12524
-11936
-9985
-6881
-4619
-3686
-1272
1454
2052
2595
4308
4991
4611
4325
4422
4538
3540
2770
2753
2323
1185
636
102
-692
-1864
-3216
-3672
-4540
-6453
-7585
-7513
-8381
-9459
-9143
-8031
-7553
-7151
-5328
-3202
-2123
-879
1473
3098
3758
5083
6609
7279
7507
8005
8420
8499
8369
8248
8129
7988
7881
7824
7980
8268
8414
8603
9448
10070
10291
9633
8420
7203
5732
2929
-517
-2837
-5470
-8906
-11734
-12863
-14260
-15737
-15478
-14166
-13206
-12356
-10047
-7053
-5211
-3885
-998
1112
1354
2457
4203
4119
3549
3849
3942
3415
2553
2530
2288
1522
1131
1019
55
-557
-1085
-2383
-3087
-4124
-5778
-7069
-7528
-8525
-9420
-9422
-8629
-8013
-7403
-5338
-3337
-2049
-130
2416
3870
4872
6509
7931
8380
8734
9402
9590
9412
9422
9452
8938
8753
8766
8715
8333
8265
8505
8344
8482
8751
9131
8007
6329
5097
3771
793
-2753
-4785
-7077
-10326
-13188
-13991
-14755
-16164
-16071
-14101
-12788
-12225
-9906
-6491
-4456
-3400
-737
1841
2291
2888
4752
5202
4478
4540
4948
4659
3569
3180
3210
2470
1619
1359
630
-264
-828
-2071
-2851
-3633
-5478
-6825
-7147
-8028
-9321
-9529
-8717
-8200
-7811
-5931
-3530
-2264
-635
2314
4182
5090
6583
8326
8917
8883
9417
9703
9334
8823
8623
8223
7669
7410
6990
6741
6565
6453
6228
6492
6852
6754
7212
6465
4858
3548
2641
-105
-3321
-5148
-6706
-9787
-12598
-12701
-13371
-14998
-14449
-12330
-11567
-10887
-8335
-5153
-3655
-2580
351
2324
2252
3498
5090
4587
4423
4877
4741
4289
3661
3594
3279
2611
2335
1943
701
440
-120
-2072
-2876
-3707
-6001
-7593
-7918
-9041
-10424
-10575
-9330
-8787
-8314
-5762
-3239
-2004
168
3201
4549
5456
7028
8369
8528
8370
8822
8817
8318
7943
7620
7132
6775
6526
5966
5826
5797
5586
5375
5835
6372
6182
6984
6903
5368
4134
3576
1223
-2200
-4097
-5453
-8442
-11759
-12118
-12431
-14303
-14073
-12003
-10962
-10176
-7901
-4693
-2686
-1724
771
3109
3271
4059
5562
5277
5118
5335
4897
4673
3923
3371
3041
2361
1679
988
-260
-817
-1393
-3381
-4370
-5134
-7167
-8761
-9175
-10020
-10965
-11020
-9803
-8624
-7932
-5657
-2937
-1161
704
3432
4998
5978
7251
8315
8617
8362
8577
8439
7991
7356
6963
6424
5816
5564
5293
5054
4987
5065
5113
5444
6195
6249
6996
7314
5947
4767
3971
2242
-1179
-3333
-4699
-7093
-10535
-11303
-10995
-12580
-12750
-10699
-9173
-8510
-6647
-3693
-1388
-898
916
3260
3454
3282
4652
4393
3579
3613
2958
2491
1629
1018
783
364
-263
-537
-1295
-1677
-1632
-2955
-3975
-4185
-5597
-7215
-7485
-8133
-9093
-9279
-8288
-7175
-6703
-5079
-2482
-721
467
2861
4635
5218
6148
7179
7512
7209
7347
7306
7026
6588
6228
5917
5546
5519
5520
5267
5525
5770
5761
5968
6915
6965
6997
8139
7128
5524
4390
3723
765
-2287
-3672
-5007
-8458
-10811
-9946
-10942
-12481
-11259
-9174
-8709
-7910
-5772
-3083
-2344
-1863
368
1470
749
1624
2301
1335
1557
1307
789
807
515
343
478
430
314
-12
-561
-190
-816
-2444
-2641
-3164
-5146
-5919
-6021
-7147
-7820
-7429
-6377
-5957
-5243
-3226
-1197
-184
1443
3641
4483
5221
6207
6834
6903
7023
7015
6868
6790
6386
5971
5687
5695
5582
5262
5296
5680
5458
5345
5954
6510
5993
6858
7278
5641
4363
3846
2572
-767
-2801
-3738
-5675
-9154
-9745
-9283
-11100
-11637
-9939
-8689
-8527
-7429
-5290
-3308
-3149
-2265
-330
-60
-246
956
910
744
1199
696
999
1348
1045
1044
1578
1519
1354
967
866
1174
-159
-1279
-1186
-2468
-4377
-4672
-5358
-6637
-7223
-6857
-6256
-6119
-5360
-3401
-1793
-903
1048
2728
3541
4415
5318
5907
6162
6163
6086
6334
6167
5769
5504
5495
5435
5258
5096
5445
5491
5147
5328
6190
6244
6031
7215
6594
5171
4211
3763
1466
-1445
-2860
-3909
-6530
-9186
-8852
-9419
-11002
-10506
-8938
-8417
-7971
-6489
-4425
-3321
-3203
-1710
-308
-551
189
1040
570
1142
1433
1238
1842
2093
2033
2278
2667
2693
2521
1776
2051
1817
-178
-807
-1236
-3314
-4899
-5307
-6315
-7423
-7755
-7055
-6480
-6360
-4929
-2898
-1751
-477
1507
2551
3277
4272
4938
5246
5288
5471
5446
5556
5498
5245
4918
5066
5128
4735
4669
5098
4988
4631
5143
5983
5727
6098
7104
6015
4902
4343
3633
965
-1291
-2260
-3617
-6550
-8101
-7720
-9127
-10107
-9252
-8276
-8074
-7387
-6002
-4267
-3791
-3290
-1611
-870
-875
177
371
361
1295
998
1125
1840
1891
1846
2209
2464
2537
1978
1564
2138
1008
-713
-763
-1570
-3794
-4729
-5297
-6214
-6980
-7249
-6402
-6127
-5854
-4335
-2477
-1596
-305
1316
2383
3349
3830
4471
5028
5100
4961
5249
5462
5123
4728
4868
5182
4924
4465
5054
5537
5137
5319
6297
6878
6582
7976
8522
7252
6213
6016
4907
1795
-391
-1417
-3446
-6989
-7985
-8267
-10283
-11224
-10360
-9727
-9576
-9073
-7505
-5658
-5482
-4592
-2664
-2105
-1827
-535
-410
253
1044
696
1534
2320
2165
2353
3049
3200
3221
2492
2544
2947
1071
-99
85
-1547
-3775
-4236
-5087
-6410
-7321
-7211
-6615
-6956
-6460
-4440
-3068
-2461
-581
1049
2109
3028
3809
4715
5002
5168
5434
5739
5705
5467
5334
5544
5700
5329
5304
5978
6076
5861
6246
7170
7392
7110
8744
8973
7125
6173
6212
4509
1023
-1002
-1997
-4473
-8292
-9029
-9188
-11657
-12602
-11344
-10636
-10682
-9962
-8000
-6081
-5822
-4814
-2439
-1822
-1479
-117
338
1228
1818
1555
2611
3485
2960
3139
4088
4129
3748
3126
3368
3333
1353
324
453
-1615
-3854
-4159
-5102
-6787
-7751
-7456
-7166
-7542
-6965
-5058
-3769
-2936
-1105
608
1704
2714
3607
4526
5085
5140
5379
5837
5944
5488
5264
5691
5734
5196
5153
5874
6019
5467
6020
6884
7245
6854
8180
9015
7279
6127
5943
5101
1559
-767
-1871
-3784
-7502
-9445
-9224
-11098
-12824
-12428
-11163
-11049
-10783
-9203
-6838
-5978
-5596
-3308
-1493
-1385
-416
925
1750
2390
2248
3236
4333
3887
3811
4841
5096
4401
4080
3714
3654
2198
347
75
-1536
-4237
-5306
-5881
-7540
-8831
-8995
-8186
-7957
-7822
-6046
-3907
-3019
-1545
725
2007
2895
3669
4829
5569
5300
5456
6260
6503
5954
5842
6272
6436
6020
5911
6448
6609
6094
6198
6773
7062
6655
7024
8533
7593
5853
5381
5173
2685
-526
-1895
-2984
-5986
-9323
-9276
-9884
-12229
-12487
-11235
-10517
-10414
-9510
-7190
-5352
-5355
-3946
-1332
-898
-657
891
1653
2340
2381
2462
3813
3734
3097
3716
4314
3594
3318
2741
2506
2049
15
-800
-1395
-3631
-5549
-5843
-7039
-8381
-9023
-8671
-7838
-7807
-6858
-4715
-3237
-2403
-350
1358
2361
3200
4040
5133
5560
5283
5785
6653
6519
6054
6233
6739
6546
6049
6333
6814
6505
5924
6499
6973
6616
6531
7586
8645
7143
6150
6266
5436
2473
28
-769
-2682
-6161
-8549
-8449
-10027
-12265
-11902
-10749
-10704
-10671
-9219
-6842
-5762
-5685
-3626
-1470
-1444
-878
801
1259
1734
1804
2264
3483
3025
2695
3658
3928
3093
2790
2318
2104
1142
-846
-1347
-2083
-4608
-5800
-5937
-7309
-8423
-8611
-7908
-7344
-7316
-5975
-3727
-2748
-1857
445
1821
2674
3519
4488
5616
5831
5751
6458
7008
6491
6277
6336
6466
6061
5537
5824
6082
5675
5338
6135
6423
6431
6695
7849
8756
7339
6644
6703
5517
2421
373
-728
-2986
-6347
-8476
-8686
-10498
-12453
-11911
-10965
-11189
-10938
-9427
-7353
-6505
-6140
-4097
-2207
-2133
-1357
266
650
1118
1360
2067
3123
2653
2687
3799
3964
3305
3341
3106
2723
1707
169
-324
-1515
-3920
-4937
-5425
-6994
-8041
-8084
-7542
-7215
-6982
-5426
-3454
-2584
-1338
813
2040
2801
3643
4683
5474
5562
5627
6343
6638
6211
6173
6318
6416
5963
5781
6209
6239
5771
5734
6597
6685
6485
7081
8140
8500
6994
6550
6412
4758
1890
-36
-1208
-3701
-6641
-8540
-9002
-10721
-12424
-11764
-11067
-11242
-10856
-9385
-7701
-6869
-6377
-4456
-2722
-2634
-1746
63
439
989
1705
2409
3570
3337
3609
4665
4814
4243
4462
4009
3212
2475
819
-114
-1465
-3801
-5000
-5644
-7314
-8258
-8305
-8092
-7709
-7358
-6087
-4308
-3373
-2249
-133
999
1667
2718
3805
4436
4640
4898
5613
5996
5685
5871
6131
6112
5967
6068
6350
6342
6205
6254
6901
7087
6993
7528
8308
8853
7634
6899
6690
5413
2840
625
-573
-2726
-5588
-7983
-8543
-9933
-11958
-11720
-11037
-11095
-10878
-9808
-8147
-6892
-6599
-4992
-2801
-2429
-1704
185
793
1738
2484
2826
4454
4637
4408
5281
5701
5000
4843
4025
3153
2573
243
-1076
-1916
-4464
-6085
-6525
-7989
-8870
-9082
-8926
-8067
-7676
-6924
-4831
-3549
-2768
-738
463
1308
2375
3057
3926
4525
4451
5057
5961
5810
5885
6150
6333
6657
6494
6499
6996
6963
6602
7153
7501
7464
7620
8023
8999
8187
6684
6391
5813
3337
761
-612
-2434
-5099
-8077
-9034
-9760
-12113
-12694
-11706
-11552
-11679
-10955
-9312
-7661
-7252
-6192
-3541
-2475
-2059
-43
1240
2137
3103
3446
4891
5581
5018
5507
6121
5467
4850
4222
3326
2796
707
-911
-1263
-3485
-5698
-6092
-7046
-8427
-8981
-8807
-8002
-7837
-7445
-5430
-3771
-3279
-1610
221
1079
2000
2798
3889
4688
4697
5199
6367
6601
6415
6778
7175
7483
7270
7228
7808
7811
7255
7420
7968
7708
7421
7646
8601
8281
6399
5966
5663
3675
865
-696
-2135
-4664
-7731
-9443
-9789
-12092
-13678
-12841
-12296
-12575
-12232
-10759
-8690
-7728
-7143
-4473
-2399
-2062
-331
1772
2573
3514
4111
5119
6187
5519
5436
6272
5661
4695
4310
3280
2519
1181
-850
-1468
-2692
-5254
-6258
-6730
-8172
-8955
-9290
-8774
-8102
-8092
-6890
-4697
-3765
-2938
-749
618
1607
2518
3467
4791
5242
5244
6242
7159
6874
7005
7407
7573
7546
7193
7312
7725
7142
6705
7139
7119
6676
6684
7124
7711
7065
5644
5569
5029
2842
567
-747
-2351
-4827
-7703
-9095
-9758
-12070
-13205
-12299
-11944
-12329
-11482
-9634
-7780
-6942
-5718
-2910
-1320
-751
1190
2959
3402
4151
4851
5580
5900
5276
5344
5799
5070
4201
3700
2842
2045
587
-1098
-1937
-3432
-5622
-6508
-7277
-8643
-9432
-9433
-8856
-8537
-8019
-6521
-4720
-3877
-2555
-570
598
1528
2524
3818
4703
5120
5554
6461
7047
6962
7161
7446
7542
7241
6990
7018
6917
6286
6005
6233
6134
5778
6040
6661
7075
6711
5750
5661
5043
3163
1099
-396
-2131
-4517
-7274
-9109
-9925
-12044
-13290
-12595
-12426
-12527
-11395
-9663
-7823
-6559
-5343
-2672
-789
-191
1757
3434
3732
4794
5393
5653
6165
5600
5319
5901
5252
4228
3927
2936
2231
1029
-1192
-2095
-3312
-5926
-7074
-7647
-9359
-10170
-10087
-9722
-8951
-8508
-7224
-4865
-3755
-2601
-294
1035
2047
3411
4428
5470
6157
6201
7081
7930
7416
7412
7796
7641
7380
6932
6812
6838
6008
5489
6007
5835
5194
5659
6311
6739
6765
5922
5733
5365
3648
1727
99
-1843
-4049
-6556
-9020
-10045
-11719
-13482
-13099
-12691
-12682
-11662
-9904
-8088
-6343
-5109
-2955
-608
9
1387
3184
3412
4097
5012
5009
5326
5389
5000
5337
5145
4131
3929
3128
2062
1241
-778
-2374
-3373
-5600
-7413
-7896
-9237
-10307
-10108
-9693
-8972
-8223
-7151
-5019
-3407
-2540
-537
1121
1930
3207
4361
5179
5962
6409
6927
7819
7765
7495
7883
7773
7529
7222
6836
6763
6354
5677
5619
5797
5229
5194
5859
6251
6586
6037
5463
5334
4237
2223
360
-1291
-3540
-5906
-8417
-9970
-11026
-12931
-13290
-12495
-12274
-11777
-10077
-8132
-6448
-4924
-3283
-896
328
969
2637
3395
3486
4215
4615
4684
4939
4881
4886
5127
4453
3854
3558
2442
1314
-176
-1939
-3197
-4956
-7087
-7957
-8693
-10128
-10359
-9609
-9141
-8510
-7288
-5438
-3586
-2595
-1041
1024
2006
2781
4168
5169
5590
6229
6795
7431
7721
7429
7690
7832
7474
7220
6992
6722
6371
5911
5540
5681
5407
5107
5665
6053
6352
6162
5484
5115
4367
2650
619
-1196
-3356
-5639
-8101
-10100
-11024
-12505
-13291
-12488
-11835
-11296
-9917
-7911
-6059
-4424
-3041
-991
736
1258
2593
3635
3722
4302
4744
4870
5149
5204
5019
5207
4892
4041
3578
2466
1212
-128
-2092
-3577
-5108
-7224
-8529
-9071
-10212
-10810
-10222
-9622
-8879
-7755
-6164
-4211
-2832
-1490
503
1860
2600
3805
4852
5375
5938
6417
6932
7577
7523
7466
7875
7790
7511
7149
6908
6800
6236
5597
5561
5619
5064
5198
5709
5917
6054
5448
4885
4368
3135
1270
-690
-2569
-4576
-6743
-9161
-10358
-11198
-12513
-12294
-11353
-10684
-9766
-8124
-6173
-4475
-3155
-1746
201
1109
1886
3204
3505
3941
4620
4744
4973
5245
4999
4832
4866
4194
3425
2462
1239
216
-1645
-3486
-4610
-6453
-8411
-9123
-9724
-10625
-10634
-9971
-9048
-8086
-6910
-5026
-3340
-2110
-367
1370
2286
3312
4476
5218
5879
6356
6858
7470
7824
7820
7896
8036
7871
7491
6967
6846
6509
5577
5116
5144
4943
4489
4746
5269
5452
5424
4938
4492
3722
2397
632
-1335
-3105
-5036
-7264
-9390
-10391
-11282
-12321
-12000
-11084
-10357
-9414
-7666
-5733
-4174
-2828
-1270
513
1353
2235
3408
3806
4284
4932
5169
5314
5483
5243
5040
4857
3978
3014
1951
565
-838
-2647
-4432
-5794
-7606
-9224
-9727
-10325
-10978
-10539
-9468
-8471
-7288
-5724
-3919
-2252
-948
717
2312
3112
4071
5226
5984
6594
7149
7575
8099
8490
8312
8219
8203
7779
7207
6623
6255
5657
4750
4319
4249
3917
3556
3946
4335
4482
4617
4167
3606
2865
1731
75
-1851
-3445
-5147
-7221
-9083
-9887
-10643
-11450
-11006
-10193
-9461
-8326
-6646
-4851
-3360
-1967
-454
1009
1823
2750
3622
3770
4294
4737
4570
4589
4726
4375
3926
3653
2894
1932
775
-453
-1536
-3343
-5006
-5971
-7413
-8838
-9318
-9698
-10137
-9708
-8818
-7721
-6361
-5127
-3460
-1642
-342
1049
2370
3270
4340
5278
5755
6542
7160
7262
7725
8113
7864
7622
7476
7172
6713
5947
5484
5182
4352
3908
3988
3710
3467
3808
4230
4634
4705
4034
3655
3232
1924
189
-1584
-2972
-4573
-6794
-8430
-8904
-9709
-10580
-9844
-8902
-8332
-7259
-5625
-3739
-2503
-1567
-132
1244
1777
2343
3087
3194
3499
3657
3466
3679
3553
3041
2907
2782
1884
876
89
-864
-2108
-3873
-4981
-5719
-7325
-8404
-8431
-8747
-9318
-8853
-7690
-6741
-5849
-4622
-2795
-1337
-388
1044
2307
3040
3813
4688
5381
5897
6276
6671
7318
7464
7163
7199
7263
6928
6197
5697
5586
5003
4134
3986
4171
3740
3455
3981
4537
4794
4684
4325
4000
3339
2100
371
-1365
-2826
-4509
-6630
-8228
-8835
-9650
-10295
-9684
-8852
-8252
-7159
-5429
-3793
-2657
-1562
-240
918
1512
2219
2800
2844
3248
3628
3487
3421
3501
3298
3003
2727
2004
1161
307
-739
-1993
-3558
-4758
-5733
-7047
-8025
-8239
-8553
-8942
-8418
-7427
-6635
-5729
-4408
-2865
-1515
-345
948
2125
2981
3883
4739
5330
5905
6478
6889
7258
7541
7400
7267
7279
6921
6243
5680
5419
4895
4187
3860
3814
3618
3375
3797
4308
4533
4633
4258
3715
3084
2036
245
-1548
-2882
-4533
-6523
-8215
-8824
-9342
-10078
-9646
-8629
-7900
-7001
-5332
-3694
-2571
-1505
-409
807
1464
1849
2406
2611
2895
3202
3162
3118
3239
3031
2687
2631
1954
1028
342
-646
-1859
-3305
-4521
-5410
-6548
-7663
-8020
-8120
-8502
-8113
-7225
-6497
-5548
-4426
-3051
-1609
-408
673
1885
2901
3711
4620
5216
5851
6524
6876
7302
7581
7463
7345
7350
6882
6223
5744
5220
4773
4131
3692
3534
3247
3143
3403
3698
3955
4368
3979
3200
2791
1810
119
-1684
-2994
-4382
-6334
-7984
-8552
-8899
-9665
-9249
-8136
-7424
-6386
-4909
-3348
-2121
-1130
-130
988
1718
2063
2544
2707
3007
3325
3199
3305
3505
3206
2868
2914
2381
1390
569
-274
-1412
-3022
-4334
-5178
-6320
-7613
-8127
-8329
-8772
-8604
-7937
-7103
-6224
-5241
-3839
-2332
-1050
51
1385
2533
3436
4296
4963
5814
6386
6710
7232
7622
7429
7132
7276
6916
6123
5417
4964
4619
3824
3290
3186
2987
2694
2842
3292
3519
4026
4117
3631
3247
2554
1288
-336
-1712
-3029
-4614
-6312
-7345
-7639
-8278
-8385
-7571
-6823
-6029
-4834
-3515
-2481
-1540
-784
44
810
1083
1499
1818
2051
2416
2639
2784
3029
3134
2837
2775
2454
1579
719
-218
-1294
-2766
-4164
-5185
-6143
-7201
-7926
-8069
-8383
-8344
-7747
-7008
-6186
-5348
-4068
-2721
-1515
-456
740
1984
2852
3772
4516
5346
6120
6543
7052
7446
7521
7206
7078
6893
6124
5301
4632
4199
3495
2778
2600
2448
2183
2239
2813
3162
3529
4258
4346
3855
3359
2794
1589
-121
-1494
-2680
-4264
-5992
-6745
-6960
-7553
-7560
-6749
-5911
-5189
-4278
-3178
-2211
-1529
-1081
-405
275
552
841
1165
1646
2094
2254
2523
2994
3117
2729
2599
2364
1419
288
-652
-1629
-3135
-4593
-5495
-6286
-7216
-7903
-7949
-7924
-7807
-7262
-6450
-5551
-4600
-3370
-2165
-982
145
1203
2364
3352
4147
4834
5697
6385
6659
6983
7250
7234
6838
6503
6165
5352
4435
3834
3425
2661
2100
2087
1907
1796
2099
2541
2966
3629
4097
3881
3515
3097
2408
1101
-421
-1448
-2674
-4316
-5395
-5802
-6318
-6598
-6176
-5593
-5003
-4433
-3712
-2820
-2282
-1915
-1460
-1015
-536
-67
232
688
1376
1723
2085
2664
2860
2849
2778
2552
2008
951
-75
-798
-1974
-3501
-4386
-5085
-5998
-6523
-6767
-6820
-6748
-6595
-5998
-5310
-4897
-4104
-2955
-2166
-1301
-154
867
1988
2970
3816
4917
5716
6095
6617
7012
6942
6735
6373
5916
5344
4337
3548
3211
2620
2083
2024
2048
2031
2291
2783
3333
3910
4470
4805
4463
3858
3369
2395
869
-594
-1765
-3091
-4650
-5775
-6206
-6548
-6837
-6489
-5885
-5405
-4838
-4204
-3391
-2715
-2458
-1986
-1117
-448
19
686
1465
2205
2652
2987
3546
3629
3270
3113
2701
1654
494
-479
-1500
-2697
-4071
-5087
-5650
-6374
-6885
-7012
-7073
-6882
-6503
-6059
-5395
-4624
-3869
-2789
-1605
-649
462
1671
2829
3834
4658
5520
6183
6435
6646
6891
6581
6045
5719
5220
4427
3562
3040
2771
2378
2083
2221
2383
2412
2836
3497
3930
4380
4961
5033
4435
3782
3165
2058
407
-1037
-2029
-3380
-5021
-5831
-5952
-6344
-6561
-6022
-5377
-5063
-4662
-3956
-3227
-2992
-2856
-2125
-1398
-992
-336
565
1426
2172
2683
3189
3652
3516
3111
2827
2135
956
-208
-1108
-1947
-3084
-4306
-4846
-5132
-5835
-6257
-6178
-6142
-6185
-6038
-5642
-5136
-4705
-4018
-2820
-1774
-896
350
1751
2925
3898
4854
5701
6235
6366
6509
6566
6077
5468
5106
4620
3809
3049
2689
2550
2257
2008
2183
2393
2484
2818
3379
3834
4284
4835
4890
4395
3807
3195
2220
745
-623
-1577
-2790
-4339
-5242
-5539
-5989
-6247
-5987
-5517
-5239
-5047
-4505
-3734
-3429
-3180
-2324
-1473
-821
-13
932
1975
2792
3231
3766
4059
3713
3257
2767
1910
772
-475
-1440
-2175
-3279
-4368
-4797
-5173
-5751
-6151
-6260
-6213
-6247
-6206
-5710
-5123
-4710
-3820
-2588
-1542
-484
768
2173
3358
4234
5142
5950
6228
6194
6238
5994
5403
4748
4288
3852
3164
2526
2330
2305
2090
2057
2302
2524
2727
3025
3565
4006
4358
4971
5326
4902
4223
3798
2958
1456
-63
-1095
-2147
-3777
-5049
-5484
-5932
-6516
-6507
-6056
-5887
-5850
-5466
-4646
-4138
-3909
-3060
-1910
-1045
-189
933
2112
3049
3582
4063
4415
4099
3465
2952
2186
947
-430
-1451
-2192
-3209
-4255
-4646
-4872
-5450
-5834
-5823
-5915
-6153
-6119
-5576
-5109
-4866
-4036
-2765
-1730
-789
589
2074
3162
4045
4983
5761
5928
5833
5882
5662
4995
4334
3964
3593
3063
2531
2434
2472
2193
2148
2423
2593
2570
2775
3356
3761
3893
4446
5300
5171
4427
4199
3847
2493
749
-324
-1241
-2827
-4473
-5031
-5352
-6255
-6482
-6037
-5905
-6031
-5802
-5031
-4428
-4256
-3621
-2330
-1401
-553
680
1857
2907
3518
3818
4213
4079
3287
2684
2068
945
-346
-1484
-2221
-2916
-3954
-4464
-4495
-4967
-5446
-5527
-5726
-6007
-6159
-5945
-5405
-5013
-4453
-3219
-1882
-813
520
1978
3275
4251
4799
5383
5794
5538
5234
5204
4825
4197
3789
3566
3389
2903
2654
2851
2678
2369
2560
2805
2655
2754
3195
3622
3861
4201
4988
5208
4590
4134
3773
2588
868
-480
-1601
-2867
-4390
-5337
-5541
-6046
-6388
-6114
-5817
-5763
-5631
-5120
-4485
-4087
-3677
-2536
-1329
-472
652
1857
2941
3601
3855
4159
4148
3468
2731
2128
1179
-20
-1150
-1950
-2551
-3450
-4077
-4215
-4626
-5182
-5485
-5689
-5975
-6309
-6229
-5648
-5193
-4641
-3375
-1936
-780
497
1935
3202
3988
4423
5031
5363
5037
4880
4967
4739
4364
4129
3997
3853
3442
3145
3188
2889
2532
2564
2564
2479
2477
2703
3212
3540
3730
4476
4932
4433
3975
3608
2697
1167
-326
-1267
-2349
-3961
-4886
-5010
-5620
-6056
-5782
-5570
-5551
-5603
-5315
-4684
-4356
-3994
-2860
-1699
-762
517
1636
2675
3416
3520
3815
3816
2953
2237
1720
773
-285
-1215
-1845
-2305
-3132
-3598
-3673
-4433
-5076
-5193
-5644
-6143
-6247
-6011
-5475
-4949
-4121
-2711
-1465
-334
1098
2264
3079
3813
4199
4492
4685
4512
4506
4633
4538
4409
4264
4103
3992
3646
3228
3140
2818
2402
2382
2388
2362
2430
2734
3223
3520
3785
4505
4925
4433
3925
3523
2587
1106
-300
-1227
-2319
-3698
-4513
-4807
-5377
-5787
-5585
-5413
-5489
-5598
-5315
-4788
-4475
-3996
-2983
-1816
-724
481
1597
2552
3158
3354
3540
3277
2517
1895
1321
536
-304
-1034
-1592
-2055
-2625
-3086
-3593
-4361
-4893
-5356
-5881
-6076
-6076
-5810
-5107
-4285
-3348
-2196
-968
216
1164
1995
2854
3384
3597
3928
4176
4208
4355
4575
4695
4561
4332
4173
3851
3401
3025
2736
2408
2120
2071
2159
2253
2428
2835
3198
3420
3873
4470
4650
4234
3766
3263
2163
779
-321
-1346
-2525
-3551
-4170
-4648
-5218
-5519
-5368
-5331
-5491
-5394
-5076
-4624
-4106
-3456
-2406
-1210
-111
1077
2111
2768
3246
3487
3467
3123
2442
1843
1290
526
-163
-766
-1460
-2038
-2629
-3302
-3964
-4731
-5362
-5754
-6121
-6258
-6039
-5640
-4923
-4027
-3087
-1963
-862
109
1008
1720
2376
2974
3298
3619
4005
4183
4353
4603
4701
4598
4311
3990
3661
3153
2724
2566
2379
2193
2208
2324
2522
2727
2893
3221
3566
3806
4146
4419
4216
3609
2941
2171
1019
-314
-1313
-2181
-3313
-4172
-4526
-4963
-5413
-5427
-5253
-5285
-5344
-5008
-4414
-3918
-3280
-2246
-1126
-43
1030
1890
2525
2947
3073
3072
2951
2473
1809
1245
721
25
-814
-1459
-2020
-2881
-3728
-4280
-4878
-5496
-5805
-5868
-5849
-5710
-5272
-4512
-3735
-2963
-1952
-877
41
864
1670
2433
3003
3405
3833
4162
4269
4384
4484
4410
4238
4021
3689
3300
2987
2674
2439
2429
2470
2393
2402
2666
2908
2904
3146
3693
3931
4068
4422
4352
3606
2787
2135
1132
-356
-1530
-2247
-3260
-4337
-4790
-5031
-5399
-5601
-5440
-5205
-5217
-5100
-4443
-3673
-3036
-2148
-987
231
1243
1969
2666
3121
3089
3034
2951
2406
1656
1059
611
-24
-941
-1541
-1987
-2899
-3773
-4283
-4822
-5373
-5704
-5651
-5449
-5337
-4852
-3975
-3274
-2588
-1669
-727
131
858
1655
2472
2929
3342
3893
4174
4276
4388
4406
4267
3977
3743
3548
3190
2882
2700
2547
2535
2587
2581
2604
2610
2650
2810
3013
3230
3500
3870
4061
3643
2959
2379
1492
199
-1020
-1956
-2883
-3862
-4527
-4820
-5120
-5315
-5207
-5012
-4822
-4698
-4492
-3879
-3095
-2342
-1395
-277
866
1789
2383
2945
3266
3067
2831
2527
1853
1099
455
39
-535
-1499
-2150
-2563
-3396
-4295
-4830
-5162
-5448
-5710
-5511
-5001
-4746
-4273
-3456
-2784
-2187
-1467
-588
316
966
1666
2503
3040
3397
3813
4110
4191
4109
4085
4141
3856
3506
3473
3387
3075
2827
2847
2926
2786
2676
2798
2797
2680
2872
3218
3387
3572
3958
4074
3478
2683
2087
1194
-123
-1202
-1912
-2678
-3545
-4092
-4268
-4514
-4764
-4717
-4560
-4524
-4538
-4258
-3532
-2805
-2147
-1194
-115
783
1453
2003
2489
2589
2436
2426
2199
1649
1163
822
404
-366
-1263
-1846
-2460
-3373
-4105
-4563
-4911
-5165
-5220
-4992
-4810
-4710
-4264
-3702
-3316
-2746
-1910
-1004
-185
566
1393
2112
2580
2990
3378
3612
3705
3777
3951
4050
3834
3606
3578
3404
3013
2745
2696
2660
2542
2541
2668
2678
2698
2915
3125
3252
3476
3698
3556
2941
2239
1627
767
-278
-1115
-1742
-2421
-3168
-3701
-3937
-4196
-4492
-4511
-4347
-4250
-4171
-3750
-2965
-2275
-1680
-864
78
809
1240
1670
2114
2225
2118
2118
2004
1574
1069
712
243
-598
-1445
-1995
-2553
-3294
-3921
-4228
-4384
-4584
-4646
-4495
-4379
-4273
-3920
-3385
-2882
-2291
-1446
-539
213
905
1581
2154
2558
2867
3221
3505
3668
3857
4083
4116
3889
3689
3580
3318
2926
2742
2744
2720
2730
2790
2805
2735
2727
2855
2935
2959
3137
3260
2914
2209
1591
995
66
-954
-1666
-2211
-2925
-3614
-3888
-3973
-4237
-4434
-4294
-4086
-4079
-3923
-3315
-2607
-2075
-1442
-569
271
891
1330
1743
2006
2039
1992
1903
1682
1310
953
559
-35
-769
-1412
-1983
-2633
-3271
-3727
-3986
-4193
-4357
-4378
-4315
-4238
-4064
-3679
-3166
-2668
-2069
-1286
-482
218
874
1531
2093
2481
2787
3141
3453
3633
3807
3956
3870
3554
3310
3196
2998
2717
2604
2708
2756
2682
2620
2617
2576
2542
2607
2721
2877
3139
3287
2956
2334
1780
1119
151
-794
-1419
-1965
-2641
-3152
-3335
-3471
-3731
-3889
-3818
-3795
-3881
-3699
-3184
-2636
-2099
-1374
-540
184
774
1252
1543
1632
1618
1594
1521
1348
1135
890
475
-139
-781
-1393
-2053
-2710
-3252
-3691
-4051
-4271
-4329
-4319
-4296
-4206
-3939
-3550
-3135
-2613
-1920
-1177
-485
246
953
1511
1988
2456
2839
3095
3352
3681
3937
3943
3704
3479
3342
3155
2955
2884
2934
2915
2890
2930
2890
2732
2627
2661
2664
2586
2696
3045
3108
2618
2034
1594
849
-246
-1039
-1427
-1961
-2702
-3142
-3195
-3345
-3703
-3822
-3650
-3633
-3771
-3566
-2979
-2443
-1979
-1256
-388
243
609
966
1263
1293
1173
1192
1314
1170
861
682
431
-204
-950
-1419
-1837
-2493
-3121
-3434
-3614
-3866
-4017
-3907
-3789
-3800
-3610
-3102
-2624
-2245
-1613
-755
-86
359
901
1528
1987
2307
2665
3084
3425
3643
3847
3917
3687
3395
3292
3235
3009
2832
2886
2952
2833
2655
2568
2487
2316
2146
2127
2198
2320
2448
2383
2014
1483
938
239
-603
-1249
-1657
-2115
-2629
-2961
-3118
-3265
-3409
-3460
-3427
-3379
-3285
-3007
-2536
-2040
-1511
-873
-204
307
607
819
972
1050
1069
1062
1036
895
654
354
-63
-654
-1237
-1644
-2074
-2630
-3101
-3337
-3494
-3641
-3692
-3670
-3624
-3484
-3151
-2699
-2269
-1771
-1114
-449
55
482
980
1466
1842
2198
2602
2957
3250
3531
3712
3684
3472
3319
3323
3262
3087
3019
3120
3100
2868
2654
2537
2375
2162
2061
2097
2196
2340
2435
2297
1854
1319
826
214
-568
-1193
-1519
-1850
-2281
-2611
-2755
-2875
-3025
-3104
-3126
-3103
-2971
-2638
-2177
-1748
-1342
-787
-153
251
402
534
723
853
849
796
749
642
417
57
-388
-887
-1361
-1743
-2137
-2582
-2959
-3168
-3274
-3352
-3420
-3462
-3370
-3133
-2854
-2516
-2034
-1465
-944
-504
-46
406
817
1193
1578
1988
2328
2632
2943
3194
3253
3188
3113
3026
2949
2936
2940
2925
2916
2867
2722
2494
2288
2136
2020
1946
1969
2127
2310
2291
1994
1565
1090
542
-70
-674
-1161
-1505
-1804
-2080
-2293
-2491
-2651
-2711
-2751
-2793
-2735
-2500
-2164
-1794
-1448
-1075
-631
-180
139
260
344
450
544
563
508
384
217
-9
-323
-702
-1096
-1432
-1711
-1993
-2316
-2560
-2696
-2790
-2865
-2935
-2935
-2826
-2576
-2274
-1966
-1557
-1085
-635
-235
138
549
964
1372
1769
2169
2555
2880
3124
3274
3320
3251
3159
3062
2996
2961
2923
2885
2803
2644
2377
2084
1891
1781
1712
1737
1840
1987
2098
2027
1743
1328
838
298
-196
-647
-1065
-1400
-1656
-1875
-2115
-2352
-2533
-2646
-2737
-2824
-2803
-2612
-2325
-2004
-1672
-1332
-985
-606
-295
-127
-12
99
213
291
291
223
104
-89
-357
-673
-1010
-1309
-1582
-1839
-2110
-2375
-2566
-2700
-2806
-2876
-2861
-2721
-2459
-2121
-1768
-1393
-992
-593
-214
159
549
960
1397
1834
2251
2629
2943
3167
3246
3207
3101
2992
2900
2829
2781
2721
2648
2517
2291
1987
1665
1405
1256
1222
1274
1386
1529
1610
1564
1378
1065
688
306
-36
-330
-569
-741
-887
-1046
-1220
-1396
-1555
-1698
-1840
-1948
-1992
-1930
-1762
-1546
-1322
-1118
-921
-709
-532
-398
-274
-134
2
132
225
286
291
181
-39
-321
-620
-894
-1127
-1389
-1660
-1914
-2130
-2294
-2418
-2533
-2591
-2540
-2387
-2125
-1811
-1495
-1162
-842
-538
-219
126
501
905
1307
1680
2035
2323
2514
2585
2510
2391
2288
2191
2154
2115
2051
1936
1718
1421
1062
702
374
128
3
-29
62
174
210
255
245
173
121
17
-40
-42
-50
54
229
341
429
456
397
329
215
79
-22
-117
-198
-199
-156
-185
-243
-314
-420
-456
-467
-468
-418
-399
-372
-279
-221
-233
-274
-367
-476
-583
-673
-708
-739
-835
-906
-943
-984
-1038
-1092
-1150
-1217
-1226
-1109
-927
-753
-605
-534
-489
-452
-374
-184
34
258
475
650
753
776
791
789
747
738
761
826
830
635
412
189
-78
-231
-328
-425
-486
-544
-516
-433
-395
-345
-246
-110
-73
-76
-16
87
242
406
600
860
1091
1229
1313
1273
1160
1097
1061
1055
1044
1043
1035
937
813
685
614
588
484
328
229
174
171
175
91
11
-20
-58
-119
-236
-445
-605
-686
-744
-741
-718
-734
-777
-900
-1079
-1169
-1165
-1081
-957
-885
-857
-781
-732
-771
-773
-691
-468
-189
-95
-59
-13
-25
5
19
90
233
231
144
49
-115
-273
-408
-529
-604
-664
-684
-621
-513
-526
-572
-473
-412
-362
-302
-313
-193
-67
-33
159
303
371
638
908
1046
1102
1046
1003
1052
1090
1183
1374
1403
1214
1116
1116
1145
1235
1159
986
891
798
786
872
816
690
624
479
342
297
198
-6
-234
-403
-470
-485
-541
-549
-553
-733
-1006
-1081
-953
-895
-867
-842
-848
-835
-880
-835
-629
-513
-478
-372
-302
-294
-234
-141
-100
-136
-193
-171
-73
-133
-350
-420
-516
-727
-806
-845
-836
-754
-721
-592
-451
-510
-599
-574
-550
-553
-443
-257
-123
-30
-45
26
338
569
670
677
586
634
829
938
981
999
948
902
919
1007
1118
1140
976
767
767
858
936
1011
964
826
718
637
629
595
407
208
139
30
-170
-247
-270
-265
-345
-559
-647
-606
-642
-665
-593
-588
-616
-577
-497
-399
-299
-273
-207
-160
-247
-151
102
173
74
-51
-78
-39
-118
-198
-160
-222
-466
-686
-738
-721
-740
-753
-714
-621
-579
-569
-579
-672
-727
-653
-563
-481
-358
-250
-220
-251
-158
90
235
252
303
402
463
450
499
618
613
526
574
719
759
687
652
649
591
554
682
874
886
805
821
822
677
555
594
631
498
296
221
211
87
-44
-48
-46
-183
-368
-434
-413
-442
-482
-450
-380
-360
-358
-307
-220
-176
-140
-31
69
104
107
142
149
103
13
-56
-67
-126
-254
-415
-553
-652
-768
-864
-860
-752
-640
-626
-698
-747
-761
-788
-788
-697
-538
-426
-422
-435
-406
-347
-284
-201
-83
18
78
133
185
185
166
205
292
317
319
421
559
563
484
493
593
667
688
778
922
958
847
788
813
804
732
686
703
633
501
456
471
405
251
143
92
14
-106
-174
-167
-198
-248
-261
-237
-234
-253
-227
-158
-70
37
152
207
196
188
223
239
203
159
112
43
-74
-218
-377
-529
-629
-709
-764
-763
-722
-731
-816
-889
-888
-863
-860
-829
-733
-610
-530
-475
-421
-384
-368
-298
-180
-89
-47
-41
-38
-64
-92
-59
-9
12
-1
9
60
116
160
194
254
335
442
555
632
673
694
705
695
714
747
760
753
705
674
646
582
510
438
366
305
253
215
157
100
67
36
3
-10
3
18
22
75
154
212
229
257
312
322
269
222
223
194
126
57
11
-64
-203
-365
-451
-491
-522
-552
-593
-622
-663
-685
-705
-732
-743
-749
-724
-692
-648
-594
-547
-539
-550
-523
-461
-399
-374
-377
-354
-320
-312
-300
-265
-208
-167
-161
-149
-100
-30
52
135
238
327
383
415
427
440
474
522
570
603
636
656
649
612
565
526
479
443
422
408
397
373
329
282
242
221
216
207
211
225
255
299
338
373
409
418
384
351
314
284
282
264
254
222
166
94
4
-70
-133
-174
-201
-229
-249
-290
-363
-435
-506
-573
-629
-680
-713
-717
-723
-721
-732
-730
-712
-714
-707
-708
-681
-636
-584
-512
-450
-386
-328
-281
-258
-238
-190
-124
-44
39
102
159
202
214
219
211
212
239
286
334
383
405
410
402
392
371
347
344
343
336
341
336
329
328
308
288
268
255
243
258
295
335
373
406
429
414
384
355
324
314
334
363
383
387
379
335
270
194
135
98
66
43
24
-36
-110
-186
-281
-372
-449
-513
-569
-596
-596
-598
-595
-591
-600
-601
-594
-593
-590
-573
-532
-459
-380
-313
-258
-232
-232
-228
-208
-175
-133
-74
-12
38
77
70
56
39
21
20
47
79
110
140
142
150
137
102
72
54
44
40
37
49
78
91
89
94
89
86
104
126
171
229
293
359
397
420
412
387
366
371
385
404
448
462
456
434
390
323
263
209
149
121
92
66
18
-27
-89
-170
-230
-279
-316
-347
-348
-341
-333
-313
-309
-308
-319
-333
-348
-347
-325
-296
-246
-206
-174
-154
-144
-154
-167
-161
-137
-111
-79
-32
10
34
28
9
-17
-21
-18
-13
10
26
38
35
10
-29
-75
-116
-154
-177
-186
-178
-161
-154
-139
-142
-147
-154
-143
-114
-61
7
77
170
241
298
350
386
404
432
468
508
560
606
625
615
590
534
479
407
330
271
217
177
132
71
10
-59
-128
-195
-260
-282
-303
-304
-275
-255
-230
-219
-220
-219
-219
-205
-182
-156
-121
-77
-43
-25
-28
-45
-57
-76
-87
-73
-68
-42
-25
-24
-35
-50
-69
-100
-101
-104
-95
-81
-64
-47
-64
-89
-120
-166
-202
-228
-253
-265
-271
-270
-272
-286
-306
-328
-335
-316
-280
-234
-166
-93
-15
75
135
188
238
278
338
409
464
520
566
591
587
561
516
464
425
368
316
282
226
169
123
71
4
-66
-125
-154
-187
-201
-187
-165
-143
-126
-108
-107
-98
-79
-46
-18
5
53
89
101
100
90
81
55
41
14
-5
1
-1
-2
-8
-25
-40
-62
-85
-102
-112
-103
-93
-78
-67
-70
-91
-122
-148
-181
-212
-237
-253
-269
-288
-311
-327
-347
-363
-371
-378
-359
-326
-294
-246
-191
-148
-98
-50
-4
40
98
156
218
273
311
342
362
380
393
381
372
363
351
334
298
258
228
188
139
76
17
-9
-47
-82
-94
-98
-93
-83
-69
-59
-48
-16
32
52
82
117
150
175
186
195
194
190
182
180
168
153
127
98
77
71
51
26
23
-4
-15
-25
-39
-50
-67
-81
-88
-103
-134
-171
-193
-212
-239
-276
-295
-313
-327
-334
-339
-339
-346
-333
-319
-304
-283
-260
-227
-206
-183
-152
-118
-77
-36
7
54
88
125
160
197
223
242
255
259
273
266
257
235
207
182
146
116
74
36
3
-24
-38
-50
-44
-34
-22
-3
20
58
94
136
176
197
224
254
279
288
294
289
284
272
266
246
213
190
168
145
125
92
59
39
11
-2
-29
-60
-94
-115
-135
-158
-182
-201
-213
-226
-235
-244
-230
-231
-231
-222
-232
-225
-206
-204
-199
-179
-186
-180
-179
-194
-186
-179
-175
-176
-155
-145
-142
-122
-104
-87
-71
-44
-25
-9
6
16
29
32
26
30
21
9
-3
-12
-9
-23
-25
-19
-6
17
29
49
73
103
126
150
175
201
221
241
251
263
276
278
271
257
241
230
220
211
200
190
165
147
127
105
82
64
43
8
-11
-24
-44
-71
-90
-101
-115
-124
-127
-137
-126
-121
-129
-123
-115
-101
-96
-94
-92
-83
-84
-88
-88
-77
-87
-98
-100
-104
-98
-110
-98
-88
-87
-81
-88
-89
-79
-73
-78
-75
-64
-67
-67
-74
-90
-87
-84
-76
-70
-61
-65
-66
-63
-43
-21
-4
12
16
30
48
73
94
122
141
155
170
189
201
205
207
212
218
216
216
209
210
212
199
182
152
134
118
90
70
49
27
5
-17
-34
-62
-80
-96
-115
-126
-149
-152
-147
-154
-153
-149
-143
-130
-117
-113
-106
-89
-76
-66
-51
-29
-13
-4
10
29
33
37
37
32
48
50
38
29
20
7
0
-7
-24
-41
-50
-64
-63
-71
-86
-88
-104
-109
-98
-96
-101
-84
-75
-69
-56
-36
-16
-3
20
37
53
75
94
109
132
147
162
170
176
183
189
191
174
172
167
161
163
136
122
101
83
72
52
28
3
-15
-33
-49
-79
-91
-108
-125
-133
-144
-142
-145
-154
-142
-134
-122
-114
-105
-88
-82
-75
-63
-47
-38
-26
-22
-19
0
6
8
11
24
32
29
31
24
17
0
-3
2
-4
-16
-29
-34
-38
-47
-65
-64
-66
-69
-68
-74
-66
-60
-44
-30
-31
-24
-6
14
23
32
39
59
82
89
99
106
104
113
120
128
133
132
132
127
120
107
106
98
82
77
68
61
44
29
6
-12
-24
-37
-41
-49
-56
-62
-67
-70
-77
-79
-75
-78
-85
-77
-64
-66
-65
-61
-53
-67
-63
-48
-50
-41
-33
-36
-21
-2
2
10
14
20
16
7
3
3
11
12
2
3
1
-4
-8
-13
-15
-15
-20
-18
-20
-19
-11
-7
0
-4
6
4
7
13
10
13
20
22
22
23
22
25
24
33
32
34
40
45
56
53
49
51
51
49
44
34
24
21
21
11
4
-3
-13
-19
-18
-20
-16
-16
-15
-14
-24
-26
-29
-33
-26
-22
-31
-35
-29
-29
-21
-26
-26
-22
-20
-9
-6
0
1
5
17
30
33
27
25
22
15
9
6
6
11
3
-9
-8
-13
-19
-23
-23
-23
-16
-10
-14
-19
-26
-30
-28
-32
-31
-29
-20
-16
-23
-13
-10
-12
-7
3
20
21
19
15
23
32
35
40
34
33
32
28
28
21
8
18
11
-1
2
1
3
5
3
3
-1
-10
-17
-18
-16
-17
-21
-20
-25
-24
-24
-31
-30
-23
-19
-13
-14
-5
8
12
25
27
30
33
41
39
41
42
30
27
17
14
9
5
7
0
-8
-7
-6
-4
-8
-1
-9
-16
-14
-20
-23
-29
-25
-22
-27
-25
-17
-15
-19
-21
-24
-16
-11
-10
-3
1
7
10
16
19
11
21
28
23
28
28
23
29
36
34
31
33
40
37
30
31
28
22
17
10
11
2
-16
-17
-21
-30
-39
-34
-35
-35
-33
-32
-26
-16
-8
-9
0
7
12
10
8
8
8
9
8
18
19
11
3
4
5
5
9
4
4
7
8
16
14
6
3
4
-1
-7
-7
-10
-9
-11
-13
-20
-21
-10
-15
-20
-18
-19
-10
-13
-11
-7
-11
-15
-13
-13
-12
-8
-7
-8
-8
-9
-17
-16
-14
-17
-19
-21
-14
-8
-7
-4
-6
2
7
8
9
16
26
26
23
22
23
27
29
25
18
15
17
16
6
0
-2
-5
-5
-4
-5
-16
-19
-21
-10
-6
-7
-9
-6
-4
-4
0
-5
-5
-16
-11
-6
-13
-14
-10
-11
-19
-16
-21
-24
-25
-27
-21
-15
-8
-9
-2
5
8
12
17
22
25
32
29
28
31
25
31
26
19
15
13
8
5
-1
-4
-3
-3
-12
-11
-10
-20
-15
-17
-19
-13
-7
-5
-3
-3
-2
-3
-1
-3
-3
-2
2
6
0
1
2
0
-4
0
7
9
4
3
9
15
19
22
21
17
23
23
15
11
12
10
8
9
8
5
5
1
-5
-6
-13
-15
-18
-23
-19
-23
-21
-21
-26
-25
-23
-21
-18
-22
-23
-22
-23
-24
-18
-14
-12
-5
-2
0
0
10
15
17
20
27
38
38
43
43
49
56
52
49
49
41
34
37
32
30
24
17
13
5
-4
-9
-17
-19
-23
-30
-33
-40
-40
-38
-40
-40
-42
-44
-50
-52
-52
-53
-56
-55
-52
-51
-47
-43
-41
-40
-28
-24
-16
-6
-1
13
15
24
38
48
61
63
65
69
75
82
82
82
83
80
73
63
51
45
40
34
29
19
6
-1
-4
-16
-25
-30
-37
-50
-55
-60
-66
-70
-73
-77
-85
-83
-82
-83
-81
-77
-71
-64
-65
-63
-54
-45
-35
-29
-19
-7
3
14
19
28
40
45
58
66
70
70
72
80
79
78
79
79
78
78
75
67
60
52
46
41
32
23
16
8
5
-2
-12
-25
-33
-34
-43
-50
-55
-56
-57
-60
-62
-57
-55
-61
-63
-59
-58
-55
-49
-42
-34
-29
-27
-26
-17
-6
2
5
9
18
24
28
30
34
36
36
38
42
41
38
40
36
35
34
31
31
29
22
19
18
12
10
8
5
3
0
-3
-3
-8
-15
-9
-5
-8
-9
-11
-10
-12
-8
-10
-7
-5
-6
-5
-6
-5
-4
-9
-5
-6
-10
-6
-8
-8
-9
-7
-11
-8
-9
-10
-9
-9
-8
-7
-6
-7
-9
-8
-6
-5
-10
-8
-7
-2
4
7
12
11
13
16
13
16
20
25
25
25
26
27
27
30
26
23
25
20
15
16
14
9
5
2
-3
-4
-8
-10
-20
-27
-28
-33
-32
-36
-35
-33
-37
-36
-38
-36
-30
-32
-28
-22
-24
-17
-12
-12
-12
-7
-1
1
10
19
20
21
24
28
28
29
30
29
30
29
29
26
25
22
17
13
12
11
8
3
-1
-3
-9
-11
-12
-14
-19
-19
-16
-18
-23
-25
-27
-26
-26
-22
-17
-17
-16
-12
-10
-7
-4
-4
2
5
5
6
10
11
13
18
20
19
20
21
17
18
16
15
13
12
11
10
7
5
3
3
-4
-5
-5
-9
-11
-11
-11
-11
-9
-11
-13
-14
-17
-13
-15
-15
-11
-8
-4
-4
-2
-2
-3
-3
-1
5
1
4
4
8
11
12
8
11
13
10
12
10
10
7
14
16
13
9
10
12
11
13
14
11
10
9
3
2
3
3
2
-1
-4
-2
0
-4
-4
-9
-10
-12
-14
-12
-13
-14
-16
-13
-10
-13
-13
-13
-13
-14
-9
-4
-8
-6
-3
-2
-3
-1
1
5
8
9
10
16
16
15
15
16
17
20
20
18
21
20
21
24
20
18
15
14
13
9
4
4
2
-2
-5
-7
-8
-11
-12
-15
-20
-23
-20
-21
-21
-22
-22
-17
-15
-14
-12
-10
-6
-1
-4
-1
3
5
9
10
9
13
16
13
17
17
17
20
19
16
10
6
6
4
-1
-3
-8
-14
-14
-18
-22
-24
-25
-24
-25
-28
-31
-30
-27
-26
-24
-20
-16
-19
-18
-8
-4
-4
-3
2
7
14
13
14
17
16
20
19
23
24
20
23
22
23
22
14
14
16
12
7
1
-2
-6
-9
-7
-13
-14
-15
-17
-18
-20
-21
-17
-14
