5
6
4
6
5
6
6
4
2
3
2
1
4
3
3
5
4
2
4
3
3
3
1
0
-1
0
1
-2
-2
0
-1
1
-1
-1
-1
-1
0
0
-1
-1
2
2
0
2
2
3
4
3
5
1
3
2
2
4
4
8
5
2
1
0
-3
-1
-1
-2
-2
-1
2
1
1
2
2
0
0
0
0
0
1
4
3
6
4
7
8
6
7
6
6
3
6
5
5
7
4
1
2
2
2
1
2
2
2
1
1
3
2
1
-3
-3
-6
-5
-4
-9
-9
-10
-8
-9
-7
-6
-9
-10
-9
-8
-8
-6
-7
-5
-4
-5
-6
-7
-6
-5
-6
-7
-10
-9
-6
-7
-6
-6
-8
-9
-6
-5
-5
-4
-7
-5
-8
-5
-5
-5
-4
-6
-3
-1
-2
-2
2
3
3
2
3
4
0
-2
-1
4
4
4
6
2
1
0
2
1
0
0
0
2
0
0
2
4
2
0
1
-1
-2
-1
-2
-1
0
-1
1
-1
-1
0
0
-2
-1
1
0
-1
-2
-4
-3
-5
-4
-3
-3
-1
-2
1
2
1
0
-1
1
1
1
-1
-2
2
4
4
3
2
1
3
1
1
1
-1
0
1
0
1
2
0
1
1
2
3
1
2
-1
-1
-2
-4
-3
-3
-4
-3
-4
-4
-3
-4
-4
-3
-5
-3
-1
-1
-2
1
2
0
2
3
1
3
7
6
5
4
7
3
2
5
5
4
3
3
2
5
7
4
2
4
2
3
7
5
5
5
5
3
3
1
1
3
6
6
6
5
4
4
4
3
2
2
3
-1
0
0
-3
-1
-2
0
1
2
1
2
0
-1
0
-1
0
1
2
5
6
5
6
5
6
5
2
5
4
3
1
2
1
1
1
4
5
3
3
3
2
1
0
0
0
-2
-2
0
0
1
-2
-2
-1
-2
-1
-4
-3
-3
-2
-5
-8
-6
-5
-3
-4
-3
-5
-5
-4
-3
-3
-4
-6
-6
-4
-2
-1
-4
-5
-6
-7
-5
-4
-4
-5
-4
-4
-4
-7
-4
-1
-4
-4
-7
-5
-7
-7
-6
-7
-4
-7
-4
-6
-4
-1
-2
0
-4
-2
-3
-2
-2
-4
-1
-4
-3
-1
-1
-3
-4
-2
-1
0
0
-1
0
2
0
-1
-3
-4
-2
-2
1
3
4
3
-1
-2
-1
0
-1
0
2
-1
2
4
5
6
6
5
2
3
0
1
4
3
3
2
0
2
1
-3
1
0
2
2
1
2
-2
-1
0
-2
-3
-2
-6
-2
-5
-5
-4
-5
-4
-4
-3
-6
-4
0
0
0
0
-3
-3
-1
0
-1
-3
1
1
-1
-1
-3
-2
-2
-2
2
0
-1
0
-1
2
2
2
0
-2
-1
-2
-4
-2
1
1
3
4
2
4
3
4
3
1
1
-1
-1
1
1
3
5
5
4
2
3
3
4
3
4
5
5
6
8
7
6
8
7
8
8
9
11
8
6
6
4
6
5
2
-1
0
1
2
-1
-2
-2
-1
-4
-6
-6
-5
-4
-1
-1
-1
-3
-4
1
-1
-2
-3
-1
-5
-4
-1
0
1
-1
1
2
2
0
0
0
0
3
3
3
1
3
4
2
4
4
4
4
3
6
7
6
3
5
4
2
3
3
1
3
4
3
5
4
6
3
5
5
3
3
2
3
0
2
1
-3
-2
-3
-2
-1
-1
-5
-5
-5
-6
-5
-6
-4
-5
-3
-5
-4
-3
-1
-1
-4
-1
-1
-2
-1
-2
2
0
1
1
0
5
5
6
6
7
8
4
4
4
5
2
1
-1
2
6
7
9
12
11
10
9
6
9
9
9
9
11
11
13
17
21
25
29
33
35
40
42
44
48
48
50
52
52
47
40
30
21
13
1
-11
-25
-42
-61
-76
-86
-93
-100
-108
-110
-117
-127
-130
-131
-132
-131
-130
-129
-127
-129
-127
-125
-122
-118
-115
-113
-109
-104
-101
-93
-88
-82
-72
-60
-46
-32
-21
-12
-4
6
15
24
32
38
38
40
41
42
48
49
46
41
33
33
36
39
47
54
63
71
82
99
115
133
148
161
171
185
200
217
237
256
277
300
330
357
386
405
421
431
437
440
435
416
384
344
296
245
189
134
72
5
-65
-135
-196
-256
-303
-350
-393
-429
-461
-482
-495
-501
-499
-494
-489
-483
-473
-461
-447
-430
-414
-401
-384
-369
-345
-322
-294
-266
-242
-213
-187
-157
-124
-91
-62
-34
-7
17
45
65
78
89
89
90
85
80
69
49
24
-2
-27
-44
-55
-66
-76
-83
-88
-89
-80
-55
-21
17
58
101
147
198
253
316
379
444
501
559
616
669
717
764
808
847
884
912
931
930
913
878
823
757
677
586
476
354
218
82
-52
-171
-278
-375
-461
-545
-615
-675
-711
-731
-739
-734
-721
-706
-690
-667
-639
-615
-590
-565
-546
-530
-512
-496
-485
-469
-452
-432
-402
-363
-318
-273
-229
-185
-140
-91
-40
10
52
89
115
133
145
150
152
145
130
100
65
33
-3
-40
-80
-120
-155
-177
-189
-189
-178
-172
-156
-133
-102
-58
-2
61
129
194
256
316
376
440
510
574
631
682
730
775
814
849
877
905
932
956
972
969
944
910
856
782
698
603
495
375
244
97
-53
-198
-323
-428
-519
-608
-692
-760
-814
-851
-874
-884
-884
-869
-841
-822
-801
-780
-757
-727
-692
-660
-633
-603
-574
-547
-524
-501
-474
-428
-364
-300
-243
-196
-149
-98
-39
20
66
106
140
158
176
187
192
196
194
179
146
104
67
36
13
-13
-45
-73
-84
-83
-72
-50
-32
-5
33
78
130
192
254
311
369
423
474
532
596
660
715
772
813
853
901
944
981
1014
1032
1035
1031
1016
977
919
843
749
648
541
415
266
98
-80
-253
-393
-507
-606
-691
-770
-849
-921
-974
-1010
-1017
-1000
-978
-963
-953
-940
-922
-886
-839
-806
-779
-753
-725
-692
-656
-633
-604
-553
-483
-405
-332
-267
-212
-149
-85
-29
21
71
127
178
223
237
230
225
227
216
197
159
115
87
63
39
3
-25
-42
-37
-16
-4
11
52
123
198
259
302
341
408
500
587
656
714
774
847
928
993
1031
1063
1099
1135
1167
1182
1178
1167
1140
1076
973
862
758
658
539
363
127
-104
-288
-417
-509
-606
-726
-843
-933
-1010
-1064
-1098
-1107
-1088
-1050
-1019
-1008
-996
-974
-935
-895
-865
-844
-815
-774
-738
-724
-711
-676
-611
-514
-423
-369
-339
-301
-244
-171
-101
-63
-28
16
61
94
116
127
135
151
165
156
137
133
130
133
126
104
86
93
124
150
178
209
246
291
338
371
388
425
485
562
638
699
753
818
898
972
1032
1077
1105
1148
1207
1254
1284
1294
1265
1191
1100
992
878
762
613
401
147
-104
-321
-476
-576
-694
-830
-949
-1053
-1134
-1171
-1191
-1212
-1199
-1160
-1126
-1080
-1037
-1019
-985
-948
-921
-893
-854
-820
-795
-766
-747
-714
-648
-569
-482
-412
-363
-318
-252
-182
-120
-63
-24
4
30
53
72
84
101
121
128
122
108
101
96
105
117
117
141
173
205
251
299
337
376
431
473
512
562
617
678
736
801
861
917
989
1053
1109
1163
1204
1233
1277
1338
1365
1388
1372
1260
1132
1018
900
787
648
396
95
-164
-403
-567
-652
-786
-945
-1048
-1153
-1240
-1259
-1278
-1306
-1257
-1204
-1180
-1129
-1091
-1068
-1009
-957
-943
-918
-867
-825
-779
-769
-791
-778
-730
-644
-533
-465
-438
-385
-311
-248
-165
-113
-93
-43
6
32
58
70
82
117
152
142
123
117
126
160
180
182
188
206
250
306
354
375
414
478
539
599
643
687
755
840
931
994
1053
1117
1191
1295
1373
1414
1445
1493
1534
1567
1561
1448
1298
1168
1030
908
771
508
182
-104
-384
-606
-714
-846
-1032
-1154
-1270
-1400
-1435
-1419
-1435
-1383
-1310
-1310
-1265
-1180
-1150
-1098
-1018
-995
-993
-923
-863
-838
-804
-810
-820
-766
-665
-569
-486
-414
-371
-286
-174
-102
-63
-17
32
73
128
144
121
118
130
147
133
115
63
33
69
85
86
96
107
128
182
236
256
307
393
456
519
566
589
663
782
892
972
1048
1133
1221
1352
1462
1539
1598
1664
1747
1809
1831
1742
1604
1466
1341
1209
1056
823
457
123
-173
-463
-646
-741
-930
-1118
-1268
-1430
-1536
-1512
-1485
-1490
-1415
-1376
-1363
-1260
-1217
-1221
-1184
-1112
-1113
-1073
-985
-982
-972
-978
-1007
-1010
-953
-868
-769
-647
-586
-517
-413
-318
-234
-189
-117
-48
-3
25
22
57
87
120
132
106
102
63
96
153
163
155
173
188
199
257
300
331
445
537
576
644
704
773
865
977
1115
1225
1336
1444
1578
1709
1815
1925
1994
2102
2170
2087
1937
1794
1646
1480
1352
1069
619
190
-154
-471
-657
-800
-1068
-1281
-1423
-1537
-1621
-1645
-1683
-1691
-1600
-1480
-1407
-1309
-1275
-1242
-1166
-1128
-1119
-1091
-1048
-988
-972
-963
-989
-1006
-951
-827
-724
-699
-634
-568
-493
-366
-284
-283
-261
-204
-137
-56
-13
-7
0
39
72
80
85
105
125
156
180
191
200
259
323
339
392
433
497
580
728
812
879
950
1020
1179
1342
1504
1640
1757
1866
1970
2112
2233
2248
2141
1990
1870
1747
1668
1538
1349
925
469
28
-275
-532
-802
-1007
-1204
-1237
-1382
-1629
-1722
-1814
-1909
-1831
-1614
-1422
-1288
-1071
-990
-953
-1037
-1155
-1136
-941
-864
-929
-994
-1085
-1206
-1309
-1376
-1359
-1263
-1049
-836
-578
-432
-467
-426
-271
-71
-6
165
386
490
546
464
312
195
213
246
226
199
31
-164
-230
-213
-210
-167
-7
170
391
617
727
869
1203
1507
1850
2235
2569
2805
3071
3294
3383
3535
3747
3536
2160
505
-415
-934
-1096
-538
-237
-1201
-1931
-1884
-2169
-1851
-839
-141
432
1614
1594
220
-271
-426
-1262
-1301
-604
-771
-1280
-1150
-1517
-2484
-2721
-2816
-2749
-1710
-615
-765
-916
-513
-658
-933
-493
-139
56
547
895
576
228
-46
-307
-130
345
291
-74
-197
-278
-602
-872
-904
-874
-589
-331
-399
-634
-698
-624
-397
3
398
484
498
646
795
807
874
1112
1317
1623
1781
1738
1816
2090
2399
2644
3079
3264
3208
3315
3425
3020
746
-1488
-2165
-2487
-2468
-1201
32
-1336
-2176
-1422
-1420
-1216
431
2078
2216
2580
2066
-54
-1496
-1679
-2230
-2658
-1831
-1327
-1882
-1973
-1843
-2500
-2880
-2016
-826
-14
666
682
136
-257
-207
-383
-296
212
713
687
454
197
-200
-581
-653
-376
-308
-484
-648
-633
-700
-946
-1128
-1117
-788
-409
-168
-237
-318
-117
105
109
130
178
56
98
248
495
648
884
1154
1381
1559
1615
1891
2196
2760
3221
3382
3586
3923
4044
3972
2854
-340
-2411
-2715
-3059
-2897
-802
-119
-2110
-2055
-984
-1065
-789
1340
2629
2613
2923
1953
-271
-1412
-1404
-2298
-2702
-1637
-1255
-2009
-1709
-1313
-2082
-2362
-1089
-112
291
449
200
-341
-435
-315
-439
-316
174
599
390
-41
-283
-473
-676
-354
-54
-190
-607
-850
-990
-1103
-1214
-1338
-1026
-382
73
118
-90
-195
-141
-131
-204
-128
-13
68
208
387
532
571
749
986
1277
1515
1807
2066
2527
3103
3355
3275
3646
4220
4333
3869
1037
-2134
-3262
-3375
-3576
-2170
-74
-1285
-2373
-1373
-877
-1130
281
2411
2833
3071
2577
552
-1399
-1718
-2174
-3044
-2521
-1480
-1534
-1591
-899
-998
-1805
-1378
-205
355
482
437
172
-50
201
38
-549
-532
0
215
111
82
-61
-464
-365
-106
-185
-578
-822
-781
-732
-739
-918
-1040
-664
13
248
65
-99
9
-71
-103
-184
-248
-120
113
264
477
677
736
1018
1368
1510
1605
1816
2221
2911
3478
3469
3454
3975
4187
4041
1407
-2090
-3387
-3510
-3864
-2893
-296
-1075
-2568
-1486
-594
-940
18
2295
2810
3155
2977
859
-1386
-1808
-2121
-3199
-2843
-1667
-1541
-1559
-784
-625
-1485
-1373
-303
428
503
324
-63
-521
-200
-137
-366
-525
148
468
186
52
16
-66
-156
181
31
-585
-1244
-1372
-1246
-910
-801
-770
-514
44
462
303
32
150
323
4
-275
-333
-474
-441
-166
157
498
869
1120
1327
1551
1582
1632
1918
2670
3298
3319
3146
3571
3842
4144
3099
-741
-3536
-3791
-3952
-4326
-1623
119
-2020
-2324
-530
-300
-698
1490
3233
3227
3513
2534
-238
-1943
-1820
-2800
-3783
-2626
-1386
-1600
-1134
-68
-506
-1340
-652
252
502
496
147
-418
-368
32
-88
-398
-128
399
400
151
60
74
-177
-202
-135
-469
-1192
-1638
-1530
-1125
-881
-828
-644
-116
508
588
256
206
305
189
-139
-411
-439
-290
-61
261
707
1024
1298
1520
1601
1810
2047
2050
2436
3273
3530
3132
3451
3943
3843
794
-2999
-4314
-4356
-4367
-3317
-500
-1142
-2546
-1714
-659
-529
455
2738
3313
3796
3582
1374
-1296
-1928
-2095
-3175
-3118
-1818
-1384
-1378
-552
-243
-1076
-1096
-240
236
356
248
-177
-508
2
278
67
-59
321
595
652
379
368
256
15
-66
-503
-1000
-1785
-1755
-1395
-964
-671
-523
-195
79
587
643
212
198
534
388
-182
-362
-398
-309
69
555
838
1013
1365
1464
1456
1563
1811
1960
2460
3151
3288
3175
3279
3672
4338
3062
-1418
-4448
-4632
-4795
-4859
-1942
-202
-2238
-2568
-1015
-625
-637
1649
3317
3436
3743
2570
-532
-2512
-2305
-3190
-4118
-2845
-1277
-1296
-861
163
-337
-1196
-501
285
244
133
-1
-605
-644
-68
39
-346
-123
889
1152
769
483
403
43
-147
-225
-792
-1497
-1783
-1603
-1068
-580
-270
-17
447
1052
1330
879
374
372
353
-43
-425
-395
-188
175
553
807
1116
1726
2119
2105
2206
2293
1978
2060
2744
3159
3255
3338
3887
3477
-381
-4297
-5334
-4841
-4745
-2423
247
-1267
-2498
-1589
-873
-1449
213
2550
3012
3535
3248
735
-2199
-2601
-2817
-3652
-2898
-1239
-856
-765
177
108
-1071
-1057
-110
284
-21
-142
-623
-851
-462
-66
-196
-470
426
982
977
746
807
414
10
203
-265
-1237
-1951
-1816
-1437
-884
-339
168
633
1156
1628
1344
583
232
366
193
-199
-289
-230
-168
398
894
1035
1445
1911
2072
2258
2416
2043
1921
2346
2758
3136
3416
3874
4004
366
-3999
-5409
-5407
-5428
-3003
277
-1162
-2446
-1597
-1016
-1439
-179
2102
2766
3487
3315
1045
-2195
-3242
-3465
-4069
-3290
-1368
-684
-582
289
408
-748
-955
-22
584
470
5
-437
-737
-520
-371
-329
-419
273
1085
1173
864
742
498
138
179
104
-754
-1646
-1714
-1389
-983
-472
128
729
1561
1960
1604
779
324
124
-37
-310
-323
-155
-221
-83
578
1132
1571
2211
2758
2960
2870
2596
2306
2652
3228
3659
3726
4254
3450
-1211
-5166
-5942
-5774
-5586
-2239
271
-1658
-2421
-1405
-1119
-1589
366
2196
2563
3318
2873
145
-2744
-3373
-3947
-4540
-3053
-1125
-732
-312
646
130
-1356
-1301
-404
145
302
-12
-786
-800
-420
-222
-540
-349
562
1008
1239
1061
889
331
152
314
81
-603
-1475
-1603
-1171
-807
-609
-175
873
1980
2316
1655
662
199
67
8
95
272
275
107
203
578
809
1229
1821
2490
3021
3017
2781
2589
3115
3666
3981
4032
4638
3510
-1633
-4977
-5873
-6250
-6150
-2297
-284
-2325
-2192
-838
-776
-1197
1084
2509
2596
3275
2830
-112
-2780
-3523
-4518
-5079
-3241
-1308
-1005
-254
741
-54
-1380
-1263
-504
-76
-70
-106
-573
-753
-493
-319
-715
-527
731
1325
1489
1509
1059
179
-54
141
-118
-782
-1357
-1401
-1069
-776
-445
-83
684
1719
2202
1479
601
322
253
159
202
450
264
-71
170
821
1113
1443
1982
2473
2655
2681
2624
2860
3503
4074
4309
4608
4678
1013
-3635
-5462
-5965
-6464
-4353
-725
-1483
-2868
-1818
-806
-1003
78
2279
2872
3267
3185
1214
-1641
-3092
-3716
-4651
-4011
-1983
-1094
-863
98
350
-791
-1342
-882
-341
-183
-331
-785
-1170
-807
-400
-258
-393
351
968
1089
1050
1100
813
327
376
275
-250
-1115
-1600
-1358
-857
-187
389
848
1366
1841
1582
703
413
549
595
529
726
857
539
78
325
1030
1495
1681
2020
2377
2377
2486
2596
3023
3587
4352
4550
5199
3607
-1682
-5278
-6029
-6205
-5959
-2292
-951
-2901
-2789
-1218
-951
-946
1496
3002
3203
3442
2441
-581
-2947
-3548
-4358
-4812
-3143
-1481
-1239
-541
267
-462
-1575
-1235
-391
-78
-162
-408
-945
-1058
-709
-472
-877
-442
646
1054
1083
1200
939
151
198
267
-172
-980
-1526
-1458
-844
-352
199
724
1279
1748
1803
1007
227
375
802
915
960
994
884
606
443
834
1504
1992
1998
2600
2822
2541
2253
2579
3371
4291
4984
5526
5321
529
-4275
-5911
-6097
-6315
-3323
-409
-2422
-3360
-1970
-1276
-1698
466
2907
3383
3795
3317
442
-2705
-3741
-4320
-5006
-3747
-1639
-1311
-1155
-93
-256
-1738
-1686
-306
438
116
-554
-1303
-1688
-1329
-749
-521
-443
406
945
916
884
1054
578
513
907
650
-722
-2120
-2402
-1768
-1111
-355
635
1386
1714
1866
1058
-6
-115
471
945
1360
1561
1010
530
157
567
1359
2207
2623
3119
3168
2704
2311
2413
3013
4117
4974
5755
4843
-229
-4404
-5661
-5942
-5790
-2171
-177
-2526
-3211
-1793
-1485
-1716
809
3111
3526
3893
3182
-107
-3158
-3864
-4492
-4950
-3209
-1261
-1146
-908
-180
-752
-1917
-1599
-507
204
299
-134
-847
-1375
-985
-671
-606
-382
685
1148
784
625
816
554
497
957
824
-496
-1798
-2081
-1560
-910
-207
620
1395
1619
1304
701
-101
-104
477
997
1069
1329
1318
864
662
780
1234
1944
2560
3006
3071
3020
2394
2497
3016
4049
4564
5556
4795
-503
-5120
-6681
-6162
-5537
-1593
111
-2409
-3894
-2631
-1523
-1190
1414
3468
3726
3713
3043
-298
-3656
-4439
-4630
-4885
-3071
-1095
-1064
-986
-415
-1002
-2160
-1824
-669
311
585
-8
-1016
-1624
-1373
-903
-652
-227
747
1280
1069
754
577
252
418
955
1056
-89
-1523
-1999
-1447
-916
-398
460
1305
1684
1520
833
-154
-431
182
840
1162
1390
1468
1017
803
1122
1593
2057
2845
3524
3478
3240
2686
2684
3270
4386
4994
5984
4038
-1610
-5006
-5855
-6269
-5518
-1355
-660
-3091
-3257
-1873
-1650
-1243
1540
3584
3874
3898
2855
-514
-3504
-4242
-4871
-5122
-2936
-1138
-1540
-1327
-710
-1725
-2617
-1494
-26
448
410
-121
-1162
-1856
-1499
-799
-546
-279
548
765
451
455
571
436
660
1117
731
-523
-1579
-1760
-1192
-604
-113
607
1288
1482
1090
491
-155
-293
430
1123
1364
1247
1182
852
657
1152
1772
2340
2872
3422
3272
2937
2588
3132
3974
4919
5606
6574
3884
-2240
-5252
-5903
-6322
-5419
-1410
-1324
-3695
-3466
-2130
-1786
-785
2182
3866
4156
4115
2586
-893
-3384
-4018
-4716
-4904
-2897
-1436
-1720
-1345
-1009
-1869
-2401
-1147
-137
262
277
-49
-932
-1391
-1111
-838
-879
-327
698
1050
644
520
454
344
883
1323
837
-568
-1383
-1453
-893
-342
238
811
1294
1258
958
459
-19
-115
552
1215
1370
1326
1136
869
799
1214
1719
2258
2857
3078
3158
2940
2752
3117
3797
4920
5811
6631
2667
-2936
-5519
-6103
-6388
-4673
-1219
-2612
-4651
-3843
-2327
-2043
-346
2726
3910
4113
3926
1834
-1556
-3370
-3892
-4763
-4415
-2424
-1697
-1965
-1224
-1178
-2429
-2567
-839
366
412
305
-122
-881
-1202
-775
-542
-716
-101
636
837
479
534
454
534
1343
1611
561
-1093
-1616
-1332
-827
-345
438
1163
1492
1249
703
-60
-506
-59
711
1339
1459
1324
1047
864
1123
1512
1948
2544
3182
3210
2960
2844
2948
3421
4382
5244
6339
6139
841
-3923
-5493
-5771
-5882
-2789
-658
-3645
-5071
-3844
-2710
-2158
707
3540
4132
4130
3531
760
-2469
-3619
-3930
-4659
-3684
-1850
-2007
-2266
-1420
-1731
-2973
-2419
-470
545
750
720
74
-1068
-1565
-1131
-786
-752
-12
690
682
383
436
119
311
1292
1750
616
-951
-1405
-1230
-1007
-598
316
962
1130
1058
655
-39
-559
-198
757
1461
1452
1459
1131
987
1203
1620
1952
2629
3318
3350
3561
3338
3373
3923
5057
6133
6737
2689
-2839
-4956
-5238
-5274
-3237
-498
-3140
-5421
-4427
-3017
-2470
-109
3082
3947
4227
3799
1651
-1392
-2818
-3273
-3992
-3865
-2568
-2112
-2457
-1980
-1963
-2849
-2957
-978
539
636
282
-29
-675
-1233
-667
-132
-382
-446
77
389
141
188
282
598
1241
1600
944
-413
-1194
-1151
-627
-147
415
773
941
938
555
-26
-352
-278
329
940
1162
1228
1298
1501
1886
1975
2133
2398
2801
2816
3194
3533
3512
4230
5025
5946
5680
1235
-3573
-4824
-4269
-3836
-1393
57
-4163
-6690
-5090
-3313
-2548
538
3648
3830
3573
3107
755
-1904
-2536
-2557
-3169
-2971
-2402
-3038
-3112
-2263
-2430
-3388
-2800
-891
472
640
160
-178
-579
-734
-79
473
119
-430
-413
-194
2
-97
-277
529
1634
1795
921
-139
-919
-1008
-444
372
915
1023
936
830
557
-31
-320
-227
201
515
544
216
263
962
1714
2248
2558
2570
2344
2442
2688
3006
3230
3600
4235
5198
5931
6176
2762
-2494
-4388
-4120
-3896
-2640
-345
-3154
-6689
-5953
-3892
-2611
-51
3419
4272
3779
3095
1389
-1052
-2114
-2121
-2691
-3030
-2679
-3144
-3768
-3183
-2734
-3407
-3226
-1535
83
676
543
491
-10
-345
-78
349
-278
-804
-446
-70
-75
-486
-827
-639
647
1571
1225
199
-548
-605
-478
-126
364
782
863
1021
869
285
-311
-319
192
582
501
294
431
903
1819
2577
2708
2729
3002
2942
3108
3280
3481
3809
4961
5975
6736
3677
-2351
-4684
-4100
-3013
-1651
909
-1949
-6601
-6360
-4095
-2698
-769
2859
3837
3166
2872
1660
-662
-1659
-1196
-1710
-2441
-2283
-2815
-3807
-3293
-2710
-3498
-3706
-2077
-348
147
77
50
-232
-466
43
885
773
134
-146
-209
-765
-1211
-1276
-715
576
1794
1611
152
-930
-1019
-661
27
749
1036
899
790
597
-105
-483
-212
694
1177
1050
577
220
149
921
1932
2604
2882
3162
2846
2862
3052
2979
3415
4342
5541
5924
5940
1458
-3383
-4671
-3937
-2903
-1094
151
-3840
-6895
-5939
-3964
-2446
168
3123
3287
2731
2351
953
-869
-1249
-971
-1773
-2228
-2424
-3334
-3922
-3259
-3109
-3572
-3103
-1765
-668
-145
154
129
-237
-28
912
1324
757
376
91
-280
-603
-998
-1361
-624
723
1484
1206
189
-808
-754
-25
664
1051
1101
999
995
641
-53
-447
-159
569
996
836
434
325
422
1442
2329
2622
2748
2908
2761
2944
3279
3285
3771
4967
5772
6015
4160
-1262
-4158
-3985
-2902
-2025
-239
-1676
-6380
-7052
-4840
-2754
-1003
1989
3339
2296
1808
1357
216
-511
-105
-518
-1767
-2347
-3004
-3773
-3574
-2946
-3465
-3942
-3087
-1713
-1032
-617
-17
120
-175
295
1140
1111
506
559
754
339
-755
-1534
-1465
-570
693
1375
1052
-247
-1042
-795
-118
602
1074
1278
1118
906
308
-431
-419
372
940
782
506
361
228
490
1890
2946
3060
2781
2666
2693
2948
3567
3940
4264
4830
5438
5834
2634
-2253
-3997
-3592
-2520
-1030
25
-3759
-7502
-6423
-3879
-1837
423
2715
2541
1562
1687
1172
167
-65
422
-435
-1744
-2424
-3342
-3746
-3081
-2880
-3944
-4153
-3090
-1913
-1089
-285
244
-8
-73
601
1255
866
672
1105
1117
167
-1032
-1479
-1305
-286
775
1181
344
-765
-901
-297
382
701
862
938
1009
657
66
-319
-16
498
612
465
345
644
678
1351
2214
2460
2376
2561
2847
3031
3283
3420
3716
4450
5063
5645
5434
712
-3319
-3729
-2778
-2093
-505
-862
-6030
-8264
-6070
-3417
-1342
1292
2631
1291
450
948
794
521
1062
1109
-636
-1954
-2661
-3529
-3505
-2527
-2917
-4172
-4194
-3341
-2314
-1050
266
585
39
218
989
1187
794
1356
1934
1523
423
-677
-1591
-1608
-385
669
771
-235
-1072
-988
-297
346
710
1044
1270
1246
899
275
1
274
610
571
378
291
373
915
1821
2513
2333
2033
2078
2276
2762
3272
3901
4187
4383
4777
5306
5437
1828
-1918
-2796
-2284
-1766
-1044
-1122
-5411
-8458
-6938
-3887
-1445
640
2002
979
-142
431
1099
1159
1458
1565
33
-1745
-2604
-3229
-3431
-2667
-2831
-4246
-4833
-4123
-3059
-1604
-68
422
-102
-46
754
1039
691
1054
1839
1702
593
-511
-1251
-1392
-389
758
649
-529
-1330
-835
-17
506
752
605
550
625
956
565
254
425
557
444
243
343
619
1455
2391
2901
2806
2291
2125
2305
2735
3330
3754
4197
4301
4724
5253
5730
2497
-1785
-2268
-1445
-1327
-1044
-766
-5284
-9168
-7270
-3935
-2012
-26
1662
459
-975
139
1287
1442
1929
2280
453
-1782
-2468
-2808
-2789
-2021
-2319
-4300
-5408
-4822
-3749
-2184
-658
-20
-536
-681
72
587
607
1402
2608
2292
812
-191
-552
-428
633
1312
488
-1075
-1658
-886
-8
260
269
198
43
154
524
587
528
721
779
385
192
549
1429
2333
2923
2915
2638
2420
2388
2404
2724
3363
3682
3854
4405
4982
5628
3998
-604
-2654
-1727
-580
-349
72
-3397
-8798
-8836
-5324
-2674
-1007
675
30
-1689
-1177
663
1537
2049
2697
1477
-1357
-2664
-2236
-1937
-1182
-1125
-3222
-5578
-5650
-4268
-2594
-919
-287
-687
-997
-410
371
450
715
1964
2373
1580
586
165
-338
306
1523
1234
-359
-1347
-936
6
441
360
-7
-297
-292
-21
307
331
515
939
825
347
112
889
2150
3050
3366
3006
2640
2408
2498
3109
3450
3466
3339
3688
4473
4817
5652
2821
-1295
-2014
-987
-392
-470
-778
-5363
-8763
-6897
-3975
-2339
-766
225
-1031
-1867
-525
955
1487
2150
2334
328
-2158
-2322
-1532
-1421
-1030
-1727
-4222
-6071
-5353
-3733
-2444
-1381
-1152
-1542
-1750
-959
129
690
1403
2051
1985
1005
440
424
808
1479
1516
296
-1201
-1489
-604
371
481
55
-585
-824
-531
172
749
848
767
640
288
218
840
2244
2905
2932
2743
2639
2668
2987
3568
3764
3492
3101
3082
3702
4529
5731
5859
1242
-1990
-1732
-334
-118
383
-1388
-7091
-8646
-5759
-3140
-1771
-122
-431
-2278
-2206
-285
973
1876
2860
2015
-884
-2499
-1695
-945
-678
-619
-2574
-5598
-6306
-4613
-3169
-2452
-2072
-2321
-2881
-2113
-539
554
854
1542
2021
1413
800
961
1361
1878
2202
1282
-571
-1491
-839
198
689
256
-727
-1347
-1130
-208
487
688
592
473
157
-19
515
1848
2802
3131
2822
2468
2668
3174
3798
3601
3508
3019
2956
3561
4334
5063
5269
2071
-1533
-1409
114
496
281
-927
-6005
-8588
-6103
-3102
-1957
-1027
-1267
-3104
-2987
-844
866
1791
2596
1940
-648
-2099
-1260
-55
34
-265
-1972
-4676
-5822
-4416
-2839
-2373
-2598
-2915
-3149
-2578
-1012
521
1152
1326
1337
968
744
1234
2037
2532
2409
1251
-182
-878
-364
646
1100
402
-921
-1542
-1236
-281
440
689
500
-59
-402
-311
531
1675
2785
2785
2416
2128
2601
3464
4261
3974
3297
2920
2581
3088
4233
5014
5399
4116
-672
-2589
-951
1076
1041
497
-3222
-8711
-8273
-4199
-1513
-877
-863
-2857
-4330
-2544
198
1765
2501
2379
246
-2184
-2097
-183
914
670
-665
-3492
-5664
-4998
-2775
-1652
-2160
-3225
-4064
-3724
-1943
-66
933
800
755
592
693
1292
2029
2612
2640
1902
534
-388
-344
334
981
677
-718
-1767
-1536
-716
127
287
88
-332
-424
-362
143
1002
1924
2302
2182
2243
2602
3499
4112
4282
3624
3099
2948
3291
4123
4796
5022
5149
2137
-1726
-1521
604
1487
610
-898
-5805
-8561
-5884
-2296
-1385
-1563
-2468
-4279
-3672
-727
1281
1840
2002
1045
-1206
-1938
-323
1183
1141
-13
-2303
-4837
-5104
-3015
-1421
-1866
-3235
-4474
-4676
-3104
-506
822
311
-104
-109
334
1260
2535
2931
2325
1852
1091
382
332
830
1057
436
-538
-1673
-1794
-890
130
212
-592
-1126
-996
-349
199
896
1157
1370
1489
1934
2666
3520
4200
4036
3475
3124
3339
3557
3886
4329
4615
4453
4564
1639
-1433
-935
1022
1382
-184
-1923
-6167
-7706
-4927
-2066
-1798
-2619
-3457
-4367
-3123
-511
1000
1249
976
229
-1363
-1325
382
1473
718
-725
-2738
-4498
-3897
-1896
-1251
-2480
-3958
-4801
-4167
-2277
-293
336
-427
-874
-418
809
1848
2702
2923
2175
1740
1448
1354
1387
1486
1253
320
-842
-1456
-895
-85
154
-358
-1081
-1494
-840
131
585
750
978
1230
1522
2378
3242
3973
4116
3880
3348
3468
3894
4194
4280
4333
4285
4525
4036
353
-1201
-46
1326
296
-1022
-3522
-7291
-6630
-3376
-1756
-2625
-3398
-4289
-4262
-1949
276
961
653
322
-653
-1409
-276
1313
1215
-286
-1774
-3432
-3880
-2307
-1025
-2097
-3754
-4778
-4664
-3315
-1214
-149
-733
-1612
-1366
60
1544
2538
2900
2084
1292
1691
2288
2310
1970
1458
418
-372
-724
-492
-54
-8
-589
-1302
-1665
-1311
-246
149
-90
-114
441
1018
1986
2865
3365
3653
3717
3668
3810
4443
4663
4574
4234
4333
4634
5255
2818
-283
-332
886
1143
-290
-1806
-5519
-7028
-4587
-2170
-2290
-3463
-4172
-4700
-3048
-574
575
560
212
-339
-1133
-378
1213
1859
541
-1320
-2637
-3069
-2226
-1030
-1482
-3392
-4715
-4515
-3609
-2106
-1031
-1099
-1851
-1930
-735
713
2028
2555
2177
1290
1289
2311
2982
2656
1827
797
-26
-209
-34
19
-183
-698
-1383
-1732
-1520
-870
-541
-706
-821
-555
316
1116
2134
2606
2992
3117
3355
3618
4194
4787
4565
4195
4097
4692
5283
5651
2232
-505
63
1803
1316
-393
-2222
-6056
-6509
-3785
-1982
-3119
-4233
-4677
-4678
-2715
-616
158
-79
-286
-657
-949
198
1791
1907
153
-1382
-2363
-2418
-1329
-559
-1926
-3969
-4656
-4181
-2926
-1648
-1402
-2212
-2825
-1876
-98
1513
1991
1815
1356
1309
2406
3466
3384
2290
1466
881
765
844
561
134
-606
-1078
-1400
-1310
-1012
-669
-891
-1408
-1131
-18
1111
1604
2050
2183
2785
3406
4140
4268
4278
4307
4042
4230
4578
5351
5685
5255
1540
-643
605
2308
1497
-585
-2998
-6547
-6378
-3412
-2071
-3513
-4814
-5317
-5084
-2733
-561
-41
-650
-958
-1125
-968
529
2000
1622
-335
-1562
-2206
-1883
-834
-598
-2424
-4161
-4487
-3979
-2942
-1960
-1952
-2956
-3360
-2151
-370
1036
1489
1426
1080
1241
2612
3548
3204
2269
1681
1294
1230
1233
914
291
-338
-833
-1200
-1253
-1035
-857
-1224
-1590
-1166
-65
821
1413
1887
2133
2837
3707
4404
4288
4432
4425
4555
4857
5539
5953
5987
4868
1159
283
1890
2948
992
-1245
-3847
-6565
-5249
-2652
-2442
-4559
-5541
-5668
-4664
-1999
-545
-695
-1505
-1391
-1180
-392
1201
1994
872
-932
-1521
-1536
-935
-308
-942
-3060
-4298
-3941
-2990
-2398
-2274
-2889
-3681
-3378
-1730
34
781
652
479
665
1784
3274
3698
2788
1874
1593
1825
2114
1761
860
-24
-424
-643
-725
-956
-1212
-1582
-1998
-1872
-994
23
457
625
838
1624
2925
3956
4002
3716
3842
4243
5022
5638
6023
5742
5851
4244
1347
1390
2927
2874
333
-1637
-4368
-5911
-4042
-2294
-3374
-5488
-5926
-5712
-3975
-1660
-985
-1685
-2076
-1471
-820
262
1505
1604
89
-960
-870
-742
-388
-277
-1424
-3275
-3551
-3019
-2594
-2304
-2571
-3304
-3693
-2687
-1251
65
373
130
232
954
2513
3521
3396
2343
1971
2163
2521
2467
1490
500
160
208
-111
-575
-1212
-1624
-1779
-1746
-1468
-924
-437
-144
270
767
1740
3002
3506
3314
3180
3638
4421
5181
5685
5529
5466
5335
5454
3406
1621
2225
2979
1580
-1223
-2553
-4622
-5054
-3385
-2734
-4597
-6248
-5750
-4909
-3138
-1645
-1823
-2655
-2317
-1189
-468
729
1229
364
-645
-610
-525
-295
-3
-677
-2030
-2865
-2971
-2761
-2304
-2299
-3050
-3782
-3538
-2091
-570
-115
-387
-468
270
1698
3022
3122
2335
1887
2144
2572
2508
1756
1039
768
495
129
-333
-1155
-1711
-1779
-1719
-1902
-1553
-1144
-738
-269
343
1226
2103
2897
2871
3047
3496
4406
5306
5837
5645
5649
5894
6332
5172
2752
2622
3444
2824
122
-1308
-3108
-4517
-3370
-2338
-3940
-6026
-5716
-5050
-3679
-2030
-2193
-3104
-2791
-1496
-767
356
877
405
-248
-333
-220
126
565
-133
-1388
-2392
-2564
-2278
-2040
-2343
-3200
-3902
-3848
-2448
-1037
-884
-1243
-1195
-330
1114
2464
2513
1810
1584
1980
2471
2510
2017
1402
1048
742
282
-97
-903
-1576
-1730
-1758
-2061
-1956
-1584
-1220
-799
-305
403
1253
1964
1951
2277
3137
4263
4983
5330
5151
5138
5784
6342
6663
4619
2288
2378
3368
2388
205
-1102
-3479
-4612
-3104
-2372
-4082
-5497
-5341
-4951
-3416
-2152
-2482
-2915
-2349
-1496
-761
223
701
526
-106
-403
-128
623
684
-125
-1349
-2190
-2148
-1805
-1806
-2382
-3239
-3829
-3067
-1565
-971
-1294
-1320
-831
164
1507
2283
2004
1548
1682
2155
2536
2628
2281
1676
1055
525
289
-48
-703
-1277
-1531
-1914
-2017
-1535
-1103
-867
-670
-271
404
1111
1611
1943
2643
3408
4124
4683
4836
4983
5562
6082
6371
5552
2956
2232
3492
3512
1196
-560
-2338
-4456
-3738
-2107
-3020
-5283
-5852
-5474
-4460
-2735
-2502
-3281
-3258
-2244
-1320
-525
333
358
-155
-489
-25
541
888
369
-689
-1556
-1688
-1399
-1631
-2151
-2848
-3121
-2841
-2044
-1557
-1585
-1494
-933
-59
664
1303
1544
1413
1534
1930
2375
2579
2451
1898
1232
953
754
570
-229
-1106
-1545
-1638
-1714
-1584
-1375
-1358
-1194
-872
-288
361
1029
1359
2014
2897
3574
4041
4516
4947
5254
5956
6511
6287
4032
2584
3538
4312
2717
497
-1147
-3354
-3615
-1860
-1774
-4363
-5903
-5512
-4649
-3119
-2262
-3189
-3890
-2890
-1609
-825
51
293
-267
-487
149
664
1016
772
-122
-924
-1253
-1157
-1218
-1667
-2266
-2455
-2463
-2443
-2027
-1512
-1189
-906
-520
-283
372
1210
1423
1313
1376
1675
1980
2259
1880
1174
832
706
515
-103
-1016
-1579
-1533
-1534
-1732
-1781
-1772
-1753
-1384
-1033
-553
157
731
1077
1852
2852
3458
3992
4267
4586
5260
6068
6236
5999
4473
2721
3225
4434
3233
596
-949
-2583
-3059
-1603
-1429
-3990
-5751
-5162
-4331
-3055
-2442
-3395
-4161
-3116
-1603
-884
-271
-221
-595
-414
425
951
984
620
30
-540
-792
-882
-1010
-1278
-1686
-2039
-2388
-2273
-1569
-874
-905
-1314
-1001
-151
702
1238
1178
792
1083
2033
2375
1962
1587
1247
957
968
742
-173
-919
-1084
-1070
-1175
-1388
-1628
-1824
-1712
-1534
-1060
-487
29
376
864
1421
2299
3225
3596
3720
4214
4908
5329
5753
6008
5165
3046
2606
3792
3972
1887
-298
-1610
-2707
-2228
-1220
-2181
-4873
-5568
-4508
-3561
-2813
-3004
-3991
-4016
-2473
-1484
-1278
-798
-623
-825
-194
508
470
517
333
-442
-918
-853
-909
-990
-1117
-1897
-2391
-1852
-1139
-979
-1215
-1281
-1056
-221
398
549
607
676
1087
1635
1765
1614
1521
1482
1013
813
628
188
-170
-438
-769
-996
-954
-1331
-1639
-1658
-1463
-1111
-411
-84
33
543
1179
1857
2708
3192
3335
3944
4472
4638
5123
5455
5329
4836
3307
2524
3380
3724
1608
-255
-1059
-2271
-2146
-1198
-2336
-4782
-4914
-4054
-3732
-3004
-3035
-3929
-3887
-2471
-1629
-1332
-776
-677
-670
-51
595
507
345
60
-251
-365
-465
-639
-843
-1064
-1406
-1601
-1606
-1456
-998
-814
-1072
-1146
-594
-34
410
800
614
435
961
1623
1659
1238
761
398
493
843
529
-141
-648
-823
-967
-1171
-1451
-1654
-1471
-1164
-840
-630
-369
157
878
1289
1606
2363
3091
3437
3670
3977
4148
4607
5071
5297
4555
2792
2334
3533
3803
1669
-104
-938
-1939
-1828
-992
-2101
-4492
-4875
-3985
-3476
-2998
-3161
-4108
-3969
-2427
-1540
-1448
-1078
-810
-720
-28
489
233
124
230
38
-149
-121
-301
-476
-730
-1109
-1374
-1126
-775
-673
-910
-1163
-677
152
327
179
387
594
925
1456
1437
832
691
872
884
891
851
269
-365
-615
-843
-952
-934
-1209
-1623
-1422
-981
-766
-608
-264
154
552
1054
1594
2215
2523
2684
3051
3607
3898
4213
4499
4502
4633
3846
2664
2932
3779
2640
641
-114
-1001
-1820
-1156
-1160
-3389
-4775
-4044
-3542
-3260
-3053
-3832
-4333
-3117
-1868
-1706
-1491
-1266
-1264
-786
49
49
-135
-70
-140
-222
-135
-405
-639
-794
-1120
-1235
-1088
-1035
-1119
-872
-861
-825
-423
17
56
330
639
597
754
976
961
955
1118
1061
796
641
325
-161
-414
-387
-459
-813
-1115
-1246
-985
-696
-611
-590
-351
168
633
932
1145
1490
2074
2629
2897
2999
3243
3718
4332
4635
4608
4374
3222
2582
3463
3785
2089
492
-71
-1233
-1774
-881
-1366
-3495
-4179
-3507
-3447
-3052
-2655
-3387
-3624
-2512
-1864
-1943
-1297
-787
-943
-771
-280
-168
103
351
-103
-486
-516
-733
-793
-758
-1023
-1431
-1339
-1247
-1139
-896
-755
-773
-545
-241
-196
100
299
453
560
704
761
843
723
288
210
376
280
-156
-361
-595
-739
-632
-599
-845
-825
-506
-423
-303
-16
403
617
957
1192
1531
2019
2504
2856
3054
3309
3548
4076
4384
4524
3975
2722
2698
3649
3314
1370
206
-373
-1225
-916
-537
-2085
-3925
-3652
-2867
-2807
-2630
-3015
-3796
-3293
-1972
-1599
-1677
-1394
-1271
-1048
-256
79
-140
-142
-182
-448
-390
-397
-821
-924
-909
-1193
-1306
-1072
-968
-844
-617
-711
-720
-311
-25
71
343
407
336
541
736
622
584
567
415
430
431
111
-186
-188
-302
-475
-503
-633
-653
-407
-350
-539
-371
165
524
646
668
911
1622
2263
2414
2462
2755
3131
3575
4074
4161
4157
4056
3079
2662
3366
3350
1875
855
272
-946
-980
-233
-1215
-3110
-3470
-3030
-3015
-2551
-2620
-3553
-3605
-2489
-1927
-1939
-1718
-1527
-1336
-697
-351
-707
-725
-353
-242
-503
-813
-1107
-948
-692
-816
-1163
-1250
-1082
-785
-539
-663
-739
-492
-228
-215
-169
-18
64
253
307
274
319
321
313
408
411
136
-102
-147
-130
-267
-412
-608
-675
-529
-458
-472
-374
6
285
396
529
925
1468
1881
2144
2320
2618
3091
3634
3919
3961
4068
4470
3954
3080
3388
3822
2879
1556
1131
174
-552
-62
-291
-2157
-3229
-2720
-2615
-2597
-2465
-3059
-3695
-2893
-1972
-1991
-1908
-1391
-1353
-1334
-731
-486
-427
-249
-421
-1000
-806
-425
-433
-787
-1086
-1376
-1186
-733
-727
-869
-914
-912
-900
-555
-388
-445
-303
-157
-122
19
198
235
182
281
282
188
97
7
-211
-395
-482
-617
-746
-922
-947
-809
-565
-427
-310
-203
-32
381
987
1356
1498
1798
2192
2519
2978
3566
3760
3823
4078
4546
4252
3360
3373
3788
3218
2066
1511
620
-444
-47
190
-1384
-2829
-2546
-2403
-2570
-2165
-2607
-3602
-3032
-1920
-2163
-2285
-1477
-1239
-1448
-928
-801
-948
-422
-53
-696
-981
-706
-615
-581
-730
-1225
-1275
-735
-648
-885
-1039
-1074
-823
-282
-299
-718
-528
-6
264
419
335
94
190
658
795
592
320
98
-19
-65
-192
-408
-594
-782
-962
-872
-714
-544
-493
-447
-277
39
539
892
1069
1231
1703
2269
2670
2943
3230
3576
4013
4423
4569
3778
3041
3489
3927
3102
1874
1301
407
-138
371
34
-1624
-2489
-2200
-2451
-2386
-1981
-2727
-3544
-2789
-2074
-2199
-1821
-1385
-1843
-1767
-812
-639
-810
-709
-877
-1205
-721
-495
-954
-1287
-1357
-1422
-1069
-795
-1135
-1353
-1072
-928
-756
-397
-399
-525
-150
152
24
103
401
503
435
372
181
194
305
193
-208
-577
-691
-672
-663
-852
-991
-953
-881
-702
-447
-201
-14
185
480
849
1342
1714
1962
2390
2893
3281
3535
3862
4142
4477
4681
3975
3334
3690
4002
3175
2242
1660
588
55
591
123
-1467
-2245
-2207
-2555
-2282
-1932
-2790
-3439
-2723
-2231
-2210
-1620
-1309
-1805
-1586
-775
-770
-724
-383
-632
-1242
-998
-724
-846
-987
-1207
-1563
-1382
-874
-866
-1108
-1179
-1132
-842
-366
-331
-535
-349
-9
92
245
422
312
193
328
386
254
112
-197
-580
-594
-388
-550
-952
-1223
-1131
-842
-628
-622
-748
-522
-131
269
575
835
1194
1611
2028
2377
2789
3313
3650
3735
3893
4355
4492
3766
3575
3792
3452
2745
2345
1482
160
216
512
-558
-1757
-2004
-2466
-2626
-1914
-2119
-3269
-3052
-2241
-2319
-2007
-1274
-1423
-1783
-1008
-751
-1042
-669
-437
-1135
-1339
-926
-1028
-1147
-1037
-1308
-1562
-1090
-840
-1056
-1052
-847
-849
-507
-141
-293
-271
187
438
356
563
673
459
437
562
420
116
36
-187
-610
-666
-618
-877
-1084
-1123
-1100
-1155
-943
-732
-657
-387
-85
138
463
913
1311
1699
2168
2539
2803
3225
3539
3834
4120
4492
4400
3692
3435
3741
3678
3051
2235
1392
441
417
706
-63
-1233
-1862
-2051
-2130
-1651
-1779
-2586
-2782
-2277
-2145
-1884
-1487
-1513
-1921
-1598
-1342
-1402
-1155
-1058
-1553
-1841
-1407
-1340
-1411
-1379
-1499
-1682
-1312
-963
-1044
-1099
-850
-720
-492
-160
-197
-82
229
361
254
486
563
299
287
291
-32
-219
-174
-484
-917
-914
-938
-1276
-1223
-1158
-1222
-1216
-1037
-888
-637
-188
30
200
526
964
1405
1902
2258
2614
2925
3307
3588
3882
4076
4317
4497
4017
3520
3595
3588
3162
2690
1961
1014
576
867
377
-400
-993
-1406
-1778
-1497
-1406
-1949
-2286
-2030
-2083
-2053
-1739
-1634
-1848
-1780
-1597
-1819
-1722
-1415
-1479
-1753
-1642
-1705
-1746
-1480
-1157
-1307
-1335
-1158
-995
-639
-256
-218
-351
-172
107
372
676
556
190
259
432
399
223
-18
-359
-538
-509
-729
-1025
-1209
-1304
-1357
-1359
-1313
-1304
-1197
-1073
-884
-620
-382
-99
162
398
823
1236
1443
1649
2021
2398
2724
3096
3147
3129
3439
3839
3919
3565
3257
3151
3145
3049
2652
2124
1461
1005
1034
655
30
-463
-680
-1167
-1389
-1358
-1667
-2008
-1841
-1997
-2353
-2298
-1829
-1854
-2014
-1986
-2185
-2102
-1691
-1495
-1740
-1724
-1669
-1530
-1228
-944
-1048
-914
-541
-443
-361
-65
119
82
300
363
243
344
380
202
22
15
-170
-313
-354
-617
-916
-944
-1030
-1267
-1340
-1228
-1267
-1266
-1114
-1139
-1113
-822
-414
-275
-113
106
273
519
968
1179
1235
1500
1813
2016
2276
2562
2611
2831
3146
3324
3341
3402
3342
3317
3235
3050
2821
2635
2244
1698
1411
978
585
298
-82
-685
-970
-1165
-1496
-1772
-1858
-2130
-2239
-2190
-2323
-2382
-2339
-2164
-2236
-2223
-2211
-2260
-1782
-1636
-1421
-1465
-1325
-1168
-971
-637
-524
-285
-66
170
130
-27
-46
53
166
201
101
-158
-421
-489
-562
-637
-827
-984
-1068
-1086
-1156
-1185
-1156
-1200
-1226
-1043
-868
-763
-524
-353
-265
-104
158
386
559
702
841
1044
1336
1511
1675
1837
2044
2349
2620
2802
2934
3258
3501
3597
3601
3546
3398
3363
3289
3077
2622
2144
1755
1323
916
476
17
-494
-979
-1349
-1602
-1929
-2108
-2333
-2493
-2683
-2638
-2675
-2741
-2665
-2516
-2323
-2227
-2156
-2155
-1942
-1566
-1296
-1125
-989
-861
-641
-289
-101
-91
-120
-17
79
148
107
-127
-319
-440
-442
-533
-714
-863
-1008
-1088
-1076
-1095
-1162
-1183
-1127
-1100
-1034
-920
-793
-665
-467
-359
-257
-54
106
249
365
530
644
859
1017
1180
1371
1630
1956
2262
2527
2723
3026
3380
3710
3912
3968
3941
3910
3870
3768
3538
3233
2771
2332
1804
1215
680
198
-279
-761
-1242
-1657
-2094
-2375
-2487
-2619
-2749
-2876
-2855
-2879
-2742
-2528
-2384
-2302
-2171
-2011
-1819
-1526
-1270
-1158
-1056
-861
-638
-376
-165
-137
-164
-99
-4
60
14
-158
-357
-469
-505
-590
-705
-875
-991
-1017
-1000
-1097
-1162
-1165
-1162
-1134
-1027
-999
-970
-814
-653
-590
-494
-311
-182
-33
96
170
268
532
736
898
1071
1297
1627
2055
2389
2571
2789
3107
3502
3872
4074
4064
4037
3987
3885
3734
3505
3091
2648
2191
1579
981
525
66
-484
-920
-1339
-1779
-2095
-2262
-2498
-2641
-2634
-2655
-2729
-2694
-2558
-2414
-2175
-2022
-1986
-1900
-1660
-1444
-1263
-1134
-1052
-928
-687
-464
-374
-322
-292
-269
-263
-240
-278
-348
-440
-563
-654
-714
-746
-809
-862
-958
-976
-944
-897
-941
-963
-978
-914
-813
-711
-665
-624
-525
-406
-216
-114
-45
35
235
433
680
878
1017
1184
1525
1904
2192
2464
2704
2942
3233
3587
3784
3951
4077
4078
3899
3711
3483
3215
2954
2539
1934
1294
833
357
-77
-557
-1008
-1460
-1754
-2039
-2304
-2468
-2500
-2505
-2560
-2620
-2628
-2418
-2183
-2012
-2003
-1932
-1807
-1535
-1333
-1253
-1251
-1114
-889
-694
-579
-566
-542
-458
-347
-365
-429
-492
-518
-534
-530
-600
-723
-791
-809
-827
-835
-831
-895
-928
-896
-854
-873
-867
-852
-827
-725
-598
-553
-533
-409
-266
-113
46
184
310
570
867
1082
1304
1564
1844
2167
2546
2783
2964
3184
3412
3620
3863
3982
3872
3700
3506
3297
3122
2908
2444
1868
1356
911
471
84
-389
-868
-1215
-1459
-1731
-1977
-2134
-2232
-2228
-2194
-2227
-2292
-2208
-2062
-1890
-1763
-1684
-1649
-1552
-1410
-1265
-1146
-1036
-950
-892
-818
-703
-586
-542
-547
-588
-635
-614
-538
-564
-699
-777
-780
-797
-792
-794
-917
-990
-903
-840
-913
-950
-945
-966
-926
-823
-815
-835
-705
-564
-504
-408
-238
-86
105
331
535
751
1066
1390
1658
1903
2206
2538
2865
3106
3258
3415
3623
3865
4008
3959
3765
3585
3413
3205
2928
2575
2092
1583
1109
619
143
-203
-559
-977
-1357
-1649
-1882
-1998
-2052
-2160
-2261
-2261
-2239
-2212
-2140
-2037
-1937
-1810
-1725
-1705
-1636
-1485
-1342
-1270
-1216
-1147
-1038
-920
-833
-837
-844
-801
-704
-687
-741
-772
-742
-718
-703
-733
-807
-848
-778
-731
-793
-854
-888
-897
-890
-851
-873
-912
-896
-827
-716
-576
-472
-395
-309
-153
94
375
582
722
924
1226
1578
1912
2150
2319
2574
2924
3208
3376
3484
3594
3748
3910
3887
3642
3346
3152
2984
2745
2357
1815
1231
788
452
81
-334
-734
-1106
-1434
-1647
-1810
-1936
-1999
-2019
-2113
-2195
-2167
-2062
-1947
-1813
-1763
-1770
-1679
-1497
-1383
-1347
-1294
-1230
-1126
-974
-873
-906
-910
-830
-749
-727
-722
-747
-759
-709
-654
-664
-701
-693
-641
-612
-626
-668
-718
-757
-756
-764
-803
-875
-904
-892
-849
-770
-699
-644
-577
-432
-239
-49
107
265
461
745
1056
1319
1527
1758
2077
2438
2726
2897
3031
3223
3482
3715
3788
3669
3497
3376
3255
3049
2763
2357
1887
1438
1020
582
191
-118
-464
-855
-1183
-1433
-1622
-1707
-1784
-1901
-1987
-1975
-1955
-1952
-1907
-1840
-1748
-1644
-1573
-1587
-1578
-1485
-1383
-1318
-1272
-1250
-1219
-1150
-1061
-1041
-1044
-1021
-980
-924
-872
-821
-823
-832
-787
-686
-599
-541
-543
-613
-652
-598
-545
-583
-671
-762
-805
-751
-668
-667
-688
-625
-489
-331
-152
5
160
389
674
935
1165
1430
1721
2012
2329
2615
2842
3052
3271
3459
3628
3799
3887
3845
3720
3541
3329
3131
2902
2542
2060
1548
1064
636
286
-64
-473
-874
-1213
-1493
-1693
-1836
-1971
-2088
-2137
-2131
-2136
-2135
-2113
-2049
-1933
-1811
-1757
-1771
-1764
-1692
-1595
-1528
-1517
-1525
-1486
-1388
-1290
-1264
-1269
-1233
-1145
-1024
-939
-905
-894
-841
-723
-610
-539
-505
-497
-497
-495
-511
-546
-577
-616
-676
-744
-787
-777
-734
-688
-643
-594
-485
-309
-106
111
307
523
790
1094
1377
1643
1922
2219
2531
2806
3010
3157
3340
3564
3742
3824
3801
3683
3519
3355
3147
2863
2527
2136
1653
1145
688
283
-74
-406
-783
-1191
-1514
-1717
-1855
-1979
-2073
-2151
-2178
-2157
-2114
-2077
-2008
-1875
-1751
-1672
-1630
-1576
-1503
-1406
-1329
-1294
-1267
-1191
-1087
-1035
-1012
-976
-880
-764
-651
-587
-563
-490
-354
-269
-258
-250
-233
-208
-214
-267
-409
-515
-530
-551
-643
-768
-858
-900
-831
-768
-763
-772
-690
-538
-345
-128
54
244
489
791
1061
1343
1616
1901
2193
2488
2731
2923
3136
3310
3479
3607
3674
3603
3458
3275
3070
2864
2609
2248
1769
1303
855
463
98
-265
-655
-1014
-1318
-1599
-1817
-1964
-2035
-2112
-2158
-2223
-2256
-2211
-2100
-2006
-1969
-1915
-1869
-1763
-1674
-1606
-1581
-1519
-1406
-1301
-1235
-1219
-1166
-1065
-901
-793
-733
-697
-612
-481
-360
-302
-306
-285
-265
-241
-281
-358
-462
-521
-566
-642
-723
-808
-848
-856
-821
-803
-729
-625
-489
-356
-191
21
254
544
810
1064
1292
1583
1880
2184
2474
2720
2950
3152
3351
3497
3667
3786
3835
3772
3653
3475
3262
3062
2775
2419
1999
1565
1082
642
219
-173
-541
-887
-1237
-1592
-1827
-1989
-2048
-2123
-2199
-2295
-2323
-2260
-2192
-2125
-2089
-2020
-1956
-1862
-1823
-1786
-1729
-1618
-1513
-1450
-1408
-1390
-1292
-1173
-1040
-979
-917
-855
-750
-631
-551
-507
-487
-439
-426
-401
-439
-484
-548
-600
-663
-735
-782
-847
-869
-896
-877
-857
-762
-643
-507
-356
-195
19
258
563
821
1082
1324
1590
1863
2168
2459
2686
2899
3071
3243
3381
3528
3599
3629
3597
3500
3345
3141
2928
2638
2347
1983
1563
1107
693
293
-75
-414
-770
-1105
-1408
-1625
-1825
-1938
-2032
-2092
-2139
-2159
-2171
-2154
-2068
-1989
-1890
-1847
-1790
-1751
-1652
-1546
-1462
-1407
-1360
-1284
-1208
-1096
-1034
-958
-903
-801
-721
-638
-571
-534
-490
-471
-436
-434
-427
-464
-492
-558
-614
-670
-722
-769
-833
-855
-880
-856
-824
-760
-692
-569
-422
-245
-59
140
369
601
885
1141
1404
1648
1915
2175
2438
2671
2851
3026
3176
3335
3434
3495
3470
3408
3302
3163
2971
2724
2459
2132
1784
1395
1001
595
231
-118
-469
-800
-1108
-1373
-1606
-1782
-1933
-2035
-2108
-2147
-2186
-2195
-2163
-2105
-2027
-1978
-1917
-1857
-1756
-1663
-1587
-1535
-1466
-1373
-1269
-1180
-1120
-1055
-985
-879
-811
-737
-691
-627
-572
-542
-525
-532
-514
-527
-550
-617
-655
-713
-757
-810
-862
-880
-871
-830
-815
-760
-698
-555
-406
-230
-57
142
381
628
892
1119
1384
1635
1929
2176
2409
2616
2829
3031
3193
3318
3394
3467
3480
3470
3359
3230
3053
2861
2618
2307
1964
1600
1255
871
494
96
-247
-582
-883
-1185
-1457
-1675
-1836
-1942
-2044
-2103
-2145
-2126
-2102
-2051
-2013
-1953
-1873
-1784
-1701
-1658
-1600
-1545
-1453
-1398
-1345
-1309
-1243
-1172
-1114
-1065
-1025
-945
-858
-775
-742
-706
-685
-640
-615
-618
-636
-673
-689
-728
-781
-850
-876
-885
-875
-875
-875
-824
-727
-598
-463
-298
-110
119
351
578
818
1081
1358
1631
1884
2108
2348
2582
2797
2960
3104
3231
3337
3407
3413
3387
3321
3246
3104
2916
2685
2421
2136
1814
1456
1062
702
341
4
-348
-677
-970
-1231
-1461
-1672
-1839
-1964
-2026
-2083
-2103
-2113
-2087
-2032
-1966
-1912
-1846
-1773
-1721
-1647
-1604
-1541
-1476
-1395
-1342
-1296
-1247
-1192
-1117
-1052
-981
-922
-836
-760
-702
-670
-622
-587
-553
-542
-576
-611
-636
-650
-681
-711
-747
-751
-744
-724
-699
-647
-557
-437
-283
-121
62
257
488
712
941
1181
1417
1647
1877
2105
2313
2527
2702
2846
2964
3059
3121
3161
3155
3108
3046
2947
2804
2602
2368
2115
1836
1530
1185
814
467
145
-179
-490
-804
-1097
-1327
-1522
-1702
-1849
-1958
-2018
-2023
-2021
-2008
-1973
-1898
-1790
-1694
-1629
-1575
-1512
-1437
-1348
-1291
-1245
-1190
-1144
-1100
-1070
-1052
-1030
-974
-924
-882
-849
-818
-780
-742
-714
-708
-711
-720
-739
-779
-800
-816
-832
-825
-838
-847
-818
-764
-701
-618
-511
-372
-189
8
204
422
669
929
1176
1407
1629
1857
2089
2321
2507
2667
2826
2956
3065
3134
3153
3147
3139
3091
3003
2871
2685
2502
2302
2052
1767
1438
1102
775
446
117
-221
-536
-814
-1069
-1314
-1527
-1712
-1851
-1935
-1998
-2038
-2042
-2018
-1972
-1897
-1837
-1783
-1719
-1668
-1609
-1548
-1496
-1448
-1403
-1364
-1326
-1298
-1266
-1228
-1202
-1161
-1109
-1075
-1024
-963
-924
-874
-827
-797
-776
-771
-779
-759
-742
-741
-740
-737
-716
-686
-639
-584
-524
-423
-280
-147
-2
173
372
592
835
1049
1249
1460
1674
1897
2091
2267
2423
2577
2715
2817
2884
2923
2958
2968
2944
2875
2772
2661
2519
2347
2158
1921
1652
1386
1097
792
495
198
-88
-356
-626
-879
-1090
-1280
-1445
-1585
-1695
-1776
-1831
-1847
-1849
-1835
-1794
-1750
-1730
-1697
-1644
-1608
-1553
-1504
-1492
-1469
-1435
-1391
-1361
-1345
-1319
-1283
-1239
-1200
-1172
-1137
-1080
-1019
-965
-926
-906
-877
-845
-817
-794
-769
-745
-725
-685
-649
-602
-542
-468
-366
-260
-143
2
162
342
539
746
956
1159
1369
1576
1769
1956
2146
2317
2464
2606
2718
2802
2876
2920
2925
2912
2866
2798
2699
2586
2452
2282
2086
1859
1610
1344
1069
782
491
202
-89
-360
-618
-863
-1086
-1273
-1449
-1596
-1712
-1807
-1868
-1908
-1914
-1910
-1902
-1869
-1831
-1799
-1757
-1714
-1684
-1654
-1617
-1584
-1565
-1538
-1500
-1468
-1443
-1405
-1355
-1319
-1270
-1209
-1149
-1089
-1025
-967
-915
-855
-794
-741
-696
-648
-600
-557
-503
-445
-383
-312
-238
-148
-44
68
191
329
476
628
787
966
1139
1307
1494
1659
1807
1959
2104
2233
2344
2457
2543
2596
2644
2682
2686
2663
2627
2563
2475
2373
2246
2088
1906
1707
1492
1260
1021
772
516
260
4
-240
-475
-700
-905
-1088
-1257
-1399
-1515
-1610
-1689
-1749
-1781
-1800
-1815
-1809
-1797
-1797
-1783
-1755
-1733
-1717
-1692
-1659
-1635
-1613
-1575
-1541
-1513
-1459
-1406
-1360
-1306
-1240
-1182
-1125
-1060
-993
-935
-878
-813
-753
-704
-642
-577
-517
-459
-387
-312
-233
-139
-42
72
196
332
475
630
788
939
1114
1270
1428
1591
1747
1881
2004
2132
2232
2311
2378
2438
2465
2469
2470
2442
2384
2314
2229
2107
1967
1820
1652
1463
1273
1073
848
630
400
175
-41
-248
-450
-642
-814
-981
-1128
-1254
-1357
-1450
-1518
-1571
-1611
-1636
-1642
-1645
-1644
-1626
-1605
-1588
-1563
-1527
-1510
-1485
-1449
-1427
-1405
-1372
-1332
-1304
-1262
-1212
-1170
-1132
-1076
-1023
-979
-925
-867
-815
-760
-692
-632
-564
-497
-422
-355
-276
-178
-88
19
135
249
374
508
645
777
922
1070
1208
1357
1498
1622
1741
1860
1958
2032
2108
2159
2187
2205
2209
2182
2134
2081
2002
1895
1788
1668
1521
1359
1198
1017
826
649
465
279
97
-82
-267
-437
-589
-737
-870
-982
-1078
-1164
-1228
-1282
-1331
-1363
-1372
-1382
-1391
-1389
-1380
-1373
-1356
-1339
-1333
-1315
-1299
-1288
-1276
-1252
-1238
-1232
-1206
-1180
-1156
-1142
-1111
-1084
-1052
-1002
-961
-919
-873
-821
-775
-718
-660
-603
-547
-476
-398
-325
-232
-138
-41
65
182
303
425
558
692
827
975
1116
1254
1389
1518
1634
1746
1850
1928
1996
2057
2100
2115
2119
2112
2072
2017
1959
1878
1785
1677
1551
1411
1263
1114
949
790
638
469
298
143
-13
-161
-296
-428
-556
-671
-761
-848
-927
-982
-1040
-1092
-1136
-1162
-1190
-1218
-1234
-1263
-1286
-1295
-1307
-1324
-1336
-1346
-1364
-1376
-1380
-1385
-1394
-1386
-1380
-1376
-1351
-1329
-1311
-1279
-1234
-1200
-1158
-1102
-1050
-993
-920
-856
-789
-704
-614
-523
-418
-303
-188
-62
82
226
369
529
693
856
1012
1172
1328
1469
1606
1733
1844
1941
2031
2096
2137
2173
2181
2172
2150
2109
2046
1974
1894
1793
1689
1572
1449
1322
1190
1049
903
764
626
481
328
198
62
-73
-196
-317
-425
-527
-616
-700
-772
-837
-900
-956
-1005
-1047
-1091
-1129
-1157
-1205
-1244
-1279
-1313
-1340
-1372
-1401
-1433
-1460
-1471
-1490
-1501
-1496
-1498
-1487
-1464
-1438
-1404
-1360
-1308
-1253
-1200
-1137
-1073
-1009
-933
-859
-774
-681
-579
-469
-354
-224
-96
46
189
341
498
655
813
965
1115
1252
1375
1486
1597
1690
1766
1824
1871
1905
1920
1925
1916
1896
1869
1837
1787
1730
1670
1593
1516
1431
1337
1232
1119
1004
887
764
647
524
397
283
172
57
-53
-159
-256
-342
-422
-496
-568
-637
-708
-775
-834
-902
-961
-1017
-1077
-1145
-1202
-1258
-1319
-1373
-1424
-1463
-1501
-1532
-1558
-1567
-1571
-1576
-1565
-1561
-1541
-1517
-1485
-1445
-1404
-1355
-1302
-1242
-1180
-1109
-1024
-934
-834
-726
-611
-493
-366
-225
-80
70
221
372
514
659
801
932
1055
1172
1277
1373
1461
1542
1607
1655
1698
1735
1760
1775
1776
1774
1761
1737
1701
1651
1605
1543
1478
1405
1329
1241
1148
1052
955
857
755
654
545
448
351
260
171
76
-13
-102
-183
-267
-345
-429
-514
-590
-666
-740
-818
-892
-972
-1035
-1103
-1161
-1217
-1273
-1321
-1375
-1410
-1441
-1460
-1483
-1501
-1507
-1516
-1507
-1500
-1483
-1459
-1430
-1392
-1348
-1296
-1236
-1168
-1094
-1018
-929
-838
-740
-636
-524
-397
-274
-151
-20
100
231
353
479
602
710
826
927
1028
1116
1203
1277
1343
1400
1442
1487
1507
1531
1540
1548
1542
1538
1524
1497
1470
1427
1389
1330
1281
1219
1158
1090
1013
946
867
791
707
631
541
457
374
288
212
126
51
-43
-124
-208
-291
-376
-466
-553
-642
-717
-805
-886
-969
-1042
-1117
-1189
-1243
-1305
-1356
-1408
-1445
-1472
-1493
-1508
-1518
-1522
-1521
-1499
-1484
-1445
-1405
-1358
-1304
-1239
-1170
-1097
-1001
-918
-814
-718
-611
-496
-378
-253
-131
-1
115
240
354
470
580
689
794
883
975
1051
1125
1186
1243
1287
1331
1366
1391
1408
1412
1418
1410
1406
1391
1372
1347
1318
1288
1239
1206
1160
1113
1055
1003
952
896
843
779
713
635
563
485
409
329
252
172
76
-11
-107
-195
-290
-382
-481
-575
-665
-759
-835
-929
-1003
-1078
-1149
-1217
-1281
-1324
-1375
-1407
-1440
-1460
-1480
-1486
-1487
-1483
-1463
-1441
-1400
-1369
-1319
-1264
-1198
-1125
-1047
-958
-874
-773
-683
-573
-463
-359
-249
-139
-25
86
197
297
394
485
570
648
728
810
865
923
972
1017
1054
1085
1102
1121
1140
1142
1141
1133
1134
1124
1120
1111
1096
1086
1060
1050
1022
1000
969
941
905
866
835
779
742
678
633
572
514
453
376
309
223
153
68
-2
-94
-169
-256
-334
-424
-518
-586
-677
-740
-826
-887
-963
-1020
-1076
-1122
-1156
-1208
-1230
-1263
-1269
-1288
-1291
-1287
-1268
-1247
-1211
-1167
-1124
-1056
-999
-919
-857
-774
-687
-599
-506
-414
-312
-221
-119
-26
58
130
212
284
351
415
476
527
566
612
640
669
692
706
722
738
751
759
773
775
776
782
784
790
792
794
792
794
798
794
790
773
765
754
736
724
695
668
626
594
549
501
456
397
348
282
226
159
97
20
-47
-121
-198
-269
-362
-422
-509
-566
-640
-697
-759
-822
-880
-941
-976
-1034
-1058
-1098
-1107
-1131
-1125
-1127
-1114
-1087
-1064
-1004
-973
-900
-853
-769
-706
-624
-540
-454
-361
-281
-178
-103
0
64
166
226
308
375
433
490
530
586
605
653
661
702
704
728
725
733
735
730
735
706
714
690
701
683
690
667
663
649
633
624
600
593
559
558
513
507
466
444
406
374
344
297
268
203
174
109
77
7
-35
-90
-142
-194
-260
-313
-377
-415
-485
-516
-583
-611
-667
-706
-739
-775
-803
-840
-843
-869
-864
-887
-866
-867
-845
-827
-805
-767
-735
-679
-643
-580
-538
-461
-405
-325
-270
-206
-134
-69
5
60
140
182
255
294
347
382
424
463
482
516
518
545
543
566
567
575
573
568
570
559
560
543
551
532
535
517
514
503
487
481
460
454
429
410
371
358
328
306
277
242
204
163
137
93
62
5
-31
-89
-125
-165
-206
-242
-285
-316
-367
-378
-425
-439
-474
-492
-514
-530
-541
-560
-552
-565
-550
-562
-545
-541
-513
-496
-468
-441
-418
-377
-350
-299
-284
-226
-197
-150
-117
-70
-23
4
51
71
123
142
188
203
236
251
264
282
280
296
287
308
300
316
308
316
311
321
326
327
343
338
356
344
364
352
368
360
365
367
369
375
354
358
336
341
311
312
278
264
233
189
155
103
73
12
-26
-89
-117
-172
-210
-249
-288
-327
-371
-387
-433
-450
-486
-500
-526
-528
-540
-541
-538
-539
-515
-517
-486
-475
-434
-417
-388
-363
-339
-306
-282
-248
-228
-194
-175
-135
-116
-82
-68
-41
-17
1
31
33
64
67
90
92
101
109
117
132
138
158
160
182
192
217
229
253
266
283
300
313
340
350
376
376
393
393
411
420
427
436
425
427
407
404
384
370
336
309
267
228
194
148
116
69
41
-9
-43
-89
-129
-171
-207
-234
-275
-305
-339
-350
-374
-384
-402
-404
-413
-419
-410
-408
-387
-373
-351
-340
-316
-303
-282
-266
-245
-230
-214
-195
-184
-167
-155
-126
-113
-83
-69
-47
-26
-14
2
9
34
44
62
69
91
98
117
134
154
182
202
231
246
278
289
315
326
346
356
363
380
383
399
401
418
409
423
418
420
407
385
384
354
342
310
284
248
218
182
149
114
78
53
16
-9
-46
-74
-110
-136
-167
-195
-226
-252
-276
-302
-321
-349
-360
-376
-377
-390
-391
-396
-397
-391
-395
-391
-395
-379
-382
-372
-366
-357
-340
-330
-308
-292
-268
-253
-223
-204
-177
-156
-133
-111
-83
-49
-36
-15
2
27
45
72
98
125
141
165
183
203
232
241
262
264
280
288
304
308
316
323
320
322
315
326
325
324
312
309
292
280
271
250
234
212
199
179
166
140
121
97
75
51
26
10
-12
-34
-67
-88
-118
-139
-160
-180
-202
-220
-237
-255
-262
-273
-279
-289
-297
-302
-301
-310
-314
-314
-312
-305
-298
-288
-280
-274
-270
-255
-245
-232
-220
-202
-182
-168
-148
-130
-114
-104
-85
-59
-34
-16
2
24
40
60
84
101
117
133
147
162
180
201
215
227
237
238
251
257
265
274
275
284
282
286
286
286
294
283
280
276
264
246
236
229
218
209
198
184
163
149
136
113
94
71
55
28
9
-9
-27
-48
-66
-87
-103
-121
-144
-159
-180
-185
-200
-209
-221
-232
-233
-242
-248
-255
-262
-269
-271
-276
-275
-269
-264
-258
-248
-248
-240
-228
-221
-209
-200
-188
-175
-162
-147
-132
-111
-95
-73
-56
-36
-19
2
21
29
45
63
89
103
118
133
149
166
181
196
199
209
214
221
223
230
238
243
252
251
251
252
246
244
239
233
227
217
206
197
183
174
165
152
139
129
111
93
76
55
43
23
19
8
-12
-25
-40
-55
-71
-85
-98
-111
-128
-133
-142
-148
-155
-167
-176
-181
-183
-189
-194
-198
-202
-203
-206
-206
-201
-193
-187
-177
-172
-158
-153
-141
-132
-121
-110
-108
-91
-78
-71
-54
-38
-22
-12
2
12
19
25
32
45
56
76
85
97
109
114
124
125
133
130
134
136
137
136
134
138
139
148
145
149
139
128
125
113
107
97
92
85
83
81
64
54
51
40
31
21
6
-8
-17
-31
-35
-43
-50
-60
-70
-74
-80
-84
-95
-105
-112
-117
-127
-132
-134
-134
-128
-126
-119
-114
-112
-114
-115
-119
-118
-113
-103
-101
-100
-89
-73
-60
-57
-50
-44
-39
-34
-29
-21
-18
-14
-9
10
22
30
44
49
59
62
64
69
74
80
84
86
95
108
120
126
129
128
122
123
120
117
115
112
115
109
106
105
102
96
84
80
69
55
49
40
32
22
13
9
-2
-4
-20
-32
-41
-57
-66
-77
-85
-89
-93
-96
-94
-104
-106
-110
-119
-123
-125
-130
-136
-137
-136
-128
-121
-116
-112
-102
-100
-94
-90
-90
-88
-86
-76
-66
-61
-53
-48
-35
-21
-10
-5
-3
3
0
6
16
24
34
41
49
59
66
77
85
93
101
111
107
111
125
132
148
151
162
166
166
167
170
171
164
159
157
150
156
153
148
144
134
128
113
102
83
73
61
41
30
17
4
-10
-7
-13
-24
-36
-45
-61
-82
-90
-103
-113
-109
-115
-118
-118
-123
-123
-126
-131
-132
-137
-141
-139
-137
-137
-140
-145
-144
-137
-132
-132
-131
-134
-138
-133
-130
-132
-125
-117
-110
-99
-91
-86
-75
-60
-54
-50
-40
-27
-10
2
11
29
45
61
80
97
112
124
133
140
152
163
182
194
200
204
207
212
209
220
212
203
199
192
189
180
171
157
151
140
136
123
107
93
77
68
60
54
42
35
26
19
12
4
-3
-10
-17
-23
-27
-37
-42
-54
-63
-69
-74
-80
-93
-100
-103
-106
-116
-126
-138
-140
-146
-153
-152
-160
-164
-178
-181
-187
-191
-182
-189
-187
-190
-188
-182
-169
-163
-162
-149
-143
-129
-119
-103
-87
-74
-61
-46
-29
-17
-2
17
35
48
61
75
82
87
102
108
120
130
133
139
142
143
143
142
137
140
138
137
133
135
130
127
123
117
111
107
108
107
104
95
91
91
89
82
71
70
62
54
49
47
45
37
27
19
10
-3
-10
-23
-27
-37
-46
-52
-68
-69
-76
-88
-105
-115
-125
-136
-140
-146
-145
-151
-155
-156
-165
-160
-159
-163
-154
-149
-137
-128
-120
-113
-107
-93
-78
-67
-54
-41
-27
-15
-6
11
19
30
42
47
55
61
69
68
71
80
81
81
83
86
81
78
76
72
67
63
60
56
55
54
53
52
51
54
52
55
54
53
48
45
46
42
45
47
48
47
44
42
39
36
33
33
27
24
15
6
4
1
0
-9
-13
-25
-29
-34
-41
-44
-47
-45
-44
-49
-53
-55
-56
-53
-53
-51
-46
-46
-44
-35
-36
-28
-26
-24
-26
-22
-14
-20
-12
-12
-5
1
8
10
8
10
8
12
14
11
7
12
13
11
9
13
16
18
15
15
19
15
15
12
13
17
13
7
6
4
1
7
9
10
7
3
12
8
4
0
1
1
0
6
3
0
-4
0
4
2
0
-6
-8
-3
-10
-6
-4
-4
-3
-7
-11
-13
-8
-9
-10
-10
-15
-19
-23
-23
-25
-22
-15
-20
-21
-18
-16
-14
-16
-12
-18
-16
-19
-16
-10
-12
-13
-18
-17
-13
-12
-14
-13
-13
-14
-14
-17
-17
-16
-12
-18
-12
-8
-12
-10
-9
-4
-7
0
-4
-2
3
0
1
1
9
9
2
0
2
0
5
7
5
8
7
7
5
10
12
11
14
18
25
23
23
19
20
19
19
22
18
13
13
20
17
15
8
4
0
-8
-11
-10
-7
-6
0
-4
-6
-3
-4
-4
-5
-5
-6
-12
-18
-18
-17
-17
-21
-22
-24
-29
-21
-22
-27
-24
-25
-21
-20
-24
-15
-10
-13
-17
-23
-17
-19
-15
-15
-12
-16
-14
-7
-6
-1
-6
-3
-4
5
11
10
13
8
16
14
15
16
19
17
17
18
16
17
14
17
19
23
21
21
28
29
30
28
35
43
44
45
43
39
38
33
34
30
21
25
22
22
21
18
19
7
5
-1
2
10
10
6
0
-6
-10
-12
-20
-21
-21
-24
-29
-32
-37
-41
-40
-38
-38
-37
-39
-33
-29
-32
-23
-21
-26
-20
-21
-20
-19
-18
-14
-19
-20
-20
-20
-19
-17
-15
-15
-13
0
8
14
19
21
22
24
28
32
25
22
29
29
30
31
34
31
32
32
34
37
39
38
43
53
54
53
51
54
53
53
52
47
44
36
35
35
30
26
21
16
6
11
3
-3
-7
-12
-13
-7
-9
-13
-13
-18
-18
-21
-21
-25
-30
-35
-40
-44
-47
-53
-55
-52
-53
-50
-44
-42
-39
-31
-30
-34
-36
-36
-28
-25
-22
-23
-25
-27
-24
-24
-21
-17
-18
-12
-11
-9
-8
0
2
5
14
13
19
22
22
23
27
28
20
21
22
15
14
16
20
23
24
24
25
27
27
30
31
37
34
31
30
27
23
20
20
11
12
7
2
-6
-8
-7
-13
-17
-16
-14
-15
-13
-13
-13
-15
-13
-18
-17
-21
-20
-22
-24
-32
-46
-42
-47
-40
-41
-41
-43
-43
-38
-37
-35
-38
-34
-35
-31
-29
-30
-26
-28
-25
-18
-20
-16
-15
-13
-9
-10
-5
-2
-4
3
7
10
18
15
21
29
28
30
28
25
31
37
34
31
30
30
33
35
35
35
35
33
31
34
38
36
35
30
25
22
17
18
17
14
9
2
0
-3
-7
-8
-5
-5
-11
-16
-22
-22
-23
-19
-16
-15
-9
-11
-20
-21
-19
-15
-18
-18
-18
-25
-23
-25
-18
-20
-17
-10
-12
-10
-8
-3
-3
-7
-6
-5
-5
-2
-3
2
4
6
11
15
20
19
15
14
11
12
12
18
18
12
17
18
16
11
15
9
6
10
11
11
12
19
19
15
13
8
2
0
5
6
6
14
8
8
11
8
9
3
4
3
1
5
2
-4
-6
0
0
3
1
-1
-2
-4
-6
-7
1
-2
-6
-8
-7
-4
-3
-6
-7
-12
-12
-3
-3
2
-2
-3
6
7
7
8
11
11
9
11
12
8
8
8
10
13
3
2
2
3
2
-3
-3
-3
-3
-4
-7
-4
-4
-3
-6
-6
0
-1
4
2
1
3
2
0
0
3
3
7
10
5
6
6
7
5
9
6
4
1
3
4
3
0
-2
4
1
-1
1
-6
-6
-8
-6
-11
-15
-14
-16
-12
-16
-19
-13
-13
-12
-8
-15
-13
-7
-13
-14
-11
-12
-14
-11
-12
-12
-15
-20
-19
-20
-16
-11
-8
-10
-11
-10
-8
-5
-9
-9
-11
-9
-6
-9
-9
-8
-8
-6
-4
1
1
-3
0
3
3
7
7
10
10
1
1
-5
-5
0
2
-1
-2
-1
-5
-4
-2
1
-4
-1
-4
1
-1
-5
-2
-5
4
-3
0
-3
-3
0
2
-2
-13
-6
-13
-9
-6
-4
-8
-8
-6
-11
-6
-14
-9
-9
-9
-11
-12
-11
-14
-12
-13
-12
-13
-12
-5
3
3
-7
-7
-4
-6
-3
-2
1
4
0
0
-1
-5
-12
-14
-11
-11
-9
-12
-12
-8
1
2
8
9
6
5
-1
3
7
14
16
10
13
14
18
19
17
20
16
15
13
12
14
14
13
13
13
15
18
20
22
17
9
10
6
3
7
7
4
0
0
-2
2
3
-1
-3
-5
-1
-2
-1
-6
-10
-6
-4
-9
-8
0
2
4
1
1
6
7
6
6
5
1
1
4
5
6
5
3
3
3
5
8
8
14
10
8
4
7
6
6
4
5
10
9
5
3
2
-2
0
2
0
-5
-1
-2
-6
-1
-8
-12
-6
-8
-8
-7
-11
-10
-8
-7
-4
-4
-7
-8
-7
-8
-6
-4
0
-2
0
6
9
10
6
2
-2
-3
4
3
3
7
9
8
8
4
1
-1
-5
-1
-1
-6
-3
-4
-2
2
0
0
-3
-5
-1
-3
1
0
4
3
-2
2
-3
5
3
1
8
8
7
2
5
5
0
5
8
9
7
8
3
-6
5
2
-4
-6
-3
-4
-10
-9
-7
-10
-7
-5
-7
-6
-6
0
-6
-2
1
-1
1
-3
-2
2
4
4
2
2
4
3
7
1
2
0
-2
0
0
1
1
2
3
2
-2
-2
1
2
1
-1
-3
-3
-5
-3
1
-3
-6
-3
-5
-3
-1
3
7
5
-2
-2
3
4
13
12
13
13
14
17
13
16
15
13
11
4
-6
3
5
5
7
-1
1
-1
1
0
1
0
-6
-5
-3
-1
1
7
5
13
13
13
12
9
4
6
4
0
4
5
9
7
6
5
8
7
3
4
-2
0
-1
4
4
-4
-2
-8
-6
-6
-1
2
1
0
0
-1
-2
1
0
0
3
3
-1
0
-3
-4
1
-3
3
4
3
5
-1
0
-1
-1
-1
0
1
