-1
-2
-2
-2
-6
-1
-2
-1
-3
-5
-3
-6
-4
-1
-7
-6
0
-1
-2
-3
0
1
-4
-2
-4
-1
-2
-5
0
-1
-3
-3
-6
-7
-5
-5
-3
-8
-4
1
-2
2
-6
-5
-5
-2
-1
-4
-1
-2
0
5
4
1
0
0
-2
0
4
2
0
4
10
5
-2
2
5
4
2
0
1
4
4
0
-1
3
0
2
5
0
-3
-3
0
2
6
0
3
4
-4
-2
-4
1
5
3
0
-1
2
0
1
3
-1
-1
1
5
1
1
-1
-4
-1
0
-1
1
2
1
-4
-3
-2
-2
1
-2
2
0
-3
-2
-1
0
-2
-2
-5
-4
-3
0
-2
-1
-2
-3
-1
-4
-2
-4
-5
-4
-1
-4
-8
-8
-7
3
1
-1
1
2
4
5
3
5
3
3
1
2
6
7
7
5
5
4
2
4
3
5
5
4
1
0
6
-1
-1
4
1
2
3
-1
0
3
1
0
-1
-2
-2
-1
0
-1
-2
-1
-2
0
-4
-5
-7
-3
0
1
-1
-2
1
-2
1
0
0
0
-4
-2
2
1
0
-1
0
1
2
-7
-6
-1
3
2
-2
-1
-1
0
1
5
3
1
1
0
1
-1
5
2
-1
0
-1
2
-2
-1
3
0
1
2
-2
1
3
-1
-2
-4
-1
3
-2
2
1
0
2
-1
0
1
-1
7
8
4
0
0
2
2
3
-1
-2
0
6
2
1
4
3
-2
-1
1
-2
4
-1
-1
1
1
2
-1
-3
1
1
5
3
3
1
3
5
0
5
3
-1
1
4
6
2
-5
-1
6
7
-1
-2
1
2
2
0
1
-1
1
0
2
3
1
7
4
1
0
0
3
3
4
2
4
8
-6
-4
-3
-8
-2
-1
-3
0
3
-6
-6
1
2
1
-2
-2
0
-1
-13
-9
9
5
-5
-1
2
2
1
-4
-5
7
1
0
7
-5
-10
1
11
-1
-1
8
5
-5
-13
-7
3
18
5
0
-9
-9
-14
-9
-10
-3
16
4
5
-4
-8
-20
-18
-15
2
35
27
13
-3
1
-8
5
-7
-26
-15
-1
15
-3
-18
-22
10
16
-7
-2
22
33
-4
-32
-55
-25
6
28
36
37
13
-14
-33
-53
-31
-22
-10
3
19
26
6
-5
-6
0
-4
21
9
-6
-18
-14
9
-5
-43
-20
21
18
22
3
-11
6
-9
-12
-36
-40
8
44
26
15
5
9
4
-20
6
18
-3
9
9
-12
-43
-39
-26
-12
-25
14
53
59
50
25
26
-23
-73
-63
5
41
43
31
4
28
-1
-14
-30
9
8
-25
-19
17
61
39
-14
-57
-8
-7
2
11
17
49
36
10
-33
2
9
-20
-55
5
96
59
-4
-72
1
39
-15
-35
18
27
40
44
-14
7
10
19
-1
-68
-42
26
45
21
15
7
11
-24
8
34
-42
-36
-29
-34
0
35
35
8
-49
-13
88
18
-76
-63
8
42
-9
-1
12
0
-47
-21
18
47
-14
-54
-6
-10
-37
-65
-32
57
97
37
-19
21
35
-29
-102
-50
16
53
1
-34
-1
0
-7
11
16
-16
-18
-44
-36
-2
38
74
20
-15
-21
-13
18
26
-9
8
-1
-53
-70
-82
-22
72
34
-1
56
72
18
-94
-110
-23
33
49
64
32
-8
-41
-38
50
11
-3
30
18
13
-4
-58
-109
-100
-73
25
93
122
107
54
23
-35
-59
-93
-50
10
22
-42
-38
65
65
20
-8
4
-3
-68
-82
-7
70
29
8
19
17
-28
-44
7
7
51
61
66
-3
-45
-70
-69
-23
-35
35
61
68
18
-8
-28
-47
-2
-84
-55
15
144
94
72
2
-47
-1
-91
-61
-27
51
56
37
-29
-36
-26
-19
22
24
99
1
-88
-39
-52
7
49
65
-1
42
6
10
-36
-75
-11
51
28
-42
-15
-77
-37
35
113
18
-44
27
-15
-77
-124
-48
33
99
88
145
72
-85
-81
-32
6
-48
63
34
-65
7
-12
-29
-53
-18
57
104
-38
-39
27
-7
-27
-5
67
-2
58
35
-22
-42
-92
-81
15
88
139
108
1
-74
-120
-137
-173
-94
76
66
64
102
70
102
82
36
36
-8
-109
-95
-96
-92
-43
72
72
38
-10
-62
-9
17
75
89
55
-40
0
3
-131
-149
-19
135
87
29
13
75
1
-51
-22
4
-8
-53
5
-39
-68
3
24
5
56
97
33
-59
-115
-30
5
-3
13
123
173
40
65
-64
-155
-90
-30
-5
42
37
42
8
-114
-66
-63
22
89
103
79
-45
10
85
-9
-61
1
36
5
-22
-50
-27
10
-13
-35
-28
-111
-119
53
88
113
105
36
-2
-17
-84
-97
-25
64
33
77
11
-64
-79
-74
55
10
-65
-111
56
83
18
-56
8
-16
-44
60
46
98
53
-64
-70
-68
-39
3
34
80
68
-16
-184
-215
-59
6
22
8
-16
85
38
34
15
-23
-48
4
-7
-1
-6
33
127
90
-4
-114
-85
-88
-34
-29
-33
-20
-18
44
-9
-9
16
38
42
-7
-23
-17
29
64
85
37
103
72
8
30
-39
11
-42
-25
-18
-24
44
-12
-11
27
89
-14
33
-2
-47
52
76
112
101
24
-90
-71
-92
-42
41
35
64
60
19
-77
-12
26
-13
-4
-86
5
-64
-45
-16
29
0
-38
40
-40
-68
-69
-108
-69
0
2
105
54
-11
-38
-25
-11
-44
27
85
3
-5
3
-70
-91
-82
-62
-36
-19
58
148
192
46
41
31
-95
-124
-79
16
-60
88
53
42
163
108
117
115
-10
-121
-88
-111
-24
111
184
99
95
92
-68
-50
-153
-31
115
-72
-145
-50
102
20
8
-9
-93
114
142
19
102
66
-54
26
-120
-167
-98
-29
-18
-76
-22
-140
28
125
48
-20
-145
-129
-6
33
-34
-47
31
93
-21
-8
91
124
91
-52
-73
-140
-117
-99
-79
-24
32
67
-102
70
96
108
113
13
-55
47
127
-63
72
84
-9
-57
-76
-107
-40
43
-13
113
5
-163
-64
19
75
-11
-15
-42
35
83
19
14
50
127
6
-67
-72
49
52
3
-39
-41
7
-72
-77
-42
39
23
-73
-30
-72
-81
10
17
-32
69
78
25
68
-66
41
113
69
13
26
-6
-66
15
-26
-39
37
27
-10
4
-83
-78
-56
-48
28
18
45
97
103
103
65
13
-7
42
-5
-57
64
65
92
59
-26
-59
-110
-123
-10
51
-25
-45
-69
-111
-42
7
22
41
114
95
27
14
-38
89
46
-7
12
63
11
-10
-3
-78
-75
-94
-96
-51
9
-20
-53
-42
-84
-37
-18
-52
-2
56
56
-49
-53
-48
81
109
-2
-83
-24
-39
-48
101
108
133
120
67
-102
-191
-142
-108
4
51
70
25
-39
-11
22
-30
-58
24
-18
-33
-55
-54
-12
-16
20
13
74
28
92
69
23
71
59
-45
-77
-36
-2
95
96
48
98
135
24
-106
-80
-113
-157
-68
-63
-39
50
121
106
120
85
71
54
23
11
31
-1
-10
81
30
-64
-39
-47
-68
-38
-26
-31
-85
-65
-48
-51
-6
67
109
84
130
193
133
14
3
-8
-53
-132
-182
-114
-12
74
62
-25
-78
-108
-67
-123
-140
-57
-16
-11
-7
16
19
60
50
100
43
13
3
4
19
37
73
40
27
1
-58
-87
-156
-115
-9
-3
-63
10
26
-31
31
86
93
66
101
21
4
-63
-150
-105
-64
7
145
193
142
152
49
-140
-191
-178
-117
0
89
80
117
117
67
75
11
0
-36
-110
-65
40
22
38
87
33
20
5
-57
-60
46
72
43
16
-46
-74
-95
-111
-22
92
57
1
10
9
18
67
53
-20
-35
-60
-95
-40
17
100
159
92
23
33
6
-48
-56
-69
-101
-117
-98
-92
-93
-122
-100
-68
-71
-69
-33
-15
23
60
73
73
69
48
11
0
4
16
47
37
44
92
84
41
34
19
-52
-94
-110
-102
-68
-32
6
73
126
155
150
70
-27
-53
-32
6
86
119
66
-22
-92
-102
-57
-4
38
84
45
-39
-67
-79
-81
-71
-73
-60
-27
-35
-54
-58
-62
-46
22
61
82
119
116
64
39
32
34
43
28
30
59
61
43
26
-16
-55
-55
-34
-6
40
57
19
-44
-110
-140
-143
-143
-121
-60
-8
24
65
81
66
53
34
-10
-43
-74
-80
-69
-56
-1
86
141
142
147
130
88
58
11
-37
-54
-46
-24
26
58
72
80
35
-15
-5
12
-8
-41
-83
-118
-124
-113
-72
-22
-1
22
56
68
57
46
1
-78
-120
-112
-63
3
62
77
37
-36
-111
-142
-153
-135
-74
-24
-14
3
34
61
93
123
157
166
136
98
80
57
37
56
74
79
95
114
114
92
49
-8
-73
-131
-140
-119
-108
-105
-77
-52
-44
-4
43
55
23
-9
-12
-4
-9
-2
17
18
-2
-17
-23
-12
23
44
26
3
-4
2
0
3
31
43
-4
-70
-95
-83
-64
-48
-26
-1
10
-18
-50
-70
-75
-67
-57
-48
-31
4
34
57
70
70
62
54
54
76
94
82
47
15
-19
-46
-63
-59
-49
-48
-40
-23
-7
6
39
91
131
131
102
65
25
-12
-23
-22
-7
20
61
89
105
129
129
101
61
35
14
-31
-77
-94
-99
-102
-85
-46
4
42
67
59
21
-15
-44
-53
-39
-21
-7
-14
-34
-47
-55
-75
-94
-98
-94
-100
-111
-124
-149
-162
-160
-141
-108
-70
-30
-4
5
5
-10
-42
-57
-39
-10
3
-9
-27
-54
-94
-112
-108
-88
-63
-24
13
32
40
50
67
83
110
144
163
176
190
203
197
178
175
191
221
252
274
262
232
196
169
156
145
148
157
163
169
168
162
165
181
188
200
198
170
126
76
43
0
-50
-81
-110
-143
-172
-198
-241
-308
-367
-398
-416
-451
-477
-491
-531
-568
-583
-582
-579
-562
-505
-443
-415
-398
-371
-349
-341
-312
-273
-251
-240
-210
-164
-141
-130
-104
-70
-60
-31
26
72
106
150
218
286
338
412
513
598
664
732
777
782
779
802
833
829
821
845
868
879
919
987
1046
1105
1192
1291
1388
1483
1540
1560
1525
1377
1122
814
427
-63
-572
-1033
-1487
-1918
-2238
-2428
-2534
-2546
-2424
-2235
-2033
-1799
-1526
-1279
-1091
-935
-797
-672
-573
-472
-355
-253
-209
-159
-90
-102
-185
-239
-314
-455
-596
-712
-833
-933
-928
-854
-744
-612
-413
-147
90
302
555
803
950
1058
1210
1323
1343
1380
1452
1488
1479
1483
1520
1529
1524
1540
1568
1590
1635
1703
1787
1924
2064
2151
2181
2091
1851
1571
1201
635
9
-555
-1161
-1826
-2332
-2682
-2991
-3155
-3064
-2849
-2621
-2311
-1904
-1494
-1136
-818
-541
-295
-51
143
306
463
505
450
434
368
59
-288
-510
-834
-1285
-1597
-1789
-2026
-2145
-2061
-1911
-1744
-1529
-1221
-818
-462
-201
144
523
751
952
1243
1438
1515
1674
1818
1770
1664
1646
1608
1465
1323
1248
1215
1171
1134
1185
1301
1384
1505
1721
1914
2069
2258
2436
2580
2662
2457
1998
1638
1221
384
-501
-1086
-1789
-2615
-3051
-3300
-3697
-3846
-3542
-3206
-2909
-2457
-1982
-1516
-998
-586
-310
-37
176
335
596
804
770
759
901
889
639
361
26
-452
-960
-1456
-1959
-2417
-2731
-2822
-2672
-2398
-2096
-1623
-974
-420
56
592
989
1139
1313
1503
1472
1396
1469
1539
1516
1521
1562
1581
1568
1497
1393
1295
1176
1080
1050
999
969
1103
1324
1446
1604
1934
2219
2353
2556
2778
2549
1927
1526
1172
234
-843
-1434
-2056
-2940
-3430
-3558
-3849
-4002
-3653
-3168
-2752
-2289
-1769
-1180
-572
-143
186
539
753
867
1120
1313
1204
1075
1148
1154
883
551
282
-108
-663
-1165
-1617
-2179
-2710
-2962
-2945
-2879
-2746
-2351
-1734
-1150
-594
88
673
941
1177
1483
1506
1304
1241
1256
1139
1018
1040
1094
1102
1119
1179
1214
1148
1077
1096
1104
1066
1099
1219
1362
1526
1720
2037
2431
2680
2884
3146
2905
2204
1855
1470
255
-916
-1395
-2206
-3366
-3774
-3823
-4243
-4330
-3775
-3254
-2817
-2218
-1596
-945
-282
141
462
880
1132
1218
1488
1722
1548
1355
1479
1443
969
505
198
-319
-1018
-1539
-1960
-2500
-3003
-3156
-3000
-2895
-2827
-2361
-1594
-1102
-697
57
650
728
941
1374
1333
1036
1090
1188
988
883
982
987
942
1014
1128
1154
1091
1047
1107
1181
1178
1217
1387
1608
1791
2001
2350
2694
2902
3161
3338
2890
2190
1904
1326
2
-979
-1460
-2439
-3441
-3642
-3797
-4211
-4056
-3461
-3017
-2530
-1931
-1394
-757
-157
157
477
855
989
1082
1382
1479
1241
1135
1235
1110
669
271
-53
-590
-1254
-1721
-2094
-2655
-3138
-3174
-3017
-3045
-2974
-2378
-1684
-1313
-784
48
543
687
1067
1450
1354
1198
1329
1339
1129
1082
1160
1135
1085
1164
1292
1329
1297
1333
1466
1535
1551
1654
1826
1985
2119
2282
2541
2772
2899
3123
3187
2567
1863
1632
948
-443
-1276
-1696
-2757
-3678
-3768
-4007
-4489
-4234
-3604
-3255
-2801
-2157
-1602
-982
-349
45
410
844
1062
1220
1528
1609
1348
1234
1313
1072
576
290
6
-605
-1194
-1500
-1896
-2520
-2880
-2825
-2813
-2984
-2846
-2263
-1767
-1441
-813
-13
409
688
1219
1559
1444
1417
1579
1472
1209
1173
1219
1132
1075
1170
1325
1384
1384
1491
1661
1695
1676
1759
1847
1880
1909
1996
2184
2376
2495
2744
2869
2317
1673
1553
969
-427
-1291
-1641
-2699
-3746
-3851
-4057
-4650
-4488
-3747
-3349
-2965
-2252
-1545
-900
-258
227
631
1005
1215
1394
1640
1671
1427
1298
1342
1116
617
324
139
-374
-945
-1209
-1543
-2201
-2653
-2631
-2660
-2936
-2919
-2421
-1954
-1621
-1012
-208
296
648
1235
1703
1669
1556
1688
1649
1319
1150
1180
1072
937
1015
1140
1166
1194
1325
1504
1532
1456
1514
1604
1582
1582
1655
1803
2024
2237
2536
2824
2499
1831
1700
1402
97
-1028
-1395
-2284
-3508
-3835
-3935
-4545
-4632
-3886
-3307
-2955
-2298
-1502
-806
-159
399
859
1207
1383
1557
1797
1789
1535
1382
1351
1166
735
339
104
-229
-745
-1096
-1299
-1754
-2304
-2481
-2464
-2683
-2906
-2700
-2257
-1976
-1594
-878
-291
37
557
1176
1389
1323
1390
1436
1225
995
948
917
805
795
941
1072
1131
1241
1473
1667
1662
1622
1737
1840
1762
1703
1864
2068
2119
2338
2847
2801
2028
1699
1715
736
-627
-1114
-1681
-2942
-3601
-3583
-4043
-4472
-3968
-3203
-2816
-2340
-1552
-859
-322
239
749
1049
1236
1463
1654
1706
1578
1342
1205
1169
854
323
82
-84
-630
-1103
-1166
-1449
-2043
-2251
-2217
-2498
-2796
-2701
-2463
-2349
-2107
-1560
-1010
-658
-236
366
803
965
1114
1288
1273
1091
1020
1102
1036
881
1006
1261
1294
1327
1597
1783
1762
1813
1936
1894
1770
1763
1776
1753
1828
1982
2231
2560
2446
1856
1653
1584
633
-457
-798
-1434
-2652
-3152
-3133
-3672
-4090
-3549
-2891
-2725
-2318
-1484
-932
-604
-18
498
647
844
1163
1336
1378
1284
1071
1026
1011
653
274
179
-82
-629
-888
-914
-1323
-1830
-1876
-1896
-2307
-2568
-2448
-2382
-2415
-2217
-1772
-1378
-1074
-637
-23
447
673
935
1275
1417
1335
1353
1513
1477
1307
1427
1646
1580
1539
1762
1889
1791
1794
1924
1875
1687
1671
1738
1627
1621
1863
2083
2333
2432
1998
1629
1657
1069
-99
-669
-1059
-2139
-3021
-3135
-3442
-4075
-3994
-3300
-3027
-2925
-2194
-1395
-1096
-645
78
386
479
888
1284
1336
1276
1260
1233
1185
1043
744
446
238
-105
-552
-799
-1051
-1580
-1919
-1909
-2206
-2704
-2725
-2521
-2588
-2525
-2008
-1497
-1219
-737
29
567
814
1169
1563
1718
1703
1670
1688
1674
1525
1462
1589
1546
1356
1451
1648
1511
1303
1421
1509
1228
1085
1276
1239
1105
1423
1837
2061
2317
2255
1875
1808
1586
595
-271
-656
-1466
-2520
-2961
-3226
-3824
-4021
-3520
-3157
-3040
-2433
-1620
-1198
-681
88
449
612
1102
1482
1512
1548
1582
1428
1320
1291
1011
591
353
120
-353
-755
-1006
-1453
-1873
-1994
-2245
-2711
-2852
-2749
-2762
-2659
-2289
-1830
-1379
-834
-189
396
843
1202
1523
1750
1806
1695
1594
1550
1391
1204
1170
1096
936
984
1098
1019
910
993
1086
1029
1033
1128
1145
1256
1606
1887
2167
2689
2763
2270
2218
2248
1282
177
-163
-812
-2066
-2763
-2943
-3516
-4024
-3678
-3183
-3096
-2717
-1866
-1279
-848
-175
363
660
1050
1407
1552
1686
1713
1529
1433
1423
1112
617
398
213
-377
-940
-1101
-1469
-2102
-2255
-2224
-2662
-3014
-2763
-2550
-2625
-2407
-1800
-1285
-926
-326
375
756
1005
1407
1672
1629
1519
1444
1383
1250
1032
905
908
840
769
918
1063
977
920
1140
1326
1238
1248
1480
1648
1786
2105
2480
2891
3155
2932
2666
2658
2115
945
204
-313
-1458
-2578
-2989
-3433
-4195
-4313
-3777
-3553
-3448
-2720
-1879
-1469
-897
-105
327
572
1015
1373
1487
1549
1521
1427
1335
1155
811
510
299
-113
-659
-995
-1280
-1838
-2210
-2212
-2473
-2904
-2868
-2643
-2642
-2480
-1993
-1500
-1065
-477
168
603
934
1278
1500
1554
1543
1404
1215
1194
1099
849
835
959
873
889
1185
1293
1172
1274
1532
1531
1483
1664
1836
1913
2186
2538
2827
3238
3333
2869
2603
2521
1602
328
-274
-977
-2289
-3159
-3389
-3973
-4601
-4299
-3676
-3510
-3171
-2244
-1511
-1062
-328
329
571
859
1312
1523
1570
1574
1450
1313
1215
955
519
221
-24
-492
-993
-1244
-1581
-2120
-2280
-2229
-2537
-2843
-2671
-2469
-2431
-2174
-1726
-1302
-878
-317
253
668
941
1191
1430
1547
1503
1328
1286
1273
1041
883
983
944
767
951
1209
1153
1106
1319
1457
1398
1498
1713
1819
1939
2278
2631
2970
3282
3104
2640
2519
2218
1061
13
-504
-1443
-2662
-3234
-3548
-4253
-4578
-4080
-3609
-3473
-2940
-2031
-1419
-884
-142
373
599
978
1404
1574
1599
1561
1493
1424
1281
963
586
345
59
-410
-821
-1054
-1488
-1953
-1996
-2072
-2503
-2686
-2458
-2388
-2364
-2026
-1557
-1178
-734
-122
413
767
1028
1302
1487
1522
1387
1197
1179
1094
813
702
819
747
687
963
1143
1043
1101
1411
1463
1329
1472
1753
1795
1911
2369
2736
3018
3249
3008
2581
2465
1974
769
-95
-629
-1677
-2794
-3275
-3676
-4340
-4462
-3950
-3598
-3438
-2788
-1932
-1423
-860
-117
299
506
942
1308
1391
1387
1368
1320
1234
1042
716
433
181
-167
-575
-865
-1110
-1535
-1829
-1847
-2074
-2506
-2553
-2383
-2433
-2354
-1951
-1502
-1107
-597
1
497
846
1133
1395
1536
1492
1310
1193
1177
1025
810
803
874
818
925
1174
1221
1171
1367
1617
1572
1526
1740
1944
2008
2284
2695
3014
3419
3519
3035
2738
2692
1824
566
-19
-670
-1945
-2883
-3230
-3835
-4470
-4343
-3850
-3709
-3501
-2700
-1985
-1611
-964
-231
55
341
865
1103
1143
1229
1226
1148
1097
902
597
378
123
-247
-605
-815
-1090
-1507
-1722
-1814
-2207
-2637
-2620
-2548
-2661
-2520
-2061
-1623
-1185
-570
62
553
912
1239
1516
1605
1476
1288
1240
1179
981
826
872
880
847
1036
1229
1187
1185
1469
1631
1514
1570
1849
1965
2058
2500
2911
3229
3646
3631
3121
2944
2759
1662
502
-70
-956
-2274
-3106
-3552
-4241
-4698
-4433
-4018
-3922
-3541
-2661
-2022
-1577
-846
-205
91
537
1004
1150
1253
1363
1319
1281
1266
1047
779
588
341
8
-293
-528
-879
-1282
-1527
-1794
-2283
-2621
-2648
-2719
-2786
-2568
-2167
-1718
-1140
-526
48
613
1026
1301
1578
1704
1482
1273
1296
1182
857
737
841
780
725
990
1174
1067
1166
1514
1575
1480
1648
1845
1897
2125
2497
2812
3239
3605
3356
2897
2874
2482
1239
235
-342
-1438
-2721
-3327
-3808
-4599
-4902
-4492
-4177
-4096
-3543
-2631
-2050
-1547
-725
-101
196
658
1131
1347
1452
1486
1489
1556
1486
1230
1055
846
492
177
-57
-395
-885
-1288
-1502
-1854
-2408
-2686
-2715
-2854
-2890
-2587
-2178
-1756
-1153
-466
112
605
1033
1368
1608
1647
1458
1303
1261
1065
762
695
775
713
732
1034
1218
1132
1268
1622
1660
1553
1743
1934
1950
2165
2589
2930
3318
3716
3592
3122
2981
2700
1559
385
-252
-1251
-2618
-3384
-3827
-4571
-5020
-4707
-4283
-4126
-3654
-2728
-2035
-1531
-737
-72
197
575
1048
1282
1381
1405
1414
1522
1521
1330
1177
985
684
406
84
-332
-797
-1261
-1609
-1952
-2456
-2886
-3047
-3097
-3077
-2915
-2554
-1996
-1412
-863
-214
408
762
1031
1362
1440
1205
1119
1157
932
655
685
800
746
832
1160
1341
1287
1430
1740
1777
1721
1872
2007
2059
2288
2659
3027
3454
3863
3869
3474
3246
3051
2081
805
52
-861
-2281
-3309
-3806
-4486
-5089
-4959
-4466
-4230
-3913
-3014
-2157
-1692
-946
-79
226
469
1055
1425
1478
1527
1622
1725
1700
1575
1433
1173
875
606
141
-397
-801
-1330
-1869
-2151
-2578
-3174
-3364
-3261
-3272
-3195
-2737
-2133
-1619
-1053
-313
325
656
984
1346
1424
1259
1228
1237
1028
839
820
870
892
940
1122
1313
1326
1343
1583
1730
1655
1693
1864
1982
2132
2457
2870
3277
3699
3936
3674
3291
3171
2509
1111
143
-589
-1998
-3333
-3916
-4487
-5267
-5359
-4820
-4512
-4302
-3475
-2484
-2036
-1383
-375
22
160
840
1352
1348
1509
1769
1819
1849
1909
1804
1521
1288
1092
615
5
-412
-925
-1586
-1938
-2297
-2993
-3305
-3181
-3265
-3264
-2768
-2225
-1833
-1213
-453
113
510
929
1249
1338
1339
1343
1299
1162
1090
1025
987
1086
1104
1104
1278
1383
1294
1381
1594
1563
1507
1699
1863
1949
2240
2712
3081
3460
3950
3917
3349
3150
2942
1657
269
-377
-1428
-2991
-3902
-4297
-5012
-5522
-5193
-4663
-4439
-3975
-3000
-2274
-1754
-884
-191
84
645
1260
1438
1704
2019
2039
2147
2350
2173
1794
1581
1329
782
162
-306
-868
-1609
-2061
-2309
-2957
-3464
-3357
-3345
-3419
-3045
-2487
-2074
-1511
-810
-234
312
781
1041
1203
1373
1347
1206
1186
1175
1001
888
1061
1093
923
1059
1312
1225
1183
1451
1567
1499
1660
1925
2051
2317
2773
3162
3525
4048
4227
3714
3354
3259
2285
736
-99
-952
-2503
-3664
-4130
-4778
-5476
-5397
-4892
-4563
-4194
-3367
-2503
-1935
-1165
-308
128
552
1208
1540
1723
2023
2113
2182
2375
2261
1914
1705
1407
888
367
-105
-698
-1391
-1902
-2239
-2817
-3416
-3457
-3436
-3581
-3371
-2864
-2412
-1898
-1198
-601
-44
511
881
1099
1280
1356
1245
1196
1203
1080
954
1026
1098
972
1026
1246
1218
1195
1407
1536
1493
1590
1855
1985
2184
2626
3017
3313
3799
4243
3973
3398
3255
2811
1358
82
-591
-1804
-3295
-4089
-4552
-5279
-5679
-5313
-4750
-4449
-3948
-2977
-2148
-1556
-765
16
450
980
1530
1785
2067
2243
2303
2492
2533
2181
1863
1666
1232
620
71
-402
-1049
-1763
-2189
-2510
-3132
-3583
-3487
-3419
-3471
-3175
-2590
-2069
-1535
-901
-230
302
631
993
1344
1422
1274
1270
1353
1234
1073
1088
1156
1067
1011
1216
1293
1164
1276
1531
1558
1507
1712
1982
2187
2483
2872
3283
3701
4159
4260
3800
3350
3081
2135
624
-335
-1226
-2638
-3792
-4405
-5038
-5633
-5597
-5071
-4665
-4342
-3569
-2602
-1927
-1254
-363
213
594
1251
1683
1898
2148
2230
2311
2442
2258
1895
1680
1338
832
318
-194
-766
-1414
-1935
-2286
-2748
-3371
-3605
-3467
-3509
-3423
-2961
-2474
-1927
-1287
-598
55
465
825
1305
1568
1429
1352
1490
1460
1260
1205
1291
1278
1189
1316
1522
1411
1323
1579
1728
1619
1660
1876
2040
2221
2484
2873
3292
3705
4012
3856
3355
2992
2497
1229
-30
-853
-2027
-3312
-4148
-4741
-5326
-5573
-5295
-4844
-4440
-3854
-2967
-2186
-1509
-662
38
414
997
1585
1823
2116
2310
2280
2400
2445
2152
1863
1568
1141
670
111
-488
-1102
-1711
-2213
-2639
-3165
-3625
-3659
-3576
-3506
-3177
-2725
-2197
-1551
-919
-274
255
608
1014
1373
1441
1365
1425
1466
1375
1273
1293
1338
1294
1313
1440
1474
1339
1393
1553
1569
1573
1685
1859
2077
2358
2712
3104
3492
3919
4047
3602
3120
2824
1903
478
-441
-1353
-2727
-3834
-4426
-4980
-5563
-5584
-5123
-4698
-4336
-3553
-2595
-1974
-1222
-297
236
646
1308
1754
2028
2247
2274
2387
2500
2273
1983
1772
1409
944
404
-155
-720
-1392
-1998
-2426
-2948
-3595
-3787
-3674
-3728
-3567
-3052
-2478
-1951
-1307
-551
89
506
963
1430
1600
1576
1594
1669
1604
1453
1385
1439
1450
1428
1512
1622
1563
1475
1591
1646
1592
1624
1779
1991
2255
2593
2977
3398
3844
4168
3928
3373
3083
2466
1129
-17
-831
-2128
-3464
-4219
-4802
-5452
-5704
-5380
-4929
-4581
-4007
-3036
-2312
-1669
-737
-90
273
902
1460
1725
2037
2165
2214
2413
2393
2047
1795
1579
1097
548
14
-539
-1190
-1828
-2261
-2780
-3505
-3854
-3774
-3871
-3825
-3364
-2863
-2379
-1646
-858
-266
360
945
1349
1601
1766
1761
1762
1800
1692
1516
1457
1535
1483
1441
1543
1544
1360
1397
1552
1447
1396
1577
1756
1930
2303
2739
3130
3578
4088
4200
3660
3312
3142
2141
724
-91
-1043
-2601
-3706
-4295
-4980
-5613
-5606
-5156
-4791
-4483
-3689
-2712
-2065
-1277
-468
71
611
1224
1601
1949
2214
2188
2353
2593
2349
1935
1805
1497
904
344
-182
-775
-1518
-2157
-2672
-3326
-3961
-4167
-4120
-4091
-3859
-3379
-2748
-1994
-1206
-535
232
907
1235
1587
1902
1864
1765
1883
1821
1572
1469
1561
1540
1418
1459
1538
1415
1338
1479
1462
1386
1493
1630
1812
2182
2551
2909
3445
4005
4227
3890
3505
3316
2582
1206
152
-739
-2248
-3523
-4201
-4949
-5700
-5809
-5419
-5080
-4729
-4037
-3045
-2313
-1560
-675
-39
412
1020
1566
1843
2134
2231
2360
2610
2528
2143
1973
1760
1170
649
156
-514
-1336
-2030
-2564
-3210
-3931
-4271
-4168
-4157
-3973
-3374
-2727
-2095
-1238
-405
221
816
1262
1629
1850
1825
1762
1821
1755
1563
1535
1585
1569
1495
1523
1619
1535
1391
1485
1546
1403
1396
1578
1741
1976
2365
2806
3312
3827
4228
4170
3742
3433
3006
1827
491
-399
-1571
-2986
-3982
-4639
-5354
-5751
-5562
-5168
-4831
-4390
-3505
-2630
-1932
-1164
-419
107
636
1202
1537
1902
2086
2139
2401
2554
2211
1890
1807
1385
777
210
-362
-1148
-2024
-2639
-3119
-3847
-4464
-4360
-4158
-4074
-3604
-2858
-2170
-1392
-544
158
772
1154
1450
1769
1805
1622
1623
1718
1614
1494
1547
1659
1598
1497
1626
1671
1419
1363
1511
1421
1293
1448
1658
1895
2303
2751
3270
3875
4349
4314
3970
3743
3276
2069
760
-91
-1350
-2891
-3819
-4451
-5351
-5791
-5432
-5130
-4950
-4354
-3372
-2682
-2065
-1093
-315
44
583
1288
1539
1794
2126
2227
2371
2586
2418
2065
1968
1609
976
405
-173
-1073
-2070
-2637
-3133
-3996
-4636
-4441
-4292
-4332
-3707
-2815
-2275
-1556
-460
242
603
1066
1502
1632
1553
1534
1554
1506
1492
1537
1560
1641
1672
1613
1670
1686
1454
1346
1473
1358
1144
1318
1587
1706
2050
2664
3155
3575
4162
4336
3878
3512
3221
2146
678
-253
-1272
-2754
-3904
-4482
-5129
-5665
-5498
-5042
-4746
-4297
-3402
-2612
-2017
-1203
-452
-11
501
1107
1443
1785
2121
2242
2418
2694
2597
2247
2094
1795
1162
433
-211
-1054
-2079
-2771
-3256
-3969
-4534
-4396
-4137
-3984
-3402
-2539
-1850
-1141
-215
448
840
1213
1495
1566
1554
1559
1504
1513
1611
1641
1635
1779
1838
1719
1682
1691
1525
1321
1326
1258
1126
1245
1511
1769
2178
2791
3300
3821
4317
4215
3739
3524
2983
1570
289
-543
-1813
-3312
-4148
-4650
-5395
-5752
-5332
-4893
-4745
-4140
-3106
-2485
-2002
-1118
-458
-190
391
1048
1351
1626
1989
2250
2428
2576
2471
2250
2014
1628
1003
212
-535
-1383
-2328
-3052
-3582
-4209
-4543
-4296
-4014
-3709
-2998
-2135
-1443
-679
139
677
1013
1305
1467
1462
1411
1388
1399
1427
1506
1592
1667
1790
1834
1801
1744
1688
1539
1339
1259
1155
1116
1273
1540
1882
2416
3036
3583
4150
4370
4042
3710
3433
2457
1030
44
-921
-2308
-3509
-4129
-4674
-5276
-5312
-4833
-4537
-4333
-3598
-2724
-2241
-1706
-935
-462
-126
495
1040
1364
1596
1924
2314
2478
2391
2298
2216
1819
1292
738
-54
-961
-1789
-2544
-3267
-3892
-4339
-4397
-4194
-3909
-3376
-2679
-1959
-1189
-416
211
693
1023
1209
1377
1434
1325
1323
1493
1538
1564
1708
1849
1882
1863
1893
1825
1660
1489
1401
1276
1144
1236
1430
1685
2100
2675
3234
3787
4074
3844
3561
3319
2556
1275
263
-616
-1878
-3019
-3677
-4258
-4859
-4913
-4542
-4316
-4101
-3488
-2803
-2353
-1774
-1144
-747
-395
179
660
1014
1390
1638
1956
2330
2402
2178
2117
1981
1416
811
269
-513
-1499
-2188
-2690
-3367
-3927
-3945
-3732
-3618
-3152
-2413
-1853
-1277
-457
157
485
857
1102
1161
1213
1250
1187
1259
1445
1534
1625
1751
1875
1866
1855
1872
1733
1524
1446
1402
1202
1192
1389
1539
1850
2431
2949
3374
3789
3692
3262
3031
2518
1269
107
-600
-1647
-2911
-3600
-3950
-4564
-4817
-4363
-4015
-3950
-3495
-2751
-2401
-2042
-1403
-975
-743
-236
338
652
1027
1421
1701
2022
2293
2231
2042
1947
1597
965
369
-212
-1097
-1969
-2453
-2959
-3600
-3795
-3537
-3431
-3172
-2427
-1768
-1349
-680
54
378
639
989
1138
1109
1176
1284
1303
1411
1618
1763
1787
1908
2042
1992
1913
1853
1671
1486
1442
1287
1149
1258
1446
1702
2214
2747
3146
3615
3724
3313
2973
2615
1546
244
-527
-1329
-2530
-3420
-3691
-4043
-4461
-4248
-3728
-3562
-3393
-2751
-2252
-2101
-1751
-1245
-962
-677
-176
270
625
953
1342
1737
1972
1986
1935
1866
1556
1032
444
-146
-881
-1677
-2242
-2708
-3238
-3513
-3331
-3144
-2971
-2430
-1761
-1298
-836
-252
156
387
615
837
939
939
1046
1244
1391
1526
1773
1922
1972
2109
2176
2071
1904
1758
1595
1477
1359
1293
1348
1446
1741
2247
2674
3034
3556
3694
3245
2903
2564
1554
254
-527
-1279
-2339
-3168
-3522
-3793
-4061
-3902
-3499
-3273
-3096
-2613
-2184
-2002
-1767
-1471
-1196
-857
-452
-88
360
756
1074
1536
1895
1857
1741
1760
1494
924
347
-217
-954
-1698
-2150
-2536
-3041
-3282
-3003
-2746
-2595
-2127
-1529
-1114
-717
-222
110
298
489
695
859
914
1013
1225
1447
1604
1802
1986
2045
2071
2098
2053
1847
1609
1475
1421
1311
1254
1379
1491
1748
2237
2659
2977
3438
3568
3060
2669
2337
1324
27
-723
-1433
-2485
-3211
-3433
-3688
-3961
-3674
-3185
-3028
-2887
-2355
-1981
-1955
-1718
-1416
-1280
-1056
-592
-201
157
545
930
1377
1659
1656
1552
1478
1166
668
136
-468
-1183
-1866
-2223
-2461
-2846
-3028
-2673
-2317
-2163
-1747
-1164
-832
-573
-119
221
301
383
623
803
816
938
1233
1425
1543
1836
2103
2085
2019
2115
2134
1884
1632
1583
1538
1383
1357
1539
1654
1845
2350
2851
3170
3499
3583
3128
2652
2180
1184
-49
-867
-1587
-2555
-3230
-3473
-3639
-3762
-3467
-2988
-2753
-2553
-2146
-1845
-1811
-1676
-1516
-1410
-1179
-831
-491
-73
371
731
1170
1473
1482
1400
1286
921
376
-154
-812
-1575
-2195
-2504
-2727
-2956
-2893
-2488
-2103
-1774
-1272
-797
-485
-192
111
258
322
400
467
553
685
882
1128
1395
1665
1956
2169
2215
2176
2141
2041
1813
1552
1408
1334
1237
1266
1492
1726
2009
2512
3020
3406
3687
3615
3067
2526
1985
909
-313
-1074
-1749
-2633
-3149
-3218
-3337
-3419
-3020
-2486
-2346
-2239
-1899
-1688
-1730
-1666
-1553
-1461
-1208
-827
-446
-47
355
699
1121
1381
1300
1139
987
605
46
-436
-1036
-1771
-2283
-2405
-2541
-2770
-2640
-2163
-1813
-1571
-1119
-683
-434
-183
122
256
270
384
568
683
765
970
1218
1407
1599
1827
1941
1891
1860
1891
1804
1538
1350
1335
1272
1157
1252
1493
1669
1963
2496
2945
3255
3553
3538
2990
2416
1917
924
-280
-1051
-1691
-2580
-3122
-3139
-3234
-3346
-2966
-2440
-2292
-2149
-1801
-1637
-1671
-1573
-1463
-1416
-1148
-732
-385
-12
430
797
1127
1354
1279
1033
803
447
-117
-668
-1230
-1896
-2367
-2461
-2511
-2664
-2531
-2095
-1743
-1479
-1086
-710
-479
-226
64
219
270
404
600
732
822
985
1186
1355
1515
1671
1759
1746
1715
1750
1723
1532
1373
1397
1413
1341
1419
1657
1831
2064
2562
3059
3344
3565
3622
3224
2615
2087
1278
107
-848
-1464
-2193
-2898
-3131
-3159
-3255
-3095
-2632
-2327
-2206
-1971
-1690
-1591
-1585
-1497
-1331
-1107
-802
-430
-37
318
632
954
1148
1035
776
571
265
-253
-782
-1294
-1879
-2336
-2465
-2524
-2649
-2549
-2193
-1851
-1574
-1207
-838
-568
-266
60
254
369
552
744
855
966
1128
1270
1390
1514
1627
1680
1660
1647
1651
1571
1429
1353
1355
1337
1301
1397
1575
1718
1967
2428
2866
3160
3461
3560
3204
2678
2234
1497
369
-568
-1185
-1870
-2549
-2844
-2912
-2999
-2887
-2518
-2211
-2096
-1969
-1750
-1603
-1588
-1550
-1353
-1064
-778
-416
43
429
690
950
1144
1014
658
383
61
-499
-1115
-1615
-2075
-2472
-2599
-2526
-2490
-2385
-1996
-1526
-1255
-1019
-659
-336
-186
-27
206
343
423
619
885
1034
1153
1340
1482
1501
1499
1497
1422
1323
1271
1215
1117
1095
1211
1337
1417
1594
1845
2020
2238
2620
2950
3129
3309
3298
2843
2278
1826
1056
-26
-817
-1344
-2019
-2585
-2743
-2839
-2978
-2823
-2503
-2378
-2304
-2077
-1875
-1766
-1584
-1321
-1040
-692
-268
152
525
807
1004
1139
1098
830
468
135
-265
-765
-1243
-1682
-2089
-2324
-2346
-2349
-2360
-2192
-1836
-1526
-1329
-1071
-729
-445
-216
42
306
489
668
947
1199
1315
1396
1510
1555
1506
1456
1385
1266
1173
1149
1131
1067
1085
1254
1428
1522
1673
1900
2064
2243
2547
2832
3002
3103
2968
2546
2058
1523
729
-172
-833
-1366
-1913
-2309
-2505
-2643
-2675
-2556
-2427
-2341
-2276
-2179
-2035
-1861
-1687
-1430
-1040
-631
-202
282
657
817
950
1054
867
444
86
-255
-702
-1112
-1432
-1780
-2072
-2127
-2044
-2017
-1970
-1779
-1512
-1306
-1158
-964
-713
-467
-218
104
402
599
844
1175
1384
1411
1447
1492
1413
1295
1233
1115
957
919
963
956
957
1096
1295
1446
1606
1807
1970
2097
2326
2608
2825
3038
3129
2837
2352
1942
1346
436
-358
-893
-1464
-1967
-2199
-2371
-2545
-2515
-2355
-2295
-2283
-2234
-2164
-2032
-1837
-1600
-1262
-806
-323
186
690
980
1077
1150
1093
748
263
-160
-583
-1010
-1353
-1604
-1842
-2038
-2074
-1997
-1940
-1943
-1873
-1704
-1558
-1455
-1250
-930
-653
-335
131
540
784
1037
1353
1504
1474
1443
1403
1305
1195
1141
1096
1024
996
1057
1121
1109
1150
1311
1423
1480
1636
1829
1976
2210
2536
2799
3007
3054
2717
2184
1718
1073
147
-617
-1081
-1554
-1955
-2071
-2120
-2209
-2167
-2021
-1976
-2058
-2120
-2078
-1971
-1837
-1582
-1161
-686
-187
381
857
1067
1117
1110
897
449
-42
-496
-941
-1332
-1590
-1714
-1829
-1964
-1976
-1833
-1762
-1842
-1849
-1701
-1584
-1487
-1226
-868
-528
-117
392
808
1060
1264
1469
1546
1491
1409
1326
1242
1176
1154
1145
1113
1065
1093
1152
1111
1064
1141
1247
1292
1418
1665
1913
2172
2525
2863
3069
3093
2809
2285
1752
1109
235
-552
-1039
-1423
-1759
-1891
-1930
-1994
-1992
-1958
-2017
-2154
-2278
-2345
-2299
-2136
-1857
-1425
-856
-257
334
862
1141
1183
1113
878
430
-75
-509
-924
-1268
-1449
-1517
-1576
-1662
-1711
-1667
-1632
-1743
-1854
-1785
-1645
-1551
-1339
-973
-603
-216
249
662
909
1088
1254
1335
1332
1316
1283
1245
1228
1228
1220
1178
1084
1003
1009
1006
954
991
1134
1262
1431
1704
1972
2231
2546
2823
3005
3051
2796
2265
1729
1159
367
-392
-856
-1194
-1505
-1656
-1707
-1814
-1921
-1987
-2085
-2258
-2424
-2478
-2392
-2189
-1843
-1313
-704
-125
468
986
1196
1165
1049
779
328
-135
-505
-849
-1118
-1248
-1297
-1358
-1495
-1616
-1656
-1722
-1899
-2015
-1947
-1807
-1625
-1346
-977
-604
-228
186
525
737
887
1022
1107
1138
1190
1241
1242
1260
1312
1299
1194
1067
951
844
793
789
819
941
1159
1410
1650
1888
2147
2436
2663
2814
2915
2795
2344
1818
1360
750
46
-409
-683
-1010
-1270
-1378
-1548
-1820
-2024
-2158
-2338
-2548
-2645
-2549
-2336
-2034
-1546
-950
-419
93
625
939
947
849
723
437
63
-220
-441
-654
-819
-887
-976
-1182
-1416
-1543
-1627
-1826
-1998
-1960
-1832
-1719
-1479
-1119
-807
-495
-87
279
488
648
832
983
1082
1203
1322
1362
1361
1397
1389
1245
1063
934
800
663
628
707
812
974
1291
1632
1850
2037
2306
2547
2679
2800
2883
2683
2208
1738
1268
668
73
-301
-582
-931
-1229
-1430
-1716
-2081
-2346
-2475
-2624
-2790
-2783
-2571
-2275
-1912
-1368
-760
-253
210
650
891
858
738
607
399
125
-87
-235
-413
-613
-770
-935
-1220
-1494
-1616
-1722
-1904
-2007
-1954
-1868
-1743
-1488
-1167
-877
-574
-219
109
335
506
707
925
1097
1223
1327
1352
1314
1270
1194
1037
893
806
716
656
701
819
945
1153
1450
1731
1933
2101
2301
2508
2666
2793
2853
2674
2247
1784
1321
759
218
-167
-471
-804
-1117
-1425
-1798
-2202
-2512
-2667
-2790
-2898
-2849
-2585
-2202
-1751
-1183
-596
-115
308
661
805
733
617
509
370
200
55
-74
-243
-472
-686
-917
-1238
-1508
-1657
-1778
-1936
-2011
-1930
-1803
-1645
-1402
-1090
-785
-491
-173
153
427
638
854
1058
1198
1273
1303
1257
1139
1033
923
785
683
640
638
669
747
859
1001
1193
1413
1617
1789
1948
2140
2356
2578
2785
2874
2719
2327
1893
1421
857
314
-120
-470
-822
-1183
-1535
-1936
-2340
-2636
-2802
-2909
-3007
-2950
-2653
-2238
-1771
-1228
-680
-220
178
498
625
585
495
446
398
294
192
95
-61
-258
-446
-659
-961
-1254
-1419
-1586
-1786
-1895
-1875
-1754
-1611
-1396
-1097
-807
-515
-192
180
497
710
906
1075
1161
1194
1202
1180
1131
1083
1033
964
913
880
898
940
998
1057
1142
1293
1434
1549
1678
1845
2050
2246
2441
2700
2829
2665
2279
1854
1420
847
273
-127
-462
-854
-1239
-1572
-1946
-2395
-2723
-2877
-3013
-3120
-3022
-2660
-2213
-1746
-1201
-677
-297
-13
254
412
404
364
406
447
399
330
270
108
-138
-368
-622
-957
-1327
-1549
-1678
-1872
-2010
-1992
-1854
-1696
-1515
-1222
-920
-665
-332
56
384
586
727
873
914
884
882
902
922
922
967
1018
1006
991
1020
1070
1094
1100
1156
1290
1442
1553
1695
1904
2124
2333
2542
2795
2981
2891
2590
2202
1739
1191
608
144
-225
-635
-1060
-1465
-1865
-2284
-2670
-2890
-3007
-3064
-2962
-2678
-2264
-1816
-1336
-879
-539
-281
-43
164
289
389
524
659
747
743
646
447
166
-121
-438
-822
-1184
-1444
-1609
-1782
-1951
-2000
-1966
-1854
-1665
-1423
-1136
-870
-557
-195
98
304
459
576
620
596
608
666
721
815
945
1062
1108
1104
1102
1089
1050
1004
1023
1140
1307
1470
1617
1797
2017
2222
2413
2624
2828
2884
2685
2319
1890
1385
820
293
-99
-484
-961
-1415
-1819
-2182
-2544
-2818
-2910
-2902
-2824
-2646
-2360
-1992
-1608
-1209
-839
-534
-240
42
306
513
672
847
1006
1035
901
664
397
100
-244
-611
-958
-1235
-1431
-1566
-1713
-1861
-1900
-1807
-1603
-1375
-1146
-870
-590
-308
-53
161
332
439
541
623
649
664
723
852
1040
1182
1237
1225
1179
1143
1086
999
949
1035
1226
1409
1518
1640
1845
2078
2257
2420
2626
2780
2733
2458
2044
1540
984
445
-19
-442
-892
-1335
-1717
-2058
-2378
-2698
-2914
-2947
-2866
-2739
-2592
-2358
-2014
-1609
-1225
-880
-546
-192
166
457
688
875
1011
1075
1022
827
512
172
-130
-431
-748
-1050
-1263
-1388
-1508
-1673
-1809
-1806
-1697
-1543
-1358
-1120
-847
-591
-354
-135
39
170
288
433
567
648
701
810
1006
1200
1274
1222
1152
1100
1049
972
910
970
1155
1377
1548
1681
1817
1973
2129
2281
2438
2600
2717
2685
2449
2018
1485
922
368
-143
-601
-1010
-1360
-1652
-1937
-2223
-2490
-2665
-2714
-2674
-2603
-2480
-2250
-1900
-1493
-1096
-716
-336
81
463
772
1001
1136
1208
1212
1101
835
484
146
-144
-430
-728
-990
-1175
-1304
-1457
-1623
-1737
-1765
-1743
-1692
-1567
-1379
-1153
-935
-728
-520
-331
-172
-9
182
369
509
631
810
1038
1187
1194
1117
1030
957
880
826
849
981
1189
1412
1601
1735
1836
1917
1998
2095
2203
2328
2435
2450
2309
1969
1485
959
422
-74
-500
-851
-1156
-1429
-1688
-1952
-2196
-2421
-2591
-2672
-2675
-2594
-2404
-2082
-1676
-1247
-819
-384
47
419
713
910
1043
1121
1111
1007
814
574
337
102
-143
-394
-633
-837
-1022
-1185
-1314
-1420
-1493
-1544
-1551
-1494
-1380
-1233
-1064
-847
-603
-360
-143
67
268
458
627
782
947
1113
1224
1258
1241
1182
1106
1039
1013
1058
1159
1284
1410
1527
1622
1689
1718
1730
1757
1795
1859
1952
2020
1975
1782
1447
1018
554
108
-291
-625
-925
-1188
-1426
-1659
-1900
-2159
-2397
-2569
-2654
-2644
-2525
-2293
-1946
-1536
-1114
-717
-370
-79
140
297
416
519
603
656
671
640
553
418
254
53
-167
-395
-606
-781
-929
-1044
-1144
-1227
-1292
-1339
-1363
-1339
-1246
-1086
-852
-585
-334
-99
115
270
400
505
611
735
867
996
1088
1139
1155
1160
1148
1134
1119
1118
1129
1168
1238
1314
1383
1424
1430
1416
1396
1400
1422
1429
1400
1304
1149
929
670
395
127
-123
-382
-617
-834
-1033
-1206
-1358
-1499
-1613
-1676
-1694
-1643
-1508
-1313
-1079
-820
-570
-376
-228
-122
-42
39
118
219
307
368
388
372
320
215
78
-89
-258
-426
-569
-675
-759
-812
-866
-936
-1006
-1054
-1070
-1040
-949
-795
-621
-455
-304
-199
-140
-111
-75
-30
37
156
276
388
507
620
714
782
799
775
734
714
730
793
895
975
1000
967
901
829
753
684
627
591
564
540
513
462
398
301
146
-28
-166
-256
-282
-250
-190
-131
-96
-93
-102
-123
-146
-144
-116
-46
53
143
204
234
251
248
226
199
159
103
42
-20
-75
-130
-209
-322
-454
-578
-690
-786
-850
-892
-896
-881
-867
-863
-849
-814
-777
-725
-664
-586
-504
-439
-388
-348
-301
-255
-225
-191
-142
-91
-52
0
76
154
203
210
206
217
260
334
429
514
569
591
595
609
631
629
586
525
466
422
383
337
256
155
42
-83
-173
-218
-205
-156
-88
-10
56
116
169
227
301
399
485
574
691
826
941
1010
1029
994
949
884
780
642
479
312
153
18
-116
-249
-411
-584
-734
-841
-898
-943
-964
-948
-911
-875
-844
-796
-744
-695
-640
-598
-542
-490
-439
-398
-369
-349
-350
-355
-364
-366
-359
-352
-354
-333
-277
-222
-175
-146
-112
-47
36
126
213
283
333
376
424
476
495
459
381
288
208
144
81
17
-50
-121
-187
-229
-234
-191
-135
-94
-59
-3
80
181
310
451
608
735
826
925
1029
1125
1165
1160
1118
1048
980
878
746
604
460
317
166
46
-66
-195
-322
-429
-494
-516
-521
-514
-496
-469
-447
-432
-435
-428
-396
-370
-354
-333
-320
-316
-334
-351
-361
-388
-423
-463
-488
-495
-492
-473
-440
-404
-374
-378
-386
-372
-319
-249
-186
-115
-62
-26
6
30
26
-23
-123
-231
-302
-314
-279
-251
-244
-268
-297
-286
-226
-155
-67
16
86
160
262
401
530
654
761
840
882
906
930
973
1012
999
928
825
717
624
535
429
329
228
150
113
94
84
44
-16
-63
-68
-20
44
90
109
100
73
49
39
37
24
-9
-69
-136
-181
-203
-228
-276
-326
-381
-456
-515
-529
-508
-473
-441
-435
-439
-440
-451
-442
-411
-365
-319
-295
-283
-279
-294
-336
-417
-529
-649
-733
-763
-748
-699
-649
-611
-582
-544
-480
-402
-311
-218
-124
-12
136
328
511
670
774
815
828
834
841
849
863
867
850
779
668
536
411
310
240
190
144
142
160
204
264
297
312
317
316
348
407
457
507
526
523
529
547
526
465
374
266
166
95
56
19
-31
-106
-198
-271
-324
-351
-362
-363
-362
-357
-352
-350
-326
-302
-284
-289
-315
-375
-473
-557
-629
-691
-757
-832
-916
-999
-1042
-1047
-1028
-987
-943
-880
-796
-695
-582
-474
-368
-258
-113
61
237
393
498
556
576
583
587
584
557
518
463
381
289
202
119
47
2
-11
-3
25
86
162
261
357
430
476
497
522
582
669
768
857
913
940
933
905
847
759
672
584
514
453
418
383
320
235
153
104
79
69
57
45
37
36
48
64
62
24
-42
-137
-252
-384
-520
-634
-724
-794
-857
-923
-1003
-1086
-1135
-1161
-1167
-1144
-1091
-1013
-920
-795
-666
-537
-425
-331
-234
-129
-22
74
140
174
175
160
135
71
-29
-141
-238
-308
-348
-361
-372
-367
-348
-326
-265
-195
-109
-20
85
197
282
365
445
526
622
733
835
914
959
973
948
911
869
825
765
706
674
640
607
574
531
491
464
455
479
525
559
575
578
577
570
541
471
383
284
179
77
-30
-142
-271
-394
-501
-594
-677
-754
-820
-870
-896
-903
-891
-853
-794
-721
-620
-510
-408
-322
-267
-223
-179
-150
-126
-119
-143
-183
-253
-343
-450
-569
-679
-752
-791
-803
-777
-748
-711
-669
-623
-568
-497
-403
-299
-189
-77
56
177
285
396
486
568
635
697
730
729
711
673
636
589
551
525
502
491
483
481
482
487
508
565
631
683
723
751
763
749
706
656
594
524
454
380
303
217
132
33
-76
-175
-258
-329
-385
-416
-431
-431
-430
-412
-371
-325
-262
-198
-140
-83
-47
-24
-27
-40
-70
-115
-172
-244
-321
-416
-515
-609
-692
-751
-798
-819
-816
-804
-785
-764
-739
-706
-660
-596
-519
-440
-332
-218
-120
-26
55
120
185
235
270
302
323
326
308
288
261
250
245
241
254
266
288
319
354
379
408
457
504
539
555
556
548
526
479
438
398
368
342
313
277
228
176
111
54
4
-30
-45
-47
-40
-21
8
39
65
90
119
154
187
215
226
223
206
161
112
53
-22
-101
-169
-226
-289
-345
-398
-452
-484
-499
-516
-522
-539
-552
-555
-541
-521
-495
-448
-397
-335
-259
-187
-144
-110
-71
-34
-7
23
48
50
50
51
42
22
-5
-17
-11
-1
21
48
57
71
94
118
135
157
180
186
197
214
214
199
187
171
160
149
146
131
106
78
54
38
17
-2
-9
16
48
89
137
173
204
224
251
283
297
307
307
291
273
239
208
169
108
51
6
-36
-80
-127
-167
-213
-238
-247
-268
-281
-295
-305
-308
-296
-286
-278
-243
-206
-157
-104
-61
-32
-10
6
22
37
40
36
26
9
4
-4
-39
-75
-105
-125
-119
-99
-86
-69
-45
-11
10
23
27
36
56
69
87
101
96
81
63
51
34
5
-26
-49
-57
-50
-43
-44
-34
-14
17
57
101
133
171
212
255
294
311
320
319
304
275
252
222
183
141
98
66
35
2
-37
-75
-111
-143
-159
-175
-183
-198
-209
-193
-184
-171
-162
-152
-136
-113
-71
-28
-6
2
18
22
31
25
0
-18
-37
-45
-57
-74
-89
-111
-121
-114
-115
-114
-100
-86
-64
-36
-20
-15
-4
-12
-17
-22
-30
-32
-50
-67
-77
-73
-65
-79
-111
-120
-112
-106
-90
-58
-25
-1
42
93
129
156
170
188
212
240
247
240
230
215
199
168
138
97
59
25
3
-6
-12
-17
-31
-42
-49
-51
-62
-73
-75
-63
-50
-31
-23
-24
-25
-16
5
14
18
13
14
12
19
22
20
10
-9
-18
-17
-18
-26
-28
-24
-11
13
27
20
13
7
3
12
8
-1
-9
-20
-37
-52
-68
-97
-111
-110
-106
-97
-95
-91
-97
-89
-67
-53
-34
-12
7
24
50
70
82
100
105
106
109
101
90
72
54
41
34
29
5
-22
-41
-49
-58
-57
-54
-44
-31
-25
-11
-11
-11
-7
7
24
28
38
40
30
25
20
27
25
20
7
-6
-14
-23
-20
-20
-16
-16
-15
3
11
6
5
13
28
55
62
62
58
42
38
37
28
10
0
-11
-22
-39
-59
-63
-74
-67
-53
-54
-56
-55
-48
-40
-21
6
29
43
62
76
71
79
92
99
97
95
88
70
45
15
1
-12
-18
-29
-36
-53
-76
-91
-85
-78
-73
-57
-47
-33
-24
-15
-1
16
35
50
58
62
62
55
38
27
32
30
21
8
-12
-17
-19
-29
-33
-39
-44
-28
-29
-30
-26
-15
6
17
27
27
38
44
36
26
17
13
16
15
-3
-21
-35
-52
-61
-59
-58
-55
-57
-54
-50
-48
-29
-16
9
29
46
63
67
67
66
74
87
89
81
61
41
21
-3
-20
-31
-34
-44
-60
-76
-76
-83
-90
-75
-61
-43
-24
-18
-9
5
20
33
49
63
76
81
71
58
53
43
35
24
17
7
-11
-35
-39
-41
-39
-36
-32
-26
-31
-32
-34
-19
-2
9
23
29
25
13
8
14
16
13
9
2
-19
-34
-35
-49
-60
-52
-42
-42
-40
-31
-27
-21
-14
-1
15
29
47
52
50
51
55
56
53
56
43
17
1
-7
-18
-25
-26
-34
-51
-55
-52
-54
-53
-52
-38
-22
-8
6
8
14
29
40
45
49
61
65
58
49
42
30
21
15
4
-4
-15
-29
-32
-30
-28
-33
-27
-18
-22
-13
-5
3
13
18
23
21
35
30
10
12
11
15
13
13
5
-11
-14
-27
-29
-23
-19
-15
-13
-14
-10
-10
-3
15
25
23
28
36
37
29
23
18
11
13
14
6
-7
-16
-27
-27
-25
-40
-38
-36
-40
-31
-25
-25
-23
-11
3
11
15
23
26
23
25
26
30
22
19
23
24
16
2
-1
-5
-13
-20
-25
-25
-19
-9
-9
-10
-5
11
22
20
17
15
24
36
33
29
25
19
21
15
6
0
-2
-14
-20
-21
-21
-32
-38
-31
-26
-23
-21
-11
-5
3
5
12
18
17
20
20
23
20
26
21
2
0
4
-5
-12
-21
-27
-28
-30
-31
-28
-30
-24
-15
-22
-10
-6
-6
5
11
9
12
21
16
19
19
15
5
-4
-13
-20
-16
-22
-18
-18
-28
-25
-21
-17
-18
-19
-13
-3
2
12
14
19
21
26
31
27
32
18
14
17
13
7
-2
-7
-15
-24
-33
-38
-36
-31
-27
-27
-22
-14
-3
2
9
18
23
27
26
26
26
