2
0
3
4
4
2
3
2
2
0
1
0
-3
0
1
2
2
4
7
3
3
2
2
4
2
0
-1
1
-1
1
1
1
1
1
2
2
4
2
1
1
0
-1
-1
1
2
1
2
4
4
3
1
1
3
3
5
1
2
3
-2
1
1
0
0
0
-2
-2
-2
0
1
1
3
2
2
5
6
4
5
4
6
4
4
6
7
9
4
2
3
1
3
3
4
4
3
1
3
5
5
6
6
7
5
5
5
3
4
6
3
3
4
1
0
2
0
0
-1
-2
0
0
1
-2
-4
-2
-1
0
-2
-3
-4
-6
-6
-3
-3
-3
-2
-2
-4
-2
-1
-2
-3
-4
-2
0
1
1
1
2
4
5
2
2
1
0
-1
1
1
2
1
-1
0
0
1
-1
0
1
3
2
-2
-2
1
1
0
-1
-3
-2
-3
-2
-3
-3
-2
-2
-2
-5
-3
-3
-6
-4
-4
-2
-1
-1
1
0
-1
-4
-2
0
-2
-2
-1
0
0
2
2
2
0
-2
-3
-1
-2
-5
-5
-4
-1
-5
-6
-5
-5
-5
-3
-6
-7
-6
-6
-6
-5
-4
-6
-5
-5
-4
-1
1
-1
-2
-2
-4
-2
1
0
-1
0
2
-1
-2
-1
-1
1
2
2
2
-1
0
0
-1
-2
-1
-1
0
3
2
0
-1
2
-1
-3
-1
-1
-1
1
2
-1
1
0
0
0
-2
-3
-1
-1
1
-1
-2
-1
-1
-3
-3
-2
-3
-3
-2
-1
-5
-5
-3
-3
-4
-6
-5
-2
-3
-3
-3
-3
0
0
-2
2
-1
-2
2
0
0
-1
0
3
5
4
2
2
3
5
6
7
3
5
6
6
5
3
4
4
5
3
6
6
5
5
4
4
6
6
6
5
6
6
4
7
4
4
7
5
7
7
6
5
6
1
-1
-4
-7
-9
-14
-12
-12
-11
-13
-12
-12
-12
-7
-8
-8
-8
-8
-7
-9
-7
-6
-6
-2
-3
-4
1
1
3
5
7
7
8
9
5
7
6
8
7
6
6
3
-1
-5
-6
-8
-11
-15
-21
-25
-26
-30
-32
-37
-36
-38
-38
-31
-30
-28
-26
-24
-21
-16
-14
-9
-6
-4
0
3
8
14
17
23
27
29
32
36
40
40
37
40
42
40
43
45
46
47
47
49
51
55
56
57
57
57
63
63
59
60
60
53
48
43
40
37
30
26
22
16
11
6
2
0
-3
-8
-11
-12
-13
-19
-19
-23
-24
-28
-37
-43
-49
-60
-69
-77
-90
-102
-112
-120
-125
-132
-135
-138
-140
-139
-135
-132
-130
-126
-124
-123
-118
-118
-113
-108
-100
-89
-76
-64
-53
-37
-17
2
21
38
57
75
93
109
127
141
160
178
194
211
224
238
248
256
262
264
265
262
260
257
250
248
247
245
246
248
252
255
255
254
244
229
207
166
120
65
3
-66
-138
-212
-282
-344
-398
-444
-480
-500
-509
-503
-491
-472
-447
-420
-389
-357
-322
-287
-253
-219
-182
-141
-99
-58
-11
36
79
117
150
179
200
214
220
220
213
201
186
165
146
128
109
93
75
58
42
26
3
-21
-47
-73
-104
-132
-159
-187
-208
-223
-236
-240
-237
-230
-215
-201
-179
-157
-138
-123
-104
-86
-72
-57
-44
-28
-11
9
32
60
90
119
152
183
210
239
262
280
292
304
311
312
314
309
301
293
285
274
263
247
233
214
193
170
144
117
91
64
37
17
1
-15
-28
-29
-33
-32
-27
-26
-25
-26
-31
-36
-44
-52
-62
-72
-79
-85
-93
-97
-102
-109
-115
-121
-129
-134
-141
-153
-158
-164
-169
-175
-181
-178
-176
-169
-157
-142
-126
-109
-87
-67
-47
-32
-14
2
11
25
37
47
60
74
92
112
128
151
174
191
204
214
223
222
219
211
199
183
166
148
131
114
94
78
56
40
26
9
-6
-20
-32
-45
-62
-78
-88
-99
-109
-119
-126
-134
-142
-140
-143
-150
-157
-163
-173
-188
-207
-224
-246
-267
-285
-299
-312
-322
-323
-315
-303
-290
-273
-253
-233
-214
-190
-172
-156
-136
-119
-102
-86
-63
-43
-17
7
37
71
103
135
173
209
238
269
298
320
336
352
364
375
378
381
385
383
379
375
366
352
337
320
296
267
237
211
181
149
121
92
58
22
-12
-47
-83
-118
-150
-176
-196
-203
-195
-178
-150
-110
-59
-9
38
83
117
142
156
157
144
118
83
45
3
-45
-91
-142
-197
-252
-306
-362
-421
-475
-524
-568
-610
-632
-642
-643
-629
-606
-567
-524
-474
-409
-344
-286
-218
-147
-73
-1
74
152
224
295
360
421
474
514
547
567
576
575
568
555
531
511
496
477
459
450
448
448
450
460
476
490
505
522
541
556
569
576
575
560
530
483
415
317
210
86
-56
-207
-352
-487
-616
-727
-812
-877
-924
-955
-962
-965
-964
-955
-942
-926
-907
-878
-840
-785
-723
-644
-552
-455
-349
-243
-138
-41
40
110
166
206
235
261
277
294
317
330
342
350
350
329
295
251
186
104
12
-82
-181
-277
-361
-427
-474
-499
-495
-473
-432
-376
-309
-234
-161
-86
-8
66
136
195
258
322
379
439
510
575
633
693
747
779
800
812
808
787
758
725
693
662
632
612
602
592
588
593
595
579
559
534
489
427
360
283
191
93
-10
-121
-228
-333
-437
-522
-597
-660
-706
-731
-754
-770
-771
-768
-771
-764
-757
-747
-728
-702
-667
-614
-551
-482
-401
-314
-239
-172
-112
-71
-49
-35
-34
-47
-60
-79
-108
-133
-163
-199
-225
-245
-271
-291
-293
-295
-295
-273
-243
-211
-166
-110
-54
8
68
123
186
254
311
366
434
493
536
585
633
660
686
713
725
735
747
760
765
781
802
822
854
885
910
930
943
922
869
791
681
530
355
173
-36
-244
-438
-616
-774
-894
-980
-1044
-1078
-1087
-1087
-1077
-1058
-1042
-1020
-986
-946
-903
-840
-759
-678
-582
-462
-341
-222
-95
23
127
215
286
336
376
397
396
398
398
382
366
364
353
333
313
277
216
131
16
-134
-297
-471
-653
-815
-948
-1056
-1118
-1125
-1100
-1039
-935
-817
-694
-553
-404
-268
-133
6
137
280
427
560
699
843
959
1053
1139
1193
1214
1218
1205
1169
1122
1078
1030
996
983
974
993
1044
1089
1131
1198
1246
1242
1224
1170
1037
860
668
426
145
-134
-411
-674
-886
-1065
-1216
-1302
-1341
-1369
-1363
-1335
-1318
-1305
-1268
-1241
-1225
-1177
-1110
-1047
-955
-815
-657
-490
-307
-129
29
175
283
354
403
430
418
399
385
363
332
311
280
230
180
114
8
-140
-304
-478
-657
-836
-983
-1090
-1166
-1201
-1182
-1105
-1006
-898
-760
-601
-457
-324
-176
-26
113
268
435
596
747
894
1043
1175
1267
1306
1322
1326
1294
1233
1168
1119
1066
1029
1005
995
1029
1086
1130
1180
1225
1243
1254
1237
1126
962
814
607
302
7
-268
-571
-840
-1043
-1233
-1390
-1466
-1523
-1557
-1531
-1509
-1499
-1456
-1438
-1456
-1398
-1293
-1243
-1157
-977
-801
-634
-409
-194
-20
157
302
383
455
506
491
470
468
420
391
418
396
319
286
242
95
-78
-209
-384
-604
-789
-923
-1024
-1076
-1083
-1031
-900
-744
-613
-456
-261
-101
28
184
330
430
564
746
888
1007
1153
1275
1346
1413
1458
1440
1402
1363
1291
1199
1116
1048
1010
1001
981
963
997
1046
1063
1062
1061
1043
984
851
646
414
160
-132
-435
-742
-1060
-1332
-1529
-1695
-1820
-1860
-1846
-1824
-1780
-1713
-1629
-1536
-1455
-1387
-1311
-1213
-1081
-922
-748
-557
-338
-100
119
312
474
598
680
691
634
574
522
414
275
179
93
-22
-131
-227
-345
-459
-570
-688
-809
-901
-958
-962
-908
-817
-694
-539
-342
-135
71
268
441
584
718
860
973
1049
1135
1215
1243
1278
1328
1307
1261
1272
1264
1180
1115
1101
1093
1107
1119
1132
1211
1327
1383
1438
1540
1599
1603
1561
1359
1050
776
426
-82
-569
-1007
-1468
-1843
-2101
-2337
-2452
-2401
-2376
-2346
-2183
-2035
-1970
-1838
-1713
-1662
-1540
-1347
-1202
-1008
-717
-448
-179
148
412
579
745
862
858
793
701
570
433
304
151
14
-64
-165
-327
-470
-578
-731
-896
-1001
-1094
-1169
-1145
-1026
-879
-683
-444
-192
55
281
448
585
702
770
810
891
961
999
1065
1167
1232
1248
1287
1340
1327
1257
1199
1174
1148
1120
1139
1211
1291
1373
1501
1634
1738
1801
1825
1853
1860
1647
1211
870
598
64
-577
-1035
-1476
-1956
-2263
-2467
-2652
-2644
-2538
-2486
-2319
-2073
-1956
-1805
-1565
-1474
-1386
-1107
-904
-798
-497
-171
-10
206
479
572
577
553
393
198
46
-207
-455
-586
-756
-895
-821
-770
-844
-770
-592
-543
-485
-329
-239
-158
7
142
243
388
482
533
625
649
542
496
535
494
431
452
471
482
570
692
789
883
971
1055
1168
1266
1336
1419
1500
1562
1697
1869
1982
2088
2257
2437
2575
2655
2709
2719
2378
1620
947
454
-399
-1494
-2324
-2988
-3599
-3913
-4015
-3974
-3591
-3083
-2686
-2116
-1497
-1175
-858
-507
-478
-473
-195
-74
-122
69
300
347
444
522
396
175
-162
-647
-1027
-1334
-1760
-2067
-2092
-2044
-1893
-1538
-1187
-916
-545
-101
231
462
633
784
953
1081
1134
1214
1238
1104
949
854
662
364
124
-32
-136
-206
-272
-209
35
221
403
781
1111
1274
1599
1957
2082
2160
2382
2557
2645
2743
2842
2881
2913
2978
2984
2878
2837
2702
1840
586
-104
-703
-2011
-3236
-3921
-4556
-4882
-4636
-4402
-3932
-2862
-1928
-1212
-203
496
699
1098
1243
808
669
694
226
-79
0
-269
-626
-648
-904
-1388
-1734
-2292
-2879
-3012
-3148
-3337
-3001
-2490
-2089
-1302
-343
173
606
1200
1498
1557
1603
1408
1164
1081
827
484
367
142
-253
-417
-476
-725
-870
-804
-707
-495
-194
141
636
1137
1531
2046
2523
2696
2828
3078
3136
3013
3031
3006
2826
2808
2837
2659
2546
2546
2440
2250
2212
2021
967
-437
-1087
-1658
-3018
-4198
-4688
-5078
-5126
-4532
-3975
-3171
-1747
-621
138
1223
1797
1696
1802
1620
799
334
65
-643
-1047
-1002
-1370
-1752
-1657
-1803
-2192
-2422
-2789
-3006
-2737
-2509
-2247
-1514
-738
-91
817
1617
1821
1884
2007
1770
1315
843
249
-263
-597
-945
-1180
-1244
-1374
-1470
-1285
-1025
-914
-738
-350
124
544
975
1541
2064
2340
2634
3033
3158
3027
2986
2993
2829
2625
2543
2455
2406
2436
2454
2467
2519
2598
2689
2662
2638
2172
714
-700
-1306
-2387
-4079
-5109
-5669
-6101
-5636
-4772
-4149
-2721
-835
224
1125
2191
2344
2148
2033
1201
175
-263
-936
-1709
-1797
-1922
-2391
-2344
-2218
-2535
-2665
-2771
-3022
-2728
-2193
-1856
-1049
0
648
1403
2302
2484
2217
2077
1723
1062
399
-309
-812
-1031
-1335
-1462
-1248
-1274
-1342
-1016
-714
-600
-361
-123
143
604
964
1247
1761
2122
2191
2499
2798
2745
2772
2927
2848
2761
2808
2791
2824
2900
2792
2772
2943
2955
2928
3101
3108
2415
921
-549
-1417
-2560
-4329
-5530
-5955
-6096
-5558
-4455
-3355
-1722
203
1357
2063
2691
2559
2019
1377
127
-1132
-1723
-2416
-3131
-3127
-2997
-3164
-2959
-2545
-2483
-2502
-2411
-2250
-1760
-1144
-589
197
1067
1590
2026
2474
2441
1914
1356
889
354
-355
-993
-1172
-1199
-1430
-1395
-1069
-1070
-1175
-867
-548
-455
-241
63
358
706
912
1098
1531
1792
1803
2022
2256
2225
2333
2680
2831
2765
2827
2959
3053
3059
2948
2895
3017
3069
3057
3217
3330
2590
799
-836
-1813
-3158
-5055
-6293
-6617
-6366
-5488
-4098
-2490
-464
1453
2598
3306
3564
2941
2098
1138
-398
-1774
-2409
-3018
-3543
-3472
-3255
-3184
-2969
-2666
-2435
-2273
-2230
-1965
-1275
-599
-14
750
1474
1887
2156
2243
1991
1359
577
38
-319
-922
-1459
-1411
-1242
-1360
-1228
-859
-813
-839
-498
-186
-71
121
360
619
894
1055
1123
1289
1447
1559
1666
1840
2065
2286
2501
2806
3019
2985
3017
3186
3097
2923
3000
3179
3297
3481
3722
3350
1635
-447
-1589
-2771
-4797
-6337
-6687
-6392
-5325
-3711
-2166
-170
2043
3198
3660
3908
3059
1680
696
-698
-2383
-3108
-3336
-3759
-3804
-3492
-3325
-3046
-2656
-2367
-2077
-1889
-1646
-804
98
590
1159
1726
1787
1688
1568
1052
341
-257
-780
-1076
-1167
-1305
-1263
-935
-731
-593
-373
-338
-405
-295
-143
-48
94
278
501
711
775
854
1013
1089
1133
1346
1615
1909
2228
2533
2862
3119
3073
2936
2936
2853
2703
2769
3024
3286
3598
3797
3096
1077
-930
-2105
-3536
-5532
-6607
-6594
-5934
-4465
-2441
-616
1368
3156
3935
3910
3379
2117
772
-554
-2177
-3320
-3460
-3459
-3495
-3123
-2548
-2179
-1910
-1632
-1302
-1109
-1134
-884
-254
200
544
1014
1215
1050
843
546
90
-490
-1028
-1244
-1147
-1203
-1322
-1054
-644
-504
-415
-221
-99
-54
59
360
639
725
830
1107
1157
917
796
908
971
1075
1382
1804
2228
2641
3007
3297
3415
3391
3339
3156
3071
3277
3517
3720
3850
2778
430
-1453
-2629
-4461
-6388
-7194
-7019
-5931
-4071
-2214
-169
2237
3805
4196
4044
3161
1685
344
-1237
-2996
-3845
-3879
-3913
-3689
-3168
-2744
-2309
-1754
-1239
-761
-503
-374
199
965
1277
1413
1581
1338
736
167
-447
-1113
-1675
-1928
-1725
-1292
-1013
-615
-38
288
341
403
274
4
-187
-382
-503
-264
-8
54
312
630
661
681
882
913
863
1053
1464
1856
2244
2650
3091
3394
3600
3814
3834
3632
3779
4119
4153
4243
4023
2113
-700
-2301
-3315
-5104
-6640
-6831
-6096
-4570
-2652
-912
1003
2873
3523
3313
2865
1668
99
-1022
-2288
-3701
-4229
-4054
-3942
-3798
-3464
-2888
-2078
-1325
-638
75
552
893
1430
1867
1848
1578
1241
759
150
-416
-871
-1251
-1500
-1434
-1071
-614
-190
159
378
471
445
309
95
-205
-576
-868
-898
-697
-488
-253
85
257
186
250
517
644
712
1003
1347
1618
2006
2523
2920
3124
3193
3259
3471
3764
3872
3966
4366
4610
3343
561
-1617
-2686
-4127
-5789
-6325
-5856
-4542
-2642
-1014
459
2383
3515
3347
2770
1880
675
-363
-1728
-3312
-4003
-4033
-4239
-4300
-4010
-3567
-2970
-2116
-1023
-51
458
952
1685
2127
2099
1963
1757
1282
567
-92
-508
-843
-1187
-1226
-898
-488
-61
415
800
966
993
956
836
595
157
-365
-655
-625
-624
-649
-375
-89
-116
-18
286
361
437
802
1026
1095
1250
1544
1952
2281
2384
2522
2837
3286
3664
3958
4194
4606
4097
1303
-1666
-2813
-3846
-5640
-6459
-6024
-4672
-2602
-864
355
2256
3706
3551
2895
2289
1157
143
-875
-2422
-3586
-3916
-4188
-4470
-4615
-4492
-3844
-2881
-1808
-671
156
621
1186
1754
1965
1790
1434
1096
747
225
-301
-586
-842
-1018
-910
-616
-236
336
880
1134
1221
1256
1217
1124
788
208
-169
-194
-213
-300
-41
320
350
334
589
842
1026
1195
1232
1299
1493
1671
1851
1831
1776
2031
2315
2511
2876
3358
3731
4388
4194
1307
-1936
-2956
-3905
-6017
-7057
-6486
-5142
-3087
-1218
23
1848
3592
3754
3081
2390
1468
834
66
-1522
-2799
-3078
-3371
-3944
-4514
-4665
-4218
-3404
-2385
-1123
-144
385
1017
1640
1876
1762
1415
1101
804
201
-450
-728
-985
-1228
-1099
-739
-294
381
1051
1453
1601
1534
1328
1126
641
-122
-642
-679
-578
-577
-298
259
536
625
993
1295
1323
1585
1996
1987
1925
2212
2476
2384
2273
2316
2346
2557
2921
3195
3451
4010
3997
1481
-2149
-3904
-4615
-6275
-7645
-7368
-5928
-3773
-1805
-550
1094
2990
3438
2875
2405
1873
1429
864
-578
-1947
-2379
-2780
-3559
-4296
-4562
-4254
-3316
-2190
-988
19
497
791
1140
1227
1054
839
780
714
384
-113
-382
-584
-892
-940
-671
-253
238
791
1201
1379
1361
1272
1117
789
237
-239
-330
-300
-516
-551
-219
-18
28
471
1024
1456
2077
2658
2742
2649
2752
2739
2544
2353
2533
2705
2858
3434
4065
4125
4215
4254
1683
-2450
-4457
-5030
-6674
-7964
-7554
-6121
-4018
-2179
-1240
266
2223
2657
2170
1953
1637
1534
1340
-90
-1825
-2416
-2717
-3452
-4379
-4727
-4362
-3267
-2042
-732
393
929
1110
1271
1289
1073
786
582
368
-12
-489
-769
-1035
-1387
-1426
-978
-379
163
754
1222
1387
1339
1276
1144
933
554
27
-273
-307
-506
-708
-571
-396
-514
-261
511
1328
2048
2695
3187
3384
3389
3173
3017
2876
2835
2979
3174
3716
4239
4456
4607
5072
3315
-1096
-4084
-4815
-5972
-7576
-7786
-6982
-5214
-3158
-2241
-1315
751
2077
2084
2018
1950
2150
2360
1227
-903
-2015
-2444
-3059
-4086
-4753
-4549
-3397
-2098
-961
130
704
834
909
985
942
847
918
888
410
-342
-829
-1162
-1692
-2042
-1732
-1040
-317
345
862
1027
1043
1042
862
659
473
181
-141
-179
-339
-690
-721
-570
-597
-417
269
1044
1769
2611
3226
3539
3581
3572
3401
3078
2906
3085
3353
3671
4063
4398
4573
4852
3492
-330
-3324
-4209
-5123
-6704
-7173
-6588
-5115
-3557
-3300
-2854
-620
1185
1159
1027
1411
2110
2764
1827
-298
-1568
-1889
-2409
-3303
-4048
-4029
-2959
-1600
-615
205
828
1113
1060
957
1082
1161
1205
1071
561
-216
-671
-934
-1413
-1762
-1523
-837
-294
-16
255
347
92
22
130
185
256
319
89
-72
-80
-327
-567
-646
-691
-562
60
906
1899
2838
3231
3307
3414
3556
3618
3696
3810
3789
4230
4830
4957
4748
4987
4430
868
-2838
-4002
-4342
-5721
-6501
-6315
-5479
-3895
-3160
-3562
-2599
-600
186
-5
-15
410
1530
1588
-303
-1874
-2012
-2240
-2924
-3543
-3697
-3188
-2088
-1009
-288
122
578
1335
1469
1201
1440
2134
2209
1414
349
-396
-614
-907
-1306
-1314
-767
-202
33
192
240
-15
-74
254
293
169
537
939
584
-134
-527
-602
-764
-903
-717
-271
240
1146
2031
2564
2902
3177
3157
3340
3634
3967
4336
4816
5263
5414
5402
5443
5175
2047
-1970
-3226
-3037
-4230
-5487
-5569
-5057
-3759
-3094
-3792
-3322
-1426
-510
-719
-970
-1028
-12
825
-451
-2283
-2496
-2232
-2414
-2964
-3223
-2993
-2166
-1421
-812
-385
-151
549
1380
1457
1084
1583
2273
1895
800
72
-134
-242
-478
-700
-419
25
88
-101
-133
-565
-803
-395
-75
-255
-115
541
921
604
-118
-367
-153
-268
-643
-556
-152
343
991
1524
2005
2448
2572
2731
3226
3518
3703
4146
4608
4959
5438
5616
5934
5419
2058
-1476
-2332
-2330
-3671
-4641
-4814
-4489
-3328
-2916
-3609
-3042
-1384
-708
-877
-1036
-961
36
431
-1090
-2631
-2634
-2330
-2656
-3125
-3242
-2836
-1944
-1262
-873
-688
-486
266
952
895
511
1032
1714
1365
391
-6
255
225
-26
36
462
639
453
302
30
-489
-643
-275
-131
-260
-57
556
938
699
130
-2
172
-111
-422
-351
98
703
1278
1685
2101
2424
2383
2623
2977
3208
3495
4042
4441
4847
5508
6132
5180
1397
-1680
-2055
-2211
-3604
-4341
-4317
-3873
-2803
-2962
-3566
-2221
-507
-546
-881
-894
-730
122
-143
-2176
-3193
-2658
-2468
-2874
-3284
-3298
-2543
-1603
-1423
-1279
-716
-281
291
917
1086
856
963
1082
778
119
-274
30
478
369
111
593
1127
1050
703
368
-26
-155
-40
-24
-206
-163
363
1013
939
496
421
538
343
-48
-464
-394
328
818
1013
1613
2305
2448
2738
3210
3411
3501
3854
4197
4301
4426
4973
5146
2553
-1090
-2299
-2032
-2837
-3857
-4129
-4161
-3346
-2939
-3836
-3487
-1425
-407
-708
-714
-613
-60
326
-1064
-2878
-2909
-2207
-2196
-2602
-2802
-2487
-1493
-858
-874
-676
-371
-55
481
770
536
629
1011
752
74
-366
-305
50
211
-111
37
683
969
807
408
-133
-272
-64
-314
-625
-447
-29
524
1001
897
742
879
914
630
243
-40
305
865
937
1071
1737
2177
2474
3057
3564
3791
3999
4386
4538
4509
4784
5342
3753
104
-1734
-1764
-2535
-3697
-3937
-4237
-4046
-3388
-4180
-4539
-2848
-1296
-1204
-1022
-969
-548
553
-48
-2131
-2570
-1745
-1685
-2067
-2313
-2439
-1760
-944
-955
-860
-404
-106
418
716
389
320
931
840
213
-60
-23
260
479
285
148
662
963
868
668
73
-412
-229
-242
-685
-688
-275
71
442
473
416
852
1239
1080
812
613
743
1167
1208
989
1414
1857
2032
2469
2915
3301
3802
4214
4209
4463
4917
5343
4550
1455
-1169
-1542
-1885
-3357
-4162
-4337
-4397
-3922
-4363
-5146
-3851
-1878
-1668
-1902
-1602
-1299
-410
-79
-1627
-2646
-1777
-1249
-1841
-2187
-2154
-1875
-1106
-824
-1015
-569
115
485
638
601
451
943
1261
640
145
196
427
649
643
287
573
1107
799
489
476
127
-88
113
-126
-531
-224
112
127
53
-18
206
748
973
804
745
906
1195
1356
1322
1620
2091
2246
2506
2973
3279
3496
4018
4301
4286
4577
5351
5236
2817
22
-898
-1135
-2236
-3347
-4152
-4582
-4060
-4170
-5484
-5222
-3038
-1906
-2265
-2503
-2154
-1034
-333
-1520
-2884
-2216
-1164
-1556
-2496
-2547
-1810
-995
-658
-663
-304
275
622
508
243
224
650
1017
626
54
-32
362
667
640
563
760
1179
1124
642
240
121
161
-3
-342
-607
-528
-395
-403
-460
-483
-227
318
818
906
856
1122
1533
1685
1632
1939
2403
2535
2664
3011
3343
3529
3945
4302
4444
4669
5060
4901
3372
1256
-34
-402
-1146
-2449
-3523
-3932
-3893
-4385
-5288
-5187
-3795
-2743
-2851
-3125
-2694
-1654
-1180
-1797
-2476
-2155
-1460
-1611
-2455
-2825
-2140
-1238
-922
-781
-230
499
801
561
178
169
620
933
629
133
36
411
753
799
943
1482
1852
1632
1095
513
117
80
-71
-528
-664
-384
-320
-603
-810
-781
-444
-53
250
535
710
936
1352
1677
1755
2141
2768
2855
2675
2793
3188
3432
3469
3454
3849
4532
4670
4066
3018
1844
936
362
-551
-1812
-2681
-3147
-3603
-4157
-4708
-4615
-3657
-2968
-3451
-3920
-3448
-2602
-2331
-2604
-2762
-2128
-1396
-1675
-2588
-2796
-2252
-1651
-1320
-1061
-456
481
1013
800
555
749
1127
1171
701
167
61
217
342
513
943
1615
2085
1940
1590
1381
1098
768
534
237
84
140
-3
-421
-741
-915
-889
-684
-515
-266
-57
-31
113
559
919
1240
1708
1974
2087
2259
2369
2445
2484
2412
2610
3302
3757
3770
3712
3436
2854
2311
1756
1041
443
-167
-974
-1702
-2113
-2364
-2553
-2786
-3069
-3288
-3426
-3470
-3326
-3156
-3142
-3092
-2849
-2693
-2792
-2914
-2760
-2368
-1788
-1141
-605
-187
232
578
752
724
584
491
385
-50
-662
-969
-870
-670
-489
-198
134
331
457
638
712
649
727
862
875
760
581
388
213
-81
-415
-381
-132
-31
-68
-137
-72
283
784
1126
1455
1891
2336
2701
2910
3056
3172
3228
3232
3463
3782
3998
4049
3899
3545
3198
2879
2475
1910
1095
133
-735
-1414
-1957
-2423
-3003
-3527
-3729
-3874
-4221
-4319
-4105
-3951
-3935
-3827
-3679
-3482
-3426
-3483
-3300
-2736
-2075
-1476
-988
-637
-214
265
468
418
388
420
304
-62
-448
-446
-128
36
89
236
391
540
716
800
819
976
1175
1249
1177
954
834
783
503
50
-76
60
129
-24
-289
-292
63
437
759
1222
1765
2310
2809
3061
3206
3448
3595
3631
3756
3910
3941
3903
3632
3239
2981
2682
2044
1250
466
-314
-948
-1507
-2163
-2748
-3029
-3328
-3754
-4057
-4204
-4272
-4170
-3988
-3933
-3858
-3664
-3500
-3434
-3404
-3274
-2899
-2371
-1946
-1592
-1130
-643
-225
70
298
502
634
533
266
92
163
401
647
753
720
663
714
831
929
1070
1262
1420
1511
1502
1233
989
934
729
356
248
337
362
330
123
-131
11
388
634
963
1468
1981
2490
2892
3088
3306
3568
3714
3787
3838
3795
3679
3453
3167
2954
2568
1753
867
263
-296
-907
-1464
-2103
-2784
-3119
-3239
-3623
-4093
-4258
-4227
-4202
-4151
-4120
-4072
-3964
-3879
-3800
-3568
-3335
-3160
-2856
-2455
-2132
-1722
-1150
-615
-311
-97
287
692
780
642
646
791
1006
1192
1245
1132
980
831
825
938
1096
1346
1641
1732
1644
1464
1176
887
639
374
237
278
304
341
313
106
103
471
720
830
1178
1701
2211
2636
2894
3128
3481
3691
3744
3739
3600
3402
3374
3293
3002
2518
1826
1043
441
-68
-598
-1119
-1709
-2379
-2927
-3225
-3404
-3680
-4047
-4159
-4013
-3946
-3978
-3908
-3908
-3965
-3842
-3588
-3410
-3306
-3164
-2870
-2470
-2119
-1638
-965
-475
-322
-121
260
671
901
925
1017
1353
1559
1502
1388
1185
970
1030
1142
1125
1325
1707
1860
1780
1618
1333
1080
844
464
187
191
230
214
189
73
100
424
703
789
1044
1532
2088
2540
2814
3064
3419
3662
3676
3578
3337
3043
2928
2794
2344
1737
1085
422
-135
-564
-989
-1387
-1825
-2324
-2774
-3126
-3428
-3582
-3710
-3920
-3959
-3729
-3610
-3650
-3613
-3508
-3444
-3332
-3184
-3117
-3068
-2853
-2495
-2078
-1564
-920
-335
-8
144
400
820
1126
1207
1353
1700
1926
1888
1761
1601
1415
1310
1230
1137
1243
1527
1732
1776
1662
1417
1246
1072
694
339
284
303
266
181
46
62
333
580
729
1001
1408
1912
2401
2692
2900
3285
3601
3623
3464
3280
3127
3008
2694
2107
1384
626
-27
-515
-957
-1444
-1855
-2224
-2582
-2994
-3378
-3673
-3823
-3954
-4054
-4104
-4001
-3808
-3713
-3704
-3518
-3277
-3216
-3197
-3114
-2990
-2741
-2347
-1992
-1532
-861
-132
332
570
802
1136
1358
1453
1618
1923
2152
2149
1945
1764
1677
1565
1383
1219
1229
1502
1813
1879
1793
1630
1348
1077
777
356
112
82
7
-95
-148
-168
30
352
529
779
1231
1650
2063
2476
2778
3132
3492
3525
3395
3319
3269
3237
3014
2313
1526
893
243
-355
-796
-1311
-1801
-2148
-2556
-3075
-3489
-3810
-4068
-4243
-4348
-4402
-4324
-4174
-4043
-3911
-3677
-3415
-3276
-3215
-3125
-2935
-2606
-2195
-1860
-1443
-766
-26
497
859
1165
1499
1761
1885
2022
2337
2593
2539
2236
1920
1749
1707
1636
1441
1326
1465
1734
1831
1782
1640
1428
1165
865
448
134
5
-133
-326
-356
-321
-278
-96
140
333
642
1114
1553
1947
2352
2773
3060
3152
3123
3163
3211
3139
2833
2299
1643
1009
420
-115
-608
-1077
-1500
-1884
-2357
-2933
-3406
-3745
-4081
-4376
-4457
-4422
-4448
-4453
-4282
-4001
-3753
-3575
-3392
-3151
-2971
-2890
-2653
-2171
-1669
-1195
-588
74
643
1143
1580
1893
2141
2366
2589
2858
3071
3067
2844
2539
2219
1992
1884
1744
1525
1427
1491
1585
1664
1655
1468
1233
1022
736
431
211
-31
-237
-292
-338
-447
-426
-259
-53
150
380
787
1355
1753
1947
2203
2471
2631
2772
2844
2741
2537
2165
1565
915
314
-199
-524
-864
-1362
-1739
-1983
-2479
-3073
-3455
-3742
-4064
-4254
-4339
-4379
-4371
-4253
-3994
-3685
-3537
-3469
-3242
-2989
-2926
-2806
-2388
-1811
-1256
-698
-34
667
1235
1629
1993
2291
2461
2633
2878
3051
3137
3115
2958
2739
2534
2296
2090
1890
1615
1418
1384
1363
1336
1331
1182
946
788
633
396
191
-16
-180
-266
-365
-473
-385
-147
38
188
446
856
1244
1389
1380
1557
1892
2109
2130
2100
2028
1882
1524
958
335
-116
-387
-605
-967
-1344
-1560
-1766
-2198
-2689
-3032
-3308
-3612
-3879
-4068
-4133
-4042
-3884
-3684
-3515
-3409
-3274
-2994
-2835
-2802
-2556
-1976
-1391
-884
-315
365
979
1388
1686
2053
2367
2531
2697
2869
2935
2960
3001
2946
2831
2708
2582
2388
2057
1675
1475
1334
1113
971
947
804
604
476
369
237
71
-129
-280
-424
-583
-507
-207
-2
126
424
788
1025
1068
1032
1116
1345
1437
1365
1340
1354
1306
1174
824
294
-69
-229
-465
-811
-1065
-1238
-1409
-1710
-2106
-2414
-2629
-2989
-3386
-3586
-3657
-3694
-3627
-3548
-3455
-3241
-2996
-2817
-2672
-2562
-2343
-1878
-1389
-956
-428
177
660
1044
1387
1776
2190
2494
2681
2878
2999
3020
3014
2999
2988
3001
2901
2666
2371
2045
1780
1565
1244
940
840
761
580
392
273
209
141
-57
-276
-412
-545
-595
-448
-237
-48
197
524
768
834
825
935
1079
1073
939
841
838
844
707
436
106
-241
-478
-603
-824
-1051
-1120
-1199
-1415
-1650
-1910
-2180
-2481
-2831
-3063
-3074
-3113
-3205
-3210
-3163
-3057
-2829
-2679
-2641
-2549
-2321
-1947
-1510
-1164
-774
-274
155
490
856
1235
1619
1980
2275
2536
2753
2835
2827
2835
2889
2993
2989
2797
2542
2298
2060
1825
1508
1168
958
804
620
474
337
219
173
50
-154
-265
-378
-512
-471
-316
-140
124
410
638
842
936
976
1118
1180
1021
872
797
722
632
441
102
-250
-527
-722
-856
-984
-1062
-1036
-1039
-1200
-1459
-1721
-2005
-2297
-2534
-2632
-2687
-2787
-2861
-2871
-2861
-2779
-2646
-2553
-2502
-2352
-2033
-1610
-1273
-1042
-748
-364
-25
280
641
1015
1341
1677
2025
2273
2382
2448
2545
2660
2757
2788
2767
2659
2412
2171
2043
1820
1451
1161
929
673
504
386
253
148
32
-93
-174
-346
-566
-549
-377
-268
-86
220
476
691
870
976
1118
1262
1227
1080
964
871
820
733
408
-33
-352
-613
-900
-1116
-1181
-1148
-1094
-1175
-1403
-1617
-1791
-2052
-2300
-2426
-2495
-2557
-2602
-2702
-2767
-2684
-2561
-2472
-2349
-2150
-1831
-1382
-1023
-837
-620
-308
-33
213
492
814
1149
1442
1703
1978
2191
2293
2375
2485
2581
2638
2649
2591
2408
2180
2060
1937
1646
1300
1047
800
550
343
236
223
174
10
-131
-243
-438
-555
-471
-335
-170
56
259
452
660
796
915
1050
1067
1022
1002
949
880
813
573
173
-242
-645
-1004
-1266
-1423
-1422
-1347
-1422
-1633
-1807
-1983
-2226
-2478
-2643
-2695
-2672
-2684
-2749
-2798
-2804
-2725
-2556
-2346
-2106
-1752
-1280
-832
-507
-240
32
297
541
714
871
1114
1383
1596
1827
2062
2222
2347
2446
2468
2515
2576
2534
2426
2282
2120
2023
1899
1605
1291
1069
806
525
347
283
284
228
37
-154
-256
-340
-369
-277
-124
40
210
377
543
668
743
817
873
872
873
895
894
840
644
289
-101
-509
-894
-1157
-1323
-1373
-1286
-1304
-1542
-1784
-1979
-2260
-2572
-2812
-2923
-2885
-2840
-2883
-2907
-2893
-2863
-2720
-2448
-2169
-1812
-1345
-909
-528
-160
170
458
709
879
989
1132
1314
1499
1706
1921
2097
2265
2392
2425
2428
2463
2441
2329
2218
2111
1981
1832
1609
1334
1096
844
566
357
245
189
166
71
-130
-276
-302
-284
-244
-151
-6
157
300
434
578
665
682
711
766
805
848
907
924
810
517
124
-266
-631
-939
-1136
-1224
-1217
-1193
-1308
-1554
-1780
-2026
-2335
-2600
-2753
-2812
-2803
-2810
-2867
-2888
-2849
-2753
-2554
-2281
-1964
-1547
-1116
-758
-395
31
415
705
913
1067
1221
1391
1545
1737
1957
2132
2273
2427
2501
2497
2496
2481
2399
2289
2198
2119
1974
1707
1415
1178
913
598
342
205
116
33
-49
-164
-301
-403
-404
-346
-295
-197
-8
154
260
396
516
517
473
478
556
658
746
795
778
590
204
-222
-596
-941
-1182
-1300
-1352
-1368
-1408
-1529
-1711
-1963
-2255
-2478
-2601
-2719
-2787
-2781
-2822
-2902
-2878
-2749
-2597
-2399
-2143
-1791
-1375
-1007
-669
-240
224
612
904
1099
1235
1430
1654
1862
2069
2279
2481
2663
2745
2743
2750
2752
2681
2545
2402
2292
2190
1972
1638
1341
1085
787
485
273
169
109
4
-172
-332
-434
-463
-431
-394
-326
-100
160
306
377
436
433
408
369
334
405
571
663
629
469
181
-140
-439
-809
-1121
-1219
-1208
-1237
-1310
-1405
-1487
-1610
-1888
-2195
-2360
-2461
-2560
-2633
-2749
-2885
-2882
-2752
-2629
-2509
-2322
-2033
-1681
-1372
-1085
-678
-192
222
556
819
993
1177
1432
1684
1907
2151
2432
2666
2767
2794
2851
2904
2848
2714
2578
2437
2268
2010
1673
1352
1080
796
510
272
137
97
19
-206
-416
-509
-527
-530
-520
-456
-222
89
300
409
462
425
399
412
360
321
433
534
500
366
160
-54
-254
-543
-847
-978
-988
-1048
-1142
-1256
-1346
-1370
-1490
-1759
-1984
-2085
-2179
-2293
-2424
-2572
-2622
-2541
-2442
-2354
-2227
-2037
-1780
-1517
-1268
-938
-505
-103
217
508
757
964
1184
1458
1737
1999
2286
2540
2673
2718
2777
2818
2800
2722
2610
2470
2291
1996
1615
1290
1006
709
444
245
129
92
24
-162
-361
-496
-587
-644
-673
-656
-484
-201
37
214
357
389
356
355
366
359
387
415
389
328
223
41
-182
-423
-667
-841
-956
-1080
-1187
-1272
-1366
-1432
-1446
-1540
-1738
-1911
-2020
-2129
-2239
-2318
-2396
-2435
-2361
-2226
-2111
-1994
-1843
-1613
-1316
-1000
-660
-267
75
319
570
811
1013
1248
1517
1764
2034
2320
2493
2571
2643
2698
2761
2799
2731
2603
2460
2211
1842
1462
1140
861
604
374
249
238
208
69
-128
-311
-457
-565
-664
-734
-686
-494
-255
-66
83
223
303
305
324
381
429
469
495
479
448
395
243
18
-200
-377
-519
-669
-860
-1002
-1075
-1162
-1233
-1282
-1426
-1647
-1815
-1975
-2150
-2256
-2330
-2397
-2401
-2348
-2257
-2125
-2015
-1890
-1642
-1310
-973
-627
-327
-103
131
386
600
802
1016
1241
1500
1753
1905
1989
2085
2195
2312
2428
2492
2489
2408
2231
1978
1668
1357
1092
861
643
507
472
445
367
229
71
-93
-256
-414
-536
-598
-590
-476
-324
-198
-77
19
65
117
214
303
353
415
489
548
548
493
409
287
132
-1
-122
-293
-468
-601
-703
-788
-866
-996
-1205
-1425
-1615
-1786
-1939
-2059
-2115
-2118
-2131
-2148
-2096
-1974
-1837
-1684
-1456
-1150
-823
-566
-390
-199
31
267
484
675
860
1076
1312
1454
1483
1523
1640
1781
1905
2007
2079
2098
2020
1830
1602
1374
1124
880
687
555
507
517
498
434
361
262
98
-82
-230
-347
-413
-434
-418
-358
-297
-271
-243
-197
-134
-35
53
100
183
323
412
417
399
358
288
190
70
-65
-205
-338
-458
-546
-629
-747
-914
-1112
-1312
-1494
-1636
-1734
-1803
-1828
-1828
-1846
-1852
-1782
-1630
-1457
-1279
-1062
-807
-586
-452
-348
-189
4
195
408
618
796
1000
1186
1247
1245
1299
1412
1544
1644
1704
1755
1764
1660
1461
1250
1015
761
559
416
349
383
467
516
511
478
410
292
123
-46
-145
-202
-260
-306
-324
-345
-337
-285
-229
-168
-77
5
63
151
278
394
454
459
438
424
393
299
172
67
-12
-81
-162
-279
-448
-645
-826
-1027
-1215
-1339
-1421
-1505
-1588
-1653
-1681
-1639
-1551
-1414
-1233
-1036
-840
-683
-597
-562
-490
-367
-236
-69
135
328
517
704
817
853
870
913
1008
1120
1180
1212
1261
1253
1140
974
787
577
388
241
142
114
170
268
338
355
344
326
265
130
24
-18
-58
-121
-182
-219
-205
-132
-42
31
100
186
262
315
364
436
520
557
542
533
553
540
454
368
347
333
286
201
53
-137
-321
-488
-669
-822
-929
-1023
-1144
-1295
-1416
-1452
-1431
-1379
-1263
-1097
-948
-839
-770
-747
-717
-634
-529
-396
-231
-62
106
299
461
558
624
675
721
780
823
830
866
905
855
744
619
473
327
197
89
32
32
57
97
122
115
119
131
99
34
7
3
-37
-87
-118
-103
-26
66
155
249
350
435
493
507
510
533
555
528
475
459
461
425
377
384
433
455
422
332
179
-11
-175
-321
-451
-550
-625
-716
-850
-1020
-1147
-1183
-1177
-1139
-1042
-926
-848
-796
-772
-761
-724
-662
-574
-444
-307
-172
-7
170
298
391
492
572
616
626
622
633
653
614
503
379
266
146
35
-46
-95
-98
-86
-82
-78
-52
-19
5
2
-29
-36
-20
-34
-83
-109
-91
-40
20
94
193
308
421
499
537
558
594
611
564
479
433
425
406
372
382
481
588
619
591
527
410
251
110
6
-61
-93
-160
-284
-436
-579
-659
-697
-738
-739
-675
-626
-647
-686
-702
-723
-752
-755
-709
-611
-500
-384
-244
-96
30
143
263
339
370
402
430
425
378
287
158
24
-95
-188
-235
-261
-277
-283
-278
-270
-247
-196
-142
-123
-131
-137
-123
-117
-127
-125
-105
-74
-28
24
91
181
269
355
436
502
564
615
606
517
434
404
374
328
318
396
516
596
604
592
563
464
347
279
260
247
231
154
11
-110
-181
-226
-279
-335
-346
-326
-359
-456
-509
-519
-576
-657
-693
-662
-598
-513
-410
-279
-142
-25
90
186
238
284
361
398
348
267
163
31
-105
-214
-258
-266
-290
-330
-355
-363
-359
-332
-293
-271
-260
-255
-262
-270
-275
-242
-183
-158
-161
-124
-54
-4
48
117
204
310
402
466
497
460
369
319
293
249
233
284
364
429
458
455
454
425
356
325
350
364
351
340
268
160
88
48
14
-20
-46
-44
-35
-88
-148
-154
-192
-300
-393
-427
-442
-433
-380
-290
-178
-83
-3
84
135
159
235
320
319
243
140
16
-117
-236
-306
-317
-332
-374
-398
-390
-399
-395
-355
-333
-325
-329
-345
-367
-390
-390
-347
-301
-309
-322
-259
-184
-133
-73
5
110
233
328
376
374
309
246
230
203
169
202
277
337
372
379
379
368
335
311
325
347
348
348
349
303
239
210
188
160
150
162
195
211
201
198
181
99
-18
-106
-167
-208
-213
-178
-108
-17
46
105
158
188
239
336
376
314
209
81
-55
-174
-261
-306
-323
-361
-403
-406
-400
-404
-384
-350
-346
-364
-395
-437
-476
-507
-506
-471
-461
-485
-466
-397
-341
-301
-246
-168
-57
56
138
177
167
137
135
150
139
147
205
267
292
298
295
291
271
233
208
202
178
148
140
115
77
53
41
29
24
40
81
134
175
211
249
237
177
138
124
108
91
103
148
228
308
370
427
476
522
591
631
585
471
332
183
49
-54
-138
-200
-256
-320
-369
-389
-411
-411
-383
-363
-374
-408
-453
-500
-538
-560
-558
-556
-580
-588
-564
-525
-494
-465
-411
-321
-201
-96
-33
-4
10
31
73
102
124
165
210
226
231
235
244
251
238
216
199
176
135
99
58
12
-15
-32
-37
-33
-22
-2
39
86
134
172
185
172
169
190
214
225
237
279
345
424
496
562
632
701
760
794
777
689
555
411
280
166
69
-25
-111
-186
-261
-317
-357
-377
-373
-365
-378
-417
-465
-517
-566
-616
-658
-686
-709
-723
-734
-739
-735
-719
-666
-577
-448
-326
-236
-176
-141
-101
-53
0
48
97
142
168
197
228
264
291
298
302
301
304
294
262
210
150
101
68
46
35
36
37
51
81
127
154
150
128
112
120
135
150
160
188
231
287
348
423
517
604
677
725
738
703
630
537
435
345
261
182
104
38
-22
-83
-137
-176
-185
-176
-179
-202
-249
-302
-356
-415
-468
-518
-560
-600
-640
-674
-698
-701
-676
-622
-541
-445
-362
-304
-272
-234
-193
-153
-110
-70
-27
17
51
88
131
170
188
182
188
203
210
195
156
97
49
10
-25
-47
-61
-62
-55
-32
6
34
29
-2
-37
-39
-22
-3
13
30
62
106
150
212
297
401
490
546
571
575
557
512
454
402
365
332
299
253
199
140
82
31
20
32
50
50
28
0
-32
-66
-114
-163
-206
-260
-316
-369
-417
-444
-458
-459
-437
-407
-366
-335
-322
-309
-297
-277
-238
-199
-150
-103
-70
-40
-12
12
24
19
22
35
56
66
50
29
4
-22
-51
-80
-92
-90
-81
-66
-43
-17
-17
-33
-45
-52
-41
-28
-39
-40
-27
-9
31
75
152
249
341
406
429
437
431
401
363
335
327
333
318
285
242
193
144
100
66
73
94
110
112
91
79
66
36
-4
-52
-97
-147
-213
-269
-317
-343
-351
-353
-336
-315
-298
-290
-296
-299
-289
-269
-224
-176
-118
-65
-37
-18
-8
-10
-29
-45
-44
-30
-19
-3
2
10
17
-4
-21
-36
-51
-65
-86
-95
-92
-85
-74
-67
-55
-34
-26
-37
-60
-72
-53
-32
12
88
179
280
359
397
418
416
402
370
331
322
316
298
270
232
199
173
144
128
118
126
135
123
100
80
74
64
29
-5
-41
-92
-156
-237
-299
-326
-339
-318
-286
-247
-205
-197
-205
-218
-232
-228
-220
-199
-158
-114
-76
-48
-33
-23
-25
-26
-28
-27
-21
-25
-23
-9
3
14
13
7
-5
-30
-64
-97
-127
-135
-139
-141
-122
-98
-69
-59
-68
-69
-61
-44
-22
15
86
168
236
287
317
342
356
344
324
301
287
268
230
198
181
176
171
160
160
182
194
184
157
129
112
98
84
65
32
-9
-77
-154
-224
-280
-297
-291
-254
-198
-146
-114
-111
-124
-143
-155
-169
-174
-167
-152
-133
-116
-92
-70
-55
-36
-14
13
20
0
-20
-31
-29
-33
-42
-47
-45
-41
-54
-87
-111
-135
-158
-186
-200
-185
-164
-154
-153
-146
-123
-102
-97
-85
-62
-3
60
103
145
187
228
258
268
274
287
282
260
235
213
204
198
192
198
221
249
263
249
227
200
182
159
129
101
63
15
-47
-117
-178
-222
-234
-212
-173
-123
-89
-68
-63
-76
-95
-119
-139
-146
-141
-135
-117
-98
-73
-56
-46
-20
8
29
22
-6
-28
-40
-50
-66
-85
-77
-60
-54
-67
-88
-103
-128
-164
-194
-211
-212
-213
-228
-231
-218
-195
-175
-165
-152
-112
-53
7
54
100
164
219
250
272
290
292
286
263
230
210
194
179
175
190
216
235
239
226
195
162
135
110
78
40
4
-32
-70
-114
-162
-191
-190
-159
-119
-89
-66
-55
-56
-76
-104
-124
-125
-118
-107
-90
-63
-27
-1
6
22
53
77
83
62
35
24
23
9
-15
-21
-20
-13
-15
-37
-53
-67
-96
-136
-169
-186
-196
-210
-222
-213
-182
-156
-144
-140
-127
-83
-35
17
65
115
173
223
251
263
262
248
229
199
172
144
128
124
129
152
183
202
195
165
121
88
58
27
-1
-35
-51
-67
-97
-138
-180
-195
-184
-155
-137
-119
-111
-101
-100
-118
-130
-130
-120
-115
-107
-83
-41
3
30
58
98
150
181
173
143
122
123
112
82
51
26
12
-6
-31
-54
-69
-78
-99
-121
-141
-153
-170
-189
-188
-156
-117
-93
-81
-80
-68
-38
-1
28
61
108
168
210
233
233
219
201
181
157
133
118
108
116
135
163
195
203
182
137
93
59
29
-1
-43
-68
-78
-92
-115
-161
-199
-204
-193
-177
-169
-163
-154
-142
-137
-143
-134
-122
-125
-122
-105
-77
-34
5
39
86
153
209
226
215
196
184
174
147
100
56
22
-9
-40
-69
-86
-99
-112
-123
-146
-173
-197
-218
-229
-221
-191
-148
-128
-121
-108
-77
-39
-6
21
61
113
169
214
232
233
225
217
200
176
153
143
143
150
161
180
191
178
141
92
51
14
-24
-62
-91
-102
-102
-112
-136
-167
-184
-179
-166
-152
-144
-132
-118
-107
-102
-98
-91
-83
-78
-68
-53
-20
21
50
88
140
191
223
227
208
184
168
147
111
62
18
-16
-46
-72
-90
-98
-107
-116
-134
-160
-187
-216
-232
-243
-229
-196
-164
-147
-137
-119
-87
-53
-24
14
56
109
158
191
202
202
204
206
199
177
159
148
149
167
188
204
201
179
131
79
29
-16
-65
-105
-130
-139
-144
-168
-193
-205
-201
-180
-160
-149
-130
-114
-96
-80
-70
-55
-34
-15
-6
7
22
49
83
117
159
201
236
243
232
205
175
147
103
58
9
-39
-75
-104
-117
-120
-118
-117
-127
-141
-159
-185
-207
-220
-210
-180
-150
-132
-120
-109
-84
-51
-19
8
36
63
96
138
157
170
179
196
217
217
202
184
180
192
221
247
248
235
205
162
111
45
-20
-76
-120
-156
-189
-228
-261
-279
-278
-265
-254
-248
-242
-228
-208
-184
-152
-106
-57
-13
25
50
70
103
141
192
246
276
308
329
328
315
285
242
197
155
104
41
-21
-62
-89
-94
-104
-122
-146
-177
-211
-243
-277
-297
-293
-269
-239
-215
-196
-179
-153
-116
-77
-46
-24
-1
34
71
98
122
152
181
202
220
218
201
197
212
238
266
281
278
263
237
195
140
77
13
-38
-90
-145
-202
-250
-278
-288
-289
-295
-310
-327
-334
-327
-310
-284
-244
-188
-130
-79
-40
-3
43
96
163
221
266
307
329
354
362
355
336
310
286
245
193
137
93
63
44
25
-12
-62
-125
-180
-234
-284
-320
-336
-329
-315
-300
-284
-264
-246
-215
-179
-147
-118
-89
-58
-18
32
72
113
158
191
210
213
208
204
216
237
257
273
281
276
259
232
197
151
99
50
0
-54
-103
-146
-173
-193
-210
-231
-256
-288
-309
-321
-326
-318
-296
-264
-221
-174
-128
-88
-46
11
69
117
162
199
232
263
288
300
297
295
284
269
248
218
188
164
149
129
101
61
10
-37
-87
-137
-176
-210
-232
-245
-254
-259
-265
-264
-259
-249
-238
-223
-202
-180
-135
-83
-29
33
83
127
167
191
209
215
223
237
247
257
269
273
268
255
236
202
157
112
63
10
-38
-85
-115
-143
-172
-193
-214
-239
-263
-279
-285
-280
-270
-256
-225
-191
-149
-103
-57
-5
39
82
118
147
168
189
204
213
216
212
209
198
179
161
142
125
115
97
80
59
35
14
-10
-37
-64
-88
-107
-124
-147
-169
-188
-207
-229
-246
-250
-259
-255
-240
-217
-177
-129
-78
-24
24
74
114
146
175
196
219
238
255
266
280
281
276
267
241
205
154
108
56
6
-43
-84
-118
-155
-181
-204
-224
-243
-257
-272
-280
-284
-273
-252
-225
-185
-137
-85
-32
22
69
106
141
169
191
206
221
232
230
226
216
202
187
164
139
115
87
69
46
25
11
-4
-22
-37
-50
-67
-81
-101
-117
-133
-148
-160
-182
-205
-220
-232
-237
-226
-213
-190
-152
-115
-72
-24
22
64
102
135
167
198
225
242
252
264
268
261
243
223
194
151
106
59
14
-34
-84
-124
-159
-185
-209
-231
-256
-279
-296
-308
-310
-300
-278
-250
-209
-163
-113
-53
1
50
100
143
180
215
243
263
276
285
284
271
255
231
205
180
152
125
96
73
49
25
4
-26
-45
-69
-92
-115
-146
-166
-180
-192
-203
-215
-234
-250
-258
-259
-255
-238
-219
-191
-154
-105
-54
-6
37
88
135
176
217
245
267
274
276
273
266
257
238
213
183
143
106
57
5
-50
-101
-146
-178
-199
-219
-242
-262
-268
-272
-267
-248
-222
-193
-158
-108
-61
-18
28
70
110
153
198
241
275
297
304
301
288
268
248
220
192
169
149
129
109
94
69
42
7
-26
-53
-78
-102
-131
-163
-189
-212
-228
-237
-251
-260
-273
-278
-279
-278
-270
-259
-240
-212
-169
-117
-65
-15
36
80
123
161
188
209
221
219
214
212
203
191
176
150
121
88
48
1
-55
-106
-154
-191
-218
-242
-255
-259
-260
-257
-238
-201
-167
-131
-90
-52
-8
40
80
119
162
201
249
292
324
350
357
350
334
309
282
263
238
213
186
170
158
136
115
88
55
21
-1
-29
-57
-91
-131
-172
-208
-233
-255
-270
-279
-284
-289
-287
-281
-281
-273
-257
-236
-200
-153
-101
-52
-4
38
81
120
149
175
181
184
181
170
158
144
112
76
40
4
-35
-79
-128
-182
-224
-273
-309
-333
-356
-366
-358
-343
-316
-274
-232
-180
-123
-71
-17
47
101
148
197
238
285
333
372
406
426
430
425
409
383
354
327
300
276
255
241
217
184
153
122
101
77
60
35
-7
-47
-96
-136
-165
-191
-203
-217
-225
-228
-232
-237
-238
-235
-226
-203
-173
-135
-86
-41
-2
48
88
118
148
166
180
181
173
155
138
107
62
20
-34
-82
-127
-175
-221
-270
-327
-378
-412
-450
-463
-461
-460
-437
-402
-361
-308
-257
-209
-140
-69
-2
75
140
192
245
285
327
373
407
431
444
440
426
402
375
348
325
307
282
261
233
212
190
161
142
122
99
78
57
17
-19
-51
-87
-109
-124
-144
-151
-158
-172
-166
-162
-161
-145
-125
-110
-81
-44
-11
29
64
98
129
149
156
164
157
143
134
108
77
38
-18
-68
-119
-173
-214
-252
-308
-357
-400
-444
-471
-492
-495
-475
-444
-415
-372
-324
-282
-224
-160
-92
-14
58
116
177
222
256
299
338
366
397
409
404
396
374
348
322
293
270
251
225
198
180
154
138
125
101
81
64
38
12
-10
-30
-44
-59
-78
-85
-91
-96
-90
-84
-87
-71
-54
-46
-27
-8
20
55
84
112
147
164
174
184
178
165
152
124
97
69
18
-31
-86
-144
-191
-231
-279
-325
-365
-417
-460
-488
-512
-512
-502
-484
-445
-406
-361
-297
-241
-177
-105
-42
24
84
134
179
222
258
289
320
336
343
352
335
316
297
268
245
221
193
168
149
125
111
98
78
64
49
19
0
-16
-34
-41
-45
-60
-71
-72
-68
-58
-51
-46
-29
-14
2
24
36
56
81
108
138
169
194
206
207
202
187
168
145
120
92
56
13
-36
-89
-138
-176
-221
-265
-305
-354
-386
-410
-436
-446
-446
-437
-411
-374
-333
-287
-243
-194
-143
-88
-38
14
67
107
140
178
211
240
266
277
279
272
258
245
224
204
186
163
142
123
104
91
85
73
55
33
12
-6
-23
-36
-43
-48
-57
-53
-49
-47
-37
-36
-31
-17
-2
18
35
47
62
81
104
122
144
164
175
176
165
154
136
121
96
64
38
2
-34
-74
-112
-154
-202
-241
-272
-305
-337
-351
-365
-373
-364
-351
-327
-288
-253
-218
-184
-148
-111
-69
-24
15
51
87
121
152
185
209
223
227
226
219
210
205
196
187
171
150
141
136
133
122
106
90
69
53
38
31
17
5
-4
-12
-19
-23
-23
-29
-35
-47
-47
-46
-40
-25
-14
0
18
41
66
85
108
124
128
133
138
139
136
122
102
78
47
20
-6
-32
-70
-110
-151
-193
-227
-259
-280
-301
-320
-326
-323
-309
-289
-265
-243
-223
-196
-166
-127
-89
-48
-15
18
53
85
117
141
159
172
180
186
194
197
202
195
187
180
171
174
170
165
153
135
120
105
89
68
48
28
10
-6
-23
-34
-45
-62
-77
-92
-99
-107
-103
-95
-83
-61
-39
-15
13
44
76
98
117
136
151
167
177
179
173
163
148
125
102
77
42
-1
-43
-81
-122
-162
-200
-231
-257
-278
-290
-291
-284
-276
-266
-253
-238
-216
-192
-163
-126
-95
-67
-29
0
30
54
74
84
89
99
109
119
128
133
130
125
125
121
118
119
119
110
102
93
82
66
50
31
17
5
-8
-20
-31
-44
-59
-74
-84
-91
-96
-100
-91
-76
-60
-37
-9
19
40
71
98
121
151
177
202
222
228
231
234
224
209
187
158
130
95
52
9
-28
-76
-119
-154
-190
-218
-243
-257
-270
-271
-269
-263
-251
-236
-214
-190
-157
-123
-81
-50
-24
4
29
47
64
82
92
104
117
125
130
123
118
107
95
91
73
65
57
45
35
17
2
-11
-19
-27
-35
-40
-44
-43
-48
-52
-52
-54
-56
-57
-55
-43
-31
-20
-1
13
27
47
67
87
104
128
153
172
187
200
206
205
196
185
165
151
133
108
83
54
18
-18
-62
-104
-141
-176
-201
-219
-240
-248
-256
-259
-254
-247
-241
-222
-196
-169
-134
-103
-68
-36
-3
26
47
69
91
109
125
133
137
139
131
126
112
102
90
70
58
46
27
9
-2
-19
-33
-43
-55
-59
-64
-63
-63
-61
-59
-59
-49
-34
-17
0
19
41
61
77
89
105
121
137
157
174
185
199
206
210
206
192
182
162
140
128
113
90
63
26
-8
-36
-73
-107
-140
-168
-197
-215
-227
-237
-246
-252
-257
-258
-253
-242
-228
-209
-184
-154
-127
-96
-70
-44
-17
9
35
55
77
96
109
115
119
121
114
108
97
76
55
38
24
9
-8
-29
-39
-57
-74
-88
-98
-106
-111
-102
-95
-89
-73
-55
-36
-18
2
29
52
76
103
129
153
173
200
220
234
246
250
244
239
233
223
209
197
180
158
134
100
69
36
2
-36
-68
-97
-123
-145
-166
-183
-201
-214
-227
-235
-234
-231
-220
-198
-183
-164
-134
-109
-87
-69
-51
-31
-7
15
36
52
70
85
88
88
76
68
60
43
27
15
3
-15
-33
-54
-75
-99
-116
-133
-150
-161
-172
-167
-165
-156
-145
-135
-122
-101
-78
-54
-23
6
38
73
109
139
162
187
204
218
233
240
254
258
258
260
248
239
221
190
161
131
102
66
38
10
-24
-48
-76
-100
-120
-142
-160
-171
-180
-178
-172
-163
-153
-133
-114
-92
-70
-56
-40
-19
4
30
52
74
94
106
114
116
114
107
94
82
74
59
42
28
12
-9
-37
-66
-93
-116
-139
-154
-163
-172
-179
-185
-182
-178
-170
-165
-149
-135
-115
-86
-60
-27
6
36
63
91
114
134
153
173
190
202
215
221
224
219
210
194
169
148
121
96
71
47
20
-9
-40
-72
-96
-127
-153
-172
-190
-197
-199
-200
-193
-184
-170
-152
-135
-113
-92
-61
-30
1
37
68
98
121
150
172
185
190
198
196
193
190
179
163
145
130
98
67
35
4
-28
-60
-90
-118
-138
-158
-179
-194
-202
-204
-204
-202
-195
-181
-163
-141
-119
-85
-60
-37
-8
16
49
76
103
127
144
159
174
182
180
184
175
163
151
136
119
95
73
54
30
3
-29
-57
-78
-98
-121
-136
-142
-157
-165
-165
-162
-159
-155
-144
-134
-120
-99
-77
-49
-26
-1
31
56
75
96
115
136
155
170
182
191
192
185
177
163
147
134
115
87
62
33
3
-21
-55
-83
-107
-133
-151
-172
-190
-199
-209
-216
-219
-216
-212
-196
-180
-163
-135
-108
-77
-43
-7
26
58
91
121
147
169
190
204
215
219
222
218
206
192
176
157
130
106
73
37
7
-21
-49
-78
-101
-124
-147
-155
-162
-167
-168
-163
-156
-146
-128
-109
-89
-68
-39
-18
8
34
57
80
96
116
121
126
137
137
134
123
109
103
92
75
56
32
13
-10
-33
-50
-67
-78
-90
-104
-114
-121
-123
-119
-114
-104
-98
-85
-70
-53
-37
-23
-3
16
36
51
64
84
95
105
116
124
124
124
127
123
117
108
96
86
77
61
43
30
12
1
-16
-33
-45
-60
-71
-80
-91
-100
-104
-111
-112
-112
-110
-102
-98
-92
-79
-69
-56
-40
-29
-14
3
19
33
47
55
70
83
89
95
98
96
100
96
89
83
72
67
53
35
26
11
-10
-26
-42
-56
-72
-81
-92
-103
-108
-110
-103
-101
-94
-86
-78
-75
-59
-45
-29
-13
2
18
34
50
63
75
86
96
101
104
104
103
98
90
78
67
58
41
26
11
-6
-20
-42
-56
-71
-84
-95
-105
-110
-119
-116
-116
-112
-104
-100
-90
-74
-60
-49
-34
-14
1
17
33
49
69
80
87
96
101
110
118
118
117
114
109
101
94
82
66
48
32
16
-1
-17
-35
-53
-65
-75
-84
-93
-105
-107
-109
-109
-105
-103
-95
-90
-80
-70
-57
-43
-27
-13
2
19
30
49
63
72
79
82
88
93
98
97
91
82
74
65
54
40
35
23
5
-8
-21
-35
-47
-56
-66
-73
-81
-87
-93
-97
-94
-89
-80
-71
-58
-46
-31
-17
-1
12
19
31
42
52
63
69
79
86
89
90
82
84
76
62
56
45
36
24
11
-1
-14
-27
-36
-42
-51
-54
-54
-64
-69
-66
-67
-61
-59
-58
-53
-40
-37
-30
-12
-4
6
19
36
44
49
56
59
63
62
62
63
57
53
47
37
33
25
17
14
6
-8
-20
-26
-35
-39
-45
-52
-54
-54
-59
-52
-47
-46
-40
-35
-21
-12
-3
8
16
29
38
44
50
58
66
69
67
69
71
71
66
59
57
50
38
29
18
4
-7
-17
-29
-43
-47
-53
-57
-55
-62
-59
-56
-56
-51
-46
-39
-39
-31
-23
-17
-7
7
19
25
41
48
56
64
66
72
75
71
64
58
48
44
36
28
11
-1
-3
-12
-16
-20
-28
-34
-43
-54
-58
-66
-72
-76
-73
-69
-64
-58
-47
-41
-30
-13
-2
16
24
32
44
52
57
62
67
65
70
74
69
70
67
64
61
56
53
45
31
18
5
-11
-27
-37
-53
-62
-68
-75
-77
-80
-70
-72
-69
-65
-56
-47
-42
-37
-31
-19
-8
2
8
19
35
49
60
70
78
84
90
86
85
82
75
64
50
40
31
22
12
2
-10
-19
-30
-37
-43
-50
-54
-59
-64
-69
-69
-67
-70
-57
-51
-44
-29
-19
-5
5
19
31
39
44
56
63
65
69
72
70
70
73
72
70
65
58
52
45
34
18
2
-17
-33
-47
-57
-73
-83
-88
-94
-94
-89
-89
-85
-79
-77
-72
-71
-62
-50
-42
-32
-23
-16
-9
3
17
28
35
40
48
55
56
52
48
41
40
34
20
13
0
-11
-20
-27
-33
-45
-54
-58
-62
-73
-74
-73
-75
-82
-82
-80
-80
-66
-56
-45
-27
-13
4
18
31
44
54
65
76
79
89
95
97
98
96
96
94
95
92
86
75
64
54
40
21
4
-14
-30
-42
-54
-66
-71
-77
-84
-82
-78
-74
-77
-76
-70
-62
-60
-53
-45
-35
-25
-17
-8
8
23
34
42
46
51
59
64
64
59
55
52
42
37
31
24
11
6
0
-11
-19
-31
-32
-40
-49
-51
-54
-56
-56
-53
-46
-40
-31
-21
-7
7
18
35
48
59
74
85
98
105
113
120
127
130
130
133
129
128
121
109
100
92
84
68
51
37
21
8
-6
-19
-32
-43
-55
-63
-73
-79
-81
-82
-84
-87
-80
-76
-69
-60
-56
-52
-46
-39
-32
-21
-13
-7
-3
0
7
10
8
8
7
5
0
-2
-13
-24
-28
-35
-44
-50
-59
-68
-74
-77
-83
-88
-96
-97
-92
-89
-84
-75
-68
-63
-48
-33
-22
-8
3
19
32
43
54
65
72
84
94
97
103
102
100
100
92
91
87
80
72
58
44
33
21
7
-5
-17
-28
-38
-47
-55
-60
-62
-66
-69
-65
-58
-57
-56
-52
-47
-40
-34
-27
-16
-9
-1
3
11
20
24
31
31
34
36
31
29
25
17
14
2
-10
-18
-26
-32
-45
-47
-53
-64
-69
-73
-73
-74
-71
-64
-57
-47
-37
-31
-16
-5
7
19
31
45
53
73
83
93
105
113
118
124
126
127
134
125
120
117
111
104
90
82
71
60
46
34
22
13
2
-9
-16
-25
-35
-41
-47
-55
-57
-62
-55
-57
-58
-53
-52
-51
-44
-39
-33
-35
-38
-31
-25
-26
-21
-20
-20
-18
-25
-23
-28
-34
-33
-36
-43
-51
-50
-53
-59
-61
-66
-71
-68
-70
-77
-75
-69
-67
-64
-58
-59
-55
-47
-39
-31
-18
-7
1
11
19
31
40
52
64
74
78
78
87
91
88
88
90
88
84
86
78
75
74
66
64
54
45
37
34
26
17
9
0
-2
-7
-10
-15
-22
-27
-33
-31
-33
-31
-29
-34
-29
-24
-23
-20
-17
-16
-13
-10
-11
-13
-12
-9
-9
-7
-11
-13
-15
-18
-17
-21
-24
-29
-33
-33
-35
-37
-40
-40
-38
-41
-43
-39
-38
-37
-33
-31
-25
-20
-17
-16
-10
0
8
17
29
35
43
49
54
55
61
69
70
70
75
73
70
68
66
64
57
59
56
48
41
36
34
26
19
11
5
-1
-8
-12
-20
-21
-19
-28
-31
-33
-34
-36
-40
-40
-37
-38
-37
-35
-29
-25
-20
-16
-22
-15
-12
-12
-11
-11
-11
-11
-14
-14
-11
-14
-15
-19
-21
-26
-27
-33
-37
-40
-44
-44
-43
-44
-42
-40
-39
-37
-31
-26
-24
-22
-16
-13
-5
3
12
15
16
22
26
35
38
47
46
53
57
58
59
58
54
54
49
45
48
45
40
32
28
25
21
13
12
8
1
-4
-8
-12
-15
-17
-22
-24
-27
-26
-24
-27
-23
-21
-18
-19
-14
-14
-11
-8
-11
-10
-14
-14
-11
-10
-9
-9
-10
-11
-11
-16
-16
-11
-14
-17
-16
-21
-21
-25
-25
-22
-25
-26
-30
-28
-26
-26
-24
-18
-13
-16
-15
-11
-5
-2
-5
2
8
9
7
8
16
20
24
24
25
28
28
28
31
25
25
21
19
17
12
12
9
9
4
2
1
1
1
0
1
-5
-7
-7
-5
-12
-13
-12
-14
-15
-15
-15
-11
-10
-12
-13
-7
-6
-5
-4
-4
-5
-4
1
0
-5
-7
-6
-8
-9
-6
-6
-6
-7
-9
-13
-12
-11
-6
-8
-10
-8
-9
-5
-3
0
4
2
3
1
1
6
-1
-2
-2
-3
-3
-2
-3
-6
-6
-3
-4
-3
-1
-3
-7
-8
-9
-11
-13
-10
-9
-8
-2
-1
2
5
4
4
5
6
8
10
7
6
14
15
16
20
19
18
16
19
16
16
17
15
16
16
18
18
17
10
14
13
8
9
4
5
6
2
1
3
2
0
-3
-3
-3
-3
0
-1
-1
-3
-2
3
0
-2
-2
2
0
1
5
5
8
5
4
3
2
2
0
-3
-6
-4
-4
-11
-17
-19
-20
-18
-18
-21
-20
-25
-25
-26
-26
-27
-28
-23
-20
-17
-15
-15
-17
-12
-6
-4
-4
-7
3
5
8
16
15
20
23
26
27
26
31
33
35
32
27
28
28
27
23
27
27
22
23
21
15
14
17
15
13
15
11
7
2
2
3
2
4
4
4
4
5
0
3
2
5
1
0
1
1
2
0
1
-6
-4
-4
-6
-8
-14
-19
-21
-26
-26
-26
-32
-34
-36
-39
-41
-36
-35
-36
-34
-33
-32
-34
-33
-31
-31
-26
-21
-17
-12
-5
1
5
11
17
20
22
28
27
32
36
37
42
41
39
38
39
40
34
31
28
23
25
20
16
16
13
11
9
4
-3
-4
-5
-9
-15
-14
-13
-12
-7
-7
-5
-4
-1
6
6
2
1
4
7
5
5
2
2
-1
-5
-5
-5
-5
-8
-14
-14
-18
-21
-21
-23
-28
-30
-33
-41
-38
-38
-43
-40
-42
-41
-42
-42
-38
-39
-36
-32
-30
-24
-24
-16
-12
-7
-2
1
6
9
18
19
24
27
28
30
32
32
30
29
25
28
25
26
25
23
17
15
20
17
11
8
3
1
3
2
3
