4
-1
8
8
4
8
10
11
10
14
5
5
12
-2
-1
7
-1
1
3
-3
1
0
-8
-4
0
-7
-9
-3
-7
-10
-8
-10
-8
-4
-10
-2
-1
-8
-1
-1
-4
1
-1
-7
2
-4
-5
6
-6
-6
9
-10
-7
3
-9
1
8
-1
2
8
2
14
9
1
13
5
0
10
5
0
1
-4
-2
1
-1
-4
1
2
3
7
6
7
8
1
9
10
-4
2
0
-1
-1
-13
-5
-2
-10
-1
-5
-12
1
-3
-7
-2
-8
-5
-8
-7
-6
-9
-13
-6
-8
-15
-6
-13
-14
-16
-15
-8
-10
-15
-13
-10
-7
-8
-14
-13
-11
-8
-9
-4
-6
6
9
6
17
12
11
14
12
9
6
3
11
10
1
7
9
6
2
0
0
3
2
2
3
3
-3
-7
-8
-12
-10
-2
-2
3
6
0
-1
-1
7
4
5
14
10
11
8
6
8
4
8
12
9
8
10
10
8
0
-5
2
3
4
7
2
3
-1
-3
-4
-8
-9
-6
-10
-13
-15
-6
-6
-16
-12
0
-3
-8
-1
-2
-3
-6
5
16
11
4
6
4
8
8
10
9
7
8
-7
-3
-8
4
13
8
6
6
13
15
18
18
15
23
14
8
11
13
7
6
18
8
8
15
3
21
15
-4
20
11
-7
1
2
5
9
-15
2
14
-15
11
4
-18
12
12
-17
16
22
-16
13
8
-26
27
8
-28
26
6
-50
51
8
-55
61
-12
-45
57
-19
-43
37
-26
-19
33
-26
-35
56
-37
-35
62
-42
-21
42
-77
1
55
-110
10
54
-112
-7
73
-107
2
68
-123
46
10
-88
66
-21
-81
90
-18
-73
127
-85
-8
116
-117
15
110
-104
19
58
-60
31
30
-85
59
49
-93
16
95
-137
19
173
-263
122
109
-250
163
32
-206
201
-32
-134
156
-44
-56
110
-77
-10
87
-88
-33
70
-14
-128
81
51
-129
-23
93
-31
-104
75
-11
-84
170
-165
-47
277
-260
4
229
-245
84
159
-187
-12
248
-96
-202
339
-83
-258
407
-161
-212
390
-162
-189
307
-99
-191
269
-66
-242
317
-30
-362
426
-60
-314
320
34
-268
161
140
-181
-40
256
-165
-157
337
-179
-121
225
-128
-81
214
-198
-3
224
-211
-104
342
-161
-267
427
-154
-239
373
-179
-139
324
-192
-94
242
-48
-143
180
2
-69
54
34
-19
-22
132
-103
-25
195
-151
-14
200
-205
117
29
-130
127
-63
30
20
-191
291
-115
-216
289
-85
-81
102
-72
65
23
-100
66
21
-12
-48
101
0
-131
166
18
-177
149
8
3
12
-94
180
-5
-167
207
-68
-70
185
-211
85
140
-330
223
129
-386
227
132
-375
239
82
-392
316
125
-505
309
194
-435
170
95
-116
26
-82
154
-3
-223
218
-1
-124
106
-150
271
-141
-373
638
-289
-465
708
-228
-467
633
-195
-351
544
-303
-246
591
-433
-155
578
-452
-64
449
-391
3
313
-329
68
195
-262
77
159
-132
-7
148
-15
-24
85
5
8
44
-68
72
-46
3
156
-259
237
85
-293
395
-216
-101
459
-538
100
411
-572
233
294
-555
372
256
-687
448
244
-725
440
164
-744
587
111
-815
715
29
-536
487
-235
-31
359
-652
367
265
-757
607
-11
-610
729
-173
-400
521
-248
-81
425
-525
50
729
-911
174
692
-876
409
207
-475
470
-293
23
324
-477
235
175
-456
479
-175
-395
776
-398
-256
542
-232
-117
128
-1
-51
-137
178
-1
-301
301
53
-364
331
87
-313
126
245
-229
-126
244
-37
-77
-37
142
189
-462
320
359
-647
162
448
-384
-226
431
-59
-390
358
168
-646
632
118
-833
720
152
-781
489
341
-783
427
430
-859
423
570
-985
389
517
-922
446
368
-756
226
587
-546
-297
765
-247
-453
575
-246
-115
268
-135
-139
279
-30
-306
506
-230
-253
504
-311
-35
205
-372
387
-45
-427
447
72
-467
261
274
-536
164
292
-354
53
179
-150
227
-258
-13
550
-654
25
749
-791
-23
872
-852
82
750
-753
163
506
-586
167
240
-357
128
-33
-73
190
-299
26
414
-500
55
240
-366
247
-94
-540
635
12
-924
720
179
-761
563
-143
-335
651
-649
-107
811
-763
68
493
-438
266
36
-195
352
-83
-42
90
-109
292
-95
-300
473
-178
-78
247
-248
184
41
-132
-99
376
-294
-180
454
-326
-18
138
-106
125
-56
-151
414
-309
-35
306
-131
-332
276
149
-499
174
270
-636
497
-95
-518
819
-861
6
707
-845
-130
569
-332
-356
539
-232
-401
857
-507
-365
801
-525
207
178
-569
743
191
-921
991
307
-1248
1303
-119
-893
1125
-569
-200
875
-1017
432
695
-1130
508
515
-753
147
580
-548
-102
549
23
-632
710
26
-514
756
-390
-274
895
-764
-59
725
-706
-31
471
-447
-207
425
-520
51
153
-550
284
-48
-314
244
-207
-158
381
-115
-532
594
97
-420
170
436
-157
-217
590
-301
67
675
-1027
442
1052
-1647
908
362
-967
662
11
-545
470
-117
-342
338
-105
-293
452
12
-778
1047
-235
-729
1150
-399
-508
1022
-825
639
23
-983
1407
-560
-885
1348
-491
-898
1097
-576
-517
810
-671
-395
671
-458
-421
524
-288
-190
42
278
-381
120
404
-514
97
677
-525
-53
783
-630
329
168
-246
651
-637
98
874
-1131
528
539
-1176
1001
-131
-742
993
-288
-575
750
-116
-599
882
-252
-674
1083
-256
-567
795
88
-874
814
128
-901
895
-380
-409
856
-1006
273
637
-1373
698
227
-1246
1023
-437
-798
1071
-526
-560
788
-293
-277
218
46
-164
-41
202
-139
117
-124
317
171
-496
506
258
-510
497
29
-547
635
176
-945
660
503
-1103
577
507
-990
784
62
-821
961
-19
-686
736
-176
93
24
-431
1023
-860
-221
1305
-1343
441
759
-1514
1313
-127
-1173
1224
-488
-472
743
-923
108
723
-1051
169
514
-722
323
238
-583
203
424
-654
190
511
-721
376
227
-395
444
-254
101
401
-911
933
-59
-957
1086
-334
-529
590
-69
-268
211
149
-278
413
-186
-211
780
-696
-183
1020
-874
23
606
-771
635
-318
81
474
-939
968
-46
-875
1045
-460
-451
571
-370
-140
133
-130
-104
30
191
-302
-148
738
-584
-228
945
-784
-187
964
-1106
244
429
-578
154
69
-55
109
-10
-124
240
66
-221
30
133
126
-467
64
698
-853
242
432
-593
440
81
-423
302
8
57
-197
-170
480
-482
137
172
-450
702
-623
329
247
-948
1385
-1174
39
1325
-2002
1163
843
-2476
2048
231
-2066
1963
-264
-918
1216
-642
-21
516
-865
496
128
-728
356
686
-1052
196
1315
-1603
618
828
-1525
1374
-390
-656
1112
-1183
857
-495
-569
1374
-1241
581
328
-808
1136
-295
-943
987
325
-1354
617
844
-1540
458
1024
-1625
383
996
-1548
1134
152
-1329
1554
-426
-1081
1396
-693
-805
1417
-608
-906
1458
-387
-1235
1602
-478
-1101
1627
-683
-709
1480
-889
-429
1156
-973
-52
1126
-1071
-137
1773
-1504
-440
2037
-1858
295
1066
-1657
1276
84
-1171
1291
-405
-616
1006
-228
-551
847
-207
-184
478
-718
495
201
-936
1037
-297
-524
1364
-1031
156
830
-792
190
324
114
-689
474
474
-1410
1392
-657
-974
2561
-2358
199
2649
-2942
1078
1183
-1868
914
72
-683
594
-537
-13
352
-392
-308
231
589
-1303
824
402
-1292
826
9
-679
363
-119
135
-834
582
547
-1916
1554
161
-1912
1601
-115
-791
652
-267
30
336
-743
510
319
-869
411
590
-908
195
1067
-1298
641
503
-742
347
221
-102
50
72
16
214
-267
-139
858
-541
-338
1013
-392
-483
824
82
-855
1118
94
-953
786
266
-432
-90
398
8
-392
249
307
-522
148
265
-275
-74
69
262
-546
377
-30
-201
634
-975
543
270
-974
567
51
-545
146
17
-469
168
192
-621
426
174
-878
841
-633
-116
456
-692
408
-145
-257
357
-481
170
129
-371
272
-496
594
-119
-523
1012
-542
-318
847
-531
73
192
166
-364
-178
714
-513
391
112
-120
926
-1004
583
895
-1530
1088
538
-1539
1190
-128
-740
1148
-1097
875
115
-939
1485
-598
-314
1029
-209
-255
256
18
123
-532
215
225
-529
-10
153
159
-508
351
293
-748
543
114
-1145
833
104
-1426
874
458
-1693
736
761
-1741
809
713
-1737
1007
462
-1984
1122
758
-2048
1091
832
-2593
2214
-163
-2432
3086
-1716
-334
1905
-2175
1097
1229
-2481
1469
633
-1824
1501
-464
-206
250
37
218
-670
666
254
-514
539
-68
-33
-256
425
120
-762
1283
-393
-667
1466
-856
-206
1216
-886
366
73
-407
813
-724
349
456
-842
1153
48
-1193
1595
179
-1476
1285
234
-1192
832
-147
-709
637
-286
-551
730
-493
-556
1366
-1173
-287
1357
-1258
-342
751
-713
-482
415
-168
-1059
584
856
-2287
1315
791
-2141
1634
-344
-1029
1334
-1369
333
770
-1543
1142
373
-1708
1247
749
-1730
1107
580
-769
577
358
-506
211
351
-955
986
-36
-1076
1414
-573
-907
1458
-785
-461
1120
-207
-441
547
328
-960
508
693
-1158
474
775
-414
-350
779
387
-1514
1564
230
-2006
2316
-404
-1299
1914
-705
-203
816
-408
-35
1005
-685
-259
1269
-982
-248
744
-592
-654
1241
-994
-382
1262
-1333
180
625
-1076
-74
797
-1017
-355
476
-637
-23
8
-238
-188
192
-43
-414
607
-401
14
568
-755
693
-132
-912
1223
-616
-411
1410
-1286
483
756
-1340
1326
-35
-1321
1763
127
-1349
1438
-125
-941
1330
-1012
311
452
-1202
1055
-21
-886
694
163
-723
540
137
-475
315
-37
203
143
-778
1329
-616
-747
1816
-1332
70
1449
-1657
853
611
-1466
1330
-613
-287
1153
-1068
583
401
-932
1059
-442
-431
596
-743
396
43
-714
762
-665
-86
761
-1398
797
487
-1881
1608
-37
-1558
1063
-640
-560
574
-331
-503
252
383
-562
271
-261
-521
1374
-1147
0
1163
-986
71
908
-1190
382
740
-1372
1091
132
-770
506
255
-361
125
184
-86
344
-145
17
591
-622
291
60
24
-21
8
410
-544
557
310
-935
1013
-212
-525
1115
-429
-350
768
-176
-267
574
-617
438
283
-786
851
122
-710
441
571
-996
358
692
-1124
658
315
-783
543
-230
-459
665
-825
63
806
-1539
1002
86
-1563
1550
-908
-457
1146
-1122
345
314
-1223
773
-32
-1207
697
-76
-705
770
-994
80
721
-1601
988
384
-1697
1624
-356
-903
1566
-1627
649
924
-1357
779
619
-910
547
322
-1079
1269
-536
-269
1231
-869
487
555
-774
845
85
-681
1678
-1187
356
1522
-1973
1516
192
-1231
1753
-854
-455
1452
-897
-321
1122
-334
-551
1116
-580
-293
1251
-1318
371
906
-1312
642
207
-789
287
-2
-288
-185
27
-118
-182
-265
239
-95
-780
744
-245
-754
617
-494
-484
885
-960
-331
855
-1086
470
-516
-605
1267
-1355
185
637
-1002
758
-394
-447
668
-462
-29
260
72
155
-434
542
438
-1401
1331
44
-1180
1941
-1082
-96
1503
-1152
480
644
-493
516
372
-238
75
735
-4
-245
476
316
-132
-179
335
-14
-82
293
-314
536
22
-704
1047
-415
-598
1162
-699
-477
1377
-1319
-104
889
-884
-297
471
-395
-683
500
-345
-515
243
-154
-359
265
-380
-123
-29
-252
10
-205
45
-540
287
-46
-780
357
-493
198
9
-605
563
-11
-574
409
50
-359
53
450
-168
-255
1056
-929
100
1278
-1576
749
864
-1355
1352
-498
-198
1207
-1123
797
254
-497
994
-640
291
876
-1124
1109
205
-836
1309
-615
-229
872
-878
259
281
-685
1173
-803
-657
1920
-1403
-168
1262
-1450
626
229
-746
258
-268
175
-646
-31
360
-1106
387
274
-899
179
-143
-177
63
-596
417
-314
-309
347
-473
5
-185
-502
390
-230
-754
584
-183
-370
482
-432
-47
496
-334
-37
330
-259
234
53
-47
154
-150
697
-507
143
744
-736
693
80
-196
923
-500
502
773
-896
883
232
-707
1155
-437
49
931
-583
349
559
-499
565
604
-865
973
425
-1047
1251
-380
-605
1412
-1184
515
727
-874
617
288
-996
945
-149
-851
1402
-1083
88
1153
-1655
616
900
-2347
1613
119
-2181
2067
-436
-1819
2306
-1498
-562
1829
-1830
387
393
-1136
601
-404
-628
301
-132
-407
250
-303
-71
261
-726
490
-195
-964
1464
-597
-1580
2069
-1022
-1115
1838
-1608
1
1627
-1865
643
940
-1460
1403
-614
-460
1212
-880
154
475
-934
691
107
-1002
1141
-31
-951
1409
124
-1331
1522
134
-1095
768
688
-1267
400
1138
-1438
340
923
-978
445
451
-898
845
149
-819
556
68
-227
-82
194
-198
-339
475
-336
-560
710
-423
-235
357
-143
-531
409
74
-627
105
311
-551
-94
493
-1043
379
-138
-448
416
-330
0
105
67
463
-989
417
740
-1247
70
767
-880
-267
1395
-1134
-352
1363
-602
-360
676
-163
-95
339
110
-409
683
450
-1373
1265
284
-1568
1526
-196
-818
1270
-653
110
1023
-912
396
1106
-1400
898
577
-1140
1184
-393
-230
891
-898
716
191
-706
737
-383
-441
1075
-1099
190
924
-686
425
263
94
200
-369
511
-495
-489
1104
-975
-538
1278
-944
-362
993
-1060
584
112
-596
646
-18
-378
191
389
-471
-472
742
-829
160
371
-1384
1237
-477
-531
1084
-668
160
876
-1008
539
189
-912
879
-857
-68
889
-1718
1004
863
-2271
1714
27
-1646
2025
-733
-664
1956
-1914
752
1057
-2269
2052
-682
-1336
2048
-1587
93
814
-1407
919
42
-914
987
-158
-147
548
-332
266
-168
200
566
-966
173
1090
-1774
626
645
-1672
963
164
-1252
891
483
-1279
1019
214
-1096
1525
-472
-520
1179
-888
475
-292
-623
1402
-1809
479
1269
-2347
1448
472
-1699
1447
-713
-124
826
-1083
968
-166
-515
967
-412
-286
585
-393
-69
501
-827
56
1101
-1541
510
989
-2024
1383
383
-1598
1563
-741
-440
1709
-1992
786
908
-2058
1989
-573
-1301
2370
-1778
172
1220
-1744
1212
360
-1364
1367
50
-1361
1373
-538
-672
617
-388
50
-218
428
157
-625
706
-47
-344
697
18
-363
455
339
-1196
991
-344
-943
1019
-884
-120
803
-1193
547
559
-1343
995
178
-904
1228
-594
106
165
-491
666
-662
60
507
-705
120
636
-900
418
178
-150
-221
333
370
-945
874
-56
-1005
1119
13
-1072
1508
-378
-397
987
-845
223
493
-878
151
156
-554
125
-11
-329
221
-150
27
667
-1110
964
601
-1865
1674
277
-2134
1938
-30
-1790
1747
-593
-957
1538
-897
-177
1105
-977
445
839
-1352
928
253
-1105
649
101
-559
467
-225
370
320
-536
756
-340
-146
441
-668
39
56
-100
59
-307
-26
318
-396
-296
625
-653
284
496
-863
984
-326
-480
909
-906
273
25
-441
668
-818
347
443
-988
959
-59
-660
985
-595
-121
753
-1141
721
388
-612
1196
-461
291
528
-431
104
-275
122
-418
-21
335
-1087
729
16
-1079
1152
-381
-607
863
-275
52
-93
-178
729
-865
136
767
-1416
679
218
-1142
994
-630
-130
673
-576
334
82
-94
401
-40
241
-14
586
-157
-133
1009
-685
180
341
-653
419
-537
7
-71
-385
659
-753
324
472
-1170
845
59
-1173
1022
-421
-280
397
-338
315
-514
-111
762
-1015
-105
998
-1070
182
728
-648
303
-57
169
198
-567
474
332
-676
679
127
-494
807
-102
-364
665
-270
63
-43
-96
142
-294
369
-408
8
405
-495
131
40
-490
276
-32
-260
-12
-124
-6
73
-369
66
169
-124
108
-99
133
-218
70
-119
-248
104
-126
-17
-187
258
-63
-193
476
-54
-178
514
-47
21
99
40
534
-457
195
318
-422
156
172
-470
-23
404
-471
-158
324
-292
-141
220
-224
-101
317
-322
-112
387
-437
-136
712
-860
128
767
-1337
688
-5
-978
1071
-684
-196
746
-763
622
-214
117
391
-60
433
99
63
428
-43
132
128
-210
354
-205
-7
140
-319
101
270
-680
518
27
-565
504
-68
-310
288
-249
147
182
-646
666
-271
-182
486
-416
22
140
-237
172
-118
-145
525
-550
144
541
-746
374
77
-360
731
-246
-70
1028
-706
317
921
-975
637
338
-972
946
-336
-719
990
-668
-278
744
-951
257
68
-424
386
-391
248
-8
-69
410
-428
324
195
-469
419
-149
-92
44
-365
255
-103
-443
301
-162
-259
414
-425
-285
644
-350
-111
291
-266
235
140
-280
303
-30
-307
588
-542
-399
800
-845
93
661
-1067
818
389
-1015
1315
-640
-160
983
-1047
320
227
-614
334
-159
-454
339
-195
-179
32
-217
-26
74
-172
-246
58
-56
-310
-40
82
-425
111
95
-273
302
302
-233
303
370
-127
399
-131
464
-107
-240
459
-447
145
-296
-303
314
-319
-103
76
112
-120
182
378
-353
74
554
-595
200
152
-537
395
-259
-70
290
-392
401
-79
36
222
-297
559
-442
38
415
-478
181
50
-173
240
-279
59
195
-427
536
174
-453
600
173
-64
202
24
217
8
-252
352
-369
-88
204
-457
238
-94
-92
-43
72
110
-11
-255
441
-112
-234
641
-509
43
468
-432
307
-36
-346
346
-182
18
46
-241
310
-74
-41
149
-50
47
-36
91
6
-252
96
166
-480
227
238
-436
200
57
-400
260
-263
-441
290
57
-448
378
133
-89
385
-134
261
107
27
92
-114
148
-90
-261
264
-294
-182
43
-315
202
-233
-240
440
-493
162
228
-574
594
36
-601
521
-113
-311
140
4
-173
93
-14
-53
184
-271
405
86
-318
583
-206
-196
429
-436
143
-83
-216
323
-368
73
119
-294
192
135
-286
82
-64
54
-96
-23
92
-70
-5
140
143
-291
75
196
-100
-104
279
-216
22
374
-297
22
79
4
117
-297
164
190
-357
90
161
-238
18
169
-129
-46
255
-112
-193
265
31
-340
202
107
-217
219
-49
-110
274
-131
-89
181
-2
-75
204
-30
-73
311
-161
-110
247
-364
-104
352
-424
55
201
-253
262
-123
-110
181
22
-146
77
115
-214
93
206
-258
81
194
-185
-47
104
-37
-111
234
-132
-60
151
-29
-165
-77
218
-84
-296
351
21
-293
486
-32
-135
293
-275
-79
249
-346
32
81
-212
194
60
-233
234
99
-191
182
-21
-201
119
-101
64
195
-220
51
164
-181
27
101
-360
247
141
-487
321
-50
-219
212
-88
-24
-66
-34
90
113
-140
181
51
-158
286
-100
-261
240
14
-269
211
-89
-271
178
52
-133
-29
66
74
-175
113
24
-88
55
102
126
-191
104
105
-216
100
4
-64
-17
95
-17
-162
190
-56
-119
77
-22
59
-36
-180
107
55
-181
185
-37
-132
279
-37
-126
220
-34
-178
195
60
-105
120
-98
63
60
-206
153
-73
-18
258
-115
101
65
-62
106
-157
175
91
-262
154
21
-258
136
-65
-265
133
-26
-94
41
13
-51
55
-103
-67
30
-177
98
75
-108
34
-29
70
24
-151
248
-47
-69
228
-46
-56
138
-98
-47
199
-207
-105
173
-89
-59
33
-142
-21
115
-122
-46
162
-32
56
133
-96
146
-44
-187
210
14
-126
-48
-111
94
124
-235
-37
74
-88
112
11
-162
233
-12
46
274
-228
-13
240
-216
56
183
-314
94
33
-74
109
-102
-32
50
98
126
-20
-109
20
292
-18
-126
195
-34
-133
282
-77
-160
151
-75
21
-65
-139
-85
-146
31
-112
-127
102
-210
31
107
-188
-23
-115
46
246
-144
27
172
-100
70
170
-50
8
-14
18
25
-55
11
-146
-136
164
-4
-144
103
-35
-28
139
36
-63
52
94
67
26
110
90
-90
151
202
-69
-3
74
92
-6
39
79
-163
-3
92
-29
5
22
-59
28
106
-58
-155
48
15
-104
-64
-71
-109
-6
-43
-79
-43
-122
-52
-111
-78
-70
-147
-105
11
-106
-107
-116
-193
-96
37
-54
-192
-84
-85
-80
-82
6
-54
-66
169
20
36
163
31
169
129
58
203
190
147
209
232
179
242
264
227
235
285
197
212
321
358
262
382
366
323
439
385
379
413
373
334
377
321
195
263
252
27
18
-112
-329
-391
-501
-772
-851
-893
-1095
-1094
-1158
-1322
-1239
-1301
-1226
-1167
-1179
-1007
-928
-828
-688
-628
-505
-382
-356
-223
-156
-95
38
18
176
395
308
543
685
775
1000
1064
1130
1189
1220
1261
1323
1253
1348
1555
1596
1804
1958
1881
2131
2382
2370
2381
1817
1268
1028
327
-335
-711
-1333
-1808
-1914
-2057
-2449
-2716
-2651
-2681
-2473
-2120
-1991
-1694
-1218
-731
-535
-444
-91
-27
127
610
741
717
935
1030
940
822
566
184
-246
-704
-1062
-1470
-1813
-2096
-2295
-2233
-2175
-2063
-1859
-1532
-1101
-606
-216
166
478
886
1364
1637
2004
2173
2302
2567
2573
2602
2629
2570
2669
2762
2789
2900
2892
2918
3074
2362
1424
988
209
-745
-1239
-1712
-2383
-2807
-2642
-2840
-3327
-3081
-2912
-2901
-2210
-1580
-1366
-706
120
411
557
999
1075
914
1221
1496
1284
1163
1218
883
435
222
-312
-880
-1054
-1297
-1733
-2264
-2691
-3205
-3605
-3421
-3310
-3207
-2517
-1864
-1193
-587
-37
426
801
1394
1790
1960
2253
2452
2418
2492
2455
2163
2029
2075
2124
2168
2272
2487
2536
2662
2894
3092
2541
1570
1238
716
-388
-983
-1408
-2311
-2619
-2291
-2421
-2922
-2650
-2328
-2302
-1695
-1168
-1128
-666
319
657
617
1013
1011
599
864
1103
755
603
710
515
139
-143
-608
-1147
-1386
-1347
-1548
-1720
-1705
-2049
-2379
-2381
-2595
-2758
-2456
-1936
-1372
-836
-309
118
374
754
1106
1203
1409
1687
1628
1672
1712
1485
1233
1258
1327
1342
1637
1937
2266
2721
3073
3400
3826
3686
2766
2240
1872
733
-259
-714
-1597
-2448
-2438
-2454
-3175
-3177
-2781
-2881
-2407
-1691
-1530
-1187
-211
311
283
601
808
527
658
1037
871
669
789
716
367
106
-263
-818
-1032
-989
-1214
-1450
-1638
-1887
-1996
-1920
-1852
-1939
-2001
-1661
-1151
-876
-548
-316
-215
294
641
770
919
962
1067
1175
1205
1087
854
839
1055
1282
1465
1668
1977
2318
2855
3317
3667
4103
4004
3140
2588
2068
757
-396
-883
-1776
-2564
-2522
-2706
-3450
-3485
-3178
-3259
-2888
-2131
-1746
-1270
-184
370
259
543
833
565
695
1096
959
833
958
912
521
159
-179
-692
-872
-872
-1057
-1391
-1542
-1682
-1843
-1849
-1709
-1643
-1545
-1047
-556
-384
-248
-17
114
425
699
820
890
1013
1086
1066
955
749
553
555
743
847
963
1180
1481
1906
2285
2732
3099
3465
4028
3795
2910
2376
1666
272
-532
-989
-2068
-2686
-2593
-2856
-3448
-3461
-3342
-3450
-2956
-2121
-1763
-1183
-239
166
170
546
696
332
538
959
936
895
1063
940
609
314
-54
-391
-592
-603
-700
-872
-951
-1271
-1618
-1572
-1653
-1731
-1469
-1076
-706
-508
-306
-65
-31
215
512
541
778
929
882
899
818
637
476
542
722
910
1203
1635
2072
2431
2824
3257
3660
4190
4271
3443
2666
2150
834
-439
-1003
-2023
-2935
-2925
-2944
-3570
-3797
-3563
-3571
-3207
-2396
-1977
-1454
-429
361
484
722
1000
659
690
1133
1096
1001
1111
1038
759
370
-78
-541
-878
-927
-908
-1050
-1147
-1283
-1485
-1619
-1677
-1656
-1712
-1431
-859
-596
-367
-74
85
271
529
754
826
910
1061
925
824
730
478
395
503
734
936
1220
1713
2138
2499
2986
3425
3866
4251
3686
2766
2363
1367
-77
-743
-1481
-2496
-2881
-2764
-3157
-3670
-3406
-3298
-3143
-2402
-1869
-1503
-679
200
460
577
909
780
515
826
980
835
823
806
644
349
-63
-456
-783
-916
-884
-920
-983
-1003
-1113
-1299
-1210
-1165
-1324
-1094
-580
-314
-112
148
213
239
396
540
485
501
549
356
291
266
-24
-92
63
268
532
903
1408
1879
2386
2880
3371
3827
4357
4195
3203
2701
2040
608
-320
-986
-2049
-2739
-2684
-2853
-3540
-3463
-3259
-3270
-2654
-1988
-1678
-1049
-20
513
521
904
972
593
852
1115
984
881
911
791
467
168
-309
-709
-827
-914
-999
-1225
-1309
-1353
-1573
-1598
-1554
-1576
-1429
-989
-471
-297
-44
212
277
432
521
568
565
571
513
388
282
182
74
201
443
714
1007
1397
1839
2320
2712
3093
3573
4068
4407
3611
2743
2298
1122
-124
-649
-1500
-2385
-2592
-2453
-2906
-3300
-3109
-3123
-2862
-2098
-1662
-1265
-399
329
455
569
792
429
299
668
699
597
449
283
176
-136
-580
-845
-891
-907
-873
-863
-986
-1188
-1395
-1476
-1513
-1532
-1435
-1116
-509
-192
2
220
319
470
532
643
696
649
624
493
359
218
40
124
364
606
869
1255
1712
2070
2482
2788
3163
3611
4097
3931
3108
2573
1797
588
-121
-742
-1661
-2071
-2212
-2557
-2921
-2900
-2976
-2843
-2265
-1819
-1495
-881
-199
-80
-18
298
177
-44
184
273
317
373
283
165
-5
-192
-361
-414
-348
-356
-454
-565
-790
-1190
-1612
-1657
-1573
-1512
-1247
-748
-364
-99
220
350
374
444
530
541
575
502
264
131
48
-81
-97
-3
280
531
799
1261
1587
1880
2076
2389
2710
2981
3385
3721
3585
3083
2622
1943
1043
374
-306
-1015
-1407
-1703
-1995
-2402
-2625
-2697
-2724
-2485
-2190
-2017
-1654
-1242
-1005
-873
-828
-766
-740
-584
-393
-253
-230
-159
-1
28
130
102
-76
-163
-360
-516
-778
-1093
-1143
-1209
-1067
-897
-842
-522
-321
38
377
383
420
451
463
459
460
428
353
375
460
511
548
567
694
847
1103
1340
1527
1804
1961
2146
2385
2634
2831
3163
3304
2954
2652
2187
1451
789
190
-478
-1119
-1539
-1864
-2397
-2636
-2595
-2670
-2602
-2198
-1929
-1780
-1328
-1040
-1053
-930
-775
-871
-830
-663
-671
-791
-765
-663
-703
-643
-544
-570
-658
-652
-654
-741
-767
-729
-695
-657
-570
-438
-338
-112
172
262
438
545
551
599
692
776
688
718
754
646
687
654
594
620
683
892
1046
1242
1441
1530
1733
1906
2123
2251
2336
2488
2387
2172
1920
1631
1207
735
351
-83
-534
-936
-1260
-1471
-1633
-1782
-1808
-1712
-1660
-1624
-1422
-1295
-1317
-1232
-1110
-1129
-1200
-1172
-1137
-1161
-1153
-1070
-979
-907
-793
-685
-729
-666
-577
-558
-417
-303
-304
-269
-108
-76
-127
-26
76
115
173
276
268
267
363
336
286
236
231
267
251
357
377
306
408
512
623
701
840
980
1092
1289
1438
1510
1575
1721
1824
1814
1895
1941
1782
1648
1494
1286
1002
628
365
148
-147
-416
-597
-841
-1006
-1097
-1307
-1273
-1164
-1315
-1343
-1241
-1302
-1363
-1438
-1446
-1383
-1318
-1193
-1137
-1010
-848
-779
-634
-425
-352
-270
-66
17
-27
-57
-126
-269
-298
-352
-502
-499
-483
-529
-491
-400
-393
-480
-386
-176
-202
-114
97
135
201
241
355
462
390
445
677
586
689
1072
901
956
1286
1153
1100
1293
1260
1152
1265
1244
1187
1196
1134
1021
944
999
1023
855
599
710
518
122
114
-12
-213
-392
-552
-730
-822
-896
-1092
-1031
-873
-927
-831
-648
-619
-600
-567
-457
-415
-402
-409
-492
-353
-325
-501
-586
-544
-471
-643
-685
-574
-699
-773
-768
-822
-862
-978
-953
-713
-748
-737
-484
-483
-227
-12
-114
73
177
145
232
311
415
368
385
634
452
463
589
649
921
823
937
1025
930
916
866
868
871
908
895
750
735
607
432
588
517
380
462
257
88
254
61
17
151
82
98
233
78
64
211
168
322
381
230
295
325
120
-54
-248
-414
-439
-575
-889
-791
-935
-1182
-883
-1034
-1274
-1372
-1354
-1195
-1327
-1270
-1286
-1304
-919
-732
-721
-589
-512
-298
-97
22
29
75
259
240
464
400
51
222
160
299
500
178
373
540
414
543
448
426
691
621
519
716
412
647
524
307
599
300
258
355
420
366
531
554
430
450
792
643
586
1065
618
703
1077
622
506
844
305
178
448
-6
-158
-112
-225
-430
-470
-483
-767
-648
-709
-1036
-1023
-1245
-1305
-1176
-1371
-1186
-851
-1153
-869
-621
-825
-614
-307
-504
-275
-22
-268
6
110
-206
110
411
-164
37
271
-27
270
178
-11
251
130
118
278
96
158
324
201
208
228
121
38
-93
153
92
123
253
165
308
451
376
230
776
815
574
967
929
639
733
857
851
556
511
596
570
302
-49
304
-125
-317
-195
-464
-429
-619
-595
-418
-729
-506
-488
-800
-649
-200
-676
-909
-278
-552
-769
-336
-347
-427
-254
-136
-35
-195
-81
214
85
30
160
5
-8
191
-80
-106
-148
55
338
-339
430
441
-433
230
440
-437
-1
109
-410
-36
-44
-236
-308
-107
365
-207
263
635
-145
866
608
382
724
548
578
531
404
516
524
360
415
202
410
148
-208
503
-215
-483
128
-612
-533
-291
-465
-724
-742
-178
-786
-902
-2
-634
-710
92
-392
-355
118
-246
112
113
-41
36
-179
277
50
-62
162
19
352
239
56
99
93
318
-123
74
320
22
-336
272
142
-544
-88
234
-406
-490
474
-543
-409
621
-512
167
562
-94
694
297
312
927
188
297
903
128
482
582
181
450
294
100
391
-28
162
303
-334
188
-192
-573
132
-463
-880
208
-553
-881
188
-592
-831
-108
-368
-531
-462
-165
-230
-524
70
-97
-445
-151
160
-234
-209
200
-70
-164
435
8
-166
417
31
-164
415
160
-103
102
-2
103
-163
-54
-56
-269
161
-152
-306
175
4
-182
387
300
65
469
331
511
440
239
633
293
28
728
380
-368
757
282
-634
765
105
-532
446
77
-496
312
-54
-492
7
3
-219
-136
-133
-116
24
-162
19
1
-331
7
221
-481
-313
491
-466
-688
542
-398
-890
364
-469
-733
-28
-324
-611
-2
-194
-384
-19
150
-223
-274
272
-262
12
-168
-118
191
-149
-73
197
-102
21
330
-7
269
278
508
344
233
609
426
330
546
20
365
487
-128
335
170
-65
-64
235
-82
-449
244
-116
-332
265
-249
-20
200
-279
237
120
-456
369
197
-334
642
157
-331
500
347
-368
154
510
-85
-229
372
-72
-307
-12
-239
-341
-35
-389
-579
310
-711
-476
419
-844
-506
101
-659
-450
-21
-665
-228
-12
-365
-238
16
14
-63
187
156
113
504
386
-45
818
402
85
625
378
173
350
246
219
-43
324
211
-618
519
95
-926
313
-175
-687
225
-400
-174
62
-412
187
-16
-407
339
28
16
458
206
155
314
432
193
149
366
155
155
252
-35
-77
-47
54
-318
-170
2
-327
-81
-127
-296
-192
-114
-434
-418
137
-673
-518
182
-595
-239
-123
-247
-10
-42
-53
137
207
-133
569
305
54
583
478
188
328
709
-132
264
647
-347
266
425
-326
76
198
-291
-425
192
-414
-598
149
-212
-475
-107
-47
-456
1
15
-474
130
397
-282
47
641
-213
178
388
-58
341
-33
140
316
-324
399
78
-579
315
103
-290
-75
29
-9
-324
69
-20
-586
96
-260
-370
-17
-546
51
-252
-311
320
-566
169
257
-631
712
112
-298
792
130
90
684
8
318
486
-17
422
78
180
317
-395
524
-27
-582
518
-343
-274
166
-580
194
-198
-684
418
-422
-338
194
-416
-14
132
-198
-17
88
116
-11
-29
347
-213
-5
527
-329
66
433
-296
212
294
-276
194
78
-123
2
-84
32
-148
-259
132
-185
-418
-68
-188
-297
-151
-86
-386
-7
20
-212
-57
82
165
37
251
414
90
362
370
221
434
258
40
478
172
-100
334
-99
-293
303
-258
-135
6
-316
101
-353
-171
130
-519
-197
335
-384
-162
298
-462
311
122
-417
461
55
-311
436
73
-305
441
0
-243
495
65
-186
278
123
-55
90
-129
-62
72
-170
-109
40
-245
-106
-30
-448
-101
-199
-385
-93
-331
-149
-21
-404
-1
23
-192
42
195
111
190
405
163
342
419
158
286
408
34
305
299
-211
137
241
-465
12
185
-618
222
-116
-511
420
-392
-325
504
-551
-131
541
-394
17
322
-103
253
180
-258
506
202
-487
504
431
-624
347
393
-588
563
-6
-564
577
-174
-429
470
-426
-146
132
-335
100
-162
-351
60
-174
-278
-125
-239
-165
-176
-167
-35
-180
-292
138
20
-377
401
232
-398
636
306
-233
575
158
-69
462
28
-30
515
-383
-103
600
-716
-27
336
-784
100
399
-716
92
349
-570
317
159
-392
358
262
-349
500
162
-194
456
4
2
485
-184
47
491
-402
183
184
-303
42
213
-284
39
129
-167
-117
145
-262
-192
353
-482
-155
336
-490
-104
140
-529
109
-112
-569
454
-229
-632
574
-250
-383
626
-379
50
645
-378
292
686
-542
484
384
-483
620
-86
-498
668
-332
-581
583
-510
-592
570
-601
-361
488
-624
-12
358
-318
33
263
29
13
344
29
139
343
-138
309
399
-249
318
409
-315
284
204
-477
432
-88
-526
613
-169
-353
303
-148
-60
-66
-140
56
-181
-45
40
-260
-29
63
-528
266
-204
-306
266
-317
5
150
-239
99
133
-81
235
124
194
-3
498
-11
109
408
-183
131
219
-207
64
-50
-261
-7
-145
-345
-36
-307
-299
201
-382
-211
227
-275
19
234
-396
379
174
-361
647
-146
-45
540
-177
221
309
-220
418
24
-167
255
-109
-58
-43
31
-33
-230
127
-264
-175
269
-506
-158
374
-593
-7
213
-628
136
-48
-329
-25
71
-69
-196
300
23
-64
270
-37
301
262
26
214
519
51
212
326
86
127
231
2
55
224
-433
324
-96
-492
273
-295
-443
377
-371
-325
358
-390
-68
196
-217
-57
127
-21
-16
74
-48
-13
265
-233
14
311
-324
175
70
-289
243
-45
-342
241
-121
-279
181
-271
-286
291
-461
-98
169
-554
140
-98
-376
161
-426
-48
101
-461
169
96
-360
344
33
-109
432
-81
267
458
-199
671
332
-154
759
117
-44
516
376
-225
292
443
-333
177
314
-596
273
49
-428
110
1
-324
100
-246
-96
285
-718
332
-2
-441
361
-323
-80
258
-475
268
-107
-135
118
-227
200
137
-500
329
98
-427
333
-321
33
-126
-147
12
-297
-28
-224
-249
51
-369
-243
52
-404
-208
196
-473
10
144
-214
99
103
69
179
165
235
254
366
203
366
392
40
482
315
126
195
514
-5
-14
474
-35
-280
441
-221
-323
506
-341
-347
392
-344
-237
315
-494
62
138
-486
271
-22
-438
377
-389
-62
338
-409
-169
322
33
-472
456
-207
-173
491
-436
-69
452
-611
93
315
-836
330
64
-918
456
-222
-617
389
-731
-14
303
-887
289
144
-666
435
-67
-89
326
-239
365
280
97
123
225
651
-297
471
418
-338
836
-15
-182
599
-1
-45
297
-276
235
-21
-206
306
-249
-92
235
-207
-150
238
-233
-67
215
-72
-306
358
-260
-163
233
-310
-88
-6
147
-236
-158
239
-151
-82
35
95
148
-446
403
40
-422
393
-169
-440
340
-84
-534
176
-259
-201
-42
-433
148
-205
-350
226
-235
-118
175
-163
16
256
-200
340
66
-106
462
98
22
181
247
88
-50
459
-86
-186
585
-263
-128
637
-632
-54
791
-874
297
448
-707
311
185
-254
68
135
-128
44
252
-311
46
329
-572
265
238
-646
495
43
-486
480
-184
-135
395
-322
156
263
-300
300
-218
-106
452
-616
72
163
-607
413
-308
-565
529
-575
-80
188
-464
218
-74
-325
382
-193
-166
479
-435
263
146
-185
252
-18
-1
248
-160
-15
403
-156
-154
339
-95
-68
314
-311
69
135
-117
23
50
-3
-87
81
276
-293
-144
683
-282
-105
403
-109
133
53
-18
148
-134
304
22
-416
773
-247
-345
691
-427
38
483
-353
-83
328
-248
-115
85
-187
-276
220
-408
-189
271
-548
-250
477
-681
26
407
-822
445
49
-491
365
-40
-200
197
-98
28
111
-111
34
41
28
17
-135
203
-31
-15
72
31
93
-146
146
268
-388
197
190
-447
502
-163
-285
351
76
-187
162
237
-63
47
333
27
-43
476
-249
40
463
-251
120
286
-215
224
124
-196
327
-79
-202
302
-91
-283
78
-171
-278
100
-295
-357
94
-315
-164
26
-429
21
78
-505
213
24
-456
188
88
-381
168
79
-367
302
-59
-135
282
-59
-163
250
122
-231
387
-58
-203
600
-235
-153
444
-75
80
31
-43
220
-87
-10
131
-180
285
-67
-55
248
-157
125
264
-212
304
63
-121
397
-269
260
70
-97
421
-361
168
368
-491
447
-125
-380
699
-605
-131
448
-692
119
159
-577
25
75
-448
92
-127
-491
384
-441
-176
220
-403
86
53
-273
316
-191
-262
571
-377
38
237
-471
376
-41
-288
306
-53
77
11
268
-58
-90
676
-432
53
745
-775
356
267
-765
715
-86
-675
800
-301
-137
640
-673
476
319
-464
529
-95
-231
420
-153
-163
235
-38
-86
80
104
-44
196
141
-220
161
226
-271
-19
88
-289
43
-20
-501
273
-58
-467
474
-316
-178
476
-454
104
200
-369
318
-168
-192
384
-637
221
281
-708
556
-269
-349
749
-804
398
395
-924
902
-155
-457
674
-319
80
184
-391
434
-248
-245
453
-349
81
207
-268
245
58
-190
310
-72
-29
43
224
-166
-86
173
87
-32
124
-136
136
360
-407
220
347
-361
181
220
-364
-13
151
-205
-67
24
-123
-46
-110
201
-207
-133
350
-310
188
-89
-177
387
-576
336
68
-510
410
-352
105
219
-572
518
-11
-388
350
-119
-19
216
-73
-149
322
-74
-135
339
-292
4
405
-558
57
325
-308
40
22
-91
274
-173
-105
316
-60
-203
270
-59
-332
359
-59
-373
436
159
-630
451
5
-413
390
-118
-214
141
-26
-225
151
-148
20
-70
99
-190
90
292
-480
128
442
-491
246
440
-488
336
240
-183
287
-97
-91
280
-237
-85
-168
78
-189
75
189
-344
170
288
-263
349
-182
52
571
-522
246
200
-331
176
-186
-201
103
-403
-16
56
-260
74
33
-139
-47
304
-244
-106
602
-436
-27
374
-525
99
187
-336
316
9
-190
212
208
-45
161
-75
-62
343
-475
142
235
-526
414
38
-335
515
-256
-28
340
-394
281
57
-317
328
-73
-224
381
-239
-117
111
36
174
-387
238
-42
-212
61
-321
240
-136
-274
307
-73
-237
175
-137
26
270
-258
168
-155
113
200
-197
175
-117
128
105
-265
79
40
-93
246
-167
-106
270
-9
-115
325
61
-218
35
213
-79
-337
146
-127
-14
137
-285
-14
52
-120
238
97
-180
164
178
-154
59
74
-390
155
157
-560
-73
48
-220
-1
-27
-113
59
-39
-152
141
127
-103
104
37
112
236
-334
89
249
-352
123
322
-384
76
152
-342
-55
80
0
-368
26
175
-121
6
90
-95
22
224
15
-113
122
239
65
-74
286
88
-336
331
72
-400
274
266
-503
393
486
-683
196
355
-418
13
49
-76
-295
57
346
-163
-73
346
17
-138
465
20
-256
223
-82
-357
95
12
-293
92
230
-320
-15
325
22
-246
171
304
-138
-165
307
-119
-195
536
-50
-186
331
123
-131
68
57
-80
-195
217
-72
-513
250
119
-291
25
66
-122
-157
114
117
-206
-61
218
-227
-96
418
-257
-145
421
-109
-118
161
56
-12
56
66
-152
-66
29
-141
-116
80
54
-57
72
121
69
41
136
111
-59
103
161
-50
-165
-52
97
-193
-51
117
-285
81
189
-233
216
31
-149
205
-23
11
-38
-298
75
-4
-301
10
-140
-212
-24
-184
-196
-79
-214
-175
-97
-273
-170
-180
-211
-114
-118
-89
26
-110
-70
93
-46
-26
80
-90
-42
111
-22
-67
-86
-38
46
74
-84
-48
77
-75
124
82
-157
182
187
54
174
104
31
210
221
151
229
95
216
313
157
205
231
196
139
249
140
126
248
279
238
374
397
237
444
335
246
314
258
305
249
224
254
88
111
64
-98
7
-163
-242
-165
-318
-378
-392
-584
-606
-718
-761
-720
-779
-825
-797
-814
-866
-793
-872
-820
-716
-796
-651
-633
-620
-457
-455
-293
-183
-101
-7
84
91
171
283
373
522
700
829
969
1119
1255
1381
1468
1500
1591
1709
1811
1923
1985
2085
2209
2221
2309
2423
2570
2214
1677
1236
573
-157
-789
-1302
-2040
-2407
-2536
-2827
-3172
-3279
-3299
-3312
-2984
-2577
-2366
-1935
-1346
-946
-687
-300
-143
-140
261
418
402
284
259
100
-254
-486
-816
-1184
-1196
-1285
-1397
-1295
-1606
-1547
-1298
-1321
-1059
-749
-478
154
748
1200
1748
2051
2401
2809
3132
3353
3577
3725
3892
4079
4221
4208
4263
4359
3317
2293
1809
649
-525
-1211
-2080
-3019
-3443
-3326
-3935
-4400
-4092
-4192
-3967
-3103
-2677
-2201
-1155
-313
148
669
1117
1248
1381
1867
2244
2016
2119
2251
1782
1474
1133
188
-530
-1129
-2064
-2563
-3102
-3694
-4024
-4156
-3953
-3907
-3659
-2838
-2314
-1487
-548
29
695
1264
1958
2445
2874
3262
3331
3625
3915
3911
3920
3903
3940
3975
4275
4356
4491
4281
2813
1750
913
-595
-1955
-2618
-3475
-4267
-4278
-4063
-4691
-4737
-4253
-3943
-3247
-2298
-1464
-736
429
1373
1651
1898
2298
2080
2115
2646
2460
1988
2030
1730
1020
417
-269
-1251
-2109
-2626
-3360
-3830
-4127
-4486
-4577
-4223
-3893
-3573
-2781
-1887
-995
-82
758
1436
1894
2358
2883
3085
3268
3405
3318
3421
3284
3044
2888
2667
2677
2665
2840
3070
3218
3250
2300
1123
493
-591
-1828
-2148
-2656
-3374
-3299
-2917
-3303
-3571
-3091
-2885
-2473
-1527
-754
-253
630
1449
1607
1706
1865
1632
1386
1747
1770
1258
1133
1038
272
-294
-767
-1672
-2372
-2803
-3172
-3699
-3964
-4112
-4283
-3908
-3404
-3105
-2427
-1519
-635
147
925
1550
1874
2247
2711
2888
2845
2935
2886
2797
2703
2566
2332
2279
2421
2489
2755
3119
3420
3662
3034
1929
1203
266
-923
-1416
-1944
-2678
-2786
-2496
-2748
-3210
-3005
-2927
-2688
-1842
-1135
-667
130
881
1148
1279
1429
1213
1034
1389
1551
1264
1169
1055
479
-53
-517
-1298
-1928
-2229
-2565
-3096
-3491
-3899
-4317
-4180
-3814
-3571
-2932
-1929
-1111
-272
538
1089
1457
1915
2379
2682
2745
2818
2798
2665
2625
2366
2051
2062
2127
2243
2654
3033
3403
3760
3960
3299
2147
1477
599
-405
-994
-1583
-2346
-2680
-2538
-2833
-3367
-3232
-3024
-2882
-2048
-1334
-1001
-334
466
865
938
1146
1075
891
1254
1427
1147
987
898
411
-129
-489
-1229
-1864
-2097
-2369
-2636
-3101
-3615
-4025
-4053
-3713
-3413
-2881
-2168
-1283
-378
323
952
1269
1659
2302
2610
2781
2828
2776
2660
2583
2425
2008
1861
1918
2098
2487
2836
3222
3551
4006
3926
2803
1896
1173
83
-681
-1115
-1843
-2602
-2665
-2773
-3366
-3559
-3394
-3327
-2719
-1777
-1258
-719
99
598
748
1011
1117
896
1000
1469
1322
1122
1065
651
84
-298
-899
-1541
-1853
-2026
-2257
-2429
-2782
-3477
-3605
-3469
-3348
-2926
-2317
-1643
-736
15
614
933
1254
1679
2152
2483
2672
2680
2493
2514
2300
1799
1534
1397
1408
1703
2077
2399
2723
3149
3659
4063
3427
2356
1919
1264
196
-328
-1019
-2262
-2668
-2514
-3016
-3519
-3518
-3466
-3195
-2393
-1823
-1655
-978
-171
120
458
764
538
352
779
959
697
596
467
190
-95
-345
-867
-1381
-1548
-1610
-1692
-1775
-2090
-2628
-2795
-2646
-2633
-2359
-1837
-1307
-547
117
653
926
1067
1461
1888
2111
2251
2309
2194
2205
2055
1660
1416
1419
1452
1793
2287
2644
3061
3487
4063
4552
3994
2857
2365
1697
482
-275
-896
-2286
-2938
-2750
-3307
-3959
-3870
-3893
-3756
-2893
-2293
-2129
-1427
-490
-90
236
620
446
187
672
967
730
716
716
406
161
-82
-702
-1249
-1475
-1623
-1632
-1686
-2109
-2522
-2728
-2781
-2733
-2562
-2179
-1645
-893
-152
398
773
989
1330
1834
2115
2383
2466
2516
2646
2509
2308
2015
1720
1746
1843
2172
2508
2633
2966
3309
3604
4185
3804
2435
2049
1510
63
-638
-1231
-2694
-3264
-2849
-3137
-3947
-3720
-3654
-3764
-2920
-2278
-2235
-1581
-531
-60
165
525
278
-152
369
757
447
506
746
405
157
73
-588
-1124
-1169
-1140
-1074
-1067
-1432
-1888
-2048
-2102
-2171
-2151
-1820
-1253
-630
-57
351
403
490
822
1257
1546
1735
1931
2018
2074
1971
1672
1369
1255
1342
1647
2034
2272
2395
2723
3128
3467
3919
4093
3394
2616
2145
1125
-103
-986
-1991
-2908
-3024
-2936
-3535
-3961
-3792
-3867
-3674
-3005
-2632
-2280
-1385
-446
-40
213
389
231
339
903
1067
996
1167
1200
985
863
507
-99
-462
-505
-579
-821
-1181
-1707
-2096
-2296
-2477
-2588
-2567
-2202
-1644
-1212
-671
-372
-191
360
866
1255
1632
1833
1968
2151
2218
2094
1845
1701
1687
1775
1897
2034
2042
2228
2682
3026
3281
3555
3590
2845
2093
1641
510
-739
-1288
-2159
-2937
-2944
-3003
-3604
-3738
-3455
-3523
-3191
-2483
-2187
-1635
-663
-59
159
451
611
412
606
985
853
824
1132
1130
899
772
329
-246
-353
-500
-832
-1120
-1471
-1904
-2120
-2223
-2483
-2589
-2259
-1824
-1263
-688
-265
107
475
954
1299
1516
1748
1814
1872
2015
1823
1455
1236
1044
989
1036
1087
1219
1382
1669
2007
2150
2389
2651
3056
3261
2591
2034
1478
390
-312
-800
-1735
-2228
-2229
-2317
-2680
-2777
-2931
-3131
-2780
-2297
-2074
-1623
-969
-553
-333
23
34
-286
-29
301
442
684
875
827
735
661
366
67
-79
-371
-439
-561
-1066
-1391
-1793
-2156
-2204
-2262
-2016
-1635
-1280
-630
-215
81
493
597
826
1141
1236
1371
1436
1445
1323
1150
1089
999
1013
1260
1415
1511
1693
1873
1950
2076
2159
2073
2193
2556
2452
1800
1375
702
-145
-399
-568
-1119
-1317
-1183
-1209
-1419
-1472
-1670
-1900
-1633
-1331
-1303
-1137
-908
-906
-793
-679
-902
-1102
-959
-803
-691
-590
-520
-523
-501
-339
-275
-369
-410
-472
-547
-544
-785
-1002
-1030
-989
-927
-842
-639
-442
-265
66
301
304
317
359
387
388
360
289
199
152
194
156
117
116
126
342
602
821
1049
1235
1451
1696
1919
2157
2394
2675
2975
3324
3431
3181
3006
2685
2220
1805
1171
493
-5
-512
-989
-1456
-1914
-2304
-2537
-2593
-2618
-2677
-2599
-2478
-2443
-2303
-2135
-1999
-1801
-1442
-1148
-907
-591
-361
-172
136
304
327
510
577
434
428
297
6
-194
-305
-426
-622
-688
-754
-885
-896
-914
-915
-813
-705
-599
-472
-316
-176
-69
170
364
477
743
993
1075
1211
1397
1418
1459
1642
1763
1796
1951
2042
2110
2232
2200
2194
2131
1965
1914
1624
1280
995
486
142
-137
-619
-914
-1054
-1229
-1367
-1393
-1465
-1569
-1476
-1414
-1444
-1277
-1148
-1167
-1003
-907
-969
-1009
-951
-856
-775
-719
-591
-562
-489
-402
-434
-382
-459
-543
-505
-544
-598
-704
-777
-771
-843
-825
-784
-811
-739
-622
-537
-472
-439
-269
-84
74
264
367
505
694
781
877
933
1032
1028
1121
1465
1338
1212
1492
1427
1160
1279
1282
1039
958
1145
984
774
852
761
611
744
840
697
674
618
537
320
204
162
-83
-165
-8
-230
-474
-351
-604
-880
-654
-696
-745
-455
-406
-494
-413
-384
-531
-518
-450
-508
-468
-404
-561
-702
-752
-858
-1060
-1051
-1075
-1240
-1121
-1050
-1300
-1290
-1155
-1269
-1081
-847
-832
-580
-342
-82
-4
180
556
482
665
1067
1006
790
1072
1034
613
815
800
411
364
479
439
263
234
199
211
319
532
365
416
709
257
401
737
212
323
769
594
592
903
715
573
811
755
598
688
538
750
466
259
679
112
-180
200
22
-313
-217
-225
-490
-690
-418
-619
-1040
-631
-857
-1231
-736
-913
-1178
-785
-861
-878
-589
-803
-666
-308
-605
-473
-107
-396
-200
-80
-310
-39
-101
-430
174
-206
-319
292
-480
-160
4
-580
-102
-120
-466
-48
-339
221
109
-305
527
220
190
647
332
677
765
573
1212
625
629
1097
350
601
771
143
585
263
98
688
-91
377
685
-213
737
552
134
669
258
375
408
109
354
317
-53
-107
240
-247
-406
241
-477
-515
216
-834
-614
-27
-1365
-514
-133
-1358
-150
-378
-1200
58
-463
-1035
-107
-255
-740
-194
-192
-648
-357
-394
-765
-269
-416
-654
92
-373
-367
318
-101
-86
546
129
115
836
53
298
1035
-50
442
672
-192
701
219
-228
604
38
55
519
119
192
395
372
384
423
506
382
628
540
378
476
259
387
328
-13
544
-57
31
437
-333
-67
199
-418
-268
-256
-635
-268
-629
-656
-463
-680
-597
-370
-445
-788
-226
-322
-584
-146
-509
-275
78
-562
-199
235
-438
28
169
-120
388
141
187
677
270
279
749
356
75
607
342
50
542
7
-81
151
-325
-87
-334
-481
54
-185
-299
-58
-63
-157
130
227
-87
466
753
272
586
909
320
450
791
186
382
632
48
261
125
-153
88
-417
-411
-56
-573
-618
-324
-630
-907
-411
-563
-1077
-370
-664
-988
-182
-824
-903
28
-628
-719
498
-361
-384
822
-158
341
826
55
837
558
558
964
16
882
694
-136
841
270
-130
404
-132
1
-116
-617
60
-506
-627
17
-639
-367
75
-649
82
158
-307
290
450
-70
585
608
109
653
629
351
454
605
329
425
438
311
267
397
179
181
225
-24
21
-119
-268
-170
-479
-348
-398
-811
-308
-749
-948
-585
-735
-716
-660
-424
-351
-582
102
-169
-413
421
12
-159
495
385
-25
352
518
75
228
569
72
194
524
225
41
250
114
-99
-131
-30
-209
-508
-82
-213
-525
-219
-21
-417
-234
380
-153
-261
547
94
-99
559
90
109
470
301
-80
716
141
-42
821
175
174
710
155
384
452
-26
302
-6
95
-71
-376
155
-352
-643
-175
-416
-580
-651
-286
-180
-647
-66
68
-543
39
253
-572
-119
454
-463
-30
390
-321
115
104
-158
299
-291
92
449
-376
337
240
-463
365
-160
-496
234
-406
-335
260
-397
-115
263
-349
-25
157
-166
109
11
87
290
-90
196
180
-183
309
108
-199
480
275
-73
418
426
-17
285
332
157
175
317
259
158
277
130
124
97
-39
57
168
-163
-130
291
-41
-183
119
-127
-30
-64
-282
-200
-73
-270
-249
-217
-183
-73
-222
-380
-1
-35
-410
71
-142
-103
173
-259
-214
122
-323
-427
51
-516
-91
-92
-446
132
-290
-266
52
-289
-88
9
-63
278
112
150
313
240
382
176
447
536
53
596
487
60
207
221
79
-102
171
-194
-45
50
-277
30
-122
-303
209
-161
-139
437
-314
68
572
-75
15
455
96
279
105
36
358
6
7
328
-48
51
21
44
-141
-222
81
-386
-136
-18
-499
-167
-245
-640
-87
-691
-535
104
-827
-246
81
-805
157
-58
-623
250
-88
-165
279
-18
133
371
138
383
275
342
402
254
442
220
213
291
149
29
48
57
-139
-113
-95
-304
-93
-285
-200
5
-326
-37
-37
-111
52
-134
192
154
-70
414
302
96
418
298
298
389
267
447
272
71
417
144
-193
108
-7
-290
-52
-308
-385
-199
-511
-482
-381
-562
-356
-333
-432
-217
-357
-95
-208
-203
56
-108
-103
380
-20
-23
491
69
197
502
97
143
500
136
106
269
87
159
-33
-80
221
-365
-110
-60
-305
29
-425
-72
-65
-279
-8
-292
-47
105
-288
-30
239
-127
42
383
-73
400
357
116
480
340
291
317
293
140
301
127
-19
124
-96
-38
-62
-267
-188
-240
-254
-264
-480
-133
-187
-511
-137
-82
-344
-69
-202
-119
38
-59
107
37
106
328
131
72
387
257
115
295
277
214
55
274
174
-165
117
88
-246
-85
-80
-290
-97
-266
-295
-139
-238
-237
-196
-185
-57
-239
-83
-16
-213
129
47
60
61
287
246
73
352
136
155
320
45
168
134
89
34
-40
-7
-5
-155
-74
95
-252
0
-2
-243
12
-184
-202
6
-175
-185
-34
-151
-109
47
-133
16
80
-31
301
66
69
375
105
331
284
119
422
240
33
366
15
34
241
-241
90
-40
-298
9
-377
-250
-101
-494
-103
-179
-412
-23
-48
-421
-5
13
-273
139
-124
58
178
-76
141
166
-74
184
32
-95
369
-122
-121
412
-251
-81
293
-280
95
117
-128
222
24
-175
327
-166
-259
319
-107
-393
270
-154
-145
72
-295
142
-105
-80
177
-11
120
205
45
353
108
114
350
65
190
144
-30
211
10
-102
80
-121
74
-209
-226
22
-206
-360
-83
-49
-281
-186
122
-241
-121
124
-356
77
109
-281
27
205
-120
-17
14
52
-22
-124
109
104
-266
260
184
-325
318
29
-5
165
22
163
15
198
63
-73
169
-31
-118
122
-184
-19
-85
-82
17
-271
70
63
-211
85
190
121
-27
288
351
-148
333
275
-122
209
155
-64
92
-17
-54
11
-109
-224
0
-137
-354
-62
-113
-342
82
-266
-279
203
-233
-206
151
-96
-79
232
-127
43
385
-268
110
278
-108
66
59
-29
156
-25
-32
148
-139
183
27
-153
177
-49
15
79
-101
63
88
-102
-117
129
27
-365
225
19
-287
274
-42
-158
353
-118
44
256
-47
359
-96
214
362
-226
234
231
-166
-51
167
38
-410
138
57
-672
200
-31
-823
160
-102
-449
-173
-135
-11
-397
-58
245
-463
233
208
-163
329
129
115
228
229
83
179
239
121
34
126
228
-126
-59
249
-103
-237
244
-55
-235
28
0
-61
-129
-130
164
-168
-163
210
-210
6
39
-47
70
27
45
-54
292
-66
-68
217
1
43
107
-73
109
115
-125
1
52
-108
-185
186
-294
-132
76
-288
-223
45
-334
-189
-92
-140
-158
-159
-13
-19
-131
-11
278
-179
208
332
-65
333
236
127
271
237
130
299
160
147
170
58
160
22
-27
71
50
-229
64
-15
-296
38
-227
-175
4
-414
58
-213
-304
223
-518
-46
191
-471
2
190
-317
127
-119
108
30
-206
285
-13
-41
160
118
36
53
21
336
-236
141
171
-124
106
-71
32
-92
-111
50
-86
-141
-55
111
-157
-121
301
-266
2
426
-205
69
372
26
86
228
110
261
9
237
228
-71
315
77
-123
185
109
-202
20
42
-124
-281
66
-150
-567
226
-297
-532
211
-325
-470
159
-386
-77
-250
-222
314
-593
139
225
-424
135
236
-153
92
80
301
41
-46
574
-179
105
449
-108
152
132
156
84
-77
150
-6
-46
83
-111
-24
156
-157
-51
172
-100
-63
189
-89
37
187
-24
-31
281
-55
-37
126
110
15
-87
201
24
-127
158
-91
-114
147
-91
-150
57
-124
-72
-63
-257
15
-153
-282
52
-114
-428
148
-164
-430
220
-379
-91
74
-411
291
-167
-314
464
-204
-152
495
-236
204
294
1
133
270
101
-3
290
130
-50
175
95
-6
36
0
-44
142
-97
-67
194
-102
-18
143
-53
27
104
-23
102
119
-25
0
324
-293
122
225
-317
178
-34
-14
-28
-142
95
-172
61
-123
-168
256
-304
27
78
-313
182
-186
-169
180
-507
277
-220
-454
316
-426
-265
109
-428
33
-124
-332
281
-329
13
190
-217
174
308
-178
390
123
134
406
-154
445
269
-233
460
239
-328
531
-160
33
234
-293
226
6
-217
257
-70
-126
153
-67
104
-140
168
-28
-61
263
-246
88
167
-276
71
81
-175
-25
17
-32
-183
48
-48
-271
188
-142
-251
201
-133
-231
155
-216
-82
-6
-218
24
-157
-64
-270
89
-99
-472
294
-122
-494
443
-151
-325
408
-111
-54
254
19
206
100
170
424
-163
406
366
-241
582
76
45
357
-1
165
158
21
-10
136
74
-124
62
21
-74
3
-49
-143
39
-39
-229
116
-156
-107
24
-148
-42
-90
-134
123
-279
7
47
-246
27
-55
-137
-9
-118
-10
-73
-150
187
-427
121
24
-416
159
-130
-145
21
-182
12
-55
-136
-31
27
-61
-110
207
-101
28
167
-70
203
93
9
329
14
107
373
-18
139
307
155
-15
354
176
-37
250
172
25
-78
374
-100
-76
223
-103
59
-5
-212
186
-144
-273
279
-274
-124
53
-47
-212
-39
60
-214
-60
110
-223
-70
189
-287
-37
165
-221
-69
154
-230
31
-13
-169
22
-145
-24
-41
-217
62
-56
-184
20
-86
-178
58
-13
-254
68
141
-240
54
139
-127
41
182
-97
76
168
58
6
119
229
-90
196
109
71
86
80
98
21
0
194
-90
-43
289
-177
-112
395
-340
-54
322
-307
100
-13
-55
200
-192
-38
356
-297
15
352
-296
52
407
-394
192
219
-238
178
35
-48
20
86
-94
-76
77
-17
-194
71
-104
-56
-99
-104
-64
-155
-64
-51
-225
-38
98
-383
77
88
-381
151
31
-304
166
77
-241
80
123
-32
-150
201
21
-112
104
20
-49
-7
121
-181
81
104
-226
170
-6
-112
131
-129
50
97
-110
9
211
-61
0
147
128
-60
148
174
-94
333
-9
67
341
-143
300
45
-23
400
-232
208
147
-128
167
-34
-5
10
-18
-75
21
-146
-3
-137
-143
76
-311
18
-33
-250
62
-132
-174
-3
-22
-269
-17
95
-217
-139
89
-16
-223
23
-22
-57
-113
9
-44
-114
13
-60
-92
26
-106
-11
0
-113
75
-128
38
47
-79
69
85
-20
119
64
43
164
55
28
320
-81
186
277
-56
251
156
111
49
278
19
97
167
29
107
88
-14
60
87
-39
-27
39
37
-156
34
0
-78
-75
9
-49
-129
64
-127
-52
-3
-140
30
-169
14
7
-313
205
-111
-307
172
-86
-318
162
-134
-223
113
-252
3
-43
-184
-65
61
-165
-133
167
-211
-24
142
-238
118
42
-108
172
-104
114
117
-117
232
18
-17
303
-141
173
224
-161
276
57
-17
176
74
54
-6
247
-18
-114
354
-110
-21
179
-45
55
43
27
-51
137
-2
-108
166
-113
62
70
-281
258
13
-376
317
-82
-281
245
-177
-160
117
-92
-274
144
-37
-351
130
16
-411
204
-27
-451
301
-89
-353
270
-190
-97
143
-197
21
31
-64
28
-18
-15
37
74
-101
45
101
-29
19
11
67
44
-19
43
79
2
24
107
-74
154
37
-73
168
23
33
25
118
8
69
26
97
-26
102
99
-141
217
16
-124
220
-110
22
92
-143
140
-93
-41
58
-80
0
-64
-100
193
-266
-69
217
-259
-56
124
-171
-72
108
-175
-43
123
-204
-24
144
-171
-46
63
-40
-28
-38
-62
123
-99
-94
87
17
-125
25
117
-160
33
130
-174
63
136
-253
225
11
-174
172
27
-47
22
65
24
25
7
21
59
108
-167
160
103
-134
105
31
-14
90
-35
-46
158
-65
-18
25
-3
52
-87
35
28
-94
102
-11
-119
96
37
-112
61
-63
37
59
-206
178
-14
-180
192
-67
-76
46
58
-114
55
35
-105
61
14
-87
95
-132
39
139
-270
130
81
-181
110
8
-131
183
-121
-11
128
-119
38
52
-53
29
49
-72
33
82
-82
-6
74
-44
-14
97
-125
30
127
-132
-16
99
-26
-79
52
43
-113
77
-48
29
17
-102
68
57
-139
51
105
-197
86
153
-218
-30
298
-244
-23
186
-116
-35
116
-45
-81
147
-108
21
90
-189
166
-2
-172
179
-26
-133
113
48
-180
135
30
-139
133
-47
-39
77
-63
53
-44
28
28
-53
41
-12
3
59
-99
26
71
-46
-28
-3
80
-88
44
-5
-66
137
-107
-36
150
-127
-25
168
-128
-58
205
-132
-40
165
-136
45
31
-53
61
-41
-9
43
-36
56
-70
-15
149
-184
68
58
-114
96
-83
36
33
-117
97
-23
-58
86
-87
-26
162
-150
-80
192
-102
-85
143
-147
52
75
-142
32
94
-138
61
11
-50
13
35
-47
-35
79
-55
-41
65
-5
-100
147
-108
5
81
-39
-49
122
-70
-16
139
-128
13
173
-199
80
165
-269
187
39
-127
99
19
-76
179
-145
47
138
-226
217
-30
-148
155
-31
-10
-16
-62
171
-158
23
58
-97
40
75
-227
171
56
-294
293
-180
8
118
-243
167
-3
-130
102
-65
-22
109
-175
102
10
-93
107
-102
61
1
-106
160
-97
-3
26
-19
102
-162
105
4
-30
61
-37
-23
104
-51
2
37
-50
104
-53
-74
188
-146
20
95
-106
121
-138
127
9
-100
121
-25
-35
100
-64
31
23
-39
45
1
-70
45
24
-66
30
-42
49
-55
28
-32
0
41
-68
19
-6
11
-39
-9
6
-3
-52
9
17
-39
-34
43
-7
-67
76
-46
-13
74
-129
107
-13
-110
165
-150
62
65
-152
117
16
-93
65
56
-76
59
8
-17
101
-126
121
20
-64
48
49
-32
-26
102
-66
-3
84
-87
76
11
-54
58
65
-95
21
117
-154
82
57
-166
147
-48
-64
91
-100
12
77
-107
-9
73
-71
10
9
-60
16
-1
25
-165
104
52
-199
132
-70
-17
48
-84
19
42
-69
2
98
-159
95
28
-128
150
-85
-51
177
-180
74
49
-88
96
-84
114
-67
-10
147
-166
130
39
-187
303
-220
42
189
-268
198
-2
-120
161
-116
95
-22
-25
108
-143
150
-54
-58
130
-128
48
51
-136
94
-38
-10
-31
27
-44
14
3
-92
79
-1
-98
61
-37
13
-27
-18
-20
-12
56
-89
-17
40
2
-40
-8
-31
101
-93
-23
103
-101
56
10
-78
127
-127
78
2
-53
69
-67
93
-60
16
73
-74
57
57
-100
89
78
-171
188
-97
40
68
-127
105
6
4
-21
-63
176
-82
-84
142
-90
24
51
-58
-62
118
14
-188
142
-1
-98
74
-38
-53
88
-61
-36
68
-40
9
-39
51
-13
-59
87
-104
79
9
-127
108
-11
-49
36
-56
118
-124
37
63
-105
114
-95
9
103
-130
76
27
-187
332
-257
-7
184
-148
94
-41
-67
152
-11
-167
144
54
-126
31
118
-151
56
135
-240
161
55
-247
288
-119
-136
292
-206
42
74
-112
132
-73
-23
42
11
-18
15
-78
99
-15
-50
7
12
27
-44
-15
49
-70
32
17
-38
-16
-5
71
-66
-5
-12
66
-39
-50
93
-89
-4
191
-304
138
149
-272
117
81
-181
168
-60
-164
310
-180
-95
167
11
-134
80
19
-57
38
29
-52
-20
128
-132
33
108
-204
130
108
-281
165
101
-256
199
-29
-127
170
-85
-33
86
-69
47
-66
57
24
-133
164
-77
-98
254
-260
39
264
-371
180
148
-338
263
7
-256
290
-78
-248
401
-179
-254
468
-252
-152
375
-287
-2
254
-265
63
115
-151
108
-20
-152
240
-75
-167
144
69
-148
25
126
-239
246
-57
-255
350
-177
-28
131
-250
278
-47
-279
325
-67
-191
261
-164
-35
196
-149
-83
212
-108
-86
181
-150
-8
188
-168
-70
229
-133
-54
144
-90
-69
226
-162
-92
245
-144
-21
90
-61
8
87
-144
76
164
-308
145
225
-360
148
154
-235
112
71
-136
47
97
-158
138
-71
-26
92
-81
41
-27
11
12
-14
-1
32
-83
89
14
-124
100
-11
-39
62
-67
-1
96
-97
16
12
27
-51
26
25
-86
137
-126
50
56
-121
81
52
-131
45
133
-196
76
111
-202
126
92
-249
130
193
-336
142
126
-207
186
-78
-163
329
-101
-315
372
5
-318
271
-49
-139
270
-324
155
170
-351
191
75
-163
59
46
-120
119
-70
-20
63
-84
33
29
-15
-85
88
61
-210
197
-55
-108
179
-130
31
29
-53
41
40
-136
113
43
-157
85
92
-134
25
67
-29
-16
9
6
-3
37
-68
58
-45
66
-94
67
9
-100
139
-110
46
-5
-22
26
28
-113
140
-73
-35
63
14
-105
101
-27
-22
50
-95
160
-188
157
-34
-113
153
-54
-46
40
-34
72
-100
39
16
-17
13
-13
-48
131
-83
-95
201
-151
15
78
-105
38
79
-128
56
-14
27
-14
-83
106
-70
52
-49
-14
29
-11
61
-87
-49
190
-75
-149
162
23
-112
34
40
1
-36
15
12
-33
66
-85
86
-70
-13
170
-223
79
122
-154
32
132
-211
122
102
-215
100
49
0
-140
166
-10
-172
234
-118
-85
223
-193
-7
241
-270
34
254
-357
204
113
-388
372
-87
-211
290
-175
-35
209
-260
104
147
-253
85
171
-276
172
75
-259
227
-30
-110
127
-41
-128
220
-63
-145
109
40
-31
-111
149
-55
-37
67
-85
48
109
-266
176
98
-240
158
-35
-38
128
-159
70
-1
8
67
-197
159
-37
38
-17
-163
211
-7
-130
62
-37
110
-76
-52
56
52
-100
28
53
-80
60
-11
-87
88
74
-239
171
37
-160
100
39
-143
148
-7
-150
177
-39
-112
208
-140
-101
340
-279
2
196
-212
156
-11
-169
261
-167
-73
305
-295
-17
319
-362
171
101
-338
385
-160
-138
247
-141
-10
125
-166
86
101
-212
133
2
-73
111
-149
77
91
-186
127
-24
-42
91
-99
-40
169
-69
-218
330
-170
-82
160
-105
36
6
-106
120
23
-149
29
98
-20
-124
122
-84
58
65
-212
122
111
-188
65
61
-169
241
-112
-167
241
-71
-33
12
-24
11
109
-144
-7
146
-129
-9
117
-102
-40
148
-129
-18
126
-94
-38
91
-38
12
17
-110
179
-61
-107
200
-208
171
18
-228
268
-112
10
18
-46
120
-86
-30
101
-2
-82
14
110
-58
-105
148
-37
-108
196
-217
91
110
-307
304
-136
-70
126
-105
-12
136
-87
-133
224
-67
-114
188
-138
10
216
-272
126
82
-144
237
-200
21
231
-272
193
5
-140
243
-170
39
101
-114
95
-25
-24
49
24
-90
100
-54
20
81
-152
77
123
-195
99
20
-17
18
-78
94
45
-127
107
21
-141
266
-204
52
90
-53
46
-17
-9
102
-86
52
68
-75
41
-62
201
-144
-69
191
-66
-77
110
-145
163
-54
-158
206
-100
-44
31
-29
-46
109
-96
-85
113
-39
-71
54
12
-52
-53
119
-170
132
10
-176
132
-62
4
48
-31
-171
237
-104
-106
142
-183
197
-169
-65
196
-219
38
50
-227
180
59
-424
312
-59
-241
305
-365
70
254
-448
132
142
-188
-22
42
-16
-70
53
-65
81
-137
53
51
-100
60
-50
-50
199
-143
-92
166
-53
16
-69
117
-94
11
75
-125
35
143
-243
128
60
-252
314
-204
-24
181
-175
52
101
-197
152
124
-269
209
-17
-97
265
-155
-40
233
-130
64
110
-114
180
-89
131
31
-193
411
-245
39
260
-308
328
-19
-328
519
-72
-380
468
-49
-227
274
-51
-9
27
-12
176
-193
89
143
-208
226
-65
-99
253
-139
-34
203
-99
-50
211
-144
-7
146
-51
18
-21
31
83
-117
42
158
-183
24
103
-69
16
-8
21
-27
4
-41
38
9
-129
130
-47
-152
142
-22
-104
27
-35
34
-53
-3
-65
-3
115
-191
18
99
-158
99
20
-284
335
-61
-333
354
-156
-70
104
-108
83
-129
29
-19
88
-104
-233
364
-144
-215
215
-141
61
-83
-62
134
-83
-86
-8
31
26
-20
-199
129
61
-142
14
13
12
-71
-50
149
-73
-154
251
-211
24
161
-214
141
-79
10
61
-134
121
10
-150
71
22
40
-180
140
5
-170
154
-15
-58
-17
48
-60
83
-46
-71
113
-79
-7
120
-87
-82
154
-19
-70
57
13
-74
167
-165
61
119
-159
106
-11
-80
195
-91
-171
297
-139
-14
54
-8
9
-5
-49
155
-95
-54
163
-93
-22
120
-57
-23
48
22
-17
-23
141
-150
56
157
-236
123
173
-322
260
-22
-175
295
-192
28
154
-256
246
-6
-187
273
-237
133
124
-262
214
-50
-22
49
-43
109
-111
12
117
-86
54
30
-162
264
-91
-157
325
-289
90
205
-310
195
56
-232
230
-6
-140
123
-8
-23
42
-67
116
-37
-123
154
-8
-79
-9
112
-69
-92
125
17
-191
203
-112
16
10
-24
10
-42
54
-52
-50
66
-17
-87
99
-79
2
3
4
-92
93
37
-236
194
-21
-209
293
-174
-163
294
-118
-119
112
-39
-10
-67
35
20
-105
44
-3
-63
56
-2
-12
-35
32
25
-55
-45
67
-29
-62
20
15
-92
83
-37
-68
111
-80
22
59
-92
57
-6
8
6
-60
14
-4
-10
-5
-39
39
-18
-4
147
-258
216
58
-273
249
-30
-129
137
-81
17
72
-68
58
-30
-2
31
-54
101
-85
41
26
-23
80
-94
105
-31
-77
139
-34
-106
142
-82
14
137
-144
44
112
-140
76
39
-74
-31
170
-94
-111
283
-164
-16
194
-192
105
71
-173
101
43
-174
169
-74
-74
212
-207
68
149
-171
148
-54
-1
29
-74
45
8
-16
-97
173
-46
-113
178
-25
-193
261
-117
-47
104
-85
44
23
30
3
-66
108
-47
-12
3
-70
160
-201
106
45
-87
37
-11
87
-121
37
122
-226
165
23
-169
229
-141
-33
50
-41
23
-167
218
-127
-61
221
-253
179
99
-342
334
-120
-181
412
-387
-12
353
-320
94
44
-98
40
-54
84
-61
-29
86
14
24
-91
87
36
-142
71
-42
-20
-58
89
-36
-66
232
-186
96
71
-204
259
-122
-130
184
-124
45
31
-168
237
-64
-134
190
-62
-22
15
-59
152
-166
5
119
-126
63
-22
16
-61
90
54
-177
69
116
-223
49
151
-217
125
-36
-55
223
-270
159
130
-288
189
70
-177
118
39
-132
191
-82
-97
150
-199
87
-33
-168
289
-169
-140
394
-252
10
276
-319
103
170
-245
46
54
-159
212
-104
-91
143
8
-182
152
67
-185
189
-69
-72
84
79
-102
-51
186
-172
21
124
-93
52
-46
8
125
-88
-150
117
-66
-40
158
-212
29
247
-243
167
22
-90
-1
-25
52
-111
-20
87
-107
58
211
-158
6
53
49
-17
-82
140
-68
-113
205
-103
-29
41
-137
195
-118
-79
221
-225
113
201
-307
186
-40
-122
116
-120
81
-102
0
164
-124
-50
143
-140
13
171
-202
101
106
-220
228
24
-270
174
54
-217
208
-67
-49
206
-200
136
65
-270
122
13
-268
177
-5
-131
160
-47
22
86
-113
79
90
-80
-53
-29
56
3
-112
-12
101
-81
-29
85
-62
155
-28
-98
318
-208
28
118
-195
175
-10
-175
123
-52
-80
96
17
-88
-22
80
-66
-2
3
-124
29
49
-84
154
-117
66
109
-135
102
13
-39
-15
-48
80
-73
38
113
-169
92
-58
-51
35
-24
-16
42
32
169
-112
19
224
-157
24
-50
-14
-3
-88
60
-75
48
28
-111
78
2
-31
54
-53
92
-25
8
119
-70
-12
62
29
-91
153
28
-78
74
-19
23
-47
-8
41
-97
-68
-28
-5
-105
45
2
-201
122
25
-103
79
-65
-20
119
-109
-45
-11
-10
-9
-109
43
-35
-42
-27
-9
38
-32
-46
62
-17
85
8
-166
185
27
-111
168
14
-148
178
80
-5
128
-91
100
-5
-105
153
-218
-143
210
-102
-71
97
-119
13
178
8
36
-62
25
239
-113
48
43
-152
30
123
-57
-146
119
-36
-126
270
-127
-183
187
-143
6
122
-133
25
59
-80
211
-67
-143
117
-39
-65
95
-83
-254
114
14
-224
14
-28
-138
33
21
14
-45
78
62
-82
163
51
-47
-8
65
101
-114
5
39
-110
-16
70
-38
-45
80
-17
-87
18
32
-113
-43
-8
20
26
-56
9
14
13
71
23
-24
56
55
-33
40
52
-120
13
61
-31
88
-41
18
55
-16
68
-80
18
20
5
20
78
59
-58
112
106
12
82
57
-34
64
33
-56
-40
-76
8
-3
-44
25
-57
12
12
99
-20
-41
171
-15
32
142
-21
-67
111
21
-22
-3
-46
-3
-23
-21
-12
-78
-53
30
-6
-71
-4
27
-94
4
68
-106
-34
15
-64
-10
-29
-52
-95
-47
-36
-93
-46
-68
-47
-44
28
12
-44
43
26
36
23
7
17
26
-14
8
21
-4
28
-61
20
56
14
25
22
38
33
9
20
-16
-29
45
22
36
33
20
-29
56
43
14
19
-4
95
52
23
29
12
15
68
30
13
14
21
-13
-27
-23
-72
-71
-66
-16
-32
-10
-9
-36
10
-21
-5
12
-35
4
14
-27
-23
-41
-81
-60
-62
-22
-75
-33
-7
-74
-37
-35
-30
-59
8
10
-1
33
-8
6
-3
0
-1
-16
-40
-34
-42
-61
-35
-68
-69
-72
-57
-44
-64
-46
-32
-28
-13
-46
-28
-34
-18
6
-45
12
-21
1
25
15
20
52
56
48
87
91
114
78
125
125
117
136
97
109
125
134
118
91
163
156
154
141
100
134
123
144
125
155
135
123
151
102
120
76
42
86
39
70
34
36
53
12
25
-10
6
-39
-73
-86
-131
-193
-231
-205
-277
-317
-340
-411
-419
-458
-465
-485
-472
-523
-529
-521
-513
-496
-495
-445
-444
-367
-392
-340
-281
-270
-201
-171
-127
-74
-12
10
92
153
201
293
381
505
645
785
894
1002
1088
1122
1205
1351
1429
1538
1631
1715
1825
1833
1911
2033
2084
2225
2220
1647
923
365
-297
-1140
-1733
-2230
-2755
-3022
-2948
-3096
-3208
-3131
-2826
-2385
-1932
-1371
-953
-526
20
412
455
577
572
364
197
71
-281
-751
-889
-932
-1103
-1184
-1253
-1272
-1242
-1134
-990
-942
-857
-641
-449
-267
17
238
453
932
1364
1658
1914
2104
2243
2372
2524
2624
2550
2545
2580
2494
2607
2668
2701
2755
3114
2840
1497
644
164
-1056
-2021
-2360
-2927
-3625
-3613
-3235
-3574
-3643
-3124
-2562
-1873
-890
-156
362
1001
1725
1781
1650
1843
1648
1324
1480
1483
948
494
209
-280
-914
-1521
-2261
-2840
-3234
-3543
-3802
-3843
-3708
-3310
-2660
-1988
-1030
-332
337
1270
1799
2060
2226
2235
2225
2157
2015
1753
1577
1307
1100
1141
1063
1054
1100
1204
1478
1686
1983
2325
2737
3200
3872
3824
2481
1583
1168
-143
-1175
-1466
-2097
-2857
-2842
-2478
-3051
-3531
-3300
-2881
-2327
-1511
-788
-246
335
1118
1191
1007
1075
833
577
829
1006
582
48
-198
-539
-1022
-1457
-1769
-2033
-2482
-2760
-2751
-2989
-3202
-2896
-2448
-1818
-1016
-287
328
931
1587
1930
1936
1983
1903
1654
1497
1289
930
490
236
99
1
11
81
421
787
1313
1807
2166
2696
3385
4029
4704
5482
4717
3077
2462
1674
-62
-1065
-1619
-2514
-3372
-3127
-3215
-4220
-4389
-3959
-3369
-2642
-1646
-839
-289
601
1401
1230
1126
1180
1064
992
1274
1194
571
21
-321
-706
-1221
-1770
-2011
-2065
-2424
-2734
-2809
-3076
-3260
-2718
-2170
-1614
-765
-172
547
1220
1591
1807
1710
1655
1741
1529
1296
1068
744
313
136
81
-59
42
340
843
1403
1824
2201
2589
3072
3779
4610
5211
5833
5218
3385
2354
1534
-442
-1808
-2466
-3282
-4007
-4012
-3969
-4741
-5006
-4484
-3686
-2779
-1681
-693
136
1046
1859
1736
1557
1512
1456
1334
1397
1279
658
-17
-443
-864
-1374
-2009
-2303
-2290
-2308
-2509
-2873
-3092
-2998
-2713
-2125
-1494
-707
54
604
1505
1934
1820
1778
1798
1821
1616
1238
881
505
163
-102
-228
-359
-358
-51
392
991
1487
1882
2380
2991
3691
4339
4856
5551
6025
4902
3095
2148
956
-1149
-2266
-2739
-3614
-4429
-4254
-4321
-5004
-5113
-4436
-3632
-2645
-1435
-419
371
1273
1835
1625
1541
1561
1347
1123
1262
1176
573
-90
-513
-929
-1494
-1976
-1981
-1932
-1989
-2004
-2310
-2587
-2392
-2058
-1569
-931
-147
518
946
1650
1975
1758
1587
1518
1407
1068
554
170
-169
-576
-859
-958
-966
-851
-489
91
828
1455
1960
2523
3174
3847
4455
5090
5733
6341
5515
3399
2244
1176
-972
-2389
-2869
-3672
-4688
-4690
-4523
-5203
-5479
-4848
-3798
-2707
-1462
-252
729
1589
2317
2334
2154
2094
1961
1735
1720
1641
1030
152
-451
-901
-1428
-1979
-2193
-2103
-2151
-2211
-2244
-2650
-2742
-2339
-1891
-1190
-454
286
858
1433
1991
1922
1586
1469
1398
1179
743
278
-118
-665
-1103
-1225
-1199
-1179
-901
-285
387
1086
1681
2238
2737
3360
4015
4709
5406
6074
6276
4585
2575
1784
346
-1736
-2696
-3127
-4152
-4876
-4485
-4636
-5352
-5323
-4393
-3201
-2141
-986
243
1133
1949
2457
2381
2203
2055
1853
1801
1828
1513
751
-16
-518
-918
-1469
-2010
-1931
-1823
-1833
-1686
-1656
-2144
-2349
-1857
-1494
-941
-231
314
923
1341
1636
1444
963
824
790
562
136
-357
-759
-1262
-1497
-1411
-1389
-1275
-868
-87
695
1376
1983
2489
3097
3719
4467
5133
5571
6166
6298
4719
2645
1556
107
-1976
-2986
-3424
-4400
-5167
-4941
-4942
-5437
-5447
-4514
-3242
-2079
-877
487
1514
2117
2541
2601
2492
2317
2201
2195
2138
1730
1054
303
-285
-692
-1049
-1483
-1536
-1468
-1587
-1696
-1735
-2098
-2479
-2256
-1872
-1393
-832
-393
160
507
761
898
735
632
568
340
1
-447
-785
-1095
-1388
-1379
-1297
-1163
-785
-145
557
1219
1772
2359
3016
3550
4084
4716
5347
5801
6350
6038
3943
2186
1343
-403
-2166
-2798
-3330
-4394
-4782
-4335
-4673
-5287
-4955
-3819
-2721
-1747
-465
780
1365
1855
2241
2237
2002
1827
1735
1705
1571
1218
738
216
-233
-503
-888
-1217
-1222
-1273
-1464
-1526
-1618
-2118
-2486
-2347
-2108
-1692
-1204
-691
-135
157
423
513
298
116
14
-56
-207
-344
-504
-844
-1052
-983
-800
-564
-110
639
1340
1929
2495
3045
3496
3837
4351
4915
5438
5908
6323
5502
3230
1785
792
-1129
-2596
-3177
-3790
-4722
-4810
-4490
-5009
-5462
-5016
-3830
-2607
-1607
-346
831
1364
1866
2257
2275
1966
1758
1808
1950
1877
1519
994
391
-87
-414
-872
-1144
-1213
-1402
-1612
-1643
-2027
-2954
-3294
-2953
-2640
-2019
-1376
-828
-289
106
490
471
321
360
441
540
471
254
-179
-630
-650
-572
-460
-217
245
852
1418
1990
2394
2792
3187
3501
4070
4672
5198
5659
6169
5403
3192
1905
942
-853
-2184
-2703
-3220
-4148
-4333
-4296
-4905
-5411
-5125
-4013
-2837
-1943
-772
302
794
1226
1609
1735
1547
1453
1694
2023
2028
1726
1289
740
221
-76
-406
-691
-994
-1268
-1489
-1777
-2501
-3486
-3802
-3616
-3243
-2511
-1890
-1314
-763
-248
236
430
548
750
1014
1213
1205
1013
598
181
21
-4
45
182
489
907
1365
1815
2116
2365
2564
2826
3381
4115
4803
5460
6220
5623
3530
2287
1423
-234
-1656
-2149
-2648
-3695
-4116
-4161
-4731
-5489
-5421
-4366
-3301
-2621
-1561
-324
282
692
1197
1537
1471
1390
1745
2171
2268
2051
1755
1322
747
349
-10
-430
-846
-1179
-1452
-1836
-2597
-3552
-4064
-4105
-3765
-3073
-2432
-1853
-1238
-574
-18
299
566
902
1223
1475
1641
1468
925
375
102
-15
-32
44
253
613
921
1328
1661
1926
2263
2647
3376
4173
4900
5501
6201
6231
4462
2828
2091
780
-879
-1763
-2247
-3314
-4109
-4205
-4584
-5384
-5676
-5011
-3999
-3255
-2427
-1169
-230
305
889
1382
1474
1365
1693
2221
2511
2457
2272
1953
1377
895
479
41
-391
-758
-1064
-1461
-2180
-3190
-3865
-4172
-4194
-3760
-3197
-2731
-2184
-1473
-802
-306
102
602
1109
1436
1665
1747
1415
880
580
488
415
366
374
502
692
934
1330
1694
2009
2386
2905
3607
4211
4753
5253
5898
5727
4073
2733
1920
524
-1075
-1972
-2519
-3479
-4120
-4245
-4484
-4999
-5233
-4713
-3810
-3067
-2227
-1000
-45
471
893
1336
1498
1370
1565
1990
2247
2206
2072
1856
1413
942
592
248
-242
-695
-1008
-1452
-2323
-3288
-3926
-4353
-4438
-4106
-3612
-3092
-2467
-1677
-936
-352
94
604
1128
1537
1813
1828
1578
1195
896
775
717
636
592
739
1016
1349
1722
2003
2217
2505
2945
3545
4064
4464
4890
5472
5123
3586
2384
1426
54
-1321
-1997
-2488
-3336
-3764
-3774
-3928
-4379
-4583
-4193
-3511
-2861
-1948
-752
-12
311
597
952
962
784
963
1288
1595
1719
1784
1720
1388
1001
676
417
-2
-448
-779
-1099
-1748
-2625
-3339
-3905
-4187
-4177
-3860
-3364
-2777
-2063
-1321
-608
-132
319
820
1330
1652
1727
1669
1455
1341
1293
1230
1034
832
866
1139
1480
1713
1966
2159
2335
2544
2828
3071
3259
3727
4440
4552
3503
2299
1404
351
-888
-1675
-1988
-2469
-2729
-2625
-2540
-2889
-3417
-3437
-3006
-2435
-1900
-1147
-448
-155
-7
208
274
-21
-101
242
688
970
1159
1371
1310
1054
791
578
267
-141
-341
-447
-807
-1461
-2125
-2751
-3355
-3705
-3570
-3160
-2763
-2176
-1374
-761
-424
3
495
788
978
1214
1338
1265
1188
1088
863
572
323
294
526
868
1194
1502
1757
1885
2025
2177
2310
2520
2855
3306
3799
4058
3507
2488
1697
972
89
-628
-921
-1198
-1437
-1498
-1584
-1851
-2256
-2447
-2350
-2080
-1890
-1631
-1197
-874
-656
-506
-434
-573
-690
-583
-326
-1
216
398
546
581
415
195
7
-249
-434
-500
-601
-977
-1500
-1927
-2233
-2448
-2511
-2304
-1953
-1570
-1126
-629
-224
70
353
543
593
646
778
862
818
681
475
276
208
258
389
584
798
1056
1330
1561
1722
1856
1934
2061
2349
2643
2868
3114
3259
2909
2309
1859
1379
743
214
-55
-329
-624
-805
-934
-1141
-1429
-1637
-1771
-1849
-1835
-1640
-1309
-1086
-1013
-981
-950
-1021
-1128
-1106
-977
-797
-536
-234
-87
-104
-156
-233
-335
-425
-511
-626
-809
-1024
-1214
-1357
-1473
-1567
-1531
-1344
-1070
-745
-377
-66
74
134
237
341
365
375
387
332
258
215
182
149
174
255
404
600
790
959
1129
1306
1461
1610
1706
1792
1939
2142
2403
2732
2995
2909
2565
2209
1852
1397
920
581
295
3
-275
-497
-747
-1103
-1405
-1551
-1581
-1592
-1500
-1305
-1166
-1160
-1209
-1231
-1337
-1454
-1449
-1318
-1160
-1016
-853
-762
-765
-779
-720
-669
-697
-731
-763
-830
-937
-979
-966
-972
-1002
-931
-721
-502
-347
-200
-29
39
30
61
89
30
-37
-6
28
16
-7
0
4
21
150
367
567
746
999
1252
1410
1507
1596
1690
1803
2010
2293
2558
2763
2937
3000
2824
2491
2165
1850
1485
1110
772
431
62
-241
-449
-666
-910
-1111
-1220
-1283
-1319
-1306
-1323
-1409
-1521
-1590
-1643
-1719
-1777
-1787
-1775
-1744
-1642
-1477
-1309
-1183
-1044
-889
-800
-775
-737
-665
-619
-623
-656
-662
-650
-621
-536
-432
-348
-278
-173
-59
-20
-59
-98
-98
-83
-65
-47
-52
-106
-133
-58
56
187
354
585
804
980
1135
1256
1306
1354
1535
1790
2003
2149
2277
2404
2521
2662
2782
2750
2567
2372
2144
1769
1280
834
491
203
-12
-132
-261
-511
-821
-1094
-1341
-1588
-1782
-1864
-1880
-1878
-1862
-1870
-1944
-2065
-2141
-2117
-2006
-1803
-1499
-1185
-961
-833
-731
-637
-587
-542
-491
-473
-493
-504
-467
-461
-514
-544
-484
-406
-338
-239
-129
-77
-89
-62
-35
-92
-199
-225
-170
-129
-71
48
169
229
310
473
657
814
1013
1281
1479
1591
1670
1740
1793
1856
1998
2178
2361
2581
2813
2887
2706
2420
2178
1921
1597
1323
1093
820
495
184
-97
-466
-896
-1273
-1557
-1819
-2034
-2142
-2203
-2278
-2348
-2352
-2351
-2387
-2380
-2261
-2047
-1805
-1527
-1224
-973
-795
-630
-464
-357
-283
-185
-76
-51
-129
-221
-288
-364
-423
-392
-295
-205
-136
-69
-50
-120
-210
-263
-307
-379
-431
-422
-411
-404
-345
-215
-62
101
334
637
934
1166
1359
1519
1629
1735
1859
1964
2041
2137
2280
2430
2571
2719
2839
2819
2663
2484
2289
1990
1568
1166
815
457
78
-281
-631
-1033
-1433
-1757
-2024
-2279
-2448
-2487
-2475
-2464
-2432
-2361
-2311
-2274
-2163
-1969
-1727
-1452
-1125
-827
-612
-458
-297
-131
-30
43
114
148
88
-26
-136
-261
-394
-470
-435
-356
-325
-319
-322
-358
-433
-492
-530
-593
-671
-672
-569
-470
-388
-251
-36
201
420
649
892
1124
1336
1548
1718
1800
1817
1852
1935
2020
2137
2285
2453
2660
2897
3054
2980
2723
2448
2195
1877
1477
1066
647
212
-206
-573
-957
-1409
-1848
-2184
-2426
-2648
-2794
-2838
-2817
-2730
-2555
-2324
-2126
-1972
-1785
-1518
-1228
-903
-533
-216
14
184
329
375
286
152
40
-105
-297
-460
-595
-744
-904
-986
-970
-910
-820
-714
-605
-550
-512
-428
-354
-349
-375
-330
-216
-101
-1
124
279
408
533
728
937
1103
1248
1417
1579
1686
1762
1876
2017
2153
2359
2606
2837
3028
3227
3342
3194
2885
2540
2161
1646
1076
571
92
-445
-949
-1330
-1717
-2146
-2529
-2787
-2966
-3068
-3016
-2827
-2594
-2361
-2063
-1764
-1550
-1343
-1079
-766
-428
-65
241
406
429
394
328
156
-55
-224
-359
-528
-709
-886
-1104
-1313
-1434
-1375
-1222
-1055
-836
-570
-336
-220
-136
-60
-39
-82
-117
-40
33
54
79
182
298
378
515
718
963
1168
1398
1637
1798
1911
2038
2191
2301
2455
2679
2914
3136
3355
3539
3446
3034
2553
2083
1503
808
252
-205
-698
-1201
-1613
-1926
-2344
-2741
-2961
-2985
-2997
-2904
-2594
-2276
-2014
-1783
-1505
-1297
-1151
-948
-663
-377
-193
9
157
178
137
90
-23
-249
-431
-558
-687
-865
-1056
-1246
-1460
-1603
-1579
-1375
-1146
-874
-535
-230
-48
31
85
103
67
0
-17
-35
-76
-93
-29
92
193
346
636
985
1319
1658
1984
2222
2386
2534
2660
2752
2853
3050
3263
3445
3653
3862
3714
3106
2476
1909
1238
441
-202
-651
-1098
-1577
-1954
-2206
-2616
-3023
-3159
-3114
-3078
-2921
-2517
-2093
-1750
-1464
-1185
-992
-946
-837
-617
-423
-289
-57
179
214
139
13
-142
-368
-555
-664
-752
-922
-1197
-1494
-1804
-2014
-2022
-1779
-1455
-1109
-683
-241
77
203
266
314
330
257
215
213
122
16
19
125
179
332
642
1005
1406
1852
2298
2553
2736
2875
3031
3144
3229
3417
3591
3828
4089
4245
3744
2831
2085
1398
573
-347
-924
-1384
-1840
-2246
-2449
-2713
-3259
-3568
-3498
-3272
-3052
-2588
-1967
-1417
-961
-632
-417
-431
-543
-446
-184
0
95
298
351
199
-7
-232
-509
-793
-947
-1026
-1123
-1501
-1981
-2338
-2574
-2715
-2578
-2198
-1749
-1111
-426
143
425
517
540
599
577
464
409
344
237
221
244
207
220
417
801
1325
1922
2400
2815
3150
3351
3488
3594
3710
3975
4367
4784
5171
5213
4254
2949
1998
1013
-235
-1273
-1769
-2251
-2626
-2956
-3153
-3571
-4166
-4208
-3728
-3238
-2791
-1900
-1112
-606
-227
-28
-31
-245
-375
-171
175
262
273
348
67
-309
-638
-946
-1267
-1482
-1483
-1424
-1566
-2142
-2591
-2869
-3101
-3054
-2579
-1932
-1331
-603
97
544
646
637
767
853
811
740
697
462
135
11
-94
-196
-121
297
893
1641
2351
2911
3421
3699
3963
4250
4490
4856
5353
5845
6300
6499
5224
3351
2153
888
-685
-1952
-2528
-3194
-3599
-3851
-4048
-4321
-4862
-4642
-3848
-2999
-2323
-1215
-229
339
740
792
608
243
-28
111
360
263
-2
-121
-557
-1144
-1535
-1868
-2182
-2286
-2114
-1931
-1984
-2502
-2979
-3241
-3251
-2997
-2337
-1583
-925
-59
595
918
911
865
842
935
887
677
515
203
-128
-307
-448
-497
-205
364
1121
2031
2709
3254
3781
4165
4488
4819
5247
5769
6324
6708
7138
6541
4388
2571
1395
-181
-1956
-2841
-3387
-3994
-4262
-4447
-4498
-4929
-4924
-4029
-2762
-1923
-963
276
974
1327
1323
1072
562
60
-92
114
-4
-564
-886
-1262
-1881
-2282
-2491
-2667
-2736
-2504
-2187
-2046
-2388
-2799
-2900
-2827
-2525
-1949
-1242
-731
-29
596
891
846
689
659
703
658
415
202
-175
-503
-564
-522
-531
-299
330
1141
2031
2781
3377
3885
4317
4864
5372
5739
6045
6486
6934
7291
6829
4659
2559
1283
-187
-2018
-3246
-3806
-4512
-4726
-4721
-4624
-4935
-4866
-3682
-2160
-1064
-152
1078
1740
2037
2065
1721
1021
263
-92
-136
-445
-1190
-1749
-2140
-2726
-3018
-3181
-3255
-3218
-2890
-2419
-2215
-2320
-2604
-2452
-2211
-1924
-1409
-835
-396
-9
491
658
606
417
324
403
315
63
-234
-501
-755
-679
-405
-259
57
659
1396
2153
2846
3406
3929
4432
4989
5454
5743
5963
6262
6622
7003
6802
4759
2506
1238
-194
-2145
-3641
-4158
-4791
-4967
-4796
-4525
-4617
-4583
-3305
-1677
-456
400
1660
2461
2665
2623
2140
1318
339
-278
-516
-973
-1792
-2450
-2754
-3218
-3492
-3553
-3556
-3389
-2898
-2236
-1913
-1939
-2138
-2094
-1872
-1640
-1235
-711
-298
114
571
632
379
94
-79
-61
-116
-362
-658
-813
-870
-737
-417
-191
266
1020
1862
2619
3221
3674
4106
4610
5045
5333
5613
5851
6128
6335
6638
6362
4302
2055
816
-394
-2362
-3881
-4325
-4763
-4929
-4798
-4416
-4430
-4162
-2720
-898
324
1054
2272
3066
3204
2883
2254
1357
295
-399
-872
-1592
-2677
-3398
-3580
-3856
-4023
-3982
-3767
-3401
-2794
-2067
-1752
-1716
-1703
-1393
-1094
-1012
-843
-549
-273
-30
214
176
-83
-207
-199
-214
-411
-666
-848
-848
-703
-429
-29
289
793
1469
2184
2762
3209
3688
4095
4488
4755
4981
5200
5384
5631
5874
6245
5972
4116
2096
870
-419
-2274
-3755
-4264
-4603
-4656
-4434
-4065
-3908
-3500
-2079
-435
726
1527
2648
3360
3505
3080
2312
1356
289
-525
-1157
-1990
-3030
-3709
-3953
-4160
-4229
-4142
-3863
-3350
-2728
-2150
-1823
-1682
-1625
-1414
-1225
-1114
-946
-719
-422
-198
-81
-219
-363
-406
-390
-399
-493
-607
-729
-707
-522
-173
164
534
1107
1719
2326
2841
3273
3650
3983
4378
4675
4871
5138
5386
5579
5731
6039
5469
3366
1539
440
-858
-2516
-3779
-4163
-4563
-4476
-4245
-3838
-3624
-2874
-1163
383
1366
2151
3125
3602
3528
2954
2098
1135
113
-608
-1358
-2422
-3457
-4012
-4234
-4397
-4351
-4140
-3731
-3118
-2484
-2008
-1769
-1708
-1598
-1421
-1310
-1140
-981
-750
-521
-277
-215
-407
-482
-418
-305
-288
-292
-397
-533
-570
-331
59
321
695
1297
1897
2357
2820
3289
3661
3957
4382
4691
4761
4912
5154
5415
5581
5744
4835
2737
1283
121
-1163
-2679
-3625
-3946
-4225
-3977
-3846
-3450
-3227
-2155
-521
779
1621
2382
3187
3450
3232
2464
1557
610
-299
-912
-1730
-2780
-3714
-4182
-4340
-4427
-4255
-3951
-3376
-2753
-2222
-1894
-1929
-2092
-2025
-1699
-1479
-1336
-1173
-840
-480
-321
-288
-437
-386
-239
-33
17
-122
-290
-335
-189
63
376
733
1190
1806
2348
2785
3101
3437
3806
4100
4443
4572
4766
4914
5118
5280
5418
5119
3359
1538
516
-652
-2046
-3190
-3564
-3886
-3899
-3695
-3439
-3127
-2434
-843
621
1490
2150
2992
3382
3246
2671
1805
937
20
-707
-1404
-2440
-3412
-3909
-4070
-4250
-4211
-3843
-3305
-2678
-2204
-1941
-1929
-2122
-2084
-1744
-1579
-1596
-1555
-1333
-1051
-927
-896
-843
-694
-405
-165
-84
-95
-99
-49
-41
26
252
645
1099
1539
1944
2273
2642
2987
3377
3605
3823
4061
4333
4577
4726
4870
5020
5376
4813
2864
1344
381
-871
-2139
-2969
-3337
-3712
-3554
-3328
-3002
-2766
-1854
-247
964
1687
2359
2977
3030
2799
2119
1308
468
-425
-1072
-1758
-2668
-3402
-3673
-3793
-3808
-3555
-3151
-2584
-2023
-1690
-1529
-1650
-2014
-2042
-1778
-1751
-1810
-1877
-1730
-1497
-1359
-1238
-1133
-858
-569
-194
5
147
227
323
388
504
742
1016
1399
1757
2061
2297
2583
2915
3246
3432
3605
3800
4002
4166
4369
4452
4689
4987
4051
2256
1141
149
-1122
-2093
-2663
-3036
-3341
-3088
-2895
-2636
-2392
-1286
92
963
1653
2327
2649
2550
2266
1542
762
-25
-723
-1305
-2065
-2848
-3244
-3397
-3487
-3386
-3071
-2665
-2078
-1642
-1559
-1615
-1875
-2112
-2109
-2067
-2070
-2022
-1905
-1727
-1481
-1347
-1125
-841
-516
-324
-138
107
302
439
424
464
616
938
1284
1609
1852
2083
2406
2783
3071
3221
3344
3614
3837
3969
4091
4269
4386
4678
4622
3215
1726
807
-276
-1391
-2102
-2502
-2913
-3002
-2805
-2670
-2489
-1979
-760
281
996
1682
2245
2238
2042
1597
855
175
-448
-969
-1614
-2329
-2868
-3078
-3192
-3187
-2904
-2543
-2084
-1606
-1448
-1538
-1689
-1870
-2056
-2117
-2186
-2203
-2127
-2044
-1875
-1703
-1430
-1069
-702
-497
-382
-181
103
303
352
384
485
739
1099
1429
1621
1823
2113
2491
2820
3006
3119
3319
3588
3700
3743
3909
4116
4325
4621
4234
2775
1629
816
-347
-1298
-1837
-2063
-2445
-2409
-2375
-2319
-2123
-1376
-324
448
1056
1688
2105
1940
1654
1055
342
-223
-671
-1199
-1832
-2355
-2674
-2801
-2893
-2814
-2483
-2100
-1642
-1359
-1444
-1618
-1736
-1872
-2138
-2292
-2361
-2379
-2288
-2173
-2034
-1809
-1373
-919
-632
-570
-417
-98
246
404
400
416
559
838
1115
1295
1406
1704
2083
2452
2644
2822
3008
3313
3554
3607
3650
3796
3991
4216
4435
3831
2512
1670
910
-253
-1143
-1574
-1794
-2120
-2084
-2133
-2141
-1855
-1052
-261
278
766
1345
1618
1427
1121
488
-120
-557
-957
-1496
-2002
-2355
-2481
-2527
-2534
-2394
-2057
-1702
-1371
-1334
-1541
-1696
-1815
-2011
-2284
-2385
-2394
-2393
-2279
-2158
-1967
-1597
-1053
-608
-451
-420
-200
101
344
429
430
513
742
993
1148
1219
1362
1708
2058
2392
2573
2843
3073
3338
3466
3507
3584
3745
3913
4106
4217
3533
2401
1690
925
-180
-959
-1331
-1557
-1859
-1842
-1930
-1918
-1606
-916
-353
52
440
955
1102
944
606
38
-431
-778
-1192
-1677
-2061
-2334
-2385
-2398
-2327
-2189
-1876
-1602
-1516
-1654
-1828
-1894
-2036
-2198
-2314
-2262
-2219
-2199
-2107
-1992
-1726
-1285
-754
-419
-322
-232
-25
141
230
271
370
546
828
1073
1221
1335
1546
1837
2108
2417
2638
2907
3066
3169
3194
3269
3414
3598
3798
4063
4159
3516
2582
1962
1216
234
-434
-831
-1161
-1547
-1601
-1771
-1809
-1530
-964
-518
-184
213
656
755
636
333
-119
-471
-761
-1149
-1565
-1916
-2150
-2210
-2223
-2176
-2099
-1862
-1764
-1903
-2106
-2215
-2284
-2448
-2564
-2544
-2414
-2282
-2180
-1996
-1775
-1380
-933
-503
-289
-215
-113
44
129
192
266
400
572
834
1056
1232
1401
1622
1845
2057
2365
2599
2808
2891
2945
2977
3117
3298
3489
3723
4026
3946
3270
2542
2004
1250
439
-128
-548
-996
-1326
-1450
-1667
-1656
-1335
-925
-654
-399
-33
258
309
208
-58
-380
-629
-886
-1221
-1545
-1806
-1918
-1948
-1953
-1993
-1949
-1869
-1920
-2093
-2204
-2228
-2262
-2365
-2393
-2344
-2197
-2039
-1869
-1654
-1373
-984
-599
-322
-219
-181
-98
24
103
224
350
472
672
928
1123
1279
1437
1607
1740
1918
2149
2363
2505
2595
2677
2773
2966
3206
3462
3715
3911
3674
3066
2523
1982
1286
616
85
-372
-855
-1184
-1424
-1587
-1488
-1193
-934
-768
-551
-291
-123
-110
-202
-413
-600
-763
-1000
-1289
-1531
-1689
-1742
-1762
-1787
-1849
-1836
-1895
-2017
-2177
-2274
-2284
-2318
-2330
-2316
-2235
-2036
-1844
-1629
-1418
-1105
-722
-372
-136
-38
19
120
263
378
520
612
747
962
1154
1312
1420
1501
1582
1653
1779
1914
2066
2137
2203
2254
2351
2545
2804
3077
3283
3375
3151
2750
2355
1918
1411
926
474
26
-430
-778
-1044
-1157
-1135
-991
-877
-776
-660
-558
-493
-481
-532
-629
-707
-796
-958
-1134
-1293
-1420
-1500
-1512
-1524
-1595
-1697
-1878
-2048
-2245
-2378
-2452
-2499
-2466
-2404
-2254
-2052
-1868
-1664
-1437
-1105
-757
-435
-226
-107
-17
90
228
361
512
630
809
982
1143
1274
1339
1383
1423
1488
1583
1682
1762
1775
1821
1868
1997
2197
2466
2712
2886
2975
2876
2678
2436
2195
1939
1633
1252
804
388
75
-157
-321
-448
-484
-516
-552
-665
-779
-852
-855
-864
-909
-951
-986
-1035
-1122
-1280
-1408
-1444
-1378
-1347
-1431
-1606
-1815
-1979
-2166
-2320
-2471
-2525
-2482
-2401
-2301
-2218
-2103
-1938
-1715
-1433
-1147
-855
-634
-465
-362
-236
-71
135
335
499
705
893
1088
1208
1266
1311
1374
1487
1608
1718
1786
1839
1917
2019
2200
2404
2656
2863
3027
3089
3038
2930
2803
2709
2555
2275
1850
1378
970
622
318
29
-204
-357
-511
-714
-970
-1172
-1276
-1285
-1294
-1291
-1264
-1233
-1270
-1399
-1578
-1712
-1752
-1739
-1797
-1927
-2101
-2273
-2431
-2597
-2716
-2774
-2714
-2589
-2432
-2284
-2119
-1929
-1712
-1443
-1140
-810
-510
-303
-149
-40
121
295
486
646
796
970
1122
1244
1303
1357
1407
1496
1617
1736
1856
1943
2041
2151
2306
2495
2695
2902
3044
3114
3043
2907
2763
2642
2494
2221
1828
1387
981
605
255
-63
-310
-469
-604
-779
-989
-1188
-1313
-1405
-1455
-1473
-1433
-1380
-1380
-1470
-1617
-1741
-1809
-1863
-1934
-2029
-2124
-2247
-2398
-2556
-2674
-2702
-2655
-2550
-2423
-2253
-2044
-1818
-1596
-1362
-1077
-745
-423
-190
-31
116
284
465
623
788
948
1116
1255
1353
1414
1455
1518
1574
1646
1731
1830
1911
1968
2040
2151
2321
2515
2711
2879
2963
2936
2812
2651
2491
2327
2080
1742
1357
971
615
279
-34
-313
-508
-649
-785
-933
-1097
-1244
-1357
-1452
-1504
-1505
-1482
-1463
-1496
-1578
-1667
-1742
-1800
-1861
-1927
-2003
-2094
-2206
-2330
-2431
-2468
-2447
-2380
-2280
-2149
-1976
-1781
-1576
-1358
-1107
-809
-506
-251
-62
100
269
447
624
802
979
1156
1325
1441
1498
1528
1562
1616
1685
1764
1843
1921
1987
2039
2102
2203
2357
2535
2688
2760
2731
2629
2476
2290
2070
1812
1524
1222
882
537
213
-80
-327
-546
-746
-903
-1032
-1160
-1289
-1447
-1575
-1627
-1640
-1643
-1654
-1660
-1666
-1690
-1738
-1804
-1847
-1856
-1871
-1928
-2023
-2110
-2157
-2157
-2138
-2091
-1999
-1866
-1719
-1585
-1442
-1266
-1040
-784
-521
-282
-63
132
298
460
633
827
1030
1225
1403
1549
1644
1683
1675
1679
1715
1779
1850
1916
1987
2052
2113
2182
2274
2403
2536
2610
2593
2501
2362
2172
1933
1654
1356
1070
779
462
143
-140
-377
-600
-830
-1037
-1189
-1306
-1439
-1601
-1742
-1817
-1820
-1809
-1823
-1829
-1807
-1769
-1767
-1812
-1852
-1836
-1792
-1789
-1847
-1923
-1958
-1946
-1909
-1855
-1768
-1630
-1480
-1360
-1262
-1130
-939
-720
-490
-259
-29
202
406
578
740
917
1116
1312
1483
1624
1726
1778
1778
1743
1718
1727
1775
1832
1893
1957
2027
2106
2191
2286
2371
2430
2434
2376
2261
2087
1839
1556
1279
1010
739
452
157
-122
-366
-592
-816
-1021
-1190
-1328
-1474
-1643
-1787
-1874
-1891
-1870
-1855
-1837
-1790
-1735
-1715
-1738
-1755
-1725
-1666
-1623
-1632
-1687
-1744
-1755
-1743
-1705
-1624
-1507
-1384
-1280
-1193
-1089
-948
-778
-584
-381
-160
79
303
500
677
854
1042
1234
1412
1561
1672
1735
1755
1734
1703
1695
1715
1756
1809
1868
1932
2004
2082
2156
2206
2233
2233
2198
2108
1945
1709
1433
1155
906
680
433
175
-87
-343
-583
-802
-1002
-1171
-1318
-1464
-1623
-1765
-1868
-1911
-1899
-1869
-1819
-1745
-1665
-1616
-1607
-1609
-1587
-1525
-1446
-1405
-1408
-1449
-1482
-1491
-1472
-1408
-1330
-1240
-1145
-1076
-1015
-933
-819
-668
-487
-279
-55
171
387
588
774
959
1150
1332
1498
1616
1685
1708
1703
1682
1660
1666
1697
1743
1801
1861
1928
2009
2081
2121
2126
2109
2077
2018
1888
1681
1434
1183
959
746
522
283
42
-194
-432
-665
-886
-1074
-1244
-1406
-1575
-1724
-1835
-1906
-1939
-1935
-1899
-1827
-1741
-1680
-1651
-1641
-1609
-1547
-1471
-1401
-1361
-1350
-1361
-1375
-1355
-1316
-1251
-1174
-1107
-1047
-992
-934
-852
-736
-579
-382
-168
53
283
512
720
911
1099
1291
1473
1618
1704
1745
1762
1775
1787
1797
1814
1849
1892
1932
1977
2030
2086
2121
2105
2049
1984
1916
1815
1650
1423
1197
996
804
584
348
112
-113
-328
-564
-806
-1019
-1207
-1385
-1567
-1739
-1865
-1948
-2008
-2048
-2051
-2014
-1943
-1874
-1833
-1802
-1756
-1685
-1601
-1510
-1426
-1364
-1326
-1293
-1258
-1206
-1132
-1063
-1011
-961
-910
-850
-778
-684
-550
-386
-206
-5
206
428
651
851
1042
1232
1412
1574
1684
1733
1766
1801
1837
1858
1867
1890
1923
1954
1976
1998
2029
2047
2026
1960
1871
1785
1686
1530
1326
1110
911
740
552
335
117
-92
-289
-496
-710
-910
-1087
-1255
-1426
-1603
-1740
-1840
-1915
-1976
-2020
-2020
-1991
-1946
-1907
-1868
-1818
-1740
-1642
-1543
-1442
-1341
-1252
-1184
-1112
-1029
-945
-870
-812
-763
-714
-661
-596
-517
-417
-285
-133
29
212
417
630
826
1002
1171
1348
1509
1618
1678
1720
1762
1801
1824
1834
1848
1876
1909
1917
1915
1918
1920
1897
1829
1734
1627
1526
1388
1196
988
797
628
462
280
84
-107
-294
-480
-665
-845
-1012
-1160
-1325
-1489
-1636
-1744
-1834
-1912
-1975
-2009
-2013
-1994
-1968
-1935
-1885
-1818
-1723
-1618
-1507
-1393
-1291
-1201
-1106
-1008
-905
-820
-753
-695
-634
-566
-500
-427
-334
-213
-80
57
214
401
602
792
960
1127
1302
1475
1609
1693
1754
1813
1873
1914
1934
1948
1969
1991
1997
1975
1955
1943
1906
1829
1723
1612
1495
1358
1180
971
778
602
426
241
41
-157
-348
-535
-717
-899
-1063
-1213
-1372
-1533
-1678
-1788
-1879
-1955
-2020
-2060
-2076
-2072
-2055
-2015
-1950
-1874
-1791
-1698
-1586
-1467
-1359
-1260
-1157
-1044
-921
-821
-735
-655
-569
-472
-391
-312
-211
-90
41
165
298
453
624
797
949
1097
1252
1416
1551
1636
1702
1769
1835
1879
1899
1919
1935
1952
1951
1920
1894
1876
1839
1769
1677
1579
1483
1353
1196
1023
849
680
507
320
122
-57
-239
-432
-618
-786
-941
-1092
-1253
-1408
-1543
-1656
-1754
-1838
-1917
-1960
-1981
-1999
-2004
-1979
-1917
-1845
-1774
-1701
-1611
-1507
-1396
-1307
-1218
-1114
-1000
-897
-815
-727
-626
-521
-421
-334
-234
-105
37
183
318
462
623
783
930
1065
1209
1357
1478
1570
1644
1710
1772
1817
1836
1844
1860
1868
1855
1828
1798
1773
1735
1669
1581
1498
1414
1302
1164
1011
860
706
540
355
172
0
-168
-351
-539
-708
-859
-1011
-1172
-1334
-1478
-1591
-1703
-1806
-1888
-1943
-1964
-1980
-1993
-1978
-1923
-1848
-1772
-1699
-1618
-1508
-1403
-1308
-1230
-1149
-1048
-950
-861
-777
-684
-575
-475
-386
-288
-161
-12
139
280
430
587
743
892
1034
1179
1325
1460
1566
1647
1723
1801
1857
1884
1899
1912
1920
1903
1874
1844
1815
1773
1706
1620
1537
1454
1352
1221
1068
917
774
616
436
247
66
-99
-281
-483
-666
-822
-970
-1129
-1304
-1462
-1590
-1701
-1808
-1908
-1979
-2006
-2021
-2031
-2026
-1990
-1920
-1829
-1753
-1671
-1560
-1444
-1342
-1252
-1170
-1073
-976
-880
-784
-687
-571
-453
-350
-245
-126
16
163
302
446
591
735
875
1002
1130
1265
1386
1485
1572
1650
1720
1773
1801
1808
1816
1822
1810
1777
1736
1700
1664
1601
1519
1437
1361
1280
1175
1048
918
808
683
528
365
208
62
-94
-265
-439
-591
-721
-865
-1024
-1177
-1314
-1430
-1536
-1644
-1736
-1790
-1815
-1838
-1857
-1855
-1814
-1751
-1686
-1623
-1538
-1442
-1349
-1262
-1196
-1124
-1043
-960
-879
-795
-709
-611
-513
-423
-325
-212
-91
41
178
320
467
607
741
869
998
1119
1222
1317
1408
1494
1562
1607
1634
1652
1669
1669
1651
1624
1601
1571
1524
1460
1387
1321
1258
1181
1084
985
898
813
696
560
423
293
153
0
-159
-314
-450
-583
-733
-890
-1035
-1160
-1276
-1395
-1499
-1569
-1620
-1663
-1700
-1723
-1717
-1684
-1640
-1587
-1521
-1440
-1346
-1264
-1190
-1118
-1044
-970
-896
-824
-751
-672
-592
-514
-435
-342
-233
-120
3
142
285
429
562
690
820
942
1057
1156
1250
1345
1423
1492
1541
1572
1597
1608
1598
1579
1553
1526
1485
1425
1358
1287
1226
1153
1069
988
910
831
735
618
492
363
236
96
-62
-208
-334
-471
-609
-755
-891
-1007
-1124
-1238
-1341
-1423
-1489
-1544
-1592
-1626
-1639
-1628
-1599
-1556
-1501
-1425
-1338
-1256
-1176
-1097
-1014
-938
-867
-799
-733
-658
-583
-508
-428
-339
-247
-144
-30
86
214
345
470
594
708
818
924
1020
1115
1214
1305
1379
1440
1492
1520
1529
1528
1507
1480
1450
1407
1347
1284
1217
1155
1083
1005
932
858
784
701
596
484
373
253
129
3
-121
-233
-348
-464
-580
-702
-819
-923
-1025
-1127
-1211
-1282
-1346
-1402
-1450
-1482
-1493
-1483
-1463
-1427
-1380
-1320
-1248
-1177
-1107
-1043
-974
-909
-843
-774
-705
-636
-564
-484
-403
-315
-225
-130
-27
74
184
298
408
512
618
719
814
911
1007
1104
1192
1266
1335
1384
1409
1424
1426
1418
1402
1373
1334
1290
1232
1172
1103
1026
955
887
819
743
662
570
472
370
263
153
47
-59
-167
-279
-388
-499
-612
-715
-817
-909
-993
-1068
-1136
-1200
-1255
-1308
-1343
-1361
-1370
-1359
-1334
-1301
-1257
-1210
-1154
-1099
-1040
-972
-909
-842
-779
-714
-646
-573
-496
-420
-342
-252
-158
-60
40
151
261
368
474
572
668
760
848
936
1021
1099
1169
1224
1268
1299
1318
1323
1323
1314
1297
1263
1218
1168
1103
1029
961
895
827
765
698
624
541
451
358
264
169
81
-14
-116
-216
-322
-427
-526
-622
-705
-779
-848
-908
-965
-1020
-1067
-1111
-1147
-1166
-1175
-1177
-1168
-1150
-1133
-1107
-1069
-1032
-990
-939
-885
-833
-775
-723
-670
-611
-552
-487
-413
-339
-251
-166
-74
25
122
224
320
414
502
587
672
754
827
898
958
1011
1051
1080
1108
1131
1148
1155
1154
1144
1123
1086
1042
991
936
892
840
787
726
656
583
502
422
345
260
184
108
22
-69
-160
-255
-346
-428
-499
-566
-627
-679
-733
-788
-841
-888
-925
-955
-973
-985
-991
-995
-1002
-996
-990
-972
-946
-917
-880
-844
-806
-764
-720
-677
-621
-561
-493
-422
-350
-271
-192
-103
-13
79
169
256
339
417
492
566
633
692
749
794
830
863
893
918
942
966
979
984
982
973
955
925
901
876
843
807
760
704
641
578
511
449
385
319
253
184
102
18
-63
-145
-215
-287
-352
-406
-469
-533
-593
-654
-702
-746
-777
-802
-824
-845
-863
-879
-891
-898
-900
-889
-876
-857
-834
-820
-793
-759
-720
-670
-616
-555
-493
-423
-350
-277
-202
-122
-44
38
115
184
251
316
381
437
488
541
591
623
654
685
711
735
758
777
791
796
793
787
773
756
744
726
700
671
638
592
541
494
444
400
355
307
255
195
133
76
15
-39
-86
-136
-188
-234
-280
-330
-377
-415
-450
-478
-503
-531
-555
-577
-600
-618
-636
-652
-661
-672
-674
-677
-677
-669
-659
-643
-617
-585
-549
-509
-463
-416
-360
-306
-249
-189
-130
-77
-18
34
86
138
189
245
291
334
376
411
446
482
518
553
583
608
625
634
632
636
634
627
618
604
586
555
521
484
444
406
366
331
291
243
195
140
88
38
-9
-54
-95
-129
-171
-212
-252
-289
-322
-347
-363
-379
-393
-410
-426
-438
-453
-459
-464
-468
-464
-461
-458
-453
-442
-428
-411
-383
-361
-334
-300
-270
-232
-196
-159
-117
-84
-45
-10
21
54
82
113
144
175
206
234
256
276
296
318
342
362
375
390
398
397
397
395
394
394
389
379
361
340
315
290
268
239
211
192
161
130
101
66
33
0
-32
-61
-86
-108
-139
-164
-190
-217
-235
-252
-265
-280
-293
-300
-309
-317
-326
-329
-331
-333
-333
-329
-323
-313
-304
-289
-271
-251
-227
-203
-182
-152
-125
-99
-71
-42
-15
14
39
63
87
111
137
159
185
204
218
234
250
259
270
281
291
297
297
295
289
287
278
269
258
246
233
214
197
177
153
132
115
92
72
51
28
2
-19
-42
-66
-89
-105
-120
-137
-156
-174
-188
-197
-213
-225
-226
-236
-238
-240
-239
-240
-243
-234
-225
-219
-213
-202
-192
-181
-165
-152
-132
-117
-98
-76
-58
-36
-15
5
24
48
68
85
102
118
131
151
166
181
194
201
209
217
223
229
229
229
230
225
221
215
205
194
183
170
158
144
126
108
90
72
53
36
15
-4
-24
-45
-66
-84
-99
-116
-130
-148
-162
-174
-182
-190
-197
-204
-209
-211
-212
-213
-211
-206
-201
-199
-191
-181
-174
-163
-153
-137
-122
-112
-94
-78
-62
-41
-24
-7
15
35
47
65
80
94
106
119
137
146
153
163
173
179
184
191
193
189
191
193
186
182
175
166
159
154
146
131
121
107
93
78
65
50
34
19
5
-11
-26
-38
-51
-65
-84
-93
-100
-114
-126
-135
-145
-153
-158
-165
-166
-170
-168
-165
-167
-163
-160
-156
-147
-143
-132
-125
-121
-108
-95
-84
-67
-55
-44
-30
-15
-5
10
25
38
50
60
75
84
99
108
114
125
132
135
138
143
143
148
151
150
148
143
142
138
128
123
122
118
107
96
84
73
67
55
41
33
23
9
-3
-11
-22
-37
-49
-60
-69
-80
-87
-98
-108
-112
-121
-128
-131
-134
-136
-138
-135
-134
-134
-133
-127
-122
-114
-110
-105
-99
-93
-81
-72
-60
-49
-39
-30
-16
-6
3
16
27
37
47
52
63
71
81
87
93
97
104
109
112
120
123
126
126
126
124
124
123
116
110
105
102
96
91
85
79
72
61
48
39
28
21
14
2
-8
-17
-29
-34
-43
-54
-58
-68
-71
-79
-87
-91
-98
-107
-112
-114
-116
-118
-120
-118
-121
-117
-115
-111
-106
-104
-95
-89
-85
-83
-74
-64
-58
-54
-44
-35
-24
-19
-10
0
7
16
26
38
42
52
66
67
76
85
89
92
97
97
101
101
101
104
105
102
99
98
94
92
86
80
74
69
66
59
50
44
35
27
23
14
4
-3
-11
-19
-27
-32
-42
-49
-54
-61
-68
-75
-75
-81
-84
-84
-89
-90
-84
-86
-88
-86
-81
-76
-71
-68
-65
-60
-52
-44
-36
-31
-24
-15
-12
-9
-4
5
11
18
26
30
33
39
46
51
55
57
59
60
65
66
63
65
65
63
63
60
61
55
52
53
48
44
41
35
31
22
20
17
10
4
-2
-11
-13
-16
-24
-25
-33
-33
-34
-41
-42
-48
-53
-55
-57
-57
-60
-61
-60
-59
-61
-60
-55
-51
-50
-47
-46
-40
-33
-29
-23
-17
-10
-3
0
7
12
18
24
29
36
38
41
44
48
52
56
59
59
61
63
62
64
62
63
64
60
56
51
50
49
46
40
35
30
21
15
12
8
4
-8
-12
-17
-21
-27
-36
-38
-44
-46
-49
-56
-57
-59
-61
-56
-64
-73
-68
-71
-71
-70
-69
-67
-67
-63
-62
-61
-60
-55
-48
-45
-42
-36
-30
-27
-23
-16
-9
-3
3
9
14
18
22
27
31
36
46
50
52
54
58
61
58
65
69
66
72
72
67
68
71
65
66
68
64
62
60
59
53
45
39
36
31
25
17
9
5
1
-9
-15
-17
-25
-35
-40
-43
-46
-52
-59
-61
-66
-73
-76
-80
-87
-89
-94
-93
-91
-91
-90
-89
-85
-83
-82
-73
-69
-66
-62
-59
-54
-47
-42
-37
-27
-22
-14
-7
1
8
15
23
29
33
41
47
54
61
66
74
76
80
84
89
91
97
98
97
98
96
102
102
100
93
91
86
84
85
76
69
62
53
46
42
32
24
16
11
3
-4
-13
-20
-27
-34
-37
-44
-48
-53
-56
-60
-64
-61
-63
-69
-68
-68
-69
-71
-69
-66
-65
-61
-59
-57
-52
-52
-44
-36
-29
-24
-20
-13
-8
-2
7
16
19
28
33
41
49
52
58
63
68
70
72
75
77
79
80
81
76
74
74
71
73
72
66
61
58
55
48
42
37
27
21
14
5
-4
-11
-17
-22
-29
-40
-47
-52
-57
-63
-68
-71
-77
-78
-79
-84
-89
-91
-92
-94
-98
-95
-99
-97
-94
-92
-91
-84
-79
-76
-70
-64
-58
-52
-51
-43
-33
-30
-23
-14
-11
-3
7
8
14
21
27
35
37
41
47
48
50
51
52
55
57
54
54
57
58
55
54
52
50
53
51
48
44
41
36
30
24
22
20
13
8
4
0
-4
-9
-12
-13
-21
-28
-27
-31
-38
-37
-42
-40
-42
-44
-43
-44
-43
-41
-40
-44
-42
-36
-32
-35
-30
-28
-25
-20
-11
-5
-1
6
7
15
21
24
30
35
41
43
49
53
58
61
64
69
71
74
73
75
74
73
75
76
74
69
62
63
61
56
57
50
44
38
31
30
22
19
15
10
5
0
-3
-6
-12
-19
-25
-30
-31
-37
-46
-47
-50
-53
-52
-57
-58
-59
-62
-65
-64
-60
-60
-60
-59
-56
-55
-50
-48
-46
-42
-40
-36
-32
-32
-26
-24
-19
-14
-10
-8
-7
0
0
3
6
12
16
17
22
20
22
21
20
19
21
24
24
27
25
23
21
20
21
20
17
12
11
9
7
6
2
-1
-6
-9
-10
-15
-15
-14
-18
-23
-24
-27
-27
-29
-30
-32
-32
-31
-30
-35
-33
-31
-33
-28
-26
-26
-22
-23
-23
-21
-20
-16
-16
-13
-12
-9
-4
-2
-1
0
5
11
13
14
19
21
21
21
26
25
24
29
28
24
28
28
25
26
27
26
25
23
24
24
22
20
19
21
17
16
17
15
10
8
7
4
5
2
-5
-4
-5
-6
-10
-11
-10
-9
-10
-11
-10
-11
-9
-6
-11
-11
-8
-11
-8
-7
-8
-6
-5
-4
-6
-3
-5
-2
0
0
0
0
2
4
0
2
6
3
3
1
3
5
4
5
9
6
3
2
4
5
1
1
1
0
-1
2
-3
-3
-3
0
2
1
3
2
6
6
5
4
1
4
6
6
4
5
6
3
8
6
4
5
5
4
4
0
-1
-2
-4
0
-5
-5
-3
-4
-5
-4
1
-5
-5
-2
-2
-1
0
-3
-1
-2
2
4
0
-1
-3
-5
-8
-8
-6
-4
-2
-3
-2
-2
-1
-4
-3
1
0
-2
-5
-6
-3
-2
-2
-1
0
-1
0
1
1
3
-1
-2
2
1
-1
1
1
1
2
3
1
2
0
1
0
0
4
2
-1
0
3
3
5
5
4
1
2
6
7
4
6
7
5
3
4
4
1
2
1
-1
1
2
