14
16
20
26
28
32
33
33
36
35
34
35
36
35
33
31
27
24
21
14
11
4
1
-4
-7
-11
-17
-21
-26
-31
-34
-36
-37
-37
-36
-38
-36
-35
-35
-33
-33
-33
-29
-26
-24
-24
-23
-18
-15
-14
-10
-7
-5
0
1
6
10
10
15
15
19
24
26
29
32
35
36
36
36
37
33
32
31
32
34
30
29
27
25
18
17
15
7
4
0
-3
-7
-13
-15
-21
-24
-24
-25
-28
-29
-29
-29
-28
-30
-32
-30
-27
-27
-24
-22
-17
-16
-13
-9
-6
-4
1
2
2
6
7
9
10
12
15
17
18
16
16
16
17
14
14
13
7
5
4
0
0
-3
-4
-5
-9
-12
-13
-10
-11
-9
-8
-6
-7
-2
2
2
7
10
11
16
18
21
27
26
30
34
33
37
39
41
44
44
43
42
42
41
38
36
34
28
25
18
12
10
4
-5
-11
-15
-20
-27
-32
-35
-41
-47
-49
-47
-49
-54
-55
-55
-52
-48
-43
-43
-40
-33
-29
-23
-16
-10
-3
3
8
17
22
27
33
37
43
43
46
48
47
49
53
52
49
52
49
46
40
34
26
22
16
8
-1
-8
-10
-18
-27
-33
-39
-45
-50
-56
-62
-65
-70
-70
-72
-73
-72
-75
-71
-70
-67
-60
-55
-47
-42
-33
-24
-16
-11
0
10
19
27
33
41
45
50
53
57
63
63
62
64
61
60
62
58
55
52
46
41
35
28
21
13
5
-5
-15
-20
-29
-35
-42
-47
-52
-60
-63
-64
-67
-67
-68
-69
-67
-66
-64
-62
-57
-52
-49
-41
-33
-26
-17
-11
-1
8
15
25
36
44
51
57
60
65
68
70
74
77
77
77
76
73
71
72
67
65
61
56
53
47
38
29
19
8
0
-9
-18
-29
-40
-46
-55
-61
-66
-72
-77
-80
-81
-78
-78
-80
-76
-76
-72
-65
-60
-52
-47
-39
-31
-20
-9
1
12
24
34
42
50
57
60
65
71
74
74
76
78
75
72
68
67
65
60
57
54
53
46
45
41
35
33
26
19
8
0
-4
-14
-23
-30
-36
-43
-49
-56
-59
-64
-69
-71
-72
-73
-78
-77
-74
-72
-70
-64
-60
-56
-48
-42
-35
-25
-17
-9
1
12
22
29
35
41
43
47
49
48
48
47
46
47
48
44
45
42
44
42
42
40
36
35
36
37
36
40
43
38
32
31
24
22
19
10
4
-2
-8
-13
-25
-34
-40
-46
-51
-51
-54
-59
-64
-65
-70
-74
-73
-76
-76
-77
-79
-78
-74
-72
-67
-64
-58
-52
-48
-38
-28
-19
-12
-7
0
2
7
13
18
19
25
29
28
34
44
45
47
50
56
57
61
67
67
67
70
70
76
80
82
88
90
98
98
98
91
83
75
62
53
40
27
15
2
-14
-28
-40
-52
-62
-69
-74
-79
-83
-87
-89
-92
-97
-97
-96
-92
-92
-86
-81
-75
-68
-61
-56
-51
-40
-33
-26
-19
-12
-9
-4
-3
-4
-7
-10
-12
-14
-15
-16
-23
-27
-29
-32
-29
-29
-25
-19
-13
-9
-6
4
11
19
27
32
40
47
53
63
64
69
80
83
87
96
97
101
110
110
113
116
120
121
118
121
116
108
97
89
80
64
54
43
28
16
3
-16
-27
-37
-52
-64
-74
-83
-91
-100
-105
-112
-115
-120
-121
-120
-119
-113
-109
-104
-95
-87
-81
-73
-67
-60
-53
-48
-47
-46
-49
-49
-47
-46
-41
-36
-36
-24
-19
-15
-10
-6
4
11
25
35
40
48
56
59
69
71
79
86
93
103
108
106
114
115
117
124
117
122
124
117
119
121
110
107
92
77
70
54
38
24
11
-8
-25
-39
-53
-65
-78
-90
-99
-105
-113
-116
-119
-125
-126
-128
-129
-125
-124
-118
-111
-105
-96
-90
-84
-73
-65
-56
-49
-40
-32
-27
-23
-20
-20
-16
-16
-16
-11
-10
-12
-9
-10
-11
-5
-2
-3
3
6
9
14
16
23
23
29
39
34
47
58
55
74
74
82
92
92
101
104
110
121
117
127
133
127
132
126
120
110
98
91
74
60
50
31
20
6
-15
-28
-43
-52
-63
-76
-84
-93
-102
-108
-115
-121
-123
-127
-126
-123
-122
-118
-115
-111
-104
-92
-85
-77
-68
-60
-53
-47
-42
-40
-40
-37
-38
-33
-27
-27
-25
-13
-6
-6
5
12
18
25
38
42
52
57
51
67
70
70
81
85
92
98
100
102
111
112
110
116
118
114
123
125
120
126
122
113
110
96
89
83
65
56
45
28
13
1
-17
-39
-50
-66
-77
-82
-92
-102
-106
-113
-121
-121
-125
-125
-121
-122
-115
-110
-106
-97
-92
-85
-78
-70
-62
-58
-54
-53
-51
-50
-56
-55
-59
-61
-49
-53
-48
-41
-41
-34
-33
-27
-18
-14
0
-6
16
20
17
37
37
48
62
62
75
89
82
106
112
113
129
125
130
141
137
142
151
146
153
153
149
144
131
123
114
98
82
67
53
39
23
3
-14
-32
-48
-64
-75
-87
-102
-110
-121
-134
-143
-148
-152
-155
-155
-154
-152
-149
-141
-133
-127
-116
-111
-107
-100
-99
-92
-89
-90
-86
-83
-82
-70
-62
-60
-45
-34
-25
-12
-5
-1
15
17
19
45
44
52
68
70
78
84
103
115
103
136
136
125
152
144
147
148
154
160
152
152
157
161
156
156
150
136
128
111
98
85
68
53
34
20
5
-20
-37
-52
-64
-80
-95
-101
-112
-120
-131
-137
-143
-148
-146
-146
-144
-141
-135
-129
-120
-112
-105
-96
-89
-81
-79
-78
-81
-83
-79
-84
-81
-70
-71
-58
-50
-47
-42
-30
-20
-20
-8
-2
5
20
18
31
39
34
68
58
64
98
84
98
114
113
119
124
133
134
123
146
140
135
148
144
143
147
148
146
136
127
121
100
92
75
54
42
27
10
-5
-26
-39
-56
-71
-80
-94
-106
-116
-124
-130
-143
-149
-153
-153
-152
-152
-145
-137
-126
-120
-113
-103
-95
-86
-85
-85
-86
-92
-93
-84
-92
-88
-72
-71
-62
-59
-61
-45
-34
-43
-15
-14
-20
24
-9
31
32
32
65
45
91
68
98
116
90
143
120
122
161
119
157
150
137
177
136
154
167
136
161
163
146
147
133
124
111
92
79
59
43
37
6
-5
-17
-41
-48
-71
-82
-90
-103
-106
-116
-132
-134
-144
-150
-145
-149
-143
-142
-134
-125
-123
-118
-115
-109
-101
-104
-109
-107
-106
-103
-105
-97
-92
-85
-72
-66
-61
-38
-41
-24
-12
-14
13
-7
38
20
39
56
58
82
71
110
100
121
133
129
146
137
147
156
148
166
147
157
169
131
162
155
135
161
137
133
138
103
96
90
65
54
35
19
14
-13
-22
-38
-56
-59
-82
-87
-95
-111
-113
-119
-130
-132
-139
-141
-139
-139
-136
-130
-122
-118
-114
-110
-104
-95
-93
-100
-100
-101
-108
-103
-97
-97
-92
-86
-76
-76
-68
-42
-49
-41
-6
-34
-5
7
-5
19
34
18
54
62
58
110
82
112
127
118
142
139
149
147
162
163
142
178
166
154
174
158
158
174
146
159
142
106
115
84
70
52
32
22
5
-18
-31
-53
-61
-75
-94
-96
-112
-120
-125
-135
-141
-146
-150
-148
-150
-146
-139
-139
-129
-129
-122
-112
-115
-99
-103
-100
-98
-104
-107
-101
-97
-96
-85
-75
-71
-66
-46
-53
-40
-20
-29
-20
13
-8
9
48
7
46
81
33
98
97
65
146
107
100
160
121
135
145
141
144
147
157
143
145
160
144
134
161
135
136
133
107
112
88
69
68
44
32
28
2
-8
-23
-38
-50
-64
-71
-84
-92
-94
-106
-117
-116
-127
-126
-124
-131
-120
-123
-119
-115
-117
-103
-110
-106
-103
-111
-108
-114
-114
-96
-116
-92
-85
-91
-70
-78
-37
-62
-36
-13
-37
2
-3
-7
46
21
17
94
29
85
98
71
131
109
116
136
147
126
162
151
138
173
137
161
161
145
154
144
153
157
122
134
126
84
107
79
60
51
32
25
3
-11
-23
-37
-55
-62
-71
-84
-89
-103
-108
-115
-126
-125
-129
-128
-124
-131
-119
-119
-121
-111
-120
-106
-111
-114
-107
-115
-121
-113
-107
-119
-103
-100
-92
-89
-75
-70
-70
-40
-59
-18
-33
-16
10
-5
16
44
25
49
76
64
89
94
108
118
128
116
147
129
146
155
129
165
143
151
166
135
150
155
144
155
130
126
129
84
92
75
40
51
30
11
1
-13
-28
-40
-51
-62
-70
-82
-86
-102
-101
-111
-121
-118
-131
-124
-126
-126
-117
-118
-123
-120
-113
-113
-120
-110
-119
-125
-112
-126
-110
-108
-110
-88
-98
-79
-74
-64
-53
-55
-29
-25
-31
-2
-2
4
29
22
52
54
59
84
95
96
117
125
119
142
138
149
138
148
164
139
146
155
142
141
149
137
142
131
141
114
115
104
80
88
63
63
43
26
19
-3
-21
-22
-47
-55
-61
-80
-85
-96
-106
-115
-127
-130
-134
-133
-134
-138
-137
-131
-135
-123
-128
-130
-120
-131
-136
-120
-127
-128
-98
-128
-84
-100
-88
-57
-80
-38
-38
-39
-8
-7
-15
27
-8
44
28
39
84
41
100
87
72
139
90
109
164
86
151
156
86
172
123
108
167
105
122
152
111
116
144
103
116
107
98
91
65
68
52
45
26
14
15
-8
-25
-22
-34
-58
-53
-71
-73
-86
-93
-96
-115
-107
-120
-117
-121
-124
-116
-112
-118
-107
-114
-120
-103
-118
-117
-107
-126
-99
-112
-100
-91
-93
-81
-73
-59
-70
-45
-41
-30
-39
-13
-22
1
1
12
28
30
50
58
45
92
70
77
107
89
119
114
113
120
124
115
138
117
126
140
113
132
139
116
137
127
112
119
98
99
100
69
76
68
37
51
24
7
7
-20
-22
-42
-52
-54
-76
-79
-82
-106
-108
-108
-120
-110
-122
-117
-115
-117
-109
-112
-101
-101
-109
-89
-100
-88
-69
-90
-68
-51
-67
-39
-27
-46
-13
-20
-14
5
-12
10
21
-18
42
19
17
56
28
52
67
33
98
48
65
100
37
94
77
51
100
63
78
93
53
100
50
54
72
49
52
52
50
33
30
22
19
14
2
3
-5
-8
-18
-16
-28
-40
-27
-40
-45
-32
-46
-44
-30
-47
-35
-39
-27
-33
-46
-13
-50
-24
-26
-43
-12
-43
-34
-36
-53
-37
-50
-48
-24
-52
-26
-30
-46
-21
-46
-13
-15
-34
-4
-23
-11
-5
-14
-7
-13
9
-4
28
33
6
37
27
28
44
17
37
46
4
30
21
-8
27
-16
11
8
-10
20
9
6
9
26
20
23
18
13
19
6
-2
12
-14
-14
-3
-36
-25
-14
-34
-11
-22
-26
-17
-20
-29
-22
-15
-33
-5
1
-15
0
19
-16
22
13
-7
13
-2
-10
-10
4
-26
7
-8
-19
5
-29
-22
25
-30
-23
33
-31
-17
16
-25
9
2
-8
11
-14
-4
-7
7
7
-3
-4
2
9
11
-5
7
6
19
14
0
32
16
32
33
22
30
29
16
35
42
24
57
25
38
58
29
47
55
37
59
42
20
63
21
28
34
-2
21
7
-13
7
-19
-37
-25
-50
-40
-42
-57
-32
-59
-59
-26
-62
-45
-42
-43
-22
-53
-23
-24
-27
-2
-2
-9
9
22
14
36
21
29
37
31
31
42
35
47
49
44
59
16
69
13
23
50
12
43
24
-1
4
-1
-18
11
-27
-10
-11
-43
-17
-26
-55
-12
-52
-36
-4
-48
-9
-15
-24
9
-13
10
17
-3
26
22
14
18
2
21
22
8
41
16
24
32
22
17
22
17
6
9
-1
8
7
0
-5
-22
-26
-22
-55
-45
-59
-59
-47
-60
-67
-60
-60
-60
-43
-50
-64
-8
-48
-38
12
-52
-1
-1
-34
26
-7
4
17
2
40
18
14
48
10
20
44
-5
43
17
3
39
14
21
35
18
29
35
7
30
14
13
32
3
12
24
-1
14
-1
-13
18
-33
-5
13
-40
10
-29
-39
-17
-46
-34
-48
-46
-21
-57
-39
-11
-50
-18
-24
-15
-13
-16
18
-16
9
0
-14
6
-16
-7
21
-14
-1
10
-15
10
-20
-5
-2
-10
-7
-14
-1
-23
3
6
-8
21
10
9
44
57
27
90
80
70
119
103
115
133
138
142
166
134
162
165
163
153
165
173
140
210
134
150
217
107
190
162
129
200
70
132
116
19
80
44
-21
0
-62
-56
-98
-110
-146
-155
-167
-250
-195
-325
-244
-295
-409
-257
-441
-336
-405
-471
-326
-501
-457
-457
-449
-493
-430
-531
-319
-518
-364
-350
-421
-164
-474
12
-395
-20
-170
-106
107
-254
251
-55
249
52
288
300
228
421
317
545
274
660
522
459
741
467
762
671
548
906
521
841
768
547
847
694
628
744
513
737
641
365
815
340
466
759
92
561
361
262
294
57
351
-11
-90
2
-67
-287
-270
-275
-505
-234
-795
-475
-486
-980
-463
-1058
-692
-911
-953
-938
-889
-1057
-1087
-922
-1136
-978
-1358
-690
-1334
-1227
-705
-1187
-1118
-929
-652
-1193
-708
-584
-723
-585
-569
-189
-630
-60
-209
-91
-17
32
271
135
596
62
838
564
612
742
916
969
914
1119
787
1649
780
1544
1147
1029
2031
619
1688
1232
1278
1631
557
1625
1366
528
1508
899
897
1033
669
1066
608
501
948
150
403
558
-130
362
-204
-40
-229
-265
-487
-319
-725
-736
-426
-1270
-518
-1321
-788
-974
-1629
-785
-1251
-1141
-1545
-1069
-1231
-1441
-1326
-1173
-1295
-1593
-920
-1491
-1312
-1118
-1060
-1345
-824
-1098
-918
-739
-676
-645
-932
19
-663
-286
-280
-89
100
-277
330
24
538
314
181
876
442
669
744
939
687
1194
707
1222
1120
1051
1435
804
1548
1290
909
1544
1187
952
1613
452
1681
999
523
1672
374
1344
575
743
1221
271
814
465
513
312
699
-236
245
410
-513
432
-712
90
-230
-818
-104
-929
-272
-880
-685
-866
-753
-1155
-437
-1292
-927
-943
-911
-938
-1433
-597
-1106
-1107
-1009
-986
-951
-1054
-759
-841
-1282
-21
-1353
-86
-924
-442
-260
-507
-218
-474
206
-162
-256
211
44
251
162
237
525
133
740
-13
931
492
431
469
1120
143
996
688
767
842
302
1452
326
657
1283
164
811
790
201
1023
177
631
628
-73
728
280
192
652
-300
496
116
35
205
-227
81
260
-728
214
34
-713
94
-412
-228
-615
-136
-308
-613
-300
-507
-356
-427
-489
-368
-492
-262
-475
-353
-612
165
-924
-131
71
-949
139
-454
-15
-548
-92
-84
-76
-398
59
115
-584
631
-582
324
115
-231
405
-303
503
-53
112
425
-203
487
16
129
358
285
-192
583
-216
574
413
-655
945
-161
205
153
56
409
66
-200
345
19
174
87
0
67
278
-380
179
530
-730
433
-99
-185
546
-774
18
854
-1142
157
717
-1088
317
409
-949
550
-237
-320
476
-671
37
528
-804
167
10
-12
95
-635
601
-269
40
-88
-290
584
-140
-768
1006
-544
-120
536
-632
619
-747
922
-551
-147
614
-889
1300
-1545
1072
593
-1988
1764
-467
-211
171
-108
408
-699
515
-130
-111
107
-252
490
-583
230
146
-85
-203
-39
222
-151
378
-832
578
540
-1197
582
608
-925
900
-605
44
1072
-1286
544
332
-169
-150
298
-221
301
-343
-19
608
-954
796
-210
-428
822
-1071
627
85
-876
899
-264
-607
844
-446
-380
426
-54
51
-614
752
-128
-364
824
-801
607
130
-550
613
-220
47
-93
170
-237
481
-806
1091
-948
-30
960
-1533
1664
-1141
253
819
-1567
1251
252
-1264
1141
-250
-17
336
-316
309
-470
875
-491
-118
692
-703
403
-71
-549
527
-84
-456
421
-156
-330
718
-883
459
-457
238
263
-798
687
-443
-32
-39
128
261
20
-498
975
-213
-437
1022
-364
329
151
-895
1285
-1071
424
700
-1299
1553
-506
-974
1272
-474
-356
376
-594
538
-1028
530
-256
-534
58
7
-41
-437
750
-533
481
-82
-91
638
-548
493
481
-1031
1458
-647
-216
1003
-1482
761
-142
-871
894
-558
67
257
167
-62
8
155
-706
1484
-1524
163
1071
-722
-396
1033
-920
230
-261
-680
770
-476
-186
563
117
11
636
-425
798
-196
-328
402
-26
-182
143
-285
-427
370
-539
-317
431
-307
-708
556
-372
-255
721
-211
291
303
-499
792
109
-1070
962
-593
-766
1288
-1094
31
968
-778
655
-636
-21
630
-653
-66
589
-321
-434
889
-912
123
17
26
-98
93
-1158
1385
-550
-1649
1536
-1453
112
-234
-119
114
334
-643
190
1240
-594
646
479
601
201
55
1154
159
984
494
-307
-246
-1141
-624
-421
-1216
-471
-152
-509
520
993
-115
1263
1644
-51
952
670
204
631
-386
-143
179
-1064
1
-52
-1119
59
400
-395
110
434
82
307
395
-195
-352
-360
-397
-973
-500
-749
-1158
-214
-628
-817
-432
-1085
-330
-384
-1068
170
-948
-67
-189
-1072
702
-915
9
200
-556
651
-182
-111
-16
391
-1056
501
921
-1058
1267
402
168
261
770
433
788
1454
123
890
1663
845
376
1686
1029
834
974
705
1374
592
1343
1784
943
1658
1774
1447
1430
1810
910
1521
508
390
77
-883
-148
-1319
-1407
-894
-1789
-1809
-850
-2146
-1559
-1526
-1607
-1457
-1752
-877
-2128
-1092
-1253
-2136
-1518
-2498
-2221
-2268
-2220
-2500
-2371
-1665
-1943
-1156
-1576
-1739
-182
-1649
-751
-344
-1743
-145
-477
-1225
136
187
276
1024
926
2146
1832
2094
2811
2033
2986
2905
2164
3128
2834
2383
3458
3061
3484
3668
3860
4161
3969
4894
4841
4728
4986
4771
3739
3069
2630
1098
715
-257
-430
-1167
-2055
-1944
-3185
-3849
-3498
-3996
-4659
-4179
-4572
-4172
-4177
-4151
-4035
-4383
-3467
-3730
-3674
-2570
-2511
-2412
-1579
-1293
-1893
-1779
-1781
-2357
-2883
-2977
-3242
-3818
-3507
-2646
-3433
-2837
-1916
-2260
-935
-372
-579
206
617
1269
1570
1381
2749
2615
2952
4174
3818
4107
5194
5635
5317
6071
6458
6131
6864
6797
6810
7070
7953
8189
7843
8120
6924
5990
4316
3364
2061
-175
-563
-1656
-3709
-3873
-5006
-6626
-6427
-6853
-7088
-6991
-6438
-6001
-5935
-4971
-4848
-4959
-4147
-3756
-3396
-2658
-1634
-1479
-829
-228
-640
-542
-400
-440
-1083
-1383
-2167
-3502
-4518
-5373
-6271
-6615
-6162
-5905
-4892
-3726
-3071
-2273
-1331
-335
432
1399
2201
2853
3663
4626
4531
5134
6049
5851
6609
7351
7482
7954
8826
9204
9423
9979
10236
10794
11559
11161
9303
7591
5722
3565
1429
-1180
-2586
-3438
-4901
-5770
-6897
-8369
-8963
-8992
-8883
-9048
-8118
-6714
-5657
-4186
-3866
-4110
-3424
-2355
-1855
-1058
152
505
1629
2510
1533
854
212
-137
-741
-1208
-2229
-4070
-5600
-7178
-8675
-9884
-10276
-9574
-8542
-6728
-5019
-4132
-2465
-851
385
1722
3241
4566
5929
7193
7575
7568
7752
7731
7876
8083
8280
9233
9890
11007
11490
11483
11811
12600
13505
11439
9224
7369
4055
1737
-1120
-4616
-6558
-7486
-8644
-9624
-9737
-10903
-11353
-9910
-9697
-9207
-7686
-5439
-3653
-2164
-1174
-1367
-577
242
584
1262
1618
2258
2863
3206
2227
430
-545
-1829
-2981
-4246
-6191
-8561
-10471
-11339
-12338
-12769
-12360
-10805
-8043
-5438
-3362
-1147
805
2940
4948
6422
7635
8593
9633
10442
10564
9879
9085
9233
8965
8738
9212
9323
10159
11278
11654
11775
12973
13267
10316
7816
5165
1634
-1193
-4159
-6963
-8826
-9635
-10729
-11414
-10973
-11656
-11131
-9508
-8236
-6771
-4951
-2356
-632
493
945
1059
1487
1060
1506
2018
1674
1860
1958
1353
-260
-1854
-3375
-4905
-5586
-6941
-8647
-10440
-12286
-13218
-13041
-12456
-11324
-8552
-5001
-2095
648
2929
4613
6289
7615
8719
9381
9549
9771
10012
9501
8191
7506
7320
6927
7377
8069
8712
10099
10982
11661
12817
13693
11659
8062
5399
2051
-1563
-4759
-7754
-9864
-10795
-10986
-11564
-11739
-11191
-10361
-8674
-7075
-5309
-3579
-1412
1287
2532
2593
2375
2554
2259
1611
1676
1354
935
1092
746
-783
-3005
-4574
-5970
-6952
-7386
-8440
-9715
-11017
-11899
-12271
-11755
-10331
-8276
-4594
-579
2205
4499
6342
7666
8458
8878
8924
8685
8430
8134
7895
6699
5223
4742
4533
4660
5774
6883
8586
10740
12140
13357
15237
14398
10086
6843
3768
-430
-4318
-7363
-10194
-11790
-12100
-12424
-13011
-12834
-11542
-9717
-7530
-5446
-3406
-1300
1523
3575
3518
3125
3161
2747
2004
1792
1261
215
302
100
-1474
-3515
-5621
-7080
-7944
-8206
-8454
-8910
-9396
-10251
-10543
-10376
-9525
-7597
-4604
-447
3053
5364
7334
8604
9021
8988
8768
8090
7832
7636
6823
6228
5056
3612
3530
3712
4264
5869
7813
10549
12758
14322
15733
17331
14660
9804
6870
2819
-1745
-5563
-8727
-11955
-13331
-13577
-14305
-14637
-13731
-12005
-9663
-7061
-4497
-2335
-53
2971
4145
3583
3441
3184
2149
1365
1147
-185
-1446
-1309
-2238
-4210
-6180
-7910
-9206
-9547
-9190
-9096
-8759
-8879
-9392
-9004
-8474
-7148
-4825
-1530
2383
5384
7436
8922
9595
9319
8897
8275
7278
6933
6453
5438
4861
3826
2793
3131
3583
4773
6675
9059
12062
14214
15870
17622
18878
14969
10160
6980
2112
-3050
-7189
-10822
-14203
-15200
-15405
-16037
-16037
-14627
-12433
-9752
-6831
-3772
-1366
1588
4878
5534
4827
4584
3795
2259
1424
744
-1119
-2054
-2011
-3400
-5520
-7535
-9085
-9995
-9836
-9242
-8752
-7867
-7865
-8180
-7766
-7373
-5925
-3346
137
3588
6276
8111
9157
9263
8595
7874
6917
6115
5872
5310
4323
3722
2793
2209
2664
3153
4719
6963
9692
12888
15124
16668
18524
19318
15000
10062
6208
851
-4648
-8924
-12653
-15958
-16948
-16822
-17013
-16757
-14934
-12184
-9197
-5918
-2199
535
3765
7064
7507
6498
5968
4805
2813
1849
796
-1269
-2147
-2467
-4142
-6461
-8525
-9907
-10481
-10014
-9225
-8201
-7195
-6888
-6846
-6539
-6072
-4565
-1814
1569
4816
7171
8766
9479
9018
7912
6915
5735
4887
4797
4313
3483
2924
2258
1927
2293
2951
4709
7036
10017
13180
15324
16698
18711
19237
14940
9964
5650
63
-5730
-9864
-13825
-17188
-18101
-17787
-17873
-17238
-15089
-12370
-9348
-5603
-1728
1268
4811
7852
8290
7270
6616
5168
2930
1732
415
-1630
-2650
-3176
-5112
-7538
-9190
-10388
-10678
-10048
-8935
-7613
-6329
-5616
-5246
-4872
-4503
-3259
-693
2164
4895
7015
8240
8817
8045
6985
5828
4706
4010
3808
3592
2824
2361
1847
1681
2343
3098
4815
7339
10100
13128
15034
16432
17959
19801
17508
12138
7719
2367
-3498
-8626
-12502
-16677
-18786
-18147
-17901
-17467
-15830
-13358
-10459
-6876
-2563
480
3885
7315
8835
8465
7375
6086
3529
1934
761
-1340
-2907
-3638
-4920
-7193
-8845
-10032
-10713
-10170
-9040
-7561
-6143
-5157
-4622
-4010
-3697
-3037
-1422
948
3433
5505
6923
7377
6913
5862
4862
3763
2846
2548
2564
2246
1877
1521
1202
1503
2345
3540
5804
8525
11044
13620
15471
16943
18689
19683
16257
10975
6178
964
-4637
-9482
-13145
-16661
-17800
-17024
-16491
-16100
-14421
-11627
-8501
-4577
-574
2297
5431
8141
9101
8164
6770
4812
2423
1210
-288
-2372
-3855
-4760
-6024
-7637
-8892
-9817
-10077
-9286
-7834
-6368
-5115
-4205
-3563
-2990
-2556
-1853
-703
1453
3705
5403
6292
6508
5984
4856
4134
2967
2014
1714
1501
1284
672
324
302
635
1755
3161
5379
7712
10089
12727
14753
16367
18016
18847
15324
10257
5842
484
-4889
-9230
-12921
-16141
-17185
-16215
-15828
-15444
-13523
-10760
-7455
-3508
221
2572
5479
8145
8838
7992
6506
4565
2464
1409
-101
-2496
-3950
-4717
-5775
-7105
-8216
-9337
-9576
-8505
-7245
-5973
-4814
-4066
-3568
-2755
-2252
-1808
-430
1813
4218
5784
6566
6756
6036
5139
4460
3166
2000
1748
1310
780
219
-299
-258
252
1402
2819
4769
7119
9682
12199
14285
15739
17087
17951
14988
10221
6219
1404
-3686
-7750
-11494
-14725
-15765
-15314
-15137
-14668
-12919
-10260
-7315
-3966
-881
1215
3820
6473
7185
6428
5302
3703
1944
680
-774
-2812
-3964
-4350
-4976
-5936
-7085
-7986
-8377
-7788
-6798
-5936
-4944
-4212
-3786
-3204
-2715
-2328
-1060
1133
3372
4952
5769
6015
5673
4878
4157
3145
1752
1421
1138
506
184
-349
-406
65
1118
2412
4191
6561
9063
11688
13673
15045
15769
16986
16335
12221
8369
4374
-491
-4767
-8331
-11936
-14357
-14490
-14156
-13735
-12588
-10612
-8348
-5797
-2938
-1017
970
3762
5517
5547
4963
3879
2063
753
-185
-1892
-3250
-3434
-3522
-4141
-5079
-6156
-7225
-7360
-6564
-5846
-5251
-4496
-3943
-3578
-2936
-2588
-1845
75
2246
4114
5254
5697
5570
4976
4223
3190
1649
575
239
-414
-841
-1249
-1670
-1318
-441
874
2470
4752
7278
9640
11869
13416
14294
15537
16867
15029
11313
7938
3659
-836
-4761
-8546
-11973
-13384
-13058
-12708
-12484
-11660
-10127
-8485
-6321
-4107
-2332
286
3241
4705
4675
4118
2964
1764
1223
398
-693
-829
-485
-687
-1623
-3153
-4646
-5534
-5343
-4823
-4635
-4245
-3781
-3706
-3718
-3652
-3546
-2392
-377
1621
3308
4163
4564
4522
3947
3125
1923
770
265
-8
-598
-1239
-1805
-1951
-1578
-700
699
2297
4600
7205
9263
11166
12659
13543
14939
16265
14985
12009
9060
5316
987
-3229
-7215
-10352
-11629
-11598
-11828
-12413
-12207
-11218
-10032
-8391
-6316
-4453
-1871
1405
3047
3196
2976
2336
1743
1716
1315
559
578
670
349
-837
-2664
-3877
-4440
-4387
-4368
-4611
-4910
-4943
-4629
-4507
-4286
-3870
-2664
-716
1061
2456
3194
3696
3877
3616
3012
1891
947
401
90
-337
-783
-1037
-1147
-518
329
1307
2890
4780
6985
8996
10625
11914
12975
14097
15515
15772
13154
10346
7650
3454
-312
-3369
-6783
-9382
-10329
-11113
-11921
-12070
-11937
-10950
-9449
-7756
-5871
-4114
-1596
468
969
1269
1671
1412
1406
1794
843
51
217
-201
-783
-1535
-2585
-3197
-3175
-3336
-3966
-4508
-4979
-4900
-4564
-4389
-4141
-3603
-2131
-547
611
1450
1972
2520
2762
2585
1872
963
345
144
141
-379
-926
-1046
-501
589
1468
2614
4189
5934
7936
9696
10827
11690
12680
13549
14882
15392
13163
10426
7620
3678
-182
-3565
-6860
-9028
-9865
-10685
-11503
-12158
-12265
-11357
-10209
-8801
-6947
-4902
-2329
127
1404
1951
2239
1909
1766
1752
1093
898
1324
1338
861
-57
-1283
-2087
-2742
-3520
-3664
-3450
-3395
-3422
-3612
-3981
-4184
-3786
-3002
-2017
-965
16
732
1039
1018
555
173
51
-5
154
284
129
-108
47
501
1058
1936
3137
4591
6042
7671
9033
9752
10618
11218
11584
12456
13234
12234
9949
7462
3921
370
-2640
-5637
-7997
-9391
-10087
-10729
-11161
-11069
-10652
-9786
-8403
-6566
-4737
-2457
-23
1239
1839
1906
1419
1042
1004
930
695
831
794
369
-346
-1470
-2332
-2761
-2686
-2479
-2545
-2706
-2934
-3017
-3166
-3332
-3362
-2952
-1959
-1124
-491
-227
-233
-69
-25
10
-84
-92
213
485
739
686
911
1632
2466
3390
4201
5164
6229
7486
8526
8933
9341
9661
10005
10577
11170
10826
9061
7071
4569
1663
-1091
-3684
-5759
-7173
-7775
-8386
-9011
-9094
-8919
-8376
-7485
-6273
-4920
-3331
-1534
-529
-331
-561
-886
-1108
-1202
-1123
-1179
-1069
-883
-975
-1331
-1912
-2224
-2145
-1850
-1556
-1583
-1731
-1897
-2179
-2585
-3047
-3259
-3123
-2657
-2158
-1819
-1548
-1326
-1025
-879
-805
-496
-83
499
1160
1701
2080
2566
3366
3941
4394
4993
5717
6578
7423
8005
7950
7983
8195
8189
8397
8802
9074
8454
7268
5629
3296
1083
-843
-2534
-3876
-4714
-5337
-6051
-6459
-6693
-6867
-6712
-6211
-5483
-4710
-3731
-3043
-2877
-2932
-3137
-3191
-3140
-2925
-2612
-2341
-1993
-1756
-1536
-1345
-1111
-669
-172
201
225
105
-230
-795
-1342
-1928
-2376
-2571
-2662
-2684
-2629
-2506
-2433
-2394
-2188
-1864
-1327
-647
26
698
1421
2181
2743
3275
3734
4085
4619
5168
5649
5966
6231
6349
6256
6346
6355
6282
6590
7215
7462
6897
5945
4657
3288
2080
701
-725
-1884
-2553
-3211
-3964
-4627
-5256
-5568
-5533
-5434
-5504
-5357
-4860
-4477
-4329
-4418
-4512
-4362
-4024
-3691
-3469
-3109
-2514
-1684
-838
-232
247
725
1121
1226
1039
739
389
1
-402
-907
-1518
-2061
-2394
-2580
-2686
-2652
-2493
-2182
-1679
-1155
-718
-274
367
1095
1794
2444
2820
3038
3348
3673
3853
3992
4213
4421
4648
4825
4838
4867
5066
5452
6003
6648
6929
6634
6078
5333
4377
3272
2072
858
-146
-981
-1973
-2986
-3858
-4587
-5119
-5483
-5797
-6077
-6041
-5755
-5587
-5600
-5659
-5653
-5416
-5010
-4565
-4032
-3316
-2461
-1571
-758
-208
236
690
1042
1143
975
709
324
-123
-576
-1074
-1556
-1907
-2050
-2047
-2053
-1980
-1754
-1360
-866
-460
-102
329
815
1184
1488
1768
1981
2230
2667
3024
3071
3238
3585
3865
4102
4281
4466
4899
5438
5840
6235
6693
6959
6896
6608
6036
5176
4309
3420
2234
1026
-39
-1074
-1972
-2822
-3745
-4565
-5164
-5658
-6073
-6173
-6118
-6101
-6040
-6011
-6024
-5837
-5424
-4941
-4310
-3535
-2674
-1800
-960
-396
-68
292
538
577
504
360
160
-56
-325
-670
-1048
-1363
-1513
-1527
-1396
-1214
-1016
-708
-512
-498
-566
-580
-519
-408
-143
315
820
1165
1527
1751
1871
2104
2547
3144
3695
4172
4600
5063
5399
5527
5629
5989
6244
6372
6394
6082
5533
4720
3954
3018
1966
1064
119
-666
-1404
-2343
-3237
-3884
-4429
-4797
-4974
-5191
-5429
-5626
-5592
-5516
-5381
-5062
-4669
-4031
-3294
-2692
-2099
-1479
-1025
-610
-175
104
302
405
416
290
67
-193
-435
-665
-832
-912
-987
-881
-896
-1103
-1218
-1449
-1652
-1800
-1907
-1690
-1469
-1131
-554
-231
194
536
832
1333
1750
2318
2948
3550
3914
4183
4571
4785
4843
4914
5084
5382
5660
5787
5869
5608
5145
4686
3890
3084
2193
1356
787
97
-603
-1460
-2092
-2641
-3401
-3937
-4431
-4740
-4663
-4444
-4266
-4192
-4079
-3946
-3612
-3295
-3003
-2397
-1778
-1203
-718
-453
-473
-430
-383
-548
-612
-722
-711
-723
-885
-1131
-1482
-1775
-1936
-2054
-2243
-2275
-2389
-2315
-2319
-2317
-2204
-2169
-1448
-1035
-708
-56
526
951
1496
2126
2238
2708
3075
3402
3789
3616
3971
4091
4153
4482
4472
4804
5038
5155
5302
5040
4745
4450
3943
3600
3056
2248
1882
1298
504
-92
-996
-1564
-1921
-2356
-2466
-2729
-2842
-2968
-3046
-3001
-3288
-3195
-2917
-2688
-2270
-2079
-1979
-1723
-1600
-1603
-1556
-1647
-1757
-1695
-1550
-1623
-1817
-2051
-2303
-2477
-2690
-2801
-2946
-2888
-2760
-2762
-2647
-2656
-2468
-2199
-2144
-1580
-1191
-1184
-54
392
623
1381
1318
1969
2007
2138
2694
2425
3056
3175
3194
3554
3267
3518
3921
3797
4015
4104
4045
4552
4380
4316
4238
3640
3541
3013
2584
2104
1464
1264
765
444
-84
-657
-751
-1089
-1378
-1492
-1598
-1671
-1581
-1454
-1601
-1669
-1729
-1946
-1895
-2085
-2362
-2303
-2398
-2426
-2526
-2728
-2828
-3134
-3141
-3224
-3452
-3250
-3324
-3266
-3023
-3249
-3034
-2930
-2986
-2418
-2570
-2223
-1587
-1615
-826
-680
-238
198
197
984
896
1335
1757
1782
2312
2341
2307
2415
2756
2555
2805
2950
2758
3166
3155
3569
3670
3536
3801
3693
3722
3689
3480
3404
3172
2919
2682
2153
1826
1562
1265
1208
950
622
582
476
358
157
-77
-285
-646
-810
-1219
-1570
-1883
-2324
-2513
-2950
-3284
-3502
-3578
-3658
-3715
-3628
-3838
-3771
-3662
-3783
-3615
-3548
-3526
-3157
-2966
-2907
-2699
-2699
-2344
-2157
-2127
-1430
-1417
-897
-516
-541
122
-309
404
679
495
1407
1281
1631
1823
1898
2121
1850
2179
2604
2399
2871
3132
2873
3330
3181
3281
3290
3351
3706
3420
3564
3473
3201
3192
2996
3014
2873
2610
2758
2510
2427
2278
1807
1706
1182
859
474
-51
-391
-906
-1396
-1970
-2460
-2905
-3256
-3389
-3501
-3651
-3687
-3774
-3760
-3753
-3844
-3701
-3552
-3456
-3254
-3208
-3077
-2926
-3109
-2854
-2798
-2788
-2395
-2390
-2007
-1897
-1871
-1474
-1654
-1013
-858
-836
17
-129
573
528
743
1447
1044
1808
1717
1937
2290
2162
2431
2480
2590
2663
2753
2736
3149
2905
3104
3321
3383
3702
3472
3942
3792
3825
4011
3700
3905
3736
3412
3205
2749
2336
1832
1216
849
299
-314
-859
-1315
-1788
-2212
-2509
-2739
-2912
-3095
-3105
-3235
-3157
-3148
-3228
-3169
-3131
-3081
-3053
-3023
-2928
-2989
-3052
-3023
-3105
-3015
-3230
-2958
-3002
-2828
-2837
-2746
-2209
-2611
-1702
-1894
-1480
-934
-840
-70
-324
609
338
612
970
928
1393
1181
1804
1610
1945
1912
1972
2314
2328
2859
2857
3317
3582
3635
3906
3973
4052
4365
4197
4423
4453
4122
4053
3646
3418
3061
2575
2283
1969
1320
1071
523
11
-197
-758
-850
-1311
-1368
-1523
-1862
-1768
-2178
-2305
-2399
-2611
-2617
-2765
-2865
-2851
-3053
-3215
-3346
-3520
-3581
-3668
-3689
-3494
-3534
-3549
-3268
-3347
-3113
-3081
-2880
-2424
-2304
-1763
-1709
-1329
-1127
-1073
-758
-712
-384
-116
136
221
874
682
1087
1517
1405
2155
2207
2571
2791
3238
3227
3403
3641
3645
3845
3733
3914
3785
3775
3884
3565
3654
3559
3218
3242
2923
2752
2568
2248
2101
1743
1510
1289
982
778
500
236
-75
-418
-642
-979
-1244
-1469
-1811
-2046
-2271
-2602
-2885
-3016
-3282
-3429
-3452
-3590
-3533
-3580
-3543
-3621
-3667
-3463
-3602
-3336
-3306
-3010
-3006
-3040
-2625
-2883
-2560
-2377
-2358
-2042
-1715
-1579
-1209
-799
-605
-44
342
463
1285
1545
1694
2371
2285
2922
2614
3036
3083
2999
3261
2953
3266
3064
3268
3008
3189
3176
3045
3286
3043
3312
3208
3010
3106
2992
2784
2820
2760
2422
2462
2055
1813
1581
1106
934
509
104
-193
-669
-1019
-1319
-1883
-1994
-2401
-2667
-2706
-3107
-2995
-3250
-3351
-3406
-3528
-3544
-3541
-3617
-3662
-3572
-3735
-3747
-3571
-3721
-3543
-3361
-3634
-3062
-3112
-2965
-2318
-2238
-1877
-1229
-1033
-668
57
87
826
930
1334
1698
1860
2053
2116
2371
2210
2434
2253
2500
2439
2407
2670
2474
2763
2875
2653
3000
3066
2861
3203
3318
3124
3731
3310
3425
3654
2977
3463
3002
2769
2869
2234
2093
1668
1218
951
344
45
-257
-792
-991
-1334
-1667
-1953
-2151
-2470
-2639
-2779
-3078
-3146
-3410
-3543
-3655
-3844
-3763
-3864
-3995
-3902
-3923
-4168
-3808
-3682
-3864
-3083
-3356
-2892
-2434
-2583
-1814
-1727
-1241
-990
-338
-388
268
492
434
1092
781
1248
1229
1191
1574
1606
1391
2025
1724
1954
2179
1857
2622
2316
2351
3180
2700
3073
3487
2874
3532
3573
3107
3802
3521
3473
3408
3115
3233
2626
2524
2430
2043
1808
1649
1183
1036
589
279
80
-333
-495
-919
-1151
-1477
-1870
-2160
-2461
-2666
-2969
-3153
-3270
-3539
-3723
-3758
-3921
-3900
-3872
-3999
-3681
-3753
-3576
-3396
-3163
-3012
-2558
-2535
-2093
-1589
-1799
-922
-1147
-646
-490
-504
-289
66
-180
113
618
41
823
640
973
973
1068
1930
1333
1933
2347
2081
2401
2686
2358
2948
3141
2684
3345
3105
3313
2934
3091
3168
2868
2951
2876
2697
2841
2393
2192
2392
1841
1945
1591
1409
1301
827
647
243
-82
-230
-833
-963
-1267
-1733
-1898
-2278
-2629
-2702
-3058
-3204
-3330
-3454
-3439
-3506
-3525
-3460
-3261
-3323
-3018
-2992
-2613
-2509
-2416
-1995
-2097
-1786
-1694
-1684
-1608
-1145
-1275
-1297
-670
-951
-565
-539
-90
-44
180
914
384
1243
1300
1106
1670
1686
1807
2109
2133
2295
2376
2412
2647
2250
2888
2674
2474
3152
2680
2669
3072
2583
2890
2879
2604
2986
2547
2557
2580
2050
2325
1697
1609
1578
973
922
447
241
-165
-452
-847
-1052
-1436
-1722
-1920
-2187
-2314
-2512
-2698
-2681
-2819
-2822
-2898
-2857
-2786
-2843
-2804
-2767
-2752
-3048
-2597
-2950
-2658
-2765
-2579
-2370
-2704
-1947
-2308
-1726
-1620
-1479
-914
-718
-952
-114
-185
-251
597
101
849
791
622
1544
859
1476
1771
1106
2416
1662
1911
2492
1945
2425
2599
2146
3008
2580
2580
3126
2624
2986
2888
2738
2921
2798
2540
2702
2319
2249
2071
1763
1706
1268
1099
857
527
312
74
-138
-330
-542
-747
-826
-1166
-1213
-1340
-1572
-1707
-1849
-2158
-2292
-2489
-2779
-2687
-3162
-2856
-3308
-3118
-3200
-3251
-3021
-3174
-2531
-2898
-2464
-2290
-2047
-2198
-1560
-1721
-1283
-1043
-1329
-410
-742
-477
-122
-148
246
373
342
876
712
1007
1273
943
1646
1504
1474
1929
1689
2150
2066
2033
2381
2457
2233
2559
2429
2411
2629
2170
2543
2216
2254
2174
1965
1914
1978
1582
1633
1765
1297
1606
1091
1361
1046
821
1008
400
455
152
-229
-466
-690
-1184
-1338
-1519
-1995
-2075
-2323
-2539
-2498
-2787
-2851
-2480
-3116
-2683
-2758
-2896
-2397
-3092
-2089
-2684
-2295
-1990
-2429
-1602
-1827
-1597
-1461
-949
-1252
-792
-610
-624
-83
-505
228
187
106
856
259
998
1031
781
1617
979
1715
1635
1244
2138
1671
1618
2069
1772
1949
2041
1727
2275
1893
1983
2467
2026
2250
2605
2264
2428
2554
2490
2391
2333
2348
2082
1812
1730
1349
1083
946
371
341
-135
-553
-469
-1028
-1269
-1253
-1634
-1855
-1895
-2137
-2374
-2301
-2604
-2557
-2621
-2712
-2703
-2677
-2751
-2575
-2567
-2554
-2306
-2475
-1998
-2225
-2043
-1643
-1925
-1561
-1348
-1388
-1167
-994
-935
-572
-615
-567
16
-268
-42
263
65
610
170
489
760
632
723
896
903
1181
1225
1327
1518
1768
2175
1691
2431
2562
2527
2611
2882
2989
2891
2936
2745
2981
2752
2351
2681
2165
1890
2153
1379
1372
1374
830
691
569
267
14
-357
-260
-814
-869
-1020
-1387
-1250
-1836
-1553
-1823
-2017
-1972
-2086
-2131
-2198
-2094
-2424
-2095
-2198
-2286
-2096
-2276
-1853
-2220
-1923
-1818
-1900
-1435
-1947
-1363
-1251
-1646
-840
-1529
-1012
-725
-1390
-733
-862
-736
-743
-645
-361
-278
-244
122
199
484
695
859
1155
1245
1794
1568
1878
2345
2000
2351
2579
2226
2793
2309
2682
2550
2092
3002
2025
2091
2640
1754
2153
1741
1501
1951
999
1008
1420
415
546
705
-158
260
-82
-511
-328
-622
-701
-943
-1235
-670
-1681
-1272
-1232
-1850
-1199
-2002
-1443
-1690
-1715
-1721
-1778
-1418
-2102
-1312
-1837
-1841
-1358
-1884
-1790
-1422
-2032
-1580
-1609
-1914
-1438
-1579
-1380
-1355
-1181
-901
-675
-762
-463
-117
232
-339
773
547
515
1278
794
1431
1354
1513
1644
1822
1641
2270
1847
1966
2324
2053
2232
2093
2133
2223
1780
2183
1807
1429
2034
1344
1321
1358
1118
951
936
702
413
692
127
152
2
-203
78
-635
-435
-290
-693
-695
-460
-1157
-411
-908
-1204
-475
-1412
-938
-893
-1733
-902
-1395
-1757
-1204
-1841
-1644
-1660
-1764
-1632
-1959
-1438
-1425
-1953
-1104
-1480
-1140
-1150
-1254
-471
-1004
-692
-401
-425
-61
-609
330
341
-237
611
603
458
837
464
1447
712
1038
1431
823
1612
1312
686
1908
1238
600
2058
730
1014
1856
275
1310
1443
100
1373
668
556
649
638
666
-91
1079
101
287
742
17
392
630
14
81
558
-141
20
-19
-183
-300
-224
-526
-703
-405
-722
-969
-702
-837
-913
-967
-818
-1100
-804
-987
-899
-922
-778
-724
-1139
-318
-1018
-709
-693
-526
-775
-588
-230
-984
18
-478
-691
299
-270
-607
786
-478
-95
892
-833
750
320
-444
1175
-291
393
852
-325
947
317
-123
1236
-243
201
1202
-625
961
271
117
1114
-303
1017
680
88
1117
475
203
1434
-428
1057
588
-248
1098
-98
302
226
236
-233
283
-180
-151
-138
-73
-241
-596
348
-703
-126
-159
-401
97
-685
109
-522
-339
-117
-743
-69
-512
-380
-256
-506
-316
-136
-412
-289
-78
-171
-306
-145
-8
-340
80
-214
-6
183
-240
215
202
-212
332
99
-161
448
-224
0
647
-692
552
364
-478
780
151
151
315
863
-252
721
711
-453
1360
-102
158
903
143
25
798
-323
447
368
-680
574
-84
-205
-148
0
-228
-60
-316
57
-195
-97
-62
-260
-61
-490
129
-613
-147
-127
-595
3
-476
-97
-465
-327
-49
-421
-256
-251
-212
-329
-131
-535
-121
-169
-303
-278
-296
74
-443
-283
-170
-355
-97
-407
-231
100
-562
207
-118
-387
517
-124
-112
461
55
100
503
98
418
556
235
836
522
468
983
337
595
664
205
582
314
268
537
96
434
275
150
512
170
302
652
28
531
201
49
508
-485
462
12
-42
368
-388
516
-190
112
-86
89
203
-544
293
-129
-472
68
-506
-658
-62
-815
-378
-563
-985
-141
-851
-1080
-132
-1242
-616
-624
-1270
30
-1515
-506
-470
-1433
-79
-919
-782
-224
-1030
-92
-321
-861
538
-424
-324
776
-464
424
295
-112
529
76
155
642
56
263
887
-173
671
911
-348
901
640
149
1084
-24
959
760
106
1321
328
756
1028
771
859
1069
785
1145
1203
811
1600
868
1266
1057
1127
1075
812
1048
722
672
580
531
28
-90
-70
-497
-843
-655
-972
-1101
-1171
-1430
-1050
-1496
-1461
-1355
-1643
-1334
-1441
-1584
-1258
-1532
-1495
-1090
-1413
-1065
-1029
-1250
-959
-899
-1107
-863
-1029
-943
-758
-784
-919
-657
-547
-877
-278
-719
-27
-256
-289
274
-61
410
408
309
601
852
990
697
1350
1446
974
1763
1404
1594
1847
1804
1993
1857
2116
2320
1562
2410
2561
1827
2685
2647
2441
2557
2385
2393
1556
1674
1587
274
747
173
-562
-242
-1110
-1277
-1328
-1756
-1550
-2259
-1969
-1725
-2587
-1886
-2243
-2590
-2086
-2179
-2248
-2064
-1918
-1925
-1859
-1570
-1530
-1847
-1399
-1558
-1656
-1520
-1598
-1705
-1627
-1356
-1443
-1470
-846
-1077
-692
-387
-444
-2
-128
587
150
190
962
579
598
1299
816
1120
1539
1324
2020
1533
2057
2089
1983
2435
2521
2352
2903
3203
2913
3575
3331
3818
3892
3730
3696
3475
3187
2585
2372
1267
1052
522
-362
-546
-1298
-1625
-2045
-2395
-2621
-2945
-3096
-3230
-3007
-3371
-3001
-3159
-3127
-2647
-2969
-2523
-2385
-2167
-1829
-1680
-1584
-1484
-1254
-1388
-1314
-1433
-1439
-1556
-1692
-1396
-1943
-2022
-1567
-1794
-1642
-1381
-1355
-862
-666
-750
-133
-46
112
753
406
922
1631
1206
2211
2243
2186
2938
2495
3262
3608
3239
3988
4135
4308
4819
5009
5060
5897
5507
6257
5967
4870
4992
3651
2927
2157
883
150
-459
-1281
-2099
-2831
-3563
-3889
-4388
-4614
-4681
-4876
-4380
-4346
-4526
-4337
-4337
-4061
-3749
-3357
-2977
-2487
-1977
-1480
-1209
-896
-884
-952
-599
-968
-1407
-1530
-2063
-2431
-2680
-3203
-3111
-3027
-2844
-2183
-2408
-1820
-1201
-1002
-413
-95
128
661
1243
1535
2208
2357
3059
3449
3498
4338
4202
4688
5407
5591
5900
6129
6547
6870
7223
7350
8336
8288
7766
7198
5893
4750
3409
1922
367
-605
-1698
-2827
-3483
-4630
-5805
-6366
-6606
-6993
-7005
-6501
-6065
-5485
-5069
-5039
-4875
-4318
-3793
-3344
-2457
-1807
-1160
-218
289
216
94
337
8
-181
-580
-1364
-2321
-2932
-3754
-4671
-4960
-5152
-4749
-4345
-3721
-3286
-2651
-1833
-1190
-621
46
771
1452
2634
3230
3511
4133
4568
4822
5458
5552
5873
6917
7162
7528
7747
7995
8443
8666
9643
10122
8842
8155
7291
4978
3693
1538
-917
-1634
-2845
-4309
-5227
-6415
-7513
-8125
-8462
-8708
-8723
-7643
-6172
-5389
-4534
-4057
-3953
-2950
-2347
-2142
-1078
-162
859
1916
2093
1882
1641
1560
1256
731
80
-436
-1604
-2971
-4416
-6164
-7163
-7518
-7438
-6801
-5868
-5016
-3826
-2835
-1960
-1132
-133
1073
2265
3353
4189
4750
5178
5411
5323
5727
5802
6427
7240
7886
8621
8927
9495
9792
10192
11156
11268
9524
8401
6619
4077
2198
-697
-3159
-4345
-5519
-6837
-7879
-8798
-9797
-10005
-9732
-10127
-9519
-7898
-6388
-4803
-3783
-3402
-2631
-1497
-1069
-525
402
1273
2587
3540
3554
3029
2560
2190
1535
840
3
-891
-1742
-3142
-5259
-7265
-8662
-9263
-8969
-8253
-7224
-5607
-3916
-2509
-1208
-314
1003
2595
3959
5155
5998
6361
6746
6793
6290
6085
6015
6414
7090
7912
8555
9279
10036
10522
11234
12473
11761
9839
8749
6201
3649
1172
-2399
-4766
-5844
-7416
-8831
-9650
-10581
-11159
-10616
-10531
-10717
-9255
-7506
-5717
-3936
-3159
-2619
-1333
-363
-233
401
1064
1924
3348
3848
3314
2699
2184
1555
697
-264
-1279
-2028
-2667
-4252
-6318
-8212
-9447
-9711
-9248
-8492
-7332
-5285
-3433
-1897
-669
205
1653
3323
4695
5747
6455
6756
7150
7060
6339
5986
6013
6340
7175
7867
8546
9510
10316
11014
12150
13064
11357
9858
8493
5569
3122
-40
-3634
-5340
-6587
-8435
-9630
-10427
-11218
-11132
-10420
-10606
-10041
-8054
-6171
-4250
-2718
-2313
-1524
-89
287
401
1060
1519
2617
3793
3619
2820
2262
1681
957
155
-818
-1741
-2344
-3123
-4935
-6897
-8459
-9385
-9320
-8565
-7776
-6291
-4092
-2554
-1102
-138
572
1997
3404
4459
5350
5780
5984
6292
5868
5179
5040
5154
5850
6850
7557
8672
9648
10553
11459
12887
12609
10218
9197
6934
4017
1585
-2208
-5174
-6292
-7884
-9539
-10488
-11292
-11707
-10957
-10470
-10487
-9135
-6957
-4887
-3003
-1875
-1546
-216
1042
1169
1639
2201
2739
4113
4728
3979
3170
2551
1738
1010
86
-978
-1779
-2451
-3706
-5570
-7405
-8661
-9108
-8737
-7727
-6791
-4994
-2810
-1418
-97
807
1502
2760
3969
4596
5138
5452
5411
5489
4940
4322
4416
4681
5696
6752
7567
8890
9917
10927
12106
13445
11750
9412
8417
5228
2479
-199
-4193
-6148
-7028
-8861
-10158
-10822
-11587
-11427
-10284
-10229
-9594
-7732
-5595
-3557
-2102
-1679
-1179
369
998
1097
1642
1957
2722
3972
3786
2807
2207
1543
812
141
-959
-1832
-2276
-3113
-4563
-6200
-7764
-8306
-8144
-7578
-6523
-5384
-3575
-1735
-610
444
1331
2293
3454
4380
4734
5028
5291
5066
4841
4282
3971
4341
4861
5927
6905
7854
9209
10243
11253
12707
13655
11345
9649
8165
4540
2151
-1029
-4725
-5944
-7168
-9052
-10063
-10750
-11636
-11019
-10212
-10334
-9004
-7075
-5059
-2979
-1887
-1813
-859
461
644
999
1573
1836
2938
3875
3210
2452
1915
1111
568
-69
-1213
-1768
-1972
-3101
-4559
-6061
-7558
-7811
-7502
-7088
-5963
-4604
-3061
-1567
-614
210
1046
2126
3043
3770
4107
4332
4488
4131
3669
3207
3153
3709
4374
5435
6454
7695
9074
10132
11189
12810
13559
11379
10082
8034
4568
2309
-1250
-4660
-5817
-7363
-9052
-9939
-10885
-11749
-11072
-10600
-10529
-8984
-7127
-5074
-2754
-1788
-1574
-304
734
951
1584
2195
2625
4029
4828
4119
3532
2840
1982
1526
827
-276
-745
-999
-2392
-3922
-5673
-7480
-7781
-7690
-7460
-6217
-4899
-3423
-1895
-1076
-416
395
1389
2323
3115
3545
3834
4003
3663
3211
2779
2734
3396
4167
5178
6278
7545
8893
9949
10833
12438
13322
11456
10101
8074
4809
2340
-1140
-4485
-5854
-7326
-8853
-9852
-10786
-11618
-11311
-10722
-10705
-9371
-7479
-5553
-3169
-2199
-1916
-709
213
483
1063
1760
2198
3682
4567
3994
3545
2833
2136
1727
1056
249
-123
-353
-1386
-2875
-4607
-6382
-6917
-6905
-6730
-5665
-4535
-3110
-1685
-1047
-531
86
915
1873
2651
3046
3272
3435
3146
2869
2383
2366
3114
3782
4930
6169
7224
8707
9917
10694
12142
13711
12694
11020
9619
6422
3667
873
-2802
-4703
-5923
-7750
-9032
-10001
-11314
-11656
-11020
-11281
-10465
-8608
-6985
-4652
-3115
-2813
-1845
-628
-254
311
1238
1634
2991
4353
4104
3771
3226
2461
2061
1476
713
328
94
-655
-2075
-3975
-6037
-7101
-7346
-7337
-6638
-5612
-4344
-2936
-2177
-1777
-1099
-297
847
1956
2476
2898
3279
3142
3049
2762
2618
3379
4098
5091
6396
7372
8605
9802
10579
11466
13142
13595
11946
10761
8388
5184
2771
-652
-3638
-4930
-6520
-8091
-9019
-10292
-11358
-11085
-11119
-11044
-9595
-7972
-5902
-3794
-2861
-2317
-1176
-453
-164
675
1328
2237
3870
4402
4072
3640
2904
2315
1874
1309
910
726
340
-866
-2895
-5034
-6745
-7452
-7514
-7258
-6278
-5090
-3933
-3034
-2744
-2333
-1555
-567
645
1552
1951
2489
2673
2341
2319
2207
2627
3649
4597
5866
7097
8204
9312
10128
10788
11826
13410
13010
11493
10155
7223
4425
1747
-1884
-4130
-5372
-7034
-8225
-9242
-10690
-11431
-11241
-11462
-11060
-9536
-7835
-5705
-3813
-3187
-2545
-1533
-1046
-512
565
1470
2887
4547
4829
4561
4176
3465
3111
2945
2668
2364
2110
1313
-704
-2844
-5000
-6526
-6772
-6855
-6287
-5295
-4516
-3661
-3263
-3090
-2584
-1774
-704
452
1179
1539
2102
2005
1928
2191
2236
3101
4226
5269
6557
7644
8655
9437
10075
10628
11849
13117
12111
10861
9288
6244
3857
936
-2360
-3937
-5346
-6902
-7981
-9328
-10879
-11360
-11314
-11678
-10933
-9350
-7686
-5480
-4097
-3810
-3145
-2299
-1908
-1115
62
1019
2719
4036
3898
3670
3262
2872
2979
2970
2687
2245
1854
495
-1497
-3243
-5040
-5668
-5555
-5513
-4926
-4362
-3869
-3333
-3155
-2934
-2390
-1495
-386
598
1114
1666
2177
2216
2658
2981
3360
4520
5481
6501
7621
8372
9047
9538
9953
10565
11978
12490
11280
10372
8355
5648
3532
418
-2096
-3340
-4900
-6329
-7655
-9357
-10742
-11089
-11429
-11719
-10606
-9170
-7558
-5696
-5069
-4851
-4028
-3345
-2811
-1686
-534
670
2415
3070
2855
2860
2705
2779
3006
2910
2480
2036
1323
-291
-1817
-3142
-4190
-4182
-4147
-4020
-3633
-3433
-3087
-2964
-2948
-2729
-2186
-1272
-347
335
825
1431
1814
2162
2765
3132
3917
4980
5773
6746
7452
7971
8412
8752
9249
10228
11477
11159
10231
9234
6932
4898
2606
-168
-1723
-3081
-4645
-6058
-7700
-9261
-10220
-10626
-11117
-10864
-9637
-8405
-6903
-5863
-5617
-5113
-4348
-3739
-2936
-1725
-501
973
2227
2436
2537
2765
2932
3160
3207
3075
2644
2158
1167
-370
-1424
-2340
-2824
-2716
-2848
-2741
-2536
-2536
-2548
-2681
-2740
-2493
-1855
-1097
-394
184
680
1190
1589
2070
2566
3165
4019
4723
5486
6212
6664
7163
7533
7978
8833
10080
10695
10198
9590
8195
6347
4598
2176
274
-984
-2543
-3994
-5581
-7260
-8570
-9362
-10031
-10401
-9838
-9008
-8012
-7023
-6750
-6547
-6010
-5485
-4895
-3987
-2866
-1584
-200
541
860
1386
1822
2208
2551
2714
2655
2436
1967
970
115
-513
-1079
-1164
-1308
-1498
-1457
-1520
-1700
-1949
-2075
-2057
-1747
-1127
-567
35
603
1042
1444
1866
2316
2755
3444
4112
4661
5432
5989
6448
6935
7314
7971
9101
10223
10361
9976
9228
7809
6388
4544
2481
1131
-158
-1627
-3075
-4709
-6329
-7491
-8340
-9172
-9376
-9078
-8649
-7954
-7608
-7699
-7593
-7188
-6751
-6161
-5226
-4253
-2980
-1759
-1172
-507
219
768
1341
1812
2045
2084
2047
1669
1138
759
275
17
-69
-314
-473
-637
-822
-1105
-1379
-1544
-1635
-1357
-924
-525
-54
323
627
902
1256
1588
1999
2696
3274
3967
4727
5266
5788
6204
6735
7646
8868
9741
9835
9595
8838
7732
6468
4733
3208
2085
870
-463
-1921
-3509
-5014
-6071
-7050
-7902
-8109
-8118
-7871
-7546
-7677
-7885
-7824
-7503
-7079
-6452
-5686
-4750
-3442
-2444
-1750
-939
-216
528
1250
1749
2023
2189
2308
2176
1992
1734
1342
1209
1050
730
413
100
-222
-588
-906
-1294
-1497
-1330
-1164
-975
-799
-647
-466
-274
21
282
730
1369
1907
2651
3297
3731
4211
4704
5420
6453
7713
8480
8761
8784
8230
7459
6441
5134
4023
3134
2086
787
-607
-2104
-3509
-4539
-5610
-6503
-6848
-6981
-6954
-7000
-7306
-7618
-7602
-7358
-7111
-6670
-6032
-5164
-4051
-3161
-2434
-1663
-751
190
940
1560
1950
2283
2604
2687
2569
2429
2313
2131
1922
1582
1085
785
456
1
-378
-760
-982
-1031
-1077
-1234
-1326
-1201
-1150
-966
-701
-507
-65
423
871
1414
1948
2411
2926
3563
4381
5417
6578
7492
8045
8288
8124
7648
7042
6269
5361
4575
3595
2365
1116
-260
-1645
-2865
-3988
-4979
-5591
-5954
-6332
-6641
-6952
-7344
-7521
-7567
-7592
-7368
-6865
-6195
-5425
-4602
-3835
-3002
-1948
-943
-74
749
1405
1891
2335
2569
2554
2601
2595
2377
2189
1860
1414
1132
808
360
-77
-413
-741
-983
-1197
-1571
-1898
-1924
-1849
-1697
-1396
-1176
-885
-339
205
615
1161
1771
2386
3218
4040
4752
5642
6574
7223
7605
7738
7584
7381
7131
6548
5668
4790
3816
2741
1677
389
-905
-1882
-2705
-3525
-4221
-4848
-5396
-5728
-6044
-6509
-6860
-6935
-6906
-6698
-6352
-6035
-5520
-4719
-3936
-3137
-2161
-1212
-286
611
1212
1603
1974
2239
2278
2254
2123
1878
1696
1460
1054
676
327
-101
-451
-772
-1158
-1544
-1838
-2191
-2451
-2415
-2314
-2092
-1808
-1522
-1153
-633
-79
438
1014
1689
2350
3048
3717
4219
4846
5368
5830
6243
6513
6649
6712
6588
6155
5549
4860
4137
3290
2441
1502
598
-176
-924
-1683
-2449
-3143
-3740
-4207
-4634
-5045
-5395
-5618
-5732
-5715
-5681
-5536
-5178
-4673
-4013
-3272
-2490
-1695
-890
-179
371
744
1042
1239
1317
1307
1179
998
822
576
268
-133
-550
-817
-1067
-1331
-1663
-1949
-2221
-2368
-2412
-2427
-2348
-2132
-1774
-1435
-918
-461
62
665
1275
1878
2445
3010
3474
3955
4281
4621
4937
5384
5681
5893
6042
5901
5794
5523
5099
4601
4013
3365
2763
2079
1394
586
-188
-873
-1590
-2164
-2736
-3199
-3585
-3947
-4241
-4487
-4684
-4729
-4709
-4515
-4235
-3890
-3315
-2817
-2220
-1672
-1253
-777
-440
-150
-52
-24
18
-114
-239
-468
-802
-1109
-1368
-1645
-1775
-2020
-2208
-2288
-2490
-2413
-2558
-2466
-2371
-2217
-1853
-1621
-1121
-661
-198
310
897
1368
1995
2390
2840
3222
3343
3744
3833
4151
4372
4517
4745
4810
4969
5060
4974
4921
4737
4459
4279
3833
3459
2860
2212
1706
997
452
-112
-698
-1055
-1567
-1943
-2249
-2672
-2765
-3031
-3160
-3154
-3202
-2993
-2897
-2716
-2447
-2351
-2047
-1834
-1740
-1551
-1561
-1421
-1393
-1552
-1614
-1863
-2070
-2153
-2454
-2477
-2680
-2763
-2692
-2909
-2683
-2780
-2679
-2502
-2364
-2058
-1768
-1447
-996
-667
-352
258
455
1151
1373
1819
2187
2240
2720
2663
2994
3088
3175
3365
3501
3680
3913
3870
4060
4178
4104
4396
4177
4148
3982
3598
3456
2975
2537
2270
1701
1439
1031
590
394
-50
-195
-492
-807
-905
-1156
-1302
-1389
-1709
-1737
-1918
-2109
-2116
-2433
-2409
-2562
-2636
-2621
-2815
-2868
-3002
-3195
-3168
-3408
-3472
-3488
-3573
-3429
-3582
-3380
-3336
-3288
-3065
-2814
-2600
-2128
-1966
-1516
-1213
-1074
-442
-526
228
364
672
1120
1207
1641
1682
1946
2052
2206
2293
2617
2559
2901
2831
2892
3207
3008
3416
3289
3516
3549
3534
3670
3534
3423
3394
3239
3041
2999
2728
2639
2480
2246
2097
1805
1648
1434
1087
958
543
247
-60
-543
-897
-1354
-1690
-1995
-2359
-2566
-2917
-3152
-3304
-3569
-3658
-3820
-3891
-3912
-3963
-3928
-4031
-3996
-3930
-3983
-3745
-3552
-3359
-3091
-2862
-2638
-2321
-2295
-1770
-1771
-1350
-987
-1014
-312
-412
74
121
442
672
931
1072
1596
1486
1873
2033
1837
2533
1929
2667
2260
2732
2757
2716
3067
2894
3173
3099
3409
3269
3623
3553
3652
3721
3680
3729
3583
3606
3504
3265
3156
2820
2438
2101
1574
1147
669
221
-258
-815
-1213
-1741
-2184
-2457
-2893
-3077
-3338
-3434
-3620
-3766
-3797
-3979
-3985
-3932
-3922
-3799
-3640
-3604
-3429
-3315
-3204
-3043
-3001
-2669
-2627
-2527
-2104
-2221
-1883
-1769
-1711
-1262
-1229
-881
-523
-464
156
16
448
775
632
1205
1019
1524
1479
1677
1913
1902
2175
2258
2443
2676
2981
2977
3376
3494
3680
3838
4025
4191
4272
4396
4453
4384
4248
4143
3775
3607
3230
2885
2505
2062
1563
1033
534
77
-494
-822
-1191
-1604
-1829
-2214
-2412
-2808
-2963
-3156
-3287
-3319
-3391
-3435
-3372
-3432
-3473
-3385
-3448
-3324
-3387
-3239
-3168
-3205
-3049
-3131
-3051
-2947
-2874
-2785
-2428
-2441
-2042
-1964
-1675
-1315
-1478
-720
-1006
-362
-351
-50
275
240
758
702
1226
1162
1752
1812
2184
2392
2565
2993
3068
3288
3645
3827
3882
4207
4063
4457
4030
4283
4211
4004
4103
3658
3664
3269
2984
2669
2391
2052
1772
1435
1148
881
460
155
-150
-564
-701
-1131
-1254
-1464
-1789
-1879
-2216
-2301
-2567
-2681
-2807
-2915
-3082
-3060
-3221
-3403
-3389
-3575
-3524
-3694
-3579
-3518
-3561
-3397
-3403
-3111
-3191
-2951
-2753
-2706
-2270
-2425
-1760
-1920
-1529
-1236
-1206
-569
-752
151
-129
662
610
1250
1406
1531
2401
1872
3104
2370
3368
3155
3230
3717
3260
3900
3449
3699
3598
3469
3470
3375
3172
3252
3005
2976
2828
2663
2621
2370
2155
2090
1841
1677
1460
1247
1118
788
571
358
73
-197
-430
-767
-903
-1334
-1489
-1879
-2112
-2432
-2663
-2937
-3171
-3300
-3506
-3576
-3792
-3740
-3855
-3880
-3924
-3801
-3818
-3713
-3640
-3440
-3286
-3223
-2889
-2800
-2382
-2354
-1746
-1697
-1116
-936
-503
16
-66
945
543
1579
1181
1990
2029
2099
2520
2359
2819
2381
2987
2360
3134
2375
2983
2724
2639
3060
2434
3144
2518
2999
2786
2764
2930
2826
2803
2773
2734
2680
2614
2356
2475
2147
2039
1816
1564
1375
887
714
254
-51
-470
-867
-1175
-1664
-1841
-2348
-2560
-2875
-3174
-3352
-3669
-3755
-3951
-4062
-4184
-4191
-4248
-4240
-4202
-4108
-4016
-3905
-3612
-3424
-3169
-2761
-2488
-2110
-1842
-1429
-1039
-831
-423
-53
212
377
757
777
1090
979
1299
1289
1292
1585
1449
1707
1595
1841
1767
1933
1881
2166
2186
2211
2563
2477
2811
2704
2941
3173
3007
3342
3251
3541
3456
3384
3564
3331
3274
3030
2949
2620
2379
2082
1737
1435
1039
664
287
-81
-456
-895
-1231
-1583
-1959
-2315
-2589
-2916
-3148
-3506
-3567
-3834
-4049
-3975
-4146
-4052
-4080
-3825
-3779
-3561
-3367
-3123
-2876
-2695
-2312
-2123
-1746
-1577
-1317
-1003
-1008
-698
-718
-462
-413
-405
-133
-155
10
-114
224
116
198
331
483
611
666
993
1088
1260
1543
1556
1966
2148
2220
2687
2715
3166
3089
3380
3520
3589
3602
3536
3831
3454
3550
3358
3302
3044
2778
2737
2228
2176
1695
1435
1126
729
374
-6
-341
-773
-1078
-1527
-1740
-2185
-2326
-2677
-2757
-2957
-3026
-3007
-3188
-3002
-3052
-2870
-2938
-2587
-2560
-2417
-2191
-2109
-1914
-1934
-1681
-1813
-1553
-1633
-1507
-1504
-1470
-1307
-1484
-1249
-1419
-1104
-1258
-1110
-945
-888
-684
-626
-299
-262
172
108
575
748
1105
1096
1631
1859
1922
2390
2255
2977
2485
3177
2912
3256
3280
3086
3597
3052
3518
3013
3234
2955
2830
2736
2344
2393
1909
1738
1449
1117
782
495
133
-145
-458
-644
-1020
-1115
-1340
-1488
-1634
-1774
-1764
-1887
-1930
-1960
-1849
-2064
-1930
-2022
-1993
-2111
-2108
-2135
-2283
-2150
-2368
-2259
-2362
-2355
-2467
-2342
-2495
-2374
-2386
-2265
-2250
-2137
-1882
-1921
-1540
-1623
-1146
-1105
-904
-559
-315
-142
123
430
734
724
1214
1247
1544
1816
1680
2368
2037
2600
2340
2793
2778
2688
3101
2739
3190
2824
2992
2976
2845
2738
2657
2549
2358
2133
2071
1824
1648
1518
1271
1217
947
838
663
532
387
168
107
-56
-264
-325
-569
-681
-940
-1049
-1315
-1433
-1594
-1869
-1816
-2215
-2161
-2413
-2480
-2652
-2666
-2780
-2888
-2754
-2927
-2730
-2874
-2593
-2774
-2448
-2442
-2323
-2081
-2035
-1748
-1682
-1408
-1329
-1025
-911
-741
-513
-285
-300
143
100
411
500
719
862
974
1259
1134
1618
1505
1738
1863
1984
1977
2242
2110
2293
2317
2343
2325
2408
2537
2217
2670
2323
2451
2527
2269
2405
2335
2161
2107
2048
1859
1628
1683
1201
1215
937
611
543
132
17
-337
-459
-883
-928
-1297
-1476
-1656
-1876
-1995
-2202
-2241
-2392
-2424
-2526
-2457
-2574
-2548
-2408
-2569
-2306
-2321
-2378
-1987
-2268
-1892
-1850
-1894
-1573
-1566
-1479
-1282
-1237
-1130
-947
-985
-675
-788
-401
-587
-169
-197
-165
388
-117
690
400
630
1022
828
1226
1343
1394
1661
1832
1927
2089
2362
2322
2498
2754
2482
2907
2670
2799
2799
2676
2661
2548
2457
2214
2105
1928
1628
1406
1282
857
682
408
146
-185
-298
-672
-830
-947
-1313
-1326
-1428
-1760
-1686
-1776
-2034
-1905
-1972
-2172
-1950
-2153
-2117
-1986
-2170
-1982
-2061
-1927
-2078
-1809
-2044
-1822
-1901
-1871
-1752
-1860
-1676
-1717
-1654
-1526
-1473
-1518
-1035
-1467
-842
-1003
-811
-499
-583
-85
-177
281
369
574
1147
780
1652
1604
1546
2536
1743
2744
2481
2523
3023
2723
2817
3088
2755
2880
2894
2508
2789
2287
2424
2006
2130
1580
1675
1480
983
1263
672
715
583
246
302
68
-99
-116
-343
-340
-599
-515
-773
-795
-870
-1009
-1034
-1185
-1210
-1370
-1381
-1598
-1523
-1822
-1737
-1910
-2093
-1918
-2362
-2101
-2348
-2430
-2305
-2500
-2443
-2393
-2412
-2339
-2293
-2142
-2073
-1973
-1650
-1747
-1242
-1202
-1049
-463
-587
-239
333
14
807
731
920
1520
1095
1899
1625
1870
2123
1955
2233
2278
2071
2446
2124
2179
2340
1909
2262
1871
2053
1757
1929
1644
1642
1763
1248
1729
1177
1382
1313
992
1246
951
921
881
786
609
689
348
436
255
-1
112
-256
-302
-509
-627
-844
-1019
-1168
-1350
-1533
-1707
-1823
-1970
-2156
-2201
-2338
-2375
-2531
-2468
-2450
-2660
-2349
-2446
-2379
-2132
-2187
-1907
-1661
-1849
-1165
-1308
-1170
-523
-867
-287
-141
-239
404
223
386
848
615
854
1156
870
1262
1236
1106
1477
1221
1396
1350
1472
1283
1540
1357
1388
1549
1267
1561
1405
1410
1479
1474
1375
1591
1267
1624
1320
1399
1524
1155
1490
1052
1242
1099
732
1023
586
431
499
30
54
-214
-482
-514
-773
-1137
-960
-1418
-1567
-1534
-1852
-1930
-1920
-2169
-2096
-2069
-2436
-1864
-2349
-2081
-1970
-2083
-1810
-1855
-1591
-1624
-1360
-1375
-1124
-980
-1072
-655
-692
-672
-194
-599
2
-265
-102
194
-162
450
10
491
321
478
579
594
755
692
1092
683
1395
921
1305
1529
1095
1857
1507
1596
2015
1597
2000
2046
1697
2194
1989
1733
2182
1718
1770
1922
1314
1730
1236
1120
1162
749
710
507
372
51
42
-246
-364
-564
-713
-840
-942
-1195
-1149
-1272
-1440
-1422
-1474
-1596
-1539
-1557
-1682
-1475
-1694
-1529
-1507
-1673
-1372
-1570
-1436
-1445
-1410
-1339
-1374
-1247
-1308
-1169
-1171
-1124
-1064
-956
-1029
-729
-865
-689
-461
-735
-118
-506
-35
-53
62
317
246
626
528
898
809
1055
1258
1105
1496
1422
1468
1736
1565
1703
1825
1576
1974
1601
1680
1827
1458
1705
1371
1498
1334
1244
1153
1069
1020
808
855
601
616
509
337
323
178
99
81
-186
-100
-226
-350
-368
-519
-515
-639
-692
-824
-815
-935
-1010
-1006
-1198
-1099
-1257
-1274
-1359
-1335
-1457
-1386
-1472
-1510
-1315
-1598
-1279
-1465
-1350
-1206
-1320
-1081
-1088
-959
-908
-706
-782
-440
-546
-283
-175
-230
230
-103
514
65
637
491
533
938
475
1092
810
877
1126
886
1134
1154
885
1373
925
1272
1097
1007
1323
919
1298
896
1153
1069
911
1093
785
1039
828
795
776
733
619
623
440
384
502
67
293
-20
-60
-18
-440
-258
-503
-609
-591
-921
-715
-1083
-915
-1225
-1140
-1194
-1390
-1181
-1504
-1255
-1435
-1362
-1400
-1322
-1391
-1240
-1275
-1209
-1120
-1069
-989
-902
-837
-824
-523
-757
-374
-504
-338
-174
-283
-27
-22
58
159
253
166
592
233
662
530
565
995
421
1207
583
1240
934
882
1488
647
1699
868
1248
1474
923
1605
945
1329
1318
1027
1261
986
1115
1025
848
916
741
739
627
414
528
256
267
140
-78
30
-172
-359
-236
-550
-448
-555
-840
-566
-930
-733
-989
-925
-955
-1024
-1016
-1148
-921
-1215
-961
-1179
-1044
-1052
-1144
-984
-1104
-981
-1044
-936
-993
-845
-930
-809
-749
-714
-715
-548
-559
-480
-360
-476
-12
-354
-15
-22
125
126
291
289
415
582
428
792
581
864
781
918
877
994
1036
904
1154
1009
1016
1169
937
1129
1026
899
1125
802
941
909
715
866
665
712
621
516
564
442
374
362
291
183
220
-7
155
-119
-28
-151
-249
-161
-387
-318
-468
-430
-567
-546
-632
-650
-727
-721
-775
-862
-776
-895
-892
-840
-969
-830
-885
-1007
-728
-947
-866
-706
-908
-623
-749
-636
-574
-569
-467
-516
-234
-486
-61
-384
-71
61
-248
227
-79
404
61
245
463
265
583
275
589
640
437
744
501
734
726
617
727
652
860
543
901
500
891
660
518
995
226
1082
322
657
680
223
889
80
561
338
243
389
39
261
94
48
-5
-125
-48
-228
-229
-284
-431
-248
-604
-372
-618
-585
-539
-784
-519
-935
-542
-871
-756
-752
-865
-707
-847
-779
-782
-667
-905
-454
-853
-635
-417
-790
-298
-570
-476
-77
-619
-26
-249
-219
196
-307
281
-34
241
307
89
494
397
413
506
502
623
683
544
778
795
630
982
626
931
807
761
984
663
946
738
873
670
881
511
888
511
543
697
231
822
41
525
208
233
186
-58
194
-217
69
-395
-158
-297
-496
-293
-690
-448
-620
-731
-631
-857
-683
-860
-885
-809
-993
-811
-958
-988
-912
-866
-1055
-711
-1137
-703
-790
-1115
-315
-1193
-342
-746
-705
-278
-754
-174
-433
-351
-62
-241
-89
127
-137
378
62
302
497
179
744
367
689
688
608
865
734
841
903
869
905
1026
904
992
994
922
1077
824
981
1005
698
1119
556
1012
685
618
791
442
717
350
565
245
483
107
272
59
92
-27
-138
-52
-377
-75
-590
-203
-631
-464
-555
-730
-516
-888
-581
-916
-736
-845
-916
-789
-978
-828
-943
-887
-894
-898
-866
-855
-822
-849
-692
-823
-643
-647
-684
-418
-673
-288
-505
-299
-286
-268
-136
-155
4
-70
163
-14
363
63
427
279
372
547
310
695
404
669
617
598
723
652
707
730
717
707
776
635
806
634
715
714
567
793
481
724
505
598
518
489
450
434
363
323
357
145
355
28
239
19
32
8
-112
-89
-150
-237
-220
-300
-368
-290
-561
-296
-630
-449
-535
-650
-432
-761
-493
-674
-671
-535
-776
-520
-702
-664
-479
-818
-391
-723
-498
-513
-595
-371
-543
-352
-434
-295
-383
-167
-333
-99
-180
-98
-24
-81
56
46
55
202
124
203
326
126
511
122
504
317
378
466
359
512
397
504
448
489
403
561
369
509
461
383
521
311
467
389
261
496
155
424
185
267
260
56
357
-71
298
-53
137
12
-65
101
-184
42
-188
-39
-192
-143
-166
-229
-197
-254
-244
-273
-278
-292
-324
-310
-328
-307
-352
-320
-287
-369
-253
-342
-243
-321
-220
-260
-219
-253
-121
-254
-126
-116
-194
15
-238
123
-224
123
-66
34
73
-26
178
-36
208
23
210
34
242
112
176
207
137
250
119
273
111
244
91
269
79
180
178
61
243
-29
285
-54
197
46
59
107
1
120
-61
123
-60
80
-67
57
-53
7
-49
-11
-34
-84
30
-127
32
-141
33
-122
-62
11
-156
39
-153
28
-126
-49
-1
-170
66
-175
68
-149
23
-19
-79
59
-109
86
-117
65
-10
-20
37
-17
69
-71
83
-3
13
55
1
69
-18
65
-5
47
-8
47
-15
23
-3
33
-43
21
-10
-46
3
-43
34
-77
59
-69
38
-67
35
-36
-10
4
-11
7
-21
21
-32
12
7
10
-3
6
48
-14
21
21
15
29
-13
94
-72
104
-50
88
-63
59
14
-36
54
-38
57
-86
79
-44
12
-21
33
-49
20
-50
66
-76
23
-8
-40
54
-114
127
-204
153
-156
40
-42
-70
93
-193
190
-237
170
-156
92
-64
-63
101
-119
104
-146
171
-137
87
-53
57
-20
9
45
-18
52
-31
99
-70
85
-17
28
1
-5
73
-74
69
-42
17
29
-84
90
-78
70
-63
16
30
-22
-2
-15
34
0
-22
35
-3
15
48
-15
65
-74
148
-54
13
37
-29
96
-100
111
-40
-15
77
-67
116
-124
117
-59
45
25
-71
85
-50
79
-76
24
17
-16
6
-31
5
-1
-36
33
-71
32
-26
-9
-34
23
5
-39
-21
40
22
-56
17
2
56
-48
41
-43
42
22
-6
23
-64
130
-51
30
-41
63
7
-9
36
-25
72
-43
57
-46
51
-16
-1
43
-29
36
-28
72
-33
41
5
27
29
6
34
-17
65
6
32
-40
107
-66
61
10
-12
-3
17
74
-84
-17
18
20
-45
-73
20
-42
11
-2
-132
56
-47
53
-114
-44
45
-67
70
-123
10
-13
15
10
-133
107
-76
31
18
-72
39
-83
191
-147
4
11
33
46
-137
124
-72
93
-75
56
8
18
-14
19
86
-46
1
14
138
-127
90
-23
131
-60
58
65
-48
164
-52
104
-77
186
-23
-19
53
44
46
-47
15
40
-36
29
-92
63
12
-79
48
-81
117
-166
124
-61
-22
6
-7
91
-141
134
-54
63
-2
21
73
-81
133
-74
57
11
-45
16
-71
28
-130
-28
-56
-65
-129
-44
-55
-102
-112
-69
-67
-150
48
-243
26
-168
19
-242
-63
15
-198
-26
-205
46
-196
58
-170
-70
-50
-26
-71
-131
19
-20
-53
12
-63
20
32
-13
77
-2
96
35
106
106
123
43
208
111
163
114
102
299
95
227
127
108
194
173
193
126
229
205
185
84
284
122
117
178
131
57
38
102
87
-7
-8
89
-101
57
-78
-32
38
-51
-67
-212
-32
48
-222
-185
-14
-79
-168
-145
-128
-37
-142
-57
-249
-142
-95
-235
-163
-102
-91
-423
-39
-213
-160
-215
-183
-116
-351
-35
-178
-358
67
-292
-130
-110
-176
22
-193
191
-188
-134
191
-28
-86
24
118
14
-91
240
66
148
106
267
118
105
430
98
248
166
317
161
226
266
263
10
317
286
110
267
130
294
112
25
204
94
133
338
-112
296
129
73
394
-84
437
159
-11
245
-121
337
63
-81
140
-150
27
36
-261
18
-96
-250
-163
-388
-59
-340
-541
-161
-443
-358
-365
-558
-276
-311
-556
-394
-672
-104
-634
-650
-259
-491
-336
-574
-206
-457
-182
-225
-129
-217
-103
123
-295
66
81
99
86
4
195
265
219
166
231
332
479
189
371
376
87
522
353
463
537
456
519
345
587
760
309
812
658
366
650
433
671
402
613
657
368
511
533
317
507
384
250
208
169
-25
-224
-206
-217
-405
-537
-327
-792
-798
-738
-897
-960
-956
-970
-1132
-1177
-1004
-1124
-1302
-920
-1120
-1110
-713
-824
-908
-848
-617
-516
-863
-206
-375
-601
-84
-361
-187
-108
320
108
23
541
375
251
572
799
499
912
870
776
856
1097
1108
975
1269
1396
1237
1420
1370
1146
1544
1545
1682
1477
1556
1765
1456
1737
1525
1395
1397
1126
956
634
588
241
-64
-174
-467
-854
-905
-1159
-1496
-1558
-1714
-1982
-2144
-1999
-2170
-2240
-2221
-2222
-2201
-2181
-2112
-2023
-1858
-1768
-1805
-1726
-1630
-1565
-1454
-1380
-1008
-1080
-969
-674
-755
-574
-321
-104
-270
25
382
95
447
784
646
977
1307
1234
1185
1585
1657
1661
2145
2124
1899
2308
2445
2195
2584
2945
2798
2841
3028
3002
3099
3306
3276
2798
2669
2390
1862
1718
1351
956
286
-95
-382
-1049
-1369
-1570
-2028
-2333
-2452
-2836
-3220
-3263
-3155
-3441
-3426
-3184
-3364
-3161
-2887
-2793
-2672
-2313
-1975
-1917
-1608
-1582
-1756
-1589
-1297
-1249
-1230
-1071
-1145
-1209
-962
-796
-788
-570
-275
-114
-102
18
72
153
616
874
1019
1201
1400
1711
1973
2345
2476
2726
3181
3253
3233
3423
3697
3752
4002
4285
4239
4299
4805
4798
4271
4053
3532
2970
2755
2248
1173
395
-66
-931
-1640
-1945
-2665
-3185
-3224
-3717
-4225
-4358
-4456
-4573
-4429
-4458
-4673
-4604
-4206
-4020
-3578
-3069
-2841
-2274
-1847
-1501
-1257
-946
-700
-610
-545
-599
-740
-785
-713
-713
-733
-756
-645
-564
-494
-291
-409
-417
-200
-83
157
465
793
863
1362
1781
2029
2432
2895
3272
3514
4020
4262
4445
4642
5101
5392
5642
6265
6726
6202
5611
5349
4702
4470
4064
2928
1541
801
-287
-1478
-1894
-2654
-3750
-4060
-4545
-5644
-5876
-5743
-5906
-5802
-5532
-6099
-6229
-5636
-5296
-4872
-3978
-3527
-3175
-2317
-1873
-1501
-790
-84
393
735
541
77
-18
150
300
421
58
-452
-498
-641
-691
-453
-480
-417
-161
-277
-471
-202
301
758
1394
1637
1603
1888
2431
3151
3960
4423
4773
5253
5487
5852
6401
6935
7559
7721
6749
5831
5252
4849
4532
3797
2448
1085
-14
-1275
-2044
-2769
-3947
-4527
-4917
-6152
-6843
-6912
-7157
-6967
-6455
-6911
-7218
-6616
-6182
-5613
-4472
-3837
-3548
-2498
-1774
-1557
-936
-61
309
732
979
625
380
662
868
914
987
505
116
139
125
-59
9
-39
-119
67
120
220
618
1074
1579
2150
2256
2454
3236
3836
4371
5145
5327
5608
6330
6842
7418
8333
7792
6458
6276
5862
5219
4807
3609
1766
793
-309
-1722
-2343
-3344
-4716
-5213
-5911
-7168
-7534
-7372
-7536
-7333
-7366
-7932
-7743
-6980
-6348
-5532
-4704
-4377
-3677
-2676
-1946
-1344
-503
193
620
924
901
785
944
1310
1478
1406
1057
626
536
738
677
591
453
155
122
283
408
696
1190
1449
1740
2039
2158
2768
3709
4233
4710
5079
5405
5874
6573
7285
8191
8239
6766
6101
5875
5407
4971
4079
2240
816
-83
-1614
-2496
-3038
-4375
-5196
-5626
-6914
-7763
-7445
-7391
-7406
-7194
-7825
-8109
-7312
-6549
-5892
-4911
-4429
-3988
-2942
-2092
-1512
-691
76
503
927
905
714
906
1255
1430
1320
1014
632
616
871
912
758
542
445
483
597
803
1025
1423
1838
2124
2313
2590
3285
4004
4620
5095
5256
5618
6200
6840
7566
8338
7870
6346
5936
5815
5353
4772
3440
1417
205
-586
-1968
-2748
-3593
-5196
-5954
-6410
-7644
-8119
-7701
-7826
-7964
-7901
-8606
-8508
-7228
-6456
-5886
-5155
-4932
-4408
-2916
-1879
-1399
-640
-240
15
758
1042
936
1392
1757
1594
1563
1414
1026
1374
1866
1634
1297
1077
946
1262
1785
1924
1953
2235
2485
2883
3291
3646
4174
4665
5132
5337
5549
5964
6601
7245
8001
8234
6748
5517
5627
5600
5055
4030
1910
-79
-722
-1580
-2641
-3308
-4834
-6460
-6752
-7338
-8372
-8141
-7810
-8204
-8196
-8414
-9024
-8132
-6751
-6200
-5601
-5225
-5187
-4115
-2391
-1686
-1203
-692
-743
-201
693
808
909
1374
1190
1022
1318
1040
982
1734
1780
1278
1142
930
1085
1920
2378
2192
2357
2588
2949
3788
4218
4553
5079
5571
5856
6114
6453
6856
7607
8378
8951
8009
6031
5481
5823
5649
4788
2961
411
-1016
-1533
-2454
-3186
-4322
-6288
-7243
-7440
-8358
-8677
-8049
-8110
-8405
-8397
-8908
-8730
-7231
-6268
-5824
-5277
-5181
-4685
-3034
-1864
-1503
-851
-628
-528
253
636
590
1113
1328
878
897
817
434
1101
1731
1209
862
684
487
1207
2130
2096
2114
2555
2726
3459
4277
4531
5089
5888
6310
6513
6953
7215
7703
8636
9428
9192
7437
6055
5958
6035
5453
3985
1676
-395
-1373
-2237
-3061
-3947
-5752
-7271
-7682
-8340
-9049
-8743
-8508
-8860
-8891
-9090
-9242
-8137
-6863
-6277
-5689
-5312
-4991
-3728
-2231
-1595
-1037
-473
-359
190
919
995
1252
1695
1490
1334
1419
1059
1135
1789
1633
1198
1119
868
1008
1735
1984
1849
2206
2556
3002
3832
4195
4482
5207
5861
6234
6778
7211
7394
7992
8864
9295
8250
6689
6202
6165
5722
4578
2577
416
-827
-1686
-2721
-3631
-5241
-7103
-7720
-8069
-8988
-9234
-9033
-9414
-9528
-9486
-9758
-9147
-7815
-7111
-6705
-6098
-5669
-4615
-2885
-2019
-1728
-1116
-575
76
1055
1348
1206
1625
1974
2023
2201
2006
1655
2084
2397
1975
1748
1609
1520
2010
2426
2208
2223
2651
3106
3814
4273
4361
4801
5615
6190
6556
6989
7274
7686
8579
9383
8773
7082
6313
6411
6251
5400
3496
1184
-196
-946
-2032
-3007
-4398
-6488
-7482
-7708
-8609
-9275
-9123
-9411
-9757
-9652
-10050
-9921
-8637
-7756
-7417
-6869
-6555
-5883
-4087
-2752
-2378
-1813
-1336
-877
193
897
848
1211
1636
1597
1862
1969
1623
1972
2533
2236
1876
1746
1580
2032
2683
2597
2420
2669
2985
3694
4414
4496
4703
5391
6057
6525
6973
7236
7581
8384
9355
9550
8130
6627
6521
6804
6378
4936
2632
652
-209
-985
-2027
-3159
-5127
-6862
-7311
-7892
-8900
-9051
-9049
-9624
-9800
-10046
-10333
-9406
-8253
-7895
-7511
-7097
-6757
-5330
-3577
-2984
-2565
-1941
-1494
-564
422
508
623
1240
1419
1589
1851
1472
1444
2179
2343
1992
1778
1460
1584
2311
2545
2377
2480
2657
3143
4009
4293
4418
5001
5628
6197
6745
7070
7383
8105
8926
9682
9165
7397
6607
7003
6934
5984
4150
1756
334
-201
-1186
-2285
-3757
-5980
-7054
-7241
-8189
-8949
-8826
-9288
-9806
-9810
-10251
-10068
-8795
-8108
-7903
-7328
-7068
-6354
-4381
-3125
-2903
-2290
-1858
-1258
155
922
740
1140
1499
1535
2169
2333
1854
2165
2603
2290
2157
2073
1767
2168
2638
2371
2290
2535
2826
3597
4216
4120
4410
5084
5696
6277
6795
6992
7387
8071
8893
9327
8067
6545
6377
6641
6084
4805
2635
570
-321
-1042
-2086
-3159
-5119
-6995
-7348
-7753
-8778
-8994
-9032
-9710
-9715
-9816
-10239
-9457
-8298
-7962
-7419
-6909
-6733
-5324
-3429
-2827
-2348
-1732
-1543
-544
814
996
1024
1534
1524
1849
2469
2155
1951
2584
2580
2238
2247
1926
1881
2600
2757
2406
2487
2707
3225
4192
4477
4377
4884
5539
6116
6657
7057
7220
7759
8510
9259
8856
7167
6239
6496
6504
5479
3646
1351
-107
-730
-1522
-2569
-4113
-6336
-7453
-7550
-8288
-9000
-9004
-9398
-9845
-9762
-10074
-9960
-8774
-7993
-7701
-7098
-6842
-6162
-4285
-2916
-2534
-1902
-1557
-1147
175
1023
981
1325
1558
1488
2019
2234
1817
2085
2528
2192
2049
1935
1643
2044
2621
2451
2277
2416
2724
3566
4358
4337
4501
5105
5752
6461
7021
7196
7460
8143
8950
9592
8564
6855
6398
6721
6322
5112
3039
806
-314
-977
-1900
-2998
-4845
-6952
-7518
-7773
-8753
-9171
-9121
-9666
-9832
-9795
-10189
-9647
-8379
-7834
-7302
-6707
-6516
-5408
-3502
-2556
-2031
-1353
-1164
-470
775
1112
1187
1720
1694
1690
2075
1816
1555
2113
2211
1794
1638
1313
1187
1827
2192
1976
1965
2061
2471
3490
4066
4118
4638
5189
5802
6592
7130
7328
7895
8550
9247
9693
8445
6962
6768
6837
6071
4874
2698
535
-518
-1431
-2462
-3528
-5499
-7446
-7879
-8470
-9443
-9499
-9543
-10156
-10157
-10219
-10517
-9607
-8368
-7861
-7098
-6548
-6276
-4771
-2885
-2103
-1427
-870
-730
260
1491
1666
1841
2196
1978
2162
2582
2186
2039
2480
2259
1863
1782
1471
1458
2046
2085
1825
1914
2123
2731
3674
3932
3937
4562
5166
5836
6618
6972
7159
7849
8450
9165
9448
8099
6815
6721
6573
5673
4434
2259
359
-702
-1823
-2936
-4076
-6049
-7657
-8028
-8906
-9830
-9767
-9890
-10349
-10177
-10358
-10523
-9505
-8441
-7826
-6850
-6307
-5906
-4335
-2734
-1963
-1047
-538
-441
581
1580
1731
2085
2279
1920
2175
2503
2081
2095
2376
1970
1675
1604
1264
1371
1859
1777
1668
1847
2075
2806
3716
3934
4131
4790
5307
6104
6921
7217
7513
8161
8701
9547
9731
8211
7004
6840
6519
5724
4495
2107
177
-959
-2179
-3189
-4339
-6476
-7961
-8348
-9376
-10079
-9913
-10177
-10486
-10182
-10476
-10525
-9400
-8402
-7622
-6489
-6040
-5569
-3964
-2548
-1696
-660
-266
-103
983
1737
1820
2278
2367
2041
2362
2401
1821
1935
2162
1777
1585
1338
838
1021
1458
1370
1474
1706
1891
2632
3456
3660
4129
4936
5411
6185
6841
7036
7560
8383
8906
9669
9572
7981
7032
6902
6410
5633
4316
1862
51
-1135
-2463
-3407
-4570
-6673
-7979
-8509
-9609
-10079
-9857
-10191
-10333
-10018
-10370
-10211
-9033
-8121
-7215
-6047
-5576
-4897
-3392
-2230
-1310
-211
163
492
1514
1977
2069
2584
2617
2372
2661
2478
1902
2048
2103
1710
1588
1301
822
1022
1269
1073
1307
1688
1947
2672
3280
3357
3943
4849
5450
6218
6706
6740
7261
8080
8579
9439
9422
7807
6808
6594
5918
5206
4075
1734
-108
-1396
-2886
-3858
-4842
-6793
-8064
-8586
-9727
-10284
-10042
-10337
-10402
-9958
-10239
-10155
-9050
-8230
-7338
-6021
-5342
-4627
-3199
-2138
-1327
-222
359
838
1747
2093
2104
2528
2616
2501
2763
2574
2068
2138
2141
1785
1682
1485
1121
1232
1339
1211
1457
1854
2213
2869
3350
3471
4040
4839
5431
6105
6491
6576
7154
7778
8079
8846
9100
7856
6777
6376
5685
5001
4001
1971
176
-1131
-2685
-3733
-4602
-6409
-7815
-8281
-9215
-9900
-9765
-10048
-10197
-9668
-9694
-9695
-8797
-8101
-7424
-6067
-5134
-4487
-3215
-2157
-1437
-470
154
656
1591
2084
2075
2318
2315
2105
2405
2509
2111
2018
1927
1519
1368
1327
1150
1172
1187
1037
1164
1513
1872
2471
3035
3295
3735
4370
4892
5461
5965
6280
6773
7301
7508
7900
8477
8183
7244
6481
5690
4935
4147
2685
949
-384
-1782
-3123
-4168
-5619
-7110
-7719
-8179
-8956
-9382
-9721
-10002
-9552
-9049
-8997
-8627
-8074
-7587
-6537
-5243
-4376
-3459
-2374
-1593
-890
-163
407
1142
1964
2323
2360
2337
2171
2223
2616
2738
2449
2186
1914
1581
1534
1576
1336
1195
1270
1216
1286
1608
1862
2316
3012
3391
3662
4126
4404
4739
5428
5816
5860
6020
6100
6292
6865
6831
5929
5178
4506
3672
2915
1827
459
-490
-1448
-2815
-4052
-5168
-6124
-6440
-6677
-7482
-8190
-8491
-8575
-8151
-7624
-7638
-7605
-7189
-6728
-5956
-4933
-4198
-3447
-2450
-1765
-1306
-687
-114
554
1413
1822
1706
1652
1668
1835
2335
2576
2364
2236
2151
2007
2097
2132
1951
2011
2168
2061
2002
2030
2083
2567
3095
3177
3207
3282
3324
3584
3836
3745
3652
3650
3469
3405
3489
3410
3359
3211
2655
1945
1362
942
729
466
-263
-1199
-1879
-2360
-2625
-2812
-3271
-3810
-4088
-4209
-4221
-4146
-4221
-4345
-4269
-4116
-3982
-3749
-3528
-3278
-2849
-2441
-2210
-2011
-1786
-1483
-1034
-734
-738
-789
-706
-513
-264
-78
35
231
496
629
769
1029
1331
1649
1873
1915
1926
1996
2036
2177
2352
2325
2183
2054
1978
1947
1845
1615
1382
1280
1135
835
522
333
354
500
436
79
-243
-365
-223
46
124
-32
-175
-182
-56
121
167
92
111
277
413
451
354
232
309
519
586
439
193
14
56
185
126
-114
-378
-542
-533
-505
-670
-947
-1147
-1242
-1281
-1355
-1467
-1488
-1391
-1348
-1449
-1509
-1421
-1162
-830
-660
-646
-630
-516
-289
7
193
249
297
380
436
421
364
369
513
621
472
137
-134
-150
29
86
-134
-545
-884
-926
-801
-707
-713
-790
-803
-731
-634
-507
-302
9
356
619
776
840
1002
1338
1724
2069
2167
2050
1986
2056
2229
2345
2250
2006
1745
1588
1495
1373
1207
915
608
372
130
-45
-187
-333
-489
-730
-953
-1067
-1072
-972
-936
-996
-1061
-1089
-1003
-859
-720
-631
-571
-538
-596
-678
-701
-705
-625
-586
-795
-1107
-1317
-1379
-1306
-1258
-1411
-1695
-1942
-2065
-1999
-1863
-1833
-1830
-1780
-1721
-1641
-1494
-1278
-951
-507
-188
-19
193
474
883
1362
1747
1989
2089
2204
2437
2688
2909
2998
2958
2897
2812
2735
2622
2495
2355
2103
1831
1568
1335
1172
976
754
511
241
113
102
109
96
-4
-172
-269
-239
-194
-167
-142
-187
-282
-400
-561
-649
-640
-661
-782
-1006
-1341
-1657
-1837
-1952
-2019
-2156
-2453
-2718
-2928
-3061
-2989
-2903
-2867
-2808
-2757
-2710
-2586
-2289
-1966
-1626
-1264
-1060
-759
-310
57
501
928
1198
1467
1728
2001
2262
2495
2682
2694
2668
2677
2685
2676
2583
2506
2369
2121
2026
1716
1022
683
982
1387
1333
1057
1109
1356
1519
1495
1064
432
124
377
728
575
314
437
695
798
640
524
665
559
145
-254
-618
-1056
-1710
-2142
-2211
-2461
-2808
-3022
-3143
-3173
-3173
-2972
-2738
-2740
-2649
-2584
-2593
-2615
-2668
-2359
-2167
-2224
-1946
-1442
-830
-472
-260
386
852
966
1301
1832
2017
1603
1453
1484
821
524
885
1038
846
437
589
1151
1377
1459
1445
1571
1942
1982
1757
1502
1574
1806
1663
1534
1449
1467
1803
1871
1742
1880
2062
2144
2074
1956
1708
1202
847
731
533
169
-162
-391
-734
-1148
-1329
-1436
-1731
-1958
-2062
-2186
-2372
-2712
-2909
-2828
-2873
-2921
-2798
-2559
-2371
-2410
-2205
-1783
-1568
-1417
-1307
-1057
-834
-849
-577
-386
-404
-294
-166
152
145
-43
307
568
640
371
114
591
707
375
274
366
662
558
648
1128
1086
1101
1116
1280
1698
1680
1883
2143
2018
1979
1973
2550
3007
2620
2557
2936
3417
3254
2503
2391
2318
1980
1547
920
732
368
-445
-993
-1322
-1408
-1815
-2426
-2574
-2699
-2807
-3048
-3277
-3066
-3005
-3051
-3000
-2803
-2353
-2269
-2224
-1801
-1452
-1243
-1113
-811
-618
-790
-804
-835
-840
-750
-831
-802
-732
-660
-605
-670
-542
-516
-541
-269
-78
-1
-6
82
323
353
457
697
1052
1563
1699
1657
1716
1909
2176
2337
2707
2975
2854
2907
3232
3554
3616
3514
3761
4187
4445
4211
3472
2857
2433
2028
1589
948
238
-520
-1238
-1746
-2267
-2735
-3090
-3333
-3339
-3310
-3445
-3653
-3641
-3343
-3183
-3175
-3012
-2757
-2485
-2242
-1992
-1691
-1457
-1284
-1089
-953
-943
-1109
-1372
-1558
-1703
-1754
-1716
-1769
-1865
-1891
-1754
-1495
-1328
-1132
-854
-582
-288
-102
19
208
552
1060
1466
1840
2347
2798
3101
3197
3409
3916
4251
4413
4517
4604
4704
4681
4802
5156
5498
5718
5569
5071
4291
3290
2500
1840
1065
135
-821
-1502
-2174
-3075
-3959
-4626
-4811
-4674
-4553
-4413
-4254
-3996
-3740
-3650
-3528
-3268
-2811
-2180
-1637
-1281
-1114
-990
-760
-533
-369
-362
-563
-789
-1069
-1517
-2074
-2536
-2727
-2747
-2782
-2874
-2928
-2777
-2450
-2136
-1792
-1408
-1016
-517
66
682
1206
1634
2208
2879
3476
3955
4278
4585
4904
5159
5369
5497
5696
5930
6028
6186
6498
6897
6948
6226
5016
3782
2791
1874
724
-515
-1641
-2581
-3389
-4332
-5394
-6230
-6532
-6294
-5891
-5565
-5258
-4858
-4293
-3747
-3330
-2892
-2345
-1630
-872
-277
122
330
513
710
765
626
299
-110
-541
-1056
-1656
-2290
-2835
-3155
-3246
-3194
-3123
-3043
-2877
-2576
-2171
-1724
-1251
-685
30
775
1414
1925
2503
3227
3925
4453
4788
5034
5307
5601
5827
5949
6009
6079
6175
6416
6898
7371
7240
6233
4749
3364
2268
1177
-143
-1541
-2748
-3679
-4554
-5588
-6652
-7372
-7463
-7044
-6494
-6036
-5550
-4878
-4072
-3391
-2959
-2582
-2015
-1233
-434
202
633
920
1080
1093
913
545
107
-338
-881
-1574
-2364
-3098
-3622
-3812
-3722
-3524
-3284
-2988
-2564
-2001
-1405
-824
-334
150
786
1562
2324
2923
3406
3883
4360
4739
4978
5116
5291
5546
5793
5909
5867
5804
5881
6271
6936
7423
7119
5915
4348
2957
1793
525
-968
-2364
-3422
-4208
-4963
-5874
-6815
-7408
-7430
-6981
-6318
-5607
-4830
-3927
-3047
-2483
-2273
-2097
-1642
-877
-70
526
895
1091
1150
1064
767
264
-317
-930
-1565
-2295
-3085
-3776
-4228
-4357
-4223
-3910
-3461
-2794
-1972
-1164
-479
70
552
1034
1559
2160
2736
3193
3545
3833
4087
4271
4392
4435
4448
4569
4822
5073
5202
5186
5194
5522
6233
6879
6691
5578
4065
2724
1627
314
-1242
-2675
-3700
-4339
-4866
-5567
-6401
-6942
-6982
-6555
-5842
-5058
-4190
-3165
-2179
-1605
-1426
-1394
-1143
-544
78
557
919
1126
1128
985
632
20
-596
-1135
-1621
-2058
-2630
-3293
-3759
-3899
-3771
-3391
-2893
-2225
-1266
-328
398
930
1317
1618
1991
2407
2722
3013
3271
3489
3657
3680
3544
3393
3339
3406
3648
3891
4030
4238
4505
4909
5606
6338
6360
5467
4182
2891
1723
323
-1321
-2793
-3880
-4663
-5193
-5646
-6368
-6952
-6995
-6662
-6075
-5346
-4480
-3408
-2245
-1514
-1224
-1108
-1053
-727
-225
173
556
964
1124
1073
898
388
-204
-675
-1225
-1772
-2291
-2832
-3162
-3119
-2960
-2623
-2061
-1477
-627
363
1068
1549
1986
2234
2411
2701
2828
2908
3030
3074
3136
3217
3168
3002
2992
3004
3079
3282
3396
3632
4048
4466
4988
5797
6162
5507
4425
3242
2019
600
-1102
-2610
-3656
-4537
-5271
-5601
-6101
-6776
-6926
-6642
-6226
-5625
-4723
-3553
-2263
-1414
-1092
-788
-657
-573
-189
189
451
866
1227
1275
1186
707
-23
-578
-1235
-2025
-2705
-3226
-3579
-3518
-3227
-2913
-2306
-1613
-799
241
1104
1646
2149
2573
2711
2863
2945
2835
2786
2789
2798
2919
3029
2933
2863
2852
2799
2971
3208
3404
3784
4270
4732
5419
5993
5556
4466
3289
2109
832
-735
-2314
-3442
-4202
-4931
-5352
-5660
-6274
-6562
-6249
-5807
-5302
-4483
-3361
-2077
-1073
-696
-440
-224
-232
-92
196
367
622
1095
1329
1252
858
128
-468
-924
-1604
-2375
-2984
-3476
-3603
-3334
-3100
-2729
-2057
-1216
-183
770
1352
1840
2426
2767
2915
2985
2772
2526
2472
2451
2421
2456
2403
2344
2399
2327
2291
2484
2713
3039
3614
4188
4802
5636
5929
5313
4340
3172
1892
514
-1135
-2652
-3621
-4444
-5117
-5379
-5842
-6428
-6501
-6295
-5995
-5363
-4485
-3354
-2034
-1141
-600
-124
-36
-120
61
257
402
826
1265
1519
1657
1386
840
297
-440
-1367
-2211
-3023
-3652
-3652
-3326
-2976
-2407
-1663
-834
111
917
1496
2130
2628
2880
3105
3104
2771
2460
2276
2098
2054
2074
2006
2016
2101
2156
2305
2523
2713
3059
3580
4088
4770
5592
5837
5274
4410
3329
1981
447
-1312
-2794
-3674
-4438
-5048
-5293
-5676
-6119
-6143
-6039
-5888
-5344
-4518
-3371
-2019
-1150
-670
-183
-15
-111
-22
-9
-19
365
832
1176
1388
1126
549
86
-566
-1500
-2355
-3083
-3475
-3230
-2797
-2546
-2101
-1461
-738
113
721
1083
1662
2291
2651
2820
2630
2163
1900
1791
1592
1449
1355
1365
1630
1912
2037
2150
2360
2700
3218
3761
4224
4842
5741
6391
6227
5481
4413
3092
1586
-134
-1754
-2898
-3763
-4399
-4633
-4911
-5458
-5742
-5735
-5658
-5299
-4687
-3804
-2576
-1522
-840
-239
32
-69
-75
-88
-199
-21
386
758
1085
1042
583
143
-422
-1313
-2171
-2865
-3338
-3244
-2849
-2527
-2038
-1426
-849
-169
353
603
1048
1541
1780
1898
1798
1478
1274
1104
868
716
615
626
894
1214
1475
1819
2196
2624
3170
3737
4277
4905
5681
6438
6645
6188
5348
4193
2715
1008
-692
-2050
-3083
-3929
-4381
-4641
-5082
-5431
-5478
-5429
-5245
-4815
-4084
-3008
-1891
-1023
-265
249
317
282
265
170
227
515
861
1191
1343
1194
876
349
-502
-1435
-2251
-2902
-3165
-3048
-2807
-2376
-1737
-1123
-528
-36
237
571
961
1128
1184
1167
989
878
769
489
228
52
40
335
686
966
1400
1946
2509
3136
3655
4068
4593
5252
6019
6582
6432
5792
4957
3744
2163
388
-1325
-2655
-3590
-4303
-4778
-5132
-5483
-5564
-5429
-5344
-5145
-4642
-3777
-2659
-1625
-851
-222
253
480
575
531
403
485
817
1176
1422
1422
1187
881
412
-341
-1192
-1972
-2521
-2694
-2605
-2424
-2088
-1552
-920
-314
95
290
502
731
814
801
715
583
535
472
310
156
103
219
534
890
1234
1712
2283
2873
3468
3941
4308
4804
5462
6178
6590
6319
5590
4643
3380
1771
7
-1630
-2893
-3810
-4534
-5016
-5335
-5572
-5572
-5404
-5248
-4948
-4313
-3372
-2282
-1344
-634
17
512
711
734
637
526
610
864
1119
1205
1057
809
544
106
-601
-1418
-2097
-2538
-2695
-2659
-2500
-2130
-1573
-964
-446
-130
17
176
317
321
257
187
154
197
181
65
18
125
362
731
1093
1468
2026
2624
3153
3659
4060
4396
4877
5462
6042
6337
6035
5342
4507
3335
1797
135
-1432
-2673
-3639
-4424
-4877
-5048
-5145
-5049
-4775
-4526
-4179
-3599
-2820
-1942
-1200
-592
54
540
715
735
681
611
642
735
779
774
692
593
503
209
-397
-1088
-1716
-2249
-2560
-2707
-2684
-2348
-1797
-1232
-695
-326
-116
48
82
-55
-174
-234
-261
-163
-112
-125
15
258
528
843
1096
1385
1906
2446
2889
3375
3822
4245
4764
5226
5605
5859
5641
5091
4423
3414
2080
618
-854
-2113
-3136
-4037
-4622
-4850
-4975
-4916
-4624
-4318
-3954
-3420
-2774
-2045
-1352
-808
-257
240
468
556
607
574
544
561
502
448
442
418
391
219
-238
-793
-1286
-1781
-2144
-2314
-2347
-2082
-1573
-1096
-647
-274
-70
96
131
-29
-174
-241
-294
-253
-186
-170
7
316
600
919
1213
1495
1965
2441
2796
3202
3612
4002
4443
4817
5103
5420
5464
5098
4535
3668
2504
1229
-118
-1375
-2386
-3253
-3863
-4114
-4264
-4330
-4169
-3965
-3743
-3385
-2959
-2450
-1876
-1413
-977
-515
-254
-165
-108
-203
-343
-354
-376
-363
-252
-144
-29
30
-168
-548
-956
-1437
-1856
-2058
-2135
-2024
-1634
-1215
-809
-395
-148
9
140
61
-72
-115
-192
-174
-50
24
193
504
788
1095
1419
1657
1976
2390
2738
3094
3505
3865
4259
4674
5016
5383
5589
5363
4871
4169
3162
2009
770
-485
-1516
-2348
-3032
-3412
-3641
-3857
-3873
-3768
-3715
-3548
-3265
-2922
-2460
-2014
-1635
-1192
-856
-764
-721
-778
-906
-884
-784
-698
-508
-286
-101
71
-4
-337
-685
-1063
-1448
-1656
-1756
-1729
-1461
-1128
-796
-431
-216
-121
-39
-96
-235
-293
-357
-384
-286
-191
-38
250
540
822
1155
1434
1735
2143
2484
2793
3152
3501
3882
4295
4673
5061
5401
5369
5007
4464
3648
2607
1429
213
-854
-1729
-2492
-3048
-3399
-3679
-3807
-3770
-3751
-3692
-3490
-3169
-2727
-2277
-1905
-1518
-1166
-984
-892
-872
-907
-841
-677
-499
-292
-48
181
373
399
172
-102
-388
-709
-988
-1200
-1287
-1173
-947
-695
-437
-261
-187
-141
-174
-315
-452
-570
-655
-654
-595
-465
-206
104
432
800
1153
1483
1839
2169
2465
2805
3202
3644
4103
4522
4949
5351
5479
5241
4743
4015
3083
1992
836
-260
-1215
-2062
-2740
-3234
-3632
-3898
-3993
-4029
-4035
-3933
-3679
-3290
-2856
-2498
-2170
-1847
-1590
-1392
-1249
-1169
-1067
-849
-564
-266
13
282
515
642
564
341
62
-273
-595
-832
-967
-958
-819
-613
-356
-141
-23
13
-15
-127
-286
-445
-586
-657
-627
-489
-232
87
457
866
1264
1618
1924
2214
2511
2844
3230
3660
4056
4433
4826
5186
5383
5253
4849
4263
3508
2568
1473
351
-685
-1628
-2437
-3098
-3627
-3991
-4188
-4269
-4303
-4284
-4141
-3847
-3468
-3113
-2788
-2451
-2110
-1786
-1527
-1344
-1184
-973
-667
-337
-43
240
528
753
815
708
473
170
-158
-458
-667
-763
-749
-634
-435
-230
-81
-5
-25
-121
-292
-485
-645
-746
-758
-644
-391
-55
336
749
1154
1514
1833
2118
2404
2712
3052
3411
3753
4068
4388
4728
4967
4987
4745
4312
3730
2940
1973
908
-178
-1171
-2052
-2811
-3408
-3855
-4122
-4229
-4259
-4243
-4124
-3884
-3571
-3232
-2890
-2540
-2168
-1803
-1491
-1217
-981
-722
-396
-57
253
573
889
1148
1275
1203
1007
731
388
36
-265
-472
-567
-568
-476
-348
-240
-174
-196
-314
-516
-736
-904
-1012
-1065
-1016
-820
-507
-115
316
729
1107
1473
1821
2146
2435
2706
2982
3271
3544
3808
4080
4324
4470
4401
4117
3658
3012
2198
1250
240
-766
-1686
-2467
-3085
-3554
-3894
-4084
-4141
-4118
-4019
-3829
-3580
-3259
-2899
-2536
-2160
-1806
-1475
-1151
-848
-564
-275
49
367
702
1037
1302
1455
1444
1297
1045
715
324
-44
-308
-468
-536
-522
-456
-377
-312
-327
-432
-596
-792
-944
-1037
-1084
-1058
-906
-609
-209
237
665
1065
1448
1797
2104
2355
2571
2797
3047
3297
3532
3788
4059
4283
4346
4184
3822
3279
2571
1726
753
-253
-1197
-2024
-2681
-3219
-3634
-3898
-4031
-4068
-4035
-3924
-3735
-3455
-3119
-2771
-2429
-2079
-1728
-1375
-1061
-795
-523
-222
108
461
786
1040
1218
1267
1165
924
579
195
-159
-443
-646
-759
-776
-715
-613
-528
-496
-540
-636
-756
-866
-940
-970
-909
-745
-473
-109
309
749
1184
1578
1916
2189
2411
2608
2802
2993
3167
3355
3578
3834
4068
4200
4170
3924
3521
2959
2212
1348
416
-503
-1323
-2041
-2646
-3113
-3443
-3633
-3734
-3769
-3736
-3602
-3377
-3101
-2806
-2504
-2177
-1818
-1453
-1137
-858
-597
-324
-11
282
541
769
934
1016
968
776
489
179
-127
-409
-641
-808
-886
-858
-790
-739
-702
-702
-726
-778
-851
-933
-961
-904
-771
-556
-262
87
493
911
1287
1606
1864
2080
2276
2465
2624
2769
2932
3114
3324
3533
3689
3757
3692
3477
3115
2592
1936
1183
396
-380
-1131
-1792
-2336
-2756
-3044
-3236
-3346
-3367
-3305
-3146
-2931
-2714
-2475
-2201
-1898
-1580
-1290
-1028
-770
-511
-242
13
233
439
622
734
736
638
450
212
-41
-319
-577
-780
-905
-940
-913
-874
-819
-766
-725
-710
-753
-818
-843
-818
-728
-563
-342
-30
332
726
1077
1374
1631
1839
2020
2155
2267
2377
2509
2666
2852
3050
3250
3431
3546
3543
3391
3074
2609
2023
1345
594
-170
-875
-1498
-2004
-2400
-2698
-2880
-2970
-2986
-2938
-2849
-2730
-2582
-2408
-2208
-1988
-1751
-1505
-1259
-1019
-790
-573
-359
-174
-15
107
157
142
72
-69
-256
-469
-687
-861
-970
-1023
-1007
-947
-861
-755
-665
-611
-601
-603
-607
-585
-515
-390
-201
55
369
702
1023
1333
1604
1832
2010
2127
2206
2277
2358
2455
2577
2742
2950
3172
3370
3505
3530
3410
3159
2762
2227
1585
891
201
-460
-1061
-1576
-1982
-2279
-2475
-2595
-2665
-2686
-2657
-2584
-2479
-2348
-2189
-2007
-1807
-1599
-1415
-1238
-1071
-910
-739
-594
-472
-361
-308
-309
-366
-490
-642
-794
-921
-1010
-1045
-1032
-970
-867
-764
-667
-597
-552
-522
-497
-475
-448
-373
-253
-78
148
396
677
969
1241
1492
1695
1859
1977
2057
2119
2162
2221
2311
2438
2613
2796
2963
3113
3184
3158
2992
2689
2262
1743
1156
534
-71
-632
-1121
-1514
-1821
-2052
-2208
-2300
-2314
-2286
-2225
-2126
-2004
-1876
-1740
-1615
-1505
-1394
-1280
-1154
-1025
-882
-761
-646
-574
-562
-584
-672
-773
-869
-952
-994
-995
-961
-873
-757
-649
-536
-445
-383
-331
-302
-299
-287
-251
-197
-100
21
175
364
573
792
1002
1205
1375
1519
1633
1709
1748
1784
1828
1884
1988
2111
2273
2456
2613
2731
2764
2683
2491
2190
1786
1310
767
217
-299
-776
-1184
-1505
-1734
-1859
-1901
-1887
-1827
-1747
-1659
-1571
-1504
-1464
-1424
-1381
-1327
-1256
-1179
-1088
-984
-893
-838
-807
-826
-881
-949
-1026
-1098
-1139
-1136
-1092
-1000
-895
-773
-643
-529
-433
-365
-320
-279
-254
-223
-180
-125
-55
38
158
295
453
629
818
1011
1199
1365
1496
1584
1658
1707
1748
1796
1873
1973
2104
2249
2388
2507
2576
2584
2498
2317
2037
1676
1254
780
310
-145
-563
-912
-1186
-1381
-1497
-1541
-1543
-1501
-1441
-1381
-1323
-1272
-1236
-1203
-1166
-1134
-1102
-1064
-1031
-1023
-1022
-1058
-1119
-1192
-1286
-1364
-1423
-1452
-1443
-1398
-1317
-1203
-1065
-932
-797
-675
-588
-512
-459
-431
-409
-385
-358
-310
-226
-115
34
215
417
640
862
1060
1232
1380
1479
1558
1624
1670
1714
1779
1858
1954
2060
2171
2281
2375
2436
2450
2415
2298
2114
1863
1543
1178
784
384
-1
-340
-620
-842
-993
-1078
-1122
-1124
-1120
-1103
-1077
-1070
-1060
-1060
-1065
-1073
-1081
-1094
-1132
-1175
-1243
-1323
-1407
-1496
-1576
-1635
-1661
-1644
-1588
-1494
-1365
-1225
-1078
-940
-830
-753
-702
-680
-675
-679
-676
-657
-606
-511
-396
-239
-52
143
351
551
738
917
1060
1193
1311
1398
1480
1547
1616
1687
1758
1851
1957
2060
2167
2266
2347
2388
2382
2322
2201
2016
1773
1498
1191
862
535
220
-72
-337
-562
-750
-895
-987
-1049
-1073
-1062
-1042
-1007
-982
-973
-993
-1043
-1114
-1230
-1351
-1484
-1621
-1733
-1813
-1868
-1882
-1850
-1783
-1684
-1566
-1432
-1285
-1150
-1042
-940
-874
-841
-815
-818
-818
-799
-766
-691
-581
-445
-272
-76
136
355
561
752
912
1051
1172
1250
1324
1392
1452
1531
1620
1725
1839
1968
2095
2217
2325
2404
2452
2466
2446
2379
2262
2086
1855
1578
1247
889
518
164
-149
-412
-599
-709
-758
-756
-717
-675
-655
-670
-746
-863
-1018
-1212
-1417
-1600
-1770
-1916
-2007
-2067
-2089
-2070
-2029
-1953
-1850
-1742
-1632
-1501
-1393
-1311
-1235
-1195
-1172
-1155
-1147
-1128
-1086
-1010
-901
-753
-580
-387
-180
20
211
381
539
684
811
931
1044
1165
1286
1407
1528
1648
1761
1865
1956
2032
2110
2185
2252
2315
2365
2401
2418
2406
2356
2243
2092
1888
1634
1353
1054
747
450
181
-63
-273
-451
-585
-692
-786
-870
-943
-1013
-1096
-1176
-1268
-1373
-1492
-1614
-1744
-1867
-1971
-2056
-2098
-2106
-2067
-1988
-1879
-1751
-1624
-1508
-1415
-1343
-1297
-1276
-1262
-1254
-1241
-1198
-1133
-1034
-911
-773
-598
-412
-216
-9
187
386
570
732
875
1006
1108
1197
1282
1371
1472
1580
1696
1828
1967
2092
2210
2302
2371
2408
2412
2380
2319
2235
2130
1993
1843
1666
1475
1259
1017
767
501
233
-28
-267
-487
-675
-827
-957
-1051
-1115
-1169
-1220
-1266
-1329
-1409
-1493
-1587
-1685
-1770
-1842
-1888
-1897
-1885
-1848
-1779
-1703
-1625
-1536
-1458
-1393
-1328
-1281
-1238
-1194
-1155
-1104
-1044
-973
-883
-763
-628
-476
-297
-115
73
254
423
574
699
813
914
1010
1110
1218
1348
1493
1651
1803
1950
2088
2192
2268
2311
2314
2297
2250
2168
2070
1953
1821
1678
1515
1338
1149
950
749
540
330
126
-76
-259
-431
-592
-731
-861
-977
-1085
-1184
-1278
-1358
-1427
-1487
-1536
-1573
-1600
-1622
-1634
-1634
-1630
-1623
-1613
-1597
-1571
-1539
-1498
-1449
-1392
-1331
-1263
-1189
-1109
-1031
-952
-859
-761
-654
-530
-403
-268
-127
22
158
288
419
540
670
797
922
1060
1199
1336
1480
1613
1738
1857
1949
2025
2088
2114
2119
2106
2060
1998
1914
1810
1680
1536
1380
1202
1026
845
666
492
319
159
6
-133
-266
-395
-523
-629
-738
-842
-932
-1010
-1081
-1143
-1189
-1235
-1273
-1308
-1335
-1363
-1385
-1402
-1418
-1421
-1419
-1410
-1392
-1378
-1350
-1315
-1285
-1244
-1199
-1151
-1103
-1043
-974
-902
-824
-739
-642
-547
-449
-343
-234
-127
-4
123
253
396
543
687
839
978
1112
1246
1357
1465
1557
1635
1703
1753
1783
1796
1779
1746
1694
1613
1522
1414
1297
1166
1026
895
764
649
532
415
316
207
106
16
-76
-157
-242
-315
-376
-433
-488
-540
-582
-624
-668
-710
-748
-789
-831
-858
-885
-910
-924
-932
-943
-953
-970
-984
-991
-1005
-1015
-1026
-1026
-1013
-994
-978
-944
-906
-868
-808
-752
-688
-606
-523
-421
-314
-202
-82
39
160
268
380
486
588
683
776
861
942
1019
1070
1117
1141
1146
1134
1100
1063
1010
952
889
831
774
720
669
613
562
511
457
399
339
283
241
194
154
119
76
44
10
-26
-59
-101
-141
-179
-218
-256
-290
-329
-363
-393
-435
-479
-520
-568
-610
-653
-683
-713
-744
-760
-778
-784
-787
-788
-779
-771
-746
-706
-659
-600
-529
-454
-374
-292
-214
-137
-58
17
86
158
233
300
373
438
488
535
573
601
615
617
615
609
592
580
566
547
529
501
476
445
406
373
341
305
277
250
228
208
184
169
150
126
102
77
53
29
4
-24
-44
-74
-99
-130
-167
-200
-242
-280
-321
-361
-400
-431
-459
-486
-514
-535
-551
-570
-587
-587
-584
-579
-548
-521
-487
-444
-398
-349
-295
-252
-197
-127
-74
-11
55
111
177
238
287
338
381
410
441
465
483
500
508
511
514
512
501
487
476
462
439
412
384
367
344
323
313
291
278
266
246
227
205
181
159
138
120
99
81
58
28
7
-33
-77
-116
-166
-212
-257
-297
-342
-389
-425
-474
-507
-537
-574
-598
-619
-635
-631
-630
-625
-597
-575
-543
-502
-459
-415
-361
-309
-255
-189
-120
-51
13
84
143
199
252
296
331
362
395
427
448
464
476
479
475
472
466
450
431
410
394
378
358
348
333
323
309
290
279
267
249
243
233
217
211
201
187
169
151
126
104
70
32
-5
-41
-81
-123
-166
-206
-247
-289
-341
-387
-428
-463
-506
-539
-558
-577
-586
-588
-581
-576
-565
-542
-520
-486
-450
-406
-356
-303
-241
-185
-125
-72
-18
30
72
114
151
187
223
249
272
291
309
319
328
332
330
333
321
318
316
307
305
300
292
286
284
279
272
272
262
257
267
261
267
267
252
242
229
207
195
175
152
123
93
61
23
-8
-45
-81
-122
-165
-207
-245
-282
-313
-344
-370
-389
-407
-419
-432
-443
-439
-434
-427
-411
-396
-375
-350
-321
-293
-261
-232
-200
-164
-131
-102
-71
-38
-10
21
46
68
89
107
121
138
147
149
158
162
171
176
189
192
192
201
204
210
215
223
228
237
245
252
255
257
267
272
269
262
265
259
250
233
214
196
169
143
113
82
53
19
-14
-50
-89
-122
-156
-189
-220
-251
-277
-300
-312
-330
-340
-344
-351
-355
-345
-334
-331
-310
-291
-271
-241
-218
-192
-159
-127
-101
-73
-43
-17
8
37
51
70
89
101
112
124
134
146
159
166
179
180
182
189
193
193
194
200
208
213
