-2
0
-4
-5
-6
-11
-5
0
-3
-2
-2
-1
1
1
5
7
12
10
15
19
21
14
18
16
5
10
9
13
5
-1
7
10
4
1
2
3
11
9
14
18
10
15
16
15
13
3
0
1
1
3
-3
-2
-3
1
-6
-10
-7
-13
-5
-8
-3
-5
-6
1
-1
4
4
4
2
4
10
10
6
7
5
1
-2
-4
2
-2
6
1
-6
-2
-8
-11
-12
-12
-9
-10
-11
-11
-10
-13
-15
-9
-7
-8
-14
-11
-5
0
3
-4
-2
3
4
11
9
3
1
-1
5
0
-1
0
1
7
8
8
6
-1
-2
-7
-6
-11
-9
-7
-7
-4
-11
-3
-7
-4
-6
-12
-3
-4
-3
-6
2
3
-2
2
0
-5
-1
2
6
5
-8
-1
-5
-12
-11
-7
0
-5
-15
-11
-9
-15
-5
-16
-13
-6
-7
-21
-14
3
-21
-9
-9
-22
-26
-27
-15
-8
-11
-5
-17
-19
5
-3
11
14
-16
-19
13
-18
-25
1
-19
-3
13
-6
21
41
29
54
35
19
17
7
17
30
8
5
22
-4
-24
-18
-2
0
48
62
45
31
36
17
1
-42
-30
45
31
7
15
58
21
-2
-4
-5
-16
-32
-10
-5
-28
-9
18
13
35
37
39
19
-34
11
34
-57
-2
70
-1
12
55
-46
-63
-2
7
-32
12
115
19
29
128
69
-27
35
-41
-141
-16
6
-44
62
135
13
81
-3
-104
-59
10
-41
-54
77
79
-5
-37
70
19
59
38
11
-18
7
-63
-35
-45
-96
41
-25
-51
-25
-66
-97
87
101
60
65
73
115
-1
-73
-72
-34
-103
9
5
-153
-113
42
-21
-56
104
101
169
116
-18
17
57
-60
-37
101
-46
-12
93
-133
-183
16
-30
-25
30
9
117
56
9
9
66
105
-46
-15
3
-61
-91
99
-40
-134
19
29
-181
-175
-7
-25
168
200
166
72
75
3
-49
-152
-247
-12
14
19
3
-75
-131
50
-23
-69
21
8
235
129
10
51
7
-24
12
-176
-79
61
-184
-107
22
-9
-49
155
56
36
219
43
-98
-52
-15
-111
-99
-42
19
-15
43
117
8
-133
-33
211
-128
-169
183
128
-83
32
61
-184
-135
149
15
-224
68
70
-194
-56
53
-148
-22
293
189
31
-22
-144
-133
-52
-153
-117
100
175
63
59
135
-41
-172
46
24
-33
110
170
122
228
183
-87
-140
-137
-166
-97
-151
-129
125
132
130
36
82
76
-146
135
245
-162
-14
224
-204
-266
-186
-182
-134
39
61
117
145
-18
-74
-24
-1
13
226
239
231
70
-141
-163
-120
-292
-130
201
-58
149
496
155
-85
226
62
-121
26
80
-141
-131
59
-44
-100
-162
-252
-275
-129
-186
-169
-219
-180
44
38
-152
13
237
47
161
291
81
-112
148
191
-158
-37
218
-12
80
330
-67
32
142
-62
49
115
-10
9
39
-93
-20
-70
-140
29
41
-167
100
118
-219
28
120
-253
-130
54
-162
-142
-13
-224
-148
74
96
110
187
36
23
147
-20
-1
51
147
77
136
72
-123
-52
267
15
-172
182
154
-18
117
46
-43
16
-109
48
136
-85
-53
-105
-358
-264
-210
42
206
157
-43
-11
-58
-167
-441
-304
28
-212
42
365
68
7
303
11
18
42
-78
75
99
167
222
64
-62
-143
-257
-114
-83
-127
-74
201
286
74
274
241
-24
416
399
85
59
89
21
-4
-159
-412
-358
-223
-249
-214
-319
-942
-423
-457
-1019
-519
-80
-168
495
686
514
842
580
366
533
412
-8
245
450
219
-2
111
141
-281
-498
-206
-197
-101
145
121
324
205
-305
-232
-193
-534
-476
-267
-455
-533
-223
-44
64
159
18
220
397
77
87
182
-42
77
217
155
187
274
291
171
210
57
-297
-170
58
-183
-224
-51
-114
-160
51
31
-158
-125
-71
18
111
95
108
410
457
361
325
196
13
-41
-168
-281
-235
-318
-311
-166
-66
-233
-216
75
82
-137
-11
137
-33
-2
13
29
173
215
99
154
261
88
71
188
153
114
249
264
234
96
-54
-141
-266
-229
-215
-229
-250
-274
-272
-135
-171
-201
14
14
-87
-1
70
-24
4
46
79
134
-28
-162
-191
-295
-298
-112
-10
141
302
266
261
324
260
113
125
114
32
29
44
35
-16
-73
-127
-55
-10
-92
-108
44
61
-44
117
236
104
43
132
90
0
-71
-133
-117
-169
-208
-36
170
139
226
355
318
161
37
21
-50
-121
-66
127
223
341
495
546
420
261
141
-58
-211
-240
-171
-138
32
175
86
18
66
-41
-169
-156
-242
-354
-366
-291
-331
-443
-518
-604
-660
-685
-693
-709
-617
-479
-335
-200
-121
-153
-161
-144
-208
-205
-192
-161
-95
-42
-41
-31
-73
-164
-184
-261
-366
-385
-289
-220
-107
7
75
152
181
254
320
418
568
721
908
1114
1231
1358
1532
1652
1804
1918
1962
1975
2037
2035
2055
2160
2152
2113
2094
1997
1805
1587
1303
997
607
148
-363
-1042
-1796
-2583
-3374
-4161
-4833
-5380
-5718
-5749
-5600
-5251
-4688
-4080
-3457
-2797
-2262
-1765
-1348
-1144
-1045
-895
-754
-721
-640
-517
-463
-443
-321
-117
198
609
1050
1601
2321
3039
3515
3922
4286
4447
4464
4429
4380
4366
4363
4471
4842
5333
5936
6717
7477
7984
8034
7120
5234
3154
756
-2423
-5530
-7791
-9596
-10799
-10695
-9637
-8309
-6611
-4706
-3090
-1687
-711
-399
-187
246
406
452
926
1432
1630
1878
2095
1834
1272
514
-436
-1386
-2487
-3886
-5034
-5653
-6174
-6477
-6192
-5689
-5190
-4381
-3377
-2351
-1236
-177
801
1907
2868
3331
3707
4154
4294
4192
4151
4192
4353
4702
5203
5976
6924
7782
8759
10032
10990
11195
10549
8710
5949
2915
-706
-4860
-8324
-10854
-12815
-13314
-12159
-10582
-8590
-5799
-3235
-1333
323
1210
1338
1691
1976
1780
2031
2753
3052
3307
3794
3643
2784
1767
519
-946
-2407
-4023
-5618
-6786
-7837
-8845
-9286
-9305
-9250
-8624
-7293
-5741
-3864
-1572
709
2834
4738
5984
6578
6798
6555
5996
5500
4971
4404
4238
4473
4840
5408
6119
6838
7763
8869
9728
10045
9412
7519
4976
2267
-1155
-5167
-8479
-10830
-12643
-13165
-12101
-10522
-8547
-5731
-2927
-737
1098
2228
2665
3221
3554
3188
3127
3631
3733
3625
3806
3546
2579
1401
-6
-1627
-3227
-4938
-6445
-7214
-7941
-9094
-9661
-9468
-9358
-8993
-7811
-6349
-4646
-2297
283
2695
4896
6410
7142
7616
7503
6543
5581
4935
4167
3621
3757
4201
4787
5593
6464
7540
8814
9586
9779
9600
8092
5141
2276
-710
-4850
-8555
-10617
-12278
-13202
-12058
-10133
-8248
-5335
-2290
-310
1600
3175
3341
3490
4139
3727
3080
3576
3816
3326
3336
3215
2201
1094
-248
-2150
-3804
-5391
-7236
-8237
-8553
-9473
-10160
-9671
-9133
-8693
-7457
-5958
-4522
-2439
-6
2194
4416
6175
6997
7680
8120
7433
6264
5441
4521
3564
3220
3346
3779
4578
5545
6844
8490
9615
10072
10465
9753
6965
3697
825
-3105
-7454
-10123
-11828
-13267
-12888
-10943
-8960
-6385
-3274
-1044
839
2766
3306
3104
3683
3811
3089
3290
3954
3750
3550
3624
3033
1966
596
-1318
-3108
-4736
-6727
-8131
-8550
-9101
-9611
-9394
-9152
-8888
-7937
-6881
-5903
-4193
-2106
-136
2243
4515
5855
6936
7896
7833
7075
6245
5077
4013
3555
3273
3371
4238
5298
6512
8235
9640
10338
11037
11059
9115
6128
3293
-165
-4446
-7963
-10287
-12159
-12929
-11973
-10211
-8105
-5418
-2865
-851
1107
2439
2681
2971
3453
3165
2899
3501
3783
3403
3362
3254
2361
1063
-470
-2231
-3991
-5919
-7721
-8643
-9174
-9653
-9308
-8588
-8397
-7835
-6555
-5613
-4668
-2985
-1248
450
2597
4441
5630
6812
7503
7233
6762
6098
4831
3746
3325
3102
3232
4016
5161
6524
8044
9442
10613
11409
11107
9176
6386
3562
95
-4120
-7579
-9921
-11881
-12651
-11609
-10029
-8266
-5669
-3108
-1156
767
2054
2385
3003
3617
3271
3235
3940
3938
3617
3848
3579
2443
1187
-360
-2267
-4134
-6141
-7974
-9025
-9772
-10347
-9978
-8976
-8198
-7498
-6514
-5439
-4390
-3314
-2007
-226
1593
3043
4578
6097
6790
6882
6780
6158
5088
4019
3092
2668
2786
3024
3851
5614
7374
8808
10484
11964
12422
11559
9354
6492
3365
-702
-5053
-8057
-10285
-12249
-12325
-10790
-9438
-7553
-4697
-2498
-874
827
1593
1825
2611
2799
2360
2883
3506
3196
3271
3649
3002
1858
708
-971
-2821
-4591
-6582
-8077
-8808
-9512
-9641
-8721
-7802
-6850
-5277
-4188
-3748
-2731
-1576
-926
40
1277
2057
2941
4028
4444
4452
4462
4001
3280
2910
2509
2017
2147
2791
3566
4831
6538
8189
9837
11411
12499
12943
12144
9801
7035
4071
-14
-4219
-7155
-9599
-11605
-11809
-10852
-9846
-7997
-5518
-3571
-1739
-28
686
1248
2161
2250
2027
2570
2869
2586
2695
2702
1942
1033
-100
-1717
-3258
-4873
-6705
-7843
-8377
-8960
-8861
-7938
-7191
-6308
-4805
-3772
-3314
-2372
-1352
-726
252
1425
2166
3009
4038
4510
4608
4668
4247
3578
3195
2711
2216
2434
3134
3862
5095
6854
8557
10222
11814
12933
13419
12780
10576
7719
4660
552
-3938
-7316
-10106
-12586
-13372
-12663
-11749
-10084
-7457
-5072
-2964
-863
507
1426
2523
2917
2668
2971
3241
2782
2544
2557
1892
940
62
-1157
-2572
-4027
-5642
-6840
-7515
-8278
-8551
-7864
-7159
-6534
-5231
-3893
-3044
-1935
-639
314
1291
2277
2896
3548
4165
4199
4090
4102
3627
2871
2415
1978
1543
1597
2047
2756
3820
5030
6400
8112
9699
10867
11946
12582
12037
10402
8134
5265
1682
-2274
-5877
-8845
-11318
-12880
-13045
-12329
-11104
-9031
-6498
-4199
-2127
-353
903
1903
2481
2314
2069
2063
1721
1279
1255
1066
465
42
-310
-1059
-2090
-3164
-4106
-4818
-5481
-5939
-5866
-5614
-5369
-4750
-4005
-3583
-3072
-2298
-1669
-953
88
1024
1925
2955
3628
3915
4096
3878
3215
2631
2159
1701
1635
2060
2762
3744
5026
6463
7921
9353
10745
11934
12663
12826
12168
10278
7527
4489
782
-3404
-6978
-9938
-12470
-13694
-13527
-12808
-11337
-8957
-6545
-4265
-2027
-559
282
1091
1250
760
629
599
190
143
571
757
802
941
812
387
-301
-1314
-2277
-3108
-4114
-4859
-4949
-5051
-5230
-4823
-4152
-3682
-3101
-2309
-1504
-611
327
1078
1823
2577
2901
2994
3213
3175
2832
2673
2644
2500
2485
2759
3179
3737
4405
5072
5809
6562
7296
8222
9298
10037
10228
9739
8353
6429
4051
838
-2661
-5728
-8548
-10877
-11984
-12119
-11716
-10375
-8234
-6110
-4114
-2300
-1052
-157
430
384
109
24
-156
-335
-64
326
514
760
1068
1170
995
544
-45
-605
-1311
-2215
-2854
-3395
-4264
-4789
-4674
-4631
-4702
-4230
-3291
-2319
-1167
156
1322
2459
3537
4221
4566
4496
3930
3373
3011
2376
1605
1266
1285
1429
1817
2413
3123
3966
4820
5671
6615
7372
7907
8450
8341
7079
5311
3250
716
-1913
-4394
-6627
-8094
-8649
-8628
-7844
-6278
-4704
-3232
-1571
-445
-125
-56
-220
-718
-1198
-1581
-1826
-1677
-1380
-1081
-475
175
404
491
580
329
-141
-530
-1009
-1558
-1971
-2472
-2950
-3200
-3485
-3684
-3528
-3187
-2650
-1647
-374
747
1773
2690
3154
3227
2944
2179
1223
300
-506
-977
-1073
-1004
-680
-11
604
1138
1869
2527
2851
3131
3492
3735
3943
4190
4361
4396
4172
3871
3782
3426
2635
2113
1811
1133
389
44
-356
-964
-1261
-1395
-1633
-1755
-1861
-1997
-1923
-1907
-2118
-2087
-1941
-2153
-2370
-2279
-2248
-2427
-2528
-2469
-2462
-2473
-2326
-2039
-1734
-1477
-1081
-503
-138
10
203
209
-59
-340
-536
-645
-691
-647
-461
-116
194
216
232
246
-175
-723
-1042
-1413
-1838
-1994
-1930
-1776
-1429
-988
-485
74
466
812
1264
1676
1942
2232
2566
2753
2986
3214
3180
3213
3360
3444
3575
3761
3995
4117
4099
4009
3638
3070
2411
1617
859
87
-656
-1193
-1636
-1987
-2144
-2222
-2298
-2311
-2331
-2382
-2423
-2452
-2487
-2534
-2411
-2239
-2132
-1775
-1276
-881
-418
117
541
791
922
983
803
413
65
-272
-712
-1215
-1618
-1820
-2033
-2186
-2158
-2235
-2242
-2013
-1953
-1980
-1890
-1862
-1793
-1558
-1276
-981
-597
-165
199
558
905
1123
1313
1544
1625
1668
1879
2101
2250
2333
2401
2470
2475
2431
2312
2186
2044
1791
1602
1323
982
878
756
614
642
710
752
866
995
961
916
832
593
431
197
-44
-34
-13
7
78
249
455
484
526
564
468
385
182
-202
-540
-810
-1232
-1628
-1845
-2168
-2317
-2286
-2470
-2580
-2703
-2874
-2897
-3095
-3144
-2932
-2872
-2614
-2242
-2042
-1631
-1098
-802
-561
-238
20
323
693
818
955
1257
1376
1401
1422
1352
1204
1031
904
606
346
441
431
283
337
506
487
447
709
783
749
1084
1210
1071
1096
1069
987
945
934
911
1005
1185
1222
1305
1424
1526
1606
1594
1628
1652
1617
1615
1458
1120
877
682
270
-239
-564
-973
-1437
-1701
-2128
-2502
-2546
-2620
-2713
-2709
-2638
-2454
-2296
-2040
-1653
-1509
-1181
-579
-260
94
521
770
1009
1174
1253
1149
961
949
597
90
18
-199
-619
-630
-623
-801
-809
-766
-595
-332
-204
55
430
592
648
684
633
548
362
252
321
256
22
112
330
276
423
695
852
1132
1467
1646
1723
1606
1462
1447
1122
728
528
386
90
-226
-291
-551
-830
-660
-649
-840
-715
-770
-950
-859
-852
-1194
-1309
-885
-771
-842
-507
-171
-62
173
417
322
387
581
395
210
110
-86
-191
-401
-687
-725
-774
-1035
-1155
-840
-850
-962
-581
-571
-397
-33
-73
11
170
302
399
209
276
381
189
336
384
319
476
670
809
921
1100
1192
1095
1095
1090
843
758
742
634
605
466
232
301
225
-17
97
-10
-117
26
-275
-444
-340
-672
-764
-545
-646
-653
-521
-338
-165
-258
-117
119
87
118
143
-57
-125
-147
-414
-576
-629
-650
-818
-948
-915
-843
-1057
-1178
-877
-853
-940
-730
-487
-334
-47
46
206
462
529
676
703
753
842
821
716
762
774
523
470
526
219
109
17
-377
-220
-266
-520
7
132
-6
515
759
684
860
914
968
1193
976
820
858
712
587
385
238
164
61
142
67
-262
-116
-35
-350
-512
-463
-684
-858
-703
-962
-970
-686
-858
-921
-834
-1052
-1067
-1055
-1207
-1179
-894
-795
-830
-612
-505
-272
-79
-60
312
675
994
1291
1325
1616
1791
1469
1314
1197
896
466
225
112
-243
-566
-754
-855
-914
-1206
-1170
-882
-845
-720
-444
-320
-50
117
180
610
611
557
983
975
788
1062
974
864
1096
951
762
761
699
558
557
409
337
355
176
-55
-261
-509
-738
-873
-974
-1119
-1142
-993
-1022
-1122
-1003
-932
-1052
-1098
-1085
-1058
-921
-815
-685
-275
87
407
691
951
1200
1298
1362
1416
1271
1144
1055
855
635
414
91
7
-62
-442
-664
-685
-933
-982
-1044
-1285
-1076
-839
-967
-824
-440
-356
-137
218
273
406
824
902
838
1005
1018
908
861
681
528
692
665
657
799
808
719
721
535
268
76
-95
-227
-337
-632
-794
-837
-1061
-1083
-1064
-1188
-1032
-921
-1021
-816
-754
-805
-457
-130
-65
191
523
724
792
854
994
866
672
706
489
175
235
179
-30
25
34
-209
-286
-409
-726
-821
-772
-832
-816
-769
-584
-403
-376
-243
-32
149
385
504
540
694
654
550
565
469
228
202
166
129
110
88
59
232
392
280
250
403
370
315
248
12
8
-21
-152
-171
-159
-187
-84
-142
-315
-312
-307
-364
-291
-128
8
172
220
313
352
343
285
293
178
57
-29
-54
-148
-228
-234
-167
-144
-216
-363
-396
-284
-404
-491
-397
-408
-478
-437
-520
-520
-380
-251
-173
8
175
128
38
169
291
200
179
280
313
288
193
78
61
52
101
186
172
234
329
214
160
204
-82
-239
-54
-181
-375
-237
-205
-65
110
-54
2
328
340
299
481
600
710
731
675
717
625
424
397
223
58
23
-160
-223
-154
-291
-379
-268
-249
-301
-364
-395
-413
-409
-370
-401
-541
-418
-342
-518
-450
-223
-304
-370
-178
-19
-175
-210
-37
-26
-80
-116
5
3
-81
22
300
217
312
497
494
396
356
294
162
166
185
40
-183
-216
-286
-291
-372
-475
-363
-78
-86
-123
133
267
191
354
416
232
424
462
362
420
593
562
459
315
217
64
-58
14
-46
34
138
116
-9
-4
-186
-302
-279
-439
-411
-440
-485
-403
-393
-598
-556
-412
-384
-414
-455
-425
-213
-182
-280
-167
-42
-32
91
-3
179
420
425
676
718
623
732
667
446
438
353
395
333
165
81
-49
-413
-553
-445
-536
-675
-416
-370
-454
-337
-123
5
-70
143
361
361
290
412
418
397
351
341
327
156
162
110
194
179
248
234
204
123
-38
-86
-168
-244
-245
-245
-491
-635
-716
-750
-782
-774
-810
-652
-332
-345
-298
-133
-174
-63
269
274
332
515
694
663
745
745
610
663
719
537
411
327
206
189
-15
-180
-169
-105
-177
-322
-269
-305
-384
-405
-421
-376
-331
-301
-258
-53
66
81
151
312
227
239
342
386
338
259
352
318
180
244
167
2
112
37
-146
-71
-150
-299
-179
-226
-435
-430
-445
-586
-631
-549
-584
-406
-216
-397
-419
-131
-86
7
133
-7
293
459
82
57
401
455
339
680
896
613
519
723
358
87
153
69
146
106
-100
-173
-92
-133
-226
-277
-260
-237
-284
-253
-363
-367
-223
-291
-278
-43
73
82
143
200
225
145
101
129
28
105
114
31
101
147
113
-33
-23
-39
-114
-204
-77
-139
-221
-13
-17
-229
-296
-156
-146
-233
-261
-137
-102
-55
-5
-194
-107
-94
-208
-121
-229
-343
-17
339
294
409
634
719
587
515
580
437
272
156
277
240
11
-96
-43
54
180
24
-170
-24
-131
-330
-219
-216
-212
-163
-241
-282
-267
-363
-353
-83
-87
0
41
-21
-45
137
25
-162
-130
-82
19
26
28
-51
-126
-121
44
9
22
169
175
221
106
131
141
-111
-92
44
-214
-369
-215
-217
-130
-38
-162
-158
136
235
-8
216
454
398
493
540
262
363
428
19
46
186
107
-80
-140
-58
37
-27
-47
68
-89
-351
-337
-170
-362
-273
-178
-297
-111
-16
-235
26
208
-121
-22
34
-185
-57
45
-5
81
-76
-233
-223
-271
-261
-197
-116
-107
75
325
284
-82
121
261
-70
-85
182
-101
-248
70
-148
-275
-125
8
-2
193
-12
-58
277
170
-31
232
544
391
498
580
570
540
409
300
241
150
-3
62
-189
-90
244
17
-251
-102
-244
-605
-453
-595
-623
-395
-465
-573
-411
-249
-214
-97
-56
-23
18
-49
-216
-7
77
-44
116
121
-36
83
-10
-107
203
401
187
131
131
-23
-83
-60
-21
-186
198
326
-123
-165
-9
-221
-297
-281
-269
-95
-34
52
217
177
101
166
289
286
305
242
252
534
769
598
211
370
466
174
-83
224
271
15
23
7
-126
-286
-325
-459
-414
-134
-165
-439
-216
-123
-375
-230
-353
-462
-193
-282
-411
-196
-322
-226
193
136
68
383
287
251
291
-7
-161
-29
-285
-319
-96
-57
182
387
326
266
279
46
54
-160
-347
-112
-59
-74
40
-12
-6
114
-157
-281
-70
138
82
187
173
59
-21
-104
-301
-254
-124
78
320
323
455
416
102
88
166
167
384
407
315
69
-195
-395
-585
-747
-641
-117
241
323
232
246
151
-202
-339
-240
-394
-248
291
565
301
490
683
146
71
-42
-38
249
206
106
463
278
-92
-56
-163
-462
-81
117
-72
-57
-380
-256
-342
-857
-941
-572
-540
-665
-250
114
-129
-292
-46
-122
-299
-150
177
180
298
227
340
317
35
394
395
203
255
458
399
256
38
-180
-221
7
-129
-233
-78
-210
-16
-118
-98
89
168
25
160
396
-115
-357
253
153
-125
589
508
500
785
99
-165
216
286
80
175
482
425
190
249
-94
-1
13
-309
-163
1
-144
-55
-113
-270
-267
-359
-375
-331
-445
-661
-435
-419
-516
-380
-484
-766
-626
-175
-241
-396
-129
-102
-144
128
48
-130
-3
79
21
-72
237
199
11
114
66
82
35
126
227
201
338
314
129
364
460
299
357
516
371
194
284
115
-88
239
275
-42
154
428
-86
-336
-173
121
-264
-1158
-611
-552
-788
-474
-788
-406
311
165
712
1239
1104
1172
1033
707
392
-29
-467
-223
-471
-1045
-328
-460
-1174
-431
-169
-673
-382
-216
-383
-267
-300
-62
420
256
119
272
421
68
-177
92
41
-311
-250
297
96
-86
114
341
0
-145
114
180
116
618
752
462
646
589
412
381
318
79
268
218
-152
-124
32
-90
24
208
-28
-63
-59
-210
-15
246
-63
49
469
196
7
255
48
-223
-201
-319
-200
-342
-336
-269
-231
-230
-418
-401
-439
-509
-444
-321
-378
-97
-65
-209
135
317
65
349
491
-122
237
437
62
61
341
208
-129
18
3
-181
-332
-12
70
-155
51
341
395
180
187
293
-42
-299
-8
-262
-390
92
228
167
280
243
-37
125
-124
-438
-56
-213
-321
-56
50
-124
-55
24
-53
-94
-125
-400
-181
-32
-355
-97
64
-133
-31
44
-396
-295
-35
-179
-139
118
14
21
203
48
-99
-346
-282
-91
-39
-72
-111
93
245
124
-14
-145
-169
-28
-123
-110
-27
30
199
311
487
508
269
274
338
-52
-106
4
158
183
128
292
64
-42
54
-68
-77
-121
-170
-57
-211
-310
-132
-86
-190
-104
256
344
243
371
393
387
419
268
102
172
146
-16
56
20
-221
-217
-159
-348
-380
-195
-243
-338
-276
-169
-151
-198
-200
-22
1
-57
161
259
130
266
475
211
15
100
104
44
14
43
95
175
198
113
193
334
268
283
304
241
230
229
291
218
76
120
134
-173
-304
-110
-58
-127
13
161
-31
-80
-39
-256
-431
-308
-233
-292
-254
-67
-64
-142
-46
-14
-124
-180
-113
-88
-136
-109
-41
-69
-97
-51
-47
-142
-172
-191
-193
-193
-198
-122
-46
-91
-18
22
-83
-85
51
86
62
123
95
-4
-85
-182
-288
-178
-25
-7
91
255
247
218
224
227
213
187
161
195
153
15
-14
28
-59
-150
-94
-81
-74
-7
16
27
47
48
83
70
62
76
57
69
115
106
64
57
150
151
69
135
162
93
166
252
191
178
215
98
-34
-6
-68
-215
-221
-169
-225
-311
-333
-317
-387
-429
-357
-365
-481
-455
-328
-358
-380
-283
-289
-324
-268
-285
-320
-274
-201
-143
-95
-75
-83
-75
-97
-164
-187
-196
-152
-74
-41
105
263
238
256
332
298
264
311
390
416
455
588
721
826
950
1124
1333
1507
1622
1692
1704
1692
1677
1650
1593
1512
1464
1406
1345
1255
1055
792
518
141
-365
-948
-1564
-2169
-2699
-3152
-3516
-3695
-3674
-3523
-3282
-2946
-2563
-2240
-1944
-1655
-1462
-1353
-1277
-1221
-1176
-1130
-1062
-957
-831
-672
-501
-288
-37
212
497
794
1120
1518
1822
2007
2165
2287
2335
2372
2411
2411
2457
2583
2764
3057
3515
4038
4520
4980
5374
5230
4428
3502
2390
574
-1428
-2973
-4399
-5693
-6183
-6030
-5706
-4939
-3686
-2407
-1326
-540
-59
282
396
119
-227
-335
-423
-451
-229
41
227
425
600
743
704
308
-161
-588
-1386
-2527
-3435
-4132
-4865
-5181
-4849
-4254
-3448
-2252
-887
252
1134
1823
2250
2370
2256
2018
1784
1605
1530
1641
1899
2285
2834
3450
4057
4702
5348
5878
6336
6709
6503
5572
4517
3341
1457
-692
-2382
-3948
-5505
-6255
-6224
-6063
-5499
-4292
-2977
-1852
-860
-185
209
488
449
180
33
-79
-186
-10
335
584
763
898
937
820
381
-265
-793
-1394
-2226
-2906
-3443
-4132
-4619
-4640
-4540
-4320
-3675
-2697
-1592
-434
647
1560
2287
2709
2872
2850
2516
2088
1882
1714
1545
1649
1943
2253
2719
3285
3793
4381
5016
5546
5964
5953
5255
4309
3215
1560
-324
-1945
-3517
-4960
-5734
-5933
-5823
-5207
-4150
-2942
-1737
-762
-99
411
661
528
334
237
48
-102
9
231
406
536
608
594
377
-116
-655
-1167
-1845
-2561
-3034
-3395
-3783
-4005
-3966
-3793
-3540
-3109
-2434
-1624
-836
-7
884
1596
2058
2426
2586
2411
2113
1840
1574
1341
1211
1268
1567
2002
2492
3135
3943
4704
5388
6090
6534
6316
5609
4811
3684
1967
138
-1439
-2971
-4341
-5072
-5283
-5279
-4844
-3911
-2852
-1908
-1145
-595
-194
-44
-193
-392
-501
-623
-656
-433
-169
-11
137
284
286
45
-373
-851
-1380
-1965
-2487
-2914
-3344
-3636
-3666
-3597
-3466
-3161
-2718
-2171
-1487
-748
-30
663
1263
1746
2147
2292
2157
2000
1827
1549
1341
1263
1236
1364
1734
2192
2705
3371
4097
4834
5586
6190
6387
6122
5596
4788
3483
1815
133
-1501
-3035
-4145
-4770
-5089
-4988
-4384
-3533
-2622
-1747
-1054
-522
-147
-78
-223
-357
-530
-709
-682
-537
-421
-267
-81
34
-9
-237
-605
-1022
-1513
-2090
-2545
-2920
-3330
-3578
-3538
-3391
-3219
-2897
-2433
-1917
-1335
-701
-62
520
1000
1439
1789
1925
1899
1790
1646
1513
1439
1429
1497
1728
2084
2529
3050
3610
4233
4851
5415
5955
6236
6010
5474
4792
3655
2039
455
-1078
-2710
-4009
-4778
-5256
-5390
-5015
-4303
-3453
-2537
-1755
-1131
-575
-313
-378
-489
-597
-788
-917
-862
-756
-642
-448
-213
-61
-102
-260
-421
-708
-1135
-1498
-1791
-2141
-2396
-2402
-2379
-2359
-2122
-1780
-1480
-1132
-684
-210
228
667
1077
1389
1557
1576
1544
1414
1171
979
917
938
1022
1206
1554
2050
2576
3074
3675
4335
4833
5317
5791
5789
5290
4715
3912
2537
969
-475
-1982
-3372
-4281
-4811
-5093
-4991
-4447
-3638
-2811
-2111
-1520
-1022
-793
-877
-1022
-1195
-1445
-1609
-1556
-1380
-1197
-931
-560
-192
2
9
0
-76
-347
-649
-877
-1132
-1403
-1540
-1539
-1559
-1551
-1407
-1153
-890
-672
-363
25
368
682
1000
1223
1287
1286
1273
1160
973
845
842
916
999
1174
1480
1857
2226
2607
3083
3618
4120
4581
5025
5229
5002
4595
4072
3047
1607
245
-1048
-2415
-3535
-4190
-4615
-4742
-4378
-3751
-3078
-2425
-1872
-1412
-1098
-1066
-1235
-1398
-1580
-1762
-1756
-1644
-1513
-1258
-886
-493
-188
-56
-29
12
-56
-292
-473
-626
-894
-1031
-976
-1043
-1163
-1067
-906
-822
-642
-381
-130
198
576
928
1218
1392
1474
1522
1457
1257
1060
889
722
695
800
886
1045
1326
1632
1982
2372
2763
3158
3559
3906
4187
4259
3955
3484
2912
1975
809
-266
-1354
-2439
-3184
-3618
-3934
-3973
-3691
-3284
-2795
-2328
-2005
-1715
-1488
-1497
-1604
-1633
-1720
-1812
-1676
-1402
-1144
-820
-391
56
392
563
672
738
603
333
151
-49
-352
-526
-533
-581
-659
-605
-501
-476
-437
-320
-173
-54
63
225
349
372
342
272
130
-57
-191
-238
-223
-148
29
364
763
1094
1427
1832
2184
2446
2752
3081
3283
3435
3682
3821
3618
3273
2926
2356
1508
666
-126
-1016
-1790
-2247
-2569
-2820
-2838
-2604
-2263
-1938
-1640
-1349
-1122
-1032
-1018
-1035
-1141
-1251
-1259
-1204
-1128
-1004
-855
-644
-386
-242
-175
-43
14
-71
-67
-55
-214
-322
-310
-395
-551
-615
-689
-810
-858
-840
-804
-741
-659
-553
-456
-474
-551
-612
-730
-859
-887
-844
-751
-539
-256
71
475
845
1149
1520
1896
2167
2435
2760
3015
3257
3518
3726
3835
3804
3647
3424
3042
2394
1704
1046
268
-522
-1114
-1605
-2011
-2163
-2114
-1993
-1773
-1506
-1262
-1032
-916
-957
-1023
-1086
-1225
-1335
-1329
-1250
-1117
-901
-619
-308
-35
178
389
521
498
419
316
85
-226
-542
-894
-1275
-1586
-1847
-2036
-2084
-2016
-1885
-1677
-1424
-1219
-1067
-977
-948
-987
-1045
-1061
-1022
-950
-767
-453
-124
255
717
1138
1494
1871
2189
2383
2563
2727
2773
2792
2853
2878
2848
2836
2810
2706
2557
2380
2159
1835
1458
1091
707
274
-92
-376
-632
-813
-875
-892
-897
-851
-825
-838
-853
-885
-961
-1006
-1036
-1072
-1043
-963
-893
-801
-657
-541
-476
-432
-421
-484
-604
-769
-944
-1161
-1395
-1579
-1701
-1819
-1891
-1853
-1776
-1715
-1629
-1503
-1413
-1341
-1269
-1179
-1083
-979
-832
-605
-361
-137
142
479
751
944
1181
1421
1548
1615
1719
1780
1757
1727
1712
1660
1586
1536
1526
1527
1509
1537
1616
1680
1672
1676
1677
1588
1432
1279
1097
858
656
491
323
186
119
80
51
30
14
-18
-71
-151
-246
-364
-500
-626
-744
-871
-980
-1040
-1125
-1213
-1279
-1345
-1437
-1515
-1588
-1701
-1775
-1815
-1879
-1903
-1860
-1827
-1765
-1614
-1442
-1313
-1103
-829
-629
-440
-191
4
118
237
336
360
358
378
369
350
343
366
399
429
459
535
621
673
770
885
958
1036
1141
1183
1208
1210
1196
1166
1112
1016
945
930
860
774
796
832
767
769
826
790
701
728
725
628
568
580
530
402
318
226
90
-63
-186
-342
-479
-606
-721
-851
-973
-1096
-1178
-1246
-1336
-1381
-1370
-1316
-1273
-1216
-1128
-1007
-928
-849
-746
-679
-655
-606
-544
-521
-535
-499
-410
-418
-413
-326
-268
-240
-141
-57
5
110
223
305
416
503
559
696
786
784
832
919
861
806
789
708
590
501
414
302
188
145
166
147
137
206
345
411
393
500
652
624
643
769
728
734
769
655
581
530
360
297
246
82
-18
-37
-103
-268
-391
-416
-490
-642
-707
-768
-814
-826
-860
-907
-876
-870
-892
-875
-826
-863
-892
-771
-738
-801
-686
-552
-529
-411
-302
-213
-122
-25
143
212
170
340
473
375
407
455
385
360
341
297
250
195
246
260
190
194
199
184
222
139
129
282
347
357
490
589
681
774
788
757
758
729
639
558
474
392
311
269
241
184
94
95
30
-123
-163
-201
-366
-357
-373
-563
-565
-553
-793
-833
-736
-849
-902
-761
-684
-691
-651
-584
-561
-546
-487
-466
-443
-301
-192
-137
28
216
328
447
563
629
612
536
520
437
249
197
200
24
-76
-61
-225
-401
-393
-476
-546
-420
-349
-287
-89
68
103
236
350
372
461
638
618
648
891
936
821
891
987
914
839
813
763
667
602
472
385
298
98
-44
-80
-339
-599
-592
-721
-914
-931
-995
-1051
-1005
-1075
-1086
-1018
-1061
-1074
-957
-823
-783
-656
-343
-162
-72
215
339
357
499
522
414
443
445
381
416
377
302
289
262
145
63
-8
-32
-87
-162
-280
-293
-301
-453
-432
-294
-356
-240
67
84
163
433
547
567
678
683
717
759
686
584
655
714
603
654
865
798
703
840
797
535
374
300
92
-180
-300
-442
-649
-738
-807
-943
-1006
-1011
-1018
-975
-975
-954
-842
-735
-661
-553
-457
-256
-139
-87
6
109
192
220
215
301
294
246
292
249
155
128
153
110
77
26
25
85
-15
-154
-81
-156
-236
-157
-123
-130
-77
40
140
103
61
123
182
80
-10
112
166
97
151
286
371
403
440
534
628
571
492
552
439
245
275
244
28
-45
26
-9
-140
-150
-144
-183
-214
-279
-286
-283
-378
-366
-279
-373
-392
-263
-228
-219
-121
-165
-94
4
-108
-157
-117
-184
-178
-226
-299
-173
-106
-178
-72
3
-44
28
58
-9
-31
-12
68
-1
-62
46
66
15
35
15
24
16
-39
-43
13
13
-39
64
121
65
103
145
183
210
114
185
280
150
116
215
180
98
131
125
147
180
174
240
214
177
312
275
181
175
174
275
177
1
126
146
-43
-2
45
-84
-100
-58
-149
-217
-303
-338
-288
-377
-413
-323
-323
-356
-342
-306
-365
-445
-304
-235
-355
-251
-94
-134
-155
-89
-69
-69
-58
-24
29
48
63
122
150
114
148
221
191
168
252
240
195
204
210
188
138
108
83
25
-13
-64
-132
-64
-30
-78
-13
99
114
143
210
254
277
289
331
360
324
299
255
225
212
105
95
155
52
16
105
16
-106
-63
-65
-173
-215
-237
-271
-315
-440
-462
-417
-473
-491
-363
-254
-290
-276
-157
-161
-277
-231
-165
-222
-231
-74
-32
-82
49
163
171
251
308
347
407
371
332
340
284
204
178
169
128
72
46
72
16
-55
-17
-42
-132
-89
-67
-128
-77
-16
-24
52
122
134
199
212
172
203
171
129
177
139
117
202
170
90
124
113
2
-27
-2
-48
-124
-121
-127
-204
-280
-286
-274
-337
-385
-320
-331
-404
-378
-342
-399
-424
-356
-310
-292
-234
-142
-49
1
69
190
225
202
259
291
243
244
298
313
303
348
424
384
297
315
243
61
31
43
-85
-109
-32
-32
-52
-30
35
50
-23
16
96
-9
-35
91
53
4
136
160
141
199
186
165
170
60
36
81
-17
-27
66
-3
-43
-20
-108
-190
-256
-374
-417
-465
-523
-498
-466
-438
-375
-334
-257
-195
-213
-171
-108
-151
-132
-52
-29
24
115
161
234
272
266
329
348
286
297
315
228
196
203
111
91
79
10
12
-3
-34
-26
-68
-62
-50
-94
-42
21
-3
55
125
106
91
133
132
107
121
154
156
196
234
237
272
310
252
228
240
134
12
13
-31
-180
-221
-170
-248
-337
-268
-247
-335
-319
-262
-269
-314
-315
-270
-323
-383
-320
-282
-286
-225
-86
19
23
116
224
168
161
198
134
128
119
63
88
100
55
77
106
101
88
80
100
75
15
12
-5
-43
-76
-88
-44
-42
-87
-29
47
2
-1
125
134
67
129
164
102
76
62
75
56
3
86
150
96
155
245
196
175
205
124
91
77
-46
-31
-20
-164
-98
-37
-166
-160
-114
-164
-225
-242
-187
-216
-238
-130
-73
-59
-27
27
50
-25
-25
8
-62
-56
-25
-17
-10
-32
13
13
-51
5
0
-33
13
-40
-42
19
-99
-104
6
-89
-127
9
27
-35
10
91
63
-4
27
93
32
-33
52
70
-38
-28
39
14
7
59
125
171
176
232
281
243
205
191
138
69
35
-10
-50
-18
-43
-79
-4
-29
-99
-64
-76
-100
-99
-79
-24
3
30
67
103
98
32
51
56
-43
-14
39
1
33
49
51
29
-58
-62
-88
-186
-199
-161
-170
-201
-152
-101
-135
-126
-60
-52
-56
-11
20
11
18
-1
-17
14
-32
-44
30
-8
-15
55
28
29
69
55
66
105
97
105
153
138
72
99
95
3
2
37
-31
-62
-6
1
-46
-32
8
-8
-44
-14
34
34
32
108
155
135
187
231
166
163
158
68
72
65
-7
33
40
21
31
-22
-52
-58
-170
-229
-178
-217
-309
-209
-122
-218
-167
-51
-79
-99
-65
-25
-26
-72
-40
-4
-26
-43
-33
0
-36
-65
-3
-5
-35
-15
23
35
12
20
49
32
23
-13
-13
-3
-50
-48
-17
-51
-55
-22
-17
-25
-29
4
48
41
33
91
125
90
139
178
143
177
224
182
176
186
144
136
136
84
66
98
84
52
33
-2
-29
-53
-123
-160
-135
-163
-190
-102
-103
-163
-70
-4
-94
-97
0
-9
-67
-29
-10
-69
-62
-32
-63
-80
-69
-13
6
-21
-9
36
38
11
3
-5
-37
-34
-46
-89
-82
-86
-110
-67
-59
-112
-70
5
-36
-78
-15
18
-18
-19
20
53
54
63
124
156
110
108
203
191
77
133
224
124
85
141
105
37
37
23
-17
-40
-48
-26
-17
-75
-55
6
-39
-65
-38
-53
-34
-12
-34
-7
23
-9
2
17
-36
-41
5
-27
-21
21
0
40
81
27
26
65
13
-33
-21
-52
-91
-86
-94
-111
-111
-105
-73
-82
-107
-63
-74
-121
-85
-80
-143
-109
-46
-85
-82
3
14
3
37
62
70
66
80
103
100
93
87
93
71
11
2
42
7
-37
32
80
19
42
112
59
28
64
38
2
19
40
40
43
44
46
61
53
48
64
56
64
68
45
50
57
47
35
35
37
20
13
20
-14
-56
-40
-39
-85
-83
-61
-84
-84
-72
-113
-121
-119
-141
-154
-170
-156
-125
-141
-126
-82
-97
-97
-39
-43
-72
-7
36
-3
22
56
21
18
37
18
-2
21
42
47
61
77
91
86
77
93
71
59
91
80
58
78
76
71
91
84
80
109
115
101
114
109
92
84
77
71
43
26
61
38
-2
35
33
-10
0
1
-38
-37
-34
-75
-84
-91
-148
-157
-138
-184
-193
-153
-155
-174
-159
-144
-150
-152
-136
-112
-101
-85
-41
-15
-13
17
35
38
42
60
78
82
100
132
125
117
151
139
102
129
140
84
92
132
91
50
84
85
25
26
59
26
0
23
23
-4
-1
-6
-4
-9
-23
-20
-4
-23
-35
-15
-8
-15
-14
-4
16
-5
-24
-4
-25
-80
-73
-62
-106
-121
-100
-92
-107
-121
-100
-87
-123
-118
-77
-90
-104
-66
-45
-47
-46
-22
15
7
1
71
82
56
109
134
104
126
139
118
128
125
116
126
110
96
103
86
66
61
53
40
28
8
0
-20
-34
-50
-57
-51
-63
-76
-47
-55
-77
-53
-38
-64
-53
-19
-23
-32
-10
5
-9
-16
-5
-11
-26
-26
-23
-31
-34
-32
-39
-49
-51
-50
-61
-50
-40
-55
-52
-28
-43
-57
-38
-28
-46
-30
5
7
1
36
47
32
50
62
51
62
63
66
86
80
67
85
87
68
71
76
66
51
49
40
29
9
-1
-9
-20
-33
-25
-15
-26
-27
-6
-5
-5
-3
1
8
5
-8
4
6
-15
1
17
-3
-3
16
8
-10
-17
-16
-27
-50
-52
-37
-55
-55
-36
-42
-61
-47
-50
-67
-76
-69
-52
-50
-55
-33
-21
-36
-32
-16
-30
-28
-12
-9
-1
11
26
45
43
40
63
60
46
53
53
50
49
36
42
42
15
20
22
-15
-10
18
-7
-10
21
21
16
30
29
20
19
18
7
3
10
19
20
31
36
41
42
45
31
27
30
24
19
30
24
24
31
11
-14
-15
-24
-52
-66
-55
-59
-66
-54
-41
-53
-55
-41
-54
-72
-63
-54
-59
-56
-42
-28
-23
-28
-22
-10
-21
-27
-16
-23
-26
-9
-8
-10
-3
-3
-2
-4
-19
-17
-1
-8
-8
12
14
11
18
19
9
7
7
2
-3
5
19
22
26
42
43
45
59
59
53
70
82
82
89
104
104
97
88
75
60
41
28
14
-2
-10
-7
-8
-16
-22
-17
-18
-42
-49
-41
-49
-62
-52
-52
-57
-56
-54
-57
-69
-79
-64
-61
-82
-73
-43
-51
-65
-41
-31
-54
-49
-31
-40
-40
-23
-11
-11
-15
1
4
-12
-16
-6
-6
-4
-3
2
21
22
19
39
43
26
42
57
41
47
79
83
73
94
108
94
89
94
77
59
65
54
36
45
51
34
33
36
22
12
7
-12
-22
-22
-29
-29
-28
-33
-25
-22
-28
-32
-37
-41
-48
-61
-57
-51
-61
-52
-34
-43
-40
-20
-17
-27
-18
-12
-19
-34
-39
-34
-47
-58
-44
-41
-42
-25
-11
-13
-1
15
10
6
7
4
0
-2
6
13
20
33
40
41
47
49
52
57
51
54
62
55
50
52
44
35
30
23
19
15
15
21
18
16
25
27
6
-7
-3
-16
-44
-40
-30
-47
-38
-10
-8
-8
8
13
2
-4
4
-5
-17
-15
-16
-21
-11
-5
-15
-8
-2
-3
-1
6
-1
-9
-4
-13
-32
-33
-33
-50
-46
-39
-36
-22
-16
-12
-4
-7
-10
-19
-29
-26
-37
-40
-16
-12
-11
17
23
14
22
26
20
14
18
31
32
31
47
48
36
33
27
9
1
-1
3
10
12
28
39
31
23
26
6
-23
-26
-30
-46
-35
-14
-9
4
22
29
23
21
20
6
-8
-6
-7
-10
-1
5
8
15
14
15
15
5
4
11
-2
-4
6
-8
-22
-13
-18
-42
-41
-29
-40
-46
-21
-15
-27
-17
-7
-25
-39
-33
-35
-42
-43
-32
-19
-11
-4
12
25
13
11
23
21
3
7
25
9
-2
25
31
14
21
33
17
7
15
15
4
-5
11
14
-4
9
23
6
4
10
0
-5
2
7
5
4
20
25
16
25
33
16
16
28
12
3
23
27
9
18
31
19
12
15
2
-8
-8
-6
-8
-15
-15
-16
-19
-20
-34
-45
-33
-46
-65
-36
-21
-43
-26
-6
-24
-26
-14
-23
-37
-34
-25
-25
-16
-3
-4
7
17
6
2
12
4
-3
7
11
15
30
34
34
37
32
27
32
23
4
10
17
7
16
25
15
17
15
-2
0
8
-9
-19
2
9
-8
18
43
12
-2
31
16
-26
-12
1
-27
-27
-2
-3
-11
2
10
-9
-22
-10
-9
-25
-20
-9
-9
2
22
13
4
11
0
-12
-14
-21
-12
-1
-9
4
29
22
13
28
16
-8
-2
21
16
4
20
41
27
21
29
22
3
-11
-13
-7
-14
-26
-5
0
-27
-15
9
-14
-27
-10
-18
-25
-8
-20
-26
-13
-21
-36
-22
-19
-32
-26
-20
-32
-31
-18
-22
-28
-18
-12
-11
15
24
16
28
37
20
15
24
19
13
20
32
43
41
43
59
43
15
26
37
14
15
35
43
45
56
64
57
40
33
20
4
-2
-5
-5
-3
-11
-5
7
-6
-20
-25
-45
-58
-48
-55
-54
-33
-32
-37
-26
-37
-50
-49
-68
-82
-72
-73
-73
-54
-56
-59
-43
-34
-38
-40
-40
-40
-38
-33
-20
-4
5
16
26
39
33
26
33
30
8
20
42
32
43
67
61
63
78
65
55
68
58
51
70
70
63
76
79
61
57
57
50
35
20
18
20
8
7
12
1
-9
-5
-9
-28
-26
-23
-35
-47
-40
-39
-48
-51
-52
-71
-78
-71
-77
-81
-75
-72
-73
-66
-59
-63
-61
-54
-56
-55
-43
-36
-35
-29
-29
-27
-14
-9
-11
3
13
8
16
29
24
13
20
36
32
27
57
70
46
60
93
62
47
81
65
38
57
61
46
51
58
60
56
48
51
49
28
28
31
15
20
25
8
12
14
-10
-7
4
-15
-18
-6
-14
-23
-19
-26
-40
-47
-48
-51
-51
-45
-39
-36
-35
-37
-37
-39
-46
-44
-39
-44
-39
-32
-40
-35
-21
-31
-32
-10
-15
-21
0
-3
-18
1
1
-13
-1
8
-6
1
22
12
12
36
32
20
37
31
8
16
18
3
14
27
19
35
42
23
28
35
12
12
21
15
15
20
20
26
17
16
29
15
5
21
19
1
9
15
-3
-6
6
3
-8
5
13
-1
-2
7
-6
-15
-4
-10
-13
-10
-15
-12
-17
-32
-21
-13
-39
-33
-9
-28
-40
-13
-19
-44
-31
-27
-47
-51
-41
-41
-44
-39
-25
-15
-18
-18
-12
-25
-36
-31
-29
-33
-27
-9
4
6
3
13
14
-3
0
9
3
11
26
26
27
35
32
32
43
37
34
49
44
36
50
48
37
45
46
40
46
43
41
45
35
37
41
30
32
27
14
22
10
-5
16
10
-18
5
4
-32
-18
-8
-38
-37
-21
-42
-50
-36
-48
-58
-55
-56
-59
-58
-56
-48
-47
-57
-49
-44
-62
-55
-34
-51
-49
-17
-27
-32
-7
-19
-24
-2
-9
-9
14
6
-1
21
21
3
9
30
17
5
42
51
20
41
59
26
33
47
20
33
50
31
51
71
44
51
73
41
28
51
38
26
42
42
39
50
38
26
37
19
-6
14
10
-20
-3
11
-11
-11
-5
-18
-22
-32
-41
-35
-41
-60
-44
-36
-57
-49
-29
-45
-52
-34
-44
-57
-44
-43
-52
-39
-33
-31
-17
-13
-16
-12
-11
-17
-21
-21
-17
-12
-4
6
14
21
19
14
16
12
1
2
12
20
21
29
52
49
31
44
45
15
17
38
21
26
47
44
49
54
39
44
43
15
26
36
9
20
40
17
20
37
11
1
15
-2
-17
-9
-23
-29
-25
-29
-27
-24
-29
-30
-30
-38
-47
-53
-49
-46
-59
-39
-18
-41
-36
-4
-23
-39
-17
-21
-39
-32
-19
-12
-11
-7
12
9
-11
-14
-6
-21
-31
-7
5
-3
18
30
17
26
24
5
11
-4
-14
8
3
15
45
35
34
49
27
16
31
26
25
31
34
37
29
16
40
34
-4
15
31
-9
-10
27
20
6
10
13
9
-13
-15
17
9
-29
-7
17
-35
-50
4
-15
-53
-6
8
-31
-19
-6
-29
-23
-22
-33
-8
-3
-7
21
23
15
8
-10
-9
-24
-45
-18
-11
-32
-4
20
-2
-5
15
-3
-23
6
-2
-19
16
10
-21
-6
-18
-39
-31
-26
4
4
5
52
35
10
36
17
-4
8
4
12
23
21
26
21
0
-15
-20
-32
-26
-2
-8
21
51
4
12
36
-29
-36
-6
-20
-5
16
39
49
14
10
12
-23
-30
-29
-8
0
-30
12
42
-18
-5
30
-14
-34
-5
-2
-10
4
9
2
-20
-56
-47
-29
-37
0
51
45
40
38
24
12
-10
-14
-1
-19
-30
-8
7
0
-2
14
-15
-57
-43
-38
-34
9
29
37
43
17
-2
-8
-25
-19
-4
-12
-6
18
8
12
53
24
-3
29
-10
-51
-8
3
-16
15
23
9
-2
-16
-10
-7
-33
-16
1
-27
-36
-9
-7
-12
9
19
26
21
11
37
34
10
37
24
-4
12
-26
-45
-20
-56
-40
5
-27
-23
19
0
-6
-1
2
14
-17
-19
25
2
-6
43
43
11
6
1
-11
3
17
23
61
58
17
26
10
-33
-20
-8
-8
-26
-33
-6
-14
-34
-10
-16
-38
-46
-33
-12
-21
13
63
43
16
18
25
16
-19
6
18
-16
15
32
-5
7
27
-15
-28
-39
-49
-11
-9
-12
60
46
8
32
8
-49
-16
21
-33
-8
60
17
3
48
5
1
-1
-28
-3
18
-11
30
35
-18
7
-12
-48
-8
-29
-61
-26
-18
-8
10
3
9
22
-8
-33
11
8
29
82
49
15
44
16
-14
8
3
5
15
-26
-39
-29
-75
-33
-24
-63
-25
-9
-4
18
-7
-14
11
25
5
9
73
10
2
65
6
-15
34
20
22
9
2
64
35
-1
26
6
-34
-30
-41
-28
-41
-47
-12
-37
-18
-4
-59
-47
-5
-72
-47
-4
-40
4
27
-22
21
53
4
22
17
20
36
1
-66
50
75
-22
52
119
25
53
37
-45
0
-49
-63
20
-40
-67
69
8
-71
29
67
-9
-45
10
26
-45
-56
16
-14
-16
-27
-25
-30
-45
-47
23
-32
-83
1
-3
-43
25
14
-20
29
50
29
-15
3
-5
11
27
8
44
59
36
78
32
47
85
60
77
57
25
37
18
12
13
36
36
-15
-13
5
-47
-274
-405
-355
-299
-231
-128
-17
189
289
125
-132
-133
-107
-165
-47
60
116
260
327
286
198
151
184
118
40
-11
-34
-35
-41
-98
-140
-157
-126
-53
-20
8
103
184
184
150
140
134
24
-61
-45
-66
-206
-341
-352
-411
-491
-332
-99
47
219
421
495
438
385
318
189
96
92
52
-35
-40
-32
-91
-112
-57
11
12
34
101
104
82
66
70
75
-15
-97
-83
-77
-97
-85
4
7
-11
42
51
13
21
36
4
-65
-101
-104
-136
-136
-117
-74
-8
35
32
71
74
51
94
56
-20
3
20
-9
1
-5
-21
-19
-13
-71
-102
-66
-72
-97
-67
-1
25
7
5
5
-54
-85
-59
-120
-165
-63
23
53
142
208
199
144
103
65
15
-16
-14
5
22
30
50
53
47
35
63
98
60
25
34
-25
-70
-51
-82
-134
-137
-150
-188
-181
-185
-189
-173
-172
-154
-103
-88
-73
-32
-26
-45
-19
2
-48
-85
-72
-19
9
23
79
96
53
67
89
28
-7
24
29
11
27
48
66
86
87
102
128
141
158
181
169
153
144
101
65
45
18
7
2
-8
17
37
44
59
60
49
43
61
55
32
10
22
23
-13
-41
-42
-79
-121
-127
-145
-169
-197
-243
-270
-251
-248
-241
-227
-215
-207
-199
-183
-176
-191
-186
-173
-202
-216
-220
-241
-259
-237
-231
-224
-159
-75
-21
33
107
176
206
216
226
234
258
324
430
559
704
829
952
1069
1128
1171
1198
1205
1228
1250
1274
1313
1381
1448
1514
1574
1620
1476
976
330
-330
-1217
-2273
-3054
-3594
-4019
-4045
-3564
-2937
-2220
-1296
-362
329
734
974
1030
831
446
84
-278
-763
-1234
-1537
-1790
-2050
-2134
-2010
-1771
-1434
-964
-420
65
483
856
1074
1091
984
858
705
595
607
744
972
1283
1640
1932
2086
2213
2314
2379
2402
2448
2554
2752
3117
3585
3935
3542
2517
1492
179
-1945
-3875
-5119
-6315
-7054
-6390
-5143
-4006
-2266
-138
1446
2404
3100
3396
3195
2611
1933
1365
660
-79
-386
-591
-1124
-1560
-1768
-2139
-2509
-2552
-2495
-2367
-1998
-1439
-877
-528
-485
-500
-593
-947
-1175
-1186
-1164
-919
-266
363
767
1131
1296
1206
957
647
410
267
231
481
941
1306
1764
2376
2841
3088
3472
3883
4294
4794
5499
6038
5398
3862
2424
542
-2693
-5478
-7115
-8840
-9976
-8749
-6801
-5204
-2586
737
3080
4446
5532
5917
5507
4449
3307
2403
1188
-131
-708
-1149
-2230
-3060
-3477
-4219
-4906
-4969
-4815
-4404
-3472
-2159
-716
535
1389
2035
2277
1898
1372
836
65
-510
-504
-513
-648
-570
-419
-492
-644
-754
-833
-816
-562
-11
668
1280
1882
2576
3049
3245
3451
3590
3664
3905
4412
4969
5765
6051
4821
3044
1521
-1135
-4865
-7151
-8480
-10022
-10050
-7528
-5156
-2995
419
3776
5482
6234
6749
6396
5207
3581
2229
1102
-456
-1703
-2188
-2943
-4230
-4904
-5236
-5811
-5885
-5275
-4352
-3008
-1236
551
2102
3159
3600
3519
2794
1699
637
-479
-1449
-1760
-1668
-1691
-1518
-1165
-1049
-1109
-1064
-916
-751
-402
269
1142
1897
2526
3098
3530
3648
3693
3703
3676
3836
4278
4818
5563
6424
5760
3608
1694
-354
-4306
-7766
-9042
-10239
-11165
-9020
-5482
-3251
-305
3590
6057
6670
6934
6676
5496
3760
2065
982
-332
-2006
-2884
-3355
-4670
-5879
-6161
-6472
-6534
-5583
-4063
-2312
-150
2063
3841
4986
5262
4741
3535
1695
-87
-1635
-3122
-3924
-3681
-3161
-2668
-1805
-966
-450
-124
237
478
573
746
1236
1816
2076
2336
2704
2872
2906
3029
3173
3211
3505
3980
4627
5225
6005
6171
4409
2022
175
-2710
-6882
-8963
-9511
-10494
-9797
-6039
-2901
-712
2795
6066
7103
6925
6666
5696
3957
1972
543
-574
-2282
-3669
-4134
-4983
-6391
-6849
-6698
-6579
-5587
-3666
-1666
457
2786
4671
5660
5694
4982
3714
1869
-106
-1753
-3161
-4193
-4269
-3620
-3011
-2337
-1383
-511
175
681
1156
1503
1640
1842
2171
2293
2121
2080
2059
1967
1929
2019
2152
2372
2937
3591
4341
5051
6026
6059
4014
1697
-2
-3349
-7552
-9056
-9417
-10367
-9061
-4828
-2005
194
3757
6524
6875
6399
5947
4777
3002
1168
17
-989
-2608
-3728
-4150
-5217
-6505
-6605
-6335
-5851
-4282
-2088
-25
2221
4411
5724
6069
5510
4242
2510
483
-1363
-2949
-4298
-4971
-4683
-3967
-3228
-2237
-1152
-98
861
1570
1996
2262
2302
2203
2073
1708
1322
1086
975
938
1157
1444
1866
2522
3199
3809
4505
5107
5769
6479
5297
2505
353
-1944
-6222
-9144
-9449
-10014
-10099
-6668
-2540
-442
2311
5526
6898
6439
5925
5025
3480
1661
224
-511
-1740
-3262
-4196
-4954
-6191
-6756
-6433
-5882
-4461
-2166
176
2434
4627
6019
6293
5709
4488
2780
786
-1193
-2837
-4180
-5084
-5213
-4567
-3593
-2543
-1294
111
1413
2153
2645
2872
2692
2161
1532
930
239
-247
-441
-250
159
751
1422
2247
3035
3678
4249
4891
5449
6152
6825
5385
2484
309
-2242
-6869
-9705
-9799
-10381
-10255
-6299
-2019
-105
2691
6015
7176
6305
5540
4683
3199
1328
60
-415
-1784
-3525
-4363
-5124
-6523
-7028
-6473
-5696
-3864
-1157
1386
3646
5750
6823
6691
5837
4446
2561
257
-1671
-2961
-4185
-5169
-5066
-4178
-3321
-2379
-1016
243
1169
1797
2288
2412
1951
1296
699
73
-451
-640
-576
-244
346
1032
1777
2529
3149
3509
3913
4324
4779
5308
6231
5878
3199
559
-1480
-5255
-9210
-9940
-9884
-10089
-7509
-2537
246
2343
5428
7275
6750
5629
4798
3595
2061
699
132
-804
-2558
-3985
-5045
-6450
-7443
-7256
-6424
-4604
-1822
949
3402
5550
6782
6821
5977
4545
2827
813
-1195
-2379
-3489
-4881
-5473
-5001
-4390
-3734
-2427
-825
491
1661
2628
3079
2768
1911
1179
421
-366
-774
-773
-541
33
759
1383
1934
2449
2796
3074
3525
4056
4689
5486
6804
6499
3687
923
-1144
-5200
-9061
-9557
-9398
-9416
-6545
-1689
651
2496
4998
6249
5536
4480
3891
3059
1934
930
526
-644
-2748
-4448
-5814
-7325
-8025
-7377
-6063
-3718
-542
2373
4743
6476
7129
6602
5426
3869
2079
191
-1276
-2381
-3976
-5437
-6069
-6235
-5956
-4731
-3027
-1167
841
2796
3829
3971
3502
2548
1453
311
-373
-616
-700
-470
251
816
1123
1523
1874
2177
2502
3195
3974
4984
5861
7158
7439
4988
1636
-869
-4374
-8656
-9822
-9449
-9216
-7260
-2688
272
1799
3942
5602
5605
4713
4404
3959
3062
1886
1082
-138
-2442
-4582
-6086
-7379
-8132
-7464
-5846
-3462
-454
2341
4474
5880
6463
6133
5119
3714
2114
554
-1056
-2449
-3891
-5508
-6793
-7115
-6538
-5429
-3711
-1531
753
2507
3616
3983
3611
2681
1620
847
194
-215
-356
-144
114
366
554
776
1158
1718
2423
3141
4036
4935
5837
6644
7782
7215
3863
583
-1675
-5530
-9268
-9562
-8994
-8746
-6122
-1616
617
1906
3893
5251
5075
4429
4202
3780
2817
1585
793
-744
-3224
-5273
-6620
-7690
-7791
-6574
-4749
-2206
720
3208
4866
5880
6154
5578
4442
3084
1568
-253
-2115
-3705
-5190
-6657
-7418
-7127
-5970
-4332
-2300
-110
1800
3004
3642
3820
3373
2647
1855
1226
762
420
116
-28
27
8
41
445
1089
1760
2562
3519
4391
5034
5721
6465
7352
6282
3102
285
-2007
-5778
-8532
-8359
-8063
-7637
-4823
-1066
281
1396
3087
4087
3894
3652
3784
3493
2653
1714
911
-922
-3338
-5135
-6357
-7115
-6775
-5497
-3757
-1369
1093
2999
4297
5042
5047
4446
3497
2354
955
-767
-2490
-3885
-5262
-6448
-6800
-6081
-4746
-3092
-1158
683
2092
2847
3297
3307
2826
2149
1534
1030
442
-100
-527
-738
-779
-596
-146
563
1377
2382
3374
4216
4848
5484
6021
6600
7500
6543
3342
489
-1739
-5523
-8310
-8293
-8130
-7947
-5419
-2006
-800
294
2121
3486
3688
3817
4323
4287
3525
2563
1632
-401
-2948
-4749
-5928
-6657
-6346
-5219
-3708
-1626
484
2065
3175
3944
4112
3807
3315
2592
1411
-163
-1616
-3165
-4851
-6153
-6552
-6039
-4778
-3093
-1320
409
1744
2445
2757
2836
2508
1974
1506
1019
412
-272
-726
-886
-840
-608
45
944
1922
2848
3545
4169
4739
5294
5873
6734
7684
6635
3594
846
-1685
-5663
-8355
-8360
-8248
-7968
-5426
-2250
-1147
-59
1750
3087
3402
3848
4671
4861
4220
3311
2214
25
-2572
-4323
-5516
-6227
-5933
-4989
-3771
-2150
-499
804
1918
2817
3343
3509
3427
2993
1934
417
-998
-2283
-3889
-5118
-5507
-5339
-4768
-3627
-2257
-1097
-10
943
1773
2223
2364
2260
1955
1459
817
230
-242
-427
-340
-42
540
1230
2042
2730
3303
3844
4305
4837
5665
6618
7627
7429
4836
1719
-891
-4483
-7839
-8492
-8282
-8337
-6588
-3415
-2211
-1616
160
1942
2722
3602
5030
5594
5179
4353
3283
1068
-1679
-3620
-4841
-5726
-5853
-5272
-4552
-3423
-2038
-646
653
1966
3027
3764
4176
4145
3220
1470
-198
-1595
-3275
-4861
-5411
-5461
-5313
-4555
-3225
-2185
-1238
-125
1074
1898
2275
2484
2424
2119
1519
982
582
436
504
682
1118
1578
2086
2542
3072
3471
3894
4323
5086
6014
6994
6855
4557
1629
-1110
-4456
-7405
-8008
-7971
-7744
-6160
-3452
-2348
-1713
-142
1605
2771
3872
5357
5995
5573
4561
3308
1093
-1590
-3539
-4694
-5404
-5634
-5314
-4771
-3878
-2769
-1415
125
1727
2992
3900
4428
4315
3060
1081
-644
-2163
-3681
-4778
-5017
-5023
-4881
-4227
-3207
-2425
-1682
-622
636
1706
2283
2706
2791
2497
1919
1481
1255
1143
1077
1109
1317
1373
1520
1824
2453
2933
3536
4299
5178
5874
6697
6878
4644
1731
-605
-3389
-6268
-6831
-6806
-7042
-6072
-3888
-3024
-2687
-1076
721
2144
3485
5182
5846
5406
4472
3290
1293
-1164
-2791
-3854
-4574
-4940
-4844
-4680
-4217
-3362
-2143
-599
948
2236
3149
3659
3363
2187
575
-828
-2050
-3063
-3748
-4014
-4137
-4096
-3655
-3025
-2364
-1619
-597
586
1609
2168
2493
2570
2296
1834
1456
1290
1225
1268
1477
1716
1853
1966
2268
2742
3243
3733
4292
4997
5662
6504
6072
3515
587
-1589
-4362
-6457
-6570
-6554
-6552
-5265
-3326
-2993
-2568
-1009
903
2412
3928
5435
5702
4939
3900
2700
618
-1531
-2772
-3507
-4146
-4466
-4584
-4632
-4279
-3448
-2139
-519
1035
2251
3136
3408
2824
1536
186
-925
-1892
-2639
-3099
-3362
-3562
-3506
-3222
-2764
-2245
-1492
-593
418
1171
1587
1886
1950
1874
1638
1465
1503
1689
1846
2044
2219
2204
2165
2416
2849
3291
3648
4135
4818
5501
6126
5222
2609
58
-1841
-4248
-5736
-5793
-5998
-5953
-4718
-3377
-3388
-2773
-1083
822
2345
3939
5219
5136
4396
3566
2380
351
-1382
-2341
-3081
-3792
-4210
-4478
-4605
-4201
-3308
-1929
-480
825
1889
2630
2651
1973
917
-74
-784
-1401
-1977
-2399
-2748
-3065
-3134
-2930
-2641
-2279
-1530
-592
216
669
1031
1379
1540
1665
1695
1728
1861
2053
2269
2437
2316
2122
2262
2748
3059
3404
3817
4193
4669
5436
5964
4369
1698
-291
-1964
-4275
-5225
-5255
-5728
-5583
-4294
-3431
-3566
-2575
-768
1101
2614
4080
4867
4516
3877
3153
1960
92
-1274
-2036
-2805
-3502
-3964
-4391
-4527
-3975
-2978
-1760
-551
577
1526
2006
1936
1300
247
-588
-917
-1279
-1832
-2156
-2453
-2801
-2809
-2534
-2382
-2162
-1385
-457
198
497
777
1021
1206
1496
1669
1688
1772
2078
2419
2554
2479
2337
2415
2857
3273
3728
4008
4519
5075
5835
5691
3610
997
-807
-2487
-4217
-4535
-4969
-5445
-5195
-4112
-3946
-3744
-2490
-741
1145
2794
4124
4373
3983
3511
2947
1825
347
-613
-1454
-2340
-3073
-3662
-4311
-4361
-3754
-2789
-1677
-667
279
862
1128
1004
536
-187
-614
-740
-1001
-1304
-1600
-1926
-2147
-2057
-2000
-1977
-1743
-1222
-637
-176
107
307
501
768
1145
1386
1540
1826
2188
2544
2750
2776
2627
2797
3180
3518
3893
4229
4642
5136
5944
5241
2797
539
-947
-2890
-4182
-4330
-4957
-5600
-5175
-4346
-4523
-4006
-2433
-498
1189
2808
3945
3986
3591
3388
2974
1827
650
-126
-1039
-2100
-2839
-3512
-4052
-4011
-3338
-2415
-1607
-840
-214
148
287
290
-32
-465
-530
-483
-713
-1032
-1251
-1571
-1643
-1544
-1553
-1736
-1690
-1360
-1038
-784
-468
-78
197
625
1182
1471
1636
2035
2623
2999
3094
3117
3140
3318
3538
4030
4421
4668
5006
5862
6073
4199
1634
-110
-1803
-3641
-4134
-4466
-5395
-5809
-5081
-4961
-5094
-3898
-1939
-82
1616
3112
3684
3483
3396
3389
2719
1682
842
10
-1146
-2121
-2917
-3683
-3983
-3650
-2971
-2426
-1761
-1131
-617
-215
83
-134
-610
-698
-498
-442
-584
-617
-828
-953
-870
-998
-1438
-1665
-1469
-1214
-1014
-891
-680
-481
-81
542
1009
1181
1600
2307
2914
3178
3342
3449
3570
3970
4427
4723
4753
5058
5515
6162
5325
2878
584
-838
-2486
-3716
-4123
-4960
-5779
-5731
-5125
-5314
-4869
-3375
-1356
467
1967
2958
3181
3168
3339
3368
2653
1768
1039
125
-1053
-2010
-2868
-3513
-3600
-3152
-2675
-2428
-2123
-1834
-1424
-961
-607
-673
-658
-415
-159
-101
-156
-261
-328
-190
-265
-741
-1415
-1733
-1719
-1485
-1317
-1216
-1060
-805
-252
353
819
1173
1795
2539
3208
3496
3662
3669
3882
4329
4782
4929
4936
5171
5675
5930
4142
1721
77
-1321
-2926
-3368
-4025
-5377
-5930
-5443
-5392
-5469
-4333
-2789
-1010
641
1987
2512
2652
2979
3390
3269
2484
1800
977
-30
-925
-1638
-2503
-3003
-2980
-2731
-2527
-2439
-2275
-1973
-1551
-1240
-1170
-1341
-1257
-783
-304
-92
-44
-56
5
64
-154
-671
-1116
-1241
-1174
-1097
-1193
-1258
-1119
-684
-64
497
902
1371
2064
2840
3341
3608
3715
3792
4059
4427
4739
4850
5049
5492
6076
5051
2564
770
-391
-2116
-2992
-3281
-4584
-5768
-5575
-5401
-5853
-5242
-3829
-2293
-783
678
1508
1842
2313
3060
3430
3017
2489
1912
995
80
-546
-1339
-1998
-2167
-2228
-2425
-2711
-2951
-2839
-2361
-1885
-1522
-1504
-1558
-1252
-657
-252
54
291
466
555
375
-89
-660
-870
-861
-765
-873
-1136
-1257
-1062
-507
173
713
1087
1632
2231
2683
2918
3245
3499
3771
4184
4657
4815
4934
5475
6276
5953
3813
1736
506
-1039
-2332
-2683
-3721
-5202
-5699
-5478
-6026
-6004
-4942
-3463
-2091
-643
491
994
1587
2507
3315
3214
2840
2457
1775
935
404
-172
-974
-1303
-1420
-1740
-2335
-2823
-2996
-2806
-2548
-2317
-2258
-2389
-2159
-1498
-914
-564
-170
252
561
639
463
67
-255
-348
-331
-490
-868
-1082
-1031
-710
-184
288
673
1154
1729
2288
2702
3038
3325
3676
3980
4363
4652
4928
5232
6038
6091
4223
2169
1062
-216
-1605
-1909
-2832
-4350
-5147
-5118
-5721
-5942
-5113
-3998
-2813
-1547
-521
-72
630
1699
2696
2970
2868
2690
2107
1497
1132
713
-24
-374
-545
-1047
-1928
-2619
-2894
-2886
-2721
-2595
-2687
-2951
-2735
-2111
-1542
-1067
-450
68
394
614
529
221
61
149
204
-33
-460
-706
-721
-531
-100
285
543
857
1307
1757
2138
2544
2885
3263
3579
3855
4018
4417
5021
5885
6007
4404
2617
1564
604
-569
-1016
-2022
-3459
-4391
-4693
-5354
-5696
-5019
-4190
-3264
-2370
-1545
-1119
-328
858
1890
2274
2306
2341
1961
1689
1601
1351
767
457
229
-324
-1124
-1838
-2254
-2412
-2561
-2972
-3278
-3428
-3272
-2796
-2175
-1801
-1307
-626
-31
373
540
583
548
632
591
425
146
5
20
110
190
207
482
874
1353
1788
2185
2464
2720
3083
3377
3718
3937
4366
5007
5805
5315
3570
2228
1544
655
-221
-687
-2011
-3341
-3977
-4256
-5032
-5130
-4520
-3915
-3346
-2773
-2271
-1797
-768
450
1296
1549
1675
1777
1633
1628
1633
1380
943
694
343
-388
-1244
-1687
-1903
-2162
-2391
-2742
-3305
-3501
-2971
-2390
-2100
-1790
-1245
-796
-296
172
311
298
490
712
687
502
405
490
660
874
879
673
661
1137
1657
1938
2116
2346
2549
2753
3123
3486
3913
4335
5144
5639
4589
2817
2021
1617
617
81
-732
-2228
-3432
-3695
-4085
-4599
-4487
-4139
-3670
-3327
-2928
-2605
-1850
-777
222
768
879
1025
1086
1289
1571
1615
1201
910
728
222
-411
-840
-1152
-1469
-1769
-2128
-2715
-3127
-2969
-2460
-2168
-2063
-1799
-1526
-1057
-461
-31
-49
44
301
450
513
591
746
880
1098
1187
1072
959
1188
1652
2003
2215
2331
2433
2614
2963
3344
3694
4150
4701
5151
4518
2977
1949
1608
991
253
-523
-1912
-3027
-3507
-3808
-4234
-4224
-4031
-3752
-3417
-3169
-2878
-2215
-1132
-267
213
339
512
820
1139
1469
1554
1193
809
663
262
-289
-504
-724
-1146
-1573
-1873
-2297
-2555
-2280
-1849
-1668
-1711
-1611
-1394
-983
-475
-62
-38
-170
-73
40
202
430
679
879
1111
1197
1162
1169
1312
1681
2033
2355
2483
2520
2613
2986
3384
3748
4151
4671
4820
3722
2343
1634
1310
560
12
-833
-2112
-3146
-3444
-3608
-3923
-3803
-3546
-3258
-3213
-3013
-2721
-1952
-1071
-457
-242
-225
-36
323
850
1256
1290
910
643
360
-184
-392
-282
-545
-1054
-1362
-1791
-2225
-2126
-1586
-1286
-1257
-1364
-1378
-1222
-702
-120
183
52
-105
-7
104
307
511
700
827
1013
1088
1176
1300
1506
1781
2056
2316
2509
2721
3019
3476
3861
4238
4629
4864
3996
2609
1870
1471
636
-104
-877
-2077
-2936
-3284
-3488
-3807
-3800
-3590
-3348
-3175
-2992
-2680
-2167
-1371
-811
-589
-568
-387
-66
386
825
986
889
714
371
-156
-321
-238
-363
-783
-1207
-1576
-1875
-1891
-1570
-1356
-1308
-1213
-1063
-942
-723
-247
147
226
225
305
372
563
825
893
801
726
822
1067
1340
1567
1764
1899
1985
2244
2596
3066
3442
3873
4320
4809
4803
3679
2545
2044
1651
690
-152
-1338
-2447
-3042
-3210
-3476
-3851
-3860
-3777
-3420
-3237
-2979
-2591
-1890
-1219
-968
-820
-708
-315
68
501
593
508
536
652
431
-16
-188
-281
-457
-755
-1026
-1409
-1738
-1643
-1335
-1255
-1312
-1292
-1052
-689
-264
84
127
108
263
594
799
930
1011
1066
1068
993
864
804
1027
1314
1565
1606
1668
1880
2293
2725
3248
3776
4195
4710
4265
3068
2404
2313
1622
753
-183
-1435
-2417
-2827
-3016
-3521
-3755
-3740
-3577
-3487
-3319
-2922
-2359
-1647
-1224
-1082
-1014
-701
-202
274
530
404
284
297
184
-31
-27
20
-212
-562
-844
-1008
-1239
-1248
-1020
-984
-1085
-1142
-1057
-887
-452
39
303
275
213
344
623
951
1248
1366
1291
1229
1162
1087
1138
1203
1309
1408
1491
1606
1902
2329
2838
3367
3860
4303
3681
2564
2249
2347
1684
956
47
-1242
-2194
-2481
-2663
-3226
-3595
-3659
-3525
-3601
-3494
-3114
-2495
-1795
-1328
-1196
-1220
-935
-394
326
629
476
208
118
0
-49
48
-97
-396
-590
-628
-763
-1010
-1056
-758
-621
-650
-711
-821
-748
-274
229
322
198
197
502
865
1137
1268
1342
1377
1558
1686
1564
1393
1423
1581
1646
1718
1673
1734
2049
2611
3092
3558
3501
2627
1831
1743
1617
907
191
-696
-1574
-2161
-2415
-2704
-3120
-3371
-3280
-3153
-3271
-3116
-2644
-2125
-1734
-1546
-1387
-1098
-623
-126
273
234
66
96
137
83
-54
-207
-477
-625
-704
-778
-950
-1005
-810
-604
-575
-642
-555
-376
31
402
527
443
437
677
1024
1318
1398
1413
1413
1510
1690
1795
1808
1795
1858
1807
1760
1767
1958
2291
2640
2936
3181
3088
2275
1681
1658
1494
741
-65
-1003
-1898
-2484
-2684
-2782
-3112
-3463
-3473
-3381
-3439
-3111
-2497
-1950
-1620
-1540
-1514
-1281
-828
-244
267
293
39
-159
-267
-220
-88
-94
-360
-679
-987
-1081
-1070
-979
-844
-716
-695
-663
-512
-270
159
635
918
973
1000
1157
1440
1766
2011
2110
1973
1817
1759
1763
1851
1988
2026
1841
1702
1716
1986
2288
2627
3053
3362
2962
2041
1552
1513
1291
692
-81
-1148
-2138
-2693
-2875
-3146
-3561
-3774
-3764
-3784
-3787
-3459
-2937
-2332
-1839
-1547
-1435
-1276
-869
-242
243
335
173
-75
-173
-56
31
-64
-274
-536
-786
-933
-1068
-1148
-1102
-994
-940
-933
-869
-636
-169
304
632
811
1026
1387
1830
2236
2493
2578
2545
2538
2534
2456
2345
2269
2230
2145
2039
2017
2166
2427
2718
3093
2999
2240
1568
1563
1436
880
171
-642
-1437
-2037
-2381
-2824
-3304
-3660
-3627
-3741
-4006
-3980
-3556
-3045
-2614
-2333
-2206
-1868
-1304
-632
-175
-90
-165
-9
242
373
332
120
-84
-120
-181
-384
-656
-893
-897
-806
-884
-1094
-1104
-929
-519
-80
104
200
468
975
1539
2012
2279
2553
2843
3026
3090
3018
2949
2953
3020
2951
2782
2581
2461
2593
2886
3050
2561
1689
1135
1043
765
143
-474
-1190
-1804
-2191
-2496
-3035
-3447
-3479
-3366
-3460
-3751
-3717
-3416
-2951
-2584
-2388
-2381
-2156
-1605
-1017
-670
-665
-574
-255
102
229
189
70
73
240
271
28
-357
-570
-530
-403
-474
-666
-776
-705
-438
-138
2
165
556
1059
1428
1688
1963
2323
2744
3075
3203
3169
3140
3191
3298
3374
3372
3348
3350
3453
3489
3058
2233
1656
1459
1099
390
-522
-1445
-2130
-2470
-2683
-3116
-3747
-4103
-4000
-3827
-3773
-3666
-3484
-3164
-2717
-2423
-2310
-2123
-1723
-1213
-787
-787
-942
-898
-587
-233
-47
-161
-365
-363
-253
-81
-91
-240
-353
-300
-304
-402
-442
-356
-67
195
285
222
340
793
1443
1934
2067
2115
2292
2679
3080
3392
3469
3457
3499
3589
3657
3707
3834
4042
4126
3606
2661
1908
1633
1404
932
69
-979
-1993
-2618
-2881
-3123
-3639
-4076
-4260
-4421
-4513
-4320
-3939
-3559
-3186
-2907
-2663
-2379
-1916
-1297
-840
-750
-732
-641
-544
-397
-243
-246
-373
-504
-586
-593
-596
-558
-468
-436
-543
-606
-512
-251
83
316
396
443
645
1032
1527
1874
2055
2186
2396
2625
2853
3085
3323
3547
3661
3732
3786
3917
4151
4435
4327
3652
2847
2308
1969
1504
881
9
-883
-1711
-2299
-2715
-3140
-3501
-3724
-3902
-4270
-4433
-4324
-3938
-3489
-3206
-3139
-3107
-2800
-2244
-1552
-1234
-1149
-1080
-896
-633
-414
-287
-293
-241
-278
-360
-555
-692
-641
-462
-373
-533
-709
-718
-404
34
352
481
568
797
1192
1698
2049
2255
2451
2637
2744
2837
3016
3216
3463
3630
3699
3719
3784
4049
4315
4098
3425
2878
2474
2013
1482
790
-47
-855
-1546
-2080
-2644
-3284
-3676
-3726
-3920
-4134
-4229
-4166
-3891
-3488
-3151
-2940
-2764
-2548
-2070
-1649
-1433
-1266
-1090
-948
-811
-678
-651
-566
-507
-480
-531
-671
-782
-729
-572
-550
-554
-592
-511
-271
44
292
491
701
987
1434
1817
2098
2329
2562
2747
2913
3094
3221
3388
3506
3641
3710
3774
3861
4033
3926
3408
2918
2528
2167
1703
1210
530
-190
-935
-1477
-1921
-2466
-2946
-3262
-3572
-3938
-4079
-4082
-3947
-3772
-3562
-3291
-3023
-2748
-2386
-1960
-1647
-1329
-1021
-817
-732
-666
-550
-413
-347
-387
-487
-647
-805
-862
-826
-800
-794
-747
-671
-564
-377
-81
274
622
947
1273
1571
1849
2146
2469
2708
2856
3012
3146
3275
3423
3614
3776
3908
3981
3996
3840
3406
2986
2658
2265
1684
1095
472
-133
-736
-1276
-1725
-2205
-2606
-2868
-3088
-3412
-3607
-3642
-3578
-3499
-3444
-3333
-3158
-2902
-2609
-2300
-2083
-1889
-1622
-1312
-1026
-813
-639
-517
-404
-316
-237
-209
-266
-353
-402
-449
-526
-559
-545
-446
-314
-174
-20
202
525
931
1339
1642
1891
2121
2375
2624
2883
3088
3270
3432
3550
3645
3738
3890
4015
3977
3606
3118
2663
2268
1826
1282
685
67
-555
-1167
-1698
-2212
-2643
-2876
-3023
-3205
-3438
-3587
-3578
-3427
-3268
-3081
-2864
-2656
-2440
-2240
-2070
-1930
-1742
-1481
-1214
-1044
-977
-920
-843
-722
-558
-407
-349
-383
-389
-351
-275
-217
-138
-40
70
186
319
483
684
969
1271
1531
1724
1880
2048
2247
2489
2730
2956
3121
3255
3366
3490
3646
3807
3849
3636
3236
2779
2375
1953
1481
954
412
-158
-749
-1329
-1885
-2351
-2679
-2855
-3021
-3235
-3464
-3575
-3527
-3392
-3192
-2992
-2771
-2563
-2333
-2125
-1943
-1755
-1502
-1193
-940
-779
-719
-674
-641
-560
-464
-406
-420
-468
-472
-461
-428
-368
-221
-38
142
318
513
752
1019
1323
1584
1812
1990
2175
2323
2435
2549
2692
2873
3015
3106
3149
3215
3317
3411
3357
3096
2724
2347
2014
1622
1148
625
128
-359
-847
-1361
-1857
-2250
-2521
-2679
-2847
-3028
-3194
-3263
-3232
-3148
-3031
-2894
-2727
-2554
-2385
-2246
-2103
-1907
-1641
-1355
-1110
-910
-761
-637
-525
-392
-264
-174
-131
-110
-99
-116
-121
-81
20
142
261
381
519
709
945
1197
1419
1607
1792
1984
2161
2295
2426
2573
2737
2864
2952
3014
3081
3153
3178
3090
2849
2535
2212
1905
1546
1104
618
130
-345
-822
-1276
-1701
-2062
-2388
-2660
-2882
-3045
-3131
-3157
-3136
-3117
-3066
-2961
-2766
-2529
-2317
-2151
-2013
-1857
-1685
-1474
-1244
-998
-792
-648
-565
-499
-397
-240
-43
104
166
147
150
226
373
540
677
790
881
995
1120
1271
1424
1570
1690
1763
1804
1852
1974
2155
2344
2471
2550
2611
2691
2798
2891
2913
2805
2588
2302
1986
1629
1248
861
452
-5
-505
-988
-1416
-1787
-2114
-2397
-2653
-2868
-3031
-3123
-3166
-3192
-3192
-3127
-2978
-2784
-2575
-2375
-2179
-1972
-1750
-1521
-1280
-1022
-763
-524
-354
-274
-229
-153
-17
128
220
239
223
241
322
449
591
736
888
1039
1171
1284
1399
1523
1645
1730
1756
1758
1774
1833
1921
2005
2067
2113
2161
2220
2290
2348
2367
2324
2204
2012
1771
1501
1228
939
611
232
-186
-612
-1011
-1369
-1689
-1976
-2235
-2467
-2676
-2855
-3000
-3088
-3113
-3077
-3001
-2911
-2801
-2660
-2466
-2226
-1961
-1688
-1407
-1101
-784
-488
-233
-27
142
303
441
554
626
662
676
666
647
639
661
725
807
878
925
969
1030
1122
1225
1315
1393
1457
1516
1571
1622
1674
1737
1809
1862
1885
1885
1882
1890
1876
1807
1677
1509
1323
1125
907
647
342
12
-318
-639
-957
-1265
-1546
-1797
-2025
-2230
-2413
-2563
-2669
-2716
-2720
-2706
-2683
-2625
-2516
-2367
-2183
-1975
-1748
-1497
-1220
-914
-608
-321
-53
199
425
620
782
914
1019
1082
1097
1077
1037
1000
986
975
939
877
819
795
802
816
838
864
893
938
995
1061
1134
1212
1303
1387
1448
1494
1531
1557
1561
1531
1466
1361
1230
1076
900
686
427
153
-108
-360
-616
-877
-1152
-1417
-1655
-1839
-1978
-2107
-2227
-2329
-2391
-2417
-2412
-2368
-2275
-2153
-2017
-1873
-1710
-1510
-1268
-986
-701
-453
-244
-34
199
431
627
779
888
964
1023
1067
1089
1086
1074
1059
1037
975
895
834
805
791
761
716
664
634
648
709
764
792
822
887
979
1071
1139
1187
1217
1227
1236
1221
1150
1033
902
769
603
394
176
-34
-245
-463
-685
-904
-1122
-1310
-1443
-1549
-1669
-1798
-1884
-1921
-1931
-1914
-1868
-1807
-1746
-1655
-1517
-1354
-1180
-988
-777
-580
-409
-226
-22
170
324
456
564
637
695
763
824
847
833
821
820
803
778
763
747
723
687
664
642
603
586
605
621
599
573
590
630
674
713
743
744
733
751
789
797
749
681
602
506
401
291
174
17
-163
-334
-498
-671
-829
-946
-1049
-1171
-1296
-1392
-1445
-1468
-1459
-1417
-1379
-1351
-1300
-1200
-1067
-928
-780
-624
-488
-366
-232
-74
81
214
323
406
455
487
536
588
613
598
572
546
515
493
485
482
469
453
465
486
501
514
547
582
603
613
622
627
624
621
613
595
552
507
476
440
380
312
259
196
134
84
35
-54
-171
-268
-349
-432
-515
-589
-671
-768
-842
-883
-907
-926
-939
-926
-898
-860
-802
-720
-644
-573
-499
-424
-352
-276
-185
-90
-10
53
100
131
174
235
298
337
357
356
341
340
362
372
348
327
309
285
283
315
343
346
354
382
408
437
490
538
545
517
487
459
432
411
394
353
264
149
48
-23
-67
-94
-114
-158
-235
-304
-340
-357
-374
-382
-402
-444
-486
-500
-484
-467
-451
-447
-448
-450
-425
-362
-284
-217
-173
-153
-143
-126
-88
-33
12
34
31
18
5
4
23
53
77
80
79
78
84
102
131
165
177
174
178
191
195
215
245
255
258
286
327
349
374
416
423
400
391
384
345
301
280
228
129
39
-35
-140
-232
-275
-316
-380
-417
-414
-430
-442
-412
-373
-352
-315
-248
-193
-152
-92
-38
-6
15
43
69
85
112
142
151
137
114
90
60
30
10
-2
-28
-79
-121
-154
-182
-191
-172
-148
-146
-139
-110
-89
-62
-7
50
85
106
143
173
188
210
234
238
219
212
224
231
238
251
236
187
139
112
80
55
43
14
-56
-134
-197
-267
-328
-336
-334
-351
-350
-328
-310
-287
-234
-178
-136
-75
4
63
116
182
223
220
220
233
224
215
233
222
170
132
104
59
22
14
-6
-61
-93
-102
-126
-142
-126
-115
-125
-114
-83
-58
-36
16
64
89
119
168
210
234
257
262
242
210
188
178
164
139
98
52
-12
-78
-116
-134
-158
-188
-207
-242
-292
-321
-326
-339
-363
-368
-365
-365
-349
-302
-260
-232
-196
-137
-74
-20
51
132
179
203
236
271
287
305
327
317
277
239
211
173
141
121
90
46
8
-14
-45
-67
-70
-77
-91
-82
-55
-31
10
59
93
106
136
179
204
245
297
316
296
275
259
221
175
138
97
33
-25
-67
-101
-144
-185
-216
-255
-311
-355
-349
-333
-335
-316
-286
-292
-316
-301
-278
-284
-264
-187
-132
-111
-58
-3
3
3
38
57
54
92
157
191
197
202
180
130
99
87
76
80
87
82
70
51
4
-45
-54
-54
-55
-22
42
81
109
161
177
152
161
210
238
258
308
324
277
240
217
143
69
51
31
-17
-39
-43
-85
-136
-157
-185
-247
-274
-259
-254
-252
-225
-215
-237
-239
-222
-218
-227
-194
-140
-111
-78
-27
2
-3
6
24
14
-13
-1
39
55
53
64
62
14
-20
1
5
-28
-8
48
46
10
22
27
-26
-50
0
25
18
82
170
178
165
194
201
174
198
267
278
251
257
243
171
106
71
20
-34
-39
-31
-60
-96
-105
-124
-167
-195
-203
-203
-190
-150
-127
-144
-163
-169
-169
-165
-139
-89
-54
-22
26
51
40
42
59
64
63
76
75
57
46
40
6
-52
-75
-72
-79
-80
-65
-68
-84
-76
-59
-65
-67
-45
-18
7
32
61
86
113
142
166
176
180
193
212
226
230
209
174
138
101
56
19
-14
-52
-69
-86
-112
-133
-154
-162
-167
-174
-182
-170
-145
-122
-96
-80
-92
-106
-98
-79
-57
-39
-6
30
46
59
78
67
54
78
105
106
107
121
111
85
66
42
3
-24
-13
3
-5
-16
-8
-13
-35
-33
-31
-40
-25
12
39
54
65
71
77
79
82
92
102
118
141
150
129
98
68
35
11
-16
-43
-64
-90
-111
-126
-148
-172
-175
-175
-173
-162
-152
-140
-111
-89
-82
-76
-82
-82
-67
-53
-35
-12
3
15
32
39
41
46
47
60
81
90
88
86
81
74
61
46
34
28
33
39
48
51
53
60
60
55
55
54
55
70
82
79
73
57
46
33
22
22
29
25
24
32
15
-12
-28
-38
-55
-67
-75
-93
-105
-114
-117
-127
-148
-150
-144
-138
-128
-109
-89
-80
-61
-44
-50
-56
-53
-38
-27
-11
12
24
20
20
31
26
25
43
62
69
75
79
78
71
63
60
49
36
42
59
61
68
82
84
76
79
79
74
70
80
92
90
72
56
37
8
-8
-12
-27
-41
-35
-37
-51
-62
-78
-87
-93
-95
-94
-93
-96
-91
-78
-73
-80
-84
-83
-79
-68
-61
-48
-31
-21
-12
-5
-13
-17
-7
3
18
26
30
33
37
39
45
55
56
65
79
84
87
89
82
74
72
60
49
44
40
41
41
33
25
20
12
7
13
10
7
12
11
2
-15
-28
-30
-36
-39
-35
-35
-46
-49
-45
-59
-76
-76
-79
-88
-83
-74
-69
-75
-78
-73
-76
-84
-80
-63
-51
-25
-3
14
27
40
49
52
51
57
75
85
100
113
114
105
96
91
81
75
82
78
78
92
95
92
81
72
65
50
37
30
30
25
16
6
-11
-29
-42
-54
-66
-77
-82
-79
-78
-83
-88
-93
-100
-100
-104
-110
-109
-107
-100
-94
-90
-90
-89
-87
-87
-86
-83
-79
-71
-59
-51
-44
-35
-27
-19
-14
-10
-3
9
23
36
54
70
84
96
109
122
130
138
145
155
166
174
171
168
155
140
126
109
94
78
65
48
39
24
14
5
-9
-16
-27
-36
-43
-44
-48
-52
-53
-53
-60
-72
-80
-91
-99
-103
-103
-101
-100
-96
-95
-96
-102
-108
-111
-113
-107
-99
-92
-84
-81
-73
-65
-57
-54
-49
-37
-30
-14
4
19
33
44
54
56
60
65
71
79
89
97
102
109
119
120
117
115
113
116
118
117
118
115
109
97
87
73
52
32
17
6
-8
-20
-34
-47
-62
-72
-80
-86
-91
-92
-84
-80
-75
-64
-58
-52
-48
-48
-48
-50
-51
-48
-41
-40
-37
-38
-40
-42
-46
-54
-56
-57
-54
-47
-38
-30
-21
-12
-2
5
12
26
39
55
70
85
94
99
109
108
102
99
93
89
85
78
73
66
56
48
42
28
22
21
19
14
11
11
9
3
-10
-22
-36
-51
-69
-84
-94
-105
-109
-114
-115
-118
-119
-112
-105
-89
-75
-51
-29
-10
6
24
36
45
51
51
49
44
43
39
33
26
15
5
-5
-13
-9
-4
3
13
27
39
51
64
74
80
83
85
83
84
80
80
73
63
54
39
27
13
6
-1
-9
-13
-14
-14
-14
-13
-13
-13
-18
-21
-24
-30
-37
-46
-60
-78
-90
-105
-118
-129
-143
-149
-150
-153
-143
-130
-116
-98
-75
-49
-25
-1
22
42
64
81
94
98
102
104
103
93
81
71
57
50
45
42
36
31
29
33
37
43
48
55
61
62
66
67
63
56
54
47
36
27
17
3
-10
-17
-28
-35
