-4
1
0
2
-1
3
-1
1
-3
-1
0
2
10
-3
-6
-7
-6
-5
-5
-2
-10
-8
-2
-6
-4
-6
-6
-7
-9
-7
-6
-7
-11
-11
-13
-13
-10
-12
-13
-9
-10
-8
-10
-11
-11
-9
-7
-12
-14
-8
-6
-3
-4
-3
-1
0
3
7
7
6
7
12
12
12
8
9
10
13
14
9
7
8
2
-2
3
-1
-4
-6
-7
-10
-13
-13
-17
-12
-8
-10
-5
-4
1
-3
-5
-4
-1
4
-1
3
5
6
5
4
5
1
-1
-4
-3
-5
-7
-6
-9
-2
-4
-5
2
0
1
3
-4
0
5
4
1
-5
-1
4
4
4
-1
-1
-2
1
6
-1
-6
-5
-4
-2
-3
-4
1
4
3
4
2
-2
-3
1
1
4
4
2
8
11
3
8
9
3
-2
3
8
4
6
3
3
7
4
1
7
1
-2
2
0
4
4
3
-3
-3
-1
1
2
-5
-3
-4
-3
-8
-12
-7
-11
-7
-10
-7
-2
-5
-5
-9
-8
-11
-7
-12
-9
-7
-12
-13
-15
-11
-11
-6
-8
-10
-6
-5
-1
-2
-1
-4
-10
-9
-8
-10
-10
-5
-7
-6
0
-9
-11
-3
-4
-5
-4
-3
-1
-6
-5
-4
3
7
6
5
2
1
-5
-6
-5
-2
0
-2
1
-2
-3
-3
-5
2
-2
-2
4
3
7
6
2
3
4
1
-3
0
1
-1
-2
-5
-5
-7
-8
-3
-5
-10
-8
-6
-5
-5
-5
2
1
5
7
4
6
6
7
7
2
3
7
4
3
0
6
6
1
8
8
5
7
8
7
4
2
8
3
4
5
7
2
4
6
7
8
11
12
5
12
11
21
15
13
22
15
21
26
19
22
18
19
24
20
25
22
18
21
15
15
6
6
5
6
-9
-12
4
-6
-7
-6
-10
-15
-11
-9
-10
-20
-13
-6
-17
-12
-17
-39
-46
-53
-55
-66
-59
-78
-82
-61
-74
-78
-86
-98
-87
-85
-102
-112
-124
-131
-130
-130
-130
-132
-144
-136
-125
-107
-98
-89
-86
-74
-78
-90
-83
-84
-77
-68
-71
-60
-46
-45
-3
9
9
22
16
32
38
55
68
57
91
88
74
81
87
59
64
67
13
27
27
2
-16
-45
-55
-72
-84
-61
-54
-62
-37
-28
-25
6
21
37
32
56
59
38
63
73
67
56
67
76
40
35
22
1
43
26
-9
-20
-42
-26
-40
-67
-64
-42
-33
-31
10
-18
-11
8
-6
12
25
45
52
74
74
63
88
105
104
120
159
151
149
156
162
198
177
156
160
182
195
225
242
231
252
244
239
269
289
259
257
288
269
241
237
247
216
153
146
145
117
60
24
9
-11
-7
-3
-68
-83
-74
-69
-22
-21
-38
-44
-10
13
56
93
95
137
61
40
70
13
57
63
61
77
30
-43
-78
-58
-73
-99
-96
-131
-185
-229
-230
-185
-219
-203
-183
-261
-256
-236
-183
-176
-232
-205
-242
-241
-258
-300
-244
-246
-302
-843
-2117
-3012
-2751
-1615
-376
344
601
635
679
595
473
622
693
689
612
450
233
-83
-170
-227
-306
-859
-2229
-3021
-2467
-1537
-982
-693
-367
229
827
788
552
746
1027
1082
737
59
-55
562
1080
587
-477
-698
-178
404
419
17
-105
-315
-245
555
771
489
514
550
638
791
1016
1184
1292
1282
1105
1042
1177
1382
1280
965
834
744
663
439
294
363
70
-117
-34
-270
-329
-85
10
12
-33
-160
-128
-57
-369
-466
-316
-394
-596
-430
-82
-315
-580
-456
-312
-86
24
-137
-96
102
44
-122
-315
-309
-317
-278
-108
-235
-435
-538
-645
-571
-458
-615
-622
-426
-99
-17
-103
-50
-14
68
166
213
123
-1
125
628
645
331
407
550
495
268
368
383
262
439
748
771
510
371
423
478
429
531
653
515
502
602
560
207
-87
-163
-286
-441
-619
-681
-812
-1028
-1174
-1404
-1678
-1896
-1884
-1958
-2110
-2042
-1891
-1804
-1814
-1796
-1787
-1749
-1638
-1570
-1379
-1186
-1028
-776
-678
-563
-359
-305
-205
-30
113
368
644
957
1234
1383
1584
1687
2019
2441
2725
3107
3586
3962
4012
4026
4081
4265
4647
5087
5293
5324
5334
5484
5579
5514
5106
3991
2611
1430
422
-993
-2572
-3895
-4995
-5825
-6518
-7190
-8018
-8726
-8820
-8408
-7881
-7458
-6919
-6190
-5432
-4749
-4098
-3532
-3040
-2521
-2109
-1530
-815
-211
442
1041
1363
1487
1474
1264
1005
802
785
840
914
994
1053
1244
1646
2190
2757
3459
3987
4624
5383
6064
6828
7492
8108
8514
8942
9427
10022
9959
8443
6324
4611
3247
1207
-1127
-3247
-5168
-6436
-7053
-7605
-8666
-10176
-10942
-10642
-9857
-9301
-8722
-7555
-6163
-4483
-2686
-1363
-737
-200
735
1724
2755
3523
4013
4502
4690
4579
3958
2622
728
-1136
-2536
-3719
-4456
-4902
-5366
-5731
-5653
-5338
-5226
-5122
-4802
-3923
-2359
-534
1270
2954
4501
5887
7136
8292
8805
9107
9556
10130
10893
11535
12156
12410
12702
12302
10066
7070
4402
2319
-170
-2840
-5227
-7335
-8682
-9364
-9929
-11028
-12565
-13167
-12638
-11526
-10466
-8989
-7075
-5079
-2744
-646
795
1449
2019
2624
3177
3832
4256
4501
4610
4484
4056
3154
1030
-1743
-3600
-4624
-5451
-6148
-6572
-6594
-6219
-5370
-4775
-4547
-4413
-3819
-2204
-120
1802
3547
5484
7295
8761
9733
10103
10058
9925
10037
10305
10604
11024
11443
12031
11249
8757
5935
3465
719
-2486
-5042
-7138
-8731
-9389
-9406
-9700
-10779
-11667
-11648
-10953
-10087
-9105
-7388
-5343
-3104
-672
1532
2712
3077
3395
3475
3364
3225
3206
3320
3462
3465
3210
2034
-529
-2990
-4425
-5455
-6695
-7577
-7723
-7475
-6503
-5308
-4548
-4104
-3648
-2452
-945
651
2156
4110
6386
8227
9678
10608
10901
10596
10334
10355
10228
10312
10461
10955
10977
9414
7111
4764
2388
-862
-3912
-6395
-8452
-9486
-9414
-9150
-9635
-10263
-10199
-9631
-8990
-8587
-7672
-6218
-4287
-1942
403
2184
2940
3518
3802
3654
3196
2678
2351
2046
2016
1911
1377
-75
-1983
-3301
-4436
-5843
-7300
-7992
-8002
-7363
-6069
-4989
-4297
-3627
-2459
-1107
83
1349
2676
4502
6549
8416
9908
10818
11145
11037
10974
10689
10309
10089
10141
10577
10133
8530
6376
4456
2065
-979
-3810
-6502
-8568
-9357
-9272
-9389
-9760
-9768
-9154
-8370
-7887
-7621
-6862
-5669
-3962
-1814
334
1701
2622
3434
3701
3483
2923
2236
1492
1140
834
431
-319
-1700
-2946
-3789
-4714
-6082
-7206
-7843
-7870
-7107
-6035
-5129
-4159
-3000
-1692
-361
870
1975
3343
5118
6790
8413
9798
10805
11335
11758
11957
11945
11954
12037
11954
10744
8803
6894
5348
3064
127
-2744
-5363
-7327
-8194
-8679
-9478
-10180
-10003
-9081
-8274
-7875
-7461
-6611
-5547
-3954
-2126
-628
306
1278
2355
3066
3366
3101
2446
1808
1544
1214
433
-966
-2551
-3470
-4042
-4935
-6194
-7278
-7894
-7824
-7140
-6441
-5952
-5129
-3764
-2034
-379
1122
2599
4309
6087
7786
9361
10560
11385
12111
12811
13180
13336
13486
12909
11230
9101
7280
5188
2442
-521
-3328
-5665
-7336
-8188
-9026
-10059
-10736
-10490
-9704
-9006
-8437
-7573
-6452
-5001
-3143
-1182
201
1348
2520
3530
4249
4546
4361
3836
3545
3266
2785
1920
573
-1161
-2610
-3753
-5000
-6359
-7674
-8712
-8875
-8388
-7794
-7202
-6487
-5477
-3890
-1899
-306
1123
2846
4870
6822
8676
10181
11274
12248
13007
13544
13971
14011
13076
11334
9372
7427
5293
2604
-523
-3394
-5560
-6999
-8108
-9339
-10625
-11204
-10746
-10005
-9364
-8714
-7719
-6313
-4422
-2306
-465
916
2098
3392
4559
5281
5412
5136
4772
4447
4137
3393
1917
151
-1359
-2631
-4025
-5589
-7148
-8371
-8984
-8923
-8531
-8213
-7758
-6855
-5438
-3756
-2095
-465
1288
3260
5380
7412
9068
10296
11473
12549
13333
13661
13862
13523
12182
10233
8306
6214
3527
564
-2306
-4805
-6705
-7921
-8951
-10044
-10794
-10724
-10146
-9550
-8977
-8012
-6669
-4986
-2992
-923
785
2179
3564
4832
5718
6119
6096
5859
5588
5216
4431
3147
1416
-398
-1964
-3539
-5249
-6837
-8000
-8787
-9033
-8944
-8769
-8444
-7747
-6734
-5502
-4012
-2384
-557
1566
3817
5906
7756
9224
10560
11834
12794
13336
13779
13747
12816
11300
9590
7566
4968
1977
-1135
-3882
-5949
-7367
-8572
-9693
-10421
-10390
-9822
-9285
-8794
-7984
-6801
-5261
-3343
-1357
312
1768
3286
4720
5788
6347
6394
6178
5931
5598
4982
3910
2337
541
-1079
-2703
-4497
-6250
-7650
-8648
-9065
-9033
-8888
-8555
-7880
-6897
-5616
-4142
-2762
-1238
664
2801
4860
6760
8324
9696
10959
11985
12617
13006
12816
11790
10307
8766
6929
4604
1886
-967
-3466
-5309
-6702
-8009
-9239
-10042
-10039
-9512
-8988
-8499
-7682
-6494
-4942
-3053
-1196
287
1649
3087
4468
5566
6172
6236
6072
5942
5680
5093
4099
2718
1231
-121
-1565
-3235
-4889
-6327
-7353
-7820
-7932
-7970
-7788
-7290
-6483
-5387
-4179
-3093
-1919
-347
1550
3482
5278
6848
8338
9792
10954
11713
12196
12169
11361
10053
8653
7035
4956
2503
-50
-2396
-4288
-5815
-7267
-8656
-9636
-9885
-9594
-9245
-8898
-8226
-7118
-5684
-3996
-2274
-774
651
2151
3592
4833
5690
6014
6047
6067
5941
5479
4652
3499
2251
1036
-302
-1855
-3413
-4899
-6116
-6865
-7216
-7403
-7300
-6863
-6123
-5130
-4001
-2981
-1987
-753
808
2502
4084
5443
6774
8204
9494
10400
10939
11032
10417
9269
7967
6547
4752
2654
465
-1531
-3179
-4496
-5771
-7107
-8267
-8803
-8735
-8433
-8167
-7662
-6669
-5286
-3709
-2162
-821
323
1421
2528
3591
4416
4830
4974
5127
5246
5114
4566
3581
2333
1089
-118
-1409
-2793
-4132
-5262
-6003
-6361
-6530
-6555
-6343
-5882
-5159
-4188
-3167
-2186
-1077
276
1765
3217
4474
5549
6651
7784
8734
9459
9921
9859
9202
8195
6987
5523
3755
1690
-436
-2226
-3528
-4550
-5605
-6741
-7599
-7859
-7700
-7534
-7356
-6846
-5830
-4456
-2939
-1479
-206
898
1951
2987
3810
4240
4412
4575
4819
5006
4939
4424
3459
2354
1338
177
-1344
-2955
-4304
-5228
-5811
-6200
-6444
-6468
-6248
-5741
-5041
-4355
-3692
-2734
-1453
-51
1435
2921
4226
5414
6580
7624
8446
9030
9357
9392
8983
8087
6937
5612
3940
1957
-25
-1864
-3409
-4605
-5669
-6689
-7432
-7725
-7645
-7426
-7211
-6787
-5893
-4684
-3390
-2022
-712
450
1596
2658
3437
3932
4245
4451
4660
4854
4865
4660
4173
3319
2294
1211
-151
-1760
-3238
-4399
-5255
-5819
-6157
-6282
-6122
-5738
-5194
-4536
-3931
-3302
-2352
-1098
211
1590
3049
4379
5525
6562
7448
8120
8622
8977
9065
8654
7723
6579
5350
3828
1944
-8
-1803
-3345
-4536
-5468
-6367
-7131
-7427
-7252
-6915
-6595
-6165
-5471
-4500
-3353
-2140
-959
110
1127
2147
3008
3543
3850
4103
4279
4385
4446
4317
3842
3104
2263
1358
313
-1015
-2550
-3965
-4987
-5639
-6079
-6431
-6641
-6463
-5827
-5005
-4260
-3606
-2853
-1789
-441
916
2139
3306
4417
5494
6550
7450
8078
8529
8896
8976
8525
7559
6363
5096
3677
2031
316
-1259
-2549
-3520
-4344
-5183
-5920
-6253
-6198
-6001
-5811
-5487
-4855
-3956
-2894
-1779
-780
26
764
1479
2054
2438
2699
2927
3167
3341
3374
3233
2863
2229
1402
438
-670
-1849
-3005
-4098
-4989
-5529
-5794
-5889
-5873
-5759
-5452
-4871
-4159
-3475
-2732
-1813
-663
624
1847
2914
3929
4929
5831
6583
7150
7584
8036
8443
8444
7844
6854
5770
4682
3468
1972
353
-1063
-2083
-2744
-3319
-4000
-4645
-4945
-4901
-4768
-4662
-4476
-4041
-3311
-2426
-1576
-864
-282
262
795
1225
1493
1678
1880
2060
2162
2177
2065
1734
1139
352
-506
-1380
-2275
-3139
-3878
-4387
-4627
-4688
-4698
-4686
-4541
-4157
-3613
-3068
-2578
-2019
-1261
-328
646
1552
2397
3238
4070
4812
5386
5832
6274
6748
7075
7022
6554
5846
5078
4260
3275
2085
832
-241
-1005
-1531
-2021
-2596
-3144
-3496
-3604
-3569
-3487
-3367
-3132
-2710
-2141
-1566
-1118
-800
-520
-232
11
190
324
449
580
665
685
607
429
163
-202
-646
-1122
-1585
-2018
-2488
-3042
-3574
-3905
-3934
-3752
-3512
-3254
-2910
-2374
-1649
-926
-372
19
437
1023
1725
2410
3016
3592
4170
4712
5153
5474
5717
5895
5910
5597
4976
4253
3640
3154
2578
1766
843
62
-457
-802
-1190
-1680
-2135
-2401
-2462
-2455
-2473
-2465
-2337
-2116
-1930
-1850
-1834
-1794
-1710
-1633
-1608
-1613
-1567
-1406
-1201
-1075
-1083
-1182
-1288
-1377
-1456
-1524
-1555
-1529
-1442
-1329
-1258
-1279
-1365
-1443
-1439
-1337
-1141
-860
-531
-186
137
434
662
825
958
1084
1224
1390
1616
1916
2254
2563
2780
2904
2956
2963
2946
2883
2744
2549
2372
2258
2178
2091
1994
1909
1855
1812
1763
1664
1514
1348
1204
1084
922
688
383
50
-320
-741
-1221
-1735
-2263
-2752
-3166
-3531
-3860
-4155
-4388
-4554
-4651
-4680
-4657
-4572
-4422
-4173
-3783
-3280
-2698
-2062
-1384
-685
-15
594
1096
1449
1681
1850
1998
2126
2214
2260
2266
2203
2055
1834
1557
1256
978
770
650
583
565
583
643
733
849
1009
1199
1426
1692
2007
2335
2618
2827
2952
3004
2989
2912
2772
2577
2336
2052
1718
1314
858
347
-177
-708
-1235
-1739
-2206
-2616
-2967
-3239
-3452
-3614
-3732
-3800
-3807
-3756
-3653
-3499
-3298
-3058
-2773
-2457
-2105
-1745
-1393
-1041
-723
-441
-205
-9
124
210
278
341
400
455
513
577
658
752
848
937
1027
1131
1284
1482
1712
1957
2214
2476
2726
2938
3087
3194
3248
3264
3261
3222
3131
2978
2759
2484
2142
1730
1250
739
236
-246
-681
-1084
-1451
-1774
-2052
-2291
-2503
-2694
-2848
-2942
-2977
-2964
-2907
-2823
-2704
-2552
-2377
-2192
-2009
-1811
-1601
-1372
-1156
-966
-802
-675
-584
-531
-508
-507
-502
-482
-432
-354
-253
-115
53
237
438
631
838
1057
1282
1509
1722
1923
2119
2301
2469
2585
2651
2669
2638
2570
2445
2258
2020
1752
1464
1159
823
465
100
-239
-545
-821
-1056
-1246
-1364
-1408
-1386
-1339
-1291
-1228
-1149
-1048
-945
-846
-739
-615
-472
-320
-188
-99
-43
-2
17
14
-18
-82
-176
-284
-413
-588
-795
-1007
-1208
-1359
-1454
-1498
-1482
-1401
-1254
-1060
-851
-627
-395
-152
104
353
591
822
1054
1271
1470
1635
1762
1856
1906
1901
1838
1718
1556
1362
1129
871
588
296
19
-244
-480
-689
-866
-979
-1034
-1044
-1031
-997
-949
-874
-774
-670
-559
-438
-297
-147
11
149
256
338
402
455
481
475
444
395
330
240
114
-45
-219
-381
-528
-639
-720
-762
-748
-693
-596
-488
-358
-220
-74
80
232
372
494
617
728
837
920
988
1034
1056
1051
1021
959
860
738
597
433
254
64
-125
-310
-487
-644
-775
-872
-939
-969
-986
-984
-965
-921
-867
-802
-730
-651
-556
-454
-348
-257
-172
-104
-47
0
30
48
45
40
30
7
-31
-83
-133
-166
-172
-156
-124
-57
35
146
283
425
559
689
818
942
1045
1115
1159
1184
1185
1152
1092
997
878
752
615
474
322
168
25
-107
-233
-351
-459
-555
-627
-682
-719
-747
-759
-747
-726
-696
-662
-634
-598
-557
-517
-476
-449
-427
-405
-400
-406
-429
-460
-495
-525
-547
-563
-579
-572
-555
-524
-486
-443
-378
-298
-190
-62
73
223
384
557
727
890
1037
1160
1262
1355
1430
1461
1457
1428
1365
1276
1147
981
792
595
399
200
16
-158
-301
-419
-506
-568
-618
-636
-635
-598
-546
-495
-434
-365
-288
-212
-150
-95
-52
-11
21
34
28
-1
-37
-91
-166
-261
-369
-483
-589
-689
-779
-856
-917
-951
-963
-946
-911
-860
-786
-684
-555
-414
-266
-125
24
173
322
457
581
698
813
926
1023
1099
1149
1174
1170
1136
1058
950
818
684
542
398
263
128
21
-72
-153
-222
-283
-320
-348
-365
-361
-347
-329
-296
-249
-198
-142
-95
-47
4
45
65
62
46
16
-19
-64
-121
-188
-261
-329
-390
-451
-512
-559
-589
-602
-593
-565
-513
-438
-350
-243
-137
-38
65
157
240
314
379
438
497
554
596
631
644
638
617
559
475
375
252
130
14
-99
-195
-271
-320
-355
-360
-351
-338
-310
-271
-223
-178
-125
-71
-9
66
134
190
239
273
290
291
272
224
162
89
4
-81
-157
-241
-321
-394
-450
-495
-540
-562
-565
-551
-513
-463
-389
-299
-192
-76
42
154
249
349
432
506
575
626
677
718
743
755
750
723
675
600
504
383
248
110
-33
-162
-281
-389
-475
-544
-586
-610
-628
-612
-585
-550
-497
-438
-362
-285
-188
-91
6
102
191
266
330
386
409
420
401
380
338
272
196
115
30
-62
-140
-211
-275
-335
-378
-405
-421
-423
-412
-390
-359
-322
-275
-215
-153
-88
-9
71
156
240
324
407
485
550
596
629
643
641
613
572
511
438
358
273
183
88
1
-78
-149
-215
-275
-330
-384
-425
-459
-485
-500
-513
-507
-481
-447
-403
-351
-292
-228
-165
-110
-53
1
48
82
105
125
143
158
167
187
198
212
225
225
216
194
160
121
72
27
-19
-64
-100
-126
-148
-155
-152
-137
-106
-69
-22
30
86
148
207
263
319
361
392
408
409
400
371
341
301
251
199
140
75
3
-80
-172
-266
-352
-432
-497
-550
-590
-606
-612
-607
-590
-562
-525
-478
-419
-357
-287
-210
-136
-61
13
87
159
230
304
378
442
488
522
538
529
501
452
389
318
246
179
111
45
-11
-60
-105
-136
-153
-155
-149
-127
-93
-45
0
50
106
163
216
261
301
325
336
338
332
305
268
231
180
118
38
-55
-147
-248
-338
-410
-475
-522
-553
-578
-596
-604
-607
-606
-596
-572
-527
-467
-393
-314
-233
-158
-79
-1
70
144
217
295
368
425
465
478
470
456
415
371
334
295
250
212
174
131
90
53
26
10
4
1
10
28
48
70
102
133
164
193
213
234
245
248
239
226
205
180
153
116
76
24
-39
-93
-148
-198
-239
-267
-291
-309
-325
-352
-378
-403
-425
-441
-442
-422
-388
-348
-305
-259
-213
-173
-134
-89
-48
1
55
103
140
161
174
171
164
150
134
124
124
121
114
115
106
94
83
81
81
92
102
111
136
148
174
188
204
218
223
232
225
219
204
188
165
143
120
101
89
76
52
32
11
-14
-25
-35
-44
-52
-62
-72
-85
-114
-142
-171
-183
-191
-192
-179
-167
-149
-146
-149
-145
-147
-145
-139
-137
-124
-115
-114
-111
-118
-129
-133
-137
-131
-117
-99
-78
-51
-26
-2
23
41
61
85
118
150
175
199
212
211
205
190
178
158
127
100
64
27
-6
-35
-51
-64
-66
-63
-50
-28
-3
21
51
81
103
132
163
185
197
200
194
177
156
133
101
74
41
2
-40
-93
-141
-190
-235
-275
-314
-335
-348
-354
-343
-325
-304
-278
-243
-200
-149
-90
-33
23
85
139
184
228
260
286
305
319
315
303
283
252
219
169
117
61
6
-44
-100
-155
-197
-225
-251
-265
-270
-269
-243
-222
-187
-152
-110
-61
-9
42
93
150
187
223
252
272
276
272
266
249
225
191
147
95
42
-11
-68
-125
-176
-224
-262
-293
-314
-321
-324
-313
-295
-268
-226
-183
-134
-80
-16
43
102
153
197
240
273
298
311
313
304
287
264
228
182
141
89
35
-14
-57
-97
-138
-165
-181
-184
-185
-176
-160
-137
-102
-64
-26
15
53
84
117
144
166
170
170
160
145
122
86
50
10
-32
-84
-127
-164
-202
-237
-260
-269
-268
-257
-238
-209
-171
-131
-76
-19
38
97
144
191
230
259
283
299
301
289
266
234
193
148
99
43
-10
-58
-107
-149
-185
-215
-235
-245
-241
-235
-205
-178
-141
-88
-46
7
57
108
147
189
223
241
257
263
255
237
216
180
138
91
41
-18
-76
-132
-187
-233
-275
-305
-325
-337
-333
-321
-297
-270
-233
-187
-140
-78
-18
40
96
146
188
227
257
277
291
290
280
265
247
216
177
138
100
56
12
-26
-69
-101
-135
-161
-176
-187
-183
-177
-170
-156
-129
-94
-55
-19
25
64
100
134
168
195
214
224
225
216
200
178
139
93
40
-18
-73
-129
-180
-230
-274
-308
-332
-342
-339
-327
-303
-263
-211
-155
-86
-12
53
122
183
238
286
322
346
350
346
329
291
250
190
128
69
-5
-66
-131
-187
-234
-275
-301
-318
-315
-304
-276
-229
-177
-109
-40
24
98
172
245
304
355
398
423
425
420
399
366
317
251
182
103
25
-55
-141
-219
-283
-338
-383
-415
-429
-428
-416
-382
-340
-290
-234
-166
-98
-34
29
79
130
169
200
219
231
238
219
201
179
149
118
78
39
2
-28
-60
-84
-113
-132
-136
-147
-147
-147
-137
-126
-108
-82
-54
-33
-2
37
77
111
146
180
214
252
274
295
312
311
303
291
258
224
179
126
67
1
-57
-129
-187
-246
-296
-333
-360
-377
-384
-376
-357
-329
-293
-250
-202
-150
-97
-42
9
54
95
132
158
175
189
195
193
179
160
136
101
74
48
15
-15
-43
-65
-89
-108
-117
-118
-115
-107
-95
-71
-43
-20
23
71
114
159
208
248
280
309
326
335
336
319
290
249
203
149
96
36
-21
-90
-157
-213
-262
-310
-347
-363
-377
-372
-359
-342
-308
-271
-229
-178
-128
-82
-39
2
31
59
79
92
97
98
94
83
72
58
43
31
15
4
-9
-16
-17
-20
-15
-3
12
28
47
71
95
121
142
158
174
187
196
199
197
188
170
156
141
116
93
64
31
2
-36
-65
-95
-128
-157
-179
-201
-209
-209
-205
-185
-168
-148
-125
-94
-64
-34
-13
8
35
50
72
81
87
87
88
83
69
51
28
2
-27
-54
-80
-111
-134
-148
-162
-159
-155
-144
-130
-102
-75
-43
-5
34
73
107
143
173
203
227
247
265
273
275
270
254
225
194
155
110
61
17
-27
-70
-109
-142
-168
-190
-204
-220
-232
-228
-221
-209
-190
-171
-147
-113
-85
-53
-19
12
41
63
80
84
91
88
79
65
57
34
16
4
-20
-33
-49
-55
-62
-66
-71
-75
-64
-54
-41
-24
-3
25
54
78
105
125
149
168
178
190
183
175
165
155
135
105
76
55
30
4
-24
-47
-69
-102
-121
-140
-156
-159
-165
-164
-151
-136
-119
-96
-72
-48
-23
-5
9
22
36
38
38
39
34
25
16
12
0
-11
-22
-35
-45
-64
-71
-75
-86
-91
-91
-84
-68
-47
-27
-3
15
41
65
91
108
121
137
143
147
151
158
153
145
135
127
117
104
85
61
40
17
-8
-30
-48
-59
-73
-85
-93
-100
-106
-108
-111
-118
-112
-115
-117
-117
-117
-114
-119
-113
-108
-100
-91
-89
-80
-72
-64
-55
-52
-46
-34
-27
-8
5
26
43
61
82
105
125
138
151
157
166
165
162
160
153
150
138
124
111
96
79
62
37
20
2
-18
-38
-54
-67
-75
-81
-79
-77
-76
-68
-59
-53
-45
-36
-27
-22
-17
-10
-9
-5
-10
-13
-12
-18
-25
-37
-51
-62
-78
-92
-111
-122
-132
-142
-139
-139
-133
-124
-109
-95
-71
-52
-30
-5
24
53
81
117
139
165
189
205
211
228
235
231
223
217
208
190
169
149
124
95
63
39
15
-12
-30
-49
-70
-89
-99
-104
-117
-123
-122
-115
-115
-109
-98
-100
-88
-83
-79
-76
-76
-76
-74
-72
-74
-78
-78
-80
-82
-85
-81
-83
-84
-81
-75
-67
-58
-53
-40
-23
-7
16
30
43
64
76
96
114
126
133
142
148
151
152
147
143
137
122
117
105
96
83
69
65
56
47
36
31
27
22
18
10
5
0
-5
-11
-17
-27
-31
-34
-49
-61
-77
-96
-111
-126
-142
-153
-168
-177
-188
-195
-198
-201
-200
-197
-183
-171
-150
-128
-108
-80
-57
-24
6
38
71
95
113
133
151
169
178
182
185
179
174
169
151
141
125
109
96
76
61
44
31
23
16
8
3
3
5
3
12
18
20
27
31
31
32
32
30
26
20
11
1
-12
-23
-43
-63
-82
-100
-113
-133
-154
-170
-189
-200
-213
-219
-216
-214
-209
-198
-182
-163
-141
-110
-85
-55
-23
14
48
82
113
138
163
188
205
225
237
234
232
226
217
202
183
166
137
107
78
56
35
14
-10
-30
-35
-47
-53
-58
-55
-48
-41
-34
-22
-8
0
14
24
29
33
34
28
14
7
-7
-24
-44
-61
-86
-110
-127
-145
-164
-179
-189
-189
-185
-181
-169
-151
-133
-104
-75
-48
-19
10
35
64
88
108
126
139
151
152
152
152
147
141
131
120
107
93
84
73
66
59
51
51
47
47
46
49
52
50
50
48
42
34
26
16
6
-8
-18
-32
-44
-56
-71
-84
-95
-103
-110
-112
-110
-107
-101
-100
-91
-82
-76
-71
-61
-45
-41
-35
-30
-27
-23
-18
-20
-14
-15
-15
-14
-12
-8
-6
2
7
13
19
32
43
54
62
71
79
83
88
89
93
92
84
77
66
55
48
40
32
23
19
9
0
1
-3
4
7
7
12
8
11
14
14
10
7
0
-11
-23
-41
-58
-67
-78
-86
-102
-115
-122
-127
-128
-129
-124
-112
-99
-91
-70
-47
-29
-9
14
44
69
88
103
115
132
133
120
111
107
107
99
78
58
35
19
6
-16
-38
-55
-69
-66
-55
-43
-39
-45
-43
-28
-10
4
15
24
37
49
55
51
46
45
48
48
40
24
2
-15
-29
-35
-40
-55
-68
-79
-89
-96
-98
-95
-93
-89
-87
-80
-65
-46
-26
-10
9
30
51
65
70
67
63
71
74
69
67
68
73
84
83
73
63
61
54
39
14
-5
-6
-1
5
0
-10
-16
-15
-17
-23
-31
-36
-41
-41
-41
-43
-43
-41
-31
-21
-18
-22
-25
-20
-17
-12
-11
-7
0
-2
-15
-39
-49
-49
-47
-52
-63
-61
-49
-36
-32
-33
-34
-23
1
19
30
36
44
56
71
85
89
90
85
80
87
88
84
67
50
34
28
16
5
-3
-2
5
8
11
14
22
24
18
7
-2
-6
-2
-2
-6
-5
-2
-1
-12
-28
-44
-46
-41
-44
-49
-56
-56
-55
-62
-73
-80
-72
-63
-60
-64
-56
-39
-21
-18
-19
-11
7
26
29
28
33
45
52
52
49
47
41
25
11
3
5
17
28
29
26
25
26
33
31
18
14
24
35
44
46
53
58
62
55
41
43
55
63
51
41
32
21
-4
-33
-49
-44
-38
-47
-60
-67
-71
-73
-77
-80
-73
-69
-74
-73
-50
-29
-24
-33
-48
-40
-11
2
3
12
23
29
32
36
44
46
41
26
11
7
-3
-30
-36
-26
-7
9
18
34
47
52
59
61
64
85
100
102
102
106
97
88
75
57
67
73
71
56
37
19
6
15
27
20
6
-4
-1
-1
-14
-27
-36
-31
-40
-54
-63
-71
-69
-59
-44
-47
-58
-58
-38
-28
-25
3
-2
-3
18
32
13
0
-8
-16
10
33
32
23
34
21
17
18
19
24
20
30
22
25
17
23
22
8
2
20
53
34
43
44
40
59
-7
-273
-534
-590
-439
-245
-158
-81
44
233
349
318
216
140
180
209
179
111
26
42
60
15
-51
-110
-103
-111
-203
-291
-321
-299
-258
-240
-251
-207
-161
-307
-441
-363
-200
-39
-28
216
539
596
522
274
172
28
-444
-959
-1174
-925
-638
-576
-450
-298
110
393
-2
-502
-685
-58
551
352
143
84
387
634
452
385
442
749
1030
769
588
591
666
614
358
237
23
28
235
160
52
-247
-475
-422
-329
-194
-282
-289
-30
126
264
297
194
107
177
295
245
252
514
839
835
504
229
122
79
49
-43
-53
-61
-133
-95
-14
-146
-441
-408
-191
-172
-256
-276
-202
-265
-244
-202
-375
-521
-456
-268
-205
-298
-321
-191
-96
-137
-188
-144
-173
-295
-333
-196
-56
-134
-184
-165
-174
-226
-286
-209
-201
-260
-166
41
169
159
233
373
455
493
454
463
536
647
674
624
578
507
395
280
142
47
9
-74
-65
-12
-21
-122
-166
-181
-229
-154
-85
-81
-155
-101
31
59
8
-68
-107
-164
-223
-268
-302
-415
-531
-586
-615
-674
-739
-776
-794
-786
-836
-835
-737
-630
-574
-570
-500
-433
-414
-351
-220
-99
-19
140
356
478
502
529
664
846
994
1095
1198
1298
1404
1516
1647
1720
1690
1698
1774
1853
1869
1869
1913
1981
2008
1979
1824
1488
1050
619
192
-278
-782
-1264
-1677
-2012
-2340
-2672
-2961
-3231
-3450
-3596
-3660
-3707
-3682
-3500
-3187
-2795
-2353
-1906
-1501
-1109
-760
-459
-196
51
309
589
848
986
1067
1192
1340
1468
1547
1596
1633
1653
1717
1844
2008
2162
2333
2548
2729
2891
3100
3364
3682
3976
3957
3538
2943
2406
1781
975
28
-885
-1550
-2034
-2450
-2859
-3266
-3698
-3981
-4050
-4076
-4130
-4052
-3768
-3323
-2802
-2325
-1911
-1588
-1366
-1220
-1051
-953
-887
-663
-300
45
314
539
641
670
649
530
354
176
-2
-93
-63
24
177
482
848
1137
1427
1699
1938
2211
2581
2995
3423
3874
4378
4946
5458
5491
5012
4357
3742
3007
1993
824
-298
-1171
-1829
-2349
-2844
-3400
-3992
-4345
-4479
-4646
-4848
-4861
-4636
-4236
-3635
-3009
-2435
-1869
-1285
-720
-208
134
233
356
540
666
675
591
418
266
214
76
-195
-513
-787
-955
-981
-982
-963
-813
-497
-30
527
1078
1565
2075
2589
3034
3457
3885
4341
4863
5453
5966
6076
5713
5047
4379
3525
2326
905
-385
-1440
-2284
-2930
-3491
-4027
-4553
-4853
-4943
-5012
-5147
-5149
-4887
-4397
-3753
-3060
-2401
-1713
-1006
-319
315
797
1030
1142
1245
1271
1161
944
612
289
81
-135
-430
-771
-1090
-1352
-1505
-1579
-1586
-1436
-1127
-652
-41
607
1188
1754
2361
2916
3463
4003
4537
5053
5605
6098
6226
5912
5291
4617
3767
2587
1142
-227
-1397
-2380
-3157
-3762
-4311
-4845
-5159
-5226
-5220
-5238
-5184
-4928
-4432
-3771
-3025
-2271
-1478
-717
17
692
1218
1557
1786
1967
2004
1896
1666
1320
916
533
124
-333
-825
-1273
-1631
-1867
-2016
-2097
-2014
-1779
-1379
-841
-182
490
1159
1852
2518
3148
3749
4346
4927
5490
6024
6253
6061
5541
4934
4201
3104
1721
287
-905
-1947
-2795
-3469
-4037
-4558
-4911
-4957
-4950
-4984
-5000
-4844
-4455
-3881
-3173
-2452
-1680
-913
-140
643
1288
1698
1939
2139
2230
2165
1965
1599
1140
672
231
-234
-726
-1210
-1645
-1934
-2100
-2194
-2191
-2050
-1753
-1268
-619
91
777
1481
2199
2892
3508
4045
4553
5036
5536
5917
5911
5508
4905
4300
3415
2183
750
-565
-1670
-2621
-3355
-3990
-4525
-4951
-5075
-4977
-4942
-4933
-4846
-4506
-3975
-3302
-2574
-1857
-1050
-235
657
1459
2049
2391
2612
2761
2718
2515
2122
1603
1057
536
14
-528
-1059
-1579
-2011
-2301
-2490
-2579
-2554
-2363
-1964
-1371
-657
51
765
1489
2226
2903
3498
4019
4507
4987
5481
5797
5689
5225
4654
4018
3030
1751
362
-871
-1942
-2813
-3487
-4064
-4535
-4852
-4851
-4715
-4638
-4576
-4381
-3937
-3362
-2691
-2035
-1342
-570
241
1058
1727
2233
2510
2690
2738
2588
2229
1710
1164
647
166
-377
-911
-1389
-1803
-2128
-2367
-2541
-2652
-2596
-2326
-1851
-1235
-565
115
855
1656
2419
3089
3672
4184
4684
5195
5653
5798
5538
5034
4472
3766
2697
1368
2
-1179
-2195
-3017
-3689
-4286
-4726
-4917
-4805
-4650
-4568
-4458
-4158
-3647
-3034
-2383
-1782
-1111
-347
452
1204
1802
2238
2572
2845
2961
2803
2416
1885
1319
772
161
-532
-1216
-1754
-2183
-2492
-2734
-2923
-2964
-2809
-2451
-1963
-1323
-648
72
888
1720
2476
3134
3733
4250
4755
5211
5605
5773
5562
5061
4478
3787
2756
1481
158
-1014
-2040
-2874
-3563
-4159
-4570
-4758
-4655
-4463
-4328
-4214
-3917
-3418
-2835
-2185
-1593
-986
-305
444
1128
1655
2031
2255
2423
2482
2332
1975
1458
885
333
-196
-780
-1387
-1884
-2283
-2549
-2710
-2777
-2752
-2572
-2180
-1657
-979
-272
433
1194
2004
2745
3352
3896
4332
4734
5090
5399
5567
5371
4838
4156
3475
2593
1422
140
-1044
-2029
-2848
-3496
-4063
-4497
-4710
-4653
-4391
-4164
-3978
-3707
-3233
-2633
-2006
-1432
-940
-362
311
961
1443
1776
1997
2147
2220
2095
1798
1347
805
290
-158
-640
-1183
-1658
-1999
-2216
-2345
-2410
-2387
-2226
-1909
-1464
-904
-245
391
1077
1806
2500
3100
3583
3984
4287
4582
4783
4931
4866
4474
3885
3225
2544
1612
556
-559
-1545
-2330
-2966
-3448
-3868
-4115
-4205
-4020
-3746
-3534
-3315
-3019
-2549
-2038
-1492
-1054
-651
-160
354
830
1157
1344
1424
1514
1543
1421
1179
795
380
29
-295
-696
-1158
-1543
-1794
-1906
-1919
-1894
-1802
-1580
-1250
-841
-344
186
705
1266
1841
2369
2834
3220
3524
3735
3874
3932
3938
3857
3540
3051
2483
1916
1261
487
-368
-1222
-1891
-2396
-2739
-3048
-3282
-3372
-3272
-3002
-2782
-2599
-2448
-2194
-1826
-1389
-998
-722
-383
-12
402
706
884
974
1018
1087
1066
979
778
569
376
176
-72
-426
-757
-1085
-1308
-1460
-1563
-1627
-1615
-1416
-1141
-789
-446
-70
362
821
1290
1667
2024
2286
2531
2758
2911
2997
3033
3116
3062
2831
2428
1985
1556
1032
388
-335
-901
-1345
-1676
-1941
-2189
-2368
-2432
-2328
-2216
-2141
-2105
-1998
-1747
-1430
-1132
-913
-688
-459
-206
26
153
190
231
354
481
558
527
429
354
324
264
97
-159
-456
-693
-869
-1022
-1169
-1267
-1279
-1177
-959
-710
-486
-278
-15
315
665
957
1159
1357
1596
1869
2082
2234
2364
2526
2701
2714
2548
2256
1960
1641
1245
751
189
-299
-682
-948
-1200
-1470
-1713
-1833
-1800
-1764
-1775
-1831
-1810
-1684
-1482
-1279
-1158
-1044
-898
-657
-401
-209
-75
65
286
500
660
697
662
635
618
577
416
201
-42
-250
-436
-632
-811
-980
-1097
-1161
-1123
-1050
-983
-877
-702
-439
-161
125
398
682
986
1294
1610
1880
2103
2309
2542
2721
2736
2601
2363
2091
1736
1260
674
73
-418
-784
-1042
-1283
-1512
-1670
-1708
-1668
-1657
-1694
-1754
-1735
-1589
-1381
-1196
-1045
-859
-612
-310
-44
134
283
439
619
768
860
870
835
794
697
523
276
-5
-299
-580
-850
-1107
-1303
-1434
-1489
-1480
-1415
-1314
-1168
-975
-775
-564
-320
-49
231
525
828
1130
1436
1728
1995
2225
2400
2513
2591
2588
2438
2162
1843
1525
1188
806
373
-37
-357
-586
-778
-978
-1168
-1304
-1331
-1295
-1286
-1314
-1319
-1249
-1103
-926
-797
-705
-597
-446
-283
-161
-104
-93
-66
-22
14
22
-3
-38
-70
-100
-176
-298
-432
-563
-683
-784
-857
-897
-886
-846
-797
-734
-664
-582
-487
-389
-313
-241
-145
-28
96
212
318
436
597
790
980
1156
1317
1494
1705
1928
2105
2201
2218
2164
2073
1939
1733
1468
1177
912
691
500
307
102
-87
-253
-393
-543
-726
-932
-1122
-1264
-1368
-1459
-1550
-1625
-1660
-1648
-1604
-1559
-1501
-1412
-1282
-1112
-929
-751
-570
-369
-172
-1
118
186
220
236
234
202
143
74
18
-34
-97
-182
-295
-411
-517
-609
-681
-732
-746
-710
-630
-524
-395
-238
-43
176
410
646
890
1160
1458
1768
2069
2341
2571
2744
2833
2818
2692
2481
2214
1914
1583
1226
866
530
232
-45
-322
-612
-907
-1186
-1428
-1637
-1815
-1962
-2055
-2091
-2083
-2042
-1986
-1915
-1821
-1707
-1576
-1432
-1276
-1103
-914
-711
-510
-334
-177
-45
56
126
168
188
189
185
182
186
201
224
242
251
256
254
258
268
280
282
281
288
306
326
344
372
414
468
520
563
600
651
726
825
937
1053
1177
1308
1450
1569
1649
1677
1662
1608
1503
1353
1164
953
742
522
290
40
-225
-488
-749
-1003
-1262
-1517
-1749
-1946
-2105
-2236
-2334
-2391
-2405
-2378
-2320
-2230
-2099
-1926
-1713
-1468
-1204
-917
-610
-287
31
325
596
846
1075
1272
1424
1537
1609
1635
1609
1533
1419
1276
1121
966
804
642
488
356
250
161
83
21
-24
-55
-81
-101
-107
-101
-78
-48
-10
26
66
109
154
190
210
222
226
216
192
156
114
77
32
-23
-90
-157
-231
-302
-370
-437
-497
-542
-564
-570
-566
-555
-533
-499
-459
-422
-382
-335
-279
-226
-175
-117
-62
-14
27
54
68
73
74
77
85
100
127
171
227
284
338
390
444
490
518
530
530
518
497
468
433
386
329
271
202
112
3
-110
-216
-326
-442
-547
-629
-688
-720
-734
-728
-703
-655
-591
-518
-434
-344
-238
-119
6
127
240
351
455
536
588
617
623
612
583
532
465
385
301
219
130
32
-66
-150
-218
-271
-316
-341
-336
-307
-261
-203
-135
-52
42
143
246
337
418
503
581
638
662
664
652
617
549
447
320
177
28
-135
-301
-466
-617
-743
-848
-930
-999
-1046
-1060
-1049
-1022
-979
-917
-827
-716
-595
-464
-327
-181
-34
110
239
356
459
549
624
669
689
689
671
636
581
512
437
369
304
244
197
158
129
108
96
85
73
68
76
88
99
116
143
180
219
256
289
319
332
336
326
301
250
189
120
41
-44
-136
-222
-296
-365
-427
-473
-509
-532
-544
-543
-527
-505
-477
-440
-392
-343
-295
-245
-191
-139
-97
-56
-21
8
30
40
43
39
26
6
-16
-36
-53
-62
-63
-51
-28
2
37
82
130
172
219
261
299
334
366
395
415
427
431
432
423
402
376
340
299
250
195
136
71
4
-58
-112
-158
-195
-224
-241
-244
-238
-224
-205
-181
-155
-125
-95
-72
-46
-26
-10
5
11
8
1
-13
-35
-66
-101
-135
-176
-225
-270
-308
-343
-369
-381
-379
-370
-343
-300
-248
-186
-118
-46
27
102
173
237
297
349
387
415
429
433
427
407
377
336
284
228
168
103
45
-18
-71
-114
-153
-176
-190
-188
-174
-153
-119
-80
-34
9
55
99
144
180
210
236
248
254
247
234
209
174
128
74
14
-57
-130
-204
-277
-347
-406
-454
-491
-519
-529
-529
-511
-479
-438
-384
-324
-252
-177
-102
-21
57
137
212
278
339
393
433
462
476
477
463
437
400
352
299
239
178
119
62
9
-40
-81
-117
-145
-163
-176
-181
-183
-180
-169
-152
-130
-103
-71
-41
-6
26
56
79
97
109
112
108
90
67
35
2
-33
-70
-107
-142
-171
-191
-206
-216
-218
-213
-202
-181
-158
-132
-103
-70
-30
9
47
83
120
153
180
196
208
209
201
181
152
118
75
33
-8
-41
-76
-100
-112
-119
-113
-99
-80
-52
-22
17
62
101
146
186
222
258
288
308
316
314
302
277
242
190
125
51
-28
-112
-195
-280
-357
-418
-467
-504
-523
-526
-511
-482
-441
-386
-324
-255
-178
-102
-22
61
139
215
285
350
402
446
476
491
490
474
441
388
323
249
169
83
-3
-88
-166
-236
-289
-327
-355
-371
-374
-366
-341
-306
-266
-215
-160
-101
-36
25
82
140
195
244
283
306
319
320
309
287
254
206
152
99
44
-8
-60
-111
-160
-194
-226
-253
-272
-285
-289
-285
-268
-243
-216
-179
-136
-84
-28
27
85
145
201
250
292
324
344
359
366
360
347
324
291
260
222
176
126
73
19
-30
-78
-129
-181
-227
-263
-294
-320
-338
-352
-358
-355
-345
-330
-316
-297
-274
-247
-216
-188
-159
-130
-99
-62
-28
5
35
64
95
125
149
167
180
191
203
208
207
202
195
190
182
172
156
141
125
110
101
87
76
67
64
66
70
76
76
81
88
94
100
103
101
100
98
96
95
89
82
77
69
62
44
23
-1
-29
-60
-99
-146
-196
-245
-290
-334
-376
-406
-430
-445
-449
-445
-435
-416
-388
-356
-317
-274
-231
-184
-133
-74
-19
38
90
145
200
249
287
318
342
354
365
367
364
353
341
327
311
296
277
255
230
208
182
152
118
84
53
26
6
-13
-28
-37
-40
-35
-26
-18
-14
-8
-9
-14
-22
-36
-51
-71
-94
-112
-131
-148
-161
-172
-174
-177
-181
-187
-192
-196
-200
-197
-205
-207
-205
-195
-176
-156
-132
-95
-56
-16
25
57
91
116
133
149
160
165
165
164
164
162
159
156
147
136
117
94
67
38
9
-20
-46
-68
-86
-95
-94
-88
-78
-61
-44
-22
2
24
41
55
67
76
85
91
93
93
92
88
83
76
62
42
26
2
-22
-49
-78
-106
-130
-146
-158
-168
-170
-160
-147
-120
-94
-68
-38
-11
19
47
69
91
112
129
140
154
164
171
175
174
169
153
129
103
71
37
1
-39
-74
-104
-131
-150
-165
-171
-173
-172
-169
-160
-150
-138
-124
-108
-88
-71
-51
-31
-15
0
15
26
36
44
46
46
45
37
26
16
10
-1
-12
-17
-24
-27
-29
-23
-16
-7
8
23
43
66
87
110
128
142
159
173
184
192
198
200
196
188
178
159
141
115
86
56
24
-10
-46
-74
-103
-128
-153
-169
-185
-200
-209
-213
-211
-210
-200
-188
-174
-152
-133
-113
-92
-68
-49
-31
-11
5
20
37
52
62
72
77
81
85
81
77
65
52
42
27
16
6
-1
-7
-13
-16
-18
-25
-27
-28
-31
-27
-26
-25
-17
-10
4
15
27
41
52
69
83
94
103
113
121
126
131
132
132
128
125
118
110
102
84
71
54
36
16
-6
-25
-48
-69
-96
-115
-137
-157
-171
-185
-188
-195
-190
-184
-175
-156
-139
-119
-96
-68
-45
-20
11
39
67
90
113
134
149
155
157
157
146
136
120
102
79
55
33
8
-15
-43
-65
-85
-104
-120
-135
-140
-148
-144
-138
-128
-110
-90
-66
-41
-11
17
46
75
97
123
142
153
161
162
160
152
144
123
101
78
46
20
-7
-29
-50
-68
-85
-96
-104
-107
-105
-100
-89
-84
-70
-59
-48
-33
-25
-12
-2
9
15
20
27
29
33
30
33
32
28
27
19
18
12
10
2
3
1
-1
2
-2
3
3
9
17
21
28
27
34
35
30
25
14
7
-9
-22
-39
-53
-70
-82
-91
-107
-111
-113
-106
-95
-81
-64
-47
-22
-1
29
54
73
95
110
127
133
142
142
135
123
108
92
69
47
18
-8
-34
-63
-86
-108
-124
-139
-145
-151
-148
-140
-132
-114
-95
-69
-44
-13
18
45
74
98
121
138
151
160
157
155
146
133
111
86
63
31
6
-25
-52
-74
-93
-106
-117
-122
-124
-115
-108
-95
-78
-58
-32
-9
12
32
54
69
77
85
86
89
83
76
62
45
32
9
-9
-28
-48
-66
-81
-94
-102
-103
-103
-96
-91
-79
-61
-43
-23
-4
19
42
60
76
87
101
107
107
108
107
101
88
76
60
47
30
14
-4
-21
-34
-48
-55
-63
-64
-62
-60
-52
-46
-31
-22
-2
13
31
52
64
78
89
98
103
101
100
89
75
59
42
20
-4
-28
-57
-78
-102
-123
-139
-153
-163
-170
-169
-171
-163
-155
-138
-119
-105
-79
-58
-35
-12
14
36
57
78
95
113
124
133
139
140
139
134
128
120
108
95
80
62
45
28
12
0
-11
-21
-28
-35
-34
-35
-34
-31
-22
-11
-3
11
17
27
34
40
45
44
43
39
37
29
22
12
-3
-15
-30
-44
-58
-74
-90
-104
-113
-126
-135
-140
-143
-143
-142
-139
-133
-120
-107
-90
-73
-55
-30
-9
12
37
57
77
94
112
128
140
147
155
153
153
152
143
139
127
115
101
86
71
55
39
23
8
-9
-23
-36
-46
-57
-62
-66
-73
-71
-72
-70
-67
-60
-50
-41
-36
-34
-26
-19
-16
-12
-12
-14
-12
-11
-17
-20
-25
-27
-35
-37
-42
-48
-51
-54
-58
-62
-57
-55
-52
-45
-38
-29
-20
-7
2
13
22
33
43
52
60
66
73
75
79
82
80
79
75
68
60
51
44
36
32
23
15
9
1
-2
-7
-10
-14
-17
-15
-17
-16
-17
-17
-14
-14
-18
-19
-20
-21
-23
-26
-25
-29
-34
-36
-40
-41
-41
-42
-39
-37
-36
-31
-23
-16
-10
0
9
16
25
34
41
45
51
53
53
55
52
45
37
26
21
7
-3
-12
-20
-28
-38
-45
-49
-54
-54
-52
-51
-44
-39
-28
-15
-5
9
25
34
43
55
64
71
76
76
75
70
66
58
44
31
14
2
-11
-25
-38
-51
-62
-71
-76
-78
-78
-73
-67
-56
-42
-28
-15
0
14
28
41
54
66
75
79
80
82
73
63
51
38
27
9
-10
-24
-37
-52
-66
-77
-83
-88
-91
-83
-76
-65
-53
-42
-25
-8
8
23
35
50
59
69
74
74
73
69
64
54
43
29
14
0
-16
-28
-41
-52
-60
-68
-72
-71
-70
-63
-54
-43
-33
-16
1
16
37
48
59
69
77
84
85
82
75
67
57
46
29
12
-6
-22
-38
-51
-63
-78
-82
-88
-90
-89
-81
-73
-61
-44
-29
-11
2
21
39
51
63
74
79
83
83
75
68
60
46
29
14
-2
-22
-37
-53
-67
-79
-89
-92
-94
-96
-87
-81
-68
-55
-40
-19
-3
17
33
48
60
74
83
89
88
85
80
68
55
40
26
12
-4
-23
-37
-51
-63
-72
-75
-77
-73
-71
-64
-57
-42
-24
-9
9
23
38
54
65
73
81
86
88
86
81
74
62
49
32
13
-4
-23
-39
-51
-63
-74
-81
-83
-87
-81
-75
-69
-56
-46
-34
-22
-5
9
21
33
46
55
62
68
68
66
62
59
52
42
29
13
2
-8
-19
-29
-37
-43
-45
-44
-40
-36
-31
-24
-19
-11
-4
6
15
22
31
37
41
44
44
45
45
44
36
28
17
4
-7
-17
-31
-42
-51
-56
-64
-66
-66
-65
-58
-54
-50
-43
-36
-29
-21
-13
-6
1
6
14
19
24
25
28
27
25
24
21
19
13
8
10
7
5
7
8
11
16
20
30
41
47
51
57
65
68
70
71
68
68
64
59
54
47
43
33
23
14
3
-8
-21
-35
-41
-53
-61
-68
-72
-75
-76
-76
-74
-68
-64
-60
-53
-47
-45
-44
-45
-42
-43
-43
-43
-43
-45
-45
-46
-46
-48
-51
-48
-49
-47
-51
-51
-46
-40
-32
-21
-9
-1
13
25
40
56
72
87
99
107
113
122
125
127
125
124
123
116
110
105
95
84
72
62
47
37
25
12
0
-10
-20
-26
-33
-39
-40
-42
-43
-41
-38
-41
-40
-41
-45
-51
-54
-56
-58
-62
-66
-68
-72
-76
-79
-81
-84
-85
-85
-86
-88
-89
-85
-85
-80
-76
-69
-57
-48
-38
-26
-15
-4
12
22
33
45
52
60
70
78
81
85
88
92
95
100
100
102
101
100
100
94
87
81
78
71
66
58
50
45
38
34
26
18
13
2
-5
-11
-19
-24
-32
-37
-45
-48
-48
-50
-54
-56
-56
-57
-58
-58
-60
-60
-60
-61
-62
-60
-60
-60
-58
-58
-54
-49
-46
-41
-39
-39
-33
-29
-24
-17
-15
-9
0
8
17
23
32
41
47
55
62
64
66
70
71
72
73
70
69
65
61
56
54
48
41
36
28
22
15
9
5
0
-6
-10
-12
-18
-17
-18
-17
-19
-19
-19
-23
-21
-24
-24
-29
-30
-28
-34
-36
-39
-39
-37
-37
-36
-35
-37
-32
-28
-26
-24
-21
-16
-13
-6
-1
5
10
13
19
22
26
30
36
39
39
37
36
36
32
32
28
27
22
16
12
12
10
6
5
3
1
-2
-5
-7
-7
-8
-8
-9
-8
-7
-9
-8
-10
-15
-17
-19
-22
-26
-27
-28
-32
-36
-36
-38
-38
-35
-34
-34
-29
-26
-21
-15
-12
-9
-6
-1
4
10
14
20
24
26
28
32
36
37
39
38
39
38
36
35
30
28
24
20
16
13
10
7
6
4
3
2
0
-2
-3
-6
-7
-7
-7
-9
-12
-14
-16
-20
-21
-25
-27
-30
-37
-41
-42
-45
-49
-51
-50
-48
-50
-49
-46
-45
-40
-36
-31
-24
-17
-9
-2
7
13
19
24
30
36
42
45
46
49
51
51
52
49
50
47
48
44
43
41
38
39
35
35
37
38
36
32
30
31
30
26
22
19
16
12
6
3
-4
-12
-16
-23
-30
-40
-48
-54
-57
-61
-64
-68
-71
-72
-71
-69
-67
-63
-59
-52
-48
-41
-35
-29
-22
-17
-13
-9
-1
3
5
10
14
12
18
18
17
22
20
21
23
23
24
29
30
34
36
37
41
43
46
48
51
53
55
55
55
53
51
48
45
41
38
34
26
20
14
8
1
-7
-12
-17
-19
-23
-27
-29
-32
-31
-32
-34
-30
-28
-28
-25
-24
-22
-22
-19
-21
-20
-18
-19
-20
-20
-19
-22
-22
-25
-25
-25
-26
-24
-25
-25
-22
-21
-17
-16
-10
-5
-1
3
4
9
13
17
21
24
24
24
25
24
23
21
18
14
14
9
5
2
-1
-2
-4
-5
-7
-5
-4
-6
-6
-6
-2
0
3
4
5
7
10
10
12
13
13
13
13
13
13
12
10
8
5
4
2
-1
-4
-4
-5
-4
-4
-6
-4
-3
2
4
5
8
9
12
13
14
14
16
15
13
12
10
6
3
0
-3
-8
-15
-18
-22
-24
-28
-31
-34
-35
-37
-37
-35
-33
-32
-31
-25
-23
-19
-20
-17
-15
-15
-11
-10
-10
-7
-7
-6
-5
-4
-3
-3
-3
-1
-1
2
1
3
5
6
8
14
18
22
27
31
34
37
39
44
45
45
47
46
46
46
43
40
38
34
30
25
20
17
12
8
2
0
-5
-7
-9
-10
-12
-15
-16
-18
-19
-21
-22
-22
-23
-24
-25
-25
-29
-31
-33
-33
-35
-37
-37
-40
-40
-41
-40
-39
-39
-37
-35
-32
-30
-24
-20
-15
-10
-6
-2
5
11
15
20
24
29
31
33
35
36
37
36
36
34
35
33
31
30
28
24
21
22
20
20
18
15
16
15
14
14
14
15
13
14
10
7
8
5
3
0
-5
-8
-10
-12
-18
-21
-24
-27
-29
-30
-31
-32
-31
-31
-30
-29
-28
-25
-23
-20
-16
-16
-12
-7
-5
-2
1
3
5
8
7
10
10
10
12
11
11
11
10
11
8
8
9
8
9
9
10
12
11
12
12
11
13
15
14
14
12
13
11
8
7
4
2
2
0
-3
-5
-7
-10
-12
-14
-15
-18
-20
-18
-19
-19
-18
-19
-20
-17
-16
-14
-10
-9
-7
-6
-4
-2
0
1
3
5
5
4
5
5
5
7
7
7
7
7
7
6
7
8
11
11
13
13
13
13
13
16
16
14
14
11
10
8
7
4
2
1
-2
-4
-7
-9
-10
-12
-17
-19
-17
-19
-20
-19
-20
-22
-20
-19
-18
-15
-17
-15
-11
-9
-8
-6
-5
-4
-1
-2
-1
-1
-1
1
1
3
4
4
5
5
3
5
5
4
6
6
8
10
12
14
13
14
15
14
15
16
15
14
13
13
13
9
7
4
4
1
0
-4
-6
-6
-7
-10
-12
-11
-13
-13
-14
-13
-13
-11
-10
-8
-9
-7
-6
-6
-5
-5
-3
-4
-4
-2
-1
1
-1
-1
-1
-2
1
1
0
0
2
5
7
8
7
8
8
10
10
12
11
13
12
13
13
12
12
9
8
8
8
7
4
3
2
-1
-3
-4
-4
-4
-5
-7
-7
-7
-8
-6
-7
-8
-6
-7
-5
-4
-4
-3
-2
-3
-5
-3
-5
-5
-4
-4
-3
-6
-5
-2
-2
-2
-1
-1
0
0
-1
-1
1
3
3
3
3
4
4
5
6
5
4
3
5
4
4
4
3
2
2
1
2
1
2
0
0
2
1
1
1
0
0
0
0
2
1
0
1
0
0
2
-1
1
0
-1
-2
-2
-4
-5
-3
-2
-3
-4
-3
-2
-1
-1
-1
-2
-2
-2
-1
-3
-2
-3
-2
-1
-2
-1
-1
0
-2
-1
0
0
1
0
-1
-1
-1
-3
-3
-5
-4
-7
-7
-6
-6
-5
-6
-5
-5
-4
-3
-2
-3
-2
-1
0
0
0
1
-1
-1
1
1
2
1
0
2
2
0
1
1
2
1
0
0
0
-1
-1
-1
2
-1
0
-2
-2
1
0
-1
1
0
-1
-2
-1
-1
0
1
0
1
1
0
1
0
1
2
3
3
3
4
2
0
0
1
-1
0
1
2
1
2
3
3
2
2
1
3
1
-1
1
1
1
-1
0
0
-1
0
-2
-2
-1
0
1
-1
0
-1
-1
0
-1
0
1
-1
-1
1
1
0
0
0
0
0
0
1
0
1
1
2
1
0
2
3
4
3
3
2
3
6
5
5
4
3
4
4
4
4
5
4
4
1
2
1
2
2
0
-1
-1
-2
-3
-4
-3
-1
-2
-2
-1
-3
-3
-2
-4
-3
-2
-2
-1
-1
0
0
1
-1
-1
1
0
-1
1
0
1
1
0
0
-2
1
1
2
1
0
-1
-2
-1
-1
0
0
-2
0
-1
-3
-1
-1
0
-1
0
1
3
3
2
3
3
4
3
4
2
2
2
3
5
4
3
2
3
1
3
3
-1
1
0
0
-1
0
1
-1
-1
-1
-1
-1
1
0
-1
0
-2
-1
-2
0
-1
-2
-3
-2
-3
-2
-3
-2
0
-1
-2
-2
0
0
-1
-5
-3
-1
-1
-1
0
-3
-4
-2
-1
-2
-4
-4
-4
-4
-3
-3
-4
-2
-4
-5
-6
-8
-7
-8
-9
-9
-10
-11
-9
-7
-4
-4
-5
-3
-2
-5
-5
-4
-7
-9
-9
-8
-7
-8
-8
-8
-7
-7
-7
-5
-5
-6
-9
-7
-3
-3
-3
-3
-1
0
-3
-4
-6
-7
-7
-6
-4
-4
-7
-7
-2
2
2
2
3
5
9
11
11
9
6
1
-2
-4
-7
-9
-8
-5
0
2
3
6
12
13
11
11
12
13
13
11
10
9
7
6
7
6
-2
-8
-6
2
9
11
13
15
19
22
22
21
18
11
6
6
4
-1
-3
-1
2
3
2
2
8
15
17
20
23
22
20
18
16
12
5
1
2
3
-1
-4
-4
0
7
7
6
7
9
13
16
17
15
12
10
8
3
-5
-13
-15
-15
-12
-8
-6
-3
3
7
11
11
5
0
-3
-6
-9
-12
-17
-17
-15
-11
-7
-7
-9
-13
-14
-13
-11
-12
-12
-13
-15
-14
-11
-8
-4
-6
-10
-12
-15
-15
-16
-12
-8
-7
-10
-14
-14
-14
-13
-9
-12
-16
-22
-20
-12
-5
-5
-9
-11
-11
-14
-18
-23
-24
-23
-19
-17
-16
-23
-29
-25
-18
-13
-21
-32
-35
-29
-16
-10
-7
-7
-10
-16
-17
-21
-33
-37
-35
-27
-23
-26
-28
-20
-3
7
7
1
-11
-18
-14
-13
-11
-16
-28
-28
-23
-19
-19
-19
-13
-2
0
-1
-2
-3
-3
2
9
1
-7
-12
-13
-2
4
-3
-9
-6
-2
-7
-7
1
4
2
8
18
18
20
25
20
13
10
9
4
7
12
13
14
18
18
20
25
27
27
25
34
38
34
34
33
37
32
33
31
18
14
11
12
13
10
15
11
0
-2
-3
6
10
18
16
17
14
7
11
25
22
17
22
18
26
29
19
24
27
28
32
40
45
31
36
26
29
31
31
33
17
12
13
7
17
18
14
23
33
43
53
47
49
63
58
66
75
73
79
80
64
55
47
56
60
64
73
74
68
57
58
60
75
69
75
66
50
41
30
21
19
13
-7
-10
-30
-27
-28
-34
-37
-65
-86
-85
-80
-68
-56
-74
-69
-56
-52
-50
-55
-43
-55
-73
-113
-172
-376
-738
-869
-517
95
374
245
39
44
346
619
618
442
-60
-499
-545
-408
-303
-365
-414
-393
-300
-105
42
163
200
44
-109
-184
52
413
487
143
-237
-303
-65
-94
-407
-855
-849
-296
-98
-251
-523
-546
-97
287
217
66
-101
133
288
316
191
-282
-319
-171
-343
-462
-564
-475
-281
-203
51
20
137
444
576
903
839
690
734
866
1224
918
505
508
553
899
704
283
296
410
622
311
15
191
238
458
299
-165
-320
-269
6
-205
-534
-509
-348
-77
-100
-294
-448
-627
-549
-494
-456
-460
-594
-526
-455
-439
-439
-575
-619
-546
-423
-348
-286
-346
-467
-371
-156
0
-28
-125
-43
233
407
480
415
450
613
668
720
901
975
992
1156
1347
1445
1446
1419
1532
1747
1831
1901
1996
2121
2319
2190
1666
1100
687
424
17
-501
-1000
-1366
-1658
-2000
-2459
-2895
-3305
-3642
-3769
-3697
-3683
-3772
-3669
-3364
-3018
-2774
-2679
-2549
-2152
-1630
-1178
-828
-487
-109
223
545
722
797
865
1036
1303
1544
1618
1584
1571
1685
1814
1876
1923
1930
2182
2618
3004
3182
3307
3600
3949
4248
4717
4902
4385
3408
2719
2376
1618
415
-908
-1659
-1887
-2213
-2943
-3709
-4256
-4648
-4790
-4572
-4428
-4451
-4226
-3602
-2852
-2266
-2029
-1936
-1599
-1020
-721
-696
-542
-272
170
623
836
743
587
528
488
382
160
-207
-498
-527
-473
-462
-489
-442
-250
109
524
806
1127
1582
2123
2715
3323
3775
4130
4522
5144
5796
6455
6834
6184
5068
4128
3653
2713
1223
-369
-1586
-2127
-2530
-3238
-4279
-5179
-5902
-6229
-6112
-6038
-6205
-6093
-5240
-4208
-3263
-2671
-2380
-1924
-1171
-380
64
406
658
959
1443
1849
1776
1278
810
606
508
295
-186
-781
-1099
-1166
-1170
-1238
-1301
-1227
-910
-187
554
1063
1469
1989
2739
3556
4186
4549
4848
5423
6212
6950
7628
7415
6293
5026
4266
3495
1859
-29
-1812
-2759
-3288
-3791
-4632
-5604
-6387
-7005
-6916
-6649
-6656
-6750
-6068
-4661
-3366
-2283
-1730
-1246
-624
185
739
927
1093
1221
1675
2222
2391
1864
1196
831
496
92
-545
-1246
-1836
-1979
-1855
-1820
-1908
-1942
-1743
-1178
-364
257
780
1367
2290
3253
4187
4841
5245
5750
6376
7134
7663
8285
7923
6835
5548
4740
3752
1776
-249
-2215
-3217
-3936
-4591
-5511
-6421
-6951
-7425
-7225
-6967
-6962
-6948
-6152
-4593
-3232
-2009
-1328
-606
178
904
1197
1187
1420
1543
1886
2278
2445
2043
1448
1134
733
164
-738
-1668
-2345
-2496
-2507
-2525
-2402
-2147
-1749
-1161
-336
343
860
1520
2361
3373
4288
5062
5709
6404
7324
7928
8629
8402
7381
5960
5001
4225
2398
427
-1649
-2756
-3568
-4223
-5120
-6214
-6871
-7531
-7387
-7051
-6948
-7029
-6507
-5007
-3619
-2309
-1513
-727
130
942
1395
1446
1600
1712
1999
2457
2709
2410
1807
1462
1166
558
-390
-1448
-2250
-2669
-2837
-2890
-2866
-2636
-2301
-1700
-906
-236
302
866
1765
2696
3673
4474
5271
5996
6905
7765
8516
8860
7940
6676
5410
4825
3233
1108
-1010
-2553
-3387
-4344
-4963
-5984
-6658
-7275
-7414
-6929
-6880
-6955
-6832
-5457
-3920
-2627
-1534
-634
439
1310
2031
2210
2129
1989
2005
2391
2648
2429
1804
1446
1255
734
-173
-1233
-2188
-2913
-3247
-3352
-3431
-3394
-3059
-2376
-1440
-625
-80
427
1291
2219
3028
3763
4499
5340
6156
7260
7957
8726
8688
7780
6521
5398
4529
2341
337
-1630
-2807
-3808
-4655
-5233
-6204
-6626
-7080
-6848
-6543
-6597
-6570
-6012
-4526
-3373
-2227
-1156
-95
888
1771
2504
2574
2445
2296
2364
2469
2297
1749
1093
966
713
172
-695
-1553
-2422
-3126
-3331
-3623
-3858
-3861
-3286
-2378
-1435
-514
149
1010
1947
2866
3577
4259
4867
5482
6285
7166
7704
8304
8487
7743
6572
5462
4570
2389
238
-1850
-3308
-4461
-5413
-5966
-6750
-6971
-7084
-6693
-6130
-6049
-5960
-5496
-4220
-3240
-2231
-1156
-88
961
2019
2939
3073
3090
2878
2743
2436
2007
1304
489
261
-49
-389
-1040
-1660
-2317
-2908
-3107
-3525
-3802
-3923
-3535
-2777
-1898
-835
-24
1002
2072
3098
3834
4372
4944
5356
5898
6367
6922
7327
7972
7668
6856
5815
5016
3643
1284
-656
-2716
-4008
-5253
-5945
-6598
-7127
-6923
-6683
-5918
-5542
-5314
-5087
-4357
-3264
-2583
-1705
-1008
-49
901
2047
2632
2783
2789
2664
2512
2029
1541
592
42
-228
-398
-765
-1336
-1619
-2097
-2200
-2424
-2694
-3059
-3061
-2527
-1904
-979
-176
739
1742
2912
3845
4374
4887
5176
5468
5684
6118
6342
6799
7054
6540
5745
4864
4220
2268
290
-1757
-3379
-4720
-5859
-6455
-7222
-7187
-6914
-6285
-5535
-5100
-4703
-4299
-3226
-2500
-1977
-1456
-746
136
1044
1931
2276
2578
2646
2691
2391
2003
1276
348
-84
-370
-659
-1285
-1589
-1784
-1971
-2066
-2280
-2525
-2759
-2521
-2151
-1572
-936
-265
566
1715
2876
3588
4086
4637
5039
5368
5648
5915
6050
6595
6844
6308
5492
4840
4218
2420
698
-1234
-2854
-4318
-5451
-6156
-6943
-6990
-6915
-6321
-5519
-4948
-4535
-3986
-2964
-2434
-1972
-1479
-791
-103
730
1512
1884
2301
2526
2685
2507
2159
1495
713
333
-165
-692
-1239
-1515
-1753
-2070
-2121
-2275
-2464
-2565
-2421
-2114
-1792
-1271
-617
202
1240
2209
3009
3745
4504
5022
5451
5755
6129
6190
6710
6882
6285
5486
4732
4354
2521
858
-1066
-2628
-4012
-5233
-5860
-6782
-6890
-6847
-6254
-5380
-4840
-4429
-3954
-2798
-2180
-1700
-1270
-574
10
655
1507
1784
2121
2166
2487
2422
2197
1700
882
489
-36
-518
-1262
-1712
-2118
-2543
-2596
-2708
-2854
-3088
-2806
-2425
-2004
-1470
-893
-107
767
1894
2639
3343
4058
4599
5089
5428
5772
5848
6039
6703
6680
6113
5349
4772
4059
2281
783
-1197
-2682
-4064
-5171
-5869
-6652
-6717
-6698
-5937
-5118
-4682
-4198
-3476
-2435
-1972
-1416
-933
-428
-4
594
1271
1357
1631
1683
2023
1994
1761
1342
676
463
-55
-517
-1116
-1598
-1982
-2363
-2362
-2591
-2797
-2871
-2558
-2171
-1745
-1183
-576
226
1207
2265
3064
3793
4504
5093
5666
5984
6341
6387
6926
7114
6461
5635
4751
4333
2498
891
-897
-2512
-3905
-5259
-5825
-6754
-6954
-6947
-6404
-5499
-4990
-4398
-3801
-2622
-2053
-1566
-1031
-440
30
416
1192
1355
1638
1732
2049
2123
1865
1601
916
585
123
-423
-1058
-1633
-2005
-2517
-2720
-2862
-3079
-3224
-3005
-2564
-2114
-1541
-827
-13
959
1962
2873
3559
4353
4951
5510
5986
6382
6685
6984
7489
6872
6112
5165
4797
3308
1313
-311
-2071
-3352
-4956
-5661
-6464
-6955
-6885
-6553
-5503
-4967
-4382
-3745
-2705
-1847
-1537
-932
-508
89
346
1088
1480
1662
1842
2026
2422
2075
1797
1116
640
193
-513
-1087
-1891
-2281
-2794
-3035
-3111
-3320
-3436
-3346
-2783
-2326
-1807
-1168
-330
600
1566
2550
3278
4098
4746
5456
5956
6335
6688
6807
7427
6983
6355
5353
4841
3907
1785
303
-1540
-2737
-4340
-5315
-5979
-6823
-6825
-6660
-5737
-5161
-4691
-4030
-3150
-2036
-1688
-1126
-771
-105
220
796
1371
1483
1746
1864
2359
2208
1862
1380
802
460
-205
-854
-1654
-2212
-2593
-2973
-3088
-3282
-3389
-3375
-2890
-2364
-1919
-1377
-631
306
1224
2169
2948
3635
4377
4974
5592
5847
6221
6349
6881
7165
6562
5932
5066
4766
2995
1363
-297
-1888
-3272
-4813
-5388
-6353
-6721
-6680
-6155
-5243
-4866
-4161
-3510
-2365
-1771
-1395
-908
-521
-5
190
943
1092
1316
1460
1807
2103
1769
1609
1063
758
261
-377
-983
-1765
-2173
-2706
-2906
-3107
-3324
-3366
-3178
-2604
-2240
-1671
-1021
-148
794
1691
2612
3235
4019
4609
5205
5541
5848
6196
6445
7061
6599
6089
5099
4749
3749
1854
412
-1473
-2573
-4162
-4976
-5741
-6535
-6486
-6303
-5318
-4858
-4340
-3684
-2779
-1744
-1418
-824
-577
11
250
799
1203
1121
1355
1452
2042
1864
1594
1243
759
555
-141
-662
-1533
-2182
-2614
-3050
-3161
-3590
-3682
-3686
-3146
-2609
-2165
-1454
-710
405
1306
2300
3016
3637
4359
4902
5504
5700
6111
6325
6988
7053
6535
5844
5171
4761
3010
1573
-237
-1718
-3170
-4512
-5161
-6256
-6625
-6603
-5972
-5206
-4865
-4106
-3375
-2244
-1637
-1040
-635
-298
100
405
1007
985
1172
1309
1794
2051
1758
1554
1030
746
245
-377
-1093
-2019
-2502
-3033
-3281
-3634
-3931
-3977
-3744
-3128
-2678
-2052
-1308
-327
729
1671
2627
3236
4033
4691
5362
5733
6042
6455
6849
7417
7014
6567
5766
5432
4232
2479
1029
-782
-2188
-3834
-4695
-5633
-6519
-6562
-6297
-5492
-5094
-4488
-3672
-2731
-1780
-1345
-688
-395
74
319
832
1157
1075
1367
1610
2025
1778
1527
1226
667
306
-432
-1070
-2032
-2712
-3212
-3704
-3892
-4289
-4322
-4190
-3601
-3045
-2516
-1662
-826
258
1204
2199
2978
3626
4506
5079
5687
5982
6445
6816
7385
7676
7111
6569
5859
5394
3688
2079
381
-1398
-2902
-4378
-5170
-6306
-6844
-6752
-6265
-5477
-5076
-4312
-3479
-2409
-1659
-1157
-562
-317
154
449
1053
1089
1130
1478
1778
2089
1775
1645
1166
772
360
-414
-1173
-2226
-2810
-3434
-3831
-4184
-4586
-4546
-4314
-3608
-3115
-2376
-1575
-598
625
1670
2687
3279
4105
4917
5481
5979
6159
6652
6873
7525
7650
7058
6526
5806
5428
3672
2170
345
-1383
-2825
-4321
-5181
-6455
-6949
-6894
-6360
-5576
-5209
-4406
-3528
-2352
-1592
-1018
-500
-331
122
419
914
688
688
989
1301
1526
1231
1137
697
455
142
-551
-1325
-2329
-2830
-3419
-3772
-4198
-4564
-4471
-4150
-3378
-2907
-2097
-1244
-140
1136
2103
3098
3702
4611
5308
5877
6280
6473
6832
7130
7769
7406
6857
6055
5684
4733
2957
1473
-459
-1915
-3550
-4684
-5729
-6834
-7060
-6898
-6143
-5564
-5010
-4095
-3090
-1908
-1295
-584
-273
79
447
811
1092
848
1105
1288
1608
1577
1342
1170
632
375
-177
-884
-1770
-2653
-3166
-3767
-4085
-4498
-4618
-4479
-3999
-3301
-2668
-1742
-825
349
1461
2474
3372
4036
4907
5466
6032
6307
6575
6906
7241
7817
7245
6741
5958
5637
4504
2602
1137
-851
-2270
-3940
-5042
-6106
-7174
-7216
-6941
-6071
-5529
-4923
-3900
-2813
-1589
-1104
-431
-240
154
486
792
939
592
915
1127
1506
1366
1143
979
555
402
-180
-930
-1919
-2739
-3193
-3820
-4186
-4726
-4828
-4582
-4002
-3242
-2626
-1612
-583
708
1928
2921
3781
4397
5292
5810
6266
6345
6515
6779
7112
7605
6882
6432
5635
5443
4217
2447
986
-1002
-2365
-3993
-4975
-6140
-7160
-7146
-6830
-5936
-5496
-4777
-3749
-2610
-1421
-962
-193
-88
384
611
957
999
607
914
1047
1364
1088
878
740
372
235
-368
-1031
-1928
-2602
-3000
-3611
-3944
-4526
-4527
-4342
-3757
-3129
-2601
-1528
-569
801
1878
2906
3761
4387
5348
5764
6204
6181
6360
6628
6918
7305
6505
6057
5353
5155
3924
2205
817
-1081
-2333
-3839
-4771
-5950
-6894
-6777
-6408
-5551
-5176
-4487
-3510
-2361
-1221
-800
-172
-122
327
628
929
918
488
807
963
1226
976
669
430
-7
-117
-696
-1470
-2437
-3054
-3368
-3898
-4168
-4674
-4558
-4285
-3531
-2800
-2222
-1158
-223
1160
2243
3179
3920
4458
5410
5826
6266
6223
6465
6744
7178
7457
6622
6186
5392
5164
3638
2030
471
-1414
-2661
-4112
-4965
-6157
-6861
-6596
-6174
-5316
-4957
-4163
-3220
-2107
-1128
-813
-255
-222
272
500
750
665
361
782
925
1124
838
594
419
-1
-97
-804
-1516
-2388
-2879
-3218
-3807
-4080
-4560
-4376
-4066
-3373
-2769
-2216
-1136
-156
1158
2104
2969
3700
4324
5250
5564
5926
5893
6085
6427
6728
7069
6262
5887
5294
4993
3914
2278
946
-878
-1977
-3207
-4224
-5253
-6121
-5921
-5637
-4911
-4569
-4060
-3149
-2212
-1150
-881
-361
-305
85
475
565
562
119
424
551
650
526
135
42
-345
-368
-907
-1592
-2322
-2893
-3167
-3741
-4040
-4542
-4515
-4209
-3653
-2999
-2497
-1511
-523
684
1710
2511
3302
3902
4707
5073
5359
5507
5572
5937
6142
6615
6518
6100
5922
5428
5127
3807
2479
975
-522
-1530
-2945
-3967
-5059
-5501
-5437
-5163
-4661
-4386
-3741
-2913
-1888
-1206
-912
-613
-488
7
82
36
-265
-419
-202
-168
-87
-298
-457
-536
-507
-547
-1014
-1588
-2084
-2385
-2759
-3249
-3691
-4053
-3939
-3628
-3130
-2666
-2046
-1051
-7
1132
2036
2827
3604
4265
4916
5181
5420
5425
5564
5811
6027
6340
5864
5692
5259
5069
4361
3017
1878
355
-667
-1875
-2973
-4001
-4904
-5040
-4977
-4585
-4337
-3985
-3259
-2416
-1512
-1218
-825
-734
-395
-207
-211
-372
-808
-693
-690
-564
-735
-918
-963
-1006
-815
-1078
-1443
-1884
-2173
-2362
-2804
-3087
-3519
-3566
-3370
-2956
-2454
-2008
-1162
-227
896
1900
2693
3503
4150
4893
5304
5545
5655
5665
5897
6037
6377
5949
5614
5207
4924
4349
2980
1934
434
-634
-1789
-2886
-3836
-4854
-5049
-5012
-4651
-4367
-4085
-3337
-2558
-1642
-1301
-903
-726
-499
-238
-267
-304
-819
-756
-699
-578
-698
-962
-955
-1006
-858
-1041
-1429
-1836
-2173
-2316
-2716
-3021
-3427
-3580
-3342
-2997
-2434
-2103
-1316
-397
676
1738
2485
3324
3927
4696
5253
5484
5669
5642
5980
6174
6515
6237
5804
5592
5203
4761
3426
2360
933
-306
-1308
-2518
-3496
-4581
-4918
-4892
-4710
-4413
-4266
-3597
-2917
-2057
-1639
-1333
-1058
-932
-529
-593
-572
-1001
-1036
-854
-863
-811
-1109
-1033
-1036
-935
-932
-1348
-1608
-1985
-2087
-2461
-2819
-3147
-3411
-3146
-2927
-2408
-2069
-1349
-394
543
1657
2350
3259
3882
4643
5193
5420
5633
5650
5981
6166
6434
6020
5712
5353
5061
4406
3115
2107
665
-361
-1444
-2526
-3484
-4457
-4601
-4631
-4375
-4169
-3965
-3253
-2633
-1811
-1544
-1176
-965
-796
-462
-588
-595
-1028
-944
-804
-861
-821
-1123
-935
-987
-870
-952
-1369
-1608
-2019
-2110
-2568
-2910
-3296
-3483
-3214
-2994
-2491
-2124
-1312
-369
599
1722
2407
3299
3890
4633
5159
5287
5552
5511
5889
6076
6282
6001
5592
5376
4981
4382
3159
2061
737
-394
-1372
-2521
-3490
-4370
-4623
-4564
-4405
-4100
-3909
-3250
-2555
-1818
-1411
-1136
-861
-703
-423
-443
-558
-845
-868
-742
-801
-857
-1057
-1062
-1043
-1043
-1120
-1516
-1771
-2043
-2215
-2535
-2871
-3173
-3303
-3085
-2802
-2442
-2028
-1296
-370
575
1574
2322
3119
3792
4492
4989
5138
5344
5421
5737
5946
6089
5810
5505
5253
4961
4277
3172
2121
904
-94
-1143
-2213
-3222
-3989
-4236
-4263
-4145
-3970
-3755
-3138
-2481
-1813
-1489
-1218
-958
-779
-583
-672
-835
-1084
-1089
-1026
-1069
-1132
-1231
-1165
-1091
-1044
-1125
-1441
-1638
-1882
-2102
-2476
-2828
-3102
-3243
-3081
-2866
-2519
-2070
-1316
-386
532
1501
2289
3080
3755
4365
4784
4925
5093
5185
5442
5602
5808
5643
5457
5314
5010
4547
3503
2598
1434
362
-631
-1834
-2774
-3628
-3995
-4077
-4067
-3852
-3688
-3096
-2465
-1830
-1482
-1247
-968
-868
-679
-819
-973
-1228
-1288
-1177
-1213
-1196
-1258
-1151
-983
-888
-899
-1205
-1413
-1675
-1922
-2288
-2698
-3022
-3239
-3113
-2928
-2612
-2214
-1505
-582
299
1258
2018
2776
3462
4052
4515
4644
4818
4941
5224
5452
5665
5550
5406
5347
5068
4659
3663
2775
1645
555
-415
-1637
-2616
-3462
-3856
-3945
-4007
-3812
-3637
-3066
-2471
-1912
-1584
-1371
-1086
-1024
-856
-1010
-1166
-1369
-1409
-1290
-1366
-1334
-1338
-1183
-1004
-926
-915
-1178
-1314
-1517
-1743
-2092
-2496
-2762
-2958
-2877
-2762
-2535
-2122
-1447
-566
248
1117
1901
2667
3435
4025
4448
4616
4835
5033
5288
5452
5606
5480
5332
5284
4957
4492
3514
2674
1682
643
-310
-1462
-2377
-3112
-3522
-3645
-3763
-3639
-3472
-2972
-2403
-1969
-1665
-1449
-1120
-1023
-865
-964
-1077
-1204
-1217
-1095
-1200
-1199
-1227
-1106
-990
-990
-1056
-1316
-1475
-1671
-1922
-2248
-2629
-2871
-3031
-2942
-2811
-2590
-2153
-1482
-656
147
980
1763
2503
3234
3834
4223
4424
4629
4846
5056
5256
5389
5383
5216
5184
4922
4492
3661
2776
1898
854
-86
-1260
-2191
-2964
-3473
-3683
-3829
-3700
-3538
-3068
-2483
-1996
-1641
-1384
-1048
-940
-842
-968
-1107
-1251
-1348
-1281
-1385
-1348
-1315
-1147
-953
-894
-885
-1027
-1118
-1293
-1601
-1961
-2360
-2624
-2855
-2879
-2812
-2632
-2208
-1586
-791
-22
795
1590
2334
3037
3561
3927
4121
4336
4533
4719
4948
5120
5221
5137
5158
5014
4679
3980
3160
2327
1347
378
-740
-1735
-2541
-3106
-3385
-3537
-3517
-3355
-2989
-2410
-1949
-1626
-1382
-1142
-990
-948
-1048
-1260
-1425
-1538
-1489
-1541
-1576
-1503
-1384
-1137
-1041
-1019
-1105
-1208
-1296
-1554
-1866
-2225
-2510
-2687
-2751
-2673
-2556
-2212
-1645
-936
-173
576
1334
2058
2788
3352
3767
3994
4255
4457
4686
4887
5043
5128
4996
5036
4832
4527
3853
3039
2300
1350
452
-588
-1559
-2275
-2856
-3108
-3288
-3321
-3180
-2879
-2351
-1976
-1678
-1468
-1223
-1071
-1021
-1097
-1291
-1400
-1479
-1418
-1466
-1493
-1402
-1285
-1068
-981
-994
-1078
-1185
-1297
-1566
-1902
-2249
-2530
-2718
-2783
-2725
-2576
-2231
-1648
-950
-213
535
1290
2023
2724
3260
3645
3899
4104
4319
4481
4679
4821
4986
4961
4992
4877
4607
4153
3367
2667
1749
815
-179
-1175
-1937
-2582
-2975
-3157
-3208
-3091
-2817
-2364
-1949
-1612
-1362
-1111
-967
-930
-973
-1179
-1294
-1477
-1507
-1587
-1666
-1615
-1561
-1372
-1268
-1242
-1249
-1296
-1369
-1570
-1844
-2137
-2406
-2604
-2717
-2690
-2618
-2306
-1833
-1186
-509
202
984
1721
2460
3029
3488
3823
4061
4290
4472
4626
4733
4872
4906
4846
4745
4480
4154
3456
2775
1974
1067
170
-788
-1566
-2253
-2756
-3015
-3111
-3073
-2900
-2560
-2157
-1806
-1523
-1299
-1105
-1066
-1040
-1174
-1279
-1456
-1530
-1542
-1597
-1559
-1516
-1345
-1209
-1146
-1136
-1174
-1286
-1452
-1711
-1984
-2291
-2530
-2670
-2646
-2541
-2289
-1850
-1266
-571
149
895
1609
2272
2826
3324
3625
3877
4038
4247
4451
4584
4781
4855
4827
4802
4600
4344
3703
2954
2217
1263
430
-613
-1423
-2142
-2663
-2902
-3050
-2952
-2822
-2461
-2034
-1669
-1390
-1245
-1047
-1032
-1046
-1210
-1387
-1531
-1658
-1601
-1668
-1612
-1564
-1380
-1178
-1109
-1086
-1157
-1225
-1372
-1621
-1915
-2241
-2483
-2633
-2650
-2572
-2396
-1988
-1451
-756
-70
664
1374
2048
2665
3140
3511
3716
3943
4102
4284
4402
4545
4688
4644
4639
4469
4270
3790
3115
2446
1583
767
-165
-1009
-1710
-2334
-2670
-2886
-2867
-2778
-2569
-2187
-1843
-1508
-1341
-1151
-1071
-1070
-1149
-1321
-1457
-1637
-1644
-1687
-1671
-1643
-1558
-1364
-1268
-1194
-1233
-1279
-1386
-1574
-1806
-2101
-2339
-2515
-2541
-2486
-2336
-2000
-1511
-865
-198
517
1210
1881
2512
3019
3418
3656
3853
4045
4154
4287
4364
4495
4533
4440
4381
4138
3854
3271
2648
1942
1132
362
-500
-1180
-1800
-2256
-2497
-2608
-2553
-2446
-2207
-1866
-1593
-1375
-1261
-1145
-1122
-1185
-1302
-1466
-1603
-1703
-1722
-1710
-1683
-1624
-1507
-1360
-1278
-1266
-1298
-1391
-1514
-1722
-1937
-2172
-2350
-2396
-2353
-2189
-1936
-1524
-978
-364
300
893
1511
2048
2557
2961
3233
3452
3606
3809
3951
4112
4237
4345
4331
4273
4130
3864
3443
2818
2199
1457
732
-63
-836
-1403
-1909
-2182
-2370
-2402
-2327
-2186
-1910
-1657
-1509
-1419
-1359
-1321
-1365
-1524
-1661
-1803
-1849
-1862
-1831
-1754
-1651
-1485
-1310
-1187
-1137
-1140
-1190
-1295
-1488
-1726
-1959
-2142
-2239
-2224
-2118
-1879
-1513
-1026
-421
186
790
1364
1891
2388
2742
3042
3222
3391
3552
3680
3853
3978
4176
4213
4221
4151
3949
3695
3122
2596
1848
1174
439
-361
-938
-1554
-1842
-2098
-2161
-2137
-2104
-1862
-1674
-1466
-1428
-1400
-1390
-1450
-1530
-1738
-1871
-2003
-2004
-1966
-1937
-1801
-1693
-1474
-1337
-1238
-1176
-1234
-1274
-1453
-1630
-1853
-2058
-2160
-2217
-2115
-1948
-1629
-1199
-678
-67
501
1102
1632
2119
2545
2835
3077
3213
3385
3491
3602
3738
3886
3995
3968
3962
3814
3643
3221
2729
2120
1445
814
66
-526
-1133
-1544
-1815
-1944
-1946
-1977
-1826
-1667
-1455
-1386
-1363
-1369
-1450
-1485
-1677
-1805
-1987
-2029
-1981
-1938
-1811
-1730
-1526
-1361
-1211
-1134
-1153
-1186
-1329
-1461
-1671
-1850
-1990
-2063
-1981
-1844
-1568
-1208
-738
-182
349
907
1407
1873
2295
2610
2858
3013
3193
3328
3450
3579
3714
3866
3852
3872
3748
3574
3274
2741
2263
1563
984
304
-353
-835
-1377
-1613
-1825
-1877
-1854
-1858
-1640
-1541
-1395
-1371
-1384
-1398
-1489
-1573
-1750
-1887
-1984
-1977
-1915
-1848
-1723
-1609
-1411
-1249
-1150
-1089
-1135
-1177
-1315
-1484
-1649
-1834
-1910
-1943
-1849
-1650
-1371
-954
-490
41
573
1067
1570
1997
2395
2665
2881
3070
3224
3354
3468
3618
3745
3793
3785
3747
3608
3381
2972
2490
1946
1354
761
116
-442
-926
-1292
-1509
-1684
-1772
-1787
-1708
-1595
-1540
-1542
-1541
-1587
-1621
-1723
-1879
-1991
-2090
-2045
-2009
-1909
-1799
-1661
-1460
-1311
-1170
-1134
-1125
-1173
-1280
-1406
-1608
-1726
-1837
-1848
-1784
-1654
-1347
-1023
-570
-119
361
845
1266
1705
2049
2343
2563
2764
2957
3100
3238
3406
3585
3699
3727
3719
3665
3499
3183
2735
2235
1691
1108
535
-49
-534
-941
-1196
-1349
-1520
-1570
-1578
-1472
-1427
-1475
-1479
-1550
-1569
-1680
-1819
-1930
-2055
-2027
-1988
-1880
-1783
-1671
-1463
-1288
-1128
-1084
-1059
-1074
-1158
-1269
-1455
-1616
-1754
-1800
-1762
-1662
-1451
-1147
-732
-299
144
575
1000
1383
1701
1950
2124
2290
2429
2565
2675
2805
3006
3188
3337
3400
3428
3417
3259
2966
2541
2056
1545
1007
469
-55
-510
-807
-991
-1116
-1241
-1298
-1241
-1182
-1188
-1274
-1367
-1466
-1593
-1748
-1921
-2066
-2162
-2134
-2037
-1926
-1796
-1623
-1382
-1194
-1078
-1024
-1026
-1059
-1179
-1315
-1496
-1660
-1755
-1755
-1648
-1499
-1246
-910
-503
-78
320
728
1080
1407
1680
1917
2114
2279
2455
2610
2785
2953
3158
3296
3386
3398
3364
3256
2967
2618
2147
1677
1178
658
200
-278
-586
-811
-951
-1074
-1222
-1225
-1229
-1219
-1314
-1447
-1551
-1680
-1766
-1897
-2006
-2097
-2077
-1940
-1796
-1656
-1516
-1311
-1116
-1002
-951
-963
-1010
-1109
-1232
-1383
-1535
-1641
-1642
-1544
-1416
-1221
-949
-579
-210
139
484
795
1091
1349
1597
1813
1983
2178
2374
2578
2745
2933
3124
3256
3320
3300
3261
3080
2813
2466
2042
1607
1113
682
254
-132
-430
-685
-834
-1032
-1175
-1255
-1343
-1431
-1609
-1721
-1835
-1928
-1988
-2055
-2063
-2053
-1932
-1753
-1598
-1447
-1330
-1170
-1072
-1047
-1064
-1137
-1215
-1350
-1462
-1580
-1649
-1648
-1574
-1428
-1269
-1039
-746
-404
-92
184
468
741
1009
1245
1458
1667
1874
2130
2366
2571
2765
2963
3177
3314
3361
3318
3233
3079
2831
2481
2048
1604
1166
770
354
-32
-353
-590
-724
-897
-1027
-1144
-1226
-1278
-1418
-1515
-1657
-1738
-1802
-1888
-1926
-1984
-1904
-1829
-1730
-1643
-1592
-1474
-1411
-1360
-1381
-1421
-1456
-1531
-1577
-1645
-1647
-1589
-1481
-1296
-1112
-852
-564
-234
97
376
660
907
1170
1382
1569
1739
1905
2115
2283
2442
2576
2704
2842
2947
2970
2879
2756
2610
2420
2128
1752
1377
1052
782
476
191
-83
-236
-331
-455
-588
-778
-864
-960
-1087
-1271
-1478
-1574
-1662
-1718
-1829
-1891
-1859
-1801
-1708
-1683
-1666
-1617
-1558
-1521
-1575
-1627
-1676
-1691
-1696
-1728
-1701
-1621
-1447
-1257
-1046
-796
-517
-196
106
378
612
840
1076
1266
1424
1550
1685
1838
1975
2096
2207
2330
2459
2579
2633
2653
2639
2618
2543
2383
2175
1907
1684
1418
1142
814
501
255
-5
-223
-476
-688
-872
-1027
-1173
-1355
-1487
-1623
-1705
-1791
-1898
-1974
-2036
-2034
-2047
-2048
-2031
-1989
-1901
-1850
-1782
-1734
-1673
-1596
-1532
-1462
-1407
-1325
-1194
-1051
-894
-693
-459
-197
57
316
577
836
1065
1255
1407
1535
1633
1727
1806
1854
1927
2008
2130
2208
2288
2394
2494
2566
2559
2526
2435
2314
2128
1892
1605
1279
971
642
316
-26
-320
-559
-791
-988
-1197
-1343
-1483
-1615
-1725
-1843
-1929
-2034
-2083
-2135
-2176
-2181
-2158
-2091
-2047
-1995
-1927
-1864
-1798
-1730
-1674
-1608
-1563
-1493
-1379
-1252
-1096
-908
-683
-439
-179
88
363
622
873
1099
1313
1488
1643
1802
1943
2076
2189
2310
2428
2514
2588
2648
2681
2690
2672
2611
2514
2364
2191
1994
1730
1450
1112
788
441
68
-266
-594
-847
-1102
-1305
-1487
-1618
-1707
-1795
-1848
-1930
-1962
-1999
-2033
-2065
-2088
-2067
-2030
-1981
-1940
-1881
-1810
-1717
-1631
-1580
-1528
-1479
-1402
-1317
-1244
-1149
-1020
-831
-623
-399
-170
77
352
617
875
1097
1295
1494
1675
1846
1997
2114
2237
2345
2440
2510
2540
2550
2548
2528
2487
2407
2287
2157
1996
1822
1599
1333
1035
719
394
66
-270
-599
-883
-1121
-1305
-1465
-1593
-1692
-1729
-1755
-1782
-1805
-1844
-1850
-1876
-1894
-1910
-1937
-1928
-1927
-1896
-1869
-1830
-1772
-1707
-1615
-1544
-1439
-1336
-1208
-1058
-899
-710
-516
-291
-73
169
384
630
864
1080
1307
1475
1685
1853
2019
2178
2294
2408
2476
2543
2579
2573
2532
2476
2418
2320
2191
2005
1815
1612
1381
1127
800
484
156
-130
-420
-719
-960
-1181
-1306
-1421
-1517
-1584
-1649
-1651
-1660
-1683
-1737
-1805
-1831
-1860
-1894
-1937
-1963
-1954
-1921
-1873
-1812
-1727
-1635
-1513
-1388
-1250
-1130
-989
-842
-679
-496
-326
-122
62
278
503
736
968
1180
1391
1592
1788
1961
2121
2224
2303
2382
2412
2429
2376
2314
2259
2170
2075
1931
1804
1644
1476
1299
1076
855
584
320
61
-216
-474
-711
-917
-1074
-1212
-1310
-1384
-1433
-1460
-1479
-1498
-1528
-1565
-1618
-1673
-1719
-1753
-1798
-1831
-1854
-1846
-1793
-1743
-1678
-1591
-1490
-1373
-1245
-1112
-972
-818
-655
-478
-290
-108
80
295
516
720
926
1113
1317
1517
1691
1851
1988
2125
2218
2294
2335
2336
2324
2261
2182
2086
1966
1830
1662
1496
1318
1139
950
734
517
275
46
-174
-389
-593
-799
-971
-1104
-1211
-1309
-1383
-1430
-1470
-1490
-1538
-1571
-1586
-1610
-1622
-1644
-1657
-1658
-1635
-1604
-1565
-1514
-1470
-1403
-1312
-1228
-1128
-1022
-903
-757
-604
-441
-265
-71
122
310
501
688
868
1034
1179
1321
1453
1591
1705
1806
1895
1954
2009
2032
2034
2009
1958
1888
1794
1682
1543
1410
1278
1119
954
763
585
412
234
49
-149
-326
-504
-658
-802
-935
-1051
-1163
-1257
-1342
-1415
-1472
-1527
-1561
-1592
-1610
-1612
-1605
-1585
-1569
-1539
-1510
-1470
-1433
-1401
-1353
-1292
-1216
-1121
-1004
-862
-696
-508
-306
-107
111
322
528
719
882
1028
1172
1313
1431
1536
1628
1697
1786
1853
1894
1928
1924
1900
1847
1779
1670
1560
1423
1264
1113
934
765
609
445
295
149
7
-131
-257
-382
-508
-623
-751
-860
-977
-1081
-1162
-1240
-1305
-1358
-1387
-1401
-1405
-1409
-1411
-1403
-1394
-1379
-1366
-1365
-1352
-1337
-1307
-1256
-1189
-1112
-1011
-879
-729
-570
-395
-201
-8
188
373
552
721
884
1026
1156
1270
1363
1458
1537
1610
1679
1720
1747
1757
1751
1721
1670
1597
1493
1384
1243
1108
972
820
669
522
382
242
101
-47
-187
-314
-445
-563
-682
-791
-878
-966
-1030
-1081
-1122
-1162
-1196
-1222
-1256
-1290
-1328
-1348
-1364
-1378
-1377
-1376
-1361
-1324
-1277
-1219
-1143
-1060
-965
-850
-719
-572
-422
-270
-100
86
269
447
624
786
944
1087
1217
1324
1409
1484
1545
1585
1609
1614
1595
1570
1540
1484
1413
1329
1240
1154
1054
948
840
724
597
477
342
193
44
-108
-243
-368
-499
-622
-731
-820
-882
-931
-979
-1020
-1047
-1076
-1108
-1144
-1193
-1243
-1284
-1313
-1337
-1362
-1374
-1359
-1325
-1270
-1201
-1123
-1030
-914
-786
-656
-527
-393
-244
-94
64
224
379
535
703
868
1015
1143
1256
1353
1435
1489
1516
1518
1504
1487
1461
1418
1358
1294
1230
1167
1098
1018
932
835
739
637
511
373
238
103
-26
-149
-274
-400
-509
-602
-682
-760
-834
-892
-945
-991
-1030
-1078
-1137
-1187
-1228
-1266
-1304
-1341
-1359
-1357
-1336
-1293
-1239
-1175
-1089
-977
-864
-747
-626
-502
-367
-230
-94
43
171
312
468
615
754
891
1016
1128
1223
1297
1341
1361
1371
1369
1349
1313
1275
1230
1178
1134
1086
1029
968
912
845
764
664
558
441
314
195
74
-49
-166
-262
-352
-434
-505
-568
-630
-685
-737
-798
-871
-947
-1014
-1090
-1164
-1222
-1274
-1312
-1323
-1314
-1290
-1251
-1189
-1106
-1024
-936
-838
-740
-638
-524
-407
-295
-174
-46
85
209
334
466
591
706
816
913
987
1050
1102
1132
1145
1153
1149
1132
1102
1070
1038
995
960
930
888
844
801
745
678
605
520
425
323
224
127
28
-59
-132
-203
-267
-319
-373
-434
-500
-572
-651
-737
-829
-920
-1007
-1080
-1135
-1177
-1207
-1207
-1187
-1148
-1099
-1042
-975
-896
-813
-723
-627
-531
-423
-311
-200
-89
16
118
223
319
404
480
557
623
686
736
777
811
841
865
875
872
863
851
827
800
773
745
714
683
647
611
571
532
486
432
379
329
273
213
160
104
46
-16
-79
-156
-245
-327
-412
-511
-608
-692
-768
-838
-891
-929
-960
-970
-960
-941
-917
-882
-831
-778
-721
-653
-579
-504
-419
-327
-247
-166
-76
8
75
140
207
265
313
366
416
456
497
545
581
601
631
660
671
671
673
668
651
636
616
588
555
531
505
468
434
411
383
349
322
295
256
210
170
111
36
-36
-114
-207
-305
-393
-479
-562
-629
-685
-738
-776
-794
-801
-808
-806
-783
-760
-732
-689
-637
-585
-526
-447
-377
-308
-227
-145
-75
-11
55
116
168
221
273
309
346
386
420
441
463
490
509
524
539
548
549
552
555
546
530
517
503
480
452
429
405
379
355
328
295
261
226
184
128
68
3
-70
-145
-220
-292
-364
-427
-481
-533
-583
-616
-644
-670
-690
-704
-705
-703
-687
-660
-626
-581
-523
-462
-398
-329
-257
-188
-122
-62
-7
45
90
132
170
203
231
260
289
312
336
358
377
392
405
420
435
443
449
453
454
452
451
442
435
432
425
424
413
403
388
366
342
305
264
213
157
96
30
-34
-101
-161
-217
-270
-319
-367
-404
-442
-473
-503
-531
-547
-560
-564
-561
-549
-528
-503
-472
-436
-397
-353
-307
-260
-223
-181
-140
-107
-75
-46
-17
9
32
58
80
104
129
156
182
203
226
245
264
277
288
299
305
314
316
322
332
343
355
363
372
377
376
372
356
336
305
269
229
182
134
82
33
-16
-65
-110
-154
-193
-232
-265
-293
-315
-328
-343
-347
-346
-342
-331
-322
-305
-290
-268
-245
-224
-194
-173
-145
-118
-94
-69
-46
-25
-11
2
12
22
32
38
41
44
47
52
52
51
54
55
64
71
81
94
109
126
145
169
184
201
210
218
221
215
208
193
180
161
142
122
102
84
62
39
19
-8
-33
-61
-88
-111
-136
-156
-171
-178
-184
-183
-177
-167
-150
-134
-114
-95
-78
-56
-39
-23
-11
0
7
11
17
19
21
26
25
27
26
27
26
25
25
21
17
11
5
3
-1
2
7
18
32
46
65
80
97
110
116
121
119
115
105
95
81
69
56
39
22
3
-15
-33
-58
-80
-103
-123
-145
-164
-178
-189
-193
-195
-192
-181
-164
-143
-122
-98
-71
-44
-16
8
30
48
64
75
85
93
97
104
108
114
119
121
128
128
127
121
107
100
86
73
56
44
36
26
31
35
41
54
62
76
86
91
94
92
86
74
59
36
14
-11
-40
-62
-86
-108
-127
-144
-158
-173
-182
-188
-192
-197
-197
-192
-188
-180
-171
-158
-138
-120
-97
-73
-46
-19
6
33
54
71
89
103
116
121
125
125
126
127
122
123
117
114
107
100
92
83
73
64
57
51
45
43
43
49
51
57
66
72
79
83
80
73
64
52
35
10
-17
-45
-74
-105
-132
-155
-176
-191
-202
-207
-211
-211
-206
-199
-192
-183
-170
-154
-140
-122
-100
-79
-53
-32
-5
20
45
71
94
113
129
141
147
153
154
158
154
151
149
143
142
139
137
131
128
121
113
107
96
86
76
67
57
45
35
26
24
18
16
13
2
-6
-17
-29
-48
-68
-91
-117
-148
-176
-202
-226
-247
-263
-272
-273
-269
-259
-242
-223
-196
-167
-137
-103
-73
-41
-13
17
43
69
92
114
137
156
171
186
202
214
225
232
239
241
246
248
242
238
230
220
208
190
171
150
126
107
82
60
41
18
0
-16
-32
-47
-58
-73
-86
-103
-117
-134
-154
-170
-191
-210
-233
-252
-273
-289
-303
-314
-315
-317
-313
-305
-291
-271
-246
-218
-189
-155
-119
-86
-49
-9
30
67
98
132
161
187
211
229
249
267
279
289
298
308
312
317
318
316
314
307
299
285
264
241
218
191
162
133
104
78
53
30
7
-13
-27
-44
-59
-78
-94
-113
-133
-155
-183
-207
-233
-259
-281
-304
-320
-337
-348
-350
-352
-346
-339
-329
-316
-300
-278
-254
-229
-201
-170
-140
-106
-67
-32
3
41
75
107
140
168
190
215
233
250
263
275
283
293
302
304
308
308
307
297
289
276
258
241
219
199
177
154
129
106
89
71
56
40
23
9
-8
-25
-49
-73
-99
-126
-156
-187
-216
-242
-266
-291
-308
-321
-332
-338
-338
-336
-330
-317
-300
-283
-260
-238
-212
-182
-151
-117
-84
-53
-19
15
45
76
106
132
155
178
199
216
231
245
259
264
274
281
282
279
276
269
258
244
228
213
192
175
155
136
120
102
82
66
53
37
19
2
-16
-37
-59
-83
-104
-128
-154
-176
-198
-221
-242
-259
-276
-291
-299
-305
-307
-303
-298
-288
-269
-246
-224
-197
-167
-137
-105
-78
-48
-19
13
42
68
96
126
152
175
198
219
241
261
278
288
295
298
297
292
284
274
258
242
228
208
190
170
154
137
118
100
81
61
41
22
2
-22
-48
-70
-94
-122
-147
-167
-189
-208
-230
-250
-268
-285
-299
-315
-331
-345
-357
-362
-360
-353
-340
-323
-299
-272
-239
-201
-163
-123
-84
-47
-10
26
60
95
130
160
192
221
252
278
302
327
345
357
367
374
377
377
368
354
340
325
307
287
270
250
229
212
191
172
150
126
100
72
39
4
-32
-69
-107
-144
-178
-210
-238
-265
-289
-311
-330
-351
-371
-385
-401
-414
-426
-433
-434
-432
-421
-403
-377
-349
-311
-272
-231
-184
-139
-92
-49
-6
33
74
111
142
174
200
228
253
274
296
312
328
342
354
364
366
369
365
355
348
336
321
310
295
275
263
246
228
208
189
165
138
109
77
41
1
-38
-78
-117
-153
-184
-209
-236
-257
-276
-292
-306
-320
-334
-345
-353
-358
-357
-358
-352
-343
-330
-309
-288
-259
-228
-197
-165
-130
-94
-62
-34
-2
23
51
76
93
114
134
151
166
183
204
219
236
248
261
271
279
283
284
280
278
270
263
254
245
237
225
214
201
189
169
147
119
89
58
19
-16
-52
-85
-116
-145
-169
-191
-210
-225
-238
-248
-257
-263
-268
-273
-274
-273
-270
-264
-256
-248
-238
-222
-204
-186
-162
-139
-117
-92
-64
-37
-13
10
31
53
71
88
107
123
143
165
183
201
219
232
245
253
260
264
261
259
250
238
226
218
206
192
173
157
139
120
97
69
42
12
-14
-44
-73
-103
-133
-158
-178
-196
-217
-233
-247
-253
-259
-263
-263
-266
-266
-260
-253
-242
-233
-221
-209
-195
-170
-149
-128
-107
-85
-59
-32
-2
25
50
78
103
132
157
177
195
213
235
252
268
280
288
295
300
303
300
291
280
267
253
238
223
200
174
146
125
99
70
39
9
-18
-46
-76
-105
-132
-164
-187
-210
-231
-254
-274
-291
-305
-313
-318
-321
-325
-326
-320
-308
-297
-280
-266
-250
-229
-202
-176
-152
-127
-99
-67
-38
-2
31
61
89
122
155
187
214
236
259
281
301
320
335
343
346
351
354
353
350
337
322
310
294
274
250
223
195
170
141
111
75
40
5
-25
-58
-91
-122
-155
-185
-216
-238
-262
-284
-300
-319
-332
-339
-346
-353
-358
-356
-349
-341
-328
-316
-304
-284
-261
-235
-208
-182
-152
-125
-91
-57
-21
9
39
69
99
136
165
190
214
236
260
280
298
309
316
325
333
339
338
332
325
315
306
297
283
260
238
216
193
172
145
115
84
55
25
-4
-30
-62
-96
-125
-148
-168
-190
-213
-235
-253
-266
-275
-282
-289
-298
-303
-297
-293
-288
-285
-278
-264
-248
-232
-215
-200
-182
-158
-130
-107
-80
-59
-34
-3
24
51
74
95
114
133
155
177
191
203
214
225
236
250
252
252
255
256
259
260
256
246
235
226
211
197
179
154
131
107
84
58
28
-1
-27
-53
-73
-95
-117
-138
-158
-174
-185
-193
-204
-217
-225
-227
-231
-230
-235
-240
-238
-234
-224
-216
-206
-196
-183
-165
-144
-122
-104
-85
-62
-36
-9
15
34
53
72
93
116
134
149
163
178
192
209
221
230
239
248
256
264
269
265
257
253
244
230
214
193
167
140
113
86
56
20
-14
-45
-71
-94
-118
-141
-168
-189
-201
-213
-226
-238
-247
-254
-256
-258
-261
-269
-269
-267
-257
-243
-232
-218
-204
-183
-156
-129
-107
-79
-54
-28
2
26
54
75
98
120
142
165
177
193
208
225
241
254
266
275
282
286
296
296
293
287
276
264
249
230
203
171
140
111
80
47
11
-28
-62
-90
-120
-143
-170
-193
-215
-232
-238
-250
-259
-268
-277
-281
-280
-277
-276
-274
-272
-261
-244
-230
-216
-198
-179
-154
-129
-102
-73
-48
-23
6
35
59
83
104
122
144
164
182
196
207
219
233
247
259
265
269
272
278
280
274
270
258
242
230
208
185
156
126
95
64
34
0
-33
-65
-93
-118
-140
-162
-181
-195
-207
-217
-223
-229
-235
-235
-232
-232
-226
-220
-217
-213
-205
-195
-180
-167
-155
-140
-124
-103
-85
-61
-42
-19
2
22
45
64
82
97
110
125
141
152
163
171
181
192
198
207
210
213
219
226
227
222
215
207
195
180
164
142
119
94
66
39
15
-11
-39
-64
-86
-105
-124
-139
-155
-165
-172
-178
-182
-188
-191
-195
-198
-195
-193
-190
-188
-184
-173
-161
-150
-136
-121
-105
-84
-63
-45
-28
-6
6
19
36
47
60
66
74
85
93
101
109
118
126
135
144
154
160
162
168
173
173
174
170
160
152
141
130
116
99
82
65
48
33
20
2
-14
-28
-40
-55
-65
-76
-87
-101
-111
-118
-130
-140
-149
-154
-157
-161
-162
-161
-161
-160
-153
-143
-139
-132
-126
-115
-105
-94
-84
-75
-64
-52
-37
-27
-12
-1
10
27
43
56
67
80
93
104
118
130
136
149
158
163
169
174
176
177
176
170
165
155
148
138
121
105
88
72
60
41
24
5
-13
-28
-46
-60
-75
-85
-98
-110
-120
-131
-136
-146
-149
-157
-159
-157
-157
-155
-153
-146
-136
-125
-114
-102
-92
-81
-65
-53
-40
-27
-18
-9
2
9
18
27
34
42
48
60
68
76
86
95
107
115
121
128
135
138
139
137
135
129
123
114
107
98
89
83
75
67
57
47
36
27
15
5
-6
-20
-32
-46
-61
-76
-95
-110
-119
-127
-137
-144
-148
-148
-147
-143
-138
-133
-124
-117
-109
-99
-92
-82
-76
-69
-58
-47
-34
-23
-10
2
17
29
44
58
72
86
98
109
119
126
129
134
134
137
137
135
133
133
129
121
118
111
103
97
88
80
68
54
42
31
13
0
-14
-32
-47
-60
-73
-84
-93
-104
-112
-119
-127
-130
-137
-142
-142
-146
-144
-142
-141
-136
-129
-121
-112
-103
-92
-79
-73
-58
-46
-36
-23
-15
-5
6
16
23
34
41
49
60
72
84
90
101
112
123
128
133
137
140
139
137
135
129
126
121
114
108
100
90
86
81
70
63
53
44
33
20
2
-11
-22
-36
-54
-68
-79
-90
-100
-107
-117
-120
-122
-125
-126
-128
-126
-126
-126
-123
-123
-119
-117
-114
-110
-105
-95
-86
-79
-67
-56
-44
-35
-22
-7
5
15
24
32
43
52
56
65
73
77
83
90
98
104
107
112
116
118
118
118
115
109
105
97
94
85
76
68
61
56
47
42
33
23
16
7
-2
-10
-18
-29
-36
-46
-52
-56
-64
-71
-78
-83
-88
-87
-86
-86
-86
-84
-84
-82
-81
-81
-77
-75
-66
-62
-60
-54
-46
-42
-32
-24
-15
-6
2
13
20
29
32
41
46
49
53
55
57
60
62
66
66
67
69
71
72
72
68
66
65
61
58
50
44
37
25
18
10
5
-3
-5
-11
-15
-18
-24
-29
-34
-39
-42
-45
-47
-47
-49
-51
-53
-58
-60
-60
-58
-54
-52
-45
-40
-35
-30
-26
-23
-20
-15
-11
-4
-1
6
15
19
25
29
33
36
39
45
50
56
59
60
61
59
58
57
51
49
46
45
43
38
30
24
19
12
7
1
-3
-11
-17
-21
-24
-33
-43
-46
-52
-58
-61
-63
-67
-65
-63
-65
-66
-66
-65
-60
-57
-53
-51
-48
-40
-34
-28
-23
-18
-9
-6
2
12
20
28
32
40
45
48
52
52
54
58
59
59
61
64
60
58
55
52
51
53
52
48
47
43
36
32
23
12
4
-1
-9
-16
-20
-23
-28
-37
-41
-45
-49
-54
-55
-57
-58
-57
-57
-58
-59
-58
-59
-54
-51
-47
-42
-36
-29
-25
-18
-14
-9
-3
-1
7
14
22
28
33
36
38
39
42
44
47
52
55
56
55
56
55
52
48
42
39
37
36
34
30
27
22
12
8
1
-6
-9
-10
-16
-18
-21
-26
-28
-36
-41
-44
-45
-45
-42
-42
-42
-36
-37
-36
-35
-35
-32
-25
-21
-14
-10
-6
0
4
7
10
14
18
21
24
29
34
38
36
36
36
35
37
37
38
37
38
35
34
27
21
18
12
11
6
3
-1
-5
-10
-12
-16
-22
-26
-31
-34
-35
-37
-38
-39
-40
-42
-46
-46
-45
-41
-40
-38
-34
-28
-26
-26
-23
-20
-15
-11
-8
-2
1
7
14
17
22
24
24
29
35
37
40
44
47
51
51
52
53
53
51
47
50
51
49
45
43
40
35
30
25
24
21
18
14
10
5
0
-7
-13
-19
-23
-25
-28
-31
-37
-40
-43
-46
-46
-50
-52
-54
-54
-53
-54
-54
-52
-54
-56
-53
-53
-49
-47
-42
-41
-40
-39
-32
-28
-27
-22
-19
-17
-12
-4
0
4
10
13
19
22
28
32
32
36
38
44
44
48
49
50
54
53
54
52
54
57
57
54
53
49
49
49
45
45
42
39
37
36
32
29
26
20
15
12
7
5
2
-4
-8
-14
-20
-23
-27
-30
-34
-38
-42
-44
-49
-51
-56
-58
-60
-60
-58
-62
-58
-54
-57
-53
-53
-52
-50
-49
-50
-45
-39
-36
-34
-31
-29
-27
-21
-16
-14
-7
-1
5
10
9
14
18
24
28
30
33
35
35
37
41
42
44
46
48
49
49
50
51
50
49
48
48
45
44
42
39
36
33
34
29
23
21
15
11
5
2
-2
-8
-10
-12
-16
-23
-27
-28
-33
-35
-39
-41
-45
-46
-47
-51
-50
-53
-52
-51
-51
-49
-50
-49
-45
-47
-45
-45
-43
-39
-36
-35
-31
-30
-32
-28
-27
-27
-26
-26
-23
-19
-17
-15
-12
-11
-9
-12
-8
-8
-5
-1
0
1
4
8
10
13
15
16
18
22
21
25
28
31
31
33
38
39
37
38
41
41
41
41
41
43
42
44
44
40
39
35
31
29
25
20
17
16
14
10
10
8
6
4
1
0
-5
-7
-8
-9
-11
-11
-9
-10
-11
-10
-10
-12
-11
-13
-12
-11
-9
-8
-6
-5
-4
-2
1
1
-1
1
1
1
2
2
4
7
9
8
10
12
11
13
12
12
15
15
18
20
23
26
30
31
32
33
34
35
36
36
36
40
42
43
43
41
40
38
39
35
27
26
23
21
17
15
9
8
5
-1
-4
-12
-16
-21
-23
-28
-31
-36
-37
-39
-44
-48
-53
-54
-55
-58
-63
-63
-61
-61
-60
-57
-57
-56
-57
-55
-56
-55
-54
-53
-50
-48
-44
-41
-37
-37
-36
-35
-33
-32
-33
-31
-28
-26
-23
-19
-17
-13
-13
-11
-7
-9
-7
-5
-3
2
3
5
7
12
14
13
15
15
14
16
18
18
24
31
29
29
27
26
21
18
19
18
14
10
7
4
4
5
1
-5
-10
-10
-13
-16
-17
-21
-20
-20
-18
-19
-18
-16
-15
-12
-13
-8
-7
-2
1
5
12
20
25
31
37
42
48
51
56
61
65
68
74
77
82
87
88
91
92
93
90
90
89
85
86
84
83
78
72
69
64
57
51
44
39
37
31
25
20
15
11
9
4
-1
-6
-11
-15
-20
-22
-24
-26
-30
-32
-35
-39
-44
-49
-55
-59
-65
-71
-73
-78
-81
-86
-89
-91
-97
-100
-105
-106
-110
-111
-113
-113
-112
-108
-106
-105
-100
-97
-92
-86
-81
-75
-68
-58
-51
-41
-33
-24
-12
0
11
21
29
38
45
53
61
69
78
85
88
93
97
96
96
97
99
96
94
94
91
87
82
78
73
69
64
57
51
48
43
37
32
29
24
20
17
13
12
8
9
7
5
4
4
3
0
1
0
-1
-1
-2
-2
-2
-4
-8
-9
-13
-14
-16
-21
-25
-29
-33
-40
-42
-46
-51
-54
-57
-62
-67
-70
-72
-70
-73
-77
-77
-77
-76
-75
-72
-70
-67
-62
-57
-53
-49
-43
-37
-30
-23
-20
-14
-5
-1
8
13
17
21
25
31
31
35
37
39
38
39
38
36
34
32
29
27
24
23
20
17
13
11
10
9
9
7
9
8
9
9
11
15
16
18
20
24
28
32
34
36
39
42
44
46
47
49
49
49
47
45
44
42
39
36
30
26
22
16
12
6
1
-2
-6
-12
-16
-20
-25
-29
-33
-34
-36
-39
-40
-41
-42
-43
-42
-41
-40
-39
-37
-36
-35
-31
-30
-25
-21
-18
-19
-15
-13
-13
-14
-12
-12
-12
-10
-10
-6
-5
-3
-2
-4
-4
-6
-6
-6
-8
-8
-8
-6
-7
-7
-5
-6
-5
-5
-4
-1
-1
1
4
