51
45
44
42
37
30
26
21
19
8
0
-7
-15
-20
-25
-31
-39
-43
-49
-54
-54
-59
-65
-66
-67
-64
-61
-64
-64
-64
-61
-58
-57
-54
-49
-51
-50
-46
-41
-37
-34
-29
-26
-22
-15
-7
-7
-2
5
8
15
18
22
26
32
40
38
40
49
42
40
49
42
36
43
36
26
34
35
23
27
23
21
18
15
20
12
15
11
5
4
6
9
8
13
11
14
16
17
16
13
11
9
6
2
2
-2
-11
-15
-20
-23
-23
-27
-25
-29
-24
-20
-23
-21
-20
-22
-19
-21
-27
-26
-24
-22
-16
-21
-20
-16
-21
-18
-19
-20
-14
-10
-11
-11
-15
-11
-11
-8
-8
-6
-7
-10
-8
-8
-2
-1
4
9
9
7
3
6
2
5
8
3
9
9
6
12
10
12
19
19
12
12
13
10
7
7
1
0
2
-1
1
1
-5
-6
-3
1
4
4
5
1
8
8
-2
5
6
7
8
3
2
3
6
3
0
-8
-8
-6
-8
-12
-17
-10
-12
-14
-14
-16
-21
-23
-21
-24
-25
-23
-26
-29
-27
-25
-24
-19
-24
-19
-14
-12
1
-6
-9
0
1
-11
12
6
-15
18
19
-10
35
16
3
40
30
25
35
36
38
36
36
58
46
27
49
75
25
44
98
23
20
98
40
37
93
53
44
72
58
39
62
77
29
38
65
24
16
17
10
4
-37
-2
5
-50
-32
-25
-60
-65
-42
-74
-83
-48
-98
-96
-43
-122
-110
-77
-103
-139
-99
-76
-149
-65
-80
-127
-81
-83
-101
-75
-64
-83
-73
-40
-86
-51
-25
-80
41
-85
-30
112
-105
-33
139
-4
-76
108
142
-91
16
243
-10
-32
223
116
-23
105
236
2
14
270
94
-62
228
197
-71
130
241
-9
29
231
1
39
179
-14
37
178
-29
-28
160
45
-105
47
104
-67
-64
15
17
-50
-120
10
-23
-93
-86
-67
-10
-130
-135
-7
-104
-117
-61
-131
-58
-91
-136
-91
-87
-83
-118
-137
7
-95
-179
-24
-11
-114
-130
29
26
-221
47
132
-249
35
175
-202
-22
217
-110
-71
192
1
-47
158
39
-1
158
57
-7
165
154
-24
96
253
29
7
265
140
-23
211
143
63
171
96
122
135
120
90
80
168
73
1
194
56
-19
121
13
13
67
-55
-12
55
-112
-66
21
-133
-106
-39
-160
-125
-104
-172
-142
-151
-163
-163
-178
-159
-171
-121
-255
-146
-22
-340
-166
13
-221
-225
-139
66
-193
-390
222
-16
-465
49
220
-264
-239
305
-52
-278
244
-12
-102
173
-9
-35
206
100
-115
173
282
-128
85
346
7
42
247
99
79
185
7
180
137
-21
208
49
99
158
-58
177
188
-106
111
231
2
-87
253
111
-222
237
105
-188
130
75
-124
49
22
-54
11
-82
5
-15
-113
-93
1
-92
-185
-20
-26
-238
-55
-42
-175
-44
-144
-43
-78
-171
-23
-101
-111
-43
-146
-1
-44
-189
76
-19
-145
50
-8
12
-40
17
125
-26
-28
187
33
-68
210
117
-130
255
158
-177
276
160
-128
236
130
6
157
53
146
80
57
192
15
111
144
-7
116
57
54
90
-55
125
110
-151
98
109
-86
-42
126
-32
-63
37
-7
-3
-35
-57
21
-53
-127
45
-81
-134
61
-110
-158
93
-102
-207
82
-14
-255
26
88
-261
-61
147
-230
-69
110
-165
-60
70
-58
-140
73
104
-278
43
245
-277
-73
312
-182
-124
221
-105
-80
135
-87
-42
157
-142
-41
211
-147
-55
187
-80
-80
132
43
-167
128
121
-182
43
215
-146
-68
225
-46
-155
145
64
-149
22
160
-130
-34
170
-143
28
130
-151
74
95
-129
87
56
-59
60
21
-23
39
35
-42
32
13
1
28
-94
94
6
-141
61
63
-77
-90
75
50
-173
-23
163
-147
-104
102
21
-173
-20
165
-185
-76
201
-174
-43
120
-154
0
67
-152
29
91
-192
9
160
-176
-67
220
-117
-124
180
10
-114
70
49
-39
29
-19
58
67
-141
157
26
-51
75
56
-44
54
122
-156
88
189
-169
-5
259
-145
-71
225
-95
-58
85
10
-85
27
107
-183
44
139
-174
-53
180
-109
-106
74
12
-79
-54
79
-51
-68
11
64
-85
-62
167
-130
-97
219
-131
-131
158
6
-162
13
119
-92
-34
5
16
82
-136
27
211
-179
33
143
-119
116
7
-79
119
87
-158
112
78
-60
97
-102
88
157
-155
-45
305
-136
-121
226
-47
-130
131
36
-174
135
34
-151
49
76
-103
20
41
-51
23
9
-17
-5
-18
151
-171
-88
357
-165
-237
327
43
-263
134
102
-117
26
102
-148
84
130
-216
-14
269
-218
-94
164
-41
-66
-68
76
28
-127
14
59
-89
64
-120
85
20
-155
170
-65
-117
153
-108
45
-57
-68
207
-276
104
82
-264
215
-55
-227
257
-62
-241
180
9
-128
-81
231
-140
-156
329
-276
-14
306
-296
-52
343
-200
-206
332
-85
-262
243
58
-368
318
36
-346
328
-31
-221
242
-51
-147
246
-149
-118
339
-227
-130
301
-12
-239
116
282
-327
-32
434
-325
-93
383
-227
-86
238
-65
-162
123
139
-362
127
249
-449
170
90
-164
-35
29
110
-338
186
149
-458
299
66
-386
252
65
-316
179
48
-211
99
54
-188
144
16
-218
301
-121
-132
278
-61
-128
116
167
-204
74
152
-113
105
-17
-27
80
82
-166
99
105
-90
-44
145
8
-117
89
43
-35
28
-39
-44
212
-169
-157
329
-95
-249
279
6
-214
186
56
-218
175
45
-211
164
68
-242
158
54
-100
-49
153
-11
-160
163
54
-206
105
199
-297
99
207
-239
-3
240
-219
-52
298
-260
31
185
-214
65
216
-318
40
314
-262
-52
184
82
-363
351
-3
-370
395
-37
-298
253
28
-247
269
-138
-76
136
-24
-138
101
124
-288
176
177
-335
58
350
-345
-113
439
-290
-159
335
-133
-228
283
-78
-182
256
-136
-62
215
-116
-56
210
-95
-6
180
-132
55
172
-177
43
252
-234
-65
340
-102
-324
351
-30
-221
140
-94
50
6
-126
13
91
-187
13
96
-144
-76
180
-165
-94
193
-223
19
134
-279
137
32
-182
127
-82
-32
71
-163
148
-136
5
86
-162
109
6
-143
65
146
-236
67
122
-191
99
26
-165
152
-7
-140
163
-88
28
9
-28
30
-31
58
-91
33
111
-174
-11
245
-221
-110
300
-142
-165
208
-28
-208
213
0
-262
315
-130
-137
289
-182
-69
194
18
-205
137
114
-133
-16
186
-135
97
99
-167
240
-48
-50
90
142
-70
-119
219
136
-384
269
132
-315
223
30
-206
100
151
-269
51
204
-274
81
146
-294
110
87
-188
33
-15
-15
-31
-51
35
-23
-61
82
-12
-131
104
51
-105
-18
162
-136
24
121
-99
-12
166
-74
-110
264
-95
-66
185
24
-96
93
114
-30
-46
147
21
-25
14
97
14
-93
189
4
-120
170
32
-120
106
50
-4
-57
77
42
-60
-21
49
4
14
-98
42
98
-186
91
-59
-45
155
-207
72
34
-83
128
-234
94
109
-177
80
-56
75
-93
-78
119
-137
-26
111
-64
-80
109
-57
-16
37
-50
-13
75
63
-240
110
245
-349
45
198
-84
15
-48
99
30
-52
-47
36
184
-151
-76
227
-44
-147
68
35
4
-10
-34
7
142
-148
-139
255
-106
-116
170
-120
64
44
-262
127
128
-300
93
128
-108
-6
-57
44
-104
44
-82
-73
245
-230
-76
230
-199
-70
199
-154
-34
192
-125
-68
179
-123
-103
281
-222
-31
307
-229
-8
66
27
-95
20
139
-193
164
28
-147
9
88
-58
-88
21
70
-75
-76
-1
-15
-50
-112
117
-40
-158
96
-3
-85
-86
18
100
-171
-87
211
-46
-320
400
-177
-262
496
-274
-177
485
-250
-148
387
-192
-43
89
189
-162
-78
460
-357
33
365
-358
167
206
-184
83
115
-10
-80
145
-26
-108
270
-134
-48
256
-236
64
199
-377
194
246
-442
128
315
-359
-89
387
-252
-260
461
-187
-278
416
-236
-179
328
-256
-91
287
-166
-163
283
-120
-286
347
-156
-176
294
-203
27
148
-239
23
201
-156
-39
188
-3
68
-37
-72
240
-18
-147
160
192
-62
-118
132
170
-270
38
204
-17
-66
1
164
-75
-116
93
40
48
-26
-3
105
-37
-39
31
9
32
69
42
-111
102
155
-363
198
176
-355
256
128
-375
163
212
-356
53
155
-83
-15
-2
-133
168
-98
-229
317
-127
-149
258
-312
194
28
-347
287
198
-496
178
311
-346
-6
211
-162
76
162
-395
323
103
-357
211
72
-184
167
-106
-22
79
-134
48
-2
-92
12
105
-245
89
100
-281
134
125
-308
95
165
-282
-12
124
-54
-140
-7
162
-186
-126
243
-225
-41
276
-290
32
219
-275
129
8
-105
97
44
-52
-81
252
-169
-25
215
-150
105
42
-129
356
-321
-14
452
-421
110
178
-128
45
54
-75
-89
275
-203
-219
451
-204
-309
376
-140
-222
173
-52
-165
194
-127
-116
172
-130
-121
117
-36
-153
132
-37
-101
-47
130
-109
-141
322
-284
-23
279
-254
-10
105
-68
187
-214
-11
412
-433
162
224
-422
398
82
-364
323
30
-240
286
-152
-107
372
-139
-229
332
84
-471
435
123
-474
434
186
-580
488
28
-388
445
-111
-107
331
-208
-102
393
-404
11
395
-378
157
129
-181
24
-1
83
-112
-63
241
-107
-297
442
-207
-285
481
-143
-174
302
-121
-104
213
-112
-84
158
-54
-30
-65
-68
158
-87
-357
418
15
-505
416
63
-376
197
154
-276
332
-45
-211
437
-160
-292
342
25
-407
561
-198
-222
487
-306
16
148
-159
-17
322
-391
28
221
-161
-29
112
-28
-59
160
-139
-86
246
-11
-369
487
-10
-397
310
36
-117
224
-179
126
219
-203
102
-61
0
195
-256
17
207
-84
-110
38
115
-158
-130
278
-465
170
221
-560
143
255
-317
-83
328
-184
41
88
-2
167
-111
221
64
-298
362
-3
-522
329
296
-676
271
144
-489
107
-40
-551
228
140
-532
364
112
-85
140
135
218
-21
-184
489
-188
-218
438
-312
-55
182
-80
-225
177
-9
-229
118
181
-264
-9
239
32
-74
84
220
-115
-44
273
-174
-348
186
-169
-334
28
-101
52
165
-205
403
-36
-141
476
-138
-211
336
-172
-181
166
-181
-131
41
-55
34
-290
-49
60
-228
75
159
-145
-182
392
-11
-328
123
246
-88
-43
243
65
-107
51
17
-99
94
-194
-140
382
-465
-21
198
-235
96
33
-25
115
61
10
-184
128
0
-344
196
-95
-138
299
-181
200
316
-238
68
156
-142
-87
128
-373
97
52
-302
70
210
-57
-60
154
20
135
-278
174
51
79
187
-252
241
133
-477
129
462
-761
-21
664
-503
-166
458
-174
-104
440
-78
-94
459
191
-595
359
170
-475
189
-107
-102
316
-366
-32
627
-640
23
806
-597
2
606
-688
243
137
-356
38
-78
-143
-379
81
275
-555
296
160
-308
125
176
52
175
193
160
435
205
95
177
330
237
-193
-775
-443
-659
-804
-798
-604
-79
-228
267
414
281
1352
851
536
1337
313
269
251
-617
-327
-255
-1383
-59
-156
-1223
204
36
-324
667
156
-270
1225
92
-331
807
-179
-823
542
-249
-655
480
-545
-190
423
-280
-221
874
-90
-126
624
-39
-29
438
-311
-192
652
-542
-277
404
-181
-527
527
-148
-477
255
-197
-351
273
103
-421
429
-156
-425
636
140
-230
381
-190
62
339
-600
226
325
-293
357
-2
-212
329
111
-149
112
-111
-207
209
-235
-369
99
-123
-516
184
-120
-473
216
99
-324
-206
415
131
-157
739
129
-265
581
44
-390
437
-453
-251
400
-603
271
154
-507
284
245
-504
232
134
-457
328
271
-452
53
295
-689
74
80
-367
204
114
110
-119
109
228
-226
-101
597
-336
-287
773
-472
64
476
-484
288
706
-542
125
260
-811
557
-701
-506
919
-734
-275
786
-382
-45
575
-583
10
640
-437
-379
629
-563
45
375
-754
75
24
101
505
251
-156
154
-95
-6
-46
-600
422
121
-520
90
314
-165
-93
-4
-427
368
152
-446
200
564
-423
-593
288
-536
-319
321
-528
99
170
-154
337
-251
-31
863
-256
-153
389
-4
-2
228
392
-381
417
517
283
-8
-182
333
-910
-972
-328
-796
-668
98
-786
-435
319
55
563
860
1227
1284
1336
1293
1093
588
838
533
-306
-12
-244
-619
-45
-449
-748
-59
-303
-150
35
88
131
-159
493
297
-469
364
190
-530
-90
127
-258
-131
73
-113
-195
-276
-2
-49
-441
-319
-272
-331
-183
-379
-619
-370
-549
-435
-510
-493
-235
-734
-874
-69
-486
-1209
-109
-387
-789
118
-430
-614
105
-559
-34
201
-373
269
-263
-134
613
-574
276
831
-366
548
564
29
498
567
459
585
655
710
849
947
874
950
1078
934
1150
1495
1071
1359
2011
1488
1628
1849
1308
1454
1638
1092
1118
1264
891
731
423
173
161
54
-167
-421
-560
-1049
-1199
-1255
-1957
-2033
-2076
-2621
-2580
-2705
-3182
-3274
-3082
-3250
-3267
-2871
-2839
-2699
-2342
-2360
-2152
-1569
-1741
-1495
-814
-994
-1023
-457
-133
-194
-380
-213
106
237
374
678
986
942
1470
1900
1458
2363
2775
2401
3178
3521
2763
3502
3843
2869
3872
3817
3534
4520
4040
3979
4831
4440
4298
5039
4053
2985
2934
1621
610
268
-1103
-2102
-2184
-3191
-3664
-3849
-4756
-4816
-4665
-4849
-4844
-4354
-4247
-3843
-3323
-3373
-3131
-2488
-2146
-1756
-1070
-812
-405
264
380
310
408
129
-103
-716
-1467
-1836
-2562
-2898
-2934
-3658
-3581
-3312
-3325
-2795
-2264
-2290
-1624
-877
-832
-65
299
1088
1785
2010
3129
3779
4165
4684
5021
5146
5421
5731
5999
6160
6145
6198
6148
6010
6267
6147
5889
6561
5611
4313
3954
2559
1255
302
-1176
-2148
-2839
-3994
-4650
-5250
-6200
-6391
-6128
-6180
-5984
-5214
-4748
-4135
-3547
-3423
-3107
-2579
-1927
-1433
-840
-249
186
753
937
893
842
688
547
514
235
-387
-764
-1314
-2776
-3905
-4491
-5217
-5237
-5028
-5207
-4566
-3931
-3823
-2910
-2431
-2021
-771
43
801
1547
2062
2752
3351
3760
4116
4704
5344
5893
6368
6670
6935
7280
7574
7673
7751
7933
8318
8710
9117
8647
6630
5097
3822
1817
312
-1366
-3154
-3844
-4868
-6146
-6978
-8202
-8932
-8468
-7874
-7887
-7156
-5748
-5090
-4232
-3474
-3555
-2889
-1820
-985
-112
502
1208
1996
2527
2442
2221
2147
1981
2062
1742
967
272
-710
-1410
-2863
-5104
-6140
-6564
-6767
-6415
-6367
-6231
-5320
-4651
-3940
-3049
-2502
-1089
486
1411
2184
2654
3114
3717
4447
4678
4919
5708
6559
7146
7435
7685
8045
8418
9036
9292
9511
10054
10566
11039
9395
6651
4880
2694
476
-1212
-3583
-5221
-5902
-7216
-8199
-9218
-10673
-10825
-9733
-9023
-8551
-7087
-5698
-4581
-3306
-2891
-2673
-1855
-763
412
1337
1964
2554
3300
3652
3276
2961
2584
2209
2350
2004
813
-372
-1403
-2354
-3842
-5900
-7398
-7779
-7696
-7303
-6957
-6683
-5705
-4538
-3610
-2598
-1776
-544
1226
2306
2853
3120
3494
4207
4784
5165
5387
5951
6946
7602
8005
8256
8468
9102
9797
10060
10563
10981
11592
11224
8496
5989
3806
893
-1255
-3115
-5517
-6671
-7728
-8958
-9708
-10958
-11668
-11212
-10020
-9257
-7930
-5949
-4699
-3233
-2316
-2116
-1467
-671
370
1767
2516
2967
3791
4224
3774
3564
3230
2399
2334
2326
1597
381
-953
-2186
-3349
-4994
-6900
-7991
-8354
-8157
-7733
-7490
-6901
-5786
-4592
-3420
-2291
-1387
41
1525
2296
2719
2925
3320
3913
4572
5011
5303
6097
7070
7750
8140
8458
8971
9751
10597
11247
11702
12380
12824
11108
7969
5563
2845
-88
-2038
-4405
-6390
-7404
-8747
-9773
-10677
-11743
-11970
-10802
-9488
-8547
-6767
-4951
-3494
-2190
-1681
-1236
-369
453
1708
2951
3309
3591
4348
4368
3670
3520
2899
2193
2008
1576
432
-1152
-2551
-3783
-5020
-6849
-8403
-9015
-9117
-8799
-8370
-8011
-7252
-5790
-4369
-2919
-1727
-608
949
2023
2587
2867
3114
3590
4299
4876
5316
5792
6492
7507
8200
8572
9084
9975
10934
11740
12434
13008
13764
12755
9622
6910
4275
959
-1465
-3697
-6150
-7353
-8623
-9804
-10662
-11642
-11903
-11269
-9820
-8686
-7094
-5043
-3577
-2035
-1278
-951
-47
737
1603
2862
3469
3710
4162
4287
3635
3044
2699
1766
1255
889
-145
-1538
-3117
-4473
-5647
-6944
-8473
-9386
-9397
-9202
-8621
-7917
-7393
-6066
-4364
-3166
-1588
-331
613
2045
2651
2739
3079
3378
3884
4644
5091
5379
6045
6798
7567
8276
8701
9519
10753
11590
12432
13236
13878
14202
11768
8416
6178
2951
-111
-2251
-4888
-6764
-7963
-9360
-10326
-11261
-11950
-11641
-10380
-9076
-7752
-5706
-4079
-2469
-1122
-860
-226
593
1188
2241
3211
3315
3548
4077
3595
2861
2528
1688
993
632
-142
-1263
-2834
-4425
-5542
-6768
-8379
-9513
-9899
-9912
-9202
-8398
-7710
-6244
-4706
-3203
-1499
-255
921
2208
2975
3246
3276
3378
3771
4302
4706
5054
5489
6098
6974
7642
8086
8789
9745
10836
11713
12495
13277
14101
13541
10336
7419
4941
1435
-1121
-3448
-6035
-7372
-8658
-9728
-10620
-11611
-11839
-11206
-9582
-8171
-6575
-4489
-2877
-1043
-232
-107
824
1438
2076
3328
3845
3701
3982
4184
3453
2686
2128
1149
477
-120
-1025
-2386
-4254
-5701
-6775
-8078
-9587
-10625
-10912
-10576
-9673
-8738
-7671
-6044
-4216
-2441
-583
761
1886
3215
3864
4035
4042
4017
4387
4885
5161
5359
5650
6275
7136
7692
8070
8704
9650
10629
11547
12259
12834
13566
12155
8824
6339
3344
-5
-2302
-4832
-6813
-8043
-9320
-9932
-10745
-11427
-11220
-10223
-8568
-7028
-5140
-3255
-1444
8
317
894
1611
2019
2799
3708
3960
3745
4001
3888
2953
2258
1543
596
-196
-892
-1823
-3342
-4991
-6316
-7343
-8594
-9873
-10478
-10748
-10161
-9067
-8143
-6738
-5196
-3451
-1510
214
1541
2568
3580
4100
4212
4294
4308
4516
4877
5078
5286
5587
6253
7050
7524
8056
8755
9733
10631
11423
12273
12837
13435
11889
8378
5893
2883
-531
-2787
-5345
-7297
-8477
-9667
-10284
-11121
-11758
-11463
-10281
-8672
-7039
-4994
-3235
-1340
76
286
981
1721
2070
3002
3925
4064
4039
4200
3950
3166
2372
1595
683
-151
-886
-1858
-3571
-5404
-6638
-7998
-9363
-10319
-11158
-11085
-10192
-9339
-7938
-6584
-5132
-3073
-1290
690
2150
2966
4124
4652
4686
4902
4846
4817
5124
5327
5550
5973
6557
7249
7766
8135
8867
9754
10278
11208
12007
12597
13317
11361
7948
5541
2385
-794
-3062
-5564
-7312
-8453
-9428
-10089
-11047
-11587
-11310
-10095
-8401
-6709
-4712
-3052
-1127
166
242
911
1641
1977
2908
3789
3930
3803
3903
3651
2769
2036
1211
274
-387
-1095
-2177
-3974
-5741
-6945
-8157
-9490
-10778
-11332
-11053
-10241
-9081
-7998
-6607
-4861
-3137
-944
935
1965
3294
4296
4794
5057
4913
4952
5113
5234
5463
5674
5982
6649
7334
7682
8067
8741
9527
10282
11173
11808
12536
13040
10910
7675
5330
2209
-867
-2861
-5269
-7045
-8056
-9051
-9668
-10550
-11153
-10709
-9472
-7830
-6109
-4329
-2758
-926
125
297
1052
1640
1933
2924
3809
3817
3596
3711
3371
2503
1873
983
-23
-636
-1350
-2535
-4349
-6117
-7259
-8364
-9839
-11103
-11588
-11277
-10180
-9003
-7883
-6384
-4763
-2838
-579
1063
2211
3502
4407
5019
5165
4997
5056
5229
5383
5605
5865
6173
6900
7590
7919
8350
8933
9685
10502
11267
11727
12418
12676
10223
7191
4866
1655
-1117
-3012
-5389
-7033
-8079
-8957
-9535
-10352
-10817
-10376
-9101
-7553
-5950
-4304
-2868
-1092
-137
66
897
1393
1667
2707
3556
3395
3210
3374
2903
2171
1619
664
-224
-776
-1449
-2643
-4453
-6131
-7322
-8429
-9727
-10809
-11228
-10791
-9654
-8533
-7372
-6041
-4486
-2482
-381
1300
2490
3583
4511
5053
5105
5030
4978
5126
5400
5588
5897
6199
6750
7315
7630
8023
8569
9255
10131
11049
11563
12329
12485
9959
7236
4976
1776
-675
-2521
-4905
-6393
-7552
-8584
-9204
-10115
-10574
-10208
-9116
-7682
-6183
-4734
-3367
-1683
-892
-638
314
740
1138
2341
3086
3000
3047
3262
2891
2345
1887
1005
248
-217
-956
-2189
-3953
-5701
-7114
-8326
-9609
-10611
-10938
-10474
-9393
-8397
-7355
-6075
-4555
-2614
-512
1034
2189
3380
4225
4808
4994
4953
5087
5346
5695
6049
6382
6738
7253
7592
7840
8181
8504
9117
9922
10650
11160
11918
11743
9160
6709
4450
1428
-636
-2508
-4750
-6071
-7281
-8220
-8999
-9946
-10203
-9797
-8617
-7241
-5881
-4528
-3190
-1617
-1014
-627
325
672
1371
2530
3000
2879
2994
3194
2811
2456
2007
1152
579
70
-764
-2067
-3948
-5672
-7162
-8508
-9783
-10833
-11040
-10434
-9536
-8612
-7614
-6416
-4836
-2895
-862
606
1782
3011
3800
4371
4658
4735
4983
5358
5796
6179
6589
7071
7585
7959
8260
8661
9014
9531
10215
10747
11205
11944
11404
8857
6652
4361
1612
-323
-2376
-4531
-5938
-7188
-8072
-9037
-9976
-10132
-9750
-8724
-7490
-6303
-5148
-3723
-2214
-1636
-986
-55
392
1243
2277
2678
2651
2891
3148
2951
2709
2253
1495
887
320
-615
-2003
-3822
-5476
-6995
-8537
-9738
-10691
-10969
-10234
-9469
-8636
-7436
-6321
-4722
-2771
-1007
564
1763
2791
3690
4162
4518
4892
5121
5578
6096
6480
7014
7483
7827
8122
8402
8673
9022
9429
9854
10402
10752
11374
10900
8320
6334
4290
1675
-30
-2006
-4117
-5438
-6670
-7596
-8607
-9526
-9732
-9429
-8543
-7461
-6407
-5438
-4100
-2688
-2204
-1544
-644
-221
557
1538
1954
1985
2361
2706
2625
2536
2216
1583
1130
684
-276
-1547
-3187
-4918
-6568
-8331
-9594
-10437
-10811
-10154
-9405
-8691
-7350
-6154
-4697
-2632
-918
650
2042
3030
3907
4385
4801
5247
5475
5923
6456
6921
7455
7852
8122
8297
8568
8790
9046
9439
9693
10065
10388
10954
10396
7898
6059
4069
1612
22
-1962
-4005
-5273
-6378
-7360
-8447
-9308
-9626
-9402
-8485
-7544
-6653
-5694
-4433
-3103
-2590
-1921
-1077
-592
313
1273
1713
1833
2262
2661
2591
2487
2188
1585
1261
860
-135
-1450
-3142
-5035
-7038
-8711
-9851
-10701
-10619
-10031
-9354
-8366
-7310
-6109
-4587
-2747
-849
733
2050
3207
3916
4457
5053
5341
5659
6270
6840
7316
7869
8200
8395
8605
8766
8909
9003
9211
9449
9577
9901
10513
9692
7604
6041
3971
1882
355
-1700
-3526
-4774
-5927
-6988
-8113
-8956
-9306
-9242
-8480
-7666
-6983
-6022
-4764
-3651
-3068
-2282
-1589
-1044
-157
585
1003
1225
1684
2074
2099
2052
1798
1319
1011
612
-289
-1599
-3419
-5455
-7278
-8577
-9578
-10260
-10039
-9393
-8546
-7511
-6445
-5290
-3789
-1944
-153
1317
2389
3379
4133
4760
5322
5504
5964
6758
7345
7920
8373
8520
8722
8786
8832
8777
8615
8841
9034
9118
9365
9711
8794
6941
5619
3602
1648
373
-1577
-3238
-4401
-5808
-6885
-7887
-8763
-9034
-8962
-8384
-7672
-7027
-6199
-5155
-4306
-3775
-2900
-2242
-1759
-905
-190
231
628
1225
1601
1810
2018
1882
1536
1287
755
-159
-1532
-3602
-5385
-6689
-7836
-8643
-9232
-9185
-8383
-7670
-6868
-5725
-4883
-3375
-1480
-185
1132
2138
2964
3999
4765
5189
5625
6246
6978
7697
8159
8347
8512
8583
8533
8526
8227
8155
8449
8484
8613
8886
9018
8075
6625
5395
3567
2007
630
-1081
-2565
-4025
-5220
-6325
-7470
-8085
-8481
-8410
-7923
-7590
-6996
-6357
-5575
-4842
-4333
-3497
-2896
-2304
-1481
-848
-345
137
828
1256
1507
1762
1654
1254
866
215
-1122
-2707
-4215
-5468
-6186
-6758
-7488
-7596
-7284
-6783
-6015
-5444
-4661
-3696
-2460
-1034
-15
718
1682
2690
3431
4213
4823
5300
6053
6838
7288
7477
7556
7629
7593
7486
7308
7045
7186
7363
7514
7849
8158
8344
7526
6532
5684
4082
2784
1500
-193
-1605
-2989
-4133
-5263
-6327
-6898
-7341
-7146
-6784
-6712
-6304
-5884
-5340
-4803
-4396
-3801
-3386
-2936
-2310
-1772
-1344
-835
-131
274
652
945
694
419
113
-883
-2161
-3321
-4513
-5126
-5512
-6096
-6376
-6379
-6109
-5431
-4962
-4378
-3494
-2835
-1620
-519
97
1031
1972
2820
3754
4357
4961
5684
6148
6751
7060
7115
7269
7270
7111
6950
6672
6514
6668
6778
7043
7383
7797
7731
6841
6129
5191
3836
2806
1325
-201
-1284
-2691
-3794
-4880
-6251
-6896
-6946
-6896
-6745
-6656
-6580
-6036
-5441
-5190
-4662
-4184
-3827
-3027
-2375
-1972
-1487
-950
-315
197
338
198
99
-220
-721
-1450
-2549
-3401
-3954
-4406
-4730
-5127
-5451
-5296
-4907
-4414
-3891
-3386
-2759
-2019
-1146
-343
471
1297
2240
3199
3950
4547
5171
5621
5886
6224
6405
6436
6444
6554
6410
6220
6156
6074
6282
6429
6591
7093
7332
6907
6350
5591
4509
3511
2390
1072
12
-1146
-2223
-3014
-4113
-4957
-5424
-5705
-5755
-5833
-5897
-5882
-5673
-5398
-5237
-4922
-4665
-4370
-3845
-3377
-2898
-2370
-1780
-1261
-865
-676
-747
-872
-1098
-1486
-1990
-2508
-2960
-3366
-3604
-3780
-3988
-3995
-3841
-3516
-2987
-2511
-2125
-1696
-1178
-707
75
871
1295
2290
2880
3403
4353
4364
4698
5293
5011
5442
5699
5240
5808
5653
5438
5765
5428
5752
6079
6199
6969
6925
6442
6200
5248
4338
3497
2365
1311
270
-704
-1552
-2460
-3286
-4026
-4604
-4865
-4988
-5156
-5246
-5233
-5111
-5043
-4895
-4688
-4650
-4228
-3798
-3386
-2807
-2351
-1864
-1563
-1278
-1174
-1238
-1241
-1525
-1884
-2149
-2704
-3217
-3447
-3755
-3770
-3835
-3785
-3443
-3268
-2711
-2153
-1954
-1478
-977
-477
256
1069
1521
2092
2904
3323
3839
4224
4309
4754
5015
5054
5420
5501
5410
5377
5450
5405
5449
5375
5516
6124
6156
6173
5933
5225
4562
3833
3106
2337
1421
605
-154
-816
-1603
-2468
-3178
-3614
-3901
-4258
-4553
-4767
-4895
-4866
-4924
-4974
-4852
-4764
-4449
-4018
-3695
-3273
-2779
-2432
-2100
-1776
-1747
-1640
-1654
-1827
-1938
-2322
-2706
-2958
-3196
-3311
-3214
-3390
-3305
-2904
-2767
-2325
-1868
-1668
-1280
-709
-288
165
936
1282
1776
2473
2869
3445
3506
3690
4251
4316
4589
4755
4810
5040
4687
4703
4997
4467
4913
5128
4781
5578
5518
5183
5176
4489
3960
3635
3015
2353
1747
1080
484
-157
-970
-1553
-2018
-2480
-2830
-3272
-3614
-3880
-4041
-4212
-4318
-4337
-4418
-4317
-4100
-3880
-3616
-3372
-2998
-2598
-2359
-2098
-2206
-2099
-2242
-2495
-2610
-3143
-3333
-3358
-3514
-3416
-3378
-3405
-3122
-2909
-2435
-2144
-1793
-1394
-895
-307
-94
311
747
1311
1844
2179
2712
3226
3165
3331
3827
4022
3892
4108
4059
4265
4172
3713
4094
4156
3992
4294
4495
4479
4998
4811
4562
4701
4157
3649
3524
2910
2178
1865
1147
543
185
-544
-946
-1298
-1899
-2076
-2487
-2765
-2865
-3128
-3176
-3354
-3443
-3530
-3598
-3480
-3380
-3320
-3032
-2808
-2653
-2577
-2680
-2745
-2888
-3151
-3501
-3726
-3815
-3979
-3951
-3819
-3938
-3818
-3361
-3183
-2875
-2329
-1869
-1317
-1066
-442
-25
69
971
1260
1490
2350
2500
2475
2924
3271
3124
3300
3609
3492
3476
3655
3445
3496
3631
3439
3925
3587
3937
4374
3914
4555
4514
3952
4458
4046
3306
3608
2928
2447
2279
1560
1261
759
203
-48
-606
-961
-1185
-1575
-1778
-2003
-2244
-2466
-2757
-2890
-3146
-3326
-3344
-3435
-3246
-3267
-3286
-3295
-3425
-3444
-3778
-4009
-4042
-4313
-4308
-4404
-4605
-4330
-4460
-4238
-3719
-3444
-3124
-2598
-1918
-1727
-1173
-546
-207
318
892
1219
1651
1783
2084
2589
2337
2836
3002
2917
3192
3118
2935
3252
3093
2942
3290
3296
3192
3186
3651
3430
3406
3869
3667
3771
4157
3615
3633
3921
3198
3305
3093
2393
2524
1940
1486
1436
730
559
384
-192
-348
-692
-1048
-1360
-1702
-1990
-2451
-2682
-2839
-3145
-3205
-3401
-3729
-3765
-4034
-4136
-4364
-4568
-4459
-4615
-4699
-4875
-4901
-4822
-4734
-4215
-4151
-3812
-3274
-2941
-2441
-1973
-1551
-813
-182
39
753
938
1343
1381
1589
2110
1972
2292
2372
2358
2733
2429
2262
2800
2487
2695
2829
2669
2781
2916
2560
2807
2603
2906
3217
2933
3360
3158
3526
3334
3332
3460
3290
3048
3116
2800
2513
2404
1937
1859
1540
1149
896
430
164
-141
-599
-968
-1384
-1664
-1994
-2416
-2775
-3236
-3489
-3815
-4174
-4394
-4555
-4612
-4643
-4838
-4897
-4890
-4994
-4598
-4606
-4355
-3869
-3877
-3467
-2876
-2791
-2200
-1627
-1122
-539
-90
358
433
863
1063
1145
1419
1604
1769
1735
1808
2006
1678
1854
2122
1705
2502
2078
1992
2529
1924
2140
2256
1892
2895
2306
2309
3066
2432
2887
2925
2809
3351
3025
3209
3603
2867
3382
3159
2807
3149
2613
2426
2280
1790
1658
1154
747
457
-105
-340
-915
-1485
-1866
-2561
-2835
-3455
-3943
-4088
-4509
-4711
-4810
-5091
-5096
-5090
-4928
-4636
-4729
-4241
-4030
-3924
-3459
-3342
-2912
-2634
-1945
-1663
-1564
-611
-716
-582
147
52
157
1011
412
985
1074
750
1237
834
1093
1170
1307
1223
1353
1580
1452
1206
1990
1338
1882
2123
1490
2251
2103
1895
2349
2263
2170
2956
2489
3003
3108
3196
3648
3197
3860
3847
3386
3854
3619
3263
3405
2845
2524
2412
1637
1463
862
116
-211
-818
-1681
-2036
-2602
-3226
-3553
-3946
-4396
-4571
-4610
-4825
-4608
-4651
-4495
-4166
-4132
-3930
-3512
-3481
-3125
-2729
-2608
-2334
-1906
-1835
-1688
-1055
-1109
-1143
-35
-633
-406
253
-355
231
-95
243
-180
548
529
-270
891
538
378
802
955
518
1462
1356
500
1835
1458
1151
1753
1721
1493
2377
2249
1830
2969
2884
2933
3116
3589
4000
3347
4041
4357
3712
4121
3799
3666
3553
2893
2771
2520
1477
1380
827
-149
-325
-1099
-1668
-2196
-2618
-3130
-3508
-3583
-3875
-4063
-3804
-3930
-3896
-3760
-3555
-3332
-3329
-2864
-2858
-2579
-2322
-2371
-2192
-1748
-1878
-1691
-1175
-1290
-1165
-1232
-798
-729
-1159
-694
-321
-906
-331
-188
-954
54
-131
-381
35
527
265
-31
966
778
279
1073
1128
962
1585
1037
1735
2140
1524
2320
2510
2707
3016
3060
3330
3728
3804
3524
4333
4049
3401
4525
3762
3139
3858
2625
2494
2675
1190
1265
1155
-89
-299
-510
-1349
-1739
-2042
-2302
-2531
-2788
-2900
-2997
-3056
-3137
-3067
-2906
-3068
-2782
-2558
-2777
-2377
-2496
-2376
-2144
-2216
-1974
-2029
-1903
-1907
-1816
-1841
-1698
-1815
-1328
-1777
-1646
-598
-2102
-989
-1016
-1157
-793
-1194
-565
-473
-658
-820
315
-646
214
120
-235
1124
272
765
1358
1425
1336
2216
2116
2445
3050
2537
3469
3457
3829
3515
3874
4300
3763
4181
3657
3836
3341
3047
3237
2489
2128
1985
1749
1020
599
756
105
-607
-120
-467
-1205
-1088
-1112
-1671
-1593
-1458
-1974
-1881
-1788
-1996
-2024
-2202
-1971
-2307
-2241
-1971
-2339
-2095
-2378
-2345
-1985
-2524
-2434
-1966
-2682
-2124
-1752
-2573
-2045
-1594
-2462
-1749
-1590
-2434
-1347
-1688
-1878
-1246
-1182
-2056
-656
-899
-1261
-652
101
-377
-227
1518
-294
1852
1310
1180
2910
2231
2004
3449
3413
2387
4405
2908
3561
4104
2736
3762
3333
2842
3011
2634
2350
2114
2099
1494
1342
1815
828
904
1172
564
415
564
338
154
394
-218
205
-154
-493
-199
-695
-778
-746
-925
-1136
-1216
-1179
-1541
-1698
-1421
-2030
-1824
-2017
-2030
-1940
-2101
-2246
-2039
-2330
-2260
-2033
-2462
-2198
-2441
-1842
-2698
-2085
-2009
-2541
-1915
-1868
-2182
-1649
-1255
-1734
-922
-978
-202
-557
1
747
258
1664
1163
1454
2218
2322
2295
2711
2349
3314
2687
2098
3821
2016
2530
2801
1395
2585
2134
505
2143
1429
879
1194
878
1001
899
783
393
1121
930
311
956
664
744
718
208
687
388
86
184
239
-134
-399
-486
-81
-840
-1028
-587
-1580
-750
-1057
-2020
-1211
-1619
-2002
-1528
-2038
-2100
-1990
-2466
-1730
-2818
-2205
-2116
-3106
-1791
-2451
-2484
-2182
-2037
-2149
-1311
-1741
-1690
-469
-1078
-142
-189
-387
1441
652
4
2320
1817
944
2584
1558
2423
2642
1286
2756
2134
2018
1950
1997
1823
1142
2260
1141
713
2083
675
955
1407
477
1392
698
361
1762
388
2
2171
134
334
1329
332
647
373
608
399
-84
455
423
-694
191
-234
-634
-251
-965
-730
-769
-1371
-1205
-1028
-1893
-1621
-1760
-1997
-1960
-2484
-2070
-2081
-2869
-2293
-1879
-3323
-1988
-1580
-3209
-1642
-1258
-2152
-1592
-699
-902
-1084
-140
-301
109
348
272
1004
839
961
1441
841
1640
1762
634
2462
1193
1182
2410
798
1782
1935
497
2182
1626
300
2496
1198
604
2332
505
1354
1717
309
1223
1720
623
568
1578
376
844
949
464
211
1123
401
45
843
-113
421
52
-7
200
-570
146
-428
-477
-211
-1225
-652
-587
-1712
-917
-1261
-1705
-1200
-2116
-1398
-1668
-2527
-1331
-1795
-2142
-1421
-2011
-1397
-1276
-1817
-1036
-994
-1289
-525
-1130
-321
-246
-740
300
-252
-721
1198
-253
-186
734
57
973
-83
398
970
440
276
1618
104
837
1652
221
1295
1589
531
864
2171
240
1237
1713
353
1478
1243
376
1446
842
245
1343
287
823
637
147
633
401
622
135
185
887
-77
267
908
-550
363
756
-689
277
51
-310
-275
-267
-329
-704
-228
-999
-714
-563
-673
-1171
-957
-419
-1238
-1018
-692
-679
-1154
-1016
-157
-968
-1102
-292
-982
-503
-691
-931
-589
-691
-236
-1295
-463
-80
-1282
10
-443
-924
611
-374
-460
477
-106
632
-26
-85
1635
142
-368
1933
382
-40
1804
-116
925
1253
-402
1423
528
158
797
322
586
789
-475
706
1418
-795
943
728
-319
852
395
15
225
325
314
-64
158
193
-276
201
462
-877
379
419
-935
194
341
-443
-327
302
-253
-287
60
90
-427
-385
498
-541
-798
-147
-49
-1102
-786
145
-1469
-804
-166
-1518
-827
-429
-1045
-926
-870
-471
-624
-813
-709
-224
-176
-832
-83
361
-512
55
335
-128
497
-48
227
650
250
56
950
-174
622
1063
-622
963
805
-6
583
407
578
534
474
204
507
446
509
344
41
655
668
-76
60
1183
-170
110
971
181
304
551
280
744
389
341
804
413
542
717
475
732
403
601
680
-101
673
305
-352
364
65
-481
-155
-356
-670
-401
-563
-766
-1124
-469
-823
-1425
-1006
-858
-1041
-1416
-804
-923
-1404
-568
-1176
-1188
-362
-1468
-411
-1138
-906
392
-1946
-536
888
-1687
-614
598
-673
-208
-90
-386
607
-494
316
-313
567
806
-697
851
827
79
567
915
206
1103
323
478
1181
518
418
1187
571
652
1299
315
887
1310
630
1083
1206
996
907
1917
936
849
1901
1187
930
1305
1248
958
923
799
926
211
400
664
-145
-347
285
-238
-976
-547
-373
-1057
-1400
-469
-1197
-1812
-766
-1322
-2030
-1380
-1199
-1949
-1770
-1255
-1811
-1841
-1495
-1476
-1725
-1394
-1552
-1153
-872
-1821
-631
-908
-810
-1067
-264
-416
-811
289
-522
-13
388
-83
-158
1038
22
133
961
459
523
877
458
622
1377
315
875
1059
887
912
1112
1295
929
1634
1195
1297
1943
1350
1207
2204
1714
1313
1979
1636
1623
1562
1427
1280
1511
597
1052
1104
134
804
108
94
-72
-437
-336
-634
-597
-1066
-978
-1068
-1657
-1384
-1405
-1869
-1728
-1575
-2396
-1572
-2193
-2217
-1608
-2312
-1876
-1785
-1963
-1808
-1809
-1479
-1410
-1509
-1197
-1085
-1107
-818
-720
-590
-423
-511
19
-357
261
466
-166
1067
314
610
1503
-8
1494
1523
154
2136
1292
442
2434
1003
1137
2274
952
2004
1698
1426
2772
1252
1970
2814
1540
2077
2400
1993
2061
1915
1827
2143
1488
1295
1844
1013
618
898
402
179
236
-534
-468
-577
-1256
-1239
-1543
-1920
-1676
-2129
-2486
-2052
-2802
-2756
-2487
-2855
-2761
-2924
-2549
-2799
-2881
-2445
-2699
-2389
-2321
-2325
-1845
-2304
-1658
-1120
-1867
-902
-793
-824
-495
-778
-138
24
-535
540
451
133
824
822
632
1654
1276
968
2082
1638
1743
1918
1891
2346
1878
2291
2635
2115
2780
2737
2586
2920
2876
2753
3117
2957
3114
3050
2878
3200
2674
2480
2456
2121
1624
1383
1234
840
116
193
-91
-960
-792
-1432
-1722
-1716
-2365
-2590
-2616
-2832
-3379
-3074
-3290
-3617
-3190
-3248
-3504
-3038
-3023
-3169
-2595
-3001
-2942
-2819
-2754
-2684
-2683
-2470
-2296
-2176
-1907
-1623
-1826
-1386
-1066
-949
-334
-612
-492
255
-304
252
779
-101
680
1714
350
1791
2262
1224
2766
2664
2362
3389
2654
3080
3596
2889
3519
3460
3532
3941
4009
4010
4098
4391
4208
4207
4409
4401
3693
3833
3172
2406
2582
1192
977
718
-294
-686
-909
-1716
-1981
-2525
-2894
-3157
-3585
-3660
-4077
-4067
-4127
-4300
-4299
-4066
-4132
-3739
-3654
-3517
-3073
-3069
-2888
-2573
-2683
-2855
-2545
-2740
-2787
-2389
-2731
-2287
-1856
-2098
-1470
-1245
-1141
-626
-891
-307
-49
-371
304
257
198
962
691
1111
2034
1527
2445
2978
2643
3539
3375
3143
3905
3751
3905
4044
4623
4387
4513
5387
4609
5068
5799
5389
6036
5913
5250
5362
4411
3503
2999
1860
851
428
-599
-1339
-1883
-2709
-3287
-3940
-4145
-4769
-5046
-4909
-5318
-5348
-5388
-5564
-5420
-5325
-4960
-4562
-4348
-3633
-3091
-2703
-2329
-2138
-1869
-1986
-1944
-1909
-2292
-2268
-2471
-2519
-2431
-2168
-2269
-2043
-1540
-1520
-1000
-855
-547
-223
126
421
550
517
992
1669
1595
2363
2813
2938
3633
3984
3735
4022
4810
4108
4811
5488
4859
5490
5916
5933
6102
6604
6778
7175
7268
7101
6602
5364
4931
4108
2430
1305
751
-638
-1661
-2139
-3422
-4382
-4688
-5243
-5699
-5951
-6033
-6114
-6162
-5828
-6291
-6187
-5680
-5551
-5036
-4300
-3970
-3377
-2516
-2137
-1959
-1838
-1571
-1881
-1977
-2071
-2738
-2944
-2903
-3206
-3095
-3007
-3069
-2448
-2354
-2141
-1560
-1380
-984
-512
-272
45
402
687
1476
1983
2273
3282
3913
4067
4562
5126
5336
5269
5629
5974
6198
6481
6641
6906
7512
7353
7854
8473
8877
8802
7855
7693
6366
4872
3989
2486
758
-269
-1480
-2897
-4076
-5220
-5969
-6705
-6990
-7128
-7419
-7207
-6928
-6719
-6817
-6607
-6166
-5920
-5041
-4348
-3926
-2924
-2096
-1620
-994
-684
-641
-512
-442
-1241
-1667
-2292
-3187
-3512
-4228
-4464
-4112
-4453
-3923
-3327
-3584
-2592
-1975
-1924
-1101
-642
-296
485
874
1442
2250
2906
3286
4108
5128
5427
5728
6289
6923
6876
7091
7375
7734
8186
8191
8559
9212
9564
10095
10230
8803
8183
6921
5102
3930
2021
269
-792
-2480
-4128
-5275
-6700
-7801
-8144
-8226
-8949
-8478
-7766
-7845
-7054
-6931
-6895
-6036
-5330
-4554
-3813
-2679
-1867
-1136
-110
297
475
912
1261
1379
862
-118
-787
-2218
-3566
-4218
-5607
-6063
-5321
-5992
-5441
-4580
-4817
-3423
-2850
-2316
-1241
-758
-60
1163
1462
1857
2777
2955
3904
4626
5048
5843
6521
6975
7569
7788
8132
8210
8486
9083
9274
9624
10413
10906
10934
9813
8367
7132
5134
3949
2089
-175
-1146
-2750
-4596
-5812
-7386
-8636
-8976
-8782
-9093
-9065
-8084
-7419
-7024
-6419
-6167
-5730
-4778
-3787
-3025
-2084
-1127
-314
584
1100
1189
1426
1759
1975
1601
1291
-88
-1668
-2916
-4785
-5723
-6770
-7460
-6964
-6960
-6888
-5787
-5690
-4906
-3352
-2818
-1492
-437
342
1575
2127
2503
3022
3770
4417
4980
5823
6413
6866
7747
8137
8463
8779
8879
9454
9771
10402
10882
11521
11976
10802
9186
7711
5737
3947
2342
102
-1515
-2699
-4717
-6165
-7742
-9200
-9707
-9513
-9551
-9333
-8353
-7765
-6967
-6253
-6070
-5574
-4559
-3708
-2682
-1656
-842
26
1012
1534
1621
1996
2371
2465
2575
2263
1197
-270
-2287
-4145
-5503
-6915
-7615
-7912
-8174
-7658
-7385
-7206
-6092
-5364
-4200
-2404
-1399
-214
1183
1807
2456
3186
3511
4226
5158
5826
6665
7321
7733
8640
8996
9200
9860
9998
10483
11390
11701
12393
13301
11991
10024
8702
6228
4045
2296
-146
-2015
-3118
-5224
-6886
-8334
-10065
-10594
-10543
-10387
-10157
-9156
-8205
-7427
-6572
-6330
-5787
-4707
-3705
-2598
-1528
-436
384
1542
2168
2153
2626
2974
3154
3354
2963
2180
898
-1268
-3167
-5065
-6664
-7472
-8162
-8529
-8295
-8209
-7933
-7127
-6472
-5299
-3750
-2461
-942
424
1377
2229
2872
3448
4169
4920
5695
6746
7258
7876
8623
8937
9242
9828
10047
10552
11499
11730
12431
13498
13235
11048
9483
7573
4930
3135
847
-1668
-2939
-4589
-6560
-8042
-9710
-10692
-10946
-10536
-10342
-9818
-8628
-7544
-6704
-6126
-5795
-4971
-3806
-2732
-1590
-623
311
1504
2403
2521
2787
3098
3297
3454
3230
2460
1264
-615
-2802
-4587
-6537
-7909
-8627
-9112
-9258
-9080
-8978
-8489
-7501
-6754
-5184
-3758
-2458
-610
655
1675
2558
3290
4031
4986
5917
6552
7478
8116
8585
9246
9387
9680
9984
10458
11109
11561
12181
12911
13559
12296
10405
8737
6353
4207
2248
-294
-2388
-3596
-5615
-7204
-8632
-10093
-10655
-10489
-10051
-9826
-8792
-7510
-6590
-5610
-5184
-4836
-3721
-2712
-1651
-649
198
1261
2186
2782
2774
2887
3125
3223
3103
2564
1565
-337
-2278
-4220
-6255
-7738
-8921
-9492
-9631
-9730
-9712
-9376
-8762
-7730
-6393
-5124
-3613
-1920
-412
924
1934
2650
3705
4749
5744
6762
7432
8217
8976
9397
9813
10079
10195
10683
11244
11417
12171
12750
13304
13256
11199
9602
7751
5043
3279
939
-1725
-2926
-4787
-6869
-8148
-9730
-10816
-10806
-10451
-10361
-9499
-8159
-7220
-6091
-5309
-5110
-4104
-2987
-2043
-954
-37
1022
1931
2836
3093
2986
3380
3373
3350
3006
2095
700
-1376
-3094
-5215
-7059
-8252
-9293
-9535
-9688
-9856
-9511
-9116
-8238
-6878
-5809
-4385
-2656
-1222
291
1453
2100
3240
4299
5264
6291
7064
7774
8574
9012
9417
9665
9758
10320
10678
10918
11501
12004
12568
13131
11813
10026
8663
6244
4134
2302
-492
-2328
-3548
-5685
-7291
-8607
-10063
-10590
-10195
-10121
-9858
-8583
-7562
-6725
-5588
-5328
-4937
-3680
-2772
-1785
-712
264
1249
2303
2918
2914
3206
3467
3468
3356
2595
1573
-109
-1941
-3702
-5888
-7364
-8494
-9290
-9444
-9697
-9574
-9077
-8526
-7352
-6289
-5137
-3525
-1910
-421
977
1818
2694
3917
4854
5665
6575
7344
7897
8737
8972
9230
9454
9467
10076
10321
10502
11195
11437
12159
12440
10384
9209
7688
5031
3557
1417
-1280
-2404
-3905
-5965
-7064
-8610
-9875
-9916
-9471
-9561
-8789
-7668
-6884
-5682
-5109
-4909
-4185
-3222
-2190
-1199
-322
710
1596
2575
2869
2843
3178
3261
3228
2887
1960
619
-952
-2688
-4735
-6476
-7847
-8903
-9139
-9491
-9630
-9252
-9010
-8095
-7137
-6276
-4849
-3314
-1643
-97
1017
1857
3029
4225
5087
6070
6978
7563
8407
8947
9123
9317
9317
9593
9926
10091
10188
10663
11166
11699
11313
9604
8315
6654
4411
2782
600
-1638
-2679
-4238
-5930
-7208
-8647
-9480
-9423
-9090
-9116
-8503
-7397
-6590
-5747
-5279
-5125
-4294
-3257
-2375
-1446
-653
379
1488
2261
2589
2726
3017
3321
3158
2613
1649
269
-1179
-2872
-4766
-6339
-7403
-8035
-8280
-8494
-8615
-8236
-7692
-6924
-6071
-5142
-3819
-2221
-841
387
1354
2096
3326
4417
5159
6048
6905
7426
8150
8629
8593
8688
9025
9159
9240
9304
9442
9983
10297
10781
10138
8600
7543
5851
3930
2327
156
-1591
-2534
-4151
-5757
-6911
-8117
-8835
-8606
-8696
-8680
-7926
-7279
-6522
-5916
-5693
-5396
-4513
-3587
-2890
-2004
-1057
-171
891
1560
1770
2081
2579
2769
2479
2019
969
-177
-1472
-3095
-4546
-5805
-6446
-6774
-7266
-7309
-7243
-6978
-6207
-5594
-4922
-3766
-2451
-1200
30
1040
1692
2758
3908
4548
5409
6178
6697
7403
7743
7829
7960
7998
8376
8273
8150
8444
8616
8918
9463
9778
8971
8026
7108
5404
3983
2393
393
-715
-1968
-3666
-4844
-6072
-7144
-7640
-7846
-7941
-7826
-7367
-6809
-6206
-5879
-5725
-5235
-4505
-3910
-3086
-2293
-1521
-547
237
720
1031
1475
1886
1997
1771
1155
250
-721
-2092
-3468
-4628
-5631
-6166
-6550
-6948
-7049
-6929
-6553
-5982
-5378
-4613
-3522
-2260
-1056
102
907
1826
3106
3926
4767
5758
6282
6960
7560
7550
7578
7870
7746
7818
7954
7733
7937
8271
8463
8939
9213
8497
7732
6919
5369
4176
2759
1004
-45
-1412
-2828
-3892
-5093
-6042
-6703
-6950
-7131
-7297
-6864
-6531
-6286
-5942
-5900
-5605
-4993
-4546
-3921
-3227
-2575
-1793
-1010
-358
-50
444
931
827
785
374
-465
-1193
-2268
-3208
-4043
-4783
-5220
-5571
-5720
-5727
-5559
-5266
-4719
-4133
-3517
-2498
-1633
-761
318
910
1764
2809
3482
4318
5103
5678
6194
6501
6671
6978
6983
7214
7289
7098
7512
7478
7544
8274
8349
8601
8674
7550
7073
6077
4606
3836
2213
827
0
-1468
-2542
-3447
-4693
-5437
-5718
-6179
-6559
-6419
-6367
-6345
-6091
-6163
-6041
-5640
-5333
-4830
-4400
-3817
-3230
-2517
-1770
-1393
-993
-611
-521
-430
-605
-1087
-1678
-2351
-2852
-3454
-3973
-4307
-4555
-4568
-4433
-4283
-4082
-3614
-3078
-2486
-1764
-1117
-291
451
1086
1805
2460
3148
3711
4433
5170
5145
5771
6003
5896
6567
6358
6295
6788
6513
6523
7212
7121
7422
8085
7833
7341
7075
6085
5208
4641
3155
2024
1327
-37
-1032
-1757
-3018
-3804
-4129
-4664
-5284
-5332
-5541
-5735
-5534
-5718
-5801
-5545
-5313
-5168
-4724
-4364
-4092
-3309
-2653
-2360
-1838
-1538
-1321
-1061
-1213
-1542
-2058
-2409
-2916
-3386
-3806
-4167
-4269
-4375
-4185
-4127
-3963
-3503
-2981
-2440
-1862
-1363
-566
20
621
1232
1646
2530
3058
3699
4242
4606
4803
5226
5408
5561
5685
5743
5919
5948
6176
6057
6639
6753
6813
7479
7163
6587
6461
5691
5039
4267
3058
2289
1412
521
-287
-1115
-1915
-2343
-2856
-3480
-3832
-4213
-4524
-4562
-4746
-5042
-5133
-5097
-5080
-5047
-4929
-4760
-4263
-3816
-3320
-2941
-2607
-2092
-1900
-1888
-2076
-2405
-2600
-2808
-3261
-3556
-3829
-3972
-3912
-3855
-3776
-3552
-3095
-2653
-2057
-1709
-1251
-810
-208
50
510
1076
1471
2260
2630
3105
3349
3754
4024
4304
4281
4799
4688
4585
5512
5011
4933
5756
5729
5648
6225
6533
6532
6281
6373
5973
5203
4946
3968
3267
2777
1894
1255
489
-40
-736
-1556
-1880
-2604
-3196
-3329
-3834
-4091
-4410
-4771
-4933
-5222
-5301
-5320
-5331
-5065
-4726
-4375
-3928
-3717
-3386
-3082
-3120
-3224
-3278
-3317
-3435
-3561
-3708
-3883
-3790
-3631
-3646
-3089
-2752
-2574
-1756
-1398
-1028
-596
-347
102
579
798
1402
1748
1951
2878
2718
2882
3592
3591
3483
3840
3952
3813
4185
3994
4142
4324
4266
4659
4752
4902
5474
5667
5735
6078
5714
5361
5274
4716
4080
3685
3124
2538
1990
1373
720
-118
-613
-1058
-1751
-2200
-2579
-3034
-3336
-3796
-4357
-4752
-4965
-5170
-5371
-5189
-5144
-4967
-4575
-4515
-4437
-4162
-4152
-4065
-3877
-3903
-3972
-3985
-3902
-4003
-3844
-3711
-3584
-2834
-2652
-2276
-1561
-1354
-960
-253
-46
95
1042
999
1336
1978
1895
2318
2574
2752
2948
2930
3167
3192
2987
3512
3262
3118
3480
3343
4061
3364
3727
4739
4153
4811
5221
5049
5424
5246
5093
4987
4449
4540
3844
3401
3296
2215
1809
1441
545
133
-425
-928
-1421
-1951
-2366
-3092
-3573
-4057
-4468
-4724
-5027
-5135
-5152
-5271
-5184
-5192
-5146
-4911
-4781
-4506
-4397
-4361
-4190
-4186
-4188
-3955
-3706
-3793
-3317
-2681
-2683
-2294
-1480
-1457
-981
-22
-154
248
1047
920
1050
1684
1471
1925
1928
2059
2500
2003
2198
2735
2031
2248
2636
2203
2601
2726
2762
2731
3319
3361
3627
3961
4236
4469
4829
4983
4785
5183
5100
4752
4762
4598
3982
3673
3306
2755
2332
1823
1211
813
203
-418
-1032
-1818
-2254
-2692
-3439
-3735
-4089
-4692
-4894
-5133
-5474
-5550
-5559
-5519
-5287
-5176
-5171
-4942
-4737
-4550
-4465
-4123
-3763
-3688
-3251
-2856
-2733
-2286
-1856
-1410
-843
-780
-60
147
316
698
507
966
1217
1024
1318
1584
1192
1661
1526
1207
1678
1521
1361
1699
2071
1638
1634
2845
2187
2134
3286
2782
3217
3852
3569
4129
4527
4161
4846
4885
4520
4862
4684
4454
4465
4094
3748
3559
3055
2545
2080
1440
819
316
-204
-879
-1452
-2024
-2603
-3137
-3766
-4251
-4605
-4907
-5172
-5362
-5372
-5492
-5486
-5208
-5127
-4957
-4589
-4263
-4077
-3737
-3500
-3328
-2923
-2431
-2309
-1900
-1374
-1180
-671
-668
-492
25
59
62
631
361
520
1175
404
800
887
549
856
587
995
1085
466
1635
1518
862
1789
1904
1803
1951
2669
2836
2505
3219
3809
3363
3761
4142
4331
4582
4364
4850
4911
4581
4655
4480
4102
3946
3402
2996
2761
2108
1433
964
437
-348
-1009
-1634
-2209
-2777
-3355
-3988
-4314
-4824
-5244
-5322
-5521
-5579
-5452
-5240
-5094
-4946
-4644
-4371
-4137
-3648
-3303
-3102
-2630
-2242
-2021
-1709
-1585
-1284
-903
-803
-460
-402
-108
302
-25
233
661
-200
424
857
-207
661
627
397
563
816
692
533
1440
1053
1130
1957
1787
1565
2391
2439
2306
2717
2730
3584
3215
3373
4179
3983
4242
4488
4477
4538
4675
4482
4452
4251
4094
3763
3326
2995
2491
1898
1260
1019
122
-511
-1001
-1916
-2353
-3048
-3591
-3941
-4392
-4574
-4742
-4993
-5018
-4972
-4880
-4627
-4505
-4082
-3746
-3535
-3081
-3014
-2582
-2542
-2291
-1842
-2005
-1487
-1344
-1209
-1072
-945
-914
-712
-871
-642
-261
-768
-225
-118
-779
-55
-24
-634
54
349
-115
508
564
285
1242
602
1158
1571
1185
2016
1689
2206
2540
2399
3026
3306
3500
3714
3902
4318
4271
4529
4822
4354
4990
4778
4061
4671
3987
3440
3645
2781
2351
1906
1059
737
-80
-738
-1079
-1887
-2199
-2676
-3193
-3484
-3837
-3829
-4138
-4156
-3819
-3917
-3721
-3383
-3405
-3191
-2950
-2883
-2660
-2382
-2052
-2309
-1727
-1737
-1946
-1538
-1909
-1459
-1406
-1576
-1348
-1269
-1155
-1562
-1455
-821
-1442
-1426
-671
-983
-1185
-364
-1117
-307
23
-859
517
278
187
942
906
862
2030
1609
1814
3021
2432
3041
3254
3762
3762
3981
4526
4113
4696
4858
4298
4594
4704
4082
4253
3613
3255
3311
2267
2007
1764
1053
635
45
-284
-851
-1495
-1631
-2289
-2426
-2560
-3012
-2844
-3034
-3076
-2969
-3370
-3037
-2929
-3060
-2709
-2627
-2478
-2421
-2360
-2202
-2351
-2214
-2023
-2248
-1738
-2098
-2074
-1684
-2191
-1830
-1815
-2064
-1751
-1653
-1772
-1849
-1634
-1303
-1582
-1472
-1006
-928
-1182
-310
-532
-374
535
15
797
1440
1119
1659
2409
2216
2779
3206
3169
3652
3878
4083
4254
4357
4576
4400
4490
4357
4117
3829
3866
3509
3023
3151
2498
2266
2078
1266
1272
872
253
390
-163
-441
-342
-886
-1023
-989
-1480
-1573
-1518
-1762
-1873
-1867
-1957
-1953
-2121
-2137
-2184
-2236
-2320
-2462
-2294
-2482
-2517
-2578
-2649
-2423
-2689
-2799
-2596
-2656
-2774
-2852
-2733
-2740
-2686
-2736
-2638
-2562
-2429
-2402
-2358
-1785
-1851
-1711
-1011
-818
-663
-50
212
619
1356
1147
2102
2461
2253
3268
3316
3431
3975
3776
3980
4322
3782
3884
4065
3646
3417
3696
3066
2758
3045
2231
2108
2217
1585
1746
1572
1090
1354
1040
899
893
688
680
484
381
424
63
-2
-121
-235
-322
-660
-791
-851
-1165
-1477
-1523
-1798
-1927
-1998
-2357
-2210
-2401
-2699
-2674
-2772
-2892
-3074
-2963
-3038
-3208
-3065
-3179
-3385
-3329
-2952
-3362
-3100
-2769
-2929
-2362
-2321
-2218
-1665
-1185
-1285
-332
-148
137
981
823
1509
2118
1978
2510
3007
2708
3228
3414
3015
3349
3490
2873
3134
3173
2567
2309
2717
2145
1680
2233
1678
1439
1620
1287
1293
1408
1098
1327
1190
1200
1349
1125
1181
1091
1184
1106
979
952
801
495
480
164
-156
-184
-599
-751
-982
-1227
-1473
-1803
-1928
-2161
-2366
-2478
-2696
-2667
-2826
-3130
-3017
-3128
-3407
-3160
-3262
-3317
-3119
-3282
-2996
-2919
-2866
-2742
-2182
-2045
-2085
-1173
-1352
-979
-181
-523
109
667
641
1169
1230
1496
2001
1815
1808
2482
2147
2104
2431
2235
2191
2170
2259
1989
2097
2175
1720
1778
2156
1614
1627
1931
1677
1671
1625
1789
1814
1449
1826
1782
1711
1879
1742
1722
1788
1489
1579
1615
987
1254
1068
521
570
233
-120
-315
-709
-872
-1059
-1553
-1669
-1857
-2311
-2372
-2662
-2858
-2941
-3009
-3230
-3334
-3167
-3286
-3293
-3264
-3141
-2812
-2737
-2900
-2264
-1967
-2403
-1497
-1445
-1513
-911
-772
-517
-557
-14
-93
-75
543
293
401
745
581
938
934
613
1339
1382
660
1736
1502
1033
2115
1386
1480
2273
1396
1743
2298
1314
2136
1963
1319
2415
1745
1616
2227
1783
1798
2076
1681
1978
1849
1721
1820
1535
1660
1381
1189
1090
926
698
570
244
28
-40
-658
-707
-790
-1267
-1368
-1463
-1851
-1801
-1961
-2298
-2090
-2245
-2339
-2218
-2097
-2190
-2076
-2067
-1943
-1745
-1732
-1686
-1461
-1355
-1241
-1146
-1343
-940
-885
-1172
-747
-562
-1158
-409
-483
-892
-300
-353
-405
20
-32
-104
708
108
419
1129
373
1079
1245
876
1421
1329
916
1828
1248
1092
2018
845
1652
1647
950
1619
1393
1200
1530
1379
1119
1566
1198
1074
1358
1265
783
1345
1103
581
1147
364
630
708
-36
344
206
-250
-83
-422
-506
-457
-938
-614
-759
-1053
-806
-1104
-1137
-1032
-1267
-1184
-1057
-1277
-1207
-1204
-1253
-1357
-1404
-1226
-1453
-1303
-1307
-1495
-1198
-1453
-1515
-1093
-1452
-1145
-984
-1139
-791
-843
-582
-646
-431
-68
-418
141
374
-163
497
566
342
616
814
711
809
900
774
1307
763
888
1408
1139
999
1318
1260
1061
1511
1087
1250
1531
1116
1427
1285
965
1549
954
902
1426
891
728
1073
850
496
647
585
475
453
488
284
269
336
88
21
87
-16
-130
-95
-205
-475
-372
-589
-792
-632
-1000
-1058
-919
-1288
-1242
-1413
-1575
-1309
-1623
-1724
-1405
-1491
-1848
-1340
-1489
-1666
-1210
-1462
-1262
-1044
-1253
-1085
-865
-864
-1075
-510
-668
-763
-252
-524
-423
-107
-65
-333
372
166
116
666
207
641
938
540
708
1333
872
1029
1139
1050
1428
1007
1074
1562
1132
1067
1508
1043
1335
1185
1126
1399
1243
1235
1310
1361
1302
1342
1203
1398
1324
1174
1296
1192
1070
960
938
766
628
478
399
207
49
-44
-371
-438
-500
-793
-959
-896
-1100
-1318
-1338
-1293
-1629
-1601
-1477
-1857
-1690
-1651
-1861
-1946
-1682
-1694
-2034
-1767
-1582
-1800
-1721
-1565
-1565
-1302
-1530
-1187
-847
-1339
-673
-767
-645
-197
-622
-192
442
-333
222
608
39
801
479
476
1060
468
933
1155
585
1132
1214
876
1320
1081
1258
1647
1075
1675
1560
1596
1690
1555
1869
1874
1676
1901
1743
2039
1597
1465
1965
1402
1320
1473
1218
1008
1035
734
526
539
268
55
57
-301
-276
-573
-852
-781
-1088
-1283
-1319
-1461
-1741
-1736
-1831
-2169
-1939
-2225
-2461
-2026
-2462
-2490
-2172
-2471
-2121
-2155
-2480
-1650
-1895
-2282
-1108
-1662
-1698
-682
-1156
-951
-735
-397
-358
-590
163
-81
62
477
109
686
601
342
1291
477
860
1631
520
1601
1563
976
1947
1424
1715
2000
1651
2010
2291
2060
2036
2166
2373
2120
2128
2347
2021
2423
1954
2052
1974
1696
2014
1336
1641
1501
999
1244
889
485
709
180
50
27
-656
-193
-1044
-1154
-923
-1707
-1631
-1817
-2119
-2250
-2255
-2661
-2571
-2645
-2751
-2685
-3043
-2671
-2699
-2956
-2530
-2621
-2405
-2201
-2403
-1895
-1973
-1805
-1571
-1543
-1237
-982
-962
-892
-550
-415
-426
-221
157
-88
441
729
148
1025
891
860
1332
1046
1530
1638
1448
2053
1740
1682
2495
1821
1945
2657
1975
2353
2545
2212
2536
2214
2341
2625
2165
2187
2473
2236
2033
2020
1999
1770
1735
1417
1355
1375
753
749
623
349
-36
-271
-320
-702
-1010
-1139
-1532
-1466
-1775
-2173
-1968
-2396
-2484
-2509
-2681
-2650
-2735
-2746
-2614
-2668
-2790
-2645
-2430
-2562
-2419
-2262
-1976
-1975
-2191
-1541
-1591
-1541
-1408
-1165
-677
-904
-839
-270
-348
-192
101
-46
485
594
494
924
888
772
1747
861
1141
2159
974
1746
2096
1482
1858
2221
1844
1936
2464
1953
1944
2686
2085
1987
2643
1902
2326
2349
1718
2398
1961
1637
1913
1720
1327
1367
1077
1083
665
549
427
-72
200
-416
-563
-590
-1029
-1144
-1182
-1549
-1794
-1633
-1871
-2138
-2167
-2208
-2480
-2342
-2371
-2743
-2448
-2401
-2657
-2568
-2401
-2430
-2612
-2245
-1932
-2363
-2069
-1792
-1759
-1557
-1660
-1274
-1120
-923
-815
-592
-668
1
-163
-196
553
250
550
615
1058
1027
896
1580
1234
1626
1835
1688
1646
2274
2122
1887
2351
2243
2391
2260
2500
2356
2517
2245
2404
2711
1964
2121
2583
1862
1931
2061
1552
1728
1542
1179
1282
1003
656
730
589
86
49
14
-334
-492
-529
-1052
-938
-935
-1630
-1412
-1474
-1990
-1849
-1837
-2342
-2143
-2191
-2563
-2181
-2462
-2690
-2213
-2713
-2371
-2284
-2795
-2163
-2126
-2503
-2034
-1770
-2057
-1947
-1319
-1427
-1561
-1154
-720
-1012
-664
-243
-442
24
57
306
488
658
719
851
1334
1172
1172
1800
1308
1943
1859
1648
2244
1972
1967
2396
2093
1905
2618
1966
2088
2444
1916
2066
2123
2100
1689
1805
1919
1373
1724
1269
1207
1285
899
1032
618
524
733
64
208
181
-394
-212
-414
-628
-672
-891
-1048
-1036
-1266
-1297
-1539
-1672
-1440
-1941
-1800
-1866
-2062
-2001
-2034
-1968
-2173
-2123
-2158
-1765
-2194
-2155
-1697
-1826
-1741
-1749
-1385
-1215
-1441
-1109
-672
-939
-690
-343
-443
-104
43
38
351
589
362
762
1077
704
946
1343
1086
1335
1223
1243
1751
1158
1494
1470
1589
1420
1409
1623
1261
1642
1248
1332
1592
1108
1125
1418
1113
1196
1123
847
1390
729
863
1173
365
894
921
125
578
523
102
424
-31
78
9
-448
-83
-416
-700
-557
-801
-980
-888
-1209
-1294
-1207
-1391
-1552
-1576
-1575
-1597
-1671
-1857
-1620
-1654
-1818
-1686
-1754
-1422
-1774
-1561
-1231
-1515
-1136
-1156
-1125
-688
-833
-847
-388
-240
-473
-222
164
-21
123
615
523
93
1071
934
382
1147
1085
827
1121
1219
999
1197
1156
1135
1199
1341
1098
930
1618
908
1139
1437
716
1558
1130
721
1504
1121
710
1275
1282
896
1006
973
1255
897
837
1157
511
791
868
284
416
488
186
227
-77
-43
-199
-271
-374
-846
-500
-962
-1040
-957
-1333
-1306
-1217
-1516
-1605
-1386
-1536
-1759
-1540
-1795
-1637
-1613
-1862
-1502
-1651
-1798
-1350
-1430
-1642
-1068
-1259
-1194
-975
-1030
-694
-803
-587
-357
-432
-383
-273
487
-152
12
697
210
670
605
530
855
806
980
702
832
1333
764
1069
1210
890
1267
1138
938
1375
1073
1008
1406
1193
1012
1305
1341
1043
1272
1280
1191
1297
1305
1046
1160
1497
1064
893
1214
984
771
966
545
590
651
318
377
96
-3
169
-296
-437
-282
-770
-659
-792
-1192
-820
-1321
-1198
-1282
-1447
-1165
-1711
-1615
-1324
-1669
-1691
-1542
-1745
-1489
-1492
-1779
-1516
-1078
-1575
-1466
-1058
-1205
-1237
-844
-948
-1023
-485
-947
-279
-508
-821
297
-322
-130
24
-36
471
235
438
281
528
761
579
596
813
813
824
943
1069
966
777
1359
1157
918
1152
1264
1142
1207
1345
1044
1274
1367
1145
1331
1244
995
1361
1114
920
1252
864
825
949
615
740
618
221
610
184
-66
338
-220
-308
-167
-396
-494
-745
-634
-682
-917
-1030
-1000
-968
-1079
-1335
-1219
-1044
-1495
-1229
-1168
-1462
-1230
-1262
-1309
-1252
-1095
-1063
-1535
-725
-821
-1519
-507
-847
-942
-338
-975
-419
-42
-930
9
66
-456
202
-71
407
269
224
521
376
804
814
396
756
1151
916
832
933
1263
1118
951
1216
1267
1053
1224
1146
1164
1225
1097
932
1283
1054
814
1066
802
982
608
590
910
331
417
502
173
289
88
-51
-21
-126
-234
-318
-483
-491
-424
-691
-777
-750
-757
-902
-965
-861
-1182
-1010
-915
-1322
-1010
-1196
-1229
-1012
-1247
-1089
-1236
-990
-969
-1268
-831
-791
-1137
-618
-630
-907
-413
-648
-369
-34
-729
-47
221
-309
265
65
344
392
345
629
434
852
879
371
1206
951
780
1430
486
1412
1522
456
1486
1347
850
1415
1090
881
1495
1059
759
1253
924
833
1035
625
688
885
373
569
412
300
462
-78
131
161
-334
-50
-196
-504
-373
-507
-646
-608
-863
-624
-1042
-1044
-692
-1245
-1135
-976
-1213
-1263
-1140
-1128
-1310
-1234
-1105
-1416
-983
-1097
-1396
-942
-967
-1067
-863
-910
-958
-453
-714
-839
-391
-321
-357
-567
-56
122
-154
26
141
416
515
182
494
1015
195
929
1221
128
1437
1009
778
1401
905
1330
1188
1154
1370
1164
1257
1318
1109
1295
1293
1022
1299
956
1033
1393
616
896
1024
722
656
593
624
424
318
245
287
97
-25
-157
-210
-109
-410
-544
-572
-475
-755
-922
-693
-986
-992
-1054
-1230
-932
-1278
-1369
-1058
-1395
-1300
-1100
-1598
-1171
-1154
-1560
-999
-1322
-1344
-988
-1083
-1272
-747
-902
-1227
-344
-705
-955
-190
-579
-457
-79
-257
-195
-25
198
276
97
375
615
592
620
413
1229
827
444
1508
889
786
1640
921
939
1851
924
1304
1305
1262
1553
902
1463
1179
992
1444
1123
644
1228
1137
601
815
891
568
463
644
377
295
289
37
115
93
-275
-178
-171
-504
-437
-313
-751
-726
-604
-732
-892
-981
-811
-1007
-1095
-1061
-1011
-1149
-1295
-899
-1195
-1348
-835
-1130
-1411
-756
-982
-1401
-623
-1007
-1030
-605
-941
-662
-473
-797
-280
-395
-521
48
-433
25
142
-244
192
314
586
-107
370
1122
293
382
1073
577
666
1097
809
590
1249
934
857
837
1316
1073
656
1222
917
1204
814
672
1051
1041
586
535
940
612
367
662
524
356
317
275
347
125
64
94
-52
-44
-39
-146
-407
-220
-150
-618
-395
-344
-690
-511
-596
-822
-546
-795
-895
-708
-796
-1031
-792
-822
-1186
-639
-1130
-792
-858
-1078
-728
-705
-1036
-618
-719
-811
-443
-776
-120
-754
-267
-39
-313
-167
219
-175
170
276
-107
684
159
427
502
467
848
526
560
886
824
598
1056
663
640
1303
407
696
1149
404
729
1134
352
643
861
536
370
870
444
200
807
186
510
397
158
555
106
154
374
118
31
189
25
27
-199
-135
-30
-427
-100
-384
-454
-364
-622
-519
-623
-820
-601
-941
-845
-715
-1154
-928
-1022
-1030
-954
-1182
-889
-1077
-994
-864
-1029
-527
-932
-783
-243
-913
-563
-8
-807
-87
-106
-395
391
-253
158
460
-70
647
471
136
956
154
777
784
93
1172
651
486
1149
563
562
1020
580
963
563
847
900
327
1215
571
691
934
513
910
579
675
916
396
849
847
122
1026
448
298
937
190
483
411
173
364
106
27
110
-59
-299
-280
-107
-740
-726
-370
-1030
-835
-862
-1220
-1046
-1051
-1390
-1057
-1195
-1432
-998
-1414
-1242
-1016
-1377
-1060
-1043
-1140
-849
-1057
-849
-580
-878
-529
-482
-530
-140
-442
-257
24
-213
67
105
185
382
278
350
435
501
600
708
574
929
657
813
1096
776
1023
1055
1071
951
1172
1158
944
1153
1274
991
1126
1332
1043
1089
1312
998
1072
1206
934
1010
944
1010
783
721
704
602
500
127
214
-44
-272
-151
-506
-742
-624
-837
-987
-1128
-1210
-1220
-1529
-1397
-1426
-1836
-1486
-1584
-1898
-1469
-1629
-1768
-1726
-1521
-1481
-1782
-1227
-1287
-1396
-1232
-1065
-1008
-1046
-741
-450
-645
-455
-168
-296
-335
397
81
80
909
265
342
884
920
440
1209
1453
421
1298
1840
436
1448
1864
1016
1554
1513
1372
1613
1378
1568
1524
1533
1610
1305
1558
1709
1447
1383
1563
1721
1390
1056
1531
936
642
882
618
172
90
114
-295
-715
-341
-895
-1417
-750
-1305
-1806
-1378
-1755
-2042
-1769
-1892
-2081
-2072
-1994
-1990
-2108
-1952
-1936
-2058
-1872
-1726
-1969
-1981
-1360
-1772
-1693
-1122
-1419
-1258
-731
-910
-1004
-401
-359
-441
-225
151
-84
-38
630
473
538
659
1162
985
1078
1579
1402
1624
1662
1773
1829
1690
2157
1880
1500
2481
1852
1900
2743
2142
2335
2649
2582
2686
2715
2973
2677
2564
2558
1950
1957
1719
1414
1091
466
418
-137
-590
-499
-1334
-1558
-1271
-2222
-2510
-2444
-3023
-2996
-2790
-3186
-3337
-3319
-3199
-3222
-3101
-2767
-2920
-2590
-2364
-2285
-2285
-2261
-1896
-1869
-1582
-1210
-1597
-1244
-991
-1095
-762
-800
-538
-413
-349
-3
-331
-140
430
209
504
870
625
1038
1168
1513
1705
1690
2174
2142
2334
2538
2392
2539
2916
3029
3268
3073
3264
3587
3480
4076
3965
3724
4674
4171
3476
3701
2961
2649
2464
1963
1247
468
75
-602
-1106
-1584
-2257
-2560
-2912
-3419
-3736
-4213
-4230
-4190
-4603
-4408
-4639
-4701
-4196
-4061
-3872
-3521
-3044
-2821
-2538
-2056
-2014
-1976
-1526
-1236
-1180
-1037
-853
-931
-786
-670
-600
-539
-544
-219
-164
-297
-217
-166
0
420
520
426
762
1016
1098
1627
1890
2052
2514
2493
2740
3264
3091
3168
3871
3873
3819
4385
4494
4419
4987
5363
5248
5883
5541
4523
4784
4171
3490
3129
2393
1695
722
-182
-928
-1636
-2351
-2931
-3275
-3973
-4611
-4747
-5274
-5559
-5412
-5675
-5782
-5615
-5582
-5538
-5141
-4610
-4183
-3770
-3153
-2827
-2568
-2090
-1781
-1552
-1225
-816
-811
-934
-656
-638
-656
-344
-343
-389
-241
-322
-427
-321
-196
-56
112
319
295
459
912
1088
1536
1991
2334
2627
2634
3388
3585
3442
4389
4592
4582
5124
5243
5569
5939
6375
7051
7105
6694
6298
5791
5082
4873
4209
2938
1976
1157
-368
-1321
-1737
-3085
-3795
-3966
-4873
-5925
-5983
-6210
-6743
-6343
-6442
-6807
-6514
-6247
-6101
-5585
-4806
-4395
-3625
-2881
-2734
-2186
-1659
-1338
-615
-467
-550
-417
-530
-450
-217
-268
-358
-182
-389
-632
-608
-706
-642
-403
-557
-544
-280
-376
-4
663
898
1374
1877
2309
2658
3075
3768
4134
4443
4968
5393
5470
5874
6221
6453
7317
7678
7943
7787
6755
6499
6115
5385
5092
3601
2051
1271
-190
-1515
-2144
-3128
-4345
-4740
-5487
-6716
-6897
-6918
-7313
-7004
-7031
-7546
-7329
-6891
-6617
-5918
-5007
-4618
-3969
-2977
-2561
-2054
-1180
-565
-252
171
102
-87
137
145
239
321
83
-160
-230
-383
-602
-542
-621
-720
-647
-901
-987
-600
-368
-48
578
919
1230
1818
2541
3186
3730
4368
4998
5285
5889
6234
6554
7186
7639
8115
8552
8961
8091
7252
7232
6286
5899
5171
3243
1926
626
-803
-1919
-2920
-4277
-5362
-5845
-6885
-7746
-7861
-8236
-8229
-7935
-8313
-8523
-7935
-7508
-6928
-5842
-5367
-4727
-3600
-2790
-1985
-1141
-347
198
522
900
818
766
1182
1091
912
822
295
132
117
-167
-372
-510
-955
-1188
-1050
-1311
-1296
-954
-849
-400
144
408
966
1877
2484
3253
4076
4556
5279
5898
6289
6825
7398
7923
8552
9038
9762
9171
7917
7957
7596
6451
6062
4618
2341
1288
187
-1698
-2822
-3738
-5520
-6284
-6930
-8282
-8714
-8532
-8917
-8809
-8848
-9390
-8873
-7974
-7479
-6552
-5559
-5216
-4162
-2644
-1975
-1131
30
459
1023
1495
1373
1371
1556
1771
1729
1280
854
463
244
386
-13
-424
-732
-1237
-1330
-1376
-1495
-1466
-977
-669
-528
7
544
1250
2275
3020
3502
4257
5006
5720
6441
6953
7431
7958
8669
9483
10239
9251
8119
8369
7729
6898
6379
4478
2489
1724
130
-1653
-2618
-4068
-5616
-6105
-7270
-8852
-8865
-8958
-9242
-9007
-9637
-10149
-9314
-8336
-7775
-6770
-5861
-5555
-4245
-2691
-2096
-1112
79
748
1373
1673
1204
1402
2014
2201
2286
1608
727
754
753
636
509
-196
-796
-908
-1151
-1505
-1470
-1383
-1075
-646
-606
-394
240
1200
2322
2962
3474
4096
4987
6105
6794
7194
7972
8719
9376
10503
10063
8578
8682
8544
7766
7268
5558
3215
2399
1243
-599
-1692
-3274
-5305
-5977
-6831
-8594
-8869
-9085
-9858
-9487
-9803
-10796
-10133
-8987
-8632
-7572
-6423
-6323
-5102
-3193
-2488
-1439
29
394
1155
2062
1849
2019
2510
2458
2588
2395
1701
1465
1451
1178
911
418
-304
-682
-737
-1103
-1283
-1400
-1511
-1203
-1051
-732
-178
400
1328
2078
2692
3419
4179
5254
6215
6865
7474
8288
9167
10281
10174
8882
8787
8718
7958
7411
6066
3892
2610
1696
56
-1388
-2636
-4573
-5738
-6337
-7857
-8655
-8791
-9358
-9563
-9682
-10441
-10292
-9196
-8737
-8026
-6941
-6606
-5667
-3684
-2678
-1943
-477
236
919
2038
2072
1997
2586
2885
2978
2789
2157
1875
2029
1969
1466
914
230
-296
-188
-473
-1049
-1174
-1179
-1116
-997
-879
-631
0
995
1700
2065
2588
3386
4462
5542
6162
6895
7705
8622
9982
9426
8167
8616
8480
7783
7445
5469
3300
2725
1686
147
-1020
-2837
-4838
-5348
-6263
-7886
-8075
-8561
-9451
-9232
-9833
-10645
-9764
-8852
-8683
-7777
-7090
-6928
-5249
-3336
-2590
-1548
-328
22
1157
2321
2169
2611
3045
2805
3225
3034
2382
2563
2587
2240
1778
1263
408
127
321
-110
-587
-917
-1194
-1130
-839
-621
-502
-72
605
1193
1755
2388
3115
3978
4937
5670
6471
7346
8329
9495
8667
7792
8340
8013
7482
7097
5093
3116
2606
1377
-1
-1014
-2938
-4719
-5192
-6315
-7702
-7754
-8358
-9217
-9028
-9765
-10526
-9496
-8783
-8633
-7695
-7201
-6971
-5265
-3452
-2870
-1738
-469
-69
1021
2125
1877
2379
3129
2870
3220
3127
2334
2731
3106
2491
2099
1664
800
804
1149
439
-95
-180
-520
-352
3
-152
-60
544
1025
1478
2060
2512
3217
4053
4823
5365
6241
7190
8325
8853
7450
7068
7704
7382
7067
6042
3674
2390
1972
830
-397
-1671
-3738
-5020
-5389
-6767
-7646
-7633
-8466
-8946
-9057
-10094
-10199
-8846
-8379
-8193
-7343
-7325
-6686
-4431
-3164
-2643
-1385
-642
-39
1320
2029
1966
2666
3078
2852
3144
2835
2398
3002
3103
2322
1909
1391
780
1135
1309
440
-25
-68
-258
45
392
264
280
897
1274
1713
2427
2957
3597
4349
4968
5501
6497
7586
8764
8368
6862
6956
7383
6972
6569
4986
2726
1958
1347
130
-950
-2493
-4466
-5087
-5767
-7234
-7542
-7799
-8707
-8713
-9165
-10233
-9561
-8417
-8389
-7727
-7119
-7306
-5866
-3776
-3134
-2356
-1253
-870
240
1594
1683
1868
2551
2585
2870
3090
2439
2463
3039
2846
2319
1970
1252
992
1534
1340
540
298
171
249
710
804
607
788
1374
1767
2306
2754
3146
3734
4462
5025
5672
6528
7611
8356
7237
6410
6884
6808
6399
5732
3712
2123
1588
768
-288
-1527
-3344
-4773
-5104
-6062
-7046
-7116
-7863
-8515
-8421
-9216
-9559
-8550
-8048
-7922
-7136
-6882
-6584
-4761
-3212
-2769
-1834
-1048
-607
619
1431
1448
1867
2254
2257
2565
2474
2123
2467
2791
2469
2002
1619
1093
1114
1507
1058
433
383
254
497
892
882
912
1200
1673
2154
2697
3118
3582
4215
4724
5300
6200
6913
8086
7939
6377
6521
6821
6348
6046
4581
2392
1583
1042
-87
-1066
-2549
-4601
-5213
-5525
-6915
-7177
-7273
-8394
-8421
-8544
-9577
-8962
-7782
-7788
-7282
-6514
-6567
-5464
-3274
-2534
-2013
-825
-564
181
1570
1695
1629
2240
2197
2169
2595
2091
1794
2449
2335
1766
1594
1099
648
1134
1190
367
293
369
265
847
1085
911
1201
1776
2191
2794
3417
3627
4218
4978
5285
6026
6979
7800
8432
7354
6297
6605
6571
6146
5168
3087
1416
713
-78
-1075
-2300
-4246
-5628
-5947
-6773
-7499
-7578
-8145
-8612
-8517
-9108
-9315
-8186
-7552
-7231
-6475
-6282
-5749
-4012
-2499
-1808
-956
-401
-14
1145
1924
1917
2071
2157
2102
2393
2312
1744
1903
2136
1813
1617
1190
586
669
1050
705
272
252
130
510
1053
1064
1139
1445
1978
2563
3116
3457
3786
4520
5157
5581
6303
7073
7983
7994
6711
6409
6627
6085
5682
4427
2391
1261
545
-506
-1541
-2859
-4803
-5591
-5907
-7073
-7494
-7621
-8468
-8580
-8511
-9248
-8914
-7752
-7554
-7003
-6119
-6079
-5140
-3206
-2185
-1456
-362
-62
367
1586
1891
1881
2312
2257
2102
2308
2033
1606
2017
2058
1491
1370
876
263
689
846
286
190
218
69
627
1142
1155
1429
1901
2375
2924
3479
3794
4211
4963
5476
5977
6754
7593
7919
7002
6310
6499
6141
5678
4796
2880
1584
770
-213
-1142
-2332
-4182
-5332
-5604
-6572
-7207
-7278
-8031
-8349
-8144
-8753
-8794
-7755
-7298
-6908
-5990
-5789
-5303
-3641
-2450
-1660
-608
-112
200
1073
1529
1520
1867
1990
1904
1963
1702
1307
1467
1754
1506
1258
1027
411
456
836
596
397
515
448
569
1097
1238
1433
1990
2398
2819
3311
3634
3983
4613
5172
5638
6336
7115
7709
7138
6117
6168
6198
5667
4966
3310
1650
887
71
-953
-2003
-3613
-5157
-5539
-6220
-7192
-7337
-7676
-8213
-8051
-8345
-8932
-8100
-7166
-6841
-6035
-5529
-5353
-4002
-2460
-1753
-693
199
479
1265
1776
1644
1895
2298
2289
2285
2065
1393
1446
1811
1690
1476
1188
680
513
734
662
446
462
576
658
918
1149
1309
1719
2271
2678
3027
3389
3696
4161
4726
5099
5648
6323
7039
7109
6032
5511
5602
5232
4739
3586
1767
672
-84
-1054
-1953
-3131
-4741
-5464
-5817
-6866
-7219
-7290
-7760
-7703
-7621
-8237
-8087
-7095
-6575
-5861
-5126
-4986
-4245
-2841
-1849
-1018
14
483
949
1653
1547
1467
1843
1988
2017
1965
1323
955
1274
1369
1312
1165
755
461
619
726
638
633
750
938
1226
1467
1638
1975
2419
2927
3396
3677
3915
4274
4763
5140
5587
6167
6673
7199
6651
5581
5471
5312
4739
4061
2569
989
143
-737
-1733
-2607
-3959
-5315
-5639
-6286
-7198
-7241
-7466
-7729
-7450
-7662
-8072
-7409
-6616
-6104
-5156
-4679
-4389
-3278
-2138
-1350
-389
424
742
1429
1757
1274
1384
1639
1588
1825
1454
639
709
875
819
894
665
244
261
443
293
275
391
520
915
1278
1264
1466
1983
2375
2980
3478
3549
3879
4425
4738
5125
5742
6147
6704
7087
6232
5427
5436
5052
4408
3702
2187
830
156
-894
-2020
-2882
-4198
-5249
-5435
-6195
-7149
-7223
-7408
-7557
-7181
-7412
-7752
-6981
-6252
-5796
-4853
-4283
-3852
-2601
-1504
-940
-23
779
1260
2078
2277
1681
1661
1857
1883
2035
1637
981
940
1124
1001
812
722
449
492
694
305
14
167
361
749
1145
983
985
1521
1960
2433
2858
3001
3269
3811
4093
4242
4671
5080
5645
6119
5640
4897
4631
4306
3897
3359
2239
1140
363
-584
-1661
-2669
-3688
-4402
-4670
-5320
-6217
-6666
-6958
-6930
-6634
-6761
-6872
-6540
-6142
-5660
-4963
-4374
-3726
-2743
-1869
-1258
-619
59
786
1579
1992
1915
1810
1796
1810
1882
1799
1580
1535
1584
1390
1238
1191
1044
1155
1256
1024
738
528
453
741
1065
1063
975
1054
1301
1630
1975
2065
2069
2322
2557
2727
2787
2624
2879
3441
3779
3729
3262
2874
2820
2833
2710
2268
1620
1256
743
-26
-683
-1344
-1803
-1965
-2386
-3191
-3840
-4162
-4276
-4174
-4196
-4575
-4699
-4517
-4423
-4230
-3910
-3632
-3114
-2540
-2313
-2054
-1599
-1133
-534
72
301
355
418
453
600
941
1213
1264
1280
1307
1318
1428
1513
1495
1510
1409
1205
1041
902
757
627
486
388
319
190
100
72
11
-139
-126
-64
-111
-53
-47
57
429
656
871
1195
1375
1570
1861
2090
2301
2483
2443
2316
2244
2129
1921
1729
1454
1037
794
551
229
-24
-411
-796
-996
-1150
-1392
-1711
-1955
-2049
-2046
-2096
-2241
-2313
-2231
-2104
-1953
-1730
-1489
-1265
-1058
-895
-708
-413
-68
155
326
450
506
669
851
918
901
830
709
579
429
240
-75
-363
-553
-791
-1031
-1302
-1551
-1721
-1811
-1821
-1883
-1922
-1856
-1771
-1565
-1346
-1163
-897
-581
-280
61
420
777
1183
1471
1673
1856
2118
2414
2542
2577
2539
2476
2488
2453
2323
2162
1976
1751
1519
1314
1073
814
589
468
316
91
-161
-409
-551
-629
-641
-647
-687
-727
-722
-654
-500
-316
-146
26
105
91
124
182
248
303
259
137
-41
-219
-382
-499
-667
-909
-1151
-1367
-1567
-1771
-1956
-2145
-2220
-2281
-2381
-2418
-2422
-2340
-2188
-2038
-1878
-1679
-1455
-1214
-899
-557
-204
137
353
568
874
1191
1434
1649
1779
1837
2007
2161
2234
2261
2209
2125
2070
2048
1938
1805
1662
1478
1382
1266
1070
899
716
465
307
241
149
115
47
-62
-77
-26
53
131
217
252
283
347
360
374
391
354
290
213
32
-179
-311
-486
-686
-854
-1093
-1378
-1617
-1838
-2015
-2140
-2297
-2455
-2517
-2525
-2485
-2394
-2312
-2225
-2118
-1971
-1749
-1423
-1061
-801
-611
-405
-148
218
614
922
1108
1253
1457
1683
1886
1995
2076
2145
2122
2046
1917
1833
1777
1708
1633
1454
1251
1057
872
704
551
431
291
256
227
112
45
28
128
245
288
272
257
364
497
598
618
553
506
504
465
374
298
179
-4
-179
-380
-639
-841
-1038
-1227
-1380
-1584
-1816
-2022
-2152
-2232
-2279
-2263
-2266
-2259
-2218
-2134
-1921
-1663
-1390
-1142
-834
-752
-1023
-1040
-556
273
903
974
782
963
1713
2262
2354
2089
1767
1848
2018
1939
1552
1252
1210
1181
1040
607
272
165
-206
-656
-602
1
419
218
-297
-404
375
986
819
391
215
478
706
637
519
649
895
946
801
575
528
694
828
483
-333
-968
-1051
-843
-808
-1204
-1678
-1667
-1376
-1225
-1346
-1387
-1261
-1222
-1196
-1341
-1577
-1536
-1236
-946
-839
-836
-815
-449
-39
64
263
498
756
997
1123
1086
1067
1126
1156
1208
1165
901
807
946
949
719
439
335
258
233
-41
-451
-471
-370
-565
-638
-708
-755
-580
-383
-382
-320
-51
97
102
139
192
348
527
587
622
800
927
881
941
1074
1252
1134
842
529
402
557
226
-189
-320
-220
-287
-779
-941
-1021
-993
-961
-1263
-1448
-1339
-1188
-1091
-1316
-1446
-883
-543
-544
-312
-263
4
305
424
624
695
1090
1168
959
1044
1104
1121
1112
730
530
694
721
387
-111
-355
-339
-368
-620
-799
-1107
-1322
-1212
-1200
-1622
-1872
-1531
-1134
-830
-623
-640
-330
189
433
755
1245
1321
1433
1957
1873
1641
1639
1653
1990
1963
1203
1010
1384
1100
627
374
165
4
-164
-561
-821
-966
-1155
-1326
-1500
-1566
-1517
-1341
-1375
-1309
-1231
-1067
-648
-685
-791
-58
327
170
387
413
601
1109
939
453
281
640
887
324
129
157
320
330
-228
-239
294
-166
-206
-215
-780
-549
-830
-1123
-1071
-1228
-1216
-1267
-1176
-910
-882
-406
-297
-347
527
690
603
922
934
1491
1543
1124
1351
1376
1498
1553
1314
1108
1034
907
511
169
200
-16
-323
-595
-780
-254
-540
-1099
-608
-40
77
-214
-597
-61
348
-39
-380
-370
76
238
116
109
25
158
348
287
324
468
615
611
284
128
153
54
-333
-920
-740
-569
-863
-1116
-1528
-1294
-1101
-1301
-1521
-1600
-1180
-1122
-1363
-1322
-1351
-1147
-700
-613
-475
-433
-173
229
132
317
694
880
1129
1090
881
1200
1412
1098
1021
1255
1341
1179
838
726
900
1030
936
782
703
727
731
652
670
801
934
935
857
928
1383
1357
1100
1431
1658
1671
1582
1464
1506
1456
1219
985
799
569
-29
-548
-766
-1311
-1932
-2290
-2627
-3062
-3403
-3511
-3630
-3814
-4013
-4151
-4048
-3959
-3814
-3515
-3241
-3036
-2835
-2468
-1924
-1504
-1190
-701
-125
283
458
739
1052
1273
1472
1524
1517
1709
1783
1648
1869
2009
1983
2167
2092
2101
2445
2536
2665
2861
2901
2944
2967
3106
3265
3411
3749
3902
4062
4409
4451
4142
3584
2938
2211
1590
953
-16
-884
-1520
-2196
-2815
-3411
-4095
-4495
-4648
-4734
-4721
-4688
-4694
-4554
-4296
-4138
-3952
-3591
-3080
-2517
-1945
-1518
-1230
-774
-403
-173
100
210
236
223
-42
-522
-995
-1352
-1531
-1668
-1782
-1766
-1629
-1351
-1168
-981
-648
-345
-12
422
803
1233
1659
1942
2341
2816
3183
3430
3664
3942
4175
4313
4410
4561
4743
4912
4951
4921
5094
5269
5125
4655
3902
2985
2157
1455
586
-427
-1276
-2022
-2752
-3319
-3919
-4488
-4733
-4771
-4741
-4612
-4392
-4161
-3772
-3377
-3262
-3070
-2696
-2354
-1887
-1455
-1327
-1084
-724
-618
-610
-596
-624
-568
-476
-699
-1127
-1481
-1808
-2012
-2050
-2118
-2099
-1865
-1590
-1257
-891
-621
-346
53
536
954
1326
1602
1805
2193
2615
2838
3028
3156
3199
3432
3697
3770
3896
4094
4320
4647
4919
5063
5416
5783
5611
5076
4303
3324
2582
1862
803
-205
-1123
-1991
-2599
-3235
-4047
-4571
-4766
-4981
-4986
-4794
-4743
-4458
-4006
-3840
-3649
-3341
-3121
-2746
-2278
-2006
-1619
-1099
-821
-611
-358
-310
-292
-240
-428
-745
-1030
-1432
-1888
-2136
-2294
-2350
-2124
-1829
-1572
-1148
-727
-431
-47
310
568
916
1199
1370
1662
1955
2215
2553
2819
2985
3240
3546
3822
4118
4395
4635
4896
5163
5405
5717
6077
6300
6142
5588
4802
3863
2858
1801
742
-239
-1189
-2103
-2867
-3564
-4305
-4893
-5198
-5394
-5506
-5413
-5133
-4746
-4370
-4081
-3785
-3447
-3150
-2821
-2442
-2118
-1720
-1195
-755
-444
-217
-45
140
201
-30
-386
-800
-1301
-1756
-2138
-2414
-2488
-2386
-2160
-1787
-1372
-990
-567
-135
224
508
717
901
1133
1363
1523
1666
1904
2229
2565
2878
3148
3464
3867
4244
4549
4828
5066
5311
5607
5914
6234
6337
5965
5309
4570
3669
2575
1363
225
-701
-1642
-2663
-3477
-4129
-4773
-5213
-5438
-5570
-5541
-5331
-4927
-4367
-3950
-3691
-3266
-2812
-2510
-2150
-1769
-1448
-1012
-578
-247
128
416
573
803
856
517
101
-329
-820
-1213
-1642
-2088
-2234
-2204
-2131
-1841
-1466
-1133
-690
-255
25
294
514
648
793
835
783
908
1184
1413
1664
1937
2197
2588
3052
3419
3757
4067
4347
4745
5151
5421
5750
5989
5743
5185
4504
3637
2645
1497
299
-662
-1586
-2596
-3292
-3801
-4427
-4897
-5094
-5174
-5095
-4892
-4583
-4038
-3527
-3209
-2748
-2215
-1877
-1534
-1150
-888
-571
-157
199
574
874
998
1133
1236
1037
649
185
-403
-965
-1487
-2042
-2426
-2552
-2539
-2332
-1960
-1592
-1198
-761
-390
-91
117
181
225
334
374
394
539
763
1057
1423
1749
2099
2568
3023
3417
3797
4123
4464
4838
5132
5422
5744
5814
5491
4927
4171
3271
2227
1047
-62
-1007
-1908
-2717
-3339
-3913
-4428
-4729
-4828
-4833
-4734
-4443
-3934
-3331
-2838
-2419
-1909
-1409
-1064
-809
-562
-311
-27
307
650
963
1152
1230
1323
1286
970
483
-68
-720
-1465
-2176
-2762
-3164
-3382
-3407
-3170
-2799
-2463
-2055
-1553
-1149
-894
-701
-494
-288
-173
-137
-13
238
538
941
1446
1930
2395
2929
3487
3967
4326
4622
4963
5292
5496
5663
5878
5935
5644
5062
4306
3413
2355
1181
55
-926
-1823
-2621
-3231
-3737
-4212
-4517
-4606
-4561
-4404
-4090
-3588
-2959
-2391
-1905
-1350
-797
-401
-112
128
301
501
778
1073
1332
1498
1578
1626
1520
1164
680
81
-702
-1562
-2357
-3085
-3693
-4095
-4256
-4169
-3944
-3678
-3273
-2732
-2275
-1900
-1532
-1207
-888
-602
-436
-289
-37
279
715
1245
1751
2271
2868
3428
3917
4324
4610
4897
5216
5408
5525
5692
5785
5667
5280
4638
3852
2950
1857
738
-243
-1199
-2068
-2704
-3190
-3619
-3922
-4076
-4078
-3940
-3760
-3450
-2939
-2410
-1910
-1323
-751
-299
102
385
564
744
867
986
1172
1315
1381
1429
1348
1101
770
241
-508
-1295
-2087
-2893
-3590
-4183
-4606
-4714
-4646
-4460
-4046
-3527
-3011
-2428
-1866
-1422
-983
-598
-303
-30
170
361
734
1192
1625
2144
2711
3238
3764
4217
4545
4840
5050
5170
5319
5416
5409
5400
5306
4941
4377
3645
2724
1724
654
-427
-1345
-2124
-2803
-3237
-3492
-3723
-3791
-3703
-3596
-3408
-3115
-2732
-2211
-1682
-1216
-668
-159
157
420
636
712
750
795
826
880
875
785
707
523
89
-436
-1023
-1754
-2516
-3214
-3835
-4286
-4553
-4667
-4524
-4207
-3819
-3268
-2609
-2037
-1482
-929
-489
-104
222
447
702
966
1172
1485
1869
2225
2634
3097
3479
3818
4118
4326
4509
4640
4685
4743
4816
4827
4834
4763
4429
3916
3287
2466
1507
473
-553
-1419
-2137
-2748
-3145
-3344
-3453
-3414
-3246
-3090
-2903
-2623
-2263
-1831
-1446
-1125
-706
-267
8
187
336
389
408
432
398
343
256
110
-5
-206
-639
-1146
-1639
-2208
-2812
-3361
-3801
-4054
-4131
-4077
-3832
-3427
-2969
-2395
-1749
-1216
-753
-321
36
355
605
760
920
1114
1275
1482
1745
1984
2278
2645
2953
3215
3469
3663
3835
3976
4040
4103
4197
4259
4327
4334
4115
3728
3236
2571
1739
820
-112
-913
-1579
-2173
-2565
-2737
-2812
-2767
-2603
-2457
-2308
-2089
-1838
-1558
-1308
-1117
-850
-508
-292
-175
-77
-24
-14
-39
-126
-216
-300
-433
-564
-741
-1091
-1507
-1912
-2361
-2854
-3308
-3629
-3748
-3715
-3604
-3345
-2907
-2395
-1840
-1273
-783
-360
12
303
541
738
858
979
1135
1274
1428
1643
1894
2189
2505
2790
3044
3288
3483
3619
3709
3727
3720
3732
3735
3734
3720
3588
3313
2925
2408
1784
1071
314
-400
-1016
-1552
-1961
-2185
-2278
-2263
-2154
-1997
-1824
-1626
-1425
-1212
-1019
-871
-717
-537
-399
-339
-310
-313
-362
-455
-604
-766
-929
-1123
-1345
-1577
-1847
-2175
-2491
-2793
-3104
-3371
-3541
-3570
-3478
-3315
-3060
-2674
-2183
-1665
-1143
-630
-153
260
594
838
1020
1146
1244
1341
1421
1509
1655
1881
2145
2391
2622
2828
3018
3166
3245
3268
3266
3252
3260
3277
3293
3319
3342
3292
3100
2780
2358
1839
1232
592
-40
-621
-1111
-1469
-1673
-1763
-1772
-1683
-1554
-1405
-1268
-1163
-1075
-1016
-1020
-1038
-1040
-1054
-1088
-1120
-1158
-1225
-1312
-1427
-1554
-1706
-1882
-2062
-2238
-2408
-2577
-2704
-2796
-2871
-2907
-2868
-2743
-2572
-2354
-2065
-1688
-1275
-844
-404
36
429
725
936
1071
1113
1099
1077
1056
1050
1094
1230
1452
1701
1937
2153
2360
2535
2657
2731
2784
2849
2926
3023
3151
3301
3467
3609
3635
3513
3248
2864
2365
1748
1063
396
-217
-731
-1113
-1364
-1507
-1546
-1510
-1433
-1370
-1335
-1317
-1319
-1386
-1508
-1621
-1701
-1763
-1821
-1854
-1871
-1881
-1901
-1935
-1978
-2041
-2112
-2162
-2208
-2260
-2295
-2293
-2276
-2263
-2223
-2143
-2016
-1849
-1645
-1361
-1036
-695
-332
31
350
595
750
840
860
803
713
641
606
626
721
912
1180
1464
1751
2026
2280
2475
2618
2727
2824
2925
3032
3171
3341
3529
3709
3828
3827
3688
3415
3000
2450
1790
1082
382
-265
-804
-1214
-1486
-1639
-1691
-1683
-1655
-1629
-1616
-1609
-1634
-1711
-1818
-1905
-1957
-1987
-2011
-2005
-1970
-1941
-1911
-1895
-1880
-1873
-1870
-1874
-1887
-1917
-1942
-1956
-1976
-1997
-2004
-1964
-1869
-1725
-1531
-1282
-987
-666
-334
-29
225
409
532
590
579
529
473
447
479
569
740
1003
1323
1648
1963
2253
2498
2682
2809
2914
2994
3078
3177
3310
3472
3635
3768
3823
3769
3570
3233
2758
2156
1473
744
45
-581
-1101
-1483
-1725
-1853
-1882
-1847
-1776
-1710
-1661
-1628
-1643
-1690
-1756
-1813
-1859
-1895
-1900
-1877
-1851
-1807
-1776
-1749
-1730
-1729
-1736
-1750
-1773
-1814
-1844
-1873
-1905
-1929
-1929
-1897
-1819
-1697
-1522
-1289
-1028
-743
-441
-161
79
280
411
475
503
503
502
529
605
737
939
1206
1509
1824
2125
2392
2602
2754
2863
2928
2969
3013
3073
3149
3241
3326
3395
3407
3329
3138
2826
2401
1872
1273
655
63
-470
-906
-1233
-1440
-1530
-1530
-1477
-1393
-1311
-1267
-1259
-1284
-1364
-1483
-1610
-1743
-1871
-1972
-2059
-2124
-2158
-2173
-2171
-2151
-2129
-2106
-2078
-2050
-2021
-1998
-1974
-1947
-1917
-1871
-1801
-1697
-1547
-1345
-1090
-810
-507
-192
91
338
528
653
720
733
720
700
712
761
872
1052
1289
1571
1868
2150
2387
2575
2690
2747
2747
2712
2677
2656
2666
2710
2776
2851
2905
2904
2827
2645
2362
1976
1499
987
470
-21
-447
-778
-1005
-1113
-1142
-1108
-1045
-986
-954
-980
-1065
-1213
-1413
-1650
-1900
-2138
-2356
-2518
-2631
-2695
-2707
-2675
-2598
-2499
-2388
-2270
-2154
-2053
-1964
-1894
-1835
-1776
-1711
-1621
-1496
-1324
-1102
-835
-542
-241
46
301
497
628
689
687
647
595
550
542
612
758
970
1248
1550
1852
2132
2355
2504
2585
2609
2586
2545
2501
2489
2522
2605
2718
2838
2945
2983
2944
2798
2531
2160
1689
1169
631
117
-316
-652
-881
-993
-1025
-1002
-949
-916
-924
-991
-1137
-1353
-1610
-1902
-2201
-2470
-2705
-2878
-2972
-3004
-2970
-2873
-2736
-2579
-2399
-2217
-2043
-1878
-1756
-1645
-1552
-1482
-1409
-1324
-1222
-1077
-899
-687
-446
-202
27
217
362
444
469
451
409
370
365
407
522
713
969
1261
1569
1869
2132
2336
2466
2531
2541
2518
2488
2481
2505
2569
2689
2826
2968
3085
3136
3097
2950
2691
2321
1849
1331
808
316
-112
-451
-682
-820
-888
-904
-908
-935
-1018
-1157
-1365
-1632
-1935
-2261
-2565
-2837
-3050
-3186
-3241
-3227
-3135
-2991
-2807
-2590
-2369
-2138
-1927
-1750
-1603
-1481
-1390
-1313
-1243
-1160
-1056
-926
-764
-582
-384
-194
-13
136
237
295
318
322
314
329
391
495
665
887
1158
1448
1733
1996
2194
2348
2443
2474
2473
2450
2434
2436
2473
2554
2670
2803
2933
3030
3062
3017
2870
2613
2272
1861
1400
932
485
88
-238
-489
-666
-783
-865
-929
-1012
-1135
-1303
-1524
-1776
-2052
-2334
-2610
-2840
-3015
-3124
-3151
-3106
-3001
-2839
-2641
-2426
-2195
-1989
-1813
-1667
-1550
-1469
-1416
-1366
-1321
-1255
-1163
-1045
-891
-718
-536
-350
-177
-31
87
173
230
279
336
414
530
677
866
1095
1352
1609
1847
2054
2211
2324
2380
2388
2370
2347
2322
2324
2366
2439
2538
2650
2754
2833
2857
2813
2684
2467
2165
1805
1410
989
584
213
-112
-374
-576
-735
-847
-944
-1045
-1162
-1325
-1511
-1725
-1953
-2190
-2425
-2630
-2792
-2896
-2935
-2909
-2826
-2682
-2513
-2331
-2136
-1958
-1812
-1678
-1582
-1524
-1470
-1424
-1374
-1309
-1217
-1099
-958
-799
-622
-451
-296
-161
-37
68
164
268
372
498
650
834
1040
1263
1484
1688
1871
1998
2091
2138
2153
2135
2107
2097
2103
2148
2224
2333
2463
2601
2713
2783
2791
2719
2574
2357
2070
1729
1356
976
609
275
-10
-250
-451
-614
-748
-873
-998
-1138
-1299
-1482
-1694
-1924
-2142
-2353
-2538
-2680
-2778
-2821
-2812
-2757
-2656
-2523
-2377
-2227
-2084
-1948
-1829
-1728
-1640
-1554
-1465
-1369
-1255
-1130
-985
-829
-671
-517
-369
-233
-110
9
122
232
356
501
649
815
1005
1194
1379
1555
1697
1812
1884
1921
1937
1934
1931
1932
1952
2006
2087
2187
2304
2428
2529
2602
2635
2612
2532
2390
2190
1943
1664
1357
1044
743
451
184
-55
-268
-455
-629
-797
-950
-1102
-1278
-1453
-1637
-1827
-2017
-2201
-2372
-2517
-2626
-2694
-2734
-2732
-2687
-2616
-2529
-2422
-2299
-2173
-2040
-1898
-1758
-1613
-1470
-1329
-1181
-1033
-886
-739
-604
-473
-340
-215
-96
28
162
313
472
644
820
994
1167
1330
1470
1576
1649
1702
1723
1733
1735
1739
1769
1812
1885
1982
2083
2201
2312
2399
2461
2494
2482
2427
2336
2196
2031
1846
1639
1421
1201
969
738
517
279
47
-194
-436
-670
-907
-1129
-1335
-1538
-1727
-1899
-2051
-2183
-2304
-2407
-2496
-2564
-2620
-2645
-2649
-2636
-2583
-2507
-2398
-2263
-2109
-1933
-1744
-1540
-1353
-1165
-989
-841
-713
-608
-524
-447
-373
-304
-221
-126
-5
144
312
499
690
883
1066
1224
1346
1431
1487
1510
1515
1512
1516
1531
1572
1646
1748
1883
2032
2181
2320
2434
2510
2537
2522
2465
2367
2239
2085
1914
1730
1529
1324
1103
873
635
379
113
-162
-447
-724
-983
-1233
-1447
-1622
-1786
-1926
-2046
-2141
-2227
-2310
-2395
-2473
-2538
-2580
-2591
-2568
-2505
-2412
-2274
-2099
-1903
-1692
-1476
-1273
-1087
-931
-813
-725
-664
-622
-580
-543
-491
-410
-314
-184
-24
159
355
546
731
898
1044
1150
1223
1267
1282
1287
1291
1308
1351
1415
1511
1641
1792
1955
2124
2275
2399
2480
2517
2500
2435
2335
2199
2041
1864
1685
1499
1319
1135
939
733
518
279
18
-258
-539
-818
-1086
-1336
-1564
-1749
-1906
-2033
-2130
-2200
-2256
-2297
-2324
-2346
-2355
-2349
-2328
-2286
-2206
-2112
-1990
-1850
-1697
-1541
-1382
-1228
-1096
-970
-864
-775
-689
-609
-520
-427
-322
-205
-76
60
201
351
491
621
744
854
946
1025
1091
1156
1227
1295
1372
1470
1579
1695
1822
1955
2084
2204
2295
2361
2400
2401
2372
2311
2223
2108
1965
1813
1643
1471
1290
1090
886
664
426
181
-70
-330
-588
-840
-1082
-1315
-1517
-1690
-1843
-1964
-2058
-2129
-2190
-2238
-2265
-2277
-2273
-2263
-2234
-2180
-2115
-2025
-1920
-1807
-1674
-1539
-1395
-1247
-1122
-1001
-883
-780
-674
-567
-457
-345
-238
-121
7
132
252
371
481
581
676
766
845
925
1004
1076
1162
1252
1361
1476
1591
1711
1826
1939
2035
2121
2180
2217
2228
2214
2177
2115
2028
1920
1798
1660
1503
1336
1150
956
756
550
330
107
-109
-335
-552
-763
-960
-1142
-1306
-1451
-1594
-1715
-1823
-1909
-1986
-2050
-2092
-2115
-2117
-2102
-2066
-2010
-1936
-1841
-1736
-1620
-1501
-1380
-1249
-1124
-1011
-903
-798
-700
-599
-493
-395
-294
-182
-81
24
130
228
320
407
485
558
622
690
762
829
907
991
1077
1172
1276
1380
1486
1581
1670
1742
1799
1849
1875
1880
1867
1828
1772
1708
1623
1531
1422
1300
1176
1039
889
726
570
403
235
75
-90
-253
-407
-560
-702
-837
-972
-1096
-1214
-1318
-1420
-1503
-1577
-1633
-1680
-1712
-1711
-1706
-1685
-1645
-1594
-1539
-1475
-1404
-1333
-1259
-1188
-1115
-1037
-963
-882
-800
-721
-633
-541
-447
-350
-261
-173
-86
-1
82
155
237
316
390
472
559
643
735
827
915
1011
1106
1196
1273
1344
1407
1456
1496
1515
1528
1532
1520
1501
1463
1418
1362
1297
1231
1150
1060
970
873
777
672
565
457
356
244
130
24
-93
-208
-328
-444
-556
-666
-769
-873
-963
-1035
-1111
-1177
-1231
-1276
-1306
-1339
-1360
-1375
-1376
-1359
-1347
-1324
-1289
-1252
-1204
-1152
-1088
-1023
-958
-884
-814
-743
-671
-598
-528
-454
-376
-297
-210
-128
-52
40
137
226
324
420
515
618
710
796
885
955
1020
1090
1141
1185
1218
1243
1258
1268
1269
1257
1251
1227
1195
1156
1110
1060
1017
964
891
825
753
684
609
529
437
350
253
151
48
-54
-155
-255
-362
-467
-563
-659
-757
-847
-927
-1008
-1074
-1138
-1184
-1218
-1245
-1248
-1250
-1236
-1214
-1184
-1141
-1090
-1035
-977
-913
-857
-801
-748
-695
-635
-585
-535
-474
-414
-351
-277
-205
-127
-48
38
131
222
320
406
493
578
655
733
802
866
925
976
1017
1056
1081
1102
1116
1127
1132
1125
1110
1094
1063
1028
995
957
906
857
801
733
676
608
536
454
367
283
193
102
4
-92
-189
-285
-384
-485
-581
-675
-767
-846
-922
-991
-1053
-1096
-1131
-1155
-1161
-1150
-1130
-1104
-1058
-1013
-967
-917
-869
-817
-765
-723
-679
-642
-600
-555
-504
-452
-403
-344
-285
-219
-145
-69
6
84
157
234
310
385
461
526
590
655
719
774
823
867
906
939
959
979
989
990
990
985
973
960
940
911
879
838
795
745
690
639
581
513
439
367
294
220
144
56
-24
-112
-201
-292
-385
-479
-564
-652
-738
-803
-862
-904
-933
-948
-960
-957
-935
-908
-877
-845
-812
-777
-744
-708
-677
-645
-614
-580
-546
-510
-468
-429
-383
-338
-296
-246
-195
-148
-94
-35
21
79
141
208
264
327
388
446
501
548
591
626
661
691
715
738
756
765
775
780
778
772
764
749
731
706
674
642
601
552
504
458
402
350
292
232
159
87
20
-57
-130
-210
-286
-361
-435
-504
-566
-614
-649
-678
-701
-709
-713
-714
-710
-702
-682
-665
-643
-613
-589
-568
-540
-513
-479
-442
-412
-381
-345
-322
-286
-248
-218
-184
-152
-111
-73
-32
13
55
97
146
196
246
292
336
376
418
453
473
504
526
551
570
585
599
610
619
622
629
620
609
600
578
558
540
511
477
441
402
358
310
260
198
138
86
26
-41
-112
-179
-242
-297
-358
-409
-453
-498
-533
-559
-579
-598
-604
-612
-613
-615
-611
-599
-583
-564
-548
-529
-509
-479
-455
-430
-394
-362
-335
-308
-280
-252
-218
-183
-143
-104
-61
-21
25
76
120
174
218
260
297
336
363
390
423
439
465
485
503
519
539
549
557
568
566
564
556
553
536
517
506
486
466
435
408
372
332
295
249
206
151
90
31
-35
-90
-148
-209
-255
-303
-346
-380
-416
-449
-467
-489
-504
-518
-528
-524
-531
-528
-527
-516
-506
-491
-473
-458
-429
-405
-379
-360
-333
-311
-285
-261
-233
-204
-175
-143
-110
-65
-27
15
52
90
125
168
195
219
251
262
297
309
344
359
379
403
413
434
438
469
462
472
466
463
463
449
454
426
428
406
392
375
345
319
276
247
198
163
104
58
10
-40
-80
-131
-170
-215
-239
-275
-291
-322
-345
-368
-394
-407
-423
-423
-444
-448
-455
-444
-442
-434
-423
-420
-406
-396
-368
-358
-333
-319
-301
-276
-259
-220
-200
-158
-123
-92
-60
-30
7
34
71
93
123
146
169
200
218
254
276
307
327
346
372
379
400
400
413
414
418
417
405
411
387
391
379
373
353
328
316
283
267
223
201
159
126
85
46
20
-22
-47
-91
-106
-149
-168
-197
-229
-254
-294
-310
-349
-353
-388
-389
-406
-414
-420
-433
-419
-439
-414
-425
-401
-406
-387
-369
-368
-326
-333
-281
-277
-230
-204
-169
-133
-111
-54
-48
9
12
64
81
117
154
171
220
223
275
275
311
320
335
351
349
365
355
371
356
363
350
354
351
344
338
325
320
287
281
240
227
200
177
153
121
108
73
68
27
9
-18
-38
-61
-96
-114
-153
-165
-201
-212
-233
-250
-256
-268
-260
-279
-275
-284
-286
-286
-281
-279
-290
-273
-268
-256
-241
-228
-209
-192
-168
-156
-137
-119
-103
-79
-70
-50
-30
-12
8
27
52
66
87
106
125
141
150
158
169
184
187
190
190
193
193
196
196
201
200
198
198
185
182
177
169
155
147
130
119
106
95
83
68
63
50
45
23
6
-9
-30
-39
-60
-65
-83
-88
-96
-104
-111
-123
-121
-132
-126
-135
-133
-131
-132
-132
-126
-122
-124
-111
-108
-99
-90
-85
-79
-73
-64
-58
-49
-43
-38
-37
-28
-23
-13
-3
3
8
13
24
23
33
31
33
36
40
43
37
46
44
49
44
49
47
48
52
46
48
45
52
46
46
43
40
42
39
39
38
42
37
35
33
33
31
29
31
26
25
25
26
26
26
28
29
22
24
26
26
33
28
22
19
19
14
10
10
9
10
5
5
7
6
3
-1
-1
-2
-7
-8
-7
-15
-13
-14
-19
-15
-17
-20
-16
-17
-15
-16
-19
-18
-20
-19
-23
-20
-21
-23
-22
-27
-27
-26
-26
-28
-29
-32
-30
-29
-31
-30
-32
-35
-34
-35
-36
-33
-35
-35
-34
-35
-36
-35
-34
-36
-33
-31
-33
-29
-30
-30
-24
-24
-22
-20
-18
-17
-14
-16
-10
-6
-9
-8
-6
-3
-1
3
4
1
1
4
4
5
2
3
5
5
8
11
12
10
8
10
13
15
16
17
17
16
16
23
25
28
31
32
30
29
28
28
29
29
32
30
34
33
32
35
35
36
37
35
34
32
31
28
27
26
26
24
22
22
19
21
19
19
17
17
15
18
17
14
16
11
13
14
12
9
6
5
6
0
-6
-5
-10
-7
-10
-10
-10
-11
-11
-15
-14
-13
-17
-15
-14
-18
-18
-20
-18
-18
-17
-18
-17
-15
-17
-14
-12
-12
-13
-10
-12
-13
-12
-10
-10
-12
-8
-8
-7
-9
-6
-8
-7
-3
-7
-6
-5
-3
-4
-4
-4
-6
-6
-6
-5
-6
-8
-8
-8
-6
-3
-2
-3
-4
-4
-6
-5
-2
-5
-2
-2
-2
-3
0
2
5
2
6
4
0
-2
-1
-1
-1
-1
-7
-10
-9
-9
-11
-11
-12
-13
-13
-12
-9
-7
-3
-4
-4
-6
-3
-4
2
3
0
5
3
3
2
3
5
6
5
1
5
3
5
5
3
5
6
7
5
5
1
-1
0
-2
-3
-3
-4
-6
-7
-6
-8
-7
-4
-7
-7
-6
-6
-5
-7
-8
-9
-6
-6
-6
-7
-6
-5
-5
-2
-2
-3
-4
-3
-4
-2
0
-3
-3
-1
0
0
1
5
6
7
7
6
8
7
5
3
4
5
8
5
4
1
-2
-2
