2
4
2
2
5
2
2
2
-4
2
3
-8
-2
3
-10
3
-10
-6
2
-6
-9
-18
-21
-14
-9
-26
-16
-15
-17
-13
2
-16
-10
-10
-17
8
-16
-1
-8
-1
-7
-1
-12
-9
-2
-18
8
-19
-2
-3
0
-5
8
-5
-8
7
-17
5
-6
-2
1
3
-7
-1
1
-7
12
3
5
11
5
9
13
13
6
3
8
10
12
2
16
9
1
7
-7
2
-1
-12
-5
-4
-8
-10
-4
-1
3
-4
-6
8
-9
8
1
8
1
0
-3
-16
-4
-18
3
-26
-7
-15
-7
1
-11
11
-17
6
-15
5
-7
-1
-10
-9
6
-26
14
-22
-1
-7
-6
-12
0
-3
-8
14
-23
7
-19
-7
2
-6
-12
13
-2
2
22
-12
16
-1
0
4
2
-10
17
5
-3
14
-6
20
15
17
9
19
5
19
12
-3
16
-8
9
-2
10
1
7
11
3
11
-9
5
0
-1
0
8
-11
-2
-5
-20
7
-18
-9
-1
-14
-11
1
-22
-6
-9
-34
1
-23
-8
8
-5
2
13
-8
13
19
-13
26
20
16
22
14
18
29
12
12
26
-12
26
-1
-8
10
-15
5
-3
0
-9
8
-4
17
17
4
37
3
26
5
16
18
11
7
-11
8
-1
5
-29
-11
-15
-1
1
12
10
-7
3
8
35
23
47
5
4
-12
-39
0
-10
-14
17
-3
6
12
-23
7
-25
-2
-10
16
-1
18
37
41
90
36
56
-15
-23
-41
-49
-30
-17
14
-10
-13
-23
-16
-18
19
28
-10
5
-25
10
44
-3
61
16
-12
-65
-50
-103
-55
-35
-117
62
-68
61
82
-3
106
25
36
0
-5
-14
49
0
-12
-49
-96
-49
-73
-79
-67
-13
21
145
103
146
113
7
-7
17
-81
-35
-57
-149
-14
-178
-19
-9
18
91
140
167
74
65
-35
-52
-60
-38
-8
19
-52
-17
-39
-27
-48
-10
3
28
118
-12
81
56
51
144
-11
95
-47
-81
-21
-156
-130
-101
-69
28
58
9
144
67
-38
89
-60
-11
64
-81
41
-31
-8
69
-2
-63
-10
-90
-99
-110
-57
40
155
186
164
116
-87
8
-155
-84
-142
-1
95
124
129
70
24
-117
-98
-40
3
-160
39
-115
-28
57
-45
310
65
48
173
-105
23
-114
-24
16
-26
37
38
-24
-160
-66
-167
-16
-31
-37
221
29
212
41
-54
45
-144
2
-89
-55
-64
-41
104
-21
64
-39
57
-88
-57
-72
-19
59
-14
156
1
34
-69
-8
-130
-87
96
-47
157
-17
32
99
-141
78
-90
26
-18
-38
-6
-147
-62
5
106
10
97
-13
109
106
-26
219
-90
-72
-104
-126
-8
-116
-15
73
-52
-15
-29
59
184
10
299
-4
44
-130
-136
-94
-103
128
19
141
-122
-172
-173
-154
6
155
142
265
301
-119
41
-166
-73
-85
-133
-29
-127
-167
20
17
33
112
128
275
61
34
13
4
48
-91
-55
34
-193
-175
-222
-244
-118
-168
128
375
62
229
175
126
182
-3
238
87
-320
-367
-345
-224
-244
66
199
189
78
-158
306
0
106
109
-5
175
-208
-59
126
-32
-144
89
-15
69
-206
-147
-1
-43
-58
14
229
-72
32
520
172
128
-26
-78
23
-401
-50
-65
33
75
38
-40
-220
-212
-97
-44
86
29
204
220
215
263
-79
198
-63
-119
-41
-214
-123
-227
-200
86
-40
-18
89
-3
-10
-80
58
-81
-98
184
-5
271
203
-97
340
-102
-36
93
-196
60
66
24
44
-131
-256
-264
-78
-18
5
-23
55
299
13
303
138
-197
192
-243
55
93
50
213
307
-155
-281
-289
-427
-132
-277
312
26
2
21
225
254
145
314
-101
-310
-310
-198
160
32
116
283
-243
81
38
77
37
-69
-95
-183
-95
-27
-159
15
103
38
-94
-125
-171
124
154
282
403
237
-31
80
-201
-474
-503
-213
-21
-93
32
-96
225
-11
90
149
-69
257
183
88
142
88
-25
-144
-2
-478
-328
-178
-336
0
133
420
420
124
-162
47
-113
-261
273
-50
-80
70
398
17
46
315
-40
-154
-157
-183
-128
100
-118
250
-49
-25
162
-174
-15
-39
193
-110
-23
58
116
-113
-40
9
-448
219
140
189
209
234
123
-19
-367
-393
-179
-374
387
-246
233
-117
-318
96
-200
278
126
416
266
446
426
-148
5
-352
-628
-352
-386
-558
91
2
324
115
73
-47
47
188
-115
269
-189
190
172
79
66
-669
-474
-288
-30
610
558
635
663
398
474
200
-52
-368
-424
-288
-541
86
-181
-221
177
-183
139
71
157
406
860
332
231
67
-162
-116
-479
-195
-396
-144
-175
-303
-81
-77
333
74
-40
365
2
428
-29
45
43
-374
-93
-298
-337
-231
-51
132
112
-269
-15
-264
-504
-312
-370
-143
-18
-170
-38
-118
17
-54
57
172
298
462
248
-13
-630
-405
-850
-794
-255
-582
420
365
543
915
-7
320
-144
-1
224
-540
228
-224
-135
98
-469
-62
84
172
615
699
328
758
564
398
528
40
109
347
3
-518
-1
-696
-516
-241
-83
685
492
595
466
486
-65
138
232
-57
-38
-149
214
-77
80
-25
-58
32
-313
137
-151
-58
52
-102
56
-25
-73
-161
80
321
-81
85
-174
-516
-119
-320
-192
-1160
-608
132
-841
76
-553
81
268
116
546
138
197
28
513
105
-24
-133
-522
-1640
-2335
-1323
-1363
-752
470
648
1502
1238
1196
1124
618
480
394
584
45
-86
1
-393
-927
-1127
-1125
-1903
-923
-26
326
1905
1228
1099
994
165
217
-25
-210
338
843
207
716
236
146
-336
-447
-297
-814
-286
-91
391
-10
536
256
62
277
107
482
398
690
706
679
109
-231
-581
-835
336
271
-311
43
-175
-339
-379
-561
437
298
488
818
609
549
-54
305
-12
-670
-571
-916
-1012
-1068
-744
248
50
73
186
-56
-312
-162
-51
-429
-773
-309
-229
-348
-78
-97
526
346
936
1442
690
689
766
342
139
-383
-303
-399
-528
-811
-906
-1058
-1146
-675
-284
-255
-412
93
-329
-189
86
-110
178
478
376
690
111
312
395
40
647
362
481
159
-171
93
55
-655
-263
96
-503
-271
-260
66
-471
-516
479
-176
62
-337
-152
32
-552
181
-333
-678
-1149
-98
189
-59
618
277
672
593
641
704
517
324
702
631
378
337
364
-69
227
46
-330
238
-274
453
521
200
255
-156
-100
-220
-117
9
-387
328
304
127
602
216
215
474
402
648
620
235
352
-438
-689
-628
-1081
-1045
-1330
-1103
-742
-324
16
444
828
417
610
114
-399
-482
-314
-288
149
126
3
311
145
-88
-294
-37
-114
211
99
240
-74
-389
-192
-277
-138
-135
55
234
28
-46
-102
-302
-524
-371
-285
-217
-287
-285
-195
-338
-247
-235
-44
-231
108
348
506
350
414
401
-49
-282
-355
-209
-349
72
105
399
171
-12
165
-44
-431
-180
-99
-237
219
104
436
422
166
509
380
78
59
17
-176
-81
-77
-71
58
18
532
375
288
351
158
242
44
209
112
-43
73
-69
-75
-134
-305
-313
-475
-634
-440
-330
-313
-107
-87
-23
-1
-111
-219
-181
-126
-61
-59
-222
-29
11
-3
-76
-111
-276
-421
-381
-421
-324
-275
-208
-102
-135
-103
-7
-56
-204
-178
-59
78
233
364
615
796
973
975
1119
1258
1454
1615
1625
1682
1637
1669
1654
1528
1285
1100
935
785
689
624
767
694
635
664
501
238
-59
-333
-741
-1243
-1592
-1974
-2399
-2760
-3031
-3112
-3352
-3464
-3416
-3309
-3152
-2986
-2703
-2517
-2261
-2066
-1853
-1736
-1643
-1472
-1292
-1093
-945
-802
-609
-316
93
563
947
1370
1735
2287
2821
3337
3776
3989
4257
4311
4358
4169
4028
3991
4112
4496
4813
5295
5986
6681
7312
7761
7918
7698
6043
3986
1225
-1848
-5191
-8307
-10548
-12199
-12467
-11970
-10235
-8385
-6310
-4067
-2152
-669
67
511
574
427
349
265
177
-186
-482
-903
-1971
-3107
-4544
-5809
-6838
-7235
-6944
-6303
-5088
-3487
-1703
-370
602
1458
1631
1535
1331
1316
1458
1694
2631
3910
5124
6003
6764
7247
7236
6911
6548
6249
5989
6102
6734
7451
8347
9449
10672
10943
9352
7181
3761
-313
-4888
-9108
-12319
-14761
-15226
-14071
-11562
-8713
-5458
-2181
412
2115
2903
3058
2475
1787
1547
1495
1477
1483
1724
1873
1508
1005
-207
-1797
-3837
-5642
-7356
-9541
-10991
-12021
-11845
-11266
-9866
-7630
-5248
-2550
65
2649
4363
5495
6105
6334
6140
5579
5322
5131
4990
5231
5662
6153
6451
6778
7156
7384
7630
8023
8443
9048
9785
10808
9905
7755
5080
1291
-2995
-8093
-11570
-14929
-16602
-16188
-13799
-10529
-7327
-2964
771
3585
5015
5667
5354
4018
3048
2479
1913
1224
1114
1637
1487
1134
375
-1042
-3149
-5383
-6790
-8645
-10219
-11335
-12030
-12037
-11999
-10745
-9248
-7345
-4910
-1840
1458
4112
6562
8285
9282
9194
8637
7465
5889
4598
3647
3407
3237
3632
4491
5248
6278
7082
8128
8814
9494
10258
11340
10125
7959
5352
1439
-2764
-7920
-11317
-15016
-16624
-16321
-13851
-10571
-7246
-2428
1651
4924
6730
7739
7471
5905
4868
3769
2623
1405
789
1007
556
216
-534
-1762
-3768
-5481
-6994
-8761
-10054
-10693
-10420
-9987
-9644
-8803
-7927
-7164
-5837
-4155
-2136
-77
2396
5093
7297
8544
9180
9018
7916
6467
4909
3393
2189
1470
1713
2589
3508
4983
6273
7824
8929
10260
11189
12138
11582
9240
6881
2771
-1142
-6283
-9935
-13421
-15552
-15362
-13761
-10765
-7966
-3578
415
3557
5561
6671
6899
5808
4872
3989
2850
1751
1117
1221
660
253
-499
-1823
-3649
-5470
-6914
-8663
-10052
-10738
-10481
-9812
-8787
-7302
-6040
-5036
-3746
-2608
-1501
-519
894
2484
3849
5172
6073
6372
5974
5238
4222
2954
1693
937
785
1112
2133
3532
5213
6826
8426
10110
11426
12459
13693
13345
11133
8668
4954
635
-4514
-8617
-12402
-15069
-15598
-14321
-11714
-9191
-5189
-1259
1973
4139
5396
5969
5240
4514
3961
3239
2250
1613
1725
1177
481
-458
-1950
-3859
-5715
-7162
-8753
-10249
-10900
-10622
-9870
-8715
-7094
-5310
-3840
-2638
-1446
-426
43
884
1690
2675
3426
4127
4791
4865
4686
4039
3306
2190
1486
1113
1111
1609
2589
4201
5901
7705
9634
11307
12802
13900
14920
13839
11366
8394
4099
-647
-6080
-10229
-14052
-16325
-16593
-15027
-12513
-9816
-5607
-1711
1335
3524
5132
5785
5260
5059
4673
3926
2985
2427
2213
1218
267
-1008
-2581
-4577
-6393
-7717
-9376
-10487
-10876
-10442
-9473
-8178
-6278
-4490
-2744
-1208
162
1048
1532
2125
2566
2967
3222
3611
3754
3654
3484
3039
2448
1660
1065
812
672
876
1733
2982
4470
6263
8515
10609
12650
14627
16182
16131
14109
11204
6911
1818
-3937
-9081
-13546
-16945
-17887
-16979
-14666
-11869
-7891
-3629
-63
2739
4597
5662
5475
5235
4929
4195
3186
2397
2071
1364
441
-592
-2087
-3943
-5763
-7112
-8506
-9791
-10113
-9819
-8860
-7506
-5677
-4064
-2441
-1086
173
1076
1148
1795
1882
2237
2504
2849
3287
3293
3384
3203
2737
1886
1180
559
90
-18
194
1188
2326
4091
5980
8034
10246
12119
14164
15533
15850
13999
11645
7836
3133
-2069
-7222
-11553
-15227
-16659
-16450
-14753
-12542
-9035
-4917
-1360
1511
3483
4641
4750
4488
4079
3225
2007
1044
690
165
-493
-1159
-2065
-3194
-4417
-5429
-6671
-7862
-8372
-8201
-7554
-6666
-5548
-4096
-2885
-1492
-162
673
1259
1649
2303
2729
3166
3446
3774
3783
3592
3431
2837
2124
1316
840
641
671
1099
1785
2685
3798
5113
6256
7339
8290
9418
10470
11202
11792
10631
8995
6419
3010
-979
-5395
-9097
-12683
-14590
-15201
-14118
-12324
-9739
-6008
-2676
332
2383
3828
4139
3747
3230
2199
1036
-294
-766
-1002
-1280
-1340
-1564
-1834
-2505
-2969
-3663
-4553
-5183
-5410
-5118
-4741
-4152
-3194
-2357
-1318
-444
338
832
1080
1595
2031
2518
2714
3098
3270
3321
3198
2873
2386
1643
1215
955
759
921
1267
1914
2787
3737
4745
5573
6498
7301
8401
9084
9789
9265
7929
6257
3358
363
-3464
-6786
-10127
-12290
-13121
-12822
-11470
-9743
-6645
-3806
-1143
861
2180
2765
2492
2328
1635
795
-18
-215
-23
-31
292
247
124
-285
-700
-1332
-2453
-3220
-3816
-3947
-3927
-3571
-3169
-2689
-1909
-1327
-762
-725
-527
-321
-142
321
709
1250
1939
2700
3358
3676
3580
3362
2965
2443
1856
1280
940
859
1050
1649
2385
3089
4081
5223
6348
7498
8294
9192
8711
7594
5905
3141
144
-3569
-6516
-9434
-11410
-12195
-11759
-10594
-9039
-6353
-3892
-1612
45
1302
2012
1882
1834
1538
994
423
340
587
583
776
890
938
613
212
-237
-1060
-1856
-2535
-2833
-3169
-3210
-2924
-2557
-1878
-1583
-877
-564
-389
2
42
619
694
1312
1950
2449
2921
2941
2997
2411
1826
960
119
-806
-1461
-1470
-1287
-731
-5
1176
2416
3627
5186
6335
7595
8495
9265
9615
8409
7172
4864
2258
-921
-4160
-7021
-9723
-11011
-11382
-10577
-9584
-7524
-4932
-2533
-249
1239
2327
2421
2290
2108
1384
662
89
259
397
676
1020
1178
1163
905
700
-129
-1111
-1987
-2585
-2990
-3234
-2967
-2463
-1818
-860
-290
329
367
507
471
-34
-105
-600
-465
-488
-306
-151
-284
-245
-425
-601
-1078
-1289
-1416
-1232
-762
-126
808
1437
2395
3229
4039
4679
5239
5959
6422
7027
7403
7702
6970
6090
4650
2695
464
-2234
-4336
-6571
-7873
-8328
-7991
-7201
-5894
-3919
-2046
-345
792
1657
1836
1560
1282
661
-97
-805
-1011
-1041
-1024
-761
-413
-58
144
459
525
285
71
-73
-143
-290
-279
-101
74
162
332
158
-352
-910
-1772
-2421
-3403
-3952
-4108
-4163
-3617
-3043
-2149
-1451
-738
-80
205
243
195
240
217
435
764
1320
1832
2516
3332
3928
4569
5013
5662
5864
6253
6427
6526
6449
5750
5281
3852
2614
885
-810
-2460
-4112
-4909
-5547
-5405
-5143
-4240
-3253
-2239
-1182
-691
-285
-433
-499
-762
-1222
-1442
-1741
-1521
-1303
-795
-267
206
791
1224
1688
1780
1766
1505
1215
818
353
-107
-612
-954
-1246
-1460
-1623
-1961
-2192
-2718
-3208
-3762
-4495
-4736
-5129
-4853
-4470
-3680
-2508
-1479
-171
752
1537
1906
1980
1860
1520
1202
957
988
1096
1547
2189
2867
3601
4099
4645
4895
4998
5006
4807
4516
4112
3759
3325
2652
1927
1189
389
-346
-1050
-1540
-1954
-2048
-1857
-1553
-1224
-937
-562
-359
-313
-461
-720
-1062
-1356
-1471
-1521
-1469
-1290
-867
-387
56
440
720
873
859
762
448
31
-425
-810
-1175
-1596
-1867
-2065
-2127
-2135
-2129
-2086
-2123
-2042
-2023
-2009
-2199
-2301
-2283
-2257
-1944
-1808
-1295
-948
-408
158
361
622
425
385
81
-237
-496
-755
-722
-644
-231
142
640
1145
1682
2234
2589
2992
3188
3399
3467
3518
3473
3287
3138
2919
2804
2595
2488
2348
2191
2032
1845
1650
1344
1022
691
443
205
67
-3
-88
-99
-146
-205
-358
-662
-916
-1247
-1543
-1785
-2038
-2144
-2220
-2191
-2102
-2072
-2058
-2035
-1991
-1939
-1858
-1788
-1596
-1357
-1045
-675
-444
-242
-208
-234
-397
-721
-1101
-1525
-1845
-2112
-2188
-2209
-2090
-1874
-1636
-1274
-1040
-754
-551
-350
-98
139
435
697
1016
1306
1637
1856
1997
2052
1997
1955
1835
1725
1621
1519
1481
1529
1602
1680
1713
1744
1818
1856
1915
1941
1929
1963
2012
2063
2059
1939
1793
1603
1345
1055
660
271
-80
-379
-598
-789
-943
-1036
-1058
-1055
-1056
-1137
-1228
-1320
-1394
-1439
-1534
-1608
-1673
-1671
-1636
-1612
-1634
-1662
-1665
-1648
-1590
-1601
-1581
-1584
-1542
-1468
-1446
-1434
-1465
-1414
-1330
-1174
-1000
-814
-554
-272
60
340
567
703
810
870
872
811
626
490
307
196
85
-59
-124
-176
-94
-7
131
271
455
730
1017
1333
1572
1821
2001
2163
2237
2164
2031
1784
1576
1320
1087
864
653
564
494
490
433
377
325
267
245
184
132
60
48
24
-18
-92
-246
-380
-584
-742
-950
-1179
-1360
-1550
-1623
-1710
-1729
-1703
-1624
-1440
-1211
-921
-649
-338
-65
212
414
520
588
526
485
353
205
24
-191
-367
-564
-737
-907
-1032
-1104
-1081
-988
-817
-551
-240
158
546
920
1281
1524
1713
1807
1816
1737
1597
1422
1204
1017
843
709
596
509
425
343
257
152
26
-95
-240
-355
-453
-547
-600
-640
-662
-683
-688
-704
-707
-757
-781
-812
-823
-813
-770
-679
-519
-332
-89
181
402
678
857
1032
1115
1119
1076
976
833
664
464
228
4
-261
-515
-785
-1079
-1330
-1585
-1753
-1873
-1927
-1868
-1768
-1524
-1241
-849
-461
-23
391
802
1174
1422
1659
1725
1806
1744
1636
1475
1258
1065
840
696
519
420
313
252
219
156
135
27
-51
-205
-378
-590
-831
-1027
-1232
-1336
-1448
-1460
-1466
-1393
-1286
-1158
-973
-808
-569
-343
-39
242
563
855
1127
1380
1512
1628
1600
1549
1392
1210
993
745
527
297
125
-85
-199
-378
-512
-681
-838
-970
-1153
-1254
-1392
-1411
-1420
-1345
-1218
-1039
-780
-543
-242
-4
269
472
618
753
763
795
699
665
561
512
503
529
665
772
1001
1142
1324
1373
1368
1247
1018
737
360
10
-353
-642
-870
-1046
-1129
-1185
-1180
-1162
-1126
-1056
-1013
-892
-785
-576
-383
-132
108
364
587
736
848
863
834
732
612
444
303
164
70
-19
-52
-102
-108
-161
-188
-255
-345
-428
-525
-574
-642
-639
-658
-611
-576
-499
-422
-345
-271
-208
-143
-98
-79
-62
-71
-61
-71
-42
28
104
255
396
593
737
913
1013
1078
1083
1026
941
810
681
515
387
270
174
104
62
29
14
5
7
2
5
-4
5
-3
-16
-35
-74
-109
-170
-224
-283
-353
-405
-450
-455
-450
-430
-383
-361
-306
-304
-274
-301
-318
-353
-400
-411
-445
-404
-399
-325
-265
-188
-106
-56
29
35
59
36
14
-18
-73
-96
-156
-152
-170
-135
-103
-68
2
22
77
75
79
62
39
33
21
65
101
190
277
370
492
558
660
689
745
736
737
736
688
674
589
555
459
389
283
169
78
-43
-118
-208
-239
-256
-251
-210
-175
-111
-75
-31
-13
-34
-47
-109
-157
-240
-305
-376
-453
-497
-562
-583
-629
-645
-651
-644
-611
-600
-542
-515
-441
-378
-300
-199
-94
50
155
317
411
521
568
558
510
379
229
24
-156
-338
-465
-539
-564
-509
-428
-300
-143
3
163
278
402
492
580
665
715
790
821
861
848
811
748
632
512
358
231
95
11
-59
-91
-72
-51
2
22
45
37
6
-51
-125
-212
-314
-387
-457
-514
-559
-575
-578
-562
-527
-476
-429
-364
-317
-254
-200
-146
-86
-46
47
109
202
291
387
466
502
526
485
420
297
154
-16
-177
-331
-464
-526
-576
-572
-536
-491
-443
-390
-335
-299
-254
-211
-153
-71
7
122
220
331
423
471
501
474
460
397
345
293
258
259
256
307
323
371
383
381
349
268
193
72
-25
-150
-238
-318
-375
-392
-396
-345
-312
-228
-159
-88
-8
32
92
109
138
165
183
225
234
278
294
325
325
312
286
207
157
45
-43
-162
-252
-313
-373
-363
-384
-331
-329
-301
-283
-297
-291
-339
-336
-379
-379
-382
-350
-282
-218
-97
3
118
186
248
274
262
248
193
174
143
116
100
68
63
27
6
-32
-82
-122
-173
-208
-261
-254
-250
-216
-166
-112
-30
21
76
85
110
105
105
113
123
167
207
279
340
427
506
585
656
710
750
740
708
633
548
422
310
190
51
-54
-166
-238
-316
-374
-412
-436
-442
-457
-449
-466
-463
-465
-464
-431
-389
-309
-256
-179
-122
-91
-75
-91
-97
-161
-192
-244
-277
-276
-274
-215
-182
-82
-17
59
116
137
177
157
176
148
154
134
102
87
29
-2
-82
-123
-189
-238
-254
-278
-233
-203
-119
-22
73
202
318
450
536
622
670
689
691
664
632
553
482
373
270
153
40
-39
-112
-143
-183
-200
-216
-233
-246
-270
-278
-293
-276
-264
-237
-195
-160
-118
-107
-90
-102
-124
-170
-228
-290
-342
-365
-376
-339
-279
-191
-91
16
107
177
257
290
321
317
305
278
219
167
70
-2
-95
-167
-227
-279
-287
-300
-252
-201
-117
-29
73
191
275
359
393
430
426
410
377
310
256
164
93
0
-91
-161
-223
-238
-260
-248
-237
-214
-185
-186
-158
-182
-170
-181
-187
-172
-185
-152
-141
-87
-65
-4
39
53
91
64
81
59
78
80
95
136
151
201
208
249
265
286
300
296
299
269
256
215
173
136
92
54
4
-42
-91
-141
-173
-198
-196
-189
-174
-140
-106
-77
-49
-28
-10
11
2
0
-20
-67
-115
-170
-219
-272
-310
-352
-363
-379
-379
-372
-356
-323
-284
-216
-172
-100
-55
1
54
84
121
140
174
180
207
210
202
203
191
196
191
202
188
186
197
190
199
188
211
216
228
236
223
230
193
183
138
116
81
47
23
-19
-23
-53
-60
-77
-75
-68
-71
-56
-49
-36
-38
-20
5
42
69
95
117
124
131
122
114
76
59
7
-31
-87
-148
-207
-285
-325
-407
-452
-511
-535
-551
-554
-528
-501
-434
-365
-268
-192
-93
-8
82
153
217
273
307
354
363
389
387
381
367
347
317
283
250
211
182
148
131
106
96
79
80
62
62
41
15
-4
-43
-54
-90
-102
-125
-117
-129
-120
-103
-98
-73
-70
-33
-32
6
22
53
79
104
139
139
169
156
153
110
85
31
-24
-82
-152
-192
-257
-285
-338
-356
-373
-383
-375
-353
-317
-279
-215
-156
-67
15
98
183
240
296
336
368
371
361
348
319
283
241
200
152
108
71
28
-8
-46
-78
-104
-113
-125
-125
-116
-116
-105
-117
-112
-125
-138
-149
-162
-175
-197
-195
-197
-189
-177
-145
-116
-72
-33
4
61
92
130
159
181
206
219
217
205
194
169
140
99
46
8
-40
-75
-99
-116
-112
-105
-96
-90
-62
-37
-8
23
43
72
96
144
162
195
225
249
266
271
292
287
290
260
250
225
197
169
129
107
50
15
-49
-101
-164
-223
-279
-330
-370
-414
-432
-474
-485
-504
-504
-506
-503
-484
-470
-423
-381
-319
-267
-192
-120
-43
29
92
167
213
259
284
316
321
321
314
290
268
231
208
166
140
121
109
101
108
126
156
188
218
257
291
313
331
338
331
325
304
274
233
192
145
106
74
36
4
-34
-54
-83
-99
-102
-106
-96
-90
-82
-67
-61
-61
-55
-73
-99
-130
-169
-210
-264
-313
-365
-414
-463
-508
-531
-551
-552
-544
-526
-482
-423
-363
-294
-204
-117
-26
50
128
189
232
272
284
287
282
279
260
232
209
194
186
197
206
218
236
265
289
313
338
357
373
374
368
341
311
275
228
178
124
71
15
-35
-75
-116
-149
-160
-170
-167
-151
-134
-109
-81
-57
-37
-24
-15
-8
-14
-30
-57
-88
-119
-171
-218
-261
-305
-346
-377
-392
-404
-406
-397
-365
-319
-275
-208
-142
-81
-12
44
105
158
193
224
239
248
242
226
194
165
135
102
80
59
41
30
31
40
53
74
85
103
123
137
144
151
146
144
137
127
112
91
77
53
41
35
22
12
11
9
4
-2
-14
-21
-29
-46
-58
-70
-87
-105
-111
-120
-135
-153
-163
-175
-178
-178
-178
-172
-165
-154
-137
-123
-105
-82
-50
-13
11
51
86
120
148
164
185
195
199
205
200
184
174
142
115
97
72
54
36
24
3
-13
-28
-29
-41
-59
-62
-77
-88
-99
-115
-119
-119
-124
-123
-123
-111
-103
-81
-63
-46
-20
2
19
29
38
48
47
41
37
26
21
3
3
-4
-10
-8
-13
-11
-10
-12
-18
-30
-40
-37
-43
-54
-61
-61
-60
-56
-43
-25
-1
25
58
83
105
133
154
174
187
197
202
201
199
191
187
179
170
153
131
114
86
62
34
-11
-47
-90
-125
-162
-187
-207
-232
-244
-250
-237
-220
-199
-170
-137
-106
-76
-56
-34
-25
-23
-16
-19
-22
-26
-22
-20
-15
-6
13
26
45
58
66
87
100
105
105
105
94
81
67
44
16
-6
-23
-34
-43
-49
-46
-32
-20
0
13
26
48
64
84
94
102
123
126
140
140
139
136
131
129
112
97
72
37
-1
-42
-85
-126
-160
-191
-209
-216
-227
-228
-227
-211
-189
-162
-135
-119
-98
-76
-74
-70
-67
-69
-59
-54
-50
-31
-9
9
42
74
107
148
175
202
225
234
232
225
206
182
149
104
68
40
7
-22
-36
-49
-54
-54
-41
-30
-14
-1
6
16
22
31
26
27
25
15
8
5
5
4
0
-3
-4
-15
-22
-25
-40
-58
-69
-75
-90
-102
-109
-111
-114
-118
-115
-110
-105
-110
-113
-116
-120
-121
-127
-127
-120
-114
-103
-82
-62
-30
9
45
88
134
174
214
243
261
265
259
248
221
192
159
118
78
43
16
-12
-30
-33
-39
-36
-35
-21
-14
-5
10
11
8
4
-5
-16
-30
-44
-55
-67
-76
-78
-86
-82
-81
-78
-69
-62
-53
-42
-28
-27
-18
-10
-3
1
-4
-2
-1
-5
-16
-27
-38
-47
-65
-82
-102
-120
-128
-140
-137
-129
-114
-93
-66
-31
1
40
77
116
149
172
191
201
202
198
177
156
133
106
80
50
27
14
2
-6
-10
-8
-7
-6
6
14
15
15
17
18
11
1
-11
-24
-38
-55
-67
-71
-82
-86
-89
-85
-77
-75
-67
-56
-46
-37
-25
-15
-11
0
10
12
14
16
17
14
4
-14
-24
-34
-44
-55
-77
-80
-89
-91
-85
-85
-68
-53
-36
-13
12
34
56
82
98
117
131
134
132
127
119
106
95
82
71
63
53
43
35
34
35
36
38
33
36
34
28
27
18
8
-5
-17
-28
-36
-45
-50
-62
-71
-72
-73
-71
-72
-70
-68
-56
-50
-42
-34
-28
-21
-15
-7
-7
0
5
7
11
4
0
-2
-8
-12
-17
-27
-36
-44
-50
-50
-49
-41
-30
-27
-18
-5
7
23
34
42
51
54
60
62
66
69
65
70
65
57
52
52
49
41
44
46
37
35
33
25
19
16
9
2
-2
-10
-12
-17
-20
-20
-27
-27
-26
-26
-30
-35
-31
-29
-30
-28
-28
-28
-30
-34
-34
-37
-43
-42
-35
-34
-25
-19
-12
-6
1
6
11
13
11
13
7
5
-2
-5
-9
-15
-15
-14
-14
-12
-9
-5
1
1
5
10
16
19
25
28
35
38
36
40
39
37
34
31
29
23
18
11
6
1
-3
-5
-12
-16
-20
-20
-18
-19
-18
-14
-11
-8
-3
2
7
7
9
7
7
3
-1
-3
-5
-9
-15
-22
-29
-30
-28
-24
-22
-21
-18
-10
-9
-6
-3
-1
3
7
14
15
15
21
22
21
17
22
20
15
14
7
6
1
-1
-3
-5
-7
-9
-9
-9
-3
0
1
3
3
3
7
10
13
16
15
11
11
12
12
9
3
0
-2
-3
-5
-11
-8
-8
-11
-9
-14
-13
-9
-9
-5
-4
0
1
6
7
6
11
13
14
16
13
7
7
5
1
-6
-8
-2
-3
2
-1
2
1
-1
4
2
7
11
11
14
13
13
13
12
15
14
12
12
9
5
2
-4
-8
-11
-12
-12
-12
-13
-13
-13
-8
-7
-1
4
7
11
17
21
21
21
21
21
19
16
11
4
4
-1
-7
-10
-17
-17
-22
-23
-27
-32
-29
-30
-32
-28
-29
-25
-19
-19
-20
-17
-15
-14
-14
-14
-10
-6
-5
-4
-4
-9
-6
-6
-4
-2
1
1
-2
3
5
8
6
6
9
10
11
12
13
13
11
9
11
7
2
-2
-1
-1
0
-1
-2
6
7
10
14
17
22
24
24
31
33
37
35
35
41
39
41
40
36
34
29
24
17
13
6
1
-7
-16
-24
-31
-37
-44
-53
-56
-56
-59
-63
-62
-59
-55
-53
-51
-47
-45
-42
-39
-37
-34
-28
-22
-18
-12
-6
-1
0
5
9
12
16
17
18
24
26
27
28
28
27
27
27
24
23
17
16
13
13
12
12
10
7
8
9
12
12
12
16
15
19
21
23
26
27
34
35
36
38
35
35
33
32
31
28
28
24
20
14
10
5
-2
-7
-15
-21
-27
-36
-40
-49
-52
-55
-58
-57
-58
-59
-57
-57
-54
-50
-47
-45
-42
-39
-34
-28
-21
-12
-11
-5
0
4
8
12
18
16
18
21
21
24
27
26
26
28
27
27
27
28
28
27
26
24
19
17
17
18
17
15
14
13
12
14
11
12
14
14
16
13
12
14
15
17
19
19
21
22
22
20
18
16
12
8
7
4
1
-3
-7
-7
-14
-17
-21
-25
-28
-29
-30
-32
-33
-35
-36
-34
-38
-38
-38
-38
-36
-34
-32
-32
-31
-25
-19
-17
-13
-7
-3
2
7
12
17
20
22
24
24
24
25
24
21
19
17
16
14
12
13
11
7
6
7
5
2
4
4
4
5
5
5
7
7
6
5
4
2
2
1
1
-2
-4
-5
-6
-6
-9
-8
-8
-6
-4
-1
1
2
10
9
9
9
11
12
8
5
4
2
-1
-5
-10
-15
-19
-19
-21
-22
-24
-27
-27
-28
-29
-26
-25
-21
-20
-17
-12
-6
-3
-1
3
4
8
12
13
13
15
19
22
19
19
19
19
17
18
14
12
10
6
2
1
-2
-6
-8
-14
-15
-19
-18
-20
-21
-21
-21
-19
-17
-15
-13
-9
-4
-1
3
7
6
9
13
15
18
19
19
18
17
17
15
12
9
9
7
5
4
2
5
2
1
0
-3
0
-3
-3
-3
-5
-6
-6
-9
-9
-9
-9
-11
-10
-11
-8
-6
-8
-8
-8
-5
-3
-1
4
8
11
14
17
20
22
23
24
23
22
20
17
12
9
5
-1
-6
-11
-13
-16
-19
-21
-23
-26
-26
-24
-24
-19
-15
-11
-8
-6
-1
0
5
10
11
16
14
14
18
14
16
17
15
17
16
16
14
12
10
7
6
2
2
0
-1
-6
-7
-11
-14
-12
-14
-14
-15
-16
-16
-16
-13
-11
-9
-10
-7
-4
-1
3
5
7
9
9
7
7
9
7
7
7
5
6
6
3
2
2
0
0
-3
-4
-1
-3
-3
-3
-1
0
-1
0
-2
-2
-3
-3
-3
-4
-6
-5
-5
-8
-10
-10
-10
-9
-8
-4
-3
-2
0
3
5
10
12
10
12
11
12
11
8
9
7
7
2
1
-1
-4
-4
-6
-6
-7
-7
-8
-10
-7
-7
-5
-4
-2
0
1
5
3
4
5
6
6
3
3
3
3
3
2
1
0
-1
-1
-1
-1
0
0
0
0
-2
1
4
4
2
3
5
3
3
1
2
4
4
4
3
0
1
2
1
0
1
1
0
-1
0
-2
-2
-1
-3
-3
-3
-2
-2
0
0
2
4
3
5
3
3
3
3
4
5
3
3
4
4
1
0
2
0
4
3
1
3
4
3
1
1
1
-1
0
2
1
0
-4
-3
-3
-4
0
0
1
0
2
0
0
2
1
0
-2
-3
-3
-1
-1
-1
-2
-3
-3
-2
-3
-5
-3
-5
-6
-6
-5
-5
-6
-5
-4
-4
-4
-3
-2
-3
-4
-7
-6
-5
-8
-7
-8
-7
-4
-5
-2
-2
-2
-2
0
0
0
0
-1
4
2
7
6
6
6
8
9
7
10
9
9
8
9
9
8
10
12
11
9
10
6
5
7
4
8
8
7
7
4
5
2
6
2
3
1
0
1
-2
-1
-6
-4
-9
-9
-6
-10
-11
-14
-12
-15
-14
-14
-13
-17
-15
-14
-17
-17
-18
-15
-18
-13
-16
-14
-11
-12
-6
-10
-7
-10
-8
-7
-6
-5
-4
-4
-3
-2
0
-1
-1
4
0
5
2
6
5
5
10
4
11
8
15
12
14
17
17
20
15
19
16
17
14
15
14
14
14
12
15
12
14
6
12
5
6
8
3
11
1
9
2
3
0
-3
-1
-7
-1
-7
-4
-7
-10
-7
-12
-12
-13
-13
-12
-14
-10
-14
-13
-13
-17
-14
-17
-14
-14
-15
-12
-16
-12
-13
-13
-10
-11
-9
-9
-9
-6
-8
-2
-5
0
2
-2
6
0
6
4
5
10
6
15
10
12
11
11
14
11
14
13
13
15
14
19
14
17
19
13
19
11
17
13
15
17
11
16
8
16
11
12
12
10
12
6
7
6
6
4
4
-3
2
-5
-1
-5
-7
0
-12
1
-15
-10
-14
-18
-15
-26
-17
-29
-24
-29
-26
-24
-30
-18
-24
-18
-20
-21
-20
-20
-16
-11
-12
-4
-7
-3
3
1
10
4
11
11
13
18
17
18
19
24
23
24
29
23
28
24
22
30
20
28
19
24
26
18
25
16
21
15
16
22
15
21
17
18
18
17
19
13
20
15
16
15
7
17
10
8
12
3
2
-2
-4
-1
-9
-12
-14
-15
-18
-29
-18
-34
-30
-39
-38
-30
-49
-37
-48
-39
-50
-48
-39
-48
-37
-47
-29
-34
-40
-26
-34
-17
-30
-17
-14
-20
-7
-10
5
-6
-3
1
10
2
7
8
11
7
9
13
11
10
2
20
3
7
0
0
5
-17
10
-6
0
-9
-5
12
-5
4
-4
9
3
1
13
11
5
8
7
20
9
13
10
16
19
5
26
-3
20
-1
3
15
-15
11
-12
-1
-5
-9
-10
-23
-10
-31
-9
-35
-25
-25
-37
-14
-34
-16
-30
-29
-12
-20
-13
-11
-8
0
3
3
16
16
11
27
27
24
39
22
40
39
27
47
35
29
39
38
39
36
29
34
33
22
29
33
17
21
22
23
26
4
20
17
12
14
13
23
7
9
25
28
15
14
26
23
24
18
25
31
1
26
19
15
16
-6
22
3
0
-9
5
-16
-18
-9
-26
-5
-47
-21
-24
-41
-32
-51
-33
-54
-45
-44
-44
-47
-53
-30
-51
-32
-44
-29
-27
-40
-9
-26
-13
-27
-12
-10
-5
-10
0
8
-5
14
3
20
9
13
17
18
17
-1
7
-4
-2
-12
-4
-13
-11
-12
-9
-1
-19
-9
-16
-14
-9
-10
-18
-15
-22
-11
-18
-14
-2
-8
5
11
17
15
15
12
24
26
8
27
8
6
25
-13
16
-3
-5
0
6
-7
5
2
-25
9
-32
-4
-18
-33
-18
-14
-17
-29
-11
-36
-12
-24
-19
-8
-17
-2
-12
13
-2
8
6
14
21
21
34
18
50
-6
37
38
2
32
21
31
31
8
22
26
9
1
46
-3
18
24
-19
32
-18
2
4
-25
4
1
2
-4
3
0
-1
11
5
8
14
24
21
28
22
20
36
-9
32
25
5
2
6
1
-10
-5
-26
13
-22
-2
21
-5
10
-1
2
-3
-11
-27
-8
-32
-41
-16
-47
-28
-19
-49
8
-5
11
12
-4
43
2
24
-17
16
23
-28
0
12
-4
-12
-3
-7
27
-9
7
30
-2
13
23
0
-13
8
5
-10
-9
-17
17
-42
-11
-9
-28
4
-32
9
-10
4
16
-17
9
18
14
-1
18
20
22
-22
0
35
-41
-3
-6
-1
2
-6
-9
16
-4
-16
27
-13
10
5
-2
5
1
-24
-14
-18
-10
-16
-11
-2
-8
-7
7
-8
7
13
-3
37
5
43
11
30
9
17
7
16
-5
-11
10
-27
10
-32
-6
-7
-29
3
12
32
-1
12
32
-22
5
-32
-14
-4
-37
-2
-30
-3
-33
-12
-3
-11
26
13
20
27
40
-4
12
18
-8
-3
-13
-16
-1
-20
-33
21
-21
9
32
-16
7
21
-9
-10
-27
-23
10
-35
0
4
-24
-6
-1
-16
4
-17
3
-6
-14
47
-8
-13
16
0
22
-25
-14
27
-14
37
2
-13
21
10
-7
-11
22
2
-10
-17
11
2
-4
-38
-4
1
-1
31
3
11
2
35
-26
4
-34
8
-13
-35
45
-31
42
-30
3
4
6
35
-27
27
5
50
24
-18
28
-30
4
-13
-27
-37
-18
-27
-33
30
-32
75
4
34
40
-15
-1
-57
-18
-21
20
-15
-42
10
-22
-31
24
-7
51
36
-11
34
7
-4
29
12
-4
7
-38
-29
-39
-38
2
-15
16
54
22
45
10
14
57
0
-26
-32
-77
-38
-14
-6
14
26
37
9
-11
5
43
18
3
39
35
-8
-65
21
-74
-39
31
-34
44
4
6
45
-22
30
106
-7
33
19
-4
-5
-97
-47
-60
-25
27
16
-3
42
58
46
-11
38
26
-18
0
-21
20
-65
5
-39
-42
-19
-19
27
46
82
52
19
8
10
2
-36
-63
-5
64
-21
-54
-31
-63
26
6
13
90
3
66
43
2
24
6
-20
-57
-17
-107
11
-32
15
55
18
182
65
-5
8
10
-18
-14
-6
-15
28
-43
17
-28
-107
-15
-39
-5
-13
96
-2
27
51
-67
-10
-86
-40
-106
-67
-61
-11
-7
-23
53
-14
-30
68
3
-59
83
-15
87
-47
-135
-62
-34
-44
21
70
61
138
-5
6
31
-44
57
26
27
-17
-68
-64
-4
-75
-51
-41
-52
77
-41
70
-37
59
76
-37
4
-47
-36
-74
-16
-9
-22
23
-12
40
-76
10
62
-12
103
-90
59
22
61
27
-3
28
-26
22
-11
26
-44
62
1
21
13
-37
-49
-120
34
-37
93
-33
66
23
-120
-71
-53
-67
17
64
-4
54
-57
39
-76
-104
13
-4
9
41
69
89
126
108
205
17
36
15
12
-49
-196
32
-60
-90
-63
-41
-93
12
-101
112
-5
-21
149
-48
22
7
85
-7
-13
-38
62
-89
-110
41
-99
-84
-41
20
-4
78
90
80
80
-21
36
-46
-45
139
43
30
-63
-74
-18
-12
59
145
76
40
94
47
117
181
97
182
23
75
81
-107
63
-90
60
12
43
32
38
48
-41
60
-166
34
-129
31
-109
-168
-39
-313
44
-165
-106
-26
-45
85
-29
6
-40
-93
-134
-54
-89
-104
-12
-85
-23
-130
7
5
-24
-47
35
31
-114
32
-73
-114
-131
16
142
97
311
79
14
-71
-51
48
-102
-4
-37
26
-152
12
119
-16
204
114
116
93
20
66
38
-60
70
104
-57
3
-4
-82
-73
-122
-76
-12
-190
170
98
49
125
-42
-54
-61
-285
-568
-234
-478
-337
-180
-608
-1205
-928
-1178
-819
-169
-25
965
967
1112
1271
981
745
661
471
185
155
-218
-106
-197
-201
-96
-116
-52
-61
31
23
118
-18
-15
13
126
-37
-104
-59
-98
-12
-116
-41
83
84
83
249
170
416
456
427
322
66
-254
-560
-405
-429
-191
30
245
392
289
335
191
123
88
128
151
85
138
-1
61
-22
-92
-157
-225
-89
-2
29
224
254
109
112
4
-19
-197
-242
-305
-247
-137
-156
8
-35
115
91
10
13
-108
-97
-254
-235
-210
-162
-127
-43
135
49
235
173
210
214
185
204
129
82
1
-86
-199
-140
-151
-160
-174
-165
-102
-180
-165
-109
-26
45
57
137
109
100
74
6
-42
-220
-228
-172
-191
-138
-52
2
4
45
-30
19
-28
-31
41
52
115
141
135
71
5
-96
-201
-247
-193
-178
-158
-143
-153
-122
-116
-82
14
74
52
184
162
181
227
141
113
31
9
-45
-96
-133
-85
-88
-49
13
12
112
77
154
128
55
84
55
20
-28
-82
-85
-63
-90
57
135
228
316
312
303
241
165
62
27
-109
-113
-168
-194
-131
-130
-98
-52
-19
50
95
49
100
28
-28
-77
-98
-171
-228
-222
-233
-205
-245
-215
-229
-237
-221
-210
-203
-171
-103
-108
-87
-103
-66
-42
-63
-26
5
53
73
110
107
106
120
97
146
135
175
213
270
326
400
489
560
636
688
816
861
916
950
1007
1044
1019
1028
972
956
1009
1051
1105
1243
1349
1433
1471
1537
1512
1264
758
118
-732
-1799
-2796
-3750
-4458
-4854
-4868
-4531
-3866
-3065
-2151
-1271
-559
-14
235
302
174
-75
-388
-764
-1096
-1377
-1546
-1655
-1658
-1486
-1225
-844
-420
131
680
1153
1578
1830
1950
1925
1880
1766
1605
1567
1595
1755
2062
2499
3047
3594
4089
4506
4812
5063
5155
5297
5301
4390
3057
1205
-1094
-3767
-6477
-8338
-9772
-10179
-9490
-7450
-5034
-2367
595
3073
4821
5545
5642
4828
3377
1878
353
-991
-2278
-2939
-3293
-3463
-3599
-3673
-3659
-4331
-4336
-4306
-3816
-2955
-1852
-189
1102
2324
3123
3514
3050
2254
1325
183
-746
-1532
-1688
-1744
-1456
-826
-141
545
1142
1915
2605
3290
3918
4641
5117
5437
5650
5763
5774
5878
6132
6748
6334
4976
3286
579
-2627
-6523
-9226
-11616
-12972
-12783
-10663
-7438
-4132
23
3809
6686
8112
8672
8117
6223
4191
2112
196
-1810
-3095
-3719
-4336
-4715
-4883
-4878
-5472
-5685
-5712
-5508
-4938
-4006
-2300
-758
903
2456
3484
3836
3622
3080
2106
951
-101
-814
-1472
-1850
-1743
-1477
-1026
-390
436
1299
2093
2904
3662
4324
4734
5180
5349
5448
5444
5715
6043
6627
7488
6376
5004
2352
-886
-5154
-9251
-11912
-14236
-14431
-12983
-9013
-5076
-517
4236
7956
10139
10598
10294
8188
5433
2762
330
-1882
-3857
-4673
-5360
-5847
-6243
-6211
-6229
-6463
-5973
-5208
-4326
-3251
-1803
-324
904
2041
2945
3364
3167
2861
2338
1432
551
-237
-956
-1680
-2126
-2200
-2073
-1707
-998
3
993
1998
3009
3905
4526
4966
5269
5427
5392
5535
5792
6240
6795
7957
7488
5670
3274
-373
-4527
-9540
-12322
-14592
-15016
-13410
-9284
-4303
241
5336
9132
11330
11345
10426
8139
4704
1761
-782
-2771
-4715
-5578
-5869
-6390
-6731
-6879
-6738
-6830
-6105
-4853
-3343
-1817
-243
1266
2067
2631
2789
2451
1881
1311
906
373
-84
-393
-698
-1178
-1559
-1703
-1825
-1580
-1054
-159
825
1885
2929
3721
4200
4549
4775
4819
4896
5028
5530
5944
6767
7569
8865
7699
5514
2398
-1975
-6677
-11635
-13810
-15556
-14734
-11994
-6721
-1497
3195
8006
10842
11906
10872
9230
6180
2568
-105
-2315
-3898
-5592
-6089
-6521
-7196
-7626
-7711
-7392
-7005
-5359
-3232
-1055
896
2495
3352
3235
2631
1712
559
-555
-1136
-1264
-1250
-1104
-815
-685
-815
-1034
-1043
-1018
-697
-16
882
1905
2873
3691
4200
4456
4513
4614
4627
4810
5218
5781
6329
7025
7596
8616
7658
4903
1774
-2620
-7125
-11978
-14108
-15259
-14468
-11614
-6576
-1020
3306
7675
10359
11363
10275
8539
5825
2380
-251
-2319
-3847
-5568
-6616
-7177
-8076
-8621
-8633
-7992
-7124
-5170
-2302
485
2987
4699
5481
4872
3425
1612
-506
-2261
-3308
-3217
-2733
-1783
-693
102
397
362
412
251
257
491
1048
1764
2462
3055
3347
3437
3378
3536
3679
4006
4672
5228
5985
6587
7314
7622
8245
6373
3436
-86
-4624
-8909
-13180
-14311
-14803
-12998
-9517
-3903
1270
5239
8975
10897
11113
9425
7372
4409
1125
-1338
-3202
-4702
-6538
-7598
-8442
-9294
-9522
-9023
-7711
-6017
-3079
295
3355
5710
7019
7081
5529
3062
251
-2560
-4732
-5704
-5345
-4241
-2743
-1051
367
1212
1677
1887
1719
1523
1497
1661
1968
2179
2471
2648
2755
2953
3236
3725
4146
4838
5380
5960
6249
6669
6686
7210
6321
3485
813
-3427
-7155
-11490
-13190
-13746
-12797
-9740
-5037
346
3985
7810
9953
10456
9069
7038
4409
1000
-1420
-3249
-4608
-6317
-7500
-8180
-8974
-9143
-8554
-7114
-5386
-2598
731
3747
6074
7370
7197
5504
2879
-145
-3045
-5525
-6619
-6379
-5297
-3514
-1507
323
1503
2290
2666
2562
2306
2101
1991
1967
2130
2271
2303
2337
2531
2888
3173
3591
4261
4941
5428
5866
6089
6286
6220
6901
5619
2737
-353
-4505
-8365
-12520
-13481
-13659
-12090
-8753
-3469
1760
5180
8534
9985
9920
7934
5794
2982
-147
-2277
-3796
-4980
-6687
-7690
-8392
-9017
-8893
-7754
-5904
-3878
-748
2640
5512
7276
7877
7220
5014
2391
-754
-3671
-6034
-7165
-6709
-5785
-3851
-1678
303
1936
3156
3896
3997
3808
3398
2997
2398
1913
1465
972
780
838
1176
1588
2285
3164
4132
4714
5478
5922
6413
6731
7658
7043
4065
989
-3537
-7743
-12223
-13797
-14083
-12937
-9504
-4350
1047
4359
7511
8943
8720
6947
4985
2705
-53
-1674
-2669
-3486
-5003
-6129
-6971
-8020
-8179
-7342
-5699
-3831
-747
2743
5631
7370
7973
7242
5116
2177
-790
-3661
-6109
-7025
-6849
-5670
-4030
-1908
121
1675
2937
3783
4107
3899
3573
3021
2380
1537
833
250
-128
-65
332
989
1789
2740
3797
4531
5161
5745
6032
6444
6819
7656
5565
2666
-1108
-5475
-9660
-13140
-13501
-13320
-10742
-6807
-1301
2658
5413
7642
8170
7460
5676
4197
2138
367
-747
-1640
-2994
-5061
-6498
-7988
-8983
-8929
-7538
-5536
-2822
798
4097
6362
7304
7239
5781
3250
473
-2020
-4254
-5587
-5730
-5019
-3814
-2250
-465
932
1996
2874
3345
3375
3105
2686
1972
1141
359
-193
-561
-520
-139
582
1515
2455
3366
4322
5022
5660
6109
6296
6561
6627
7005
4385
1361
-2645
-6840
-10714
-13383
-12993
-12273
-9240
-5305
-18
3354
5741
7469
7796
7116
5787
4719
2960
1360
-31
-1453
-3287
-5657
-7461
-9054
-9571
-8755
-6859
-4414
-1481
1808
4382
6104
6669
6246
4839
2617
511
-1731
-3512
-4607
-4979
-4392
-3602
-2279
-990
153
1217
2028
2502
2562
2324
1754
1057
279
-314
-634
-658
-269
344
1333
2395
3420
4363
5031
5474
5682
5720
5591
5632
5576
6077
3883
1054
-2392
-6402
-9673
-12159
-11561
-10700
-7810
-4233
476
3413
5116
6511
6646
6249
5233
4547
3051
1588
92
-1490
-3405
-5818
-7438
-8693
-8786
-7780
-5856
-3819
-1529
1057
3145
4619
5149
5026
4012
2419
839
-907
-2378
-3544
-3887
-3590
-3065
-2027
-1161
-340
445
1108
1414
1365
1130
850
506
185
173
236
416
856
1457
2205
2912
3572
4128
4362
4523
4529
4539
4323
4564
4757
5485
4738
2295
-271
-4128
-7075
-9816
-9932
-9213
-7302
-4432
-904
2064
3133
4255
4485
4451
3808
3407
2739
1674
569
-809
-2252
-4357
-5859
-6915
-7171
-6465
-5094
-3460
-2025
-114
1469
2712
3360
3683
3301
2255
1119
-322
-1513
-2606
-3006
-2860
-2603
-1825
-1194
-630
-149
187
298
192
144
171
198
158
354
542
839
1194
1576
2221
2890
3487
4084
4397
4616
4551
4488
4446
4506
4692
5115
5699
3602
1497
-1821
-5073
-7811
-9272
-8544
-7894
-5518
-3093
87
1054
1969
2775
3021
3213
3268
3634
2971
2198
984
-341
-2295
-4332
-5454
-6318
-6083
-5307
-4176
-3272
-2098
-620
457
1534
2313
2698
2265
1742
835
-189
-1176
-1826
-1745
-1883
-1409
-968
-746
-643
-585
-573
-862
-970
-790
-494
-235
314
873
1302
1612
2008
2542
2977
3458
3869
4179
4245
4454
4316
4617
4412
4665
4630
5190
4892
2262
153
-3602
-6002
-8401
-8617
-8063
-7024
-4870
-2681
-512
-30
1152
1870
2678
3532
4361
4701
3970
3048
1436
-364
-2709
-4576
-5673
-6270
-5858
-5080
-4284
-3528
-2431
-1207
-6
1215
2118
2566
2505
2225
1495
746
-70
-488
-698
-905
-832
-1097
-1387
-1712
-1926
-2126
-2189
-1781
-1178
-522
217
1033
1561
1895
2245
2614
2904
3156
3604
3849
4179
4302
4409
4355
4215
4235
4284
4455
5281
4489
2112
-304
-3551
-5908
-7983
-8044
-7635
-6538
-5072
-2905
-1458
-1073
136
1349
2648
3794
4785
4986
4307
2878
1227
-741
-3020
-4581
-5369
-5614
-5154
-4536
-4088
-3522
-2612
-1509
-341
859
1618
2004
1876
1521
1235
631
180
-47
-280
-485
-782
-1147
-1472
-1817
-1946
-1985
-1803
-1387
-844
-243
440
1087
1544
1864
2255
2668
3190
3723
4165
4537
4541
4548
4450
4367
4256
4055
4142
4323
5007
3844
1724
-627
-3660
-5701
-7435
-7382
-7373
-6587
-5241
-3391
-2286
-1736
-197
1180
2788
4141
5135
5156
4163
2878
1298
-476
-2506
-3860
-4663
-4984
-4757
-4626
-4496
-4251
-3453
-2567
-1441
-527
43
581
942
1459
1644
1648
1522
1342
1095
675
67
-692
-1295
-1742
-2042
-2296
-2316
-2122
-1748
-1040
-215
538
1195
1751
2467
3126
3685
4277
4559
4795
4872
4792
4763
4306
4144
3650
3755
3848
4472
3504
1274
-614
-3613
-5303
-7120
-7056
-7001
-6374
-4984
-3399
-2177
-1758
-78
1436
3024
4244
4937
4909
3749
2633
1250
-285
-2188
-3377
-4074
-4566
-4630
-4728
-4756
-4604
-3770
-2796
-1832
-1017
-330
469
1101
1979
2313
2319
2036
1767
1279
451
-303
-954
-1493
-1879
-2161
-2466
-2670
-2540
-1927
-1030
-72
765
1458
2056
2772
3272
3732
4081
4376
4593
4431
4356
4021
3606
3424
3345
3575
3688
4290
3458
1603
-373
-2802
-4407
-5840
-5883
-5778
-5387
-4653
-3461
-2673
-2158
-801
699
2190
3308
4005
3969
3126
2197
1258
148
-1278
-2269
-2989
-3577
-3951
-4217
-4343
-4250
-3576
-2707
-1841
-1334
-810
-256
434
1088
1449
1639
1559
1486
1224
816
304
-158
-590
-1101
-1616
-2219
-2604
-2583
-2072
-1180
-361
353
952
1562
2179
2679
3262
3603
3849
3982
4007
3971
3582
3401
3340
3359
3761
3983
5031
4715
3073
1353
-1116
-2870
-4622
-4987
-5295
-5266
-5122
-4336
-3679
-3597
-2406
-911
600
2012
2953
3230
2704
2201
1610
1039
-82
-991
-1651
-2479
-2920
-3327
-3609
-3854
-3526
-3017
-2710
-2426
-2020
-1457
-665
74
844
1280
1358
1516
1493
1156
792
458
99
-454
-1088
-1607
-2013
-1988
-1529
-858
-262
138
527
861
1162
1625
2079
2442
2835
3153
3497
3540
3652
3737
3783
4093
4266
4770
5399
5831
4597
2923
693
-1391
-3113
-4474
-4920
-5644
-5863
-5533
-4831
-4529
-3778
-2272
-690
744
1812
2371
2391
2023
2050
1820
1216
241
-459
-1228
-1963
-2456
-3033
-3424
-3604
-3239
-3065
-2905
-2591
-2162
-1383
-611
221
711
818
920
1098
1039
888
814
674
392
-10
-410
-781
-1034
-908
-542
-302
-269
-247
-85
142
608
1129
1644
2118
2539
3084
3298
3488
3666
3847
4392
4801
5426
6016
6345
5398
3566
1560
-682
-2414
-3848
-4572
-5229
-5869
-5915
-5606
-5308
-4769
-3364
-1804
-454
654
1349
1689
1747
1972
2117
1756
1051
262
-498
-1282
-1948
-2460
-2914
-2890
-2915
-2907
-2809
-2696
-2249
-1728
-980
-443
-103
90
343
541
716
882
1057
1147
1030
787
441
75
-136
-108
-46
-133
-308
-378
-394
-168
237
803
1335
1895
2475
2959
3252
3501
3852
4279
4745
5191
5694
6088
5992
4533
2903
892
-924
-2388
-3386
-4204
-5151
-5616
-5614
-5253
-5090
-4272
-3048
-1837
-856
-28
388
543
795
1325
1540
1187
528
-60
-596
-1110
-1430
-1778
-2061
-2246
-2338
-2398
-2472
-2499
-2259
-1759
-1322
-932
-737
-399
-108
318
843
1237
1426
1377
1309
1040
761
497
335
268
163
38
-104
-201
-204
153
496
906
1253
1588
2098
2463
2859
3299
3695
4252
4682
5230
5606
6052
5676
4273
2776
870
-569
-1975
-2718
-3618
-4480
-5027
-5117
-4992
-4959
-4220
-3258
-2362
-1580
-936
-537
-257
171
757
951
716
254
-111
-529
-815
-907
-1150
-1392
-1674
-1830
-2002
-2260
-2283
-2134
-1828
-1389
-1158
-796
-566
-285
225
584
875
1033
997
992
867
763
752
725
752
703
521
326
177
236
369
568
857
1097
1464
1940
2337
2645
2941
3377
3873
4407
5059
5608
5808
4770
3464
1902
436
-656
-1714
-2562
-3576
-4357
-4717
-4691
-4640
-4289
-3568
-2813
-2157
-1711
-1340
-907
-388
199
666
656
361
-6
-241
-369
-424
-486
-837
-1248
-1668
-1793
-2069
-2080
-1991
-1742
-1323
-1232
-921
-784
-586
-182
196
538
697
750
846
905
934
990
1034
987
874
781
622
498
454
564
686
875
1119
1361
1712
1921
2279
2606
3043
3492
3930
4521
5092
5320
4406
3171
1621
376
-595
-1537
-2215
-3251
-3950
-4391
-4411
-4423
-4065
-3423
-2749
-2117
-1808
-1423
-1120
-573
13
490
478
243
-38
-355
-467
-560
-604
-940
-1280
-1531
-1689
-1819
-1751
-1571
-1261
-1037
-776
-542
-434
-122
103
336
459
580
648
745
822
913
917
936
963
936
987
992
1039
1029
1004
1000
1006
1091
1287
1452
1608
1848
2150
2597
3062
3683
4256
4748
4497
3424
2230
972
267
-585
-1164
-2002
-2910
-3697
-4132
-4223
-4238
-3679
-3023
-2338
-2112
-1889
-1692
-1294
-700
-109
172
-52
-302
-471
-423
-408
-457
-521
-848
-1082
-1222
-1405
-1386
-1417
-1193
-978
-889
-821
-699
-505
-166
143
257
326
265
451
660
951
1190
1289
1337
1375
1382
1367
1356
1357
1382
1258
1114
983
950
1121
1376
1645
1884
2122
2543
3102
3762
4372
4366
3611
2457
1375
639
11
-672
-1390
-2274
-3090
-3682
-4024
-4161
-3980
-3415
-2764
-2383
-2250
-2113
-1793
-1228
-606
-198
-145
-357
-423
-336
-114
-1
-87
-381
-798
-990
-1250
-1239
-1286
-1232
-1210
-1207
-1173
-1141
-907
-508
10
296
431
456
563
745
1123
1485
1670
1731
1678
1677
1580
1516
1471
1399
1306
1144
978
845
899
1159
1419
1654
1815
2039
2401
3051
3868
4272
3754
2680
1618
816
196
-245
-937
-1720
-2561
-3199
-3509
-3936
-3870
-3561
-2894
-2681
-2369
-2334
-2072
-1535
-907
-368
-347
-443
-568
-428
-264
22
0
-161
-551
-813
-1028
-1316
-1190
-1337
-1260
-1432
-1523
-1494
-1293
-827
-301
159
347
535
624
910
1153
1471
1735
1800
1823
1752
1744
1726
1723
1716
1585
1378
1135
1067
1135
1333
1591
1716
1806
1939
2326
2957
3632
4134
3586
2626
1533
765
223
-344
-862
-1694
-2383
-3134
-3305
-3607
-3592
-3216
-2819
-2601
-2617
-2401
-2189
-1559
-1010
-589
-621
-942
-966
-823
-418
-173
21
-117
-493
-550
-868
-963
-1048
-1170
-1165
-1509
-1648
-1708
-1495
-1111
-558
-173
56
226
440
814
1079
1459
1653
1747
1773
1830
1934
2005
2073
2046
1912
1679
1521
1405
1426
1602
1825
2044
2050
2210
2502
2972
3584
3690
3120
2092
1201
577
103
-577
-1302
-2081
-2794
-3119
-3289
-3401
-3376
-3037
-2668
-2488
-2478
-2393
-2012
-1559
-969
-702
-798
-1077
-1076
-768
-401
-226
-228
-409
-657
-627
-765
-723
-921
-1037
-1143
-1402
-1489
-1468
-1190
-837
-386
-157
40
211
482
950
1299
1649
1758
1803
1829
1857
1947
2028
2083
2009
1825
1611
1490
1511
1605
1829
1914
2012
2075
2220
2648
3055
3408
3042
2257
1426
735
350
-189
-795
-1650
-2438
-3033
-3220
-3245
-3233
-2971
-2788
-2600
-2595
-2502
-2252
-1730
-1226
-862
-768
-971
-971
-750
-348
-146
-175
-564
-784
-866
-871
-670
-812
-835
-1091
-1253
-1378
-1393
-1276
-987
-601
-354
-153
-47
296
708
1209
1576
1745
1830
1913
2123
2229
2237
2086
1982
1872
1817
1756
1716
1800
1787
1930
2029
2140
2358
2607
3096
3317
2990
2185
1392
820
480
110
-639
-1503
-2447
-2968
-3188
-3317
-3414
-3386
-3217
-3084
-2931
-2843
-2570
-2062
-1484
-1028
-934
-1020
-964
-629
-112
193
143
-359
-771
-835
-819
-664
-859
-977
-1169
-1276
-1325
-1361
-1343
-1191
-863
-612
-334
-119
267
774
1264
1683
1864
1995
2229
2585
2818
2815
2615
2355
2193
2129
2207
2222
2243
2159
2152
2178
2178
2534
2855
3226
3031
2343
1546
889
550
159
-251
-1097
-1846
-2685
-3074
-3266
-3381
-3348
-3360
-3229
-3363
-3232
-3055
-2538
-2066
-1682
-1380
-1339
-1274
-1104
-623
-221
2
-198
-378
-536
-586
-441
-604
-707
-1050
-1238
-1291
-1296
-1241
-1143
-1005
-948
-777
-621
-132
394
991
1496
1796
2033
2179
2530
2883
3171
3205
3035
2735
2535
2435
2540
2609
2567
2488
2331
2330
2408
2738
2937
2870
2181
1473
809
330
-7
-583
-1152
-1912
-2545
-3026
-3229
-3375
-3425
-3286
-3312
-3205
-3176
-2974
-2560
-2221
-1886
-1680
-1517
-1440
-1119
-854
-460
-384
-523
-535
-565
-363
-281
-317
-405
-601
-803
-884
-943
-965
-842
-802
-735
-808
-756
-457
6
544
1013
1437
1746
2108
2511
2865
3032
3095
3155
3164
3131
3045
2980
2878
2781
2770
2770
2809
2875
2956
2867
2346
1736
1220
830
445
-153
-881
-1763
-2420
-2912
-3029
-3247
-3444
-3578
-3573
-3471
-3311
-3043
-2769
-2392
-2108
-1852
-1723
-1684
-1502
-1164
-806
-641
-755
-911
-847
-679
-417
-405
-556
-680
-785
-694
-628
-643
-734
-762
-812
-746
-673
-465
-138
135
426
703
1123
1652
2211
2660
2864
2929
3005
3187
3370
3529
3586
3576
3476
3343
3224
3252
3402
3459
3291
2604
1803
1106
735
487
31
-675
-1637
-2354
-2903
-3082
-3301
-3493
-3668
-3762
-3701
-3575
-3290
-2932
-2512
-2157
-1912
-1828
-1749
-1459
-1087
-731
-674
-910
-999
-1004
-732
-474
-465
-589
-825
-883
-786
-673
-625
-584
-642
-640
-634
-527
-284
-1
298
539
738
993
1415
1897
2372
2660
2803
2873
2987
3204
3490
3696
3748
3695
3615
3599
3772
3890
3839
3315
2497
1797
1149
833
263
-297
-1126
-1871
-2464
-2910
-3173
-3501
-3546
-3729
-3757
-3930
-3880
-3547
-3100
-2582
-2355
-2166
-2064
-1697
-1246
-863
-698
-864
-870
-849
-623
-503
-497
-528
-625
-622
-684
-671
-722
-626
-542
-472
-507
-547
-335
-19
394
601
738
901
1260
1714
2120
2359
2445
2591
2779
3065
3281
3434
3567
3665
3788
3869
3981
4022
3938
3563
2955
2335
1690
1174
567
-163
-957
-1736
-2322
-2724
-3006
-3341
-3568
-3769
-3890
-3890
-3819
-3574
-3312
-2993
-2782
-2505
-2267
-1941
-1483
-1150
-966
-998
-962
-881
-645
-480
-450
-518
-706
-752
-761
-702
-715
-662
-623
-602
-572
-488
-244
76
423
660
906
1154
1485
1872
2141
2351
2463
2619
2777
3009
3176
3372
3500
3618
3757
3846
4051
4072
3887
3324
2790
2186
1832
1339
717
-36
-920
-1605
-2098
-2415
-2815
-3114
-3439
-3668
-3808
-3864
-3749
-3550
-3325
-3169
-2956
-2792
-2502
-2058
-1668
-1396
-1277
-1140
-1014
-698
-532
-379
-401
-561
-637
-685
-655
-670
-634
-727
-808
-829
-718
-413
-107
242
464
751
1039
1451
1900
2247
2486
2603
2671
2763
2947
3158
3327
3420
3488
3551
3705
3799
3898
3642
3256
2747
2220
1809
1207
713
22
-580
-1307
-1773
-2227
-2590
-2767
-3044
-3151
-3396
-3438
-3441
-3213
-3109
-2961
-2813
-2721
-2431
-2176
-1845
-1696
-1501
-1365
-1153
-905
-767
-569
-554
-521
-598
-621
-680
-702
-665
-757
-816
-906
-810
-630
-354
-100
145
503
870
1353
1753
2104
2391
2676
2917
3123
3316
3455
3574
3659
3703
3785
3908
3956
3888
3469
3052
2570
2260
1840
1271
599
-205
-809
-1417
-1800
-2316
-2720
-3023
-3276
-3386
-3539
-3440
-3312
-3047
-2902
-2774
-2636
-2459
-2047
-1698
-1457
-1454
-1433
-1337
-1105
-882
-775
-724
-798
-810
-841
-843
-872
-847
-799
-813
-893
-930
-828
-603
-307
-70
139
381
701
1136
1578
1930
2216
2465
2761
3054
3416
3657
3847
3974
4064
4233
4260
4194
3799
3416
2948
2562
2164
1503
953
216
-278
-845
-1336
-1915
-2426
-2746
-3051
-3193
-3505
-3580
-3614
-3465
-3287
-3130
-2926
-2704
-2275
-1883
-1521
-1365
-1199
-969
-687
-438
-345
-328
-434
-492
-577
-678
-818
-920
-978
-1035
-1130
-1186
-1077
-902
-637
-395
-165
98
422
847
1221
1552
1784
2069
2392
2682
3030
3302
3598
3823
4102
4320
4409
4343
4026
3723
3277
2877
2354
1778
1096
432
-160
-762
-1250
-1781
-2155
-2518
-2787
-3048
-3242
-3334
-3391
-3315
-3319
-3208
-3093
-2834
-2527
-2215
-1929
-1723
-1440
-1164
-803
-550
-321
-232
-189
-202
-261
-324
-453
-542
-670
-799
-963
-1066
-1059
-982
-818
-635
-380
-99
239
626
1009
1353
1652
1965
2296
2594
2909
3172
3428
3664
3921
4193
4267
4141
3814
3500
3175
2908
2481
1913
1246
546
24
-500
-978
-1490
-1899
-2282
-2587
-2850
-3080
-3143
-3157
-3090
-3061
-3055
-3001
-2790
-2488
-2244
-2048
-1944
-1799
-1516
-1229
-929
-745
-675
-638
-579
-557
-526
-508
-535
-565
-668
-763
-786
-725
-588
-413
-255
-92
131
427
797
1160
1464
1737
2013
2311
2645
2973
3271
3548
3796
3994
4097
4019
3789
3521
3231
2913
2488
1932
1325
774
260
-169
-669
-1171
-1608
-1923
-2134
-2363
-2541
-2690
-2691
-2675
-2622
-2605
-2538
-2361
-2136
-1907
-1831
-1778
-1664
-1425
-1194
-1040
-1002
-1037
-1023
-999
-950
-967
-1029
-1106
-1161
-1223
-1285
-1256
-1177
-1011
-832
-637
-391
-80
299
698
1065
1355
1648
1965
2318
2656
2956
3191
3412
3636
3875
4059
4071
3888
3606
3301
2989
2629
2163
1592
980
418
-83
-555
-1045
-1475
-1804
-2063
-2295
-2472
-2585
-2581
-2517
-2398
-2301
-2195
-2057
-1817
-1553
-1384
-1262
-1177
-1031
-875
-724
-640
-619
-682
-767
-823
-920
-1018
-1155
-1303
-1461
-1599
-1656
-1630
-1538
-1420
-1205
-935
-603
-233
148
534
918
1353
1822
2257
2639
2956
3273
3575
3902
4187
4333
4292
4047
3774
3425
3087
2652
2159
1565
919
286
-321
-836
-1347
-1698
-2038
-2349
-2647
-2834
-2859
-2762
-2592
-2445
-2289
-2148
-1923
-1603
-1323
-1073
-891
-692
-514
-359
-235
-132
-67
-117
-199
-382
-568
-732
-851
-981
-1185
-1402
-1580
-1627
-1613
-1517
-1375
-1198
-960
-680
-348
-27
363
810
1312
1759
2117
2436
2798
3236
3695
4044
4168
4090
3938
3783
3606
3329
2906
2400
1802
1190
554
-43
-613
-1081
-1495
-1944
-2384
-2778
-2950
-2963
-2890
-2829
-2773
-2662
-2454
-2115
-1784
-1478
-1214
-927
-615
-346
-122
54
199
256
213
83
-84
-208
-319
-447
-684
-974
-1214
-1342
-1352
-1350
-1322
-1269
-1131
-890
-598
-292
-2
354
723
1119
1477
1796
2165
2552
2982
3312
3506
3512
3462
3396
3272
3113
2778
2399
1943
1488
1020
528
50
-424
-767
-1156
-1509
-1897
-2217
-2374
-2448
-2408
-2404
-2344
-2305
-2153
-1951
-1732
-1450
-1224
-940
-735
-524
-346
-159
2
70
84
-28
-122
-232
-316
-428
-601
-785
-975
-1087
-1153
-1127
-1047
-928
-776
-616
-420
-196
114
456
815
1140
1433
1755
2115
2527
2888
3116
3145
3054
2934
2817
2694
2454
2122
1674
1211
761
335
-75
-468
-794
-1115
-1405
-1693
-1912
-2021
-2037
-1975
-1912
-1833
-1742
-1598
-1426
-1247
-1056
-867
-667
-502
-364
-263
-167
-92
-61
-82
-169
-273
-379
-483
-604
-731
-831
-894
-922
-941
-919
-832
-679
-468
-266
-78
106
341
627
918
1198
1436
1723
2024
2353
2617
2737
2743
2647
2569
2434
2274
1999
1655
1282
848
447
-11
-408
-780
-1065
-1313
-1579
-1790
-1974
-1992
-1968
-1869
-1777
-1679
-1525
-1357
-1126
-954
-732
-526
-300
-92
32
143
196
260
249
190
48
-135
-308
-496
-672
-868
-1018
-1117
-1152
-1151
-1108
-1004
-842
-608
-355
-106
141
420
729
1046
1325
1582
1858
2169
2476
2704
2782
2712
2593
2451
2310
2099
1802
1437
1017
588
153
-251
-635
-950
-1219
-1462
-1688
-1880
-1971
-1975
-1893
-1798
-1688
-1600
-1490
-1323
-1128
-885
-663
-447
-269
-105
40
171
297
346
348
267
152
8
-148
-312
-504
-671
-837
-936
-991
-994
-954
-878
-750
-585
-378
-157
108
387
684
960
1216
1481
1780
2118
2408
2604
2620
2533
2397
2259
2094
1846
1522
1100
671
228
-163
-530
-866
-1156
-1439
-1659
-1849
-1924
-1924
-1840
-1715
-1586
-1429
-1289
-1105
-895
-630
-378
-155
24
157
284
375
455
475
437
345
228
85
-90
-269
-461
-636
-808
-946
-1032
-1052
-1022
-957
-873
-765
-599
-385
-129
122
364
608
870
1147
1429
1713
1982
2222
2371
2406
2338
2215
2068
1889
1640
1296
891
479
105
-236
-573
-923
-1247
-1513
-1709
-1826
-1899
-1908
-1858
-1745
-1584
-1414
-1255
-1083
-842
-560
-260
-6
193
352
485
607
675
684
631
548
426
249
19
-228
-439
-616
-770
-923
-1043
-1112
-1098
-1008
-883
-733
-554
-331
-83
175
425
692
987
1288
1570
1819
2038
2220
2346
2375
2320
2182
1988
1751
1443
1073
655
247
-135
-491
-841
-1173
-1456
-1681
-1830
-1919
-1953
-1936
-1842
-1695
-1523
-1355
-1203
-1011
-767
-467
-169
92
291
438
555
646
713
734
717
635
491
285
49
-166
-336
-472
-614
-753
-875
-934
-923
-850
-742
-615
-461
-295
-107
86
304
561
837
1107
1352
1582
1793
1985
2115
2171
2151
2070
1938
1739
1458
1100
718
340
-22
-387
-743
-1071
-1350
-1575
-1766
-1902
-1981
-1972
-1888
-1757
-1616
-1479
-1308
-1084
-798
-485
-173
105
335
515
647
745
801
820
784
681
505
275
37
-168
-332
-479
-615
-743
-829
-861
-831
-758
-663
-536
-382
-192
2
202
413
651
900
1138
1353
1535
1694
1811
1894
1908
1859
1751
1598
1400
1136
822
486
156
-165
-469
-761
-1026
-1247
-1431
-1562
-1667
-1724
-1724
-1657
-1542
-1409
-1266
-1104
-903
-673
-412
-147
95
299
455
575
663
721
740
718
638
507
333
140
-45
-210
-351
-482
-593
-693
-755
-774
-749
-690
-604
-475
-312
-121
78
293
522
768
1020
1245
1433
1572
1681
1758
1788
1757
1648
1479
1260
998
692
367
33
-285
-578
-847
-1090
-1292
-1431
-1511
-1529
-1508
-1446
-1337
-1184
-994
-799
-621
-449
-266
-73
114
256
349
402
425
421
390
323
232
115
-22
-177
-336
-484
-606
-688
-740
-766
-771
-733
-654
-538
-395
-237
-61
131
333
534
728
913
1091
1259
1407
1520
1593
1629
1645
1632
1578
1469
1298
1077
824
544
246
-66
-376
-660
-913
-1126
-1302
-1430
-1500
-1508
-1462
-1381
-1259
-1102
-908
-702
-514
-348
-203
-53
91
216
307
353
365
351
318
259
179
86
-31
-164
-308
-447
-567
-661
-720
-754
-758
-721
-644
-525
-376
-204
-10
192
394
587
761
931
1096
1242
1361
1437
1475
1481
1463
1427
1364
1271
1135
949
715
452
177
-95
-355
-608
-840
-1036
-1190
-1282
-1313
-1293
-1224
-1114
-973
-807
-622
-429
-251
-99
19
105
156
190
208
209
193
155
91
8
-86
-187
-287
-389
-496
-600
-690
-764
-815
-835
-821
-765
-656
-517
-355
-175
16
233
458
662
832
969
1086
1189
1272
1326
1342
1334
1302
1257
1183
1083
971
838
680
487
257
12
-222
-437
-632
-805
-947
-1039
-1075
-1057
-994
-896
-762
-597
-419
-249
-93
38
148
230
276
284
262
229
187
136
68
-18
-112
-219
-333
-445
-562
-672
-767
-845
-904
-934
-941
-908
-826
-697
-529
-339
-137
74
292
503
689
844
964
1056
1124
1164
1166
1139
1099
1045
981
889
769
638
501
358
196
18
-170
-344
-488
-612
-703
-759
-762
-715
-639
-544
-425
-280
-115
52
187
285
351
396
413
399
355
282
202
115
16
-90
-199
-303
-398
-500
-607
-705
-788
-844
-876
-895
-894
-865
-799
-699
-570
-417
-248
-70
105
270
420
547
657
745
812
852
868
860
842
817
783
738
677
597
511
417
317
209
84
-39
-154
-255
-340
-406
-437
-428
-389
-329
-263
-186
-83
28
134
221
281
317
339
339
314
265
208
148
69
-25
-128
-229
-323
-410
-504
-603
-702
-779
-824
-852
-862
-859
-829
-770
-683
-576
-448
-308
-156
-8
122
238
343
440
526
592
626
639
641
635
621
594
559
514
469
420
370
326
276
227
180
138
105
84
76
77
93
117
141
165
187
218
245
258
258
243
218
185
141
82
10
-58
-127
-193
-262
-338
-411
-474
-535
-596
-657
-705
-737
-763
-779
-789
-787
-767
-729
-685
-633
-564
-482
-388
-289
-195
-107
-18
72
160
240
309
374
434
489
530
555
575
593
605
607
601
591
573
552
528
501
477
456
444
436
432
430
431
438
444
450
454
453
440
415
381
336
278
205
120
27
-71
-170
-271
-372
-469
-564
-656
-740
-819
-884
-935
-971
-998
-1018
-1021
-1011
-982
-939
-890
-827
-751
-673
-580
-492
-400
-300
-206
-112
-28
55
136
208
277
338
390
437
483
527
567
599
625
648
665
675
683
685
688
690
683
678
673
668
663
659
654
645
642
627
610
584
544
501
440
372
293
205
108
3
-105
-218
-329
-442
-551
-654
-748
-834
-906
-967
-1016
-1046
-1065
-1067
-1054
-1023
-982
-927
-860
-784
-703
-616
-529
-440
-353
-265
-179
-100
-25
45
104
161
213
262
304
342
377
410
440
463
488
512
535
553
575
594
614
637
658
677
696
708
715
715
712
695
672
641
593
543
481
415
336
255
170
83
-6
-100
-191
-280
-368
-457
-540
-617
-687
-750
-805
-846
-881
-902
-910
-906
-887
-856
-814
-763
-705
-643
-578
-508
-440
-368
-299
-232
-165
-102
-39
23
88
149
211
270
325
380
430
470
508
542
572
597
616
631
649
661
676
688
694
702
708
710
702
689
670
635
592
537
472
396
316
229
135
38
-60
-158
-249
-336
-420
-499
-564
-626
-684
-728
-760
-787
-802
-806
-805
-797
-778
-749
-717
-681
-637
-594
-556
-513
-469
-431
-390
-343
-295
-250
-207
-154
-97
-28
37
103
177
248
322
394
468
538
597
646
696
730
754
782
799
802
803
802
787
768
745
716
678
636
588
528
465
398
326
248
170
82
-10
-96
-178
-265
-346
-418
-495
-565
-622
-671
-712
-742
-755
-763
-768
-755
-731
-706
-666
-620
-578
-537
-491
-453
-415
-376
-341
-311
-287
-260
-237
-208
-170
-128
-86
-35
27
80
141
226
307
374
449
521
577
629
686
733
761
787
805
805
796
782
757
719
678
624
559
499
428
350
279
209
129
52
-18
-88
-160
-218
-267
-320
-373
-412
-447
-487
-513
-534
-564
-589
-606
-621
-633
-631
-626
-621
-602
-583
-565
-540
-501
-464
-431
-386
-345
-309
-268
-215
-169
-123
-67
-16
33
80
139
196
249
312
364
412
456
499
538
575
610
629
643
652
649
638
627
613
583
544
506
459
400
351
299
235
171
115
55
-5
-55
-93
-134
-170
-197
-224
-249
-261
-274
-292
-302
-320
-347
-369
-388
-418
-445
-464
-484
-509
-529
-532
-534
-527
-502
-476
-450
-411
-367
-318
-270
-207
-144
-89
-31
30
85
141
195
236
278
321
347
368
391
405
408
410
410
397
383
374
370
349
332
323
304
284
267
252
231
213
191
162
136
113
87
58
36
11
-16
-39
-58
-78
-94
-107
-126
-152
-175
-195
-224
-250
-271
-296
-322
-345
-363
-382
-390
-388
-385
-378
-362
-338
-308
-268
-226
-185
-137
-89
-41
5
58
106
150
195
236
264
285
311
328
337
346
342
331
315
298
282
258
233
213
187
163
140
125
112
99
88
76
69
59
51
44
41
31
18
3
-16
-35
-58
-78
-106
-135
-168
-199
-232
-266
-295
-322
-347
-367
-384
-395
-398
-398
-388
-374
-354
-326
-291
-249
-206
-158
-105
-55
-10
38
87
130
174
212
248
274
300
318
334
346
354
359
353
347
335
322
308
295
279
259
242
225
209
194
180
165
150
139
127
114
104
92
80
63
48
27
6
-18
-51
-79
-111
-151
-189
-224
-262
-292
-328
-362
-390
-410
-430
-444
-448
-449
-443
-426
-406
-378
-344
-304
-265
-222
-176
-131
-82
-38
6
48
82
115
141
162
179
188
198
203
205
206
205
203
202
203
200
202
206
210
216
222
230
237
247
253
256
261
258
256
250
240
229
211
187
159
129
95
55
17
-21
-58
-98
-134
-167
-196
-225
-248
-264
-275
-280
-282
-281
-277
-266
-249
-233
-218
-196
-173
-151
-127
-106
-84
-66
-50
-32
-20
-12
-3
4
8
6
7
9
8
5
7
7
7
10
12
22
32
42
55
73
92
109
126
144
164
181
190
200
204
201
198
191
175
160
137
108
86
57
25
-6
-39
-66
-91
-115
-132
-149
-160
-164
-163
-163
-152
-139
-129
-108
-90
-71
-48
-32
-13
0
11
22
26
34
36
32
32
27
20
9
-2
-13
-22
-27
-32
-36
-37
-38
-34
-27
-17
-5
9
26
37
54
70
83
99
109
119
125
128
131
125
121
113
103
89
74
57
34
18
-1
-22
-42
-59
-77
-91
-98
-105
-110
-111
-111
-107
-103
-95
-85
-77
-67
-57
-47
-39
-30
-25
-18
-11
-10
-11
-10
-14
-20
-25
-27
-32
-37
-41
-41
-36
-35
-33
-26
-18
-6
8
20
36
50
67
80
95
111
123
131
138
141
142
137
131
124
112
103
92
75
58
44
27
13
-5
-13
-25
-35
-43
-52
-57
-61
-61
-61
-57
-57
-56
-54
-54
-54
-56
-54
-57
-60
-65
-72
-81
-94
-104
-113
-126
-137
-145
-151
-155
-157
-151
-147
-139
-128
-116
-100
-81
-59
-31
-2
25
51
77
101
123
147
165
176
186
196
202
200
198
191
183
171
162
146
130
116
103
87
73
64
52
46
39
33
29
23
20
21
18
14
10
5
2
-1
-10
-21
-30
-45
-61
-74
-91
-109
-130
-152
-171
-190
-205
-217
-224
-231
-235
-234
-225
-211
-199
-183
-163
-141
-116
-91
-63
-35
-4
24
50
73
96
119
137
150
161
171
173
174
170
163
160
155
146
137
130
119
114
107
98
93
90
88
85
83
85
81
78
77
72
68
65
55
48
35
22
13
-3
-19
-38
-54
-74
-93
-109
-126
-142
-154
-169
-178
-182
-185
-183
-181
-175
-165
-155
-143
-125
-110
-92
-74
-52
-31
-17
0
13
32
46
58
67
74
81
85
87
88
89
86
85
85
85
82
79
79
77
79
78
79
79
82
82
81
83
78
76
76
70
64
58
51
42
28
17
5
-12
-25
-42
-59
-71
-86
-99
-114
-122
-129
-132
-133
-135
-131
-127
-118
-108
-101
-90
-80
-67
-51
-42
-31
-18
-9
2
12
22
29
39
44
45
49
49
53
52
49
49
53
54
54
60
64
70
73
75
81
86
88
93
96
99
98
98
94
89
81
70
63
51
40
26
11
-3
-17
-30
-43
-58
-77
-88
-100
-112
-116
-121
-124
-128
-129
-129
-129
-120
-110
-101
-93
-85
-73
-61
-52
-40
-28
-20
-13
-4
2
7
12
15
18
22
24
28
28
31
34
38
45
50
57
63
69
74
82
85
91
96
101
107
107
108
106
103
98
92
83
75
67
52
38
23
9
-6
-21
-34
-48
-56
-68
-81
-90
-95
-100
-106
-106
-105
-103
-99
-96
-94
-89
-81
-75
-66
-60
-50
-42
-35
-24
-21
-18
-12
-6
-5
-3
2
5
8
11
14
19
21
26
33
38
42
48
54
62
68
72
77
84
90
92
90
94
91
88
84
77
71
64
54
47
37
28
19
6
-7
-18
-30
-41
-52
-66
-69
-76
-84
-89
-93
-94
-95
-92
-93
-87
-79
-76
-68
-62
-54
-46
-36
-27
-22
-13
-9
-2
3
7
11
11
16
18
20
21
24
26
29
31
29
28
29
33
37
39
45
48
51
58
60
61
62
62
64
61
57
56
50
46
41
34
24
13
5
-6
-17
-26
-37
-48
-57
-68
-73
-77
-86
-87
-88
-87
-85
-79
-76
-74
-66
-59
-53
-49
-40
-35
-24
-15
-6
-1
5
13
16
20
25
27
29
31
30
30
33
33
34
35
38
37
36
35
34
37
39
39
40
42
44
42
41
43
