-3
2
2
1
0
-3
-2
-3
-7
-12
-9
-8
-7
-3
-4
-5
5
2
0
8
6
2
2
10
9
13
6
5
8
7
3
0
0
-2
-4
-3
-3
-11
-5
3
1
-1
-5
-6
-7
-11
-17
-15
-7
-7
-4
-12
-18
-16
-15
-8
-18
-11
-11
-14
0
0
0
3
4
2
3
7
3
5
6
9
11
10
5
5
10
5
10
9
14
12
12
11
8
6
-2
1
6
9
5
-1
3
8
11
13
10
10
10
0
5
11
3
3
4
0
-2
-6
-8
-3
-2
-3
1
0
-1
-2
2
1
6
7
4
10
5
8
15
9
5
8
7
1
6
9
9
6
5
-5
-1
0
-3
-2
-10
-6
-10
-12
-15
-8
-4
-4
-8
-3
2
1
6
3
8
8
3
0
7
7
10
12
6
9
11
7
6
7
1
6
3
1
-2
-7
4
4
3
-6
-2
1
1
-2
0
9
5
4
0
-3
2
8
4
2
4
-1
-3
-8
-3
-1
-8
-6
-9
-8
-11
-8
-10
-9
-11
-10
-6
-6
-3
-1
-10
-8
-5
-4
-1
-6
1
-1
0
3
7
5
0
1
1
8
13
8
5
2
4
4
9
9
4
11
17
20
14
14
17
11
11
10
18
18
18
19
8
10
8
8
10
10
11
12
14
18
22
10
12
10
9
9
4
10
7
10
4
-3
2
4
0
-3
-3
-4
-7
-1
-1
-9
-9
-4
-10
-13
-19
-18
-17
-16
-16
-18
-14
-21
-16
-8
-10
-16
-17
-12
-4
-14
-19
-9
-15
-11
2
4
11
14
0
2
11
3
7
13
10
-1
1
6
10
15
19
8
4
3
2
3
-16
-9
-6
-16
-10
-5
-2
-5
5
12
14
7
9
11
7
9
16
19
17
13
16
25
36
22
31
57
67
77
73
71
54
47
35
48
45
29
15
5
-10
-39
-49
-33
-21
-45
-39
-59
-69
-62
-57
-36
-31
-47
-73
-60
-54
-77
-74
-70
-91
-89
-85
-84
-106
-98
-93
-107
-83
-85
-75
-12
13
14
34
37
69
89
85
62
44
25
46
85
71
43
70
59
36
42
61
50
44
61
68
72
67
64
87
144
136
135
100
93
111
129
105
81
65
6
-13
-30
-38
-57
-87
-92
-61
-73
-44
-18
-15
3
4
-24
-41
-64
-65
-62
-18
-10
-39
-21
-11
-39
-40
-12
-12
-30
-39
3
23
-3
-42
-42
-19
-15
0
53
48
-6
-80
-48
-9
-9
-24
-6
-36
-33
-31
-61
-28
-47
-13
46
46
23
49
28
17
-17
-16
-6
-73
-61
-51
-57
-40
-37
-39
-59
-65
-41
-3
-17
-66
-73
-15
-59
-53
-17
-29
18
31
75
75
21
47
45
18
61
31
3
57
67
92
51
25
45
38
22
-9
-34
-45
-58
-142
-181
-147
-174
-214
-188
-165
-159
-119
-131
-92
-66
-100
-139
-132
-77
-48
-65
-95
-7
-7
5
31
31
72
144
138
144
191
160
151
90
93
76
67
89
65
83
89
87
98
136
150
152
137
164
217
283
235
152
201
231
227
239
270
271
305
284
256
264
269
204
182
190
141
108
65
48
2
-23
-40
-29
-33
-33
-35
-33
-49
-74
-37
-31
-18
-43
-54
-26
7
26
26
61
41
19
-6
-32
-98
-125
-122
-171
-109
-112
-93
-126
-102
-38
6
15
2
77
87
73
48
152
154
112
166
188
140
83
79
-4
-42
-92
-117
-174
-218
-372
-173
-967
-1966
-797
-546
-2025
-1718
-295
-353
309
1164
-119
-1469
525
906
-363
-312
-198
-241
461
847
431
416
-29
750
-594
-1410
-996
344
-1266
-2448
-1132
-1098
-906
-292
-334
-1896
-265
220
415
-291
751
442
-1110
-813
-845
-1351
-1195
-1381
-1910
-1013
-279
-87
8
1175
2130
2822
3204
3157
3603
3971
3607
3313
2171
2051
1975
1186
672
188
-530
-600
-325
-528
-926
-797
233
-70
-140
-64
-47
330
460
318
8
562
216
119
480
491
-387
-338
-105
-624
-503
-1109
-1151
-833
-609
-990
-1215
-1239
-894
-791
-1129
-993
-478
-838
-783
-294
-720
-1307
-555
38
-573
-616
-383
-542
-566
57
-772
-875
-377
216
-438
-287
727
576
939
1713
2109
2008
2656
3133
3226
2771
3390
3312
3155
3062
3182
3026
2731
3082
2860
2214
2114
1584
268
-370
-803
-1457
-2569
-2957
-3526
-4137
-4330
-4670
-5336
-5420
-5230
-5105
-4904
-4200
-3741
-3486
-2743
-2017
-1606
-1208
-576
-192
215
537
628
227
64
86
38
-417
-724
-856
-1146
-1268
-1276
-1455
-1911
-1806
-1414
-1318
-1072
-532
-224
440
1747
2696
3054
3611
4587
5254
5984
6488
6704
7087
7771
8335
8479
8462
8769
8158
5923
4023
2714
783
-1465
-3087
-4713
-6077
-6229
-6498
-8228
-9102
-8569
-8393
-8018
-6548
-5381
-4491
-2159
-53
603
1164
1931
2264
2931
3874
3872
3483
3727
3987
3487
2607
1378
31
-843
-1262
-1741
-2638
-3453
-3780
-4031
-4674
-5232
-5696
-5909
-5297
-4119
-3452
-3035
-2019
-1211
-606
67
582
793
1471
2512
2873
2958
3167
2973
2627
2572
2374
2015
1934
2306
2662
3085
3550
3780
4054
4592
5264
5776
6289
6821
6826
5925
4772
3722
2223
291
-1247
-2565
-3716
-4000
-4307
-5334
-6073
-6215
-6454
-6502
-5918
-5320
-4654
-3161
-1650
-987
-595
-218
30
270
652
816
847
1067
1472
1580
1207
469
-411
-1218
-1753
-2179
-2763
-3126
-3134
-3033
-3231
-3354
-3422
-3307
-2855
-2079
-1307
-611
251
990
1442
1729
1987
2163
2554
3179
3927
4570
5294
6097
6922
7801
8622
9531
10783
11808
10530
7500
5381
4082
1312
-2193
-4880
-7105
-8393
-8012
-8410
-10328
-11031
-10350
-9549
-7793
-5529
-4505
-2645
1111
4017
4851
5285
5042
4362
4659
4988
3820
2520
2083
1709
1192
-22
-2267
-4585
-5666
-5972
-5976
-6154
-6452
-6346
-5554
-4880
-4692
-4788
-4884
-3975
-2067
-208
966
1891
2433
3047
3831
3929
3056
2468
2411
2612
2779
2506
1924
1866
2471
3069
3817
4795
5926
7437
9321
11156
11822
9811
6707
4934
3684
881
-2144
-4179
-5966
-6538
-6020
-7061
-9195
-9980
-9635
-8554
-6169
-4242
-3532
-1459
1604
3065
3309
3048
1799
991
1713
2138
1446
973
658
354
155
-904
-2945
-4528
-4882
-4197
-3056
-2459
-2897
-3331
-2878
-2220
-2038
-2294
-2212
-955
1101
2976
3880
3677
2901
2451
2457
1992
850
-136
-330
-151
-102
-638
-1569
-2272
-1977
-1063
138
1415
2896
5036
7735
10159
12005
13022
11541
8784
7476
6968
4329
883
-1630
-3614
-5024
-5503
-7089
-9585
-10887
-10710
-9656
-7802
-6374
-5958
-4096
-1147
598
1201
1472
849
767
2067
2901
2168
1565
1332
1096
1213
591
-1139
-2542
-2778
-2433
-1897
-1947
-2880
-3177
-2258
-1733
-2251
-3035
-3091
-1818
-134
1099
1505
1349
1133
1618
2251
1675
472
8
365
1235
1943
1846
1775
2407
3628
5119
6938
8392
9733
11939
13403
11948
8756
6144
3679
308
-3084
-5804
-8092
-9191
-9263
-9641
-10712
-11614
-11726
-10554
-8061
-5531
-3103
33
3234
5539
7114
7382
6048
4583
4024
3445
2593
1796
918
23
-920
-2401
-4420
-6357
-7729
-7947
-7164
-6324
-5652
-4860
-4241
-3728
-2974
-2234
-1500
-182
1772
3904
5931
6944
6825
6314
5571
4486
3461
2518
1612
1074
1000
715
211
-333
-733
-498
534
2122
4028
6221
8643
10109
9198
6940
5196
3598
861
-1713
-3186
-4142
-4494
-4332
-4998
-6509
-7739
-8092
-7485
-5948
-4428
-2890
-401
2027
3324
3642
2836
1147
117
-50
-403
-895
-970
-1147
-1240
-1443
-2643
-4440
-5743
-6317
-5990
-4851
-3955
-3695
-3097
-1927
-1023
-482
-218
341
1773
3746
5420
6395
6548
6060
5402
4803
3581
1946
785
344
373
462
301
-83
-256
346
1657
3342
5273
7831
10356
10234
7890
6285
5010
1710
-1918
-3812
-5164
-6146
-5625
-5601
-7071
-8461
-9033
-8616
-7018
-5509
-4124
-1237
2182
4225
5503
5747
3951
2180
1754
1258
356
-161
-445
-597
-810
-2028
-4151
-6247
-7819
-8048
-6832
-5752
-5086
-3849
-2193
-923
-103
181
223
1004
2549
4224
5601
6018
5607
5256
4924
3824
2235
1008
223
114
566
924
977
1012
1270
1981
3182
4569
6068
8474
10297
9276
7001
5783
4058
226
-3123
-4875
-6357
-7089
-6587
-6839
-8088
-8999
-8853
-7897
-6463
-5372
-3572
-335
2648
4560
6010
6047
4365
3109
2763
1868
819
310
-17
-169
-584
-1943
-3956
-6012
-7857
-8559
-7805
-7034
-6455
-5248
-3754
-2450
-1385
-674
-211
656
2225
4176
5887
6575
6431
6250
5976
5175
4052
2987
2298
2368
2962
3551
3943
4313
4997
6024
7357
8628
8278
5790
3333
2620
1477
-1806
-5124
-7248
-8552
-8587
-7750
-7957
-9094
-9252
-7778
-5378
-3104
-1897
-529
2128
4949
6730
7276
6326
4557
3513
2943
1728
-143
-1925
-2981
-3303
-3694
-4920
-6731
-8276
-8787
-7923
-6621
-5853
-5170
-3821
-2133
-1316
-1402
-1209
-397
772
2305
4208
5782
6403
6473
6401
5985
4886
3548
2685
2400
2307
2507
2803
2805
2670
2978
3839
4873
6105
8026
9160
7598
5332
4644
3574
23
-3371
-5233
-6720
-7149
-6295
-6338
-7609
-8459
-7875
-6330
-4788
-4082
-2694
213
2910
4595
5564
4854
2822
1387
824
-119
-1335
-2295
-2554
-2250
-2456
-3440
-4810
-6245
-7129
-6606
-5212
-4265
-3336
-2079
-1171
-779
-1006
-1496
-1467
-583
870
2434
4040
4843
4762
4572
3953
2718
1469
846
810
1174
1961
2839
3429
3830
4472
5684
7089
8832
10743
11146
9405
7501
6463
4315
508
-3154
-5658
-7194
-7627
-7430
-8025
-9435
-10055
-9079
-7206
-5702
-4441
-2159
1075
4045
6120
6919
6076
4417
3255
2529
1443
-11
-1277
-1718
-1827
-2678
-4186
-5891
-7722
-8638
-7976
-6763
-5938
-4938
-3622
-2512
-1576
-1401
-1921
-1716
-411
1252
2940
4251
4715
4775
4986
4561
3294
1905
869
575
951
1453
1693
1941
2426
3171
4382
5758
7133
9126
11534
12265
10338
8096
6751
4301
459
-2775
-4916
-6597
-7184
-7149
-8172
-9857
-10697
-10023
-8229
-6417
-4676
-1995
1237
3676
5315
5975
4895
3275
2537
2195
1411
443
-438
-1108
-1593
-2794
-4678
-6570
-8224
-8728
-7701
-6302
-5404
-4473
-3614
-3783
-3665
-2701
-1833
-1066
314
2670
5131
6527
6687
5951
5133
4233
3540
3266
2621
1956
2058
2714
2902
2404
2090
2416
3689
5733
8212
10749
11202
9064
6997
6027
3847
-233
-3674
-5572
-6358
-5961
-5623
-6880
-9055
-10213
-9508
-7584
-5819
-4460
-1739
2122
4992
6399
6374
4638
2510
1771
1790
1101
-97
-1001
-1242
-1505
-2926
-5315
-7706
-9338
-9539
-8108
-6464
-5836
-5355
-4497
-3802
-3389
-3059
-2500
-1175
1139
3946
6285
7361
7037
6340
5821
4965
3756
2681
2131
2214
2683
2987
2489
1605
1246
1923
3672
5634
7768
10561
12033
10629
8343
6746
4228
234
-2925
-4696
-5727
-5866
-5947
-7201
-9213
-10717
-10749
-9371
-7618
-5940
-2989
955
3705
5136
5545
4422
2983
2570
2625
2405
1943
1396
1094
676
-1086
-3813
-6078
-7710
-8486
-7755
-6522
-6244
-6575
-6605
-6228
-5671
-5381
-5136
-3558
-553
2488
4965
6435
6440
6009
6032
6028
5249
4328
4035
4343
4793
4717
3820
2735
2174
2585
3866
5434
7065
9297
11510
10823
7882
5562
3712
781
-2347
-4322
-5440
-5994
-5948
-6667
-8467
-10390
-11324
-10216
-7901
-5949
-3938
-765
2089
3434
4139
3768
2292
1705
2134
2433
2424
2042
1272
609
-323
-2446
-4744
-6260
-7221
-7027
-5781
-5328
-6284
-7028
-6960
-6648
-6235
-5830
-4741
-2085
1125
3785
5564
6067
5654
5654
6239
6154
5503
5253
5446
5787
5616
4699
3439
2661
2833
3856
5488
7051
8555
10575
10732
8035
5316
3740
1767
-919
-3035
-4448
-5159
-5286
-6283
-8278
-10042
-11264
-10655
-8278
-6062
-4506
-2081
722
2127
2647
2654
1692
1435
2222
2782
3082
2862
1927
1075
501
-1116
-3379
-4737
-5380
-5501
-4791
-4533
-5195
-6400
-7671
-8334
-7947
-7107
-6489
-4813
-1881
803
2777
3732
3534
3550
4353
5327
5729
5869
5997
6209
6496
5911
4532
3451
3212
4049
5570
7084
8246
9446
11027
10704
7933
5283
3692
2315
670
-1010
-2682
-3883
-4683
-6332
-8545
-10150
-11243
-10663
-8297
-6086
-4815
-3294
-1662
-866
-219
163
-245
129
1347
2230
2743
2639
1803
1008
609
-303
-1510
-2142
-2651
-2693
-2055
-2120
-3446
-5364
-6759
-7291
-7113
-6790
-6598
-5348
-3111
-1239
27
408
357
993
2488
4031
4826
5274
5806
6250
6417
5736
4719
4231
4554
5568
6663
7479
8042
8717
9918
10074
8189
6032
4881
4227
3126
1510
-623
-2645
-3850
-5150
-7245
-8965
-10007
-9970
-8363
-6611
-6138
-5995
-5123
-4215
-3257
-2216
-1981
-1886
-657
749
1386
1309
764
315
453
792
465
-58
-268
-237
133
328
-571
-2049
-3150
-3601
-3790
-3898
-4085
-4241
-3659
-2660
-1967
-1687
-1577
-1059
229
1824
2939
3332
3695
4098
4247
4208
3788
3227
3095
3589
4208
4388
4352
4358
4551
5239
6122
6449
5914
5348
5475
5629
5059
3551
1668
422
-153
-752
-1735
-2648
-3356
-4077
-4513
-4926
-5963
-6899
-6826
-6079
-5477
-5188
-5155
-5163
-4650
-4001
-3804
-3723
-3372
-2590
-1407
-394
-108
-311
-241
87
284
416
446
479
773
1236
1489
1267
868
615
655
1075
1452
1627
1880
2181
2329
2206
1768
991
313
219
201
-9
-125
-290
-565
-746
-964
-1301
-1326
-827
-159
612
1399
1895
2472
3122
3241
3031
3009
3181
3455
3961
4405
4413
4135
3483
2597
1934
1294
639
378
360
80
-354
-850
-1692
-2537
-3092
-3672
-4043
-3967
-3870
-3849
-3816
-4009
-4407
-4573
-4528
-4478
-4072
-3392
-2740
-1967
-1239
-844
-624
-398
-170
179
703
1133
1470
1841
1964
1817
1571
1189
854
796
930
1033
1086
1024
694
243
-261
-797
-1107
-1167
-1085
-817
-461
-250
-130
113
365
481
726
1239
1965
2813
3565
4112
4369
4258
3935
3648
3430
3165
3009
3003
2812
2420
1924
1263
534
-135
-670
-1040
-1247
-1447
-1666
-1871
-2329
-2994
-3506
-3884
-4133
-4046
-3719
-3374
-3010
-2652
-2450
-2328
-2242
-2172
-1808
-1212
-748
-344
89
341
404
411
362
361
613
982
1300
1566
1609
1426
1155
702
127
-272
-511
-793
-980
-988
-1086
-1279
-1475
-1697
-1833
-1790
-1537
-999
-223
531
1181
1779
2116
2149
2237
2515
2834
3203
3611
3838
3800
3617
3345
2942
2448
1976
1671
1520
1338
1058
684
142
-585
-1291
-1824
-2225
-2475
-2494
-2314
-2084
-1949
-1913
-1963
-2130
-2209
-1956
-1492
-1061
-664
-315
-114
-31
-96
-314
-437
-283
55
479
816
832
682
600
399
22
-302
-548
-741
-811
-869
-1089
-1393
-1716
-2075
-2317
-2459
-2551
-2387
-1931
-1400
-896
-422
-122
13
228
579
1018
1517
1989
2381
2674
2784
2710
2602
2494
2350
2332
2451
2477
2348
2175
1928
1532
1093
702
366
150
110
121
88
0
-166
-361
-549
-794
-973
-919
-734
-591
-460
-388
-484
-645
-770
-881
-922
-784
-541
-308
-129
-61
-126
-220
-345
-516
-632
-719
-843
-964
-1067
-1267
-1539
-1788
-2041
-2275
-2396
-2405
-2273
-1948
-1548
-1179
-859
-600
-396
-144
205
551
894
1239
1496
1623
1659
1607
1518
1447
1385
1364
1370
1317
1167
1007
839
637
481
409
391
467
698
958
1118
1161
1159
1112
1044
1007
1002
998
1018
1095
1104
947
676
361
109
-13
-76
-137
-155
-149
-164
-174
-271
-517
-716
-731
-753
-856
-911
-1040
-1242
-1360
-1472
-1716
-1996
-2173
-2298
-2284
-2124
-1961
-1785
-1569
-1398
-1254
-1014
-770
-570
-265
106
367
547
696
775
831
945
1046
1073
1089
1063
961
809
596
362
173
80
26
-15
22
131
249
327
392
399
363
438
630
760
808
902
995
1035
1034
933
779
725
770
829
881
869
741
656
660
553
389
341
341
285
271
249
60
-175
-321
-441
-571
-696
-836
-967
-987
-962
-996
-1025
-1111
-1211
-1149
-948
-796
-730
-626
-548
-565
-561
-538
-576
-573
-432
-278
-219
-263
-429
-625
-778
-876
-922
-876
-777
-678
-500
-295
-167
-62
82
264
471
754
1058
1296
1451
1503
1505
1483
1389
1269
1181
1110
1039
975
868
643
384
138
-79
-200
-270
-316
-286
-205
-180
-157
-98
-149
-199
-112
4
116
249
366
411
445
444
308
169
72
7
94
276
352
312
273
139
-79
-196
-274
-344
-327
-235
-228
-360
-576
-929
-1283
-1551
-1757
-1830
-1792
-1729
-1625
-1419
-1251
-1168
-1023
-840
-598
-195
292
738
1100
1363
1477
1530
1539
1463
1409
1389
1354
1317
1239
1009
657
337
9
-309
-494
-646
-765
-758
-700
-705
-717
-702
-739
-690
-524
-359
-165
106
370
564
736
773
684
682
745
821
1020
1226
1297
1315
1329
1185
992
911
832
801
844
836
687
447
120
-335
-768
-1179
-1580
-1830
-1984
-2111
-2167
-2159
-2194
-2226
-2145
-2046
-1839
-1439
-991
-572
-174
130
327
529
671
715
804
916
1008
1122
1148
994
787
616
399
213
114
-50
-180
-159
-168
-263
-330
-387
-478
-454
-344
-308
-224
-77
76
248
394
394
356
450
552
693
924
1066
1099
1177
1262
1225
1181
1188
1181
1240
1323
1298
1165
960
668
367
105
-225
-599
-891
-1158
-1382
-1523
-1683
-1889
-2035
-2061
-2035
-1903
-1700
-1516
-1254
-919
-610
-331
-97
35
170
404
622
766
884
884
798
739
652
498
354
249
125
66
7
-173
-344
-402
-430
-440
-384
-367
-387
-319
-195
-68
53
138
182
283
405
460
521
604
613
622
670
663
610
600
640
671
725
733
691
651
576
500
448
373
265
160
60
-70
-195
-308
-471
-635
-758
-857
-939
-982
-1010
-1008
-939
-840
-727
-617
-558
-508
-382
-198
-43
104
217
254
273
292
295
302
328
359
380
361
255
91
-25
-106
-158
-179
-199
-236
-279
-296
-300
-286
-259
-203
-91
39
148
225
287
305
283
284
287
305
366
433
489
518
505
464
396
315
242
218
232
252
263
238
150
51
-43
-147
-243
-320
-363
-386
-390
-412
-444
-465
-467
-437
-362
-291
-261
-206
-122
-42
34
87
105
100
88
110
165
208
207
191
170
108
4
-101
-177
-236
-248
-227
-232
-273
-341
-407
-414
-370
-316
-219
-91
39
181
290
312
252
184
160
197
280
334
355
371
370
324
230
97
-38
-67
-10
54
112
130
89
24
-28
-119
-228
-284
-279
-206
-115
-77
-93
-114
-134
-143
-94
-29
5
58
129
187
209
184
123
77
72
105
174
236
244
216
198
137
47
-20
-50
-53
-27
3
-14
-83
-169
-253
-303
-306
-302
-267
-186
-92
-5
70
98
43
-8
-28
-20
30
80
94
90
100
87
38
-45
-126
-151
-112
-54
-10
31
53
53
51
8
-97
-178
-206
-180
-123
-95
-84
-73
-53
-46
-52
-47
-41
-42
-6
48
67
68
53
32
31
59
114
195
267
315
360
385
370
334
317
312
296
268
217
127
26
-69
-171
-251
-323
-368
-359
-323
-275
-244
-212
-196
-198
-194
-170
-129
-72
-21
6
22
29
30
6
-32
-56
-53
-27
0
24
52
83
96
94
63
16
-7
0
20
23
23
42
65
83
75
49
16
-25
-60
-87
-116
-132
-128
-128
-127
-126
-98
-41
25
102
175
247
316
367
404
429
435
413
355
275
180
85
-14
-136
-242
-325
-380
-411
-435
-448
-442
-414
-376
-342
-297
-230
-144
-53
5
31
43
68
91
85
61
33
30
48
54
48
35
50
86
117
127
116
127
162
199
221
230
240
269
302
310
270
191
99
18
-41
-91
-144
-187
-219
-231
-218
-213
-234
-237
-204
-123
-20
66
131
185
244
286
290
237
165
118
91
66
8
-89
-174
-215
-241
-257
-281
-291
-256
-196
-126
-77
-24
27
80
134
141
135
119
103
83
45
6
-29
-46
-65
-76
-81
-87
-78
-70
-46
0
48
86
114
143
176
212
234
243
236
205
162
90
7
-84
-147
-195
-240
-280
-301
-293
-287
-279
-280
-268
-220
-137
-46
40
119
185
226
246
230
199
174
155
130
92
45
1
-25
-58
-82
-96
-93
-70
-35
6
53
99
138
175
192
197
187
176
153
120
86
59
45
32
24
8
-12
-44
-72
-90
-83
-54
-23
1
13
27
35
25
-1
-27
-43
-52
-62
-96
-157
-223
-269
-306
-329
-331
-310
-266
-205
-151
-125
-103
-69
-8
65
149
220
267
305
309
286
237
178
112
43
-4
-40
-74
-113
-157
-201
-231
-227
-221
-200
-164
-109
-44
12
62
91
110
129
155
169
176
172
168
176
181
178
160
141
114
100
107
126
153
166
173
184
181
165
133
85
45
4
-32
-60
-109
-180
-252
-314
-355
-373
-380
-364
-333
-296
-247
-207
-178
-145
-87
-10
77
166
230
276
291
284
264
218
169
121
83
51
13
-32
-94
-158
-216
-249
-265
-275
-270
-250
-220
-191
-170
-152
-145
-130
-106
-81
-46
-13
3
24
47
77
109
133
159
187
235
284
333
369
397
409
413
412
393
358
306
243
184
114
36
-46
-134
-208
-268
-301
-322
-341
-353
-347
-330
-305
-268
-224
-166
-91
-3
78
144
190
220
241
260
275
281
274
260
239
208
161
104
48
-19
-72
-102
-142
-177
-217
-266
-297
-320
-323
-328
-337
-332
-322
-298
-282
-278
-266
-241
-207
-151
-91
-38
12
64
124
189
249
291
328
365
398
416
419
387
336
283
217
151
76
8
-51
-97
-132
-159
-186
-224
-260
-269
-256
-226
-191
-142
-98
-46
6
37
58
77
100
141
200
245
279
303
301
292
283
268
252
237
225
202
176
131
66
1
-62
-100
-123
-146
-171
-202
-226
-251
-280
-318
-358
-380
-373
-354
-328
-302
-272
-239
-205
-166
-113
-58
-11
47
99
151
180
174
162
129
96
74
46
26
9
3
2
-10
-30
-59
-92
-108
-97
-75
-53
-32
-24
-24
-26
-32
-48
-52
-28
14
78
128
175
198
209
225
243
261
282
301
315
329
325
303
255
205
160
133
116
99
74
40
14
-26
-80
-139
-193
-241
-262
-264
-256
-247
-249
-248
-245
-234
-220
-197
-164
-125
-80
-47
-30
-36
-62
-85
-108
-115
-99
-78
-55
-24
1
7
5
-4
-11
0
28
54
66
69
50
17
-15
-48
-70
-75
-53
-11
31
66
81
94
99
114
139
159
185
202
224
240
227
196
160
123
107
109
124
125
125
126
106
83
40
3
-40
-62
-67
-60
-54
-68
-76
-103
-124
-139
-153
-151
-127
-117
-101
-99
-117
-144
-179
-204
-218
-202
-163
-138
-89
-53
-34
-32
-13
-4
27
66
91
131
127
122
102
64
27
-7
-21
-9
11
50
75
93
117
102
98
115
122
129
132
149
135
117
112
91
58
7
8
17
40
58
89
92
97
88
70
93
71
85
117
125
113
124
104
78
52
12
-3
10
18
13
-1
-58
-120
-172
-250
-281
-309
-321
-312
-322
-294
-286
-279
-268
-230
-191
-133
-111
-84
1
-16
-29
-25
-35
-34
-27
-19
15
37
53
82
139
128
137
189
156
136
164
112
145
130
103
132
75
42
7
-3
-22
-24
-36
-64
-65
-51
-63
-66
-112
-140
-122
-87
-69
-48
-51
-48
-54
-72
-59
-56
-69
-62
-74
-72
-46
-74
-123
-135
-160
-140
-134
-69
-50
-55
3
43
60
23
37
77
109
114
146
189
195
153
153
165
134
140
163
174
209
208
219
240
249
256
235
247
256
273
245
198
182
172
131
101
52
-9
-13
-51
-55
-79
-95
-116
-127
-113
-177
-193
-166
-180
-205
-181
-182
-170
-168
-183
-172
-145
-134
-122
-107
-82
-108
-162
-156
-144
-161
-194
-220
-249
-225
-212
-199
-189
-128
-111
-66
-26
4
48
51
43
78
84
78
133
116
106
125
116
142
199
215
220
206
219
226
226
242
240
215
166
178
157
110
109
69
25
28
-1
-33
-41
-66
-69
-74
-78
-73
-31
-46
-61
-32
-16
-23
-35
-8
-4
-9
39
48
21
58
92
74
13
29
12
-23
-40
-93
-100
-80
-57
-69
-116
-111
-90
-115
-79
-51
-54
-58
-73
-32
9
36
-2
7
28
-6
50
59
12
16
84
30
9
12
-13
-19
-59
-38
-18
-59
-22
16
9
31
41
22
16
1
-99
-93
-247
-642
-742
-202
-159
-136
-60
305
345
-463
-380
246
-292
-1865
-1223
-405
-679
-714
34
432
301
936
1728
1278
370
411
1020
432
-806
-226
-30
-571
-330
-228
-669
-477
-470
-496
-668
-500
-355
-205
-83
-336
402
379
180
126
178
249
716
349
44
866
752
539
982
867
452
1040
874
658
435
533
533
291
180
130
190
159
-32
296
-102
-174
40
-129
86
-428
20
367
12
-295
249
67
49
188
189
189
-49
187
-255
-375
34
-277
-885
-198
33
-794
-320
280
-374
-458
171
42
-185
-189
17
123
-313
207
151
-447
-246
224
-192
-830
-109
156
-560
-206
185
-166
-315
-44
164
-248
-106
-88
-307
-312
-179
-365
-673
-352
-59
-175
-487
-59
21
250
-17
40
72
61
228
104
134
-1
-37
162
322
-170
-221
44
-78
-252
-80
-140
-327
-268
43
-297
-386
-224
-3
-103
-110
158
9
164
231
212
23
23
62
293
160
13
126
13
-46
-1
68
-206
-159
79
34
-54
136
-17
-35
270
344
52
104
289
234
233
259
309
427
581
562
620
508
652
806
758
687
898
831
820
1003
1029
821
934
996
949
943
791
514
376
455
66
-280
-576
-891
-1136
-1371
-1701
-2024
-2214
-2357
-2401
-2497
-2594
-2568
-2459
-2376
-2119
-1968
-1847
-1584
-1417
-1027
-807
-666
-392
-189
54
277
322
445
718
907
1137
1314
1515
1748
2067
2146
2192
2464
2519
2676
2903
3065
3295
3560
3799
4030
4260
4514
4727
4624
3655
2509
1911
1065
-209
-1307
-2454
-3517
-4020
-4233
-5258
-6125
-6093
-5974
-5629
-5001
-4556
-3973
-2997
-1849
-1164
-786
-415
-189
190
567
560
160
-50
-57
-149
-492
-946
-1337
-1500
-1401
-1261
-1298
-1496
-1345
-1046
-737
-496
-301
107
706
1657
2359
2775
3191
3743
4317
4797
5080
5332
5785
6401
7036
7409
7684
6838
5065
3827
2906
1354
-369
-1986
-3439
-4254
-4475
-5326
-6975
-7773
-7754
-7361
-6717
-5846
-5116
-4106
-2240
-624
-60
318
847
1493
2527
3185
3222
2912
2897
2960
2409
1277
-105
-1463
-2551
-3232
-3954
-4973
-5683
-5783
-5627
-5291
-4921
-4491
-3684
-2345
-872
334
1269
2176
3189
4162
4932
5382
5651
6136
6768
7083
7169
7068
7098
7335
7892
8179
6808
4656
3291
2219
363
-1783
-3823
-5556
-6358
-6146
-6869
-8470
-9015
-8546
-7773
-6542
-5207
-4353
-2801
-121
1721
2363
2759
3094
3471
4247
4652
3968
3242
3120
2686
1725
465
-1314
-2926
-3749
-4048
-4882
-6155
-6838
-6928
-6588
-6116
-5853
-5344
-4050
-2012
-157
1095
2166
3159
4308
5461
6113
6200
6251
6717
7157
7070
6590
6019
5691
5813
6116
6482
5864
4079
2547
1752
498
-1662
-3691
-5307
-6299
-6114
-5946
-7192
-8177
-7709
-6792
-5913
-4564
-3415
-2333
58
2675
3642
3806
3974
3890
4173
4573
3880
2606
2183
2157
1506
290
-1599
-3744
-4741
-4808
-5198
-6285
-7336
-7494
-6908
-6265
-5987
-5911
-5127
-3087
-664
980
1996
2997
4057
5439
6355
6226
5873
5992
6577
6857
6373
5441
4770
4720
5078
5223
5307
5056
3943
2776
2041
854
-1201
-2968
-4202
-4984
-5082
-4974
-5827
-6643
-6174
-5306
-4738
-3783
-2658
-1573
335
2488
3284
3269
3312
3194
3125
3123
2354
1272
918
879
250
-911
-2296
-3709
-4521
-4720
-5064
-5905
-6483
-6381
-6073
-5800
-5547
-5154
-4248
-2582
-756
591
1782
2934
3910
4844
5427
5433
5420
5635
5882
5840
5496
4959
4459
4205
4259
4423
4603
5107
4742
3359
2407
1660
152
-1459
-2683
-3805
-4309
-3870
-4010
-5065
-5248
-4829
-4534
-3751
-2656
-1934
-792
1228
2491
2694
2707
2338
1939
2040
1864
1034
372
347
77
-685
-1583
-2916
-4133
-4568
-4599
-4962
-5484
-5513
-5433
-5204
-4836
-4712
-4403
-3458
-1965
-504
657
1634
2448
3292
3984
4282
4470
4620
4920
5368
5487
5280
4961
4757
4711
4909
5213
5722
5946
4937
3739
3019
1882
236
-1211
-2564
-3445
-3369
-3206
-4076
-4840
-4800
-4784
-4463
-3642
-3010
-2380
-888
724
1404
1598
1460
1091
1163
1393
1029
417
298
387
93
-457
-1482
-2757
-3508
-3734
-3988
-4509
-4875
-5016
-5007
-4816
-4848
-4850
-4312
-3263
-1956
-695
409
1327
2229
3077
3682
4127
4539
4846
5249
5540
5552
5350
5066
4924
4954
5106
5450
6012
5760
4588
3598
2733
1393
-39
-1422
-2720
-3303
-3112
-3378
-4362
-4829
-4943
-5001
-4474
-3720
-3224
-2350
-759
543
1104
1307
1156
1029
1332
1447
1114
821
877
927
686
81
-988
-2068
-2628
-2965
-3455
-4107
-4572
-4852
-5010
-5085
-5265
-5313
-4750
-3655
-2394
-1244
-188
844
1828
2797
3486
3971
4394
4844
5259
5430
5381
5210
5016
4928
4846
4843
5060
5495
5451
4398
3291
2473
1419
195
-952
-2124
-2917
-2810
-2777
-3652
-4301
-4483
-4606
-4176
-3392
-2947
-2439
-1166
167
715
852
693
436
731
1034
795
444
422
500
400
105
-812
-1973
-2493
-2664
-2997
-3442
-3903
-4255
-4282
-4084
-4314
-4606
-4243
-3423
-2276
-1062
-176
495
1379
2390
3004
3363
3599
3687
4081
4502
4487
4254
4041
3978
4000
4082
4214
4479
4935
4763
3996
3402
2760
1893
1055
251
-550
-904
-818
-1269
-2182
-2684
-3115
-3418
-3231
-3035
-3033
-2611
-1712
-1194
-1078
-1141
-1432
-1450
-1100
-1110
-1284
-1169
-882
-628
-454
-738
-1448
-1836
-1894
-1976
-2085
-2290
-2520
-2497
-2341
-2469
-2826
-2957
-2749
-2178
-1414
-861
-410
140
771
1332
1631
1739
1857
2259
2812
3153
3340
3431
3507
3791
4081
4179
4356
4849
5364
5328
4928
4458
3892
3349
2797
2052
1240
796
636
65
-848
-1607
-2381
-3039
-3295
-3552
-3957
-3991
-3582
-3332
-3245
-3228
-3421
-3423
-3021
-2746
-2551
-2149
-1644
-1131
-678
-630
-907
-1011
-926
-887
-864
-972
-1158
-1128
-1037
-1225
-1593
-1811
-1829
-1545
-1091
-797
-573
-163
334
645
790
993
1296
1787
2466
2925
3130
3345
3618
3766
3767
3772
3818
4063
4494
4542
4095
3650
3324
2958
2474
1958
1432
1131
1178
967
318
-330
-935
-1535
-1929
-2233
-2670
-2935
-2767
-2663
-2823
-3030
-3393
-3682
-3559
-3350
-3301
-3139
-2740
-2335
-2019
-1894
-2006
-2059
-1870
-1621
-1432
-1323
-1206
-981
-763
-679
-709
-732
-630
-278
123
346
519
711
839
915
1004
1083
1248
1591
1957
2180
2340
2371
2317
2265
2224
2220
2231
2317
2495
2665
2622
2343
2099
2027
1965
1949
1913
1795
1828
1936
1754
1315
929
572
190
-62
-302
-638
-857
-1037
-1345
-1675
-2039
-2451
-2754
-2928
-3079
-3176
-3211
-3237
-3182
-3105
-3153
-3152
-2993
-2806
-2567
-2238
-1979
-1690
-1242
-867
-638
-343
-60
155
429
648
676
720
868
930
978
1086
1125
1159
1296
1361
1301
1281
1316
1305
1330
1350
1255
1226
1318
1339
1317
1366
1435
1567
1805
2007
2029
2054
2098
2015
1908
1821
1639
1418
1268
1126
861
572
297
-63
-383
-601
-870
-1186
-1401
-1580
-1829
-2059
-2216
-2403
-2513
-2495
-2482
-2429
-2290
-2150
-2036
-1874
-1713
-1564
-1379
-1195
-1035
-885
-808
-807
-827
-883
-951
-936
-848
-704
-470
-241
-66
140
358
544
774
1024
1231
1439
1667
1780
1785
1778
1704
1627
1656
1699
1697
1730
1768
1725
1624
1512
1303
1119
1065
995
918
890
811
689
596
438
200
30
-51
-173
-258
-317
-482
-635
-738
-925
-1141
-1262
-1298
-1295
-1224
-1153
-1173
-1172
-1118
-1093
-1097
-1074
-1039
-1005
-959
-948
-1014
-1107
-1194
-1299
-1363
-1303
-1153
-972
-756
-547
-340
-91
180
408
623
860
1079
1254
1383
1410
1344
1269
1220
1185
1150
1125
1097
1063
1047
971
799
658
559
485
459
455
420
394
396
339
225
132
9
-98
-92
-80
-121
-155
-188
-272
-365
-458
-592
-668
-601
-505
-451
-398
-374
-381
-365
-339
-363
-372
-332
-292
-248
-216
-265
-397
-493
-546
-575
-539
-463
-398
-311
-191
-101
-51
2
34
39
78
117
106
57
-10
-70
-106
-100
-69
-36
39
175
306
389
450
495
530
592
672
702
707
730
720
667
582
432
240
81
-49
-206
-348
-442
-540
-629
-687
-775
-866
-853
-762
-647
-485
-295
-131
49
266
404
483
584
676
760
885
968
952
918
872
767
663
580
460
348
297
226
119
20
-118
-305
-477
-637
-820
-973
-1077
-1166
-1210
-1191
-1162
-1115
-1014
-896
-746
-545
-333
-130
87
292
451
590
694
749
794
825
811
775
718
580
392
188
-69
-313
-475
-608
-724
-783
-830
-885
-880
-827
-781
-678
-477
-267
-20
271
481
609
744
832
872
969
1067
1097
1146
1196
1137
1050
973
826
657
578
494
364
281
168
-20
-192
-361
-589
-783
-881
-962
-988
-925
-883
-862
-780
-690
-618
-491
-330
-191
-13
196
320
394
475
499
483
490
472
406
356
279
117
-91
-303
-516
-675
-745
-800
-848
-853
-829
-816
-781
-725
-666
-544
-353
-162
8
168
265
309
350
382
399
451
544
612
649
686
680
626
595
577
540
517
509
463
379
315
226
118
21
-72
-147
-172
-152
-143
-128
-105
-72
-26
35
83
112
174
234
278
313
323
308
308
316
281
208
123
32
-69
-188
-338
-500
-621
-691
-724
-736
-751
-753
-727
-687
-654
-610
-539
-452
-342
-227
-160
-127
-84
-53
-41
-15
21
59
120
198
240
251
269
280
298
319
326
317
305
274
217
141
70
28
13
6
-16
-38
-25
2
25
60
103
165
256
357
419
448
473
499
523
539
538
525
525
510
449
338
184
30
-95
-210
-331
-438
-507
-543
-551
-536
-543
-568
-557
-511
-461
-408
-337
-285
-235
-168
-132
-133
-120
-90
-54
4
61
91
116
148
167
171
173
157
136
132
114
69
-5
-94
-201
-276
-305
-346
-380
-400
-425
-437
-427
-415
-409
-360
-244
-110
17
135
220
307
417
513
575
627
671
719
768
753
657
541
442
338
252
168
68
-1
1
10
-31
-70
-95
-113
-95
-72
-103
-130
-94
-31
-7
-4
-12
-30
1
63
91
92
115
153
192
228
216
170
157
175
162
119
63
-7
-81
-130
-215
-348
-457
-532
-602
-675
-747
-833
-905
-926
-911
-887
-838
-757
-653
-532
-401
-284
-179
-68
47
161
258
340
407
465
506
529
537
525
508
508
522
536
541
533
506
480
461
422
364
296
246
227
228
226
206
182
158
142
140
131
110
120
168
206
221
221
209
202
228
241
223
196
185
176
146
84
-29
-159
-263
-347
-437
-538
-640
-742
-807
-852
-908
-950
-955
-921
-861
-783
-719
-664
-583
-484
-404
-325
-234
-142
-31
102
214
281
340
397
442
492
550
584
600
624
627
593
541
479
405
348
310
271
227
197
158
96
43
-7
-67
-94
-83
-64
-34
3
26
32
65
112
142
179
234
275
313
351
347
297
238
186
116
59
14
-53
-127
-181
-256
-354
-431
-481
-532
-550
-542
-552
-572
-569
-560
-554
-529
-484
-437
-358
-235
-142
-70
8
67
122
198
281
343
407
471
496
493
476
424
361
324
297
251
205
163
99
27
-45
-131
-222
-256
-245
-232
-204
-173
-166
-151
-104
-60
-30
26
105
171
240
295
290
276
274
258
229
225
220
205
193
164
91
7
-45
-97
-141
-157
-183
-225
-254
-285
-346
-392
-412
-410
-391
-333
-264
-219
-163
-104
-69
-22
51
135
229
337
417
457
485
491
459
430
415
387
356
332
277
190
93
-4
-119
-215
-268
-304
-318
-310
-313
-336
-346
-344
-338
-309
-256
-204
-152
-86
-53
-52
-55
-57
-55
-43
-17
-4
11
30
18
-26
-67
-96
-108
-96
-75
-72
-84
-93
-115
-151
-176
-189
-183
-140
-77
-29
15
56
80
100
146
205
282
383
488
559
605
626
615
585
569
545
519
500
471
410
322
220
100
-16
-115
-192
-243
-274
-285
-318
-355
-392
-427
-442
-420
-387
-342
-287
-238
-212
-201
-203
-207
-204
-177
-145
-113
-89
-81
-90
-115
-145
-167
-175
-160
-142
-129
-128
-147
-178
-209
-235
-251
-237
-196
-147
-93
-46
-15
7
32
71
128
209
305
401
478
529
553
555
539
527
511
505
504
488
449
387
301
197
96
11
-51
-95
-123
-143
-168
-204
-248
-281
-303
-309
-296
-261
-222
-178
-146
-129
-117
-111
-102
-83
-53
-20
11
31
31
22
-2
-27
-48
-65
-75
-85
-101
-120
-155
-197
-235
-260
-269
-263
-239
-207
-168
-144
-114
-87
-56
-11
46
114
193
261
314
340
351
345
335
319
306
300
291
272
241
189
124
50
-15
-68
-99
-116
-121
-123
-125
-141
-154
-176
-185
-178
-160
-129
-86
-46
-12
7
21
16
21
28
48
72
97
110
117
109
83
50
24
-1
-17
-26
-30
-46
-62
-83
-107
-127
-132
-121
-94
-56
-22
14
46
70
89
103
134
164
193
222
234
227
205
168
122
79
43
17
-3
-25
-57
-96
-142
-193
-226
-241
-243
-222
-190
-156
-128
-115
-110
-105
-101
-78
-51
-19
20
46
50
43
20
-12
-36
-45
-48
-45
-34
-30
-39
-59
-85
-113
-131
-123
-116
-94
-61
-41
-30
-17
-5
21
60
110
170
229
287
318
338
349
346
350
361
369
372
362
337
282
225
159
90
36
0
-32
-64
-94
-136
-182
-221
-257
-269
-256
-226
-188
-137
-98
-76
-64
-57
-56
-43
-22
-3
4
9
-3
-42
-88
-139
-192
-215
-230
-238
-244
-251
-268
-297
-318
-336
-344
-329
-301
-269
-228
-187
-154
-113
-68
-17
48
129
209
276
335
381
404
415
427
426
427
434
435
418
388
342
283
227
175
120
83
60
32
0
-33
-76
-115
-133
-138
-128
-92
-53
-21
9
38
40
40
40
37
37
42
45
29
7
-26
-70
-109
-145
-175
-196
-201
-219
-242
-263
-293
-326
-351
-368
-376
-366
-347
-322
-293
-259
-223
-181
-122
-62
1
71
133
183
229
266
283
299
318
328
336
346
340
322
302
275
242
209
179
150
125
105
69
36
11
-15
-35
-44
-41
-38
-22
-12
-9
-4
2
-3
-9
-6
-10
-14
-11
-13
-29
-34
-42
-57
-59
-63
-69
-75
-84
-100
-114
-129
-149
-166
-180
-195
-206
-212
-207
-195
-178
-152
-124
-89
-49
-14
17
48
80
103
130
155
175
195
211
214
214
217
205
194
191
185
170
153
141
113
86
61
31
9
-11
-28
-40
-50
-59
-70
-77
-84
-89
-93
-93
-97
-100
-100
-107
-111
-113
-114
-114
-111
-107
-104
-100
-97
-102
-104
-105
-110
-110
-104
-103
-98
-94
-86
-80
-72
-49
-25
6
43
78
110
138
163
172
189
202
211
225
233
232
228
222
207
188
175
165
152
147
138
119
103
81
56
33
16
-3
-15
-18
-25
-33
-37
-49
-56
-60
-64
-74
-82
-91
-102
-115
-131
-154
-173
-192
-205
-217
-222
-220
-227
-228
-227
-227
-230
-216
-203
-192
-175
-156
-137
-115
-94
-70
-41
-6
27
65
102
130
157
175
181
188
195
192
193
195
189
183
178
168
159
151
145
144
143
142
142
140
132
122
107
99
90
80
78
72
68
68
59
46
33
19
6
-11
-36
-58
-85
-112
-139
-169
-189
-208
-222
-229
-225
-221
-217
-212
-202
-189
-178
-169
-158
-139
-118
-102
-88
-69
-54
-44
-25
-2
20
42
59
72
75
75
76
71
71
66
66
65
65
71
74
81
85
93
102
111
125
133
143
142
142
139
127
121
118
114
109
101
92
80
66
51
34
12
-5
-17
-33
-48
-63
-83
-99
-113
-122
-123
-120
-115
-107
-96
-91
-82
-72
-72
-67
-62
-53
-44
-36
-32
-29
-26
-24
-18
-14
-8
-2
7
12
14
8
0
-2
-9
-8
-4
0
10
21
26
34
36
44
57
60
68
73
80
77
69
54
36
22
9
-2
-6
-14
-24
-30
-44
-56
-65
-70
-71
-69
-61
-54
-51
-47
-50
-48
-43
-32
-22
-7
10
22
33
38
40
40
39
45
48
53
58
59
56
51
49
47
47
49
53
60
63
68
60
57
56
54
58
65
74
83
91
92
88
80
75
67
58
49
41
26
7
-20
-52
-77
-107
-126
-138
-147
-162
-174
-180
-188
-199
-205
-205
-194
-181
-170
-152
-139
-129
-121
-111
-101
-84
-70
-51
-32
-19
-5
-4
-3
1
7
13
25
40
50
60
68
69
68
70
82
94
113
128
142
156
167
173
179
195
211
226
239
249
255
248
238
224
205
187
169
150
129
101
65
28
-9
-45
-74
-98
-121
-138
-153
-166
-180
-195
-206
-213
-218
-212
-208
-200
-194
-194
-195
-197
-196
-196
-191
-185
-177
-167
-163
-160
-158
-159
-164
-159
-144
-136
-114
-95
-83
-70
-61
-44
-22
6
38
69
105
136
166
195
217
240
265
285
306
324
337
344
339
329
312
294
280
265
245
226
205
175
141
105
76
51
29
15
3
-12
-29
-46
-66
-82
-98
-110
-118
-123
-129
-133
-144
-159
-171
-186
-199
-208
-214
-213
-214
-226
-230
-238
-244
-250
-248
-243
-234
-221
-204
-190
-179
-164
-148
-122
-94
-62
-29
2
38
66
93
114
140
163
185
208
224
238
244
243
239
236
228
220
217
210
205
194
178
159
144
128
115
108
97
90
78
68
53
36
22
7
0
-6
-14
-24
-39
-50
-63
-76
-87
-96
-103
-109
-114
-121
-131
-144
-153
-162
-170
-167
-164
-164
-157
-155
-150
-142
-135
-126
-112
-92
-73
-52
-33
-17
-1
14
31
46
61
76
91
105
106
109
108
108
111
110
112
110
106
103
92
81
72
62
53
45
40
35
30
23
9
0
-8
-19
-22
-25
-27
-31
-34
-42
-47
-49
-52
-51
-54
-52
-51
-50
-50
-52
-58
-61
-61
-59
-54
-51
-44
-42
-39
-42
-38
-29
-25
-16
-4
5
13
24
30
39
42
48
58
69
81
89
92
89
89
88
86
84
82
82
79
74
65
50
37
27
20
12
3
-5
-14
-22
-32
-43
-50
-59
-64
-67
-68
-70
-72
-73
-76
-81
-80
-79
-79
-70
-66
-63
-60
-59
-56
-58
-56
-53
-48
-38
-33
-30
-26
-20
-18
-16
-6
0
11
23
33
41
47
54
59
66
76
87
94
104
115
116
119
116
112
114
110
107
101
98
90
78
69
54
45
34
18
12
3
-10
-21
-34
-45
-58
-69
-73
-75
-81
-82
-87
-91
-95
-99
-99
-97
-95
-90
-88
-86
-83
-81
-80
-76
-73
-67
-59
-50
-44
-39
-32
-28
-23
-16
-8
1
12
20
29
37
43
50
58
64
72
80
86
92
94
98
97
95
96
97
98
95
95
90
85
75
66
57
46
38
31
21
12
2
-8
-21
-31
-36
-42
-48
-53
-57
-60
-63
-70
-74
-75
-75
-76
-75
-73
-72
-71
-67
-66
-64
-57
-53
-44
-38
-33
-28
-20
-15
-11
-6
0
6
11
18
24
27
29
34
38
42
47
51
55
60
63
64
62
63
63
61
60
60
58
56
51
46
39
33
27
19
11
6
1
-7
-12
-19
-25
-33
-39
-40
-44
-49
-51
-53
-60
-60
-60
-59
-58
-57
-57
-57
-53
-54
-49
-46
-45
-41
-40
-33
-27
-21
-16
-9
-4
-2
4
8
15
23
28
34
36
41
44
49
55
54
57
58
60
63
64
61
60
57
58
58
51
47
44
42
36
32
26
18
12
6
1
-7
-12
-16
-22
-26
-33
-38
-45
-52
-52
-55
-60
-63
-63
-67
-69
-69
-68
-67
-66
-64
-62
-58
-55
-52
-48
-43
-40
-35
-27
-24
-19
-14
-9
-1
8
16
23
32
39
42
47
54
59
64
68
71
75
80
82
81
83
82
83
82
78
73
68
62
55
47
41
39
30
22
13
3
-3
-13
-21
-29
-33
-39
-43
-48
-55
-59
-63
-67
-68
-71
-73
-73
-75
-75
-76
-76
-74
-72
-69
-68
-66
-65
-65
-62
-58
-52
-44
-39
-33
-27
-24
-18
-14
-7
3
11
21
30
39
45
51
58
65
72
78
84
88
90
94
95
95
97
95
92
89
83
76
70
64
57
51
47
42
34
26
16
8
2
-3
-7
-12
-17
-21
-27
-31
-35
-39
-42
-46
-49
-52
-56
-58
-59
-61
-63
-64
-66
-65
-65
-72
-74
-73
-73
-70
-67
-64
-59
-56
-52
-46
-41
-35
-28
-17
-10
-1
8
16
22
27
32
38
44
47
50
53
54
56
57
58
59
54
53
49
45
43
37
34
32
31
31
30
29
25
21
19
17
17
17
16
14
14
12
10
7
6
5
2
-3
-7
-11
-14
-18
-21
-20
-24
-25
-27
-32
-34
-38
-39
-40
-37
-36
-33
-31
-29
-29
-28
-25
-23
-19
-13
-8
-4
-2
1
3
5
6
5
6
8
6
5
4
4
3
4
4
2
-1
-4
-9
-12
-10
-8
-7
-6
-5
-4
-4
-3
-4
-3
-2
0
5
5
7
8
8
10
10
10
9
9
10
11
9
6
8
9
11
10
10
11
7
5
7
9
10
10
15
16
19
19
17
17
18
19
20
20
22
21
19
16
13
10
10
7
2
-2
-7
-13
-18
-19
-21
-22
-24
-28
-31
-35
-35
-36
-36
-35
-30
-29
-26
-25
-22
-18
-18
-12
-11
-8
-5
-2
1
1
4
6
6
6
6
7
7
5
3
3
4
5
7
6
4
6
6
6
8
11
13
14
18
21
22
24
25
25
27
29
30
29
29
26
26
24
23
20
19
16
12
9
5
0
-3
-3
-8
-11
-12
-14
-17
-19
-21
-23
-21
-20
-20
-19
-20
-20
-19
-19
-18
-17
-16
-14
-14
-14
-12
-11
-9
-8
-8
-6
-3
-3
-4
-3
1
1
2
5
7
7
8
8
7
8
6
7
8
6
6
5
4
2
3
0
-2
-4
-5
-7
-7
-6
-7
-9
-8
-7
-6
-4
-7
-4
-2
-2
4
5
7
8
9
10
14
13
13
14
12
12
12
9
6
8
6
4
2
0
-3
-4
-6
-7
-8
-10
-10
-11
-10
-11
-12
-11
-12
-10
-9
-8
-6
-4
-3
-2
0
0
-2
1
1
0
2
2
4
4
3
4
4
5
3
5
4
3
2
2
2
1
3
3
3
3
1
2
3
2
-2
-1
-3
-5
-5
-7
-7
-8
-8
-11
-10
-9
-9
-8
-7
-5
-4
-3
1
2
5
7
8
10
11
12
11
11
11
11
9
8
7
5
4
3
0
-3
-3
-5
-7
-7
-6
-7
-9
-10
-10
-9
-7
-6
-5
-5
-3
-2
-1
1
4
5
4
4
7
6
6
6
7
5
5
5
4
3
3
3
1
-1
-1
-1
-2
-2
-4
-2
0
-2
-3
-4
-2
-2
-3
-5
-4
-5
-5
-4
-2
-2
-2
-2
-1
-1
-1
-1
-1
0
1
2
4
3
4
5
5
7
6
7
8
8
10
8
7
6
7
4
4
3
2
2
0
-2
-5
-7
-8
-6
-7
-7
-8
-7
-7
-7
-8
-7
-6
-6
-3
-3
-4
-2
-2
-1
-1
-1
0
-1
1
1
2
0
2
2
3
4
2
3
2
3
3
3
3
2
3
0
2
1
1
2
1
2
2
1
0
0
1
-1
0
0
0
2
2
2
3
2
2
2
5
3
1
1
1
1
-2
-2
-3
-2
-2
-3
-3
-2
-4
-2
-3
-4
-3
-4
-2
-3
-4
-2
-3
-2
-3
-2
-1
-2
-1
1
-1
0
1
1
3
1
0
1
1
0
1
1
2
1
-2
1
0
0
-1
-1
-1
-1
-1
-3
-2
0
0
-1
-1
-2
0
1
0
1
2
2
1
3
3
3
4
3
4
3
4
5
6
6
6
5
3
5
6
4
3
4
3
4
2
2
3
3
1
-1
0
-1
1
3
3
0
-2
-2
0
1
1
2
-1
0
1
-1
1
1
0
1
0
0
-1
-1
-2
-1
-1
-1
-1
-2
-2
-3
-4
-3
-2
-2
-3
-3
-2
0
-1
0
2
2
1
1
0
0
3
1
2
2
2
-1
0
2
1
-1
0
1
1
2
-1
-1
0
-1
0
1
2
2
3
3
3
2
2
3
3
2
-1
0
1
1
-2
-2
-1
-2
-1
0
0
-2
-2
-4
-4
-2
-3
-2
-3
-4
-2
-4
-4
-4
-3
-5
-3
-3
-5
-4
-6
-4
-6
-5
-4
-4
-3
-2
-3
-3
-3
-3
-1
0
-2
-1
-2
-1
1
1
2
2
1
0
1
0
-1
1
-1
0
1
0
1
1
1
1
0
0
1
1
1
2
2
2
1
2
1
0
2
0
0
1
0
0
1
0
0
1
1
3
3
2
3
1
1
0
-1
-1
1
0
0
-1
-1
-1
0
-2
-2
-2
-4
-2
-1
-2
-1
-2
-1
-2
-1
1
-3
-2
0
3
4
2
2
3
4
6
4
5
7
6
8
7
8
7
7
6
6
5
4
3
2
1
1
1
0
0
-2
-2
-2
-3
-3
-1
-2
-4
-2
-2
-2
-2
-2
-2
-2
-3
0
-1
-1
-1
1
0
1
0
1
3
3
4
3
4
5
7
8
7
7
7
7
6
7
7
4
5
4
5
3
4
5
2
2
1
-1
-2
-1
-2
-4
-6
-6
-7
-8
-10
-11
-12
-12
-12
-14
-16
-16
-15
-16
-18
-19
-18
-19
-19
-19
-18
-19
-18
-17
-17
-17
-16
-13
-12
-11
-9
-8
-5
-3
-2
-1
1
1
3
6
6
7
8
9
9
10
10
11
12
12
13
12
14
12
12
11
11
11
9
10
9
9
8
9
7
6
6
6
7
5
4
2
1
-1
0
0
-1
-1
-2
-1
-2
-2
-2
-2
-1
1
1
2
2
3
5
6
7
7
8
9
13
14
12
17
18
18
19
20
21
21
22
21
21
24
23
24
24
23
22
23
21
22
19
19
18
15
13
11
9
7
5
3
0
-3
-5
-6
-7
-8
-10
-14
-17
-19
-21
-22
-25
-25
-26
-28
-29
-29
-30
-31
-32
-31
-29
-29
-30
-27
-28
-27
-26
-25
-20
-19
-17
-17
-16
-15
-13
-11
-13
-12
-12
-10
-7
-5
-5
-4
-5
-3
-3
-2
-3
-3
-3
-2
-4
-5
-5
-5
-5
-5
-6
-7
-7
-7
-6
-9
-7
-8
-7
-7
-7
-6
-8
-5
-6
-6
-6
-5
-7
-6
-6
-5
-2
-3
-2
0
2
3
4
5
7
7
10
12
12
14
15
17
19
19
21
22
22
24
24
26
28
26
27
27
29
27
28
28
28
25
25
26
24
24
22
22
22
18
16
16
15
12
12
8
8
7
4
4
2
1
0
0
-2
-2
-4
-5
-4
-3
-5
-5
-5
-5
-7
-5
-6
-6
-5
-4
-5
-5
-6
-4
-4
-5
-4
-5
-3
0
-1
0
2
3
3
2
4
4
4
3
4
3
2
3
1
1
-1
-1
0
-3
-2
-4
-3
-4
-4
-4
-6
-7
-9
-8
-9
-9
-10
-9
-11
-11
-11
-11
-12
-13
-13
-13
-12
-13
-11
-13
-12
-13
-13
-15
-13
-12
-13
-11
-11
-11
-9
-10
-11
-10
-10
-9
-10
-7
-9
-9
-7
-6
-7
-7
-6
-6
-5
-5
-3
-4
-3
-2
-4
-1
1
1
0
0
0
1
1
1
2
3
1
1
1
1
2
3
3
3
2
1
1
3
3
1
2
4
5
4
4
2
3
4
5
5
4
4
4
5
4
4
1
2
3
5
6
4
5
4
4
5
4
4
6
5
5
6
5
6
7
7
7
7
8
8
8
7
8
7
7
7
6
5
6
7
6
6
2
3
4
5
3
5
5
5
5
4
6
5
5
6
4
6
7
4
3
3
3
3
2
-1
-1
-2
0
-1
-1
-2
-2
-3
-4
-3
-1
-1
-3
-3
-2
-3
-2
0
-1
0
0
0
-1
-2
-2
-1
-1
-1
0
1
-1
0
0
1
1
-1
-1
0
-2
-1
-2
-3
-2
-3
-4
-4
-5
-4
-6
-5
-6
-5
-6
-6
-6
-7
-6
-6
-5
-7
-7
-7
-7
-6
-7
-7
-5
-5
-6
-5
-6
-5
-4
-3
-4
-2
-3
-4
-1
-2
-3
-4
-2
-2
-2
-2
-3
-4
-3
-3
-2
-2
-2
-1
-2
-1
1
1
1
0
0
0
0
1
2
0
0
2
4
2
2
2
2
2
4
3
3
2
3
4
4
4
3
3
4
5
4
4
4
5
6
7
7
7
4
5
4
1
1
1
1
2
1
2
1
-2
0
-1
-3
-3
-3
-3
-4
-4
-4
-3
-3
-2
-2
-2
-1
-2
-1
-1
1
1
-1
0
1
2
1
2
2
1
1
2
0
2
1
0
-1
-1
-1
-2
-2
-2
-1
-1
1
1
0
0
2
1
3
3
2
2
4
5
1
3
2
2
3
0
3
1
2
3
1
3
3
3
2
2
3
2
3
3
2
1
1
-1
-1
0
0
1
1
0
0
0
-1
-2
-2
1
2
1
1
1
3
2
3
2
2
1
1
3
3
3
2
0
3
2
2
3
1
1
1
3
2
2
0
-1
-1
1
0
0
1
0
-2
-1
-1
-1
0
-2
-2
-3
-3
-2
-3
-4
-2
-2
-3
-4
-3
-2
-4
-2
-2
-2
-1
-3
0
0
1
2
0
0
0
1
1
0
1
1
1
1
1
0
2
2
1
1
3
2
1
2
2
2
1
1
3
3
4
1
0
1
2
2
1
1
0
-1
0
-2
-2
-4
-4
-4
-4
-2
-2
-2
-3
-4
-4
-4
-5
-5
-5
-5
-6
-7
-5
-5
-4
-3
-3
-3
-2
-2
-2
0
-2
-1
-1
-1
0
-1
1
1
1
3
2
2
2
2
3
2
2
1
2
3
1
2
2
1
-1
-1
0
0
1
-1
1
2
2
1
0
1
1
2
2
2
3
2
1
2
3
2
2
1
4
6
4
5
5
2
1
1
1
1
1
2
2
2
2
1
0
1
0
0
1
0
-1
-1
0
-1
-2
-3
-2
-3
-3
-2
-3
-2
-2
-1
-2
-2
-2
-1
-1
0
0
0
1
1
1
0
2
3
0
1
4
3
2
1
2
4
2
4
5
2
3
-1
1
1
1
4
1
1
2
3
5
4
4
7
9
10
10
10
13
11
13
13
11
10
9
11
11
10
5
7
5
2
3
4
4
3
1
2
2
3
2
0
4
0
4
4
2
3
4
2
3
5
6
3
0
-2
-4
-7
-11
-11
-11
-14
-15
-16
-14
-14
-21
-17
-15
-23
-18
-13
-10
-7
-11
-12
-8
-11
-7
0
2
-3
-1
-1
-3
2
-3
-1
1
9
15
10
16
11
7
13
10
2
6
4
-3
-1
-5
-10
-14
-9
-9
-15
-16
-3
-2
-3
-2
-9
-3
3
6
5
13
19
13
19
15
0
-10
-6
-13
-18
-19
-25
-26
-41
-48
-48
-38
-43
-42
-36
-48
-54
-50
-41
-50
-51
-40
-48
-42
-38
-47
-55
-50
-42
-47
-54
-49
-37
-42
-44
-37
-27
-21
-9
-11
-27
-21
-10
2
2
4
12
16
16
11
18
14
26
39
49
53
41
57
59
61
77
76
62
58
56
50
45
41
30
31
36
28
29
33
38
36
36
49
54
58
66
72
61
53
54
54
52
33
32
33
0
-3
-5
-8
-7
-28
-29
-20
-16
-13
-11
-11
-4
-5
-18
-3
9
9
17
18
11
18
19
19
28
26
17
11
26
11
16
31
25
33
26
19
23
31
27
32
40
26
33
37
32
32
44
52
56
48
40
32
25
26
21
32
49
47
26
29
41
40
36
28
16
8
-4
-7
-11
-14
-20
-42
-34
-47
-71
-92
-131
-129
-114
-166
-189
-179
-205
-228
-229
-238
-276
-287
-288
-263
-252
-245
-231
-185
-132
-423
-501
-427
-542
-541
-434
-336
-78
108
341
635
57
-160
107
50
-201
-367
-304
-444
-138
50
-47
151
412
443
393
511
408
608
687
274
209
145
-1
54
-233
-336
-379
-249
-45
-151
197
148
2
455
312
143
492
421
423
298
174
390
-128
226
237
-49
196
181
324
126
333
439
79
302
597
63
-4
237
348
208
-4
244
289
200
194
-46
42
102
-71
-42
-21
-353
-248
9
-610
-683
-321
-586
-663
-270
-293
-553
-228
-67
-211
-50
-34
26
197
66
-60
37
114
-178
-317
98
43
-350
-132
109
-93
64
302
167
49
362
391
-26
110
240
-11
-23
-10
90
-170
-279
40
-53
-545
-313
142
48
-128
-90
101
-161
343
279
-7
311
434
360
133
143
214
264
60
13
-13
-173
-348
-80
-14
-569
-218
-35
-182
-6
-41
-259
-38
16
-38
-51
-12
-104
-277
-103
-179
-288
-479
-355
-226
-363
-373
-371
-293
-224
-234
-345
-195
0
-64
48
38
-31
-18
187
409
234
145
458
463
219
322
293
115
225
341
169
-186
212
298
43
155
229
-48
-129
194
164
-70
56
-12
-64
68
101
-69
46
146
191
291
300
126
271
377
182
92
194
154
19
178
51
-10
-92
-130
-232
-262
-285
-446
-414
-461
-394
-350
-563
-542
-338
-667
-724
-415
-457
-721
-537
-335
-574
-462
-226
-378
-435
-203
-104
-149
-25
-3
207
161
194
446
632
641
534
808
923
1038
1018
1147
1275
1339
1344
1519
1490
1417
1597
1766
1758
1707
1856
1848
1938
1835
1623
1103
715
685
513
-49
-653
-932
-1215
-1592
-1970
-2419
-2817
-3061
-2894
-3100
-3555
-3625
-3460
-3274
-3120
-2959
-2927
-2638
-2149
-1814
-1639
-1328
-877
-382
-9
228
424
537
732
1134
1412
1232
1263
1464
1353
1244
1370
1519
1274
1304
1695
1857
1668
1609
2131
2473
2340
2451
2783
2874
3016
3471
3721
3125
2363
2224
2219
1644
907
154
-462
-766
-1063
-1748
-2611
-3104
-3226
-3269
-3256
-3574
-3858
-3619
-3167
-2932
-3027
-2934
-2552
-2032
-1728
-1640
-1568
-1251
-828
-289
-28
-166
-170
84
344
238
114
50
75
102
72
-48
-326
-357
-31
267
192
172
512
807
912
1207
1530
1827
2166
2634
2970
3024
3179
3501
3918
4221
4404
4773
4918
4219
3321
2948
2703
2011
1095
317
-327
-1001
-1737
-2482
-3182
-3871
-4152
-3855
-3807
-4277
-4448
-4120
-3713
-3308
-2925
-2673
-2501
-1985
-1528
-1316
-1192
-1218
-906
-300
-66
-300
-488
-363
-272
-107
-123
-375
-526
-445
-447
-582
-706
-1177
-876
-119
168
-50
-31
686
1170
1565
1919
2256
2772
3036
3406
3710
3643
3564
3891
4287
4364
4282
4375
4098
3222
2589
2197
1891
1278
515
-175
-784
-1279
-1950
-2561
-3179
-3613
-3528
-3464
-3561
-3838
-3885
-3509
-3039
-2613
-2444
-2203
-1857
-1475
-1234
-1158
-1064
-877
-431
-137
-184
-412
-635
-656
-634
-646
-861
-953
-923
-1078
-1020
-1001
-1088
-1058
-462
98
132
380
765
1125
1373
1767
2076
2057
2355
2520
2319
2381
2412
2261
2203
2286
2392
2385
2357
2335
2355
1984
1562
1470
1479
1358
983
581
332
291
184
-139
-475
-767
-939
-959
-938
-1193
-1530
-1557
-1391
-1332
-1525
-1699
-1636
-1481
-1569
-1717
-1729
-1790
-1838
-1756
-1775
-1817
-1858
-1996
-2012
-1741
-1555
-1619
-1562
-1306
-866
-726
-581
-301
43
432
686
822
922
990
1194
1271
1082
1238
1409
1192
843
843
948
778
426
295
447
428
347
431
717
812
810
1108
1492
1824
1801
1753
1977
2084
2068
1968
1953
1972
1901
1708
1371
1190
976
690
459
262
-26
-353
-560
-807
-1064
-1376
-1690
-1775
-1847
-2034
-2221
-2325
-2379
-2447
-2428
-2455
-2389
-2282
-2203
-2066
-1967
-1856
-1693
-1525
-1309
-1065
-908
-725
-507
-277
-58
101
208
352
444
366
523
1000
1136
854
806
1108
1471
1446
1201
1211
1348
1425
1329
1342
1459
1433
1349
1340
1421
1414
1318
1158
1121
1163
1087
986
887
816
721
619
502
403
281
176
57
-67
-187
-278
-364
-473
-593
-712
-858
-938
-961
-1018
-1109
-1197
-1196
-1250
-1330
-1371
-1395
-1338
-1278
-1337
-1352
-1240
-1207
-1136
-984
-879
-782
-708
-531
-413
-271
-168
16
347
393
308
378
621
696
634
738
816
695
597
759
780
599
513
609
606
506
520
516
309
183
347
445
378
305
333
195
208
298
357
364
374
413
352
339
448
578
467
316
342
285
33
-51
141
189
-101
-278
-190
-67
-165
-317
-350
-397
-372
-401
-432
-497
-552
-445
-443
-549
-516
-388
-354
-416
-468
-435
-246
-101
-191
-337
-155
-15
-202
-303
-159
-94
-166
-164
-53
-129
-164
-97
-45
69
-51
-54
173
129
-27
-1
153
251
117
18
53
136
121
68
-13
62
60
-13
112
-7
-37
60
175
232
126
280
375
366
429
453
653
678
706
702
663
793
821
887
646
546
593
545
382
211
262
202
41
-63
-109
-175
-320
-310
-332
-408
-540
-511
-518
-518
-548
-590
-550
-608
-526
-349
-299
-528
-449
-251
-114
-512
-620
-373
-360
-404
-582
-692
-615
-538
-700
-833
-898
-799
-797
-729
-667
-722
-707
-700
-512
-417
-225
-155
-288
-175
127
382
226
291
540
756
692
786
992
981
985
962
1228
1196
1184
1171
1147
1166
1128
1248
1093
1074
1042
979
948
827
848
791
718
598
443
360
415
455
219
48
95
21
-67
-139
-250
-473
-737
-719
-782
-894
-1207
-1428
-1334
-1277
-1304
-1519
-1707
-1511
-1368
-1537
-1560
-1418
-1247
-1297
-1159
-907
-918
-1049
-853
-509
-452
-274
-132
-342
-284
111
402
165
186
501
621
412
664
953
589
579
979
1184
1076
1236
1165
1098
1377
1589
1592
1393
1615
1805
1685
1609
1632
1495
1303
1292
1251
1250
1007
707
517
437
436
258
-106
-364
-339
-356
-527
-737
-905
-980
-1055
-1129
-1060
-1193
-1504
-1561
-1377
-1449
-1653
-1738
-1731
-1596
-1669
-1563
-1613
-1643
-1706
-1449
-1107
-1209
-1325
-1237
-832
-807
-687
-719
-667
-311
-96
-18
-102
5
193
671
532
360
778
832
977
792
841
582
582
1096
1480
1427
1037
1496
1855
2199
2070
2202
2257
2254
2322
2353
2198
1750
1587
1438
1450
1204
789
258
94
184
-23
-347
-600
-582
-723
-839
-987
-1247
-1394
-1460
-1346
-1479
-1740
-1951
-1824
-1739
-1851
-1821
-1974
-2061
-1940
-1714
-1760
-1879
-1730
-1336
-1225
-1255
-1024
-797
-554
-265
-192
-340
-110
169
448
421
297
98
482
896
708
564
613
812
789
1290
1341
919
677
1127
1866
1613
1214
1258
1593
1831
1868
1950
1848
1863
2179
2625
2354
1798
1398
1469
1686
1431
970
441
211
93
-87
-372
-796
-1102
-1264
-1319
-1417
-1713
-1962
-2115
-1994
-1832
-1882
-2027
-2043
-1951
-1879
-1650
-1487
-1582
-1713
-1597
-1447
-1227
-1055
-1127
-1260
-1096
-628
-520
-861
-814
-565
-241
-197
-324
-323
-209
-81
144
417
125
233
516
712
867
1025
1188
1009
1149
1717
1773
1406
1408
1938
2261
2284
2212
2175
2484
2771
3098
3076
2614
2145
2034
2354
2293
1603
662
360
422
259
-264
-877
-1541
-1831
-1601
-1612
-2152
-2756
-2781
-2508
-2290
-2331
-2666
-2836
-2524
-2159
-1985
-1954
-1883
-1721
-1441
-1242
-1239
-1098
-960
-814
-721
-628
-537
-575
-563
-467
-355
-309
-312
-220
-167
-260
-91
161
315
398
495
572
757
1058
1317
1286
1295
1544
1904
2181
2380
2453
2515
2944
3396
3748
3907
3898
3515
3112
3040
3008
2824
2228
1341
601
289
-69
-703
-1306
-1965
-2458
-2592
-2716
-3141
-3665
-3711
-3475
-3201
-3126
-3353
-3368
-3055
-2565
-2219
-2045
-1960
-1662
-1061
-805
-767
-644
-377
-40
220
177
-143
-196
-28
71
30
-236
-473
-368
-183
-210
-353
-269
-3
257
382
529
760
952
1221
1689
2025
2077
2319
2715
3075
3292
3646
4026
4197
4664
4774
4032
3318
3191
3380
3087
2186
991
90
-258
-602
-1149
-1947
-2933
-3534
-3434
-3466
-4005
-4405
-4316
-3983
-3688
-3606
-3672
-3532
-3044
-2415
-1939
-1895
-1949
-1564
-882
-500
-450
-407
-308
-109
132
170
-1
-82
-39
-14
-88
-282
-458
-351
-138
-24
50
177
359
652
1028
1282
1593
2023
2383
2634
2944
3311
3505
3822
4187
4463
4771
5163
5354
4621
3719
3391
3515
3370
2361
1076
-107
-655
-940
-1517
-2326
-3466
-4313
-4382
-4349
-4693
-5197
-5153
-4754
-4374
-4230
-4255
-4115
-3543
-2686
-2108
-2042
-2364
-2038
-1107
-340
-205
-482
-592
-294
326
591
317
-37
-128
148
291
-31
-364
-328
92
454
572
471
521
1032
1802
2220
2321
2560
3000
3600
4096
4297
4396
4674
5099
5691
6118
6262
5150
4028
3868
4015
3937
2571
871
-381
-698
-935
-1803
-2987
-4203
-4965
-4722
-4684
-5392
-6122
-5941
-5288
-4780
-4751
-4947
-4750
-3970
-2942
-2473
-2643
-3040
-2576
-1199
-410
-510
-971
-1108
-548
381
767
243
-275
-358
61
347
8
-400
-294
186
437
498
439
544
1311
2217
2562
2538
2711
3363
4116
4883
5105
5007
5101
5650
6548
7198
7070
5311
4362
4640
4887
4376
2615
682
-473
-395
-658
-1897
-3442
-4792
-5185
-4753
-4905
-5887
-6387
-5986
-5375
-4838
-4946
-5256
-4852
-3668
-2762
-2474
-2773
-3118
-2543
-1277
-555
-757
-1157
-1487
-1038
12
276
-276
-754
-863
-581
-297
-409
-778
-618
-197
64
257
281
476
1282
2240
2569
2636
2897
3465
4319
5157
5340
5242
5483
6113
6856
7431
7015
5290
4675
5060
5303
4457
2536
651
-54
187
-328
-1655
-3193
-4429
-4573
-4138
-4589
-5636
-5978
-5498
-4889
-4614
-5054
-5267
-4643
-3490
-2831
-2836
-3398
-3431
-2294
-1197
-1094
-1576
-1861
-1582
-729
-101
-488
-1136
-1271
-906
-437
-531
-1079
-1232
-778
-292
-136
-84
-7
563
1464
2038
2125
2227
2992
3876
4524
4835
4779
5027
5687
6485
7021
7319
6524
5026
4927
5480
5435
4349
2449
814
439
677
21
-1268
-2662
-3774
-3762
-3507
-4116
-5030
-5034
-4686
-4433
-4403
-4859
-4874
-4081
-3180
-2992
-3370
-3818
-3609
-2168
-1214
-1634
-2240
-2463
-1865
-756
-292
-966
-1580
-1481
-1085
-597
-753
-1327
-1282
-709
-397
-343
-248
-40
673
1565
1872
1821
2163
3016
3889
4557
4518
4393
4956
5804
6626
7169
7147
5400
4678
5411
5969
5409
3493
1547
718
1166
1009
-113
-1690
-3196
-3498
-2957
-3264
-4312
-4829
-4478
-4146
-4057
-4493
-4750
-4281
-3311
-2783
-3089
-3828
-3808
-2683
-1612
-1611
-2335
-2644
-2282
-1446
-775
-1073
-1761
-1971
-1570
-1029
-1075
-1464
-1660
-1374
-981
-812
-572
-397
97
852
1340
1469
1756
2675
3583
4157
4332
4263
4795
5547
6471
6913
7164
6825
5401
5402
5879
6069
5173
3315
1721
1168
1476
1031
-175
-1676
-2962
-3081
-2711
-3137
-4029
-4366
-4239
-4020
-4009
-4338
-4322
-3894
-3298
-3185
-3418
-3848
-3524
-2461
-1897
-2260
-2807
-2872
-2356
-1449
-1123
-1648
-2164
-2270
-1769
-1172
-1308
-1737
-1796
-1465
-1166
-887
-625
-493
25
664
1044
1313
1841
2585
3428
3858
3970
4282
4760
5532
6321
6820
7165
6579
5516
5463
6173
6410
5221
3373
1877
1679
2006
1557
38
-1611
-2691
-2629
-2246
-2816
-3878
-4376
-4176
-3915
-3936
-4215
-4416
-3955
-3382
-3335
-3534
-3865
-3494
-2460
-1916
-2580
-3113
-2972
-2280
-1280
-1393
-2198
-2542
-2268
-1641
-1196
-1533
-2205
-2031
-1406
-1067
-820
-727
-567
52
746
1003
1380
1946
2672
3479
3828
3888
4082
4829
5565
6211
6586
6697
6523
5631
5511
6009
6207
5211
3486
2313
1968
2236
1855
445
-1108
-2139
-2200
-1872
-2234
-3374
-3964
-3869
-3725
-3657
-3895
-4115
-4098
-3605
-3461
-3698
-3695
-3584
-2909
-2552
-3018
-3231
-2960
-2352
-1960
-1878
-2387
-2594
-2197
-1689
-1383
-1671
-2003
-1931
-1363
-969
-826
-593
-455
11
585
979
1339
1911
2630
3141
3395
3591
4129
4837
5274
5604
5999
6450
6708
5842
5263
5596
5900
5310
3882
2557
1887
2135
1988
827
-707
-1879
-2265
-1705
-1874
-2989
-3740
-3757
-3576
-3446
-3573
-3925
-4053
-3554
-3355
-3431
-3614
-3675
-3088
-2506
-2881
-3302
-3073
-2625
-2185
-2041
-2540
-2875
-2473
-1923
-1629
-1855
-2303
-2165
-1469
-1025
-975
-850
-636
-159
588
967
1217
1804
2413
3042
3366
3609
4079
4682
5243
5631
6160
6412
6817
6285
5555
5861
6180
5818
4390
2994
2193
2324
2371
1232
-237
-1624
-2298
-1885
-1806
-2737
-3777
-3950
-3875
-3688
-3718
-4042
-4167
-3871
-3660
-3641
-3669
-3627
-3210
-2723
-2886
-3122
-2863
-2531
-2260
-2077
-2172
-2456
-2293
-1922
-1651
-1726
-1991
-1938
-1589
-1289
-1122
-901
-637
-413
128
641
964
1449
2092
2666
2998
3200
3693
4317
4926
5354
5771
6124
6538
6678
5835
5653
6179
6208
5296
3734
2599
2448
2751
2185
664
-884
-2005
-1988
-1474
-2048
-3307
-4020
-4115
-3928
-3719
-3912
-4360
-4322
-4096
-4028
-3942
-3890
-3685
-3167
-3053
-3474
-3316
-2814
-2499
-2193
-2220
-2638
-2493
-1901
-1540
-1580
-1897
-2051
-1626
-1071
-951
-855
-630
-490
-70
581
992
1259
1931
2399
2630
2943
3381
4087
4775
5124
5307
5726
6311
6962
6591
5721
5838
6327
6146
4867
3417
2719
2849
2791
1796
189
-1286
-1920
-1363
-1370
-2519
-3757
-4208
-4009
-3656
-3700
-4274
-4673
-4476
-4210
-3999
-4101
-4188
-3744
-3244
-3410
-3653
-3320
-2962
-2475
-2219
-2566
-2748
-2340
-1694
-1364
-1559
-2016
-1894
-1146
-720
-590
-549
-568
-271
445
1093
1239
1578
2069
2325
2685
3056
3546
4330
4727
4745
5098
5707
6419
6988
6046
5283
5802
6325
5836
4412
3227
2679
3026
2753
1348
-132
-1393
-1518
-900
-1473
-3022
-4079
-4020
-3720
-3431
-3877
-4798
-4935
-4566
-4171
-4140
-4465
-4602
-4030
-3552
-3763
-3805
-3544
-3217
-2710
-2574
-2793
-2743
-2122
-1585
-1519
-1790
-1951
-1330
-614
-421
-553
-542
-321
279
1140
1376
1389
1763
2103
2502
3035
3487
3878
4386
4521
4770
5377
6005
6718
6878
5792
5284
6033
6401
5762
4385
3249
2792
3041
2565
1321
-122
-1215
-1319
-1016
-1712
-3111
-3823
-3842
-3742
-3594
-4115
-4764
-4861
-4532
-4351
-4507
-4669
-4652
-4051
-3884
-4098
-3940
-3680
-3335
-2921
-2741
-2822
-2591
-2092
-1837
-1723
-1787
-1587
-981
-649
-649
-579
-374
-29
600
1122
1257
1391
1755
2141
2561
3163
3550
3944
4157
4386
4777
5466
6235
6772
6592
5364
5262
6272
6689
5702
4057
2883
2829
3332
2746
1170
-499
-1428
-1122
-754
-1814
-3420
-4063
-3917
-3583
-3606
-4334
-5023
-4937
-4491
-4398
-4708
-4877
-4560
-3962
-3929
-4305
-4101
-3519
-2999
-2723
-2723
-2911
-2552
-1759
-1472
-1582
-1720
-1464
-779
-390
-419
-527
-223
211
821
1266
1237
1337
1787
2347
2783
3231
3503
3790
4133
4375
4967
5600
6064
6518
6191
5279
5408
6373
6281
5192
3739
2736
2938
3183
2323
766
-584
-1379
-1084
-949
-2178
-3411
-3862
-3788
-3610
-3644
-4307
-4798
-4625
-4484
-4465
-4624
-4664
-4313
-3870
-4129
-4366
-3885
-3359
-2976
-2774
-2908
-2978
-2357
-1694
-1512
-1591
-1719
-1338
-646
-333
-435
-385
-51
379
982
1251
1223
1461
2028
2469
2876
3321
3436
3731
4154
4551
5077
5476
5850
6260
6174
5303
5426
6137
5904
4945
3614
2888
2779
2891
2152
702
-517
-1344
-1212
-1124
-2090
-3249
-3785
-3748
-3623
-3603
-4067
-4624
-4650
-4443
-4344
-4441
-4450
-4267
-3962
-4127
-4125
-3752
-3397
-3018
-2919
-2870
-2742
-2349
-1831
-1645
-1639
-1587
-1197
-783
-615
-447
-342
11
400
761
1011
1174
1584
2071
2352
2637
3218
3575
3788
4053
4430
5027
5526
5911
6227
5958
5256
5484
6072
5836
4730
3382
2750
2850
2831
1992
601
-711
-1366
-1106
-1075
-2134
-3245
-3749
-3698
-3469
-3527
-4090
-4542
-4584
-4347
-4191
-4283
-4419
-4234
-3888
-4021
-4060
-3712
-3348
-2980
-2779
-2815
-2747
-2271
-1675
-1420
-1458
-1557
-1178
-582
-299
-233
-128
73
432
970
1253
1391
1683
2037
2397
2854
3271
3440
3751
4016
4427
4960
5282
5598
5989
6020
5278
5187
5661
5583
4656
3421
2574
2569
2679
1892
507
-762
-1461
-1325
-1209
-2188
-3323
-3882
-3845
-3618
-3601
-4174
-4696
-4758
-4439
-4185
-4395
-4574
-4352
-4014
-3992
-4033
-3710
-3284
-2915
-2787
-2765
-2605
-2108
-1483
-1269
-1433
-1486
-1034
-426
-114
-123
-120
86
480
1065
1382
1427
1718
2043
2439
2848
3221
3573
3826
4026
4293
4853
5381
5615
5874
6032
5566
5276
5474
5531
4982
3962
2851
2473
2597
2137
1063
-311
-1249
-1513
-1324
-1882
-2904
-3713
-4043
-3929
-3765
-4067
-4610
-4914
-4825
-4647
-4609
-4743
-4854
-4523
-4382
-4351
-4055
-3777
-3497
-3088
-2897
-2693
-2305
-1923
-1539
-1253
-1148
-972
-466
-105
81
270
408
703
1220
1582
1746
1960
2210
2600
3012
3429
3683
3822
4054
4327
4862
5371
5490
5563
5943
5678
5268
5360
5336
5031
4176
3110
2565
2548
2195
1289
150
-936
-1364
-1254
-1641
-2615
-3461
-3852
-3788
-3600
-3882
-4385
-4711
-4665
-4529
-4534
-4676
-4800
-4496
-4279
-4416
-4342
-4000
-3481
-3076
-3031
-3073
-2711
-2054
-1529
-1340
-1481
-1382
-778
-159
20
-19
32
399
1065
1452
1482
1550
1920
2467
2916
3144
3262
3523
3945
4270
4514
4872
4994
5298
5701
5829
5304
4867
4980
5193
4884
3763
2755
2337
2406
2107
1186
-132
-1094
-1247
-1140
-1669
-2702
-3529
-3645
-3497
-3503
-3959
-4479
-4715
-4512
-4463
-4689
-4865
-4711
-4383
-4271
-4470
-4402
-3758
-3216
-2945
-2969
-2951
-2410
-1618
-1224
-1275
-1306
-1008
-363
149
161
141
385
857
1311
1542
1527
1667
2258
2765
2836
2819
3233
3712
3913
4062
4201
4557
4938
5160
5374
5403
4736
4568
4996
4968
4416
3304
2455
2219
2444
2034
738
-499
-1231
-1211
-1105
-1850
-2984
-3608
-3615
-3469
-3464
-4047
-4702
-4697
-4358
-4465
-4743
-4839
-4640
-4105
-4096
-4376
-4182
-3538
-2891
-2583
-2722
-2824
-2198
-1338
-943
-1034
-1276
-1015
-267
340
351
228
340
799
1378
1634
1603
1819
2296
2630
2814
3001
3290
3671
3969
4101
4244
4472
4890
5138
5341
5316
4659
4456
4727
4765
4333
3172
2198
2031
2200
1557
433
-559
-1275
-1480
-1587
-2188
-2913
-3398
-3675
-3703
-3867
-4193
-4347
-4431
-4553
-4842
-4909
-4597
-4216
-4060
-4458
-4484
-3892
-3047
-2666
-2802
-2818
-2483
-1646
-1011
-958
-1132
-1050
-447
151
402
328
320
643
1118
1440
1534
1683
2070
2469
2530
2621
3024
3529
3811
3777
3838
4074
4494
4971
5138
4988
4889
4459
4428
4826
4569
3802
2891
2192
1997
2137
1444
235
-735
-1266
-1398
-1377
-2056
-3029
-3514
-3601
-3544
-3606
-4069
-4467
-4590
-4566
-4644
-4624
-4428
-4383
-4360
-4324
-4171
-3708
-3059
-2922
-2929
-2647
-2282
-1625
-1117
-1110
-1103
-750
-352
92
436
347
444
833
1133
1438
1730
1914
2160
2417
2557
2906
3352
3579
3609
3676
3850
4176
4593
4745
4572
4569
4822
4458
4149
4236
4008
3672
2771
1907
1695
1764
1241
211
-771
-1566
-1478
-1286
-2026
-3064
-3672
-3721
-3418
-3422
-4060
-4653
-4718
-4517
-4284
-4317
-4457
-4473
-4167
-3870
-3718
-3392
-2992
-2704
-2420
-2205
-1942
-1375
-926
-748
-647
-559
-214
363
653
579
584
812
1175
1631
1823
1803
1976
2251
2501
2877
3174
3235
3335
3397
3605
4024
4321
4235
4160
4553
4675
4195
3902
3974
4084
3700
2574
1770
1746
1764
1240
255
-891
-1576
-1402
-1293
-2118
-3165
-3829
-3797
-3460
-3597
-4307
-4851
-4879
-4487
-4267
-4465
-4682
-4449
-3935
-3703
-3555
-3318
-2933
-2469
-2093
-1853
-1676
-1311
-814
-451
-361
-314
80
469
658
783
863
1047
1344
1683
1819
1949
2137
2338
2615
2818
3111
3289
3322
3345
3604
3979
4075
4115
4189
4395
4599
4069
3770
3805
3828
3479
2655
1772
1301
1438
1115
196
-926
-1693
-1761
-1645
-2240
-3137
-3835
-4001
-3809
-3713
-4265
-4804
-4820
-4508
-4340
-4350
-4456
-4367
-3914
-3485
-3292
-3184
-2890
-2408
-1835
-1545
-1552
-1291
-781
-421
-105
9
31
272
663
895
975
1046
1206
1532
1811
1925
2090
2302
2438
2761
3033
3145
3242
3357
3564
3788
4065
4164
4196
4447
4495
4093
3791
3863
3938
3539
2635
1760
1521
1546
1148
270
-850
-1570
-1689
-1668
-2167
-3002
-3745
-3943
-3738
-3807
-4197
-4596
-4615
-4442
-4355
-4372
-4399
-4145
-3825
-3510
-3428
-3317
-2892
-2379
-1916
-1722
-1734
-1475
-993
-480
-155
-174
-167
29
506
905
999
915
997
1420
1806
2043
2160
2193
2313
2737
3120
3167
3074
3143
3508
3856
4006
3924
3965
4274
4528
4172
3717
3640
3718
3694
2842
1832
1469
1511
1269
492
-612
-1554
-1667
-1461
-1923
-2834
-3645
-3936
-3598
-3444
-3984
-4436
-4545
-4404
-4108
-4057
-4197
-4124
-3826
-3458
-3150
-3034
-2880
-2456
-1937
-1646
-1499
-1348
-1088
-618
-172
-131
-179
52
387
716
852
865
908
1247
1607
1851
2053
1935
2078
2509
2848
2976
2948
2906
3141
3612
3949
3923
3818
4032
4382
4236
3762
3756
3697
3514
2837
2080
1635
1494
1157
454
-451
-1291
-1562
-1524
-1924
-2713
-3459
-3661
-3495
-3398
-3787
-4230
-4301
-4248
-4018
-4011
-4039
-3910
-3640
-3352
-3211
-3023
-2699
-2230
-1858
-1687
-1573
-1287
-864
-472
-282
-267
-142
184
472
620
701
851
1035
1303
1551
1664
1830
1954
2150
2467
2619
2746
2794
2904
3143
3498
3683
3687
3783
4025
4286
3959
3632
3545
3565
3477
2664
1844
1473
1390
1081
279
-619
-1343
-1519
-1571
-2067
-2726
-3421
-3561
-3336
-3349
-3766
-4094
-4187
-4096
-3849
-3797
-3838
-3796
-3476
-3188
-2929
-2676
-2520
-2137
-1716
-1518
-1309
-1086
-823
-465
-183
-190
-155
135
348
554
746
759
867
1103
1377
1604
1736
1826
1970
2309
2535
2720
2819
2806
3029
3427
3698
3736
3762
3988
4142
3955
3678
3545
3456
3324
2751
1875
1459
1299
1002
395
-538
-1253
-1569
-1610
-1981
-2546
-3194
-3518
-3325
-3282
-3598
-3909
-4061
-3967
-3797
-3707
-3759
-3690
-3454
-3189
-2964
-2774
-2551
-2267
-1888
-1651
-1474
-1205
-947
-622
-319
-239
-173
70
362
589
777
824
909
1176
1458
1664
1781
1854
2031
2320
2538
2686
2747
2733
2965
3281
3543
3572
3560
3754
4014
3838
3460
3372
3353
3280
2742
1919
1424
1344
1164
573
-268
-1103
-1416
-1375
-1653
-2293
-2934
-3275
-3269
-3164
-3321
-3724
-3988
-3960
-3804
-3647
-3664
-3725
-3561
-3274
-3023
-2768
-2620
-2455
-1995
-1635
-1491
-1344
-1030
-705
-368
-218
-186
-15
237
561
794
810
811
1073
1424
1616
1738
1829
1985
2214
2488
2693
2677
2755
2936
3257
3477
3494
3547
3731
3934
3722
3492
3315
3266
3182
2717
1937
1474
1303
1062
602
-200
-977
-1383
-1385
-1622
-2158
-2815
-3169
-3138
-3085
-3278
-3622
-3801
-3824
-3729
-3622
-3633
-3613
-3445
-3185
-2988
-2783
-2600
-2335
-1888
-1614
-1461
-1301
-1037
-661
-336
-246
-260
-118
197
510
697
688
707
951
1329
1622
1693
1698
1877
2206
2483
2628
2657
2714
2962
3321
3479
3463
3538
3827
4005
3621
3309
3339
3443
3193
2460
1820
1471
1437
1145
415
-467
-1060
-1234
-1290
-1728
-2411
-2874
-2976
-2986
-3126
-3346
-3640
-3730
-3543
-3574
-3693
-3660
-3502
-3187
-2947
-2995
-2907
-2578
-2130
-1712
-1526
-1570
-1412
-893
-521
-387
-346
-359
-108
250
491
507
555
744
1054
1377
1465
1549
1761
2021
2281
2445
2538
2613
2841
3121
3336
3415
3460
3656
3887
3859
3458
3310
3303
3300
2988
2246
1638
1471
1405
954
176
-654
-1125
-1158
-1275
-1812
-2451
-2914
-2930
-2792
-2988
-3365
-3589
-3580
-3432
-3379
-3570
-3655
-3306
-2937
-2898
-2979
-2884
-2402
-1839
-1550
-1640
-1630
-1294
-755
-355
-398
-589
-413
31
358
417
373
469
792
1138
1340
1404
1476
1707
2120
2387
2382
2397
2605
2897
3173
3320
3292
3384
3687
3859
3664
3271
3115
3267
3174
2692
1974
1525
1427
1260
729
-104
-749
-1038
-1098
-1350
-1967
-2494
-2708
-2717
-2747
-3008
-3297
-3425
-3363
-3299
-3372
-3456
-3402
-3107
-2895
-2905
-2807
-2570
-2182
-1840
-1619
-1555
-1429
-1120
-804
-584
-508
-458
-323
-79
168
300
412
548
783
1032
1262
1401
1571
1777
2027
2353
2496
2495
2630
2915
3220
3438
3467
3498
3682
3697
3530
3400
3269
3101
2919
2462
1844
1463
1310
1022
442
-336
-928
-1046
-1187
-1528
-2080
-2562
-2795
-2685
-2711
-3085
-3357
-3404
-3317
-3312
-3405
-3422
-3215
-2937
-2917
-2850
-2653
-2341
-1930
-1666
-1641
-1561
-1277
-908
-666
-585
-616
-469
-174
12
190
248
377
620
922
1120
1213
1350
1602
1931
2185
2254
2329
2556
2882
3131
3280
3377
3472
3697
3842
3629
3372
3314
3317
3182
2646
2004
1628
1477
1206
692
-29
-681
-895
-955
-1349
-1894
-2327
-2517
-2531
-2649
-2947
-3218
-3262
-3220
-3175
-3290
-3473
-3243
-2898
-2736
-2796
-2741
-2469
-2010
-1670
-1639
-1678
-1540
-1152
-771
-701
-813
-758
-453
-159
19
40
89
359
736
1022
1093
1155
1421
1768
2033
2161
2289
2485
2751
3031
3178
3306
3524
3665
3722
3545
3367
3387
3382
3104
2622
2090
1703
1518
1308
765
57
-501
-753
-815
-1135
-1666
-2164
-2324
-2319
-2375
-2673
-2997
-3094
-2952
-2957
-3132
-3199
-3024
-2800
-2647
-2682
-2642
-2320
-1914
-1660
-1664
-1731
-1524
-1071
-819
-858
-920
-834
-537
-208
-115
-148
-46
242
583
831
937
1047
1292
1583
1846
2033
2165
2352
2661
2878
2979
3180
3449
3588
3662
3485
3269
3305
3371
3159
2631
2017
1713
1646
1363
719
129
-358
-674
-763
-1077
-1558
-1984
-2181
-2254
-2317
-2566
-2811
-2908
-2907
-2968
-3000
-3022
-2923
-2730
-2643
-2656
-2531
-2221
-1914
-1700
-1640
-1646
-1477
-1138
-897
-857
-890
-849
-611
-349
-214
-146
-35
135
401
681
846
1005
1227
1464
1691
1904
2119
2344
2578
2775
2934
3104
3374
3615
3682
3508
3297
3336
3419
3243
2735
2154
1810
1705
1477
874
199
-307
-519
-674
-1059
-1573
-1909
-2104
-2175
-2343
-2624
-2805
-2846
-2891
-2970
-3089
-3083
-2855
-2698
-2713
-2697
-2573
-2238
-1905
-1787
-1752
-1682
-1515
-1217
-1011
-1004
-1008
-929
-729
-477
-332
-283
-146
70
332
573
745
955
1165
1409
1684
1921
2123
2341
2573
2822
3016
3176
3423
3563
3656
3615
3473
3418
3405
3239
2775
2280
1958
1802
1449
859
309
-173
-467
-642
-981
-1472
-1878
-2056
-2068
-2194
-2496
-2675
-2781
-2851
-2796
-2827
-2870
-2803
-2696
-2561
-2488
-2378
-2168
-1924
-1836
-1735
-1608
-1507
-1330
-1191
-1142
-1117
-1056
-889
-707
-568
-436
-267
-119
142
436
621
834
1046
1311
1567
1811
2055
2337
2540
2693
2949
3190
3342
3477
3569
3456
3409
3423
3315
3083
2682
2253
2008
1809
1377
841
361
-54
-289
-557
-1006
-1402
-1652
-1832
-2002
-2177
-2405
-2572
-2630
-2624
-2683
-2784
-2774
-2671
-2448
-2322
-2361
-2245
-2023
-1834
-1616
-1492
-1531
-1503
-1300
-1151
-1068
-1098
-1091
-930
-797
-684
-513
-341
-205
15
258
464
672
920
1187
1419
1665
1910
2128
2390
2663
2907
3089
3176
3345
3471
3433
3434
3389
3175
2940
2701
2338
2052
1746
1305
920
439
1
-242
-544
-940
-1225
-1528
-1871
-1992
-2069
-2201
-2387
-2596
-2667
-2621
-2521
-2492
-2479
-2452
-2350
-2122
-1880
-1801
-1764
-1621
-1476
-1332
-1216
-1237
-1247
-1127
-1019
-947
-922
-896
-735
-529
-396
-216
-44
123
372
632
838
1064
1326
1590
1817
2026
2321
2593
2808
2998
3107
3253
3346
3347
3321
3247
3044
2800
2535
2196
1932
1593
1118
750
328
-94
-397
-635
-995
-1311
-1631
-1904
-1957
-2021
-2181
-2440
-2593
-2548
-2432
-2410
-2501
-2451
-2294
-2134
-1954
-1830
-1756
-1648
-1426
-1276
-1272
-1217
-1130
-1025
-947
-950
-965
-867
-699
-567
-469
-431
-280
50
263
373
558
824
1081
1352
1599
1763
2020
2285
2555
2801
2906
2991
3141
3283
3253
3155
3048
2853
2719
2489
2098
1737
1451
1131
742
326
-107
-354
-546
-945
-1267
-1533
-1731
-1803
-1907
-2193
-2376
-2380
-2394
-2333
-2386
-2491
-2382
-2188
-2048
-1930
-1882
-1823
-1604
-1437
-1401
-1344
-1291
-1233
-1143
-1072
-1062
-1041
-953
-805
-652
-569
-469
-265
2
185
357
572
797
1090
1388
1594
1742
1990
2289
2573
2785
2853
2972
3105
3231
3331
3214
2989
2845
2802
2636
2282
1871
1492
1242
900
517
123
-274
-593
-870
-1143
-1445
-1678
-1888
-2067
-2208
-2352
-2417
-2486
-2506
-2509
-2500
-2426
-2321
-2130
-2007
-1934
-1831
-1676
-1513
-1401
-1303
-1270
-1217
-1110
-1041
-941
-880
-829
-738
-604
-470
-274
-122
-8
180
371
543
786
1061
1265
1431
1609
1841
2129
2343
2534
2699
2785
2876
3017
3144
3122
2988
2803
2648
2542
2400
2102
1609
1216
943
705
362
-76
-477
-789
-1005
-1206
-1441
-1765
-2003
-2024
-2109
-2255
-2376
-2419
-2383
-2335
-2267
-2238
-2166
-2043
-1847
-1691
-1677
-1616
-1467
-1305
-1230
-1191
-1153
-1108
-994
-874
-804
-785
-702
-528
-324
-170
-95
55
271
509
763
940
1112
1329
1589
1828
2036
2211
2360
2553
2689
2791
2864
2877
2873
2808
2648
2512
2386
2198
1891
1518
1193
955
643
256
-92
-401
-668
-890
-1149
-1416
-1614
-1736
-1840
-1981
-2176
-2195
-2104
-2088
-2157
-2189
-2099
-1888
-1700
-1654
-1686
-1605
-1427
-1220
-1147
-1214
-1215
-1125
-973
-883
-885
-933
-866
-679
-526
-451
-375
-242
-31
201
379
534
729
1002
1290
1497
1627
1812
2063
2289
2433
2522
2558
2609
2680
2721
2670
2487
2288
2154
2073
1932
1607
1189
875
702
505
169
-234
-547
-742
-921
-1119
-1346
-1587
-1757
-1807
-1868
-1948
-2009
-2034
-1984
-1912
-1865
-1792
-1710
-1608
-1506
-1412
-1387
-1327
-1218
-1146
-1084
-1074
-1052
-981
-858
-786
-756
-707
-613
-453
-294
-185
-84
43
226
481
722
870
1014
1230
1451
1663
1837
1987
2088
2186
2254
2333
2387
2374
2326
2214
2079
1982
1930
1792
1559
1291
1011
797
648
434
103
-265
-505
-639
-808
-1076
-1316
-1460
-1577
-1658
-1724
-1797
-1857
-1815
-1742
-1698
-1702
-1681
-1577
-1473
-1404
-1370
-1368
-1358
-1287
-1141
-1085
-1113
-1112
-1011
-854
-780
-739
-676
-537
-369
-239
-144
-38
152
427
669
808
920
1149
1436
1696
1844
1925
1984
2141
2336
2423
2352
2196
2185
2223
2138
1921
1718
1561
1409
1241
1014
727
480
271
112
-115
-381
-595
-751
-906
-1055
-1134
-1265
-1390
-1444
-1419
-1429
-1481
-1517
-1484
-1447
-1437
-1442
-1469
-1515
-1514
-1467
-1459
-1528
-1551
-1499
-1437
-1347
-1290
-1230
-1151
-991
-807
-652
-510
-357
-139
61
246
466
691
902
1131
1339
1483
1642
1841
1992
2093
2148
2191
2218
2217
2178
2139
2031
1863
1752
1592
1386
1238
1120
919
672
478
322
199
23
-161
-284
-455
-600
-672
-762
-909
-978
-1002
-1087
-1179
-1252
-1258
-1231
-1260
-1334
-1402
-1479
-1501
-1431
-1451
-1585
-1658
-1641
-1566
-1518
-1484
-1465
-1395
-1296
-1137
-941
-813
-667
-469
-265
-103
94
330
537
710
881
1067
1250
1386
1523
1633
1715
1787
1852
1864
1838
1841
1838
1792
1681
1568
1457
1384
1309
1196
1053
896
785
704
588
443
307
183
52
-48
-180
-337
-431
-521
-641
-794
-918
-990
-1028
-1104
-1216
-1299
-1376
-1401
-1393
-1447
-1552
-1583
-1555
-1537
-1501
-1500
-1490
-1418
-1322
-1222
-1125
-1014
-873
-680
-538
-426
-263
-100
69
268
422
518
655
848
1008
1124
1182
1255
1357
1433
1478
1502
1484
1465
1512
1512
1411
1317
1290
1284
1245
1153
1028
933
869
816
748
573
376
296
255
132
-31
-181
-326
-413
-493
-614
-760
-880
-942
-960
-1040
-1187
-1248
-1238
-1257
-1276
-1322
-1392
-1368
-1269
-1217
-1212
-1215
-1188
-1076
-961
-888
-809
-718
-639
-510
-382
-311
-189
-45
45
139
272
397
521
651
727
794
882
984
1099
1157
1157
1175
1233
1263
1278
1280
1220
1165
1172
1185
1144
1061
968
889
840
765
651
525
395
290
200
82
-82
-207
-297
-380
-484
-611
-711
-757
-795
-868
-956
-1035
-1083
-1072
-1067
-1112
-1173
-1175
-1115
-1061
-1052
-1065
-1028
-964
-872
-795
-770
-734
-641
-513
-425
-376
-311
-197
-53
67
163
236
327
455
582
672
734
807
881
951
994
1037
1078
1092
1092
1085
1068
1054
1056
1042
988
918
856
811
765
690
612
511
401
320
259
160
45
-55
-149
-228
-288
-357
-444
-530
-587
-625
-682
-759
-809
-843
-894
-932
-944
-970
-999
-983
-974
-976
-947
-887
-846
-826
-784
-720
-643
-570
-507
-451
-398
-309
-173
-75
-28
53
157
224
316
416
472
511
573
623
653
700
750
793
801
793
821
859
873
888
889
844
818
835
813
760
720
672
598
546
499
424
349
278
203
125
43
-37
-115
-206
-298
-368
-448
-547
-609
-663
-739
-792
-816
-863
-905
-906
-905
-904
-875
-846
-825
-789
-743
-672
-603
-553
-493
-419
-352
-276
-184
-118
-63
18
85
129
188
254
296
332
357
361
389
429
456
472
463
455
484
526
538
532
518
512
533
548
531
500
486
479
478
463
416
386
395
380
331
283
237
195
168
120
30
-54
-98
-130
-193
-286
-356
-388
-417
-453
-493
-554
-596
-578
-555
-590
-622
-610
-590
-577
-545
-514
-506
-485
-430
-382
-357
-319
-253
-203
-189
-149
-87
-42
3
65
95
94
141
224
267
277
300
328
347
389
440
448
428
441
477
481
469
479
478
452
440
440
418
388
378
354
292
246
236
211
149
82
30
-18
-55
-88
-147
-221
-268
-285
-305
-347
-382
-397
-419
-439
-434
-434
-448
-447
-436
-439
-432
-401
-376
-368
-359
-330
-290
-247
-214
-183
-156
-128
-70
-14
14
35
74
114
144
179
211
230
252
277
296
308
320
345
358
349
344
366
385
385
382
369
356
371
391
368
324
301
290
277
250
204
150
108
82
52
-7
-78
-110
-135
-192
-246
-282
-319
-348
-357
-389
-445
-455
-427
-425
-452
-470
-459
-438
-422
-408
-404
-405
-369
-299
-271
-279
-243
-173
-131
-95
-55
-33
-6
48
96
103
110
149
197
216
218
239
266
288
313
324
318
329
367
389
384
388
402
414
432
443
433
417
415
410
385
359
333
294
245
212
179
120
61
23
-21
-87
-136
-172
-229
-282
-303
-330
-381
-414
-419
-429
-455
-468
-471
-479
-480
-462
-451
-467
-459
-417
-390
-379
-351
-314
-287
-251
-202
-174
-157
-115
-68
-32
-2
28
62
94
132
172
183
202
242
276
293
315
345
361
393
438
455
447
472
520
530
516
514
513
498
487
484
439
368
344
344
283
190
147
116
47
-16
-61
-124
-197
-218
-237
-308
-375
-380
-373
-413
-464
-478
-477
-496
-493
-489
-515
-527
-491
-454
-466
-464
-423
-383
-364
-340
-303
-268
-238
-199
-155
-125
-92
-37
10
32
54
100
147
180
204
232
271
311
346
379
411
425
449
489
509
515
522
535
525
512
508
492
458
425
397
363
312
269
229
162
94
45
-1
-58
-102
-146
-204
-255
-280
-299
-337
-376
-403
-423
-436
-440
-451
-476
-488
-470
-461
-468
-452
-420
-406
-395
-365
-339
-317
-273
-225
-211
-198
-137
-69
-42
-26
14
53
86
133
179
186
198
259
311
318
332
385
415
420
447
473
469
461
476
475
441
424
436
418
364
325
309
274
221
184
136
66
18
-2
-39
-105
-161
-194
-232
-272
-289
-307
-352
-388
-395
-399
-422
-437
-430
-439
-448
-432
-407
-401
-395
-369
-354
-345
-314
-264
-226
-215
-183
-135
-101
-64
-16
18
29
65
125
157
172
204
240
262
286
329
361
380
409
440
445
440
461
479
462
447
447
435
413
398
368
317
277
261
229
166
116
82
37
-16
-58
-102
-160
-199
-222
-260
-307
-332
-352
-392
-423
-433
-437
-449
-449
-447
-455
-454
-431
-409
-404
-392
-368
-345
-314
-270
-236
-214
-181
-141
-99
-57
-11
27
50
86
126
159
187
220
253
279
308
343
374
393
419
436
435
442
467
479
468
451
441
427
408
387
355
307
269
249
215
155
99
64
24
-26
-70
-108
-150
-192
-225
-264
-313
-348
-362
-384
-429
-449
-445
-443
-456
-463
-458
-452
-434
-397
-379
-381
-360
-314
-280
-261
-229
-188
-160
-131
-82
-42
-17
15
60
89
104
142
193
223
241
271
299
320
352
389
396
396
415
442
451
453
454
442
424
419
411
381
347
320
290
241
195
152
106
62
18
-35
-88
-129
-163
-207
-261
-300
-333
-363
-383
-409
-443
-460
-453
-449
-459
-463
-448
-424
-401
-373
-354
-345
-315
-268
-240
-222
-184
-138
-109
-83
-48
-18
9
49
80
96
120
164
207
227
244
276
306
332
365
392
396
408
434
445
443
444
449
438
423
415
393
363
338
306
254
205
166
122
68
15
-38
-95
-142
-178
-224
-279
-324
-346
-375
-403
-422
-440
-457
-459
-445
-442
-444
-425
-402
-384
-363
-329
-302
-280
-245
-206
-183
-157
-115
-83
-63
-39
-9
18
47
77
96
114
139
178
206
220
244
273
297
324
353
366
376
395
414
420
417
426
425
410
401
382
360
332
304
269
218
178
141
98
47
-4
-52
-102
-141
-178
-224
-272
-306
-324
-347
-373
-388
-400
-412
-412
-405
-401
-399
-382
-365
-351
-331
-307
-285
-266
-241
-218
-196
-170
-136
-113
-103
-79
-44
-16
8
33
56
77
111
147
170
188
221
250
272
304
329
350
364
385
400
406
414
420
418
405
397
385
366
345
314
276
237
207
169
125
74
27
-18
-66
-109
-149
-193
-237
-268
-297
-326
-355
-372
-388
-405
-409
-411
-412
-410
-397
-390
-385
-365
-341
-324
-305
-284
-259
-233
-203
-175
-149
-122
-91
-56
-23
9
41
70
103
138
174
202
231
263
287
309
335
361
377
387
397
403
407
410
409
398
381
364
348
322
295
260
222
184
147
108
63
20
-20
-65
-104
-141
-177
-212
-246
-272
-297
-317
-335
-351
-360
-371
-375
-374
-373
-366
-359
-347
-327
-311
-291
-272
-253
-227
-199
-171
-140
-114
-85
-53
-22
7
35
71
100
127
158
188
217
246
269
292
310
328
344
355
359
366
367
363
361
351
337
317
296
273
246
215
183
145
108
71
31
-6
-44
-83
-121
-156
-186
-216
-244
-267
-288
-309
-322
-331
-337
-342
-340
-337
-330
-322
-311
-292
-281
-264
-240
-218
-197
-177
-153
-129
-102
-80
-53
-27
-1
25
54
82
108
132
158
186
209
235
257
277
294
314
332
342
351
361
363
365
361
351
340
324
307
283
258
229
199
165
124
87
46
8
-33
-76
-114
-153
-191
-222
-256
-285
-308
-328
-346
-357
-362
-368
-368
-367
-358
-350
-340
-326
-308
-289
-268
-244
-220
-200
-172
-149
-124
-100
-75
-49
-26
2
26
49
75
100
123
148
175
196
220
241
265
286
301
320
333
344
358
366
368
369
362
354
342
328
312
287
260
231
200
166
129
90
50
11
-31
-69
-109
-144
-178
-214
-242
-271
-292
-311
-327
-337
-346
-349
-351
-350
-346
-340
-330
-315
-302
-284
-265
-248
-228
-211
-191
-166
-146
-124
-100
-77
-55
-35
-9
14
34
58
85
113
134
156
182
205
225
244
263
280
300
313
321
327
333
332
326
324
315
303
288
271
252
228
198
167
136
102
69
37
4
-29
-63
-96
-127
-156
-184
-211
-229
-246
-263
-275
-284
-293
-299
-301
-300
-297
-291
-281
-270
-259
-248
-234
-218
-201
-182
-162
-140
-118
-97
-76
-56
-31
-12
10
38
61
88
114
135
158
178
199
220
240
257
273
286
298
306
308
308
304
300
290
281
267
250
232
204
177
151
123
92
63
32
8
-22
-56
-87
-115
-145
-171
-186
-202
-220
-237
-249
-260
-270
-275
-280
-276
-271
-266
-256
-248
-238
-230
-220
-206
-189
-174
-156
-137
-122
-100
-81
-62
-42
-21
5
30
52
76
106
126
149
170
187
209
231
249
264
278
288
293
295
298
295
289
283
273
261
243
223
201
176
148
121
91
63
40
12
-15
-46
-74
-100
-123
-146
-166
-183
-197
-213
-228
-238
-247
-251
-254
-256
-254
-247
-247
-242
-235
-233
-224
-213
-202
-188
-171
-154
-135
-118
-102
-80
-58
-34
-8
18
40
64
88
112
134
153
175
192
211
232
248
258
265
274
275
276
273
269
264
253
242
224
205
184
161
141
118
92
65
40
16
-15
-39
-62
-88
-107
-129
-146
-166
-179
-195
-208
-217
-226
-232
-235
-235
-235
-233
-235
-232
-226
-218
-210
-196
-182
-168
-151
-134
-117
-99
-80
-60
-42
-15
9
30
55
77
98
119
137
158
176
193
206
218
228
237
239
243
244
242
241
233
226
217
203
188
169
153
133
113
93
70
51
26
1
-19
-41
-66
-85
-107
-127
-142
-158
-174
-188
-203
-215
-221
-225
-230
-232
-228
-224
-226
-221
-214
-203
-194
-181
-163
-147
-127
-111
-96
-77
-55
-31
-11
8
28
51
73
93
114
132
151
164
175
191
200
206
217
221
223
224
225
223
219
214
205
196
186
172
157
140
125
111
90
70
49
27
5
-16
-35
-60
-79
-96
-117
-135
-152
-171
-182
-196
-205
-212
-220
-227
-228
-228
-229
-226
-225
-217
-206
-197
-186
-171
-157
-144
-129
-106
-86
-65
-43
-20
1
22
44
65
87
107
126
143
160
179
191
206
216
225
231
236
242
244
240
238
230
223
214
204
192
173
157
140
123
100
79
55
34
11
-13
-35
-57
-78
-100
-119
-139
-158
-174
-187
-200
-208
-217
-225
-229
-229
-230
-231
-227
-221
-214
-204
-192
-183
-172
-157
-141
-126
-108
-90
-73
-51
-29
-8
15
35
59
82
100
118
140
158
172
187
201
211
221
229
234
239
239
240
236
229
223
213
201
186
172
152
131
110
91
69
47
26
3
-18
-43
-61
-83
-106
-122
-139
-155
-169
-182
-195
-205
-210
-219
-221
-222
-219
-217
-213
-206
-198
-191
-178
-166
-154
-138
-123
-108
-90
-72
-57
-40
-23
0
17
36
56
71
87
105
118
134
150
160
172
183
190
195
201
206
207
204
202
201
197
186
173
162
150
135
117
97
81
58
37
18
-3
-21
-42
-65
-85
-101
-116
-135
-149
-160
-172
-181
-189
-194
-198
-200
-199
-198
-193
-184
-175
-170
-160
-150
-137
-124
-111
-99
-83
-65
-52
-38
-25
-9
8
23
40
58
72
85
101
117
129
139
149
159
166
172
180
185
187
190
189
185
183
180
169
160
150
138
127
111
95
81
63
46
28
11
-5
-25
-44
-62
-80
-95
-108
-119
-131
-149
-157
-163
-170
-174
-177
-176
-177
-173
-167
-163
-160
-151
-143
-134
-123
-112
-100
-84
-74
-62
-46
-34
-20
-11
4
17
30
45
54
72
84
92
103
112
121
131
142
150
157
160
163
167
171
168
166
162
155
147
137
128
114
103
92
77
60
45
30
13
-4
-20
-35
-53
-69
-81
-96
-107
-118
-128
-136
-140
-148
-151
-150
-151
-149
-150
-145
-142
-133
-123
-117
-108
-102
-92
-84
-71
-60
-51
-40
-29
-15
-3
8
17
31
42
51
63
74
87
95
104
112
117
124
130
132
134
140
138
139
137
131
127
123
116
107
99
85
73
63
47
35
18
4
-11
-28
-39
-53
-64
-77
-88
-98
-109
-114
-122
-128
-129
-129
-129
-130
-128
-125
-120
-115
-108
-100
-95
-88
-77
-69
-58
-47
-39
-27
-13
-1
10
17
28
40
50
62
66
74
85
88
99
105
109
115
116
120
122
122
122
119
117
112
110
102
95
88
77
66
54
40
29
16
2
-12
-23
-35
-47
-58
-70
-77
-86
-95
-102
-109
-110
-113
-119
-119
-118
-118
-115
-113
-109
-105
-100
-91
-85
-76
-68
-57
-47
-38
-29
-20
-11
4
17
24
35
45
57
62
71
81
86
90
94
100
100
102
106
108
105
106
105
98
94
91
86
80
69
63
58
48
41
29
18
9
-1
-11
-21
-29
-35
-45
-55
-63
-74
-82
-87
-92
-98
-100
-103
-106
-104
-103
-102
-103
-101
-97
-94
-88
-81
-77
-69
-64
-54
-44
-39
-29
-19
-11
0
9
17
26
31
36
45
52
58
63
70
75
75
79
82
80
80
80
80
80
79
76
71
69
62
57
56
49
42
39
32
25
18
13
6
2
-2
-9
-13
-20
-27
-34
-38
-42
-48
-50
-52
-52
-58
-58
-58
-60
-60
-63
-63
-63
-62
-63
-62
-60
-56
-52
-46
-43
-37
-36
-32
-30
-26
-22
-17
-14
-11
-4
1
13
19
25
25
29
34
38
39
38
44
43
49
50
55
57
60
62
59
58
56
55
51
47
45
40
37
35
38
32
25
23
19
12
6
0
-3
-11
-13
-16
-22
-20
-23
-26
-29
-34
-38
-45
-48
-47
-49
-49
-49
-46
-41
-40
-41
-36
-32
-33
-35
-34
-34
-34
-32
-25
-20
-15
-9
-4
5
7
7
11
11
10
19
21
23
29
32
38
43
47
46
49
49
46
41
38
38
36
37
31
31
31
32
29
22
17
11
3
-4
-7
-7
-10
-13
-13
-11
-13
-16
-19
-21
-26
-30
-35
-36
-37
-40
-36
-31
-27
-22
-21
-21
-17
-21
-24
-21
-20
-20
-17
-12
-8
-1
5
9
13
13
15
14
13
13
13
17
19
22
27
32
36
34
33
32
26
22
18
16
18
16
15
15
15
16
13
14
6
-2
-6
-11
-15
-18
-19
-24
-28
-24
-26
-31
-30
-31
-37
-40
-43
-45
-48
-48
-45
-41
-34
-32
-28
-26
-27
-25
-22
-21
-17
-14
-10
-2
6
10
15
18
23
27
26
27
26
28
27
28
34
35
38
40
38
42
40
39
35
32
29
25
22
19
17
15
17
16
11
10
8
1
-5
-8
-15
-19
-22
-23
-22
-25
-28
-32
-33
-34
-36
-40
-44
-51
-51
-51
-50
-45
-42
-35
-30
-29
-27
-23
-17
-17
-10
-6
-1
7
8
14
18
22
26
27
27
30
32
29
27
27
29
35
35
34
32
33
31
31
32
30
32
31
28
26
24
25
24
25
27
26
21
17
17
12
8
5
3
0
-4
-7
-16
-19
-22
-28
-28
-28
-33
-35
-38
-40
-40
-41
-33
-33
-31
-27
-26
-20
-18
-15
-14
-10
-5
-4
-3
-1
-3
-3
-1
-1
-2
-3
0
-1
-4
-3
-1
4
6
8
10
12
12
14
17
20
24
27
31
36
32
36
34
34
32
33
37
32
29
25
22
20
17
15
10
8
4
-7
-11
-16
-16
-16
-19
-17
-18
-21
-23
-22
-20
-15
-15
-13
-10
-11
-12
-11
-11
-10
-8
-8
-7
-9
-15
-17
-21
-23
-22
-25
-22
-24
-27
-26
-30
-32
-26
-23
-20
-14
-13
-12
-9
-3
-2
1
12
16
17
19
18
19
22
27
25
27
25
25
22
20
20
17
14
14
15
13
9
7
6
5
7
8
7
6
5
5
5
2
1
5
5
6
2
-1
-4
-6
-5
-10
-10
-15
-15
-18
-23
-25
-30
-31
-28
-30
-30
-32
-34
-33
-31
-29
-24
-21
-19
-17
-14
-13
-8
-2
1
6
11
14
15
11
10
10
12
13
11
12
9
5
6
7
7
