-10
-14
-11
-10
-6
-4
-3
-4
-1
2
4
9
7
9
10
9
11
5
1
0
2
0
1
2
1
2
1
7
4
4
5
-2
-2
-2
3
2
-5
-6
-5
-11
-11
-10
-15
-12
-15
-16
-17
-20
-21
-19
-19
-20
-16
-12
-15
-15
-11
-8
-4
-7
-1
1
0
-2
-8
-3
4
3
6
3
-2
2
-1
2
0
-2
-3
2
6
-4
-2
-4
-1
-2
-2
-1
-6
-5
-1
-3
0
2
11
13
12
9
11
12
7
11
9
5
7
11
10
13
16
13
9
11
8
-4
-2
0
-4
-10
-11
-5
-3
-3
-5
-10
-9
-13
-11
-6
-4
-1
-6
-10
-7
-5
7
7
3
11
16
13
19
23
13
10
3
8
6
-7
-12
-9
-14
-27
-20
-10
-18
-14
-4
-3
3
-1
-3
-1
0
8
19
21
16
19
13
1
1
8
-5
-3
7
-7
-3
-10
-5
4
7
3
-4
5
2
-12
-16
-25
-26
-9
-5
-5
-3
2
18
31
35
14
11
29
6
-8
-10
-15
-10
-15
-24
-4
8
-2
7
26
27
25
28
18
27
36
13
9
2
0
8
-10
-14
-13
-34
-29
-12
-11
-18
-29
-27
-3
23
2
-11
8
-1
6
26
6
13
34
20
24
40
31
27
39
44
29
26
13
-14
-20
-57
-80
-51
-37
-64
-85
-81
-80
-56
-25
-32
-4
40
32
52
90
64
49
72
75
70
48
5
-2
-3
-57
-84
-55
-62
-82
-78
-53
-21
-13
-15
-3
1
4
6
-2
2
7
5
18
5
-26
-5
27
36
65
72
42
32
27
6
-18
-51
-63
-23
4
-35
-68
-69
-54
-18
16
47
58
67
69
33
6
1
-15
-12
0
-17
-5
-12
-26
-6
20
18
27
69
61
19
-9
-42
-35
-24
-47
-44
-45
-49
-22
-14
-21
-17
-14
-8
-22
-25
-2
15
10
-8
-2
7
14
5
-57
-72
-26
-21
-19
-52
-75
-33
-31
-25
35
45
15
-17
-18
-26
-79
-105
-106
-55
-33
-33
-3
5
16
17
24
44
74
84
56
24
12
9
-6
0
-5
9
-6
-2
6
-14
-1
-20
-13
13
38
70
52
17
52
114
104
86
76
109
123
132
152
146
173
183
178
185
150
104
98
64
48
39
12
-10
5
50
57
52
96
128
200
208
140
170
199
201
210
198
146
171
187
149
81
61
43
49
88
27
18
34
40
55
51
23
48
93
87
94
78
51
23
40
43
38
59
68
56
40
80
42
40
71
110
132
126
173
155
165
160
110
97
65
93
104
31
-11
9
52
-34
-59
-36
-58
-64
-64
-48
-80
-132
-63
-1
-60
-133
-103
-6
-68
-243
-240
-183
-249
-309
-397
-414
-394
-408
-451
-601
-787
-1464
-2715
-1944
-357
-1027
-2346
-2978
-1277
705
-392
-1921
-381
1739
1215
278
650
397
-77
-97
81
136
-956
-1023
358
153
-1021
-814
-47
23
-345
-214
71
12
-73
399
818
159
-283
604
386
-451
-418
-169
632
172
-127
910
1163
257
726
1800
1182
1087
1542
1458
1375
1039
571
1209
1076
94
644
1321
744
124
517
1027
535
325
729
926
868
583
730
1350
508
356
994
597
70
199
6
-636
-769
-736
-856
-794
-952
-1064
-540
-376
-890
-739
84
43
30
323
376
528
251
-16
345
157
-338
-140
-32
-423
-721
-586
-453
-383
-885
-1000
-408
-120
-427
-445
-104
-222
-331
-414
-293
-144
-625
-491
226
291
-108
-89
127
139
235
74
44
119
372
439
70
151
462
124
-80
93
84
15
-98
-155
44
-57
-315
-240
-259
-292
-270
-198
-249
-441
-143
84
-222
-444
-174
-87
-453
-489
-287
-224
-477
-739
-482
-221
-526
-742
-678
-607
-555
-828
-794
-520
-708
-733
-432
-238
-423
-577
-339
-115
-179
-251
-253
-153
-80
60
119
-38
-4
160
307
317
336
175
191
501
682
666
507
707
1115
1139
1040
1083
1048
984
1016
1155
1260
1236
1394
1570
1473
1491
1684
1632
1436
1563
1670
1532
1351
1359
1388
1154
838
620
301
-184
-401
-524
-874
-1349
-1668
-1797
-2195
-2747
-3074
-3231
-3483
-3759
-3829
-3677
-3663
-3758
-3479
-3090
-2927
-2820
-2426
-1957
-1574
-1301
-974
-450
-253
-120
185
388
423
506
772
991
1268
1710
2069
2441
2895
3281
3538
3646
3899
4330
4777
5170
5572
6108
6510
7008
7421
7827
8260
8670
8683
7064
4778
3002
1454
-1068
-4160
-6131
-7205
-8371
-9071
-9431
-9996
-10707
-10703
-9786
-8856
-8113
-7153
-5156
-2628
-712
505
1376
2118
2602
2724
2908
2838
2479
2484
2917
2654
1737
401
-1081
-2356
-3581
-4669
-5534
-5986
-5937
-5496
-5003
-4766
-4759
-4347
-3518
-2502
-1467
-233
1165
2464
3738
4705
5276
5469
5556
6019
6590
6984
7146
7456
8068
8415
8392
8299
8194
8216
8592
9421
9373
7293
4691
2981
1290
-2047
-5708
-7813
-9044
-9781
-9743
-9285
-9502
-9980
-9108
-7572
-6727
-6350
-5357
-3031
-210
1810
2989
3742
4035
3637
3135
2621
1472
271
166
753
776
-55
-1340
-2492
-3218
-3783
-4592
-5272
-5347
-4723
-3672
-2870
-2693
-2688
-2278
-1692
-1229
-528
243
929
1962
3037
3636
3520
2813
2058
1551
1046
491
130
272
952
1799
2748
3462
4047
4937
6207
7652
9004
10485
12361
13239
12104
10100
8553
6248
2302
-1238
-3508
-5436
-7247
-8141
-8369
-9194
-10299
-10379
-9873
-9813
-9942
-8957
-6771
-4534
-2776
-1224
158
891
953
837
909
710
480
1025
1920
2152
1841
1362
576
-515
-1696
-2858
-3971
-4673
-4718
-4253
-3788
-3607
-3400
-2854
-2334
-1836
-1085
-235
527
1376
2394
3245
3471
3249
3238
3535
3896
4129
4459
5289
6416
7550
8823
9982
10917
11923
13549
14074
11780
8797
6974
4748
485
-3794
-6492
-8822
-10824
-11288
-11267
-12096
-12956
-12125
-10306
-9115
-8466
-7079
-4231
-1179
1046
2694
4001
4531
4386
4172
3810
2745
1569
1284
1496
917
-366
-1675
-2984
-4387
-5782
-6971
-7929
-8624
-8383
-6920
-5504
-4704
-3611
-1883
-335
894
2098
3302
4332
5087
5881
6475
6259
5291
4477
4177
3777
2991
2480
2597
2993
3551
4452
5508
6710
8207
9951
11893
12000
9728
7610
6423
3943
-182
-3483
-5421
-7246
-8331
-8271
-8604
-9727
-10183
-9250
-8235
-7875
-7476
-5958
-3413
-919
913
2089
2585
2516
2184
1740
862
-309
-911
-543
117
199
-612
-2137
-3360
-4020
-5038
-6679
-7745
-7626
-6450
-4862
-3591
-2592
-1412
-100
1326
2780
3490
3789
4676
5977
6706
6469
5572
4563
3802
3215
2338
1326
844
1030
1797
2902
3904
4898
6391
8203
10285
12090
11377
8885
7520
6693
3790
-352
-3295
-5300
-7139
-8077
-8435
-9424
-10670
-10779
-9682
-8711
-8472
-8062
-6304
-3541
-1007
720
1728
2274
2630
2839
2722
1980
1124
808
1282
1939
1905
899
-502
-1959
-3275
-4297
-5506
-6918
-7736
-7000
-5439
-4338
-3750
-2788
-1443
6
1459
2543
3083
3655
4607
5677
6056
5221
3926
3249
3096
2426
1486
1106
1289
1954
3149
4368
5370
6573
8234
10349
12445
12230
9852
8170
7297
4765
617
-2763
-5180
-7324
-8445
-8765
-9635
-10949
-11353
-10247
-9080
-8776
-8545
-7024
-4258
-1643
155
1401
2200
2745
3094
3243
2665
1533
978
1388
2103
2058
1202
105
-1099
-2472
-3779
-5098
-6417
-7387
-7047
-5795
-4725
-4057
-3263
-1960
-552
766
1778
2581
3449
4440
5486
6067
5672
4687
3831
3384
2699
1685
1127
1126
1652
2501
3418
4244
5127
6622
8422
10391
11393
10155
8461
7748
6328
2794
-963
-3436
-5521
-7172
-7718
-8202
-9243
-10117
-9712
-8644
-8428
-8727
-8111
-5898
-3419
-1599
-214
896
1622
2031
2217
1934
928
119
468
1402
1878
1640
1178
572
-319
-1738
-3468
-4916
-5758
-5922
-5343
-4415
-3555
-2725
-1607
-474
362
1103
1857
2772
3729
4573
5218
5404
4971
4181
3363
2517
1435
629
434
665
1179
1993
2955
3934
5196
6783
8430
10181
10705
9378
8084
7414
5382
1670
-1466
-3545
-5505
-7056
-7716
-8528
-9656
-10230
-9717
-9091
-9199
-9215
-7858
-5399
-3179
-1572
-201
1062
1889
2403
2557
2283
1702
1665
2504
3283
3371
2926
2380
1797
754
-996
-3063
-4650
-5371
-5431
-5273
-5189
-4872
-3997
-3006
-2230
-1573
-862
22
1283
2710
3690
4289
4531
4579
4467
3947
3011
2132
1800
1826
2011
2450
3078
3816
4847
6164
7379
8453
9694
9935
8654
7468
6466
4092
656
-2013
-3882
-5901
-7487
-8230
-8894
-9669
-9940
-9328
-8733
-8738
-8315
-6661
-4433
-2620
-1209
217
1469
2253
2521
2459
2230
1767
1800
2435
2842
2689
2302
1968
1514
807
-561
-2510
-3988
-4456
-4451
-4681
-5079
-4928
-4227
-3387
-2586
-1999
-1411
-494
1029
2604
3444
3682
3781
4086
4098
3309
2225
1500
1190
1206
1393
1702
2123
2823
4026
5452
6693
7616
9013
10438
10201
8913
8021
6548
3600
714
-1282
-3430
-5658
-6797
-7367
-8310
-9381
-9676
-9352
-9485
-9694
-8938
-7192
-5569
-4277
-2652
-1025
-84
276
675
1204
1287
1394
2296
3330
3827
3915
3963
3894
3356
2380
1025
-273
-1266
-1966
-2237
-2634
-3286
-3642
-3652
-3493
-3380
-3316
-2831
-1868
-641
372
998
1387
1508
1659
1617
1092
645
607
907
1414
2012
2713
3488
4464
5596
6711
7736
8793
10389
11583
10945
9589
8569
6846
3817
847
-1341
-3546
-5570
-6596
-7321
-8531
-9775
-10159
-9972
-10309
-10596
-9763
-8078
-6427
-4883
-3169
-1734
-886
-206
542
1161
1451
1854
2879
3953
4497
4662
4541
4210
3621
2872
1918
601
-582
-1161
-1504
-2168
-3127
-3866
-4120
-4029
-3666
-3298
-2913
-2177
-1000
82
496
433
435
619
706
512
323
392
686
1257
1971
2468
2905
3657
4783
5911
6882
8113
9780
11023
10861
9963
9166
7824
5410
2972
1083
-846
-2710
-3859
-4848
-6377
-7907
-8727
-9156
-9908
-10559
-10316
-9329
-8123
-6957
-5765
-4610
-3691
-2775
-1782
-1010
-512
226
1544
2847
3602
4073
4427
4702
4727
4501
4085
3418
2692
2082
1445
531
-753
-1930
-2595
-2986
-3240
-3446
-3523
-3229
-2672
-2204
-2034
-2023
-1975
-1776
-1409
-1138
-993
-646
23
818
1533
2065
2560
3165
4014
5041
6075
7053
8157
9409
10176
9944
9151
8286
7117
5430
3557
1955
510
-972
-2246
-3384
-4732
-6147
-7114
-7701
-8319
-8820
-8818
-8282
-7569
-6861
-6119
-5330
-4578
-3814
-3084
-2396
-1680
-871
59
978
1761
2338
2797
3283
3644
3676
3593
3457
3134
2654
2182
1715
1175
602
140
-172
-439
-817
-1149
-1242
-1260
-1383
-1533
-1638
-1731
-1827
-1928
-2073
-2184
-2124
-1949
-1654
-1224
-740
-280
323
1154
2017
2608
3172
4011
4908
5448
5664
5820
5887
5682
5276
4783
4064
3141
2317
1700
1067
315
-365
-830
-1186
-1615
-2148
-2621
-2951
-3191
-3390
-3507
-3549
-3520
-3412
-3226
-3060
-2971
-2868
-2643
-2340
-2058
-1776
-1372
-877
-480
-158
107
266
434
766
1112
1288
1408
1556
1613
1490
1223
880
442
-19
-401
-761
-1232
-1810
-2295
-2634
-2928
-3234
-3423
-3373
-3085
-2643
-2078
-1469
-872
-260
411
1088
1657
2098
2526
3029
3481
3703
3764
3836
3850
3731
3550
3327
3024
2755
2635
2518
2276
2001
1787
1563
1294
1007
717
427
184
-9
-241
-520
-752
-888
-989
-1107
-1235
-1323
-1344
-1372
-1455
-1505
-1540
-1628
-1705
-1671
-1605
-1551
-1400
-1126
-879
-740
-670
-579
-518
-553
-620
-641
-707
-843
-988
-1169
-1479
-1798
-1998
-2165
-2349
-2410
-2266
-2006
-1710
-1389
-1062
-801
-589
-339
-38
171
298
513
838
1038
1019
998
1074
1116
1135
1239
1424
1621
1882
2249
2624
2875
2977
3093
3276
3354
3242
3179
3164
2960
2607
2269
1851
1319
859
547
235
-123
-435
-690
-942
-1257
-1582
-1855
-2026
-2108
-2069
-1927
-1729
-1506
-1260
-1045
-874
-747
-635
-525
-363
-170
-68
-77
-135
-256
-505
-855
-1183
-1466
-1734
-1932
-1996
-1943
-1895
-1859
-1778
-1715
-1751
-1798
-1765
-1707
-1622
-1444
-1231
-1060
-952
-841
-705
-550
-380
-167
163
600
1074
1547
1970
2271
2521
2790
2979
3058
3105
3163
3207
3195
3071
2778
2396
2063
1804
1570
1334
1113
939
814
666
432
124
-167
-340
-370
-362
-376
-344
-238
-118
-37
-18
-83
-184
-188
-94
-37
-82
-171
-242
-344
-559
-883
-1220
-1519
-1749
-1856
-1863
-1885
-1932
-1899
-1802
-1797
-1930
-2083
-2179
-2203
-2162
-2070
-1954
-1850
-1758
-1645
-1532
-1471
-1400
-1198
-868
-464
-28
407
778
1114
1435
1703
1875
2012
2172
2328
2437
2467
2437
2294
2080
1871
1706
1546
1354
1224
1167
1058
861
672
501
327
194
179
244
299
368
478
603
667
676
695
733
765
793
851
903
883
815
709
516
234
-65
-366
-643
-859
-1028
-1158
-1279
-1409
-1549
-1719
-1943
-2194
-2405
-2557
-2656
-2665
-2579
-2458
-2333
-2194
-2019
-1830
-1617
-1338
-971
-522
-62
377
815
1197
1477
1689
1869
1998
2036
2024
1997
1900
1702
1457
1209
949
670
413
225
61
-133
-330
-489
-644
-790
-861
-839
-765
-648
-448
-220
-20
167
349
528
695
862
1037
1196
1336
1472
1586
1622
1584
1517
1404
1213
996
816
639
458
309
171
-23
-270
-528
-822
-1151
-1488
-1789
-2033
-2221
-2344
-2403
-2417
-2391
-2298
-2148
-1981
-1760
-1423
-1005
-581
-133
326
734
1069
1381
1645
1794
1863
1910
1914
1793
1577
1337
1105
837
552
291
37
-228
-481
-679
-895
-1139
-1326
-1408
-1417
-1395
-1323
-1177
-973
-748
-533
-331
-135
63
288
540
773
969
1161
1363
1549
1681
1731
1743
1752
1738
1687
1623
1545
1448
1342
1212
1002
702
362
8
-379
-781
-1176
-1540
-1840
-2074
-2232
-2353
-2427
-2447
-2397
-2265
-2083
-1817
-1478
-1086
-663
-236
171
531
850
1134
1369
1527
1600
1612
1558
1453
1316
1161
980
763
528
294
55
-202
-464
-699
-875
-1026
-1130
-1168
-1182
-1168
-1109
-1006
-898
-815
-715
-544
-329
-126
70
272
470
665
861
1047
1173
1256
1379
1521
1608
1622
1622
1627
1603
1530
1401
1204
945
680
422
100
-278
-630
-899
-1112
-1301
-1476
-1631
-1760
-1814
-1785
-1736
-1671
-1533
-1268
-957
-663
-393
-121
142
396
620
786
869
915
995
1063
1059
988
886
769
617
430
226
8
-197
-359
-466
-562
-672
-769
-826
-870
-925
-983
-1014
-992
-918
-799
-637
-464
-310
-159
5
153
270
387
514
673
838
1009
1163
1249
1298
1335
1357
1322
1239
1134
1018
896
748
561
332
91
-104
-257
-423
-606
-775
-894
-966
-994
-1007
-1010
-975
-874
-721
-590
-497
-405
-278
-133
-25
32
70
129
218
306
359
346
281
224
178
108
-7
-121
-169
-149
-136
-167
-204
-243
-287
-338
-391
-470
-556
-572
-491
-382
-305
-236
-146
-42
37
90
136
195
292
448
621
742
821
888
934
943
905
847
776
702
644
575
459
293
138
-1
-143
-300
-436
-537
-620
-643
-610
-557
-513
-458
-373
-269
-175
-107
-49
22
82
123
127
84
30
-23
-55
-92
-162
-259
-351
-409
-448
-491
-536
-549
-504
-418
-323
-252
-204
-146
-84
-40
-43
-74
-97
-81
-28
25
51
73
100
147
202
234
260
317
437
579
688
769
825
857
874
858
800
709
603
509
429
318
159
-17
-166
-300
-446
-593
-701
-746
-744
-689
-593
-473
-349
-208
-41
127
270
386
492
586
642
632
578
472
336
200
44
-123
-301
-470
-609
-713
-793
-850
-888
-888
-836
-751
-664
-587
-508
-417
-317
-260
-232
-211
-194
-160
-108
-62
-21
14
64
143
224
278
332
427
549
657
745
812
852
875
882
870
815
712
601
504
398
254
91
-64
-198
-334
-466
-580
-659
-684
-666
-602
-515
-419
-284
-122
43
207
356
503
627
720
768
761
714
632
526
391
232
65
-97
-233
-363
-481
-569
-624
-667
-697
-680
-646
-615
-579
-530
-479
-459
-453
-441
-433
-433
-432
-399
-339
-299
-263
-209
-133
-68
-5
71
169
267
358
465
554
624
674
718
735
711
658
604
541
448
338
209
79
-74
-219
-345
-477
-572
-616
-605
-563
-497
-390
-243
-88
71
243
418
576
712
839
927
958
941
898
817
676
499
318
160
5
-157
-278
-373
-456
-518
-560
-575
-588
-580
-540
-486
-456
-452
-427
-415
-422
-432
-430
-415
-403
-368
-324
-279
-246
-202
-142
-97
-67
-13
67
146
210
273
334
365
371
371
346
304
253
214
176
103
5
-88
-176
-287
-395
-459
-476
-473
-431
-346
-234
-118
9
163
310
434
546
675
786
860
895
902
873
776
652
517
371
217
89
5
-79
-158
-209
-225
-242
-261
-257
-224
-184
-154
-122
-99
-108
-148
-194
-236
-303
-364
-381
-379
-379
-381
-363
-333
-322
-313
-278
-231
-185
-109
-23
55
111
144
172
185
152
113
89
63
29
-19
-66
-130
-219
-312
-386
-446
-486
-483
-430
-352
-271
-160
-28
93
190
299
413
523
617
694
747
754
715
654
572
451
322
226
158
92
33
1
-10
-15
-21
-14
10
38
73
125
170
173
145
119
77
0
-85
-142
-181
-209
-222
-223
-237
-259
-273
-272
-267
-264
-239
-172
-94
-37
18
67
80
70
47
15
-28
-81
-119
-153
-207
-288
-366
-424
-490
-543
-556
-531
-476
-393
-292
-177
-71
36
151
253
336
419
496
554
573
553
510
437
343
226
126
37
-38
-81
-110
-131
-149
-148
-124
-92
-63
-6
67
149
215
259
289
288
279
265
244
221
199
199
202
189
152
111
63
6
-44
-80
-90
-82
-62
-28
3
7
7
11
-6
-34
-77
-108
-135
-178
-236
-305
-373
-430
-476
-505
-511
-483
-415
-320
-225
-128
-29
75
178
266
338
388
429
460
460
420
343
253
152
51
-44
-140
-227
-288
-323
-351
-381
-401
-400
-376
-330
-282
-236
-179
-111
-53
-5
29
56
87
119
164
209
249
283
308
318
312
285
249
219
200
194
198
214
230
241
250
251
250
232
203
168
125
72
5
-76
-173
-268
-344
-406
-457
-485
-484
-445
-375
-293
-206
-113
-19
81
191
280
338
394
431
455
453
409
348
269
196
121
33
-61
-148
-218
-272
-323
-385
-435
-454
-448
-431
-422
-416
-405
-374
-336
-310
-284
-262
-224
-163
-102
-51
-21
10
45
69
83
91
99
117
164
214
258
307
357
421
481
519
541
545
528
509
462
395
305
202
97
-13
-104
-198
-264
-309
-326
-318
-281
-227
-174
-107
-34
46
123
183
222
262
287
298
299
275
246
203
161
109
51
-4
-60
-110
-143
-176
-209
-230
-248
-255
-259
-274
-294
-309
-310
-318
-332
-345
-354
-352
-345
-344
-356
-368
-376
-372
-364
-356
-336
-303
-251
-177
-99
-6
98
210
321
420
503
562
612
632
626
597
544
478
401
314
227
137
62
6
-38
-65
-71
-66
-43
-12
10
33
50
69
86
99
100
102
97
98
93
89
79
65
60
63
64
72
81
93
108
117
117
104
97
81
62
38
-3
-40
-79
-124
-181
-247
-314
-379
-443
-504
-557
-599
-635
-652
-642
-625
-586
-524
-435
-339
-225
-103
23
137
231
314
371
417
438
439
418
381
335
279
222
154
98
59
25
5
-5
6
27
45
68
89
105
118
131
138
140
136
126
123
116
103
95
83
69
66
64
62
60
63
77
83
91
96
98
105
109
114
117
115
116
106
79
49
2
-57
-117
-178
-244
-306
-368
-422
-460
-491
-501
-496
-479
-446
-394
-321
-254
-181
-112
-47
9
53
90
112
131
141
146
148
149
148
141
142
149
158
170
178
195
212
218
220
213
194
168
136
104
73
46
17
-10
-35
-56
-76
-77
-86
-90
-75
-59
-36
-14
15
37
62
91
115
135
156
168
181
191
185
177
149
114
71
14
-45
-104
-160
-209
-254
-287
-315
-333
-335
-319
-294
-255
-205
-152
-95
-42
11
49
83
107
120
125
128
128
125
124
117
107
97
86
73
70
70
65
64
64
52
40
33
13
-10
-36
-50
-61
-68
-74
-76
-69
-61
-52
-46
-37
-26
-22
-11
4
10
20
30
33
43
45
51
60
65
73
71
72
66
56
29
-1
-29
-66
-97
-132
-164
-179
-198
-202
-200
-184
-156
-133
-95
-50
-6
42
86
115
143
165
179
183
182
186
184
182
184
179
173
168
159
149
141
128
105
82
55
27
-7
-39
-75
-103
-127
-146
-154
-156
-152
-141
-122
-104
-83
-63
-48
-40
-35
-28
-33
-32
-31
-37
-39
-42
-36
-26
-9
7
27
44
55
66
58
48
29
-5
-43
-85
-124
-161
-202
-225
-245
-253
-250
-239
-206
-172
-124
-86
-39
2
38
80
103
128
139
148
164
171
177
188
193
195
206
205
199
194
186
167
144
117
86
52
19
-5
-24
-41
-56
-62
-61
-54
-41
-28
-14
-4
-1
3
6
-2
-2
-9
-20
-23
-29
-29
-19
-1
16
37
58
73
83
92
90
70
49
20
-13
-57
-104
-143
-184
-220
-241
-253
-258
-262
-256
-239
-220
-193
-165
-133
-106
-80
-58
-29
1
27
58
87
114
150
167
189
210
214
221
216
203
192
173
149
124
95
65
40
32
25
11
7
12
16
21
22
31
30
28
24
15
2
-12
-18
-32
-21
-7
5
28
49
77
104
135
142
136
147
132
101
98
80
40
-13
-59
-80
-126
-146
-172
-205
-210
-220
-214
-207
-215
-227
-222
-232
-220
-203
-198
-173
-159
-148
-135
-103
-76
-38
-7
43
92
102
131
126
155
175
158
164
144
121
110
93
67
69
48
26
20
16
14
15
-21
-31
-29
-23
-29
-58
-50
-44
-32
-9
-10
-17
30
81
104
119
150
189
232
248
232
224
213
179
159
114
71
37
-19
-42
-118
-147
-145
-202
-231
-229
-213
-222
-213
-195
-171
-180
-187
-163
-151
-149
-127
-127
-118
-72
-92
-81
-39
-33
-19
-14
-26
-6
10
45
61
55
83
60
55
81
57
48
58
34
34
66
53
34
28
20
27
20
33
22
36
68
84
104
136
152
208
245
244
242
250
256
273
297
272
253
221
217
196
152
125
122
71
21
-18
-68
-90
-150
-190
-214
-222
-243
-266
-261
-296
-296
-292
-313
-276
-245
-226
-171
-142
-110
-92
-85
-61
-31
-16
9
20
44
68
53
73
52
36
25
46
9
-14
-49
-95
-89
-105
-126
-166
-181
-180
-194
-190
-178
-189
-184
-189
-183
-119
-58
-45
-38
9
51
74
123
158
198
238
252
302
309
311
319
286
315
299
277
291
259
237
245
211
169
172
173
112
71
91
35
4
5
-44
-72
-87
-121
-134
-120
-140
-145
-119
-94
-70
-67
-88
-91
-90
-117
-80
-65
-77
-83
-93
-79
-82
-73
-54
-26
-17
-8
0
-3
-43
-47
-42
-62
-53
-24
-51
-50
-17
-56
-48
-1
69
60
51
102
121
125
99
120
139
121
152
175
185
149
94
47
11
-25
-2
-49
-175
-281
-518
-808
-2003
-2333
-868
-540
-1144
-720
505
1159
912
590
1230
1568
849
684
786
485
12
-118
-353
-455
-512
-824
-819
-630
-304
-544
-1034
-147
433
152
-73
246
603
200
100
560
21
-703
-248
-120
-899
-460
559
-14
542
1497
722
-248
619
863
463
-413
-350
-96
-142
-165
-294
-502
-455
111
359
-68
519
1161
743
589
921
1051
411
682
810
519
346
565
372
309
667
165
85
194
252
-50
6
-246
-326
-325
-779
-657
-795
-913
-633
-331
-410
-409
-172
213
338
138
116
533
442
131
80
253
-39
-469
-239
-137
-891
-952
-57
-407
-1224
-726
-325
-818
-1022
-239
-189
-849
-429
334
-125
-510
198
353
-263
252
616
190
132
610
690
217
493
667
285
127
389
250
-255
25
339
-105
-346
182
-55
-259
8
98
33
-98
70
231
159
110
198
206
15
100
157
-67
-24
-78
-173
-239
-236
-446
-549
-496
-553
-785
-823
-659
-758
-882
-991
-835
-810
-860
-672
-500
-446
-598
-359
-102
-273
-300
106
224
56
232
358
245
272
371
406
434
570
684
734
734
830
992
922
920
1239
1396
1359
1619
1984
2026
2234
2448
2473
2576
2716
2818
2897
3146
3284
3361
3070
2341
1622
815
-409
-1435
-2242
-3218
-4007
-4394
-4811
-5334
-5765
-5975
-5886
-5688
-5390
-4918
-4413
-3942
-3404
-2770
-2247
-1915
-1465
-947
-534
-82
289
484
781
1052
1219
1145
1060
1213
1414
1594
1887
2084
2273
2589
2833
2932
3164
3501
3967
4626
5425
6049
6623
7289
7992
8636
7717
5862
4747
3707
1510
-674
-2231
-3851
-5392
-5916
-6206
-7437
-8736
-8883
-8162
-7823
-7520
-6502
-5082
-3513
-1707
-186
405
703
1650
2279
2475
2890
3181
3223
3620
3927
2631
384
-1199
-2483
-3847
-4956
-5784
-6026
-5761
-5360
-4760
-4350
-4350
-3876
-2495
-1131
-131
1035
2169
3304
4455
5062
5037
5097
5444
5841
6259
6683
7013
7555
8094
8616
9040
9520
9248
7374
5539
4367
2348
-783
-3128
-4841
-6770
-8359
-8457
-8846
-9976
-10313
-9224
-8154
-7542
-6569
-4810
-2822
-848
1196
2606
3052
3597
4374
4175
3724
3560
3016
2563
2650
2381
839
-1345
-3310
-4827
-6239
-7746
-8643
-8573
-8013
-7143
-5897
-4719
-4014
-3014
-1174
664
2126
3341
4412
5645
6712
7119
6836
6355
6073
5846
5572
5334
5093
5146
5348
5984
6563
6830
7318
6658
4779
3502
2568
186
-2528
-3803
-4905
-6755
-7343
-6811
-7167
-8094
-7554
-5949
-5319
-5045
-3625
-1778
-343
1074
2536
3087
2896
3185
3125
2175
1598
1309
635
300
500
-252
-2163
-3785
-4890
-6178
-7482
-8295
-8306
-7623
-6725
-5473
-4053
-3062
-2127
-529
1216
2619
3770
4696
5667
6658
7022
6634
6015
5468
4929
4378
3985
3687
3452
3619
4030
4748
5395
5951
6686
6241
4832
3848
2854
622
-1456
-2543
-3679
-5115
-5189
-4851
-5458
-6220
-5641
-4638
-4534
-4379
-3171
-1792
-794
377
1479
1597
1243
1392
1063
221
-246
-496
-834
-656
-494
-1425
-2867
-3989
-5011
-6140
-7042
-7415
-7128
-6380
-5311
-4117
-3023
-2259
-1309
91
1434
2569
3613
4576
5564
6322
6431
6045
5548
5103
4634
4232
3894
3671
3655
3924
4468
5174
5655
6345
7192
6656
5206
4259
3280
1224
-786
-1969
-3231
-4591
-4822
-4741
-5428
-6158
-5872
-5226
-5095
-4876
-3955
-2800
-1685
-435
632
838
788
938
584
-21
-292
-482
-670
-402
-309
-1006
-2128
-3379
-4612
-5674
-6595
-7125
-6953
-6290
-5442
-4394
-3265
-2488
-1726
-559
714
1842
2903
3959
4930
5669
6002
5897
5515
5111
4854
4778
4578
4514
4814
5278
5804
6515
7044
7693
8186
7348
5954
5006
3775
1528
-490
-1844
-3435
-4933
-5219
-5438
-6373
-7119
-6758
-6250
-6196
-5900
-4923
-3734
-2471
-1074
29
328
574
897
600
174
64
-144
-370
-47
-197
-1373
-2760
-3899
-5070
-6144
-6971
-7230
-6933
-6254
-5272
-4249
-3395
-2614
-1550
-271
1096
2360
3473
4576
5695
6475
6669
6481
6196
5930
5650
5506
5262
5104
5220
5488
5777
6190
6536
7087
7384
6509
5241
4203
2941
894
-991
-2360
-3774
-4956
-5196
-5409
-6168
-6777
-6522
-6126
-6088
-5709
-4788
-3585
-2295
-934
130
548
810
998
694
275
76
-131
-295
-123
-408
-1707
-3117
-4157
-5169
-6204
-6935
-7038
-6688
-6014
-5018
-4051
-3348
-2583
-1477
-191
1078
2238
3316
4409
5493
6255
6470
6324
6062
5863
5633
5433
5244
5073
5070
5267
5554
5869
6137
6666
6850
6068
5119
4250
3093
1365
-160
-1322
-2607
-3576
-3853
-4326
-5151
-5747
-5759
-5774
-5953
-5679
-5049
-4229
-3126
-2082
-1365
-996
-630
-539
-847
-1020
-1022
-1101
-907
-502
-699
-1739
-2676
-3297
-4110
-4909
-5403
-5479
-5197
-4543
-3732
-3065
-2693
-2161
-1234
-246
572
1402
2301
3218
4191
4920
5054
4921
4876
4948
4945
4799
4700
4749
4922
5291
5692
5978
6121
6794
7372
6797
5897
5271
4370
2989
1742
548
-891
-2001
-2424
-3035
-4060
-5055
-5550
-5854
-6163
-6206
-6011
-5692
-4859
-3764
-3065
-2756
-2352
-2097
-2158
-1988
-1679
-1600
-1336
-672
-241
-573
-1313
-2049
-2681
-3272
-3845
-4212
-4301
-4050
-3493
-2946
-2629
-2446
-1997
-1258
-422
414
1158
2043
3175
4235
4759
4906
4972
5118
5327
5385
5324
5308
5419
5708
6006
6187
6126
6217
6700
6578
5870
5229
4556
3421
2315
1363
4
-1416
-2149
-2731
-3666
-4522
-5136
-5689
-6125
-6222
-6200
-6151
-5712
-4836
-4080
-3557
-3034
-2657
-2616
-2502
-2099
-1944
-1872
-1357
-821
-761
-991
-1415
-1984
-2469
-2912
-3326
-3576
-3466
-3119
-2715
-2264
-1897
-1529
-1030
-274
573
1243
2033
3058
4055
4722
5024
5194
5359
5456
5280
5000
4840
4476
4316
4339
4149
3813
3754
4013
4220
4146
3921
3700
3504
3106
2617
2012
1159
453
108
-351
-1139
-1884
-2593
-3273
-3808
-4317
-4952
-5313
-5219
-4965
-4733
-4521
-4491
-4515
-4450
-4242
-4076
-3927
-3497
-2774
-2077
-1523
-1195
-1204
-1288
-1313
-1457
-1641
-1683
-1488
-1185
-762
-401
-277
-273
-70
331
626
940
1412
1938
2408
2842
3121
3016
2897
2987
2942
2784
2596
2635
2590
2496
2618
2626
2525
2550
2953
3310
3392
3521
3654
3693
3615
3375
2995
2560
2210
1849
1376
862
285
-392
-1062
-1650
-2350
-3047
-3476
-3639
-3785
-4030
-4237
-4424
-4587
-4668
-4642
-4501
-4213
-3763
-3185
-2600
-2119
-1879
-1748
-1648
-1578
-1484
-1346
-1159
-899
-589
-325
-303
-221
-84
-71
60
426
789
1056
1366
1659
1886
2031
1959
1852
1937
1919
1818
1936
2056
1951
1838
1948
2041
1853
1764
1908
2043
2016
2061
2183
2110
1989
1936
1828
1592
1336
1149
969
763
425
52
-262
-526
-727
-906
-1011
-1172
-1331
-1462
-1612
-1751
-1904
-1920
-1852
-1739
-1572
-1479
-1411
-1447
-1530
-1674
-1836
-1874
-1905
-1900
-1813
-1721
-1682
-1726
-1715
-1683
-1652
-1470
-1147
-767
-379
55
482
834
1097
1257
1384
1518
1624
1761
1908
1938
1914
1914
1834
1684
1547
1400
1282
1212
1161
1061
941
818
682
585
458
302
211
167
139
48
-85
-245
-397
-412
-375
-336
-249
-184
-168
-156
-180
-277
-368
-316
-197
-81
26
97
139
78
-77
-244
-425
-548
-569
-543
-518
-540
-580
-657
-748
-843
-998
-1084
-1003
-847
-726
-614
-426
-275
-207
-164
-122
-116
-110
38
254
369
422
567
693
743
812
849
872
926
1027
1073
990
900
780
626
429
231
36
-213
-360
-497
-738
-1002
-1182
-1257
-1297
-1249
-1127
-1041
-947
-796
-660
-592
-473
-282
-35
249
514
725
921
1032
1036
1064
1057
992
1004
1062
1050
990
934
837
690
528
329
136
14
-59
-159
-233
-263
-304
-375
-448
-540
-662
-744
-740
-641
-541
-455
-270
-61
107
270
410
520
657
810
887
925
906
824
680
497
254
-54
-378
-666
-929
-1242
-1537
-1741
-1887
-1962
-1972
-1915
-1825
-1705
-1528
-1324
-1098
-847
-545
-224
118
437
684
922
1115
1222
1315
1429
1472
1494
1531
1508
1417
1318
1215
1053
858
678
503
336
208
93
-21
-71
-114
-186
-243
-311
-399
-462
-454
-401
-312
-214
-72
115
236
339
472
564
643
757
842
882
887
815
675
489
225
-85
-382
-670
-945
-1192
-1391
-1551
-1684
-1786
-1843
-1840
-1779
-1694
-1576
-1371
-1135
-899
-628
-370
-164
41
242
420
583
693
788
922
1009
1013
1009
976
903
863
834
762
652
561
487
396
294
195
112
81
105
121
110
88
64
53
66
90
126
181
285
434
529
557
612
648
624
630
649
619
589
571
507
391
233
33
-172
-372
-561
-707
-809
-872
-928
-986
-1035
-1089
-1142
-1185
-1208
-1159
-1054
-945
-820
-692
-617
-551
-447
-364
-297
-196
-75
89
247
324
383
433
461
496
527
537
515
507
517
480
394
287
198
155
135
115
75
52
48
52
61
55
61
116
210
336
434
485
548
610
620
598
590
556
516
533
532
468
376
263
128
-25
-165
-279
-356
-377
-384
-404
-434
-509
-601
-677
-736
-757
-733
-664
-600
-533
-478
-458
-424
-385
-333
-237
-116
32
163
256
325
366
387
386
390
388
365
353
321
247
139
12
-100
-190
-269
-323
-368
-373
-356
-334
-298
-269
-213
-128
-19
103
208
299
381
460
505
496
482
468
449
447
431
392
324
249
157
29
-93
-189
-245
-261
-262
-252
-266
-299
-313
-329
-338
-336
-302
-234
-177
-112
-69
-48
-13
44
111
177
259
351
424
474
506
510
495
473
457
418
344
264
147
8
-158
-324
-477
-619
-710
-781
-846
-870
-869
-842
-793
-713
-599
-472
-317
-154
-16
100
206
312
382
423
462
492
527
558
575
558
500
440
359
259
165
86
42
17
11
2
-45
-89
-117
-138
-150
-156
-129
-105
-78
-52
-44
-48
-26
37
116
204
297
384
451
504
539
548
540
540
544
516
463
381
243
75
-113
-308
-508
-683
-813
-921
-1013
-1082
-1122
-1139
-1131
-1076
-993
-892
-751
-592
-438
-288
-134
16
141
253
358
448
531
616
692
735
754
754
725
661
594
531
469
428
397
350
284
217
158
89
18
-36
-86
-125
-142
-150
-164
-178
-158
-115
-62
2
61
112
158
207
254
280
299
338
372
392
390
348
265
164
60
-55
-188
-318
-434
-540
-642
-738
-823
-891
-921
-916
-892
-867
-823
-753
-673
-571
-454
-331
-198
-71
55
167
265
364
457
551
630
699
745
755
745
712
667
617
555
488
417
343
274
194
118
41
-37
-94
-136
-160
-176
-167
-127
-77
-12
39
63
75
78
89
95
98
125
164
210
236
231
191
117
55
3
-55
-110
-153
-186
-226
-278
-344
-424
-485
-525
-542
-541
-552
-555
-552
-543
-523
-496
-447
-389
-318
-229
-142
-66
8
96
195
289
379
461
511
542
558
558
531
481
433
371
305
238
169
94
9
-57
-103
-144
-184
-199
-177
-136
-74
-4
42
65
83
99
110
110
125
169
228
284
308
292
238
172
119
79
49
25
22
29
18
-31
-95
-160
-226
-270
-288
-307
-346
-384
-408
-434
-472
-487
-470
-444
-402
-331
-258
-195
-121
-32
67
167
275
383
456
498
534
547
530
483
422
353
277
197
112
12
-103
-196
-266
-330
-390
-424
-413
-359
-287
-223
-173
-145
-118
-83
-40
-12
30
111
207
273
293
275
226
170
133
115
96
85
105
127
111
60
2
-49
-90
-105
-94
-101
-116
-122
-131
-160
-191
-190
-178
-160
-139
-100
-63
-32
7
60
121
192
277
358
420
447
469
488
477
442
388
332
275
210
134
42
-60
-158
-223
-292
-375
-435
-443
-408
-377
-348
-334
-350
-355
-334
-312
-305
-274
-186
-92
-39
-18
-16
-48
-80
-78
-63
-61
-47
8
49
42
15
-12
-33
-40
-22
5
19
30
51
63
44
22
23
33
40
53
76
89
100
123
161
198
245
310
380
426
453
488
515
512
483
457
429
382
330
279
203
109
28
-30
-108
-197
-249
-262
-266
-275
-278
-289
-330
-359
-362
-373
-397
-376
-305
-248
-220
-207
-199
-221
-245
-240
-235
-238
-217
-162
-134
-153
-175
-181
-190
-196
-170
-129
-104
-71
-21
9
1
-1
30
57
75
105
144
164
180
214
241
255
276
322
371
385
390
405
405
375
341
320
286
236
205
179
131
79
48
22
-17
-47
-39
-25
-23
-11
8
10
-21
-44
-60
-96
-133
-132
-107
-105
-118
-128
-149
-202
-251
-279
-304
-338
-329
-295
-297
-322
-320
-307
-315
-305
-261
-209
-162
-98
-22
19
21
51
100
132
148
180
215
226
236
254
260
235
227
240
232
204
179
162
129
90
65
47
17
-9
-8
-7
-18
-25
-9
8
13
31
67
97
116
143
175
177
158
142
119
79
41
24
16
-11
-38
-52
-84
-145
-196
-227
-259
-286
-285
-265
-267
-270
-251
-234
-228
-213
-165
-107
-59
3
68
99
116
149
186
197
202
224
240
243
242
241
223
193
181
170
141
100
68
47
15
-19
-38
-56
-85
-99
-99
-109
-119
-123
-112
-104
-102
-94
-80
-74
-66
-45
-32
-31
-37
-43
-54
-75
-98
-116
-124
-134
-140
-136
-149
-170
-184
-191
-196
-190
-165
-136
-108
-84
-49
-19
2
34
78
124
159
197
237
258
269
289
300
297
303
313
315
308
303
304
288
268
260
246
224
201
190
172
143
116
95
68
30
3
-26
-63
-107
-137
-167
-202
-229
-253
-278
-301
-311
-314
-313
-312
-306
-294
-289
-289
-286
-283
-276
-266
-259
-246
-244
-245
-241
-234
-226
-220
-196
-166
-141
-109
-79
-54
-31
5
47
83
121
163
201
232
258
284
306
328
349
371
388
397
405
412
409
400
402
401
384
371
367
348
319
287
254
212
160
113
67
13
-42
-97
-150
-208
-262
-303
-340
-371
-390
-389
-387
-379
-364
-353
-336
-316
-292
-264
-241
-219
-200
-186
-180
-177
-175
-179
-181
-176
-164
-159
-150
-138
-124
-110
-95
-68
-37
-12
22
59
90
115
149
176
195
219
240
270
287
296
311
318
314
311
307
301
295
293
296
284
273
255
236
211
185
159
131
98
58
25
-14
-65
-110
-147
-183
-218
-241
-248
-260
-265
-262
-259
-258
-252
-235
-212
-200
-184
-167
-155
-148
-143
-134
-131
-129
-116
-101
-89
-75
-61
-44
-36
-25
-1
21
39
61
83
103
116
125
135
139
144
152
158
153
149
143
133
115
98
86
77
72
70
76
75
77
87
96
103
105
112
120
116
112
100
77
46
13
-20
-50
-83
-111
-136
-165
-187
-200
-212
-226
-233
-226
-218
-211
-202
-190
-175
-166
-155
-138
-121
-102
-74
-47
-22
-2
25
50
67
90
115
137
154
174
192
202
208
212
214
208
207
202
195
183
167
150
127
103
78
57
33
17
10
2
-8
-12
-10
-10
-4
5
10
12
14
10
4
-14
-34
-53
-79
-106
-134
-157
-180
-206
-220
-231
-243
-252
-254
-255
-253
-243
-227
-208
-202
-188
-167
-150
-131
-108
-84
-60
-32
-5
21
52
84
111
142
173
203
226
248
268
286
300
310
313
312
312
302
287
268
241
215
185
155
121
87
50
21
-7
-35
-50
-62
-74
-87
-96
-97
-100
-104
-104
-114
-120
-128
-141
-153
-162
-176
-189
-197
-205
-213
-209
-207
-201
-194
-184
-168
-153
-137
-127
-116
-103
-88
-76
-59
-45
-31
-17
0
21
34
53
70
93
115
139
160
181
206
223
239
257
271
279
284
288
280
271
254
235
215
188
160
125
93
57
23
-7
-43
-65
-84
-103
-115
-130
-139
-147
-155
-162
-169
-178
-187
-195
-201
-208
-212
-212
-213
-211
-206
-198
-182
-169
-151
-129
-113
-90
-71
-53
-31
-13
2
19
34
44
59
72
79
85
95
102
114
124
138
155
165
179
189
197
199
203
205
201
195
186
178
166
148
128
112
89
66
40
16
-11
-35
-58
-82
-92
-106
-111
-112
-113
-111
-108
-112
-119
-123
-134
-144
-156
-168
-177
-186
-202
-207
-212
-218
-215
-217
-209
-200
-189
-172
-161
-140
-113
-89
-53
-20
11
49
80
109
135
161
181
206
227
245
266
284
300
308
310
310
304
290
277
259
237
212
188
158
128
101
74
44
17
-6
-34
-59
-79
-101
-120
-131
-136
-133
-128
-124
-117
-105
-100
-99
-109
-117
-126
-141
-154
-172
-187
-206
-225
-242
-263
-279
-288
-293
-296
-290
-283
-268
-251
-229
-197
-164
-125
-79
-33
18
58
98
131
160
196
230
262
292
320
345
364
375
383
383
377
371
359
345
325
306
284
253
225
196
164
134
105
78
51
25
-2
-28
-48
-67
-83
-93
-100
-104
-108
-116
-125
-136
-148
-167
-173
-182
-202
-221
-239
-258
-283
-297
-312
-324
-329
-330
-325
-316
-300
-284
-268
-245
-217
-188
-158
-123
-85
-47
-15
19
44
74
103
127
158
182
205
223
241
260
274
285
298
309
318
326
328
325
316
306
286
267
246
220
198
177
152
124
101
71
47
23
0
-17
-35
-54
-68
-79
-93
-105
-117
-127
-135
-144
-156
-169
-181
-194
-210
-225
-234
-241
-246
-246
-241
-239
-235
-223
-216
-206
-195
-185
-164
-144
-126
-101
-76
-51
-27
-3
17
37
59
84
106
118
137
147
165
184
199
214
226
236
243
250
246
236
224
214
204
189
174
156
135
118
93
73
51
32
10
-12
-30
-46
-57
-71
-79
-93
-99
-103
-106
-111
-118
-123
-131
-140
-150
-158
-167
-171
-173
-175
-172
-171
-164
-162
-157
-150
-142
-130
-113
-92
-73
-45
-21
-1
20
42
60
81
100
120
133
143
156
162
170
175
180
184
184
183
181
176
167
159
150
139
124
109
94
83
71
50
34
18
-5
-28
-46
-64
-81
-97
-114
-126
-133
-145
-150
-152
-153
-152
-151
-148
-147
-144
-141
-137
-133
-132
-126
-121
-113
-105
-96
-92
-85
-73
-60
-46
-32
-17
2
23
45
65
78
98
111
131
145
154
167
177
183
185
186
185
185
179
171
162
153
140
128
117
103
91
75
61
49
29
13
-3
-22
-37
-53
-71
-89
-105
-120
-129
-139
-150
-154
-160
-161
-159
-157
-153
-153
-149
-135
-128
-119
-112
-102
-93
-84
-75
-67
-56
-49
-36
-34
-25
-11
-5
4
19
31
46
60
75
92
104
118
132
144
155
163
167
168
173
171
167
161
157
147
133
121
102
88
73
54
36
23
7
-8
-19
-30
-40
-53
-62
-68
-81
-85
-89
-96
-102
-108
-111
-116
-117
-117
-117
-113
-112
-112
-106
-104
-96
-88
-82
-74
-68
-54
-45
-43
-32
-23
-16
-10
-2
6
11
20
25
33
43
52
65
79
90
104
114
123
133
144
151
154
150
146
137
124
114
97
77
56
34
18
2
-13
-29
-44
-56
-63
-74
-77
-83
-89
-86
-85
-84
-81
-79
-74
-67
-68
-63
-60
-56
-50
-47
-38
-34
-31
-27
-22
-19
-19
-17
-15
-17
-20
-19
-23
-24
-26
-29
-27
-28
-30
-31
-26
-18
-11
-1
7
20
31
43
57
68
80
88
97
105
107
112
106
99
95
84
72
62
52
42
29
18
5
-5
-14
-23
-33
-34
-38
-44
-46
-50
-57
-56
-56
-61
-59
-58
-59
-57
-58
-56
-52
-50
-47
-46
-44
-39
-34
-33
-32
-29
-31
-29
-27
-25
-23
-20
-12
-8
-4
5
14
24
31
41
50
61
72
78
86
86
89
92
92
91
79
73
67
58
49
38
28
15
4
-3
-11
-20
-32
-38
-40
-45
-53
-55
-60
-60
-59
-58
-58
-55
-52
-49
-45
-42
-34
-30
-26
-20
-14
-12
-10
-4
-5
-7
-9
-10
-11
-15
-19
-20
-27
-27
-24
-26
-27
-24
-19
-15
-7
-1
6
13
20
29
38
46
53
59
64
64
67
66
67
66
65
61
54
51
43
40
33
26
21
13
7
-1
-9
-14
-21
-28
-36
-41
-48
-52
-56
-61
-62
-62
-64
-63
-59
-57
-54
-50
-45
-41
-36
-28
-27
-23
-18
-14
-9
-6
-3
0
1
3
7
12
15
21
24
28
32
37
39
39
43
44
46
46
47
47
46
43
43
40
39
38
35
32
31
28
26
28
28
25
23
22
19
19
14
10
10
6
6
6
2
4
-1
-2
0
3
3
2
0
-1
-1
-2
-2
-5
-4
-5
-5
-7
-8
-10
-12
-14
-17
-17
-19
-16
-17
-19
-19
-17
-15
-16
-16
-16
-15
-15
-14
-16
-18
-14
-15
-17
-16
-17
-19
-19
-15
-16
-17
-17
-18
-17
-19
-17
-19
-19
-17
-17
-15
-20
-19
-17
-17
-16
-17
-16
-16
-14
-13
-13
-12
-8
-9
-6
-4
-2
2
5
7
7
7
8
8
9
12
11
10
10
9
6
5
5
3
1
0
-2
-3
-4
-7
-10
-10
-12
-12
-10
-12
-14
-12
-9
-8
-10
-7
-9
-10
-8
-9
-7
-9
-10
-10
-10
-9
-11
-10
-9
-7
-7
-6
-5
-8
-8
-5
-4
-6
-6
-5
-5
-4
-1
0
3
5
7
10
12
12
13
20
21
19
23
25
26
28
26
27
27
30
29
29
31
32
32
31
34
34
34
34
34
36
37
35
38
37
37
40
39
37
38
36
37
36
34
31
28
26
21
19
16
13
10
10
7
3
1
-2
-3
-3
-6
-9
-8
-8
-7
-9
-11
-11
-11
-13
-14
-11
-12
-14
-15
-14
-15
-18
-18
-20
-20
-21
-21
-21
-20
-20
-20
-21
-23
-21
-20
-19
-18
-19
-17
-16
-15
-11
-11
-9
-8
-7
-5
-5
-5
-7
-8
-6
-8
-11
-9
-10
-12
-12
-14
-13
-13
-15
-13
-17
-18
-16
-17
-13
-13
-11
-12
-11
-10
-9
-9
-9
-10
-9
-10
-12
-10
-13
-13
-16
-18
-21
-22
-22
-25
-25
-24
-21
-23
-22
-20
-20
-17
-13
-11
-9
-8
-7
-3
-3
-1
1
0
1
3
6
8
7
5
5
6
5
5
5
5
5
6
5
5
7
8
10
10
11
12
14
14
15
15
16
18
20
22
20
19
19
21
17
17
16
14
13
10
11
8
7
7
5
5
5
5
8
9
13
13
14
17
18
18
18
23
24
24
23
22
21
19
16
15
13
11
9
6
3
3
1
-2
-1
-1
-2
-1
-1
-2
1
3
6
5
6
6
8
8
9
10
11
10
10
10
10
7
5
1
0
-3
-5
-8
-8
-9
-11
-9
-12
-12
-11
-8
-9
-10
-8
-7
-7
-6
-4
-5
-5
-4
-5
-5
-4
-6
-8
-8
-9
-11
-10
-11
-12
-14
-14
-16
-16
-15
-15
-16
-13
-13
-14
-11
-13
-11
-9
-10
-6
-9
-6
-6
-6
-5
-6
-5
-5
-6
-5
-5
-7
-8
-8
-8
-7
-9
-8
-7
-7
-7
-5
-4
-3
-3
-2
-1
-1
2
4
3
5
5
4
3
4
2
2
4
4
4
4
4
5
4
4
3
3
4
5
6
5
6
7
9
10
10
11
13
11
13
14
13
11
12
12
12
12
11
11
9
8
7
5
6
5
3
5
4
1
2
2
2
1
1
1
1
2
1
0
-1
-1
0
1
0
-2
-2
-2
-4
-4
-4
-5
-6
-4
-5
-5
-4
-5
-6
-5
-3
-3
-4
-5
-4
-2
-2
-2
-3
-2
-2
-2
-1
-1
-2
-2
0
0
-1
-1
-1
-2
-1
0
0
-3
-1
-3
-3
-1
-2
-4
-3
-3
-3
-1
-3
-3
-2
-4
0
-1
0
0
0
1
2
1
-1
1
1
2
-1
-2
-1
-2
-3
-1
0
-1
-2
-2
-1
0
1
0
0
-1
-1
-1
-2
1
1
1
0
0
1
2
2
0
1
0
1
0
1
1
1
0
0
0
1
0
0
0
0
2
0
0
0
-3
0
0
-2
-2
0
1
1
0
0
1
2
1
-1
0
1
3
1
2
1
2
1
2
1
0
3
4
3
3
2
4
3
4
4
4
4
3
3
3
2
1
0
-1
0
0
0
-1
0
1
1
2
3
1
3
4
3
3
2
3
1
1
3
3
2
3
1
1
2
2
2
5
3
1
-1
-2
-1
0
-2
-2
-3
-2
-3
-3
-3
-2
-1
-2
-1
2
0
1
-1
-1
0
0
1
2
1
1
2
2
3
3
1
2
1
1
1
1
1
0
-1
-1
0
0
1
0
1
0
-1
-1
0
0
0
0
1
-1
-2
-1
-2
-3
-3
-4
-5
-6
-9
-7
-6
-5
-4
-5
-5
-3
-2
-2
0
0
-1
-2
-2
0
-1
0
0
0
-1
-1
-3
-2
-3
-1
-2
-2
-1
-3
-2
-1
-2
-3
-2
-3
-4
-3
-5
-5
-5
-5
-6
-5
-4
-4
-3
-2
-2
-1
-1
0
0
1
1
1
1
2
1
2
2
2
0
1
0
3
1
-1
0
1
1
0
1
-2
0
1
1
2
0
2
2
2
2
1
1
2
2
2
2
1
3
3
5
2
3
3
2
2
2
1
0
0
1
0
1
1
0
0
0
1
-1
-1
1
2
-1
-1
-1
-2
-4
-2
-3
-4
-5
-6
-3
-4
-2
-3
-2
-2
-4
-1
-2
-4
-4
-4
-2
0
0
-1
3
1
1
1
2
3
3
3
3
3
4
3
3
4
4
5
4
4
5
5
5
5
3
4
2
2
3
3
3
4
3
2
4
3
1
0
-1
-2
0
-1
0
-4
-4
-3
-2
-1
-1
-2
-1
1
0
-1
-1
-1
-1
0
2
0
-1
-2
-2
-2
-2
-1
-1
-1
-1
-3
-2
-2
-1
-3
-2
-2
-4
-4
-2
-3
-1
-1
-1
0
-1
-1
0
-2
1
0
1
-1
1
1
0
0
-2
-2
-3
-2
-1
-2
-3
-2
0
0
1
0
-2
-1
0
1
1
0
1
2
1
2
2
1
1
2
0
2
0
0
0
1
0
1
1
1
3
2
2
4
2
1
2
2
3
4
3
3
3
3
3
3
2
1
-2
-1
0
-2
0
1
0
1
0
0
0
0
-1
-1
0
0
0
-1
-2
-1
-1
-1
-2
-1
-2
-1
0
1
-1
0
0
0
-1
1
3
2
2
2
3
1
2
3
1
3
3
3
4
6
6
2
3
6
5
5
3
3
4
3
2
3
2
1
-1
-1
0
-1
-1
0
0
2
2
1
1
1
2
3
1
2
2
0
-1
-2
-1
0
1
0
-1
-1
-2
-2
-3
-3
-2
-2
-2
-2
-4
-2
-3
-1
0
-2
-1
1
2
1
0
0
1
-1
1
0
1
3
1
1
0
0
1
1
1
1
1
0
-1
-1
-1
-2
-1
-1
-1
-2
-2
-3
-4
-2
-3
-1
-1
0
-1
0
1
1
2
1
1
2
0
1
2
2
2
2
2
2
3
1
1
0
0
-1
-3
-2
-4
-4
-3
-5
-4
-3
-3
-3
-2
-4
-2
-1
-1
-2
-4
-3
-2
-3
-2
-2
-3
-3
-2
-2
-1
0
-1
0
0
0
-1
1
-1
-2
1
-3
-1
0
-1
-2
-2
-2
-2
-2
-1
-1
0
-1
-3
-1
-1
0
1
0
0
-1
-1
0
0
-3
-3
-2
-3
-1
-2
-2
-2
-1
-2
-1
1
2
1
1
2
2
2
1
1
2
3
2
3
2
3
4
3
2
-1
1
1
1
0
1
1
-1
1
2
1
0
2
2
0
0
0
0
0
1
0
1
1
1
2
2
1
2
2
4
4
4
5
6
5
6
4
4
4
4
4
3
4
4
5
5
5
2
3
2
0
-1
-2
-2
-2
-3
-3
-3
-4
-3
-3
-2
-2
-5
-4
0
-2
-1
-3
0
0
0
4
2
1
1
4
4
7
8
5
7
7
11
7
9
10
8
7
6
7
7
6
7
3
2
1
3
6
4
4
4
3
4
3
0
3
7
7
7
6
5
-3
-4
-2
-6
-3
-13
-20
-17
-17
-11
-11
-16
-17
-17
-12
-13
-7
-4
-1
4
3
5
6
3
1
6
9
12
14
7
10
2
0
-5
-9
-9
-16
-14
-14
-10
-18
-18
-11
-12
-3
3
0
0
3
1
5
4
5
12
4
-5
-12
-8
-8
-8
-8
-12
-9
-23
-22
-13
-14
-5
1
3
5
6
8
1
10
10
4
13
6
17
16
16
23
20
24
25
20
24
23
7
14
2
-7
-6
-10
-12
-15
-25
-44
-48
-41
-41
-46
-48
-46
-47
-52
-39
-25
-30
-21
-15
-12
-1
-9
-8
-6
-3
2
1
-1
-2
1
1
-4
-6
0
1
-8
-22
-9
-7
-10
-7
-2
-8
3
8
14
24
17
15
28
18
1
11
3
4
1
4
18
12
13
12
17
9
11
14
12
18
13
2
-10
5
12
16
30
52
49
42
58
55
62
63
47
51
49
53
51
50
51
38
35
43
41
43
41
35
25
19
28
17
8
1
0
-1
-9
-19
-18
-30
-37
-39
-30
-34
-43
-33
-41
-26
-24
-19
4
8
22
34
34
45
50
50
47
51
69
49
39
50
32
34
33
22
-2
-8
-17
-25
-38
-62
-70
-74
-64
-69
-57
-45
-72
-56
-62
-88
-107
-109
-154
-216
-237
-594
-753
-252
-48
-328
-235
96
236
272
263
257
181
102
-42
-337
-508
-314
-120
-149
-129
-125
136
274
124
291
308
-34
-253
-46
-188
-239
-206
-307
-128
-30
-59
-99
-15
-246
76
252
-194
-99
130
-23
132
142
20
204
377
358
253
377
295
272
501
653
280
146
421
332
223
202
55
268
266
-3
127
209
3
-141
270
326
16
-23
204
243
-2
53
98
19
-56
41
231
-296
-258
305
-73
-248
50
-117
-118
-49
-45
46
-237
-200
-25
23
-176
-186
-45
-68
-77
-217
-38
-248
-209
45
-67
-195
-147
90
-42
-155
66
61
-451
-94
199
-341
-497
121
-143
-812
-39
299
-509
-607
110
-271
-765
-403
17
-329
-293
157
-83
-322
239
634
78
223
675
310
18
534
637
72
139
596
258
-241
240
256
-245
-51
339
-44
-245
124
145
-291
-79
306
-34
-68
323
97
-344
4
203
-106
-94
173
-8
-359
-160
68
-222
-418
-96
-61
-310
-167
-117
-247
-160
-24
-185
-278
-11
-122
-388
-95
-45
-377
-231
135
5
-185
-56
155
49
-51
178
245
167
130
294
59
26
234
-17
-216
162
334
-127
-25
430
325
77
322
429
313
374
599
666
577
607
810
837
697
800
974
880
794
810
625
428
345
264
93
-73
-226
-298
-510
-787
-910
-1012
-1170
-1294
-1318
-1512
-1691
-1604
-1566
-1646
-1526
-1335
-1297
-1306
-1200
-986
-933
-845
-508
-329
-423
-218
92
-59
-22
360
469
335
561
893
767
762
1178
1281
1091
1293
1544
1518
1408
1626
1854
1719
1711
1985
2151
1947
1951
2256
2435
2384
2184
1954
1428
1036
780
511
-118
-828
-1096
-1224
-1733
-2494
-2762
-2928
-3088
-3026
-2896
-3116
-3193
-2869
-2506
-2317
-2212
-2036
-1748
-1508
-1321
-1185
-1054
-832
-462
-27
91
17
29
163
275
393
292
173
214
233
203
116
69
157
446
753
888
1038
1145
1309
1560
1924
2149
2310
2470
2780
3094
3093
3109
3311
3547
3949
3933
3116
2342
2112
1902
1188
545
-196
-759
-1328
-1778
-2358
-3155
-3814
-3896
-3549
-3485
-3731
-3830
-3489
-3111
-2640
-2280
-2064
-1740
-1192
-631
-276
-255
-287
-66
184
262
162
-82
-337
-356
-267
-458
-806
-1054
-1062
-975
-936
-1064
-1139
-1004
-683
-261
138
377
583
951
1436
1909
2143
2303
2684
3084
3372
3643
3762
3834
3899
4183
4523
4669
4199
3172
2520
2367
1916
1024
231
-418
-1097
-1708
-2233
-3018
-3828
-4280
-4010
-3628
-3730
-4012
-3943
-3506
-2909
-2401
-2130
-1946
-1442
-827
-384
-154
-40
99
376
692
618
238
-201
-395
-384
-474
-713
-1121
-1436
-1392
-1344
-1361
-1446
-1389
-1177
-755
-265
74
289
522
1078
1639
1980
2155
2268
2519
2789
2819
2866
2915
3097
3163
3295
3467
3572
3679
3300
2617
1974
1934
1681
1109
426
-153
-399
-750
-1257
-1903
-2372
-2584
-2557
-2429
-2580
-2826
-2824
-2622
-2334
-2200
-2040
-2044
-1805
-1438
-1214
-1101
-1008
-816
-586
-386
-453
-719
-993
-1067
-886
-886
-1003
-1077
-1180
-1043
-876
-722
-652
-428
-15
312
671
898
1049
1113
1374
1703
1804
1744
1626
1622
1521
1559
1365
1134
886
906
1155
1017
862
727
1086
1408
1309
1070
1013
1226
1369
1455
1386
1142
1083
1154
1066
797
472
320
239
166
-63
-400
-703
-827
-922
-1151
-1360
-1549
-1703
-1907
-1980
-2009
-2050
-2102
-2116
-2068
-2006
-1963
-2050
-2071
-1821
-1524
-1328
-1297
-1150
-855
-590
-366
-252
-51
188
461
614
631
662
676
728
722
698
669
629
605
515
435
405
470
529
501
501
588
637
631
714
846
975
1168
1327
1434
1531
1645
1732
1737
1796
1825
1765
1640
1482
1268
1101
923
734
479
180
-13
-244
-497
-718
-899
-1032
-1116
-1211
-1382
-1520
-1564
-1606
-1628
-1625
-1585
-1591
-1585
-1529
-1533
-1563
-1502
-1425
-1323
-1216
-1134
-1050
-988
-832
-636
-507
-394
-229
-92
29
234
401
471
551
693
802
845
889
897
899
946
993
961
886
852
866
854
852
829
809
772
743
755
781
768
729
747
764
790
776
743
691
694
719
704
582
418
341
292
213
124
-23
-203
-337
-406
-503
-637
-724
-807
-845
-881
-938
-1035
-1088
-1097
-1049
-1032
-1055
-1028
-989
-961
-947
-921
-871
-795
-689
-541
-475
-476
-343
-204
-90
18
113
180
201
269
375
425
359
368
390
418
423
338
222
256
331
306
261
223
192
216
254
259
198
179
253
322
347
334
333
364
479
534
444
362
469
594
577
502
455
405
452
436
294
224
245
248
137
65
4
-56
-63
-90
-160
-248
-261
-292
-379
-406
-421
-389
-332
-383
-495
-572
-546
-421
-391
-524
-565
-481
-427
-436
-457
-432
-374
-284
-201
-153
-245
-224
-81
-34
-11
-163
-168
56
75
-166
-224
-6
-19
-180
-285
-240
-181
-161
-179
-177
-151
-95
-86
-88
-72
15
190
175
206
388
455
415
555
729
861
892
857
885
996
1083
975
874
900
923
790
610
562
530
463
370
280
170
77
50
-7
-127
-171
-163
-197
-245
-342
-349
-337
-345
-394
-340
-266
-254
-292
-386
-471
-482
-418
-487
-562
-682
-750
-694
-714
-951
-1022
-916
-833
-998
-1180
-1185
-890
-700
-933
-1029
-786
-521
-494
-523
-520
-297
-58
57
228
216
175
432
623
821
765
629
897
1181
1195
893
961
1157
1245
1325
1199
1151
1238
1367
1216
1030
1185
1265
1054
772
881
960
781
429
322
376
245
164
-47
-226
-246
-292
-312
-507
-681
-636
-611
-678
-788
-815
-834
-924
-965
-1012
-1112
-1134
-1236
-1309
-1119
-1113
-1444
-1436
-1248
-914
-903
-1431
-1297
-564
-636
-1006
-943
-392
-302
-465
-413
-148
-26
-7
166
246
345
470
859
802
508
607
1198
1237
915
863
1223
1710
1613
1269
1343
1826
2057
1939
1685
1493
1529
1891
1834
1048
689
999
1076
455
-252
-169
129
-234
-799
-914
-578
-521
-904
-1095
-812
-620
-774
-1030
-1003
-744
-813
-957
-924
-858
-1013
-1313
-1385
-1298
-1380
-1848
-2265
-2071
-1761
-1947
-2505
-2290
-1432
-1093
-1298
-1306
-733
-154
124
34
180
700
1117
1052
838
980
1254
1493
1214
1023
1236
1558
1935
1635
1385
1800
2608
2632
1927
2154
2969
3259
2417
1829
2021
2298
1875
1146
877
852
402
-267
-488
-556
-882
-1434
-1642
-1424
-1549
-2043
-2226
-1993
-1716
-1765
-1877
-1832
-1712
-1613
-1507
-1320
-1096
-973
-897
-700
-561
-603
-684
-567
-303
-425
-752
-942
-860
-691
-926
-1138
-951
-756
-914
-1035
-745
-443
-459
-593
-388
-25
94
180
338
485
753
1029
1095
1234
1461
1754
2125
2398
2483
2594
3088
3473
3500
3372
3053
2757
2632
2604
2359
1641
897
550
457
-88
-804
-1323
-1688
-1853
-2031
-2372
-2739
-2875
-2827
-2661
-2508
-2490
-2550
-2434
-2097
-1799
-1468
-1132
-952
-604
-218
12
23
-18
150
428
526
346
55
-83
-90
-149
-265
-361
-480
-550
-583
-583
-508
-398
-377
-305
88
408
395
424
812
1146
1373
1496
1755
1873
1967
2443
2799
2923
3024
3447
3528
2860
2222
2286
2545
2272
1501
778
335
69
-409
-1044
-1575
-1944
-2249
-2501
-2773
-3164
-3354
-3258
-3062
-2891
-2946
-3119
-2998
-2559
-2103
-1823
-1508
-1239
-906
-531
-322
-275
-128
182
407
491
344
96
103
203
284
266
143
-49
-117
47
188
165
75
201
519
788
837
803
1000
1368
1679
1768
2014
2228
2391
2678
3044
3352
3554
3735
3385
2739
2305
2459
2360
1797
1032
246
-185
-479
-898
-1436
-2105
-2522
-2671
-2777
-3157
-3668
-3633
-3364
-3091
-3105
-3320
-3392
-3078
-2541
-2118
-1878
-1642
-1427
-916
-473
-368
-428
-262
158
388
397
164
-56
47
250
309
274
8
-115
25
379
509
450
508
760
1139
1373
1451
1603
1980
2334
2528
2679
2917
3226
3440
3741
4060
4534
4420
3504
2773
2653
2868
2343
1528
489
-398
-754
-1047
-1623
-2270
-2948
-3266
-3281
-3384
-3944
-4306
-3782
-3329
-3185
-3311
-3438
-3366
-2885
-2253
-1865
-1643
-1514
-1292
-655
-243
-317
-485
-227
215
405
127
-337
-421
-217
-79
-187
-358
-649
-747
-443
-134
-78
-67
142
592
1110
1375
1539
1866
2352
2802
3253
3640
3833
4009
4501
5035
5535
5727
4699
3779
3599
4066
3422
2225
1097
-8
-383
-874
-1495
-2429
-3375
-3946
-3924
-3843
-4450
-5143
-4657
-4027
-3710
-3759
-3973
-3824
-3074
-2210
-1895
-1781
-1661
-1387
-592
29
-78
-436
-280
84
302
210
-245
-563
-463
-320
-468
-717
-1050
-1136
-789
-428
-439
-494
-273
336
1021
1384
1522
1867
2478
2972
3427
3815
4125
4483
4979
5349
5850
5984
4866
4090
4185
4528
3551
2335
1228
213
-127
-505
-1295
-2407
-3391
-3753
-3635
-3856
-4639
-4971
-4310
-4020
-3957
-3969
-4036
-3809
-2910
-2206
-2076
-2013
-1765
-1341
-591
-217
-507
-656
-318
33
102
-197
-708
-788
-552
-563
-803
-1057
-1384
-1340
-889
-696
-746
-586
-205
344
978
1250
1496
2188
2908
3370
3738
4065
4400
4970
5711
6007
6436
5976
4771
4445
4934
4725
3291
2220
1159
372
-33
-519
-1509
-2507
-3330
-3500
-3433
-3932
-4736
-4573
-3953
-3869
-3954
-4060
-4088
-3670
-2746
-2456
-2504
-2403
-1986
-1403
-780
-765
-1098
-1043
-599
-234
-246
-663
-1073
-970
-757
-861
-1027
-1161
-1365
-1216
-847
-756
-750
-487
-4
590
997
1060
1459
2270
2951
3344
3561
3808
4285
5007
5576
5775
6245
5717
4686
4599
5100
4670
3291
2388
1371
791
339
-124
-1097
-2069
-2808
-2867
-2830
-3507
-4139
-3814
-3436
-3584
-3740
-3834
-3781
-3296
-2633
-2619
-2762
-2651
-2187
-1503
-1042
-1240
-1500
-1350
-846
-584
-680
-1096
-1312
-1179
-1036
-1125
-1220
-1324
-1394
-1153
-923
-834
-716
-356
118
627
889
1037
1603
2310
2858
3130
3304
3537
4151
4835
5266
5376
5871
5597
4693
4489
4944
4734
3462
2562
1603
1005
545
226
-656
-1644
-2483
-2639
-2605
-3123
-3692
-3564
-3277
-3489
-3610
-3631
-3605
-3299
-2706
-2636
-2822
-2725
-2295
-1715
-1232
-1389
-1661
-1511
-953
-637
-774
-1179
-1426
-1258
-1061
-1126
-1222
-1357
-1449
-1232
-950
-906
-818
-481
9
444
710
876
1422
2121
2667
2864
3046
3358
3939
4611
5077
5228
5581
5704
4920
4580
4911
4933
3851
2948
2005
1269
878
622
-229
-1262
-2123
-2493
-2435
-2790
-3353
-3539
-3266
-3434
-3559
-3566
-3588
-3403
-2908
-2809
-3028
-2898
-2429
-1971
-1560
-1662
-1924
-1746
-1131
-768
-925
-1294
-1494
-1276
-1024
-1096
-1219
-1326
-1401
-1213
-896
-828
-765
-457
-40
301
558
823
1347
2018
2518
2630
2771
3164
3817
4453
4847
4993
5250
5706
5125
4538
4769
5067
4300
3304
2323
1513
1232
1140
415
-734
-1677
-2235
-2023
-2147
-2760
-3320
-3087
-3096
-3253
-3281
-3386
-3324
-2952
-2771
-3001
-3023
-2699
-2293
-1841
-1861
-2280
-2223
-1666
-1179
-1247
-1615
-1919
-1734
-1309
-1244
-1417
-1624
-1697
-1433
-1036
-851
-810
-622
-232
184
557
775
1266
1989
2484
2655
2749
3098
3782
4500
4810
4970
5126
5672
5424
4691
4675
5044
4614
3495
2569
1790
1413
1235
732
-458
-1464
-2137
-1932
-1858
-2486
-3279
-3202
-2988
-3115
-3134
-3252
-3296
-3053
-2716
-2853
-2971
-2715
-2311
-1828
-1720
-2180
-2255
-1735
-1152
-1193
-1577
-1945
-1834
-1359
-1195
-1455
-1725
-1775
-1542
-1195
-948
-934
-819
-422
-17
350
656
1045
1676
2227
2445
2558
2980
3648
4313
4662
4891
5019
5615
5963
5169
4698
5047
5076
4091
3075
2196
1667
1453
1091
-36
-1191
-2041
-2110
-1761
-2239
-3281
-3552
-3209
-3257
-3299
-3369
-3526
-3444
-3004
-2971
-3141
-2901
-2525
-2085
-1739
-2039
-2240
-1866
-1264
-1113
-1304
-1754
-1885
-1425
-1115
-1327
-1611
-1733
-1684
-1355
-972
-938
-959
-686
-288
165
544
861
1345
1980
2280
2383
2821
3480
4131
4607
4794
4890
5352
6203
5861
4947
4940
5270
4830
3818
2840
2095
1830
1566
742
-475
-1550
-2093
-1685
-1758
-2835
-3657
-3519
-3373
-3387
-3458
-3817
-3938
-3551
-3258
-3385
-3359
-3090
-2690
-2141
-2186
-2564
-2349
-1734
-1335
-1338
-1763
-2079
-1640
-1112
-1159
-1458
-1695
-1728
-1300
-772
-753
-950
-780
-423
125
549
721
1060
1658
2047
2200
2553
3139
3782
4464
4646
4707
5082
6037
6507
5646
5005
5271
5457
4786
3764
2803
2208
1928
1503
404
-837
-1762
-1754
-1517
-2215
-3351
-3652
-3413
-3348
-3333
-3680
-4053
-3909
-3434
-3308
-3468
-3411
-3133
-2617
-2247
-2564
-2629
-2265
-1795
-1512
-1673
-2077
-1983
-1499
-1274
-1407
-1638
-1803
-1570
-1050
-798
-895
-916
-748
-256
392
646
793
1220
1695
1972
2302
2853
3372
3954
4412
4485
4818
5443
6393
6402
5325
4920
5460
5549
4676
3578
2667
2161
1886
1357
126
-1011
-1697
-1598
-1692
-2647
-3593
-3636
-3396
-3438
-3616
-4017
-4218
-3890
-3434
-3506
-3667
-3479
-3054
-2461
-2359
-2690
-2624
-2107
-1575
-1441
-1771
-2038
-1723
-1252
-1170
-1409
-1594
-1571
-1204
-807
-761
-865
-830
-464
171
549
665
875
1360
1797
2130
2530
3025
3483
4051
4321
4444
4910
5706
6511
6036
4893
4862
5600
5506
4502
3281
2429
2058
1901
1280
-22
-1145
-1689
-1498
-1831
-2885
-3667
-3610
-3419
-3491
-3803
-4278
-4318
-3810
-3460
-3712
-3842
-3507
-2983
-2489
-2511
-2790
-2675
-2085
-1471
-1439
-1836
-2049
-1664
-1115
-1084
-1311
-1470
-1425
-1032
-644
-591
-788
-698
-169
401
694
677
892
1387
1888
2301
2615
2958
3426
3958
4239
4494
5050
5658
6300
5916
4842
4908
5663
5534
4468
3258
2375
2028
2026
1369
88
-1025
-1721
-1597
-1788
-2770
-3596
-3513
-3446
-3633
-3875
-4268
-4340
-3878
-3653
-3988
-4003
-3683
-3253
-2694
-2726
-3076
-2900
-2273
-1701
-1585
-1921
-2188
-1784
-1179
-1109
-1209
-1368
-1401
-989
-539
-535
-705
-471
-87
435
675
634
883
1429
1927
2268
2536
2880
3386
3934
4301
4562
5143
5651
6292
6017
5031
5085
5781
5652
4576
3349
2444
2191
2222
1520
225
-938
-1686
-1539
-1666
-2546
-3414
-3481
-3495
-3578
-3693
-4120
-4249
-3863
-3705
-3947
-4004
-3722
-3288
-2810
-2839
-3196
-3041
-2472
-1880
-1712
-2082
-2347
-1942
-1327
-1165
-1229
-1432
-1440
-980
-548
-543
-578
-348
-41
433
662
689
986
1509
1947
2280
2517
2785
3326
3850
4211
4499
4962
5347
5927
6089
5107
4846
5440
5467
4561
3479
2446
2079
2101
1558
385
-764
-1699
-1745
-1530
-2311
-3349
-3595
-3557
-3629
-3549
-3954
-4258
-3994
-3731
-3856
-3800
-3605
-3385
-2895
-2742
-3062
-2974
-2433
-1904
-1710
-1946
-2228
-1893
-1205
-1017
-1106
-1255
-1303
-960
-422
-297
-382
-247
-41
403
765
860
1053
1535
1934
2260
2583
2854
3238
3712
4205
4398
4723
5117
5670
6052
5207
4552
5048
5310
4564
3580
2536
1838
1795
1652
589
-675
-1753
-1957
-1604
-2125
-3256
-3708
-3660
-3750
-3516
-3759
-4275
-4181
-3736
-3740
-3742
-3577
-3494
-2995
-2669
-2940
-2959
-2503
-2011
-1702
-1816
-2140
-1879
-1188
-969
-1009
-1096
-1261
-981
-302
-118
-249
-190
-79
366
905
999
1134
1538
1871
2250
2727
2966
3228
3691
4040
4351
4705
5035
5299
5865
5597
4649
4644
5053
4764
3947
2899
1922
1638
1603
983
-149
-1328
-2140
-1949
-1886
-2788
-3633
-3825
-3963
-3827
-3747
-4150
-4430
-4138
-3986
-4027
-3840
-3712
-3413
-2926
-2981
-3112
-2816
-2280
-1910
-1753
-1894
-1958
-1450
-992
-914
-934
-1033
-955
-454
-34
-82
-111
-22
260
815
1121
1149
1414
1803
2180
2642
3000
3213
3530
3922
4269
4641
4948
5180
5542
5882
5146
4556
4858
4915
4367
3517
2458
1765
1556
1299
466
-609
-1733
-2173
-1901
-2321
-3212
-3737
-3973
-4058
-3832
-3907
-4370
-4422
-4193
-4200
-4003
-3837
-3716
-3356
-3059
-3171
-3110
-2640
-2295
-1915
-1784
-2033
-1783
-1280
-1020
-915
-860
-913
-678
-146
1
-34
88
247
733
1106
1148
1311
1734
2142
2501
2883
3056
3338
3751
4105
4482
4725
4966
5250
5758
5717
4799
4643
4912
4806
4237
3167
2182
1701
1547
1138
160
-1034
-2055
-2073
-2011
-2739
-3592
-4050
-4184
-4087
-3961
-4352
-4696
-4624
-4424
-4291
-4095
-4081
-3980
-3516
-3263
-3311
-3053
-2733
-2331
-1833
-1818
-1808
-1506
-1123
-853
-569
-563
-630
-291
92
217
380
513
632
1002
1272
1453
1760
2094
2375
2694
3006
3223
3567
3927
4221
4487
4732
4939
5326
5784
5173
4435
4647
4813
4444
3663
2630
1883
1603
1373
673
-365
-1529
-2093
-1867
-2322
-3225
-3719
-3933
-4073
-3927
-4116
-4549
-4542
-4339
-4261
-4182
-4143
-4132
-3633
-3304
-3401
-3319
-3009
-2622
-2022
-1842
-1986
-1769
-1350
-1000
-709
-645
-779
-526
-45
157
279
436
514
897
1298
1425
1689
2078
2422
2681
2982
3205
3536
3995
4199
4412
4631
4827
5143
5692
5500
4525
4364
4706
4472
3846
2967
2047
1546
1340
820
-33
-1093
-2019
-2050
-2156
-2943
-3533
-3751
-4032
-4079
-4002
-4333
-4463
-4239
-4193
-4211
-4098
-3933
-3628
-3261
-3283
-3298
-2900
-2483
-2145
-1866
-1865
-1753
-1372
-1010
-921
-796
-699
-600
-229
-37
15
192
422
675
994
1197
1401
1832
2278
2473
2694
2998
3395
3794
4051
4261
4420
4686
5037
5487
5593
4684
4171
4595
4588
4024
3214
2271
1619
1448
1134
320
-690
-1734
-2028
-1895
-2503
-3300
-3608
-3868
-3996
-3883
-4111
-4441
-4269
-4118
-4188
-4109
-3987
-3803
-3435
-3212
-3265
-2997
-2575
-2322
-1885
-1616
-1645
-1421
-1045
-886
-656
-413
-467
-308
-25
84
321
598
634
837
1192
1386
1793
2198
2340
2478
2817
3248
3625
3887
3952
4097
4510
4829
5169
5374
4616
3992
4363
4563
4048
3203
2227
1655
1535
1205
438
-575
-1581
-1974
-1765
-2258
-3183
-3583
-3784
-3876
-3788
-3981
-4345
-4289
-4080
-4085
-3977
-3931
-3840
-3469
-3194
-3150
-2949
-2596
-2310
-1842
-1533
-1553
-1380
-1042
-843
-611
-417
-470
-382
-47
111
340
532
534
799
1178
1410
1721
2082
2252
2445
2823
3172
3475
3789
3855
4082
4453
4678
4952
5244
4733
4127
4255
4393
4025
3310
2382
1697
1459
1116
484
-450
-1419
-1976
-1923
-2209
-2993
-3496
-3768
-3906
-3805
-3845
-4184
-4306
-4148
-4065
-3885
-3778
-3817
-3598
-3265
-3018
-2800
-2591
-2334
-1908
-1527
-1427
-1288
-1090
-919
-648
-416
-422
-401
-192
69
322
482
481
704
1085
1418
1735
2035
2192
2391
2802
3185
3493
3738
3896
4158
4524
4724
4992
5325
4882
4258
4389
4452
4025
3388
2549
1798
1448
1099
469
-367
-1401
-2016
-2006
-2285
-3039
-3488
-3772
-4020
-3872
-3823
-4204
-4311
-4191
-4108
-3900
-3746
-3793
-3601
-3184
-2966
-2715
-2469
-2294
-1836
-1440
-1378
-1238
-1035
-948
-681
-406
-497
-514
-281
-70
158
342
364
548
960
1274
1651
1983
2099
2317
2732
3125
3465
3718
3886
4104
4503
4755
5001
5286
4767
4227
4383
4432
3924
3241
2447
1809
1438
1006
397
-374
-1394
-1937
-1915
-2302
-3029
-3429
-3641
-3853
-3766
-3809
-4089
-4199
-4122
-3950
-3781
-3718
-3713
-3419
-2988
-2787
-2577
-2360
-2145
-1669
-1318
-1229
-1137
-1008
-854
-564
-353
-488
-494
-284
-56
159
277
344
567
931
1240
1594
1867
2032
2311
2721
3063
3329
3567
3808
4040
4397
4637
4913
5112
4591
4172
4276
4266
3798
3128
2360
1697
1287
906
356
-419
-1428
-1974
-1982
-2336
-2969
-3359
-3627
-3827
-3740
-3770
-4033
-4176
-4101
-3905
-3707
-3626
-3672
-3338
-2836
-2621
-2428
-2277
-2113
-1589
-1175
-1103
-1082
-1051
-919
-541
-269
-472
-572
-388
-121
170
321
330
520
880
1208
1595
1891
1982
2267
2803
3143
3330
3580
3808
4108
4517
4749
5025
5059
4495
4246
4405
4244
3676
2992
2279
1635
1229
801
172
-617
-1541
-2005
-2112
-2563
-3096
-3377
-3663
-3873
-3858
-3886
-4081
-4111
-4012
-3886
-3729
-3638
-3575
-3137
-2707
-2574
-2394
-2225
-1960
-1405
-1078
-1075
-1072
-1027
-829
-471
-323
-553
-610
-400
-148
108
260
321
544
876
1189
1547
1867
2058
2385
2853
3129
3375
3692
3944
4240
4563
4842
5164
5046
4474
4293
4398
4235
3662
2855
2105
1566
1186
771
99
-860
-1721
-1984
-2102
-2596
-3104
-3470
-3680
-3714
-3702
-3828
-4007
-4008
-3820
-3577
-3493
-3597
-3427
-2871
-2513
-2373
-2324
-2245
-1834
-1244
-1043
-1093
-1209
-1198
-839
-453
-524
-798
-810
-591
-254
-14
36
107
378
736
1126
1452
1678
1943
2408
2822
3022
3295
3638
3953
4269
4532
4800
5077
4875
4421
4293
4319
4053
3478
2714
1993
1496
1113
637
-60
-990
-1743
-1936
-2102
-2607
-3086
-3373
-3562
-3572
-3546
-3699
-3855
-3760
-3568
-3359
-3344
-3421
-3103
-2515
-2304
-2238
-2157
-1988
-1526
-1042
-965
-1091
-1146
-1012
-652
-416
-585
-802
-697
-471
-202
-39
-15
98
432
771
1078
1353
1584
1882
2357
2706
2862
3168
3541
3880
4186
4391
4673
4933
4678
4246
4188
4168
3809
3246
2539
1811
1339
951
449
-227
-1143
-1808
-1940
-2176
-2714
-3086
-3358
-3573
-3534
-3509
-3720
-3793
-3658
-3470
-3290
-3318
-3347
-2894
-2359
-2215
-2127
-2023
-1836
-1338
-900
-908
-1016
-1022
-856
-519
-369
-572
-681
-523
-320
-101
60
79
252
639
933
1184
1435
1664
1986
2439
2728
2915
3200
3520
3839
4160
4361
4593
4735
4440
4086
4063
4002
3566
2953
2263
1647
1176
747
194
-490
-1317
-1855
-2056
-2367
-2855
-3185
-3441
-3608
-3598
-3627
-3774
-3781
-3626
-3458
-3348
-3352
-3194
-2758
-2344
-2154
-2041
-1920
-1665
-1215
-879
-878
-950
-903
-748
-517
-436
-560
-600
-469
-287
-96
65
171
402
749
1030
1288
1554
1811
2138
2527
2816
3055
3328
3610
3866
4147
4408
4617
4654
4339
4020
3997
3936
3467
2804
2127
1545
1098
697
132
-602
-1340
-1831
-2037
-2344
-2793
-3142
-3343
-3491
-3493
-3499
-3605
-3634
-3476
-3340
-3314
-3241
-3013
-2674
-2374
-2211
-2095
-1902
-1681
-1335
-1056
-1065
-1128
-999
-846
-700
-659
-715
-664
-521
-381
-201
-1
164
419
757
1035
1277
1564
1847
2170
2534
2781
3018
3313
3587
3824
4115
4335
4524
4571
4296
4006
3955
3837
3372
2791
2098
1520
1072
676
98
-548
-1308
-1777
-1991
-2292
-2744
-3040
-3271
-3404
-3415
-3433
-3514
-3528
-3456
-3351
-3254
-3102
-2930
-2652
-2402
-2200
-1973
-1751
-1593
-1310
-1069
-1004
-950
-881
-804
-672
-585
-575
-518
-458
-340
-139
79
242
428
694
998
1280
1533
1743
2042
2410
2704
2925
3174
3419
3701
4014
4234
4358
4359
4177
3958
3869
3662
3221
2665
2080
1493
1023
551
26
-566
-1202
-1714
-2007
-2322
-2694
-2947
-3095
-3298
-3416
-3413
-3403
-3386
-3339
-3355
-3243
-3009
-2829
-2586
-2361
-2212
-1959
-1622
-1471
-1303
-1134
-994
-861
-764
-754
-684
-573
-510
-405
-292
-233
-97
193
392
565
831
1089
1345
1623
1842
2101
2450
2706
2949
3198
3352
3580
3902
4065
4133
4156
3928
3670
3569
3384
2984
2441
1774
1210
823
391
-110
-691
-1356
-1850
-2052
-2304
-2668
-2941
-3124
-3275
-3271
-3263
-3324
-3328
-3291
-3230
-3009
-2853
-2752
-2521
-2256
-2032
-1736
-1516
-1396
-1210
-998
-824
-719
-695
-694
-575
-436
-368
-325
-235
-143
39
284
442
602
855
1113
1346
1592
1785
2040
2367
2638
2850
3035
3184
3420
3694
3835
3906
3906
3701
3465
3361
3195
2810
2265
1687
1178
769
346
-111
-645
-1236
-1707
-1944
-2201
-2528
-2767
-2956
-3115
-3117
-3093
-3169
-3224
-3215
-3082
-2867
-2752
-2698
-2504
-2248
-1976
-1672
-1504
-1450
-1276
-1000
-813
-743
-759
-757
-612
-437
-365
-300
-230
-150
98
397
535
694
968
1214
1465
1711
1889
2158
2449
2659
2890
3099
3183
3347
3559
3667
3739
3715
3492
3231
3062
2840
2529
2054
1484
965
543
95
-280
-722
-1262
-1747
-2014
-2258
-2471
-2711
-2941
-3083
-3083
-3097
-3121
-3177
-3188
-3030
-2785
-2644
-2567
-2413
-2166
-1833
-1530
-1378
-1316
-1151
-916
-703
-602
-610
-641
-543
-382
-267
-192
-159
-101
130
414
565
741
988
1214
1451
1694
1909
2177
2417
2612
2871
3098
3177
3312
3480
3571
3628
3609
3413
3160
2922
2691
2423
1983
1416
941
521
68
-319
-750
-1263
-1694
-1956
-2198
-2423
-2709
-2911
-2960
-2970
-3082
-3105
-3121
-3098
-2939
-2725
-2621
-2528
-2387
-2136
-1817
-1602
-1499
-1369
-1228
-1080
-868
-717
-694
-699
-615
-445
-268
-163
-82
57
248
476
716
948
1149
1362
1594
1818
2058
2304
2494
2662
2865
3067
3203
3283
3339
3402
3446
3399
3253
3015
2735
2463
2190
1826
1356
860
422
8
-392
-799
-1216
-1592
-1879
-2118
-2322
-2508
-2650
-2723
-2746
-2789
-2810
-2772
-2706
-2611
-2514
-2411
-2305
-2186
-2036
-1870
-1725
-1615
-1549
-1491
-1401
-1262
-1129
-1054
-1036
-963
-799
-600
-420
-251
-80
135
411
692
976
1215
1420
1651
1918
2198
2431
2585
2725
2929
3139
3216
3251
3292
3313
3308
3283
3181
2958
2640
2331
2115
1839
1394
882
465
52
-337
-692
-1060
-1440
-1764
-2005
-2148
-2293
-2468
-2561
-2539
-2527
-2530
-2497
-2468
-2390
-2285
-2179
-2121
-2075
-1989
-1840
-1715
-1670
-1659
-1631
-1584
-1484
-1335
-1247
-1253
-1204
-1020
-773
-586
-416
-201
60
331
641
992
1259
1432
1660
1967
2269
2453
2590
2748
2913
3036
3113
3154
3129
3080
3059
3057
2973
2774
2501
2251
2022
1778
1459
1031
597
223
-126
-464
-832
-1172
-1492
-1737
-1964
-2135
-2276
-2392
-2436
-2408
-2434
-2453
-2434
-2361
-2284
-2209
-2188
-2142
-2047
-1945
-1838
-1768
-1760
-1732
-1617
-1525
-1420
-1312
-1223
-1127
-977
-777
-553
-343
-164
75
381
653
926
1220
1463
1670
1894
2155
2382
2545
2648
2765
2876
2929
2937
2932
2875
2805
2771
2714
2566
2373
2182
1987
1756
1481
1159
827
475
116
-190
-537
-885
-1190
-1427
-1695
-1935
-2122
-2231
-2300
-2347
-2416
-2430
-2436
-2411
-2348
-2299
-2297
-2246
-2149
-2059
-1980
-1919
-1845
-1742
-1623
-1521
-1383
-1263
-1137
-973
-809
-641
-443
-232
-30
188
430
669
926
1162
1401
1632
1825
2022
2233
2407
2526
2615
2685
2736
2743
2708
2653
2602
2537
2442
2316
2178
2052
1896
1670
1426
1166
891
609
305
2
-324
-643
-941
-1173
-1419
-1663
-1874
-2025
-2113
-2173
-2243
-2285
-2292
-2268
-2241
-2236
-2229
-2172
-2098
-2060
-2029
-1964
-1873
-1772
-1660
-1543
-1418
-1303
-1174
-1012
-844
-675
-486
-291
-102
100
326
542
763
996
1237
1461
1656
1854
2063
2235
2362
2467
2545
2580
2569
2550
2505
2439
2349
2243
2127
2001
1868
1731
1543
1331
1108
889
617
357
117
-137
-435
-728
-977
-1161
-1346
-1532
-1686
-1791
-1877
-1915
-1929
-1927
-1931
-1927
-1932
-1919
-1892
-1866
-1847
-1831
-1812
-1765
-1693
-1615
-1514
-1403
-1307
-1205
-1067
-912
-728
-552
-394
-238
-40
177
380
567
771
999
1232
1423
1599
1791
1968
2111
2226
2296
2321
2324
2331
2318
2251
2138
2028
1944
1833
1684
1517
1349
1171
995
791
547
300
84
-120
-349
-618
-867
-1049
-1180
-1307
-1426
-1537
-1615
-1656
-1648
-1635
-1627
-1641
-1650
-1638
-1613
-1592
-1572
-1550
-1533
-1516
-1478
-1414
-1327
-1242
-1172
-1090
-971
-829
-671
-519
-382
-244
-76
105
287
457
632
830
1036
1210
1355
1506
1662
1802
1899
1950
1969
1987
2015
2019
1968
1876
1785
1727
1646
1506
1343
1195
1057
902
721
520
318
124
-62
-242
-448
-662
-839
-968
-1076
-1181
-1285
-1371
-1437
-1468
-1474
-1472
-1490
-1520
-1527
-1509
-1480
-1442
-1401
-1382
-1364
-1323
-1244
-1157
-1083
-1025
-944
-833
-707
-582
-452
-328
-194
-47
102
250
408
561
723
879
1017
1135
1248
1370
1483
1560
1592
1602
1627
1663
1677
1652
1597
1540
1496
1448
1365
1260
1153
1058
944
815
670
538
385
234
86
-64
-234
-396
-531
-649
-774
-902
-1032
-1135
-1220
-1274
-1325
-1386
-1460
-1508
-1518
-1509
-1499
-1481
-1473
-1460
-1420
-1353
-1276
-1202
-1137
-1061
-971
-869
-754
-627
-507
-391
-265
-130
14
159
309
449
585
706
821
946
1072
1186
1265
1313
1354
1409
1466
1497
1489
1462
1444
1442
1426
1367
1294
1235
1184
1116
1012
887
777
684
588
462
306
154
28
-71
-185
-332
-482
-606
-698
-786
-879
-977
-1064
-1132
-1182
-1232
-1283
-1315
-1316
-1305
-1306
-1320
-1312
-1257
-1175
-1112
-1075
-1042
-973
-860
-738
-648
-584
-512
-395
-257
-139
-48
44
154
273
380
473
562
657
752
827
878
919
970
1029
1072
1080
1070
1073
1091
1100
1082
1045
1002
972
947
906
834
747
672
620
561
466
346
238
164
107
31
-83
-206
-295
-338
-376
-454
-559
-645
-681
-698
-738
-809
-867
-889
-884
-890
-913
-939
-930
-884
-844
-836
-834
-800
-721
-636
-582
-559
-518
-439
-328
-232
-172
-129
-66
35
141
224
271
317
388
465
529
569
594
624
669
714
740
741
737
743
757
765
753
724
691
661
630
605
564
500
425
361
312
266
206
136
62
-2
-46
-77
-128
-190
-243
-277
-305
-337
-378
-414
-448
-478
-501
-516
-530
-537
-540
-547
-558
-565
-550
-520
-498
-485
-468
-447
-420
-382
-335
-288
-260
-243
-206
-141
-71
-16
18
44
75
129
196
237
254
269
312
361
385
390
395
418
450
476
478
457
438
441
452
442
398
336
307
292
272
234
172
114
70
55
40
0
-47
-78
-92
-112
-137
-169
-203
-234
-257
-271
-274
-285
-298
-303
-317
-333
-331
-313
-294
-293
-304
-303
-294
-278
-258
-245
-237
-230
-220
-193
-155
-122
-92
-70
-55
-35
-6
35
66
79
88
101
115
137
154
167
180
201
231
245
245
241
248
268
282
276
253
231
231
246
245
211
164
142
150
166
159
129
97
83
88
83
54
10
-25
-36
-39
-56
-80
-105
-123
-138
-149
-157
-157
-157
-158
-168
-188
-206
-200
-182
-185
-200
-210
-201
-183
-166
-155
-150
-145
-130
-97
-61
-40
-29
-10
6
13
20
37
54
70
93
120
143
154
160
176
194
213
233
244
238
226
231
253
260
240
205
190
202
219
227
206
174
151
154
165
153
116
75
59
50
27
-4
-40
-71
-94
-108
-116
-130
-149
-169
-186
-210
-239
-250
-255
-264
-286
-309
-321
-322
-325
-336
-346
-346
-337
-318
-293
-281
-278
-267
-249
-228
-215
-205
-184
-156
-129
-108
-78
-47
-28
-3
37
83
116
140
164
190
212
239
272
282
277
286
319
351
354
341
334
335
344
361
373
364
333
319
324
313
282
252
234
214
189
163
144
115
72
33
-1
-37
-77
-107
-131
-169
-217
-251
-262
-289
-334
-362
-366
-367
-376
-381
-378
-383
-393
-372
-339
-334
-343
-322
-282
-262
-258
-236
-196
-174
-156
-116
-67
-41
-21
15
53
71
96
146
184
191
196
233
274
281
279
292
308
316
334
358
364
346
341
364
370
346
324
326
328
302
276
259
237
190
147
119
88
40
-1
-26
-72
-134
-175
-188
-206
-253
-292
-298
-302
-321
-330
-328
-342
-355
-339
-310
-309
-322
-310
-278
-261
-264
-252
-226
-214
-202
-169
-134
-117
-102
-70
-40
-26
-8
37
83
102
111
139
171
193
208
226
242
251
274
301
312
307
306
322
339
333
319
318
319
308
292
272
245
207
169
142
109
65
23
-7
-51
-110
-157
-182
-202
-235
-263
-279
-290
-306
-311
-311
-322
-332
-316
-290
-284
-291
-279
-257
-242
-232
-217
-200
-194
-177
-145
-119
-106
-85
-54
-25
-7
21
64
104
135
160
188
209
234
260
285
298
310
334
353
358
352
345
347
352
346
338
326
306
286
263
237
198
161
127
89
44
-6
-49
-89
-130
-182
-226
-263
-296
-327
-348
-360
-379
-398
-398
-399
-411
-408
-386
-361
-353
-348
-333
-313
-296
-274
-240
-220
-208
-176
-137
-110
-88
-59
-19
14
43
81
124
159
193
229
263
293
327
362
391
411
428
456
476
483
484
480
477
470
463
455
435
408
376
343
304
263
214
172
126
74
18
-42
-95
-147
-202
-254
-298
-346
-388
-419
-446
-472
-494
-509
-517
-531
-537
-529
-519
-510
-502
-489
-472
-454
-431
-399
-366
-340
-302
-260
-225
-192
-154
-112
-73
-26
22
69
113
159
205
250
293
339
388
432
470
504
530
556
578
591
599
595
595
587
570
555
533
503
468
426
387
344
294
242
186
124
60
-2
-56
-118
-175
-227
-275
-319
-359
-389
-420
-448
-471
-490
-505
-518
-522
-526
-525
-523
-517
-506
-485
-460
-436
-410
-384
-351
-317
-282
-245
-207
-175
-139
-99
-59
-16
27
68
112
156
196
243
289
331
366
397
419
446
472
485
497
502
508
504
499
494
485
469
443
415
382
345
307
263
212
161
108
57
8
-38
-78
-123
-161
-194
-228
-254
-279
-301
-323
-347
-367
-381
-389
-400
-402
-400
-399
-391
-375
-359
-345
-327
-310
-294
-273
-250
-229
-208
-185
-165
-140
-110
-73
-39
1
38
75
111
150
190
222
253
279
299
319
340
359
373
383
388
391
391
390
388
374
356
330
303
271
231
192
149
102
59
18
-18
-50
-85
-117
-148
-179
-203
-225
-242
-260
-279
-298
-314
-325
-332
-332
-330
-329
-318
-307
-294
-278
-263
-245
-229
-218
-202
-186
-166
-144
-120
-100
-75
-41
-4
35
72
113
147
182
220
252
281
301
319
336
352
370
386
400
407
408
405
396
389
374
358
335
299
257
211
163
115
63
15
-32
-73
-113
-155
-194
-235
-269
-302
-330
-353
-373
-390
-408
-417
-426
-433
-426
-411
-396
-381
-360
-337
-320
-298
-275
-252
-230
-212
-192
-167
-138
-109
-81
-46
-14
19
60
100
144
182
223
254
286
318
346
369
390
412
434
456
473
489
496
500
494
486
476
457
435
404
367
322
271
217
166
119
66
20
-29
-78
-133
-186
-235
-283
-325
-361
-394
-421
-439
-461
-478
-484
-483
-478
-464
-451
-432
-412
-396
-375
-355
-333
-315
-292
-268
-243
-216
-187
-155
-121
-88
-53
-18
19
54
91
130
166
202
234
266
295
324
353
386
419
443
468
483
491
495
494
490
479
467
444
415
383
349
311
270
227
186
145
99
54
5
-50
-100
-153
-197
-240
-280
-311
-340
-368
-388
-404
-417
-417
-415
-408
-401
-388
-374
-362
-349
-333
-317
-300
-279
-256
-236
-212
-186
-159
-133
-109
-85
-61
-33
-4
25
55
84
115
143
171
199
229
261
292
318
340
360
370
376
380
380
382
378
367
352
336
313
287
260
230
202
174
141
104
67
26
-15
-58
-97
-129
-163
-196
-224
-248
-271
-289
-304
-314
-317
-322
-322
-317
-313
-305
-294
-284
-269
-253
-237
-221
-201
-178
-159
-139
-119
-99
-78
-64
-46
-26
-5
24
48
69
94
120
149
176
202
232
261
284
301
315
325
333
336
334
335
329
319
306
284
259
232
203
172
145
111
73
36
1
-33
-71
-99
-130
-159
-185
-210
-233
-255
-272
-287
-302
-312
-316
-316
-316
-313
-305
-298
-284
-268
-252
-237
-217
-196
-175
-151
-130
-105
-87
-68
-46
-25
-3
24
51
76
100
120
146
173
198
225
247
271
297
318
334
346
359
366
370
373
369
359
343
326
301
276
242
210
177
139
102
59
22
-17
-60
-97
-132
-164
-200
-232
-257
-282
-306
-325
-338
-352
-354
-356
-355
-351
-346
-336
-321
-306
-288
-266
-243
-220
-197
-172
-150
-125
-97
-73
-45
-21
4
26
49
75
96
118
137
160
182
202
221
242
260
276
291
305
319
328
337
344
342
341
332
324
309
291
266
238
210
178
147
110
72
34
-3
-44
-82
-118
-150
-181
-213
-238
-261
-283
-303
-316
-327
-335
-343
-346
-344
-340
-331
-322
-307
-289
-274
-256
-231
-210
-183
-158
-133
-106
-78
-48
-21
6
31
57
80
105
129
148
168
187
206
224
240
253
264
275
286
293
297
301
300
298
292
291
279
264
248
227
205
179
154
127
101
69
39
4
-28
-58
-86
-119
-147
-170
-194
-214
-235
-252
-265
-277
-289
-299
-305
-305
-308
-302
-296
-288
-277
-262
-250
-234
-219
-197
-175
-153
-127
-99
-71
-43
-15
11
41
69
88
113
137
157
179
197
211
230
242
249
257
264
269
269
270
268
259
255
251
239
230
215
200
180
160
137
115
97
74
49
27
4
-21
-49
-74
-99
-124
-141
-160
-177
-194
-209
-217
-230
-239
-247
-253
-257
-259
-257
-252
-244
-236
-227
-215
-202
-185
-166
-149
-126
-101
-78
-52
-27
-1
24
50
72
96
117
133
154
175
194
208
219
227
236
243
246
247
245
244
239
235
228
219
205
193
179
158
136
114
92
71
51
27
6
-15
-35
-57
-78
-98
-119
-139
-158
-173
-188
-199
-210
-218
-225
-233
-237
-239
-237
-234
-230
-222
-213
-200
-186
-170
-153
-137
-122
-104
-82
-59
-35
-15
7
33
55
78
98
117
134
152
166
181
196
209
221
232
236
240
242
244
240
237
232
225
216
205
194
177
156
140
116
93
75
49
24
2
-18
-40
-63
-84
-107
-129
-149
-169
-188
-199
-215
-226
-239
-244
-246
-253
-253
-252
-247
-245
-236
-223
-211
-197
-183
-164
-147
-130
-112
-92
-72
-55
-30
-4
18
44
67
89
108
127
144
159
173
189
204
215
225
228
234
238
237
234
229
229
222
214
203
190
179
166
149
131
110
85
65
44
19
-1
-21
-42
-62
-81
-102
-118
-137
-154
-167
-182
-192
-201
-210
-214
-219
-221
-221
-221
-219
-215
-210
-197
-183
-169
-155
-141
-121
-103
-86
-69
-48
-31
-16
8
27
47
64
80
97
115
129
139
155
166
176
186
194
202
204
203
201
197
191
187
180
169
157
148
137
125
113
100
79
60
48
25
8
-11
-29
-48
-66
-84
-104
-115
-128
-137
-145
-153
-160
-164
-166
-169
-168
-168
-166
-160
-157
-152
-146
-139
-129
-123
-111
-98
-87
-70
-54
-39
-26
-10
8
24
38
48
61
73
86
100
107
117
125
133
141
148
156
159
159
161
163
161
154
148
139
129
120
110
96
80
66
54
43
27
15
3
-8
-22
-32
-44
-59
-71
-82
-95
-109
-118
-131
-140
-143
-150
-151
-153
-152
-147
-145
-138
-133
-126
-119
-112
-104
-95
-87
-78
-65
-53
-40
-28
-12
5
17
30
48
58
70
85
94
104
115
122
126
129
134
141
139
136
137
137
133
131
125
118
113
102
91
83
71
59
40
25
10
-5
-16
-34
-45
-59
-70
-81
-93
-102
-109
-118
-122
-130
-134
-138
-143
-146
-150
-146
-143
-139
-136
-129
-119
-110
-100
-90
-77
-62
-48
-32
-17
-6
9
19
32
45
57
70
81
91
98
109
119
126
135
140
141
144
144
145
145
145
136
129
123
113
103
95
85
73
63
47
38
26
12
-1
-18
-30
-43
-61
-76
-84
-100
-114
-125
-133
-141
-146
-152
-159
-159
-161
-160
-160
-157
-155
-151
-145
-137
-129
-122
-111
-100
-87
-70
-56
-41
-24
-10
4
22
36
53
71
82
95
105
115
128
137
145
151
158
164
169
171
173
173
171
167
165
156
149
142
130
120
107
94
83
65
51
37
25
10
-5
-17
-33
-46
-59
-72
-89
-104
-114
-122
-134
-145
-152
-159
-164
-168
-172
-170
-169
-165
-163
-158
-152
-144
-135
-126
-115
-102
-90
-78
-65
-53
-40
-24
-10
2
16
30
47
62
74
86
97
111
124
132
139
146
153
157
158
161
159
159
159
157
155
149
140
135
126
114
107
94
79
68
55
43
34
16
1
-12
-26
-39
-55
-66
-78
-87
-97
-108
-116
-123
-128
-133
-134
-136
-137
-134
-133
-129
-126
-123
-114
-107
-104
-95
-88
-77
-68
-56
-45
-37
-25
-16
3
11
21
29
39
49
57
69
79
81
86
99
103
103
108
110
111
110
111
108
102
100
92
83
76
69
61
50
39
31
20
10
-3
-8
-15
-25
-35
-43
-51
-59
-66
-77
-77
-81
-85
-90
-90
-88
-90
-89
-92
-89
-85
-82
-76
-71
-66
-61
-56
-47
-40
-33
-22
-13
-7
-2
8
20
27
35
46
50
57
63
70
75
77
83
86
86
90
89
85
87
85
82
78
74
71
63
54
47
39
29
23
13
1
-5
-11
-20
-25
-36
-44
-49
-57
-64
-72
-77
-82
-85
-90
-92
-93
-96
-96
-94
-92
-88
-84
-80
-74
-66
-59
-49
-40
-32
-24
-16
-9
3
11
19
26
33
42
49
52
60
68
72
77
79
82
86
84
89
91
89
90
88
86
83
79
74
68
64
58
54
49
41
37
27
18
7
4
-4
-14
-22
-29
-38
-49
-52
-57
-61
-66
-73
-78
-79
-79
-84
-85
-86
-84
-81
-78
-77
-78
-72
-67
-60
-56
-52
-46
-40
-34
-28
-20
-9
-2
0
10
17
23
28
36
43
46
51
56
60
66
72
75
79
78
80
82
79
78
79
76
75
72
67
63
58
53
46
40
31
26
22
9
4
-3
-10
-17
-28
-33
-39
-46
-50
-53
-56
-63
-68
-68
-72
-73
-73
-71
-71
-71
-66
-64
-58
-54
-54
-51
-45
-42
-35
-30
-28
-24
-16
-11
-4
1
4
13
21
24
31
34
36
40
44
44
45
51
51
52
50
49
51
53
49
46
45
43
41
40
34
29
25
19
18
16
9
4
-2
-5
-8
-15
-16
-23
-27
-29
-33
-34
-40
-41
-42
-43
-42
-44
-46
-44
-42
-43
-40
-40
-35
-34
-34
-29
-27
-27
-23
-16
-18
-14
-5
0
1
3
8
11
15
19
21
21
20
25
23
23
26
29
29
29
28
28
30
25
26
25
22
21
15
16
16
13
8
3
5
1
3
-2
-4
-3
-4
-2
-7
-8
-10
-11
-8
-9
-12
-15
-15
-18
-20
-17
-20
-19
-19
-18
-15
-13
-11
-11
-8
-7
-6
-3
-3
-3
-2
1
3
3
6
7
8
9
6
8
9
7
8
8
9
11
7
7
11
11
6
5
7
8
5
6
7
11
8
5
4
3
4
4
5
7
7
5
4
2
6
5
2
2
0
-1
-1
-1
-2
-2
-1
1
-1
-4
-5
-6
-4
-3
-4
-3
-4
-1
-1
0
1
3
1
4
5
1
2
2
2
0
0
-1
0
1
0
0
3
3
1
2
1
1
5
3
2
-1
0
1
0
1
0
-4
-2
-4
-3
-1
-6
-7
-6
-6
-9
-11
-12
-10
-9
-9
-7
-7
-8
-6
-6
-6
-3
-2
-4
-3
-5
-1
0
1
-1
-2
0
0
3
1
1
0
0
0
2
-1
-1
3
-1
-1
1
1
1
-3
-3
-3
-4
-4
0
-3
-6
-6
-4
-3
-2
-1
-1
-1
-3
-1
0
3
3
1
2
1
3
5
6
3
4
3
-2
2
4
3
4
0
-1
-1
-1
-2
-1
-3
-4
-4
-5
-3
-5
-2
-3
-3
-1
-4
-2
-1
-2
-2
-2
-6
-5
-5
-5
-6
-7
-5
-5
-4
-2
-1
-2
-3
-2
-4
-3
-2
-4
-4
-1
