-18
-15
-11
-16
-17
-13
-15
-18
-9
-7
-8
-6
-7
0
1
0
2
5
4
9
6
2
3
8
12
11
10
6
7
6
-1
-2
2
-2
-1
-2
-2
3
3
0
-2
-2
-4
1
2
1
3
-1
-3
0
0
0
3
-1
0
2
3
1
-1
-4
-1
7
5
7
7
8
6
5
1
3
3
0
0
-5
-6
-8
-6
-3
-10
-8
-1
2
6
6
2
3
4
1
3
4
1
1
-2
-5
-5
-6
-7
-7
-11
-2
1
-4
-4
-4
3
-3
-3
0
-4
-3
0
3
2
3
-2
-5
-3
-2
0
0
-6
-6
-1
-2
2
0
-2
-1
2
3
2
7
3
8
10
3
5
0
0
6
7
5
4
5
5
-1
-4
0
-4
-3
-1
-1
-7
-10
-4
-2
-3
-6
-9
-3
-6
-7
-5
-6
-1
-4
-2
-1
-7
-1
0
-3
-4
-6
-4
0
1
-5
-4
-2
-2
-2
1
1
1
3
1
1
2
11
6
0
2
1
1
8
8
6
7
4
12
8
4
7
2
5
5
8
9
6
4
3
8
5
2
1
1
4
4
7
7
8
7
5
10
10
9
9
10
14
17
15
13
16
16
15
17
15
10
6
10
7
5
9
13
15
14
13
7
8
8
7
6
5
4
4
-7
-5
-5
-12
-14
-14
-16
-16
-17
-25
-22
-25
-26
-23
-27
-20
-16
-14
-15
-18
-16
-12
-14
-12
-10
-13
-16
-21
-18
-21
-10
-10
-11
-6
-2
-4
6
14
15
22
23
24
27
30
24
23
20
17
17
8
4
-2
1
0
-5
-9
-19
-33
-52
-72
-86
-112
-136
-154
-163
-156
-148
-128
-91
-48
0
56
109
160
210
252
288
321
347
365
377
387
394
396
392
385
371
341
301
249
185
109
26
-60
-151
-239
-312
-374
-420
-452
-477
-489
-495
-490
-480
-475
-458
-444
-431
-406
-376
-342
-296
-245
-192
-132
-77
-31
10
37
61
80
91
109
124
140
147
152
145
114
60
-26
-130
-264
-398
-523
-627
-679
-682
-617
-497
-328
-116
112
345
555
731
858
935
970
977
966
956
962
986
1038
1110
1190
1267
1315
1314
1258
1149
973
750
487
210
-65
-314
-517
-680
-794
-862
-891
-905
-912
-916
-935
-968
-1019
-1072
-1124
-1177
-1206
-1203
-1177
-1111
-1011
-885
-735
-567
-404
-250
-117
-16
51
72
49
-21
-132
-282
-434
-587
-723
-819
-865
-844
-762
-610
-403
-152
124
394
650
874
1047
1167
1235
1257
1255
1234
1212
1210
1225
1269
1337
1413
1499
1583
1635
1642
1599
1501
1352
1166
951
709
471
250
43
-135
-283
-410
-518
-606
-694
-780
-871
-969
-1071
-1178
-1273
-1360
-1428
-1467
-1478
-1459
-1413
-1350
-1276
-1202
-1135
-1076
-1025
-993
-960
-931
-907
-868
-818
-745
-655
-540
-397
-243
-74
98
266
434
584
718
836
936
1020
1081
1125
1156
1166
1165
1155
1138
1122
1096
1087
1087
1088
1104
1124
1144
1162
1167
1144
1107
1036
926
803
646
474
304
137
-6
-149
-275
-377
-467
-551
-625
-695
-773
-856
-944
-1037
-1137
-1228
-1317
-1380
-1432
-1458
-1457
-1430
-1370
-1303
-1227
-1146
-1059
-967
-867
-774
-674
-559
-455
-331
-211
-85
43
172
300
417
532
634
719
789
851
896
931
956
969
979
986
998
999
1002
1014
1028
1058
1091
1130
1172
1206
1221
1208
1173
1100
993
854
681
490
293
97
-92
-259
-401
-519
-607
-685
-747
-802
-858
-912
-965
-1022
-1086
-1148
-1204
-1260
-1314
-1360
-1395
-1407
-1404
-1389
-1351
-1297
-1224
-1140
-1045
-942
-830
-706
-571
-437
-296
-148
10
156
297
439
576
706
831
946
1047
1137
1209
1265
1306
1320
1323
1316
1300
1282
1261
1247
1227
1220
1221
1229
1242
1248
1240
1211
1151
1037
878
673
426
151
-137
-411
-655
-858
-1019
-1123
-1177
-1187
-1171
-1148
-1119
-1100
-1111
-1132
-1168
-1221
-1273
-1320
-1347
-1356
-1344
-1314
-1279
-1224
-1164
-1102
-1039
-975
-918
-860
-803
-741
-672
-591
-491
-369
-224
-65
102
275
453
619
775
923
1054
1173
1273
1353
1416
1466
1500
1525
1542
1557
1571
1578
1583
1592
1588
1580
1565
1536
1511
1475
1437
1381
1300
1196
1059
888
683
445
189
-76
-333
-571
-787
-968
-1117
-1227
-1304
-1361
-1396
-1424
-1447
-1474
-1510
-1547
-1584
-1626
-1655
-1672
-1671
-1656
-1622
-1577
-1518
-1444
-1363
-1269
-1170
-1064
-952
-839
-725
-594
-459
-321
-171
-22
132
287
437
582
713
838
953
1056
1148
1233
1302
1354
1403
1441
1478
1508
1526
1539
1543
1540
1541
1536
1524
1510
1491
1469
1451
1433
1403
1359
1288
1177
1025
850
636
400
154
-99
-347
-583
-791
-982
-1145
-1273
-1373
-1451
-1519
-1570
-1618
-1661
-1694
-1713
-1726
-1735
-1730
-1712
-1692
-1651
-1597
-1539
-1485
-1426
-1365
-1309
-1231
-1142
-1059
-958
-841
-716
-585
-441
-289
-144
-3
141
275
396
516
640
753
868
990
1104
1198
1286
1360
1410
1444
1472
1480
1476
1472
1470
1460
1451
1446
1431
1411
1393
1377
1350
1323
1297
1259
1217
1176
1128
1054
955
829
675
490
295
85
-134
-348
-547
-730
-900
-1032
-1142
-1242
-1320
-1388
-1454
-1517
-1569
-1608
-1649
-1663
-1656
-1644
-1610
-1551
-1481
-1399
-1299
-1203
-1126
-1072
-1028
-1007
-991
-964
-924
-884
-826
-734
-625
-506
-368
-231
-114
-3
98
186
267
361
456
539
631
730
823
902
979
1053
1104
1161
1214
1249
1279
1309
1341
1356
1376
1397
1399
1394
1401
1414
1423
1450
1480
1506
1524
1538
1537
1496
1424
1318
1158
960
751
514
261
16
-215
-434
-615
-753
-876
-989
-1073
-1148
-1227
-1295
-1350
-1412
-1479
-1519
-1541
-1553
-1537
-1476
-1395
-1292
-1154
-1005
-860
-730
-621
-561
-549
-585
-690
-863
-1075
-1279
-1465
-1604
-1664
-1649
-1575
-1431
-1222
-987
-749
-528
-342
-213
-128
-61
-8
40
115
216
336
496
685
877
1073
1282
1475
1639
1778
1881
1939
1960
1981
1998
2019
2072
2149
2246
2371
2531
2696
2842
2947
2957
2848
2642
2355
1967
1511
1030
549
78
-338
-674
-940
-1147
-1298
-1422
-1540
-1649
-1773
-1921
-2067
-2199
-2317
-2395
-2399
-2350
-2259
-2111
-1905
-1700
-1508
-1323
-1167
-1054
-968
-893
-815
-721
-619
-523
-442
-389
-398
-487
-636
-827
-1050
-1272
-1444
-1561
-1613
-1577
-1437
-1224
-1001
-762
-526
-342
-206
-105
-23
40
100
191
311
472
676
911
1149
1384
1618
1830
2014
2159
2259
2320
2373
2424
2454
2487
2537
2590
2649
2755
2895
3026
3145
3213
3167
2999
2755
2428
2001
1503
987
473
-33
-491
-865
-1172
-1425
-1642
-1829
-1996
-2176
-2363
-2553
-2722
-2887
-3024
-3063
-3023
-2934
-2783
-2540
-2248
-1959
-1696
-1448
-1239
-1095
-988
-885
-780
-706
-674
-659
-687
-791
-931
-1051
-1155
-1263
-1329
-1311
-1239
-1135
-976
-755
-511
-294
-117
42
179
280
372
482
607
735
883
1057
1245
1433
1612
1780
1916
2024
2103
2165
2224
2249
2244
2246
2263
2270
2269
2282
2307
2345
2417
2510
2595
2653
2651
2543
2323
2044
1707
1286
835
391
-53
-476
-830
-1105
-1344
-1545
-1708
-1850
-1999
-2170
-2349
-2512
-2660
-2800
-2895
-2900
-2816
-2692
-2530
-2289
-2020
-1775
-1540
-1298
-1097
-963
-839
-703
-586
-518
-469
-440
-484
-615
-765
-889
-998
-1090
-1117
-1056
-938
-779
-566
-315
-68
131
271
362
406
409
409
460
554
668
815
1020
1230
1393
1546
1712
1839
1902
1948
1993
2018
2025
2021
2025
2032
2037
2043
2070
2130
2205
2294
2409
2513
2543
2493
2334
2073
1738
1347
909
444
-6
-456
-881
-1213
-1463
-1694
-1890
-2043
-2197
-2377
-2534
-2656
-2775
-2881
-2930
-2907
-2816
-2669
-2494
-2289
-2042
-1781
-1537
-1282
-1035
-836
-704
-595
-500
-443
-447
-497
-584
-703
-845
-959
-1024
-1054
-1046
-979
-843
-666
-468
-247
-11
185
315
380
404
395
391
427
518
642
788
955
1157
1372
1538
1673
1799
1878
1907
1928
1942
1956
1987
2008
1988
1992
2031
2059
2075
2141
2252
2374
2499
2578
2538
2378
2158
1860
1461
1001
535
58
-418
-835
-1163
-1439
-1654
-1812
-1963
-2113
-2229
-2348
-2490
-2597
-2653
-2688
-2672
-2582
-2458
-2293
-2077
-1829
-1570
-1292
-1044
-847
-697
-586
-513
-454
-424
-455
-529
-639
-787
-939
-1051
-1129
-1185
-1195
-1100
-936
-718
-463
-189
71
285
423
481
520
575
597
614
664
731
853
1031
1189
1294
1432
1571
1657
1714
1766
1772
1775
1806
1788
1743
1784
1864
1899
1968
2093
2230
2379
2554
2698
2768
2717
2561
2305
1941
1471
942
386
-181
-695
-1142
-1529
-1818
-2002
-2155
-2286
-2371
-2452
-2556
-2636
-2711
-2771
-2775
-2694
-2559
-2390
-2192
-1957
-1661
-1346
-1061
-817
-615
-493
-442
-409
-402
-457
-590
-784
-980
-1156
-1305
-1434
-1511
-1509
-1413
-1239
-999
-688
-348
0
330
578
731
836
879
834
792
784
809
913
1058
1145
1221
1394
1522
1607
1732
1844
1845
1873
1965
1983
1997
2067
2159
2205
2280
2340
2419
2579
2808
3039
3183
3144
2915
2549
2016
1355
609
-146
-891
-1525
-2045
-2428
-2645
-2738
-2799
-2846
-2849
-2885
-2940
-2987
-2966
-2872
-2689
-2411
-2077
-1719
-1406
-1126
-857
-604
-424
-329
-285
-286
-282
-250
-198
-242
-431
-721
-1038
-1404
-1823
-2232
-2532
-2647
-2597
-2340
-1891
-1348
-815
-274
236
605
862
1029
1044
1038
1123
1246
1341
1531
1722
1784
1859
1996
2108
2130
2222
2353
2478
2604
2751
2897
3015
3081
3168
3274
3401
3569
3811
4159
4517
4680
4351
3709
2865
1802
491
-825
-2036
-3152
-3973
-4453
-4650
-4703
-4628
-4485
-4310
-4154
-4026
-3838
-3503
-3103
-2594
-1989
-1361
-757
-247
82
207
261
200
37
-116
-218
-322
-386
-394
-434
-573
-911
-1508
-2143
-2692
-3309
-3872
-4081
-3900
-3487
-2813
-1874
-938
-109
604
1143
1467
1580
1660
1743
1857
1948
2099
2298
2335
2302
2280
2251
2166
2186
2329
2468
2711
3085
3482
3860
4227
4580
4812
5006
5254
5503
5799
6156
6428
5962
4816
3492
1914
-97
-2201
-3887
-5457
-6746
-7308
-7298
-7066
-6689
-6106
-5555
-5040
-4495
-3917
-3185
-2378
-1469
-453
492
1217
1736
2008
1775
1279
804
248
-343
-797
-1064
-1281
-1446
-1517
-1693
-2022
-2593
-3187
-3713
-4313
-4704
-4732
-4376
-3866
-2996
-1864
-847
115
915
1502
1800
1913
1916
1808
1727
1624
1647
1689
1619
1610
1638
1716
1840
2153
2554
2997
3658
4336
4965
5510
5952
6361
6550
6702
6875
7154
7426
7760
8014
7046
5139
3036
679
-2338
-5131
-7107
-8854
-9989
-10000
-9330
-8601
-7687
-6590
-5664
-4863
-3952
-2906
-1703
-498
960
2368
3348
3806
3931
3458
2160
881
-278
-1421
-2374
-2745
-2848
-2972
-2955
-2939
-3113
-3575
-4219
-4798
-5191
-5245
-4783
-3787
-2529
-1186
289
1538
2302
2634
2632
2262
1726
1280
909
609
436
386
432
435
445
540
737
1033
1668
2666
3671
4715
5785
6668
7166
7507
7797
7798
7684
7789
8058
8364
8815
8967
7578
4936
2088
-1091
-4847
-8167
-10356
-11992
-12778
-12055
-10523
-9076
-7590
-5930
-4578
-3594
-2451
-1026
453
1855
3467
4933
5624
5532
4929
3531
1326
-761
-2440
-3861
-4869
-5062
-4811
-4557
-4151
-3774
-3616
-3899
-4302
-4521
-4644
-4443
-3679
-2344
-1004
284
1620
2365
2464
2318
1893
1152
311
-242
-617
-806
-758
-550
-197
7
321
849
1463
2189
3280
4583
5695
6750
7705
8330
8541
8599
8657
8323
8139
8171
8431
8758
9095
8755
6334
3221
-74
-3744
-7668
-10610
-12199
-13324
-12955
-11290
-9293
-7499
-5777
-4026
-2915
-1907
-733
669
2033
3309
4819
5648
5599
4760
3316
997
-1685
-3638
-5163
-6226
-6526
-6031
-5280
-4615
-3835
-3354
-3352
-3603
-3784
-3603
-3374
-2693
-1447
-217
713
1440
1886
1522
864
223
-503
-1154
-1542
-1509
-1362
-1099
-733
-304
117
425
1023
1784
2709
3922
5312
6674
7693
8521
8937
8998
8742
8494
8232
8015
8046
8221
8579
8924
9017
7074
3734
355
-3418
-7638
-11017
-12624
-13713
-13685
-11818
-9414
-7387
-5463
-3410
-1987
-1141
-32
1222
2439
3556
4863
5731
5538
4591
3040
685
-2273
-4564
-6108
-7191
-7373
-6613
-5520
-4478
-3320
-2422
-2191
-2343
-2682
-2801
-2695
-2271
-1276
-262
587
1170
1513
1225
414
-398
-1302
-2055
-2404
-2347
-2089
-1734
-1187
-558
64
631
1266
2102
2973
4149
5579
6978
8087
8807
9282
9283
9068
8780
8467
8284
8140
8271
8542
8850
8724
6628
3210
-383
-4285
-8501
-11756
-13288
-14133
-13574
-11417
-8725
-6466
-4418
-2382
-1057
-140
831
1902
2973
3929
5000
5432
4958
3718
1876
-633
-3593
-5714
-7122
-7853
-7608
-6539
-5213
-3966
-2628
-1592
-1050
-922
-1140
-1177
-1175
-941
-484
-60
195
154
22
-580
-1344
-2036
-2702
-3110
-3142
-2797
-2391
-1833
-1241
-659
35
701
1509
2375
3395
4555
5915
7179
8172
8884
9212
9204
9060
8803
8465
8284
8298
8466
8864
9407
9656
7918
4422
947
-3034
-7505
-11210
-13117
-14263
-14155
-12149
-9457
-7096
-4956
-2782
-1310
-466
482
1499
2513
3486
4657
5293
4857
3833
2064
-491
-3588
-5881
-7438
-8380
-8106
-6991
-5478
-4048
-2512
-1234
-619
-341
-512
-602
-708
-574
-163
76
290
186
17
-631
-1404
-2029
-2760
-3163
-3183
-2805
-2385
-1857
-1244
-746
-109
472
1197
2046
2997
4176
5469
6796
7854
8722
9120
9196
9194
8961
8692
8555
8690
8819
9113
9644
9851
7782
4061
583
-3581
-8262
-11718
-13502
-14568
-14183
-11766
-8996
-6590
-4204
-2062
-693
30
991
1817
2625
3618
4683
5089
4426
3309
1428
-1355
-4383
-6607
-8082
-8877
-8306
-6923
-5323
-3674
-1953
-599
36
451
338
126
49
138
420
426
392
156
-365
-1180
-2006
-2634
-3399
-3758
-3602
-3197
-2659
-2010
-1245
-641
-24
627
1339
2193
3087
4238
5484
6679
7716
8483
8822
8854
8814
8579
8305
8349
8592
8979
9576
10309
10565
8176
4628
1119
-3269
-8147
-11690
-13552
-14799
-14240
-11776
-9066
-6706
-4335
-2146
-887
-176
766
1530
2362
3349
4511
4842
4263
3180
1328
-1468
-4503
-6596
-8158
-8879
-8256
-6837
-5299
-3619
-1812
-527
83
446
219
-142
-370
-279
-34
-36
108
112
-222
-889
-1451
-2033
-2838
-3202
-3109
-2855
-2397
-1717
-946
-351
347
1007
1633
2307
3132
4199
5318
6565
7653
8464
8890
9195
9275
9049
8856
8887
8921
9338
9935
10618
10072
7079
3738
-58
-4690
-9408
-12458
-14344
-15188
-13902
-11246
-8535
-6094
-3560
-1532
-437
371
1159
1830
2561
3571
4438
4396
3781
2462
409
-2518
-5196
-7214
-8657
-9034
-8201
-6702
-5156
-3323
-1544
-225
551
959
857
414
79
-2
-76
-288
-462
-625
-1073
-1588
-1994
-2432
-2962
-3071
-2807
-2507
-1974
-1377
-671
-69
638
1333
1886
2509
3269
4272
5346
6454
7503
8231
8846
9292
9524
9479
9372
9466
9511
10062
10518
11104
9599
6302
3121
-1006
-5736
-10154
-12791
-14832
-15222
-13486
-10946
-8358
-5949
-3359
-1586
-609
314
1026
1770
2524
3775
4506
4415
3933
2573
423
-2476
-4801
-6813
-8234
-8443
-7682
-6412
-5108
-3407
-1838
-800
-97
242
366
-4
-233
-157
-266
-449
-691
-807
-1262
-1732
-1940
-2327
-2621
-2607
-2292
-1957
-1522
-886
-370
152
723
1382
1841
2300
3117
3961
4944
5863
6839
7565
8129
8751
9049
9262
9358
9661
10042
10523
11273
11731
9694
6575
3455
-695
-5552
-9612
-12266
-14495
-14876
-13354
-11007
-8815
-6481
-4020
-2322
-1329
-330
548
1271
2203
3567
4348
4435
4133
3122
1133
-1433
-3528
-5496
-6963
-7424
-6973
-6175
-5211
-3786
-2428
-1535
-973
-645
-526
-892
-1098
-1059
-1120
-1159
-1078
-843
-919
-998
-970
-1204
-1536
-1698
-1631
-1575
-1360
-879
-432
-17
441
1079
1484
1918
2610
3413
4355
5283
6357
7166
8067
8771
9330
9665
9911
10267
10576
11069
11882
11786
9190
6511
3266
-948
-5645
-9323
-12103
-14388
-14625
-13353
-11303
-9289
-6906
-4433
-2794
-1549
-427
499
1311
2365
3654
4202
4551
4397
3597
1784
-345
-2255
-4218
-5651
-6362
-6385
-6162
-5579
-4490
-3445
-2679
-2113
-1743
-1569
-1821
-1939
-1984
-1985
-1830
-1433
-918
-632
-311
-84
-186
-498
-789
-1043
-1339
-1418
-1180
-841
-501
3
653
1120
1575
2283
3118
4015
5008
6081
7258
8300
9292
10005
10493
10816
11056
11347
11587
12130
10662
8146
5561
2164
-1883
-5954
-8928
-11781
-13339
-13447
-12328
-10769
-9012
-6715
-4742
-3197
-1899
-737
249
1137
2394
3243
3814
4176
4049
3255
1674
199
-1498
-2996
-4150
-4793
-5114
-5318
-4983
-4400
-3816
-3346
-2948
-2679
-2686
-2820
-3067
-3175
-3199
-2923
-2297
-1624
-850
-154
445
628
540
325
-115
-544
-809
-813
-654
-348
216
731
1162
1624
2274
3046
3846
4763
5784
6952
8037
9145
9988
10642
11088
11460
11732
12119
11827
9755
7496
4786
1227
-2608
-5936
-8818
-11310
-12473
-12452
-11683
-10590
-9009
-7118
-5620
-4245
-2879
-1699
-667
485
1776
2614
3337
3799
3748
3017
1898
832
-461
-1629
-2526
-3110
-3596
-4034
-3888
-3654
-3456
-3286
-3117
-3134
-3409
-3742
-4054
-4186
-4147
-3635
-2816
-1814
-725
323
1134
1490
1475
1240
713
132
-323
-573
-582
-366
57
427
802
1270
1912
2661
3423
4315
5368
6422
7538
8577
9485
10171
10690
11164
11572
11894
10737
8897
6854
4027
734
-2521
-5203
-7883
-9721
-10562
-10585
-10218
-9537
-8228
-7087
-6075
-4933
-3775
-2724
-1722
-394
715
1610
2425
2907
2984
2426
1878
1163
332
-455
-1093
-1609
-2295
-2686
-2760
-2835
-2916
-3003
-3070
-3437
-4017
-4529
-4920
-5128
-5033
-4369
-3394
-2214
-911
338
1282
1759
1932
1757
1274
748
269
35
32
274
559
853
1183
1606
2135
2665
3350
4157
5047
6026
7091
8086
8951
9631
10228
10630
11056
10507
9037
7369
5145
2486
-353
-2791
-5125
-7032
-8218
-8661
-8646
-8538
-7922
-7149
-6541
-5857
-5038
-4155
-3366
-2318
-1220
-289
584
1239
1751
1730
1507
1226
820
351
-96
-427
-929
-1368
-1581
-1712
-1847
-2058
-2290
-2671
-3365
-4039
-4602
-4943
-5141
-4837
-4012
-3003
-1775
-518
639
1365
1811
1925
1634
1162
643
238
64
154
387
656
999
1383
1911
2454
3055
3826
4585
5385
6201
7084
7900
8513
9111
9508
9885
9727
8723
7490
5762
3680
1347
-813
-2905
-4707
-6001
-6821
-7098
-7264
-7157
-6834
-6513
-6161
-5722
-5143
-4556
-3793
-2849
-1954
-1034
-290
403
747
828
789
644
452
186
11
-308
-671
-936
-1161
-1339
-1577
-1911
-2343
-3040
-3630
-4127
-4402
-4492
-4290
-3602
-2744
-1680
-611
416
1115
1459
1601
1349
833
347
-6
-183
-133
204
582
1069
1485
1929
2516
3003
3637
4284
5027
5708
6363
7186
7774
8335
8712
9010
9025
8298
7398
6020
4426
2521
669
-1080
-2825
-4103
-5018
-5513
-5903
-6038
-5960
-5954
-5851
-5657
-5353
-4983
-4501
-3778
-3022
-2244
-1571
-855
-346
-110
26
57
51
-79
-215
-433
-784
-1025
-1261
-1432
-1706
-2050
-2352
-2864
-3251
-3574
-3719
-3680
-3450
-2866
-2132
-1288
-431
394
934
1136
1233
1061
564
109
-217
-406
-375
-62
305
806
1278
1751
2331
2828
3450
4127
4826
5429
6065
6732
7252
7860
8255
8445
8309
7788
7118
5951
4610
2975
1413
-186
-1710
-2845
-3818
-4401
-4909
-5087
-5206
-5407
-5461
-5528
-5415
-5226
-4864
-4300
-3689
-2885
-2242
-1496
-902
-534
-252
-109
-20
-113
-225
-440
-749
-983
-1273
-1534
-1933
-2457
-2887
-3212
-3432
-3512
-3336
-3050
-2543
-1917
-1099
-325
249
721
942
939
700
522
224
-243
-446
-432
-235
16
418
952
1424
1886
2329
2757
3218
3927
4661
5292
5958
6670
7327
7845
8309
8274
7744
7038
6155
5087
3611
2110
706
-585
-1691
-2554
-3119
-3709
-4029
-4117
-4347
-4605
-4884
-5056
-5193
-5094
-4864
-4499
-3930
-3290
-2480
-1766
-1159
-760
-472
-354
-345
-323
-501
-721
-981
-1253
-1511
-1938
-2347
-2899
-3270
-3492
-3554
-3293
-2939
-2352
-1591
-739
-27
505
907
1053
1017
864
519
227
44
-58
-46
150
465
786
1138
1518
1915
2313
2536
2891
3467
4121
4857
5608
6396
7116
7845
8092
7856
7360
6458
5286
3948
2685
1366
72
-966
-1698
-2124
-2603
-2833
-2909
-3099
-3321
-3578
-3791
-4204
-4492
-4564
-4520
-4255
-3924
-3316
-2672
-2119
-1559
-1121
-857
-844
-832
-894
-1042
-1157
-1293
-1438
-1715
-2156
-2637
-3097
-3525
-3798
-3782
-3515
-3024
-2227
-1295
-415
360
913
1248
1301
1090
806
486
269
99
223
520
751
1148
1649
2078
2350
2506
2715
3055
3341
3631
4180
4951
5718
6537
7162
7255
7115
6698
5756
4520
3139
1724
383
-690
-1458
-1830
-2052
-2168
-1978
-1829
-1900
-2033
-2202
-2534
-2968
-3270
-3549
-3654
-3628
-3415
-2939
-2555
-2183
-1834
-1544
-1469
-1471
-1474
-1597
-1717
-1754
-1692
-1711
-1878
-2083
-2424
-2770
-3076
-3199
-3200
-3057
-2580
-1855
-1079
-408
238
704
864
834
665
330
13
-117
-175
-8
329
866
1493
1995
2570
3106
3558
3822
4080
4485
4896
5397
5843
6280
6566
6495
6261
5610
4554
3224
1945
586
-826
-2001
-2805
-3129
-3226
-2998
-2483
-2003
-1548
-1107
-760
-696
-837
-1002
-1253
-1373
-1511
-1499
-1470
-1514
-1462
-1362
-1376
-1614
-1870
-2211
-2568
-2773
-2935
-2962
-3015
-3148
-3146
-3129
-3061
-2988
-2727
-2492
-2198
-1647
-1079
-510
-31
379
691
718
622
484
209
-160
-279
-161
-26
363
897
1628
2342
3048
3717
4345
4999
5538
6059
6456
6903
7234
6968
6448
5626
4473
2988
1380
-156
-1727
-3053
-4045
-4382
-4538
-4510
-3974
-3326
-2715
-2131
-1509
-1072
-776
-484
-348
-27
169
380
620
659
697
668
527
104
-369
-902
-1515
-1999
-2497
-2892
-3230
-3689
-4033
-4322
-4469
-4533
-4324
-3894
-3244
-2265
-1282
-326
427
938
1294
1327
1114
712
289
7
-280
-371
-203
97
532
1181
1903
2545
3290
4120
4965
5882
6784
7573
8137
8067
7707
7006
5707
4064
2252
432
-1437
-3033
-4383
-5197
-5603
-5656
-5067
-4348
-3772
-3030
-2305
-1800
-1476
-1216
-1133
-1007
-780
-462
122
505
842
1314
1716
1782
1745
1416
787
200
-362
-919
-1471
-2063
-2671
-3081
-3427
-3756
-3882
-3990
-3919
-3463
-2871
-2181
-1327
-461
187
757
1119
1052
737
237
-208
-497
-659
-524
-62
621
1442
2464
3393
4282
5288
6237
7107
8012
8242
7830
7318
6453
5024
3184
1329
-658
-2451
-3983
-5063
-5623
-5980
-5698
-4846
-4099
-3414
-2640
-1862
-1405
-1031
-819
-814
-853
-1006
-792
-629
-630
-524
-229
-44
50
192
114
-41
-149
-224
-253
-397
-710
-934
-1168
-1478
-1593
-1546
-1522
-1335
-883
-403
114
557
769
818
628
239
-169
-716
-1329
-1628
-1674
-1642
-1288
-613
253
1222
2249
3552
4935
6212
7473
8610
8796
8453
7886
6638
4771
2644
520
-1741
-3639
-5014
-5740
-6093
-6123
-5369
-4371
-3568
-2747
-1918
-1347
-1106
-857
-784
-767
-862
-943
-744
-728
-766
-693
-576
-689
-857
-982
-1240
-1442
-1684
-1805
-1772
-1809
-1782
-1676
-1580
-1481
-1137
-742
-302
434
1222
2038
2798
3379
3751
3710
3291
2627
1784
756
-240
-1083
-1789
-2181
-2169
-1795
-1163
-166
1149
2654
4248
5897
7199
7694
7751
7335
6211
4448
2446
354
-1785
-3604
-4844
-5519
-5929
-5735
-4835
-3891
-2978
-1972
-1025
-392
-61
166
132
-63
-450
-605
-739
-1068
-1237
-1248
-1266
-1351
-1392
-1546
-1800
-2005
-2294
-2465
-2629
-2870
-2956
-3037
-2905
-2658
-2269
-1736
-928
120
1150
2232
3247
4075
4687
4966
5039
4686
4039
3203
2386
1669
920
503
267
320
671
1302
2193
3133
4251
5013
5214
5212
4699
3738
2281
696
-996
-2735
-4168
-5136
-5617
-5919
-5553
-4590
-3631
-2573
-1438
-333
390
745
913
794
508
-46
-345
-685
-1157
-1327
-1301
-1197
-1252
-1284
-1362
-1570
-1851
-2250
-2493
-2899
-3246
-3378
-3490
-3423
-3317
-2912
-2443
-1781
-890
-39
919
1831
2754
3475
3932
4226
4185
3962
3483
3070
2606
2136
1969
1973
2310
2771
3553
4504
5504
6451
6716
6656
6193
5149
3687
1814
-138
-2250
-4151
-5655
-6635
-7180
-7326
-6609
-5555
-4358
-2966
-1583
-356
410
894
1041
931
524
-18
-317
-825
-1259
-1367
-1324
-1273
-1323
-1274
-1300
-1426
-1656
-1853
-2026
-2399
-2565
-2676
-2843
-2888
-2825
-2573
-2248
-1710
-1057
-374
460
1263
2043
2567
2884
3090
3045
2819
2459
2083
1727
1532
1576
1843
2376
3098
4109
5303
6412
7093
7296
7211
6589
5419
3863
2083
153
-1802
-3397
-4546
-5418
-5898
-5721
-5068
-4316
-3382
-2315
-1379
-732
-335
-116
-166
-499
-919
-1198
-1527
-1897
-2028
-1938
-1811
-1725
-1585
-1436
-1413
-1536
-1641
-1735
-2038
-2325
-2482
-2651
-2756
-2729
-2495
-2098
-1521
-801
2
857
1666
2366
2840
3027
3017
2851
2488
2028
1586
1201
997
1038
1308
1805
2491
3453
4592
5603
6197
6481
6487
5973
4955
3607
1987
204
-1501
-2895
-3905
-4651
-4953
-4566
-3806
-2979
-1986
-882
63
647
983
1089
867
281
-370
-922
-1625
-2315
-2677
-2794
-2873
-2908
-2772
-2552
-2451
-2419
-2326
-2269
-2419
-2535
-2534
-2586
-2680
-2651
-2403
-2047
-1620
-1057
-330
457
1205
1941
2547
2898
3072
3123
3015
2701
2331
2036
1875
1817
1918
2279
2843
3634
4593
5343
5728
5888
5778
5186
4122
2737
1071
-691
-2334
-3628
-4631
-5350
-5453
-4909
-4071
-3085
-1878
-610
469
1285
1829
2086
1909
1405
882
227
-631
-1425
-1890
-2182
-2439
-2575
-2520
-2411
-2417
-2387
-2321
-2453
-2700
-2844
-2875
-2992
-3131
-3028
-2691
-2256
-1764
-1095
-332
404
1129
1817
2300
2459
2498
2497
2285
1910
1593
1460
1432
1553
1955
2589
3396
4356
5382
6059
6337
6392
6097
5289
4034
2486
722
-1081
-2675
-3942
-4916
-5507
-5448
-4843
-4025
-3017
-1873
-742
185
866
1301
1402
1159
763
365
-187
-848
-1323
-1576
-1728
-1873
-1917
-1845
-1844
-1882
-1903
-1999
-2272
-2516
-2628
-2730
-2864
-2934
-2732
-2347
-1898
-1297
-599
161
917
1666
2331
2739
2901
2920
2821
2444
1945
1523
1191
988
981
1301
1919
2720
3684
4576
5163
5453
5508
5152
4303
3108
1676
147
-1344
-2629
-3655
-4370
-4597
-4295
-3684
-2888
-1912
-867
67
777
1200
1313
1096
660
156
-494
-1245
-1872
-2254
-2481
-2594
-2572
-2401
-2186
-1996
-1792
-1686
-1799
-1974
-2107
-2308
-2582
-2757
-2722
-2509
-2176
-1660
-911
-144
645
1484
2190
2688
3034
3245
3237
3004
2653
2340
2045
1721
1576
1648
1970
2579
3355
4178
4801
5211
5440
5334
4703
3632
2290
701
-929
-2434
-3731
-4734
-5335
-5286
-4773
-4007
-2981
-1762
-527
531
1375
1855
1970
1739
1315
751
-64
-878
-1520
-2003
-2389
-2652
-2689
-2614
-2504
-2358
-2156
-2075
-2169
-2230
-2342
-2561
-2846
-3000
-3000
-2939
-2697
-2207
-1529
-830
-17
900
1680
2284
2759
3133
3226
3090
2873
2613
2366
2122
2054
2133
2414
2975
3749
4609
5267
5749
6073
6097
5614
4658
3443
1917
223
-1431
-2922
-4210
-5133
-5434
-5282
-4855
-4096
-2977
-1752
-695
222
890
1220
1236
1030
597
-125
-881
-1448
-1856
-2209
-2454
-2458
-2282
-2038
-1756
-1498
-1376
-1395
-1440
-1520
-1774
-2147
-2403
-2486
-2537
-2516
-2270
-1874
-1420
-898
-271
310
716
1132
1497
1648
1671
1665
1610
1473
1394
1458
1646
1969
2474
3197
4027
4950
5768
6288
6614
6617
6191
5354
4181
2742
1094
-531
-1987
-3211
-4179
-4650
-4608
-4318
-3716
-2804
-1743
-775
-20
638
1031
1036
796
388
-269
-1073
-1733
-2254
-2692
-3017
-3088
-2858
-2567
-2212
-1810
-1479
-1261
-1127
-1038
-1115
-1348
-1599
-1713
-1733
-1753
-1639
-1385
-1026
-607
-176
235
525
740
903
994
912
712
564
386
212
124
181
387
739
1341
2109
2988
3950
4953
5759
6267
6637
6618
6104
5209
4035
2613
992
-558
-1968
-3219
-4152
-4536
-4490
-4252
-3630
-2695
-1653
-686
141
834
1152
1156
977
584
-115
-905
-1490
-1978
-2372
-2599
-2559
-2325
-2060
-1669
-1266
-988
-833
-724
-697
-909
-1208
-1440
-1583
-1696
-1759
-1631
-1405
-1095
-702
-269
116
393
682
888
932
857
730
634
471
269
158
163
287
550
1016
1622
2332
3174
4097
4949
5477
5803
5946
5643
4932
3881
2601
1112
-439
-1837
-3079
-4130
-4794
-4877
-4623
-4172
-3394
-2376
-1284
-329
489
1124
1370
1375
1247
886
229
-443
-926
-1344
-1700
-1912
-1850
-1652
-1413
-1020
-650
-440
-326
-235
-267
-549
-878
-1127
-1336
-1548
-1635
-1499
-1264
-901
-395
152
603
965
1307
1467
1380
1109
761
361
-138
-565
-871
-1049
-1020
-766
-325
183
782
1458
2110
2617
2946
3209
3323
3282
3146
2927
2668
2362
2085
1813
1465
1046
636
237
-291
-880
-1461
-2014
-2506
-2938
-3197
-3309
-3294
-3052
-2604
-2050
-1475
-817
-131
460
902
1200
1381
1335
1128
855
475
33
-400
-713
-946
-1110
-1135
-1029
-854
-690
-494
-313
-229
-235
-325
-460
-668
-892
-1073
-1222
-1313
-1337
-1223
-1025
-804
-510
-173
198
540
844
1133
1391
1634
1875
2149
2414
2700
3060
3414
3722
3893
3912
3769
3360
2671
1743
609
-682
-1985
-3217
-4313
-5145
-5644
-5705
-5387
-4751
-3769
-2552
-1227
95
1311
2328
3056
3473
3573
3374
2871
2205
1482
707
-28
-642
-1071
-1321
-1430
-1383
-1238
-1064
-887
-731
-654
-702
-795
-895
-994
-1074
-1066
-901
-591
-156
371
953
1512
2005
2407
2619
2616
2413
2049
1562
957
282
-370
-946
-1432
-1782
-1995
-2073
-2000
-1807
-1545
-1246
-972
-715
-506
-378
-325
-334
-375
-412
-423
-411
-334
-186
26
288
549
803
1013
1152
1205
1145
972
717
408
60
-290
-598
-834
-954
-980
-908
-740
-510
-235
51
304
503
652
752
794
792
771
747
749
777
840
928
1055
1200
1330
1426
1466
1448
1349
1162
900
568
194
-183
-544
-859
-1119
-1282
-1335
-1290
-1154
-938
-658
-343
-11
301
579
793
935
999
967
843
645
390
98
-219
-545
-844
-1107
-1315
-1475
-1585
-1628
-1602
-1524
-1403
-1249
-1068
-873
-678
-501
-355
-248
-180
-159
-188
-263
-370
-498
-635
-773
-888
-958
-972
-926
-817
-643
-400
-78
296
719
1175
1662
2176
2697
3213
3690
4111
4441
4639
4652
4444
4016
3355
2483
1431
260
-946
-2108
-3146
-3985
-4566
-4854
-4826
-4495
-3926
-3168
-2278
-1351
-471
279
862
1228
1386
1335
1095
730
301
-130
-515
-812
-995
-1055
-995
-836
-621
-398
-191
-32
49
40
-57
-220
-409
-595
-753
-851
-857
-760
-559
-285
42
390
727
1017
1234
1356
1387
1334
1212
1045
854
673
522
424
381
392
453
548
657
748
792
777
700
556
344
83
-198
-457
-679
-838
-923
-915
-816
-646
-411
-162
95
331
514
626
642
566
413
186
-85
-378
-654
-887
-1057
-1152
-1177
-1129
-1025
-885
-731
-580
-442
-312
-200
-108
-24
59
156
265
383
505
631
752
861
933
951
919
827
685
490
256
9
-243
-466
-641
-759
-809
-772
-650
-452
-197
103
426
753
1056
1301
1476
1565
1574
1502
1355
1161
940
707
468
236
24
-169
-337
-491
-632
-763
-877
-967
-1039
-1092
-1123
-1117
-1079
-1002
-897
-760
-601
-437
-276
-141
-34
29
42
7
-78
-191
-319
-452
-562
-641
-679
-667
-601
-492
-352
-190
-20
142
281
386
458
493
501
488
462
435
411
396
398
412
427
453
482
504
528
534
523
499
457
402
340
273
209
158
123
117
127
146
173
195
207
204
186
154
108
51
-14
-80
-140
-201
-254
-297
-340
-378
-408
-437
-460
-487
-512
-534
-558
-579
-593
-607
-616
-617
-610
-587
-547
-499
-444
-379
-301
-220
-145
-75
-21
26
56
73
84
96
112
140
189
254
336
421
509
593
655
696
710
695
652
577
483
374
254
138
31
-46
-102
-115
-89
-43
26
111
202
270
328
361
366
355
337
311
281
260
238
216
202
179
165
151
127
94
50
-10
-78
-163
-268
-373
-493
-613
-730
-838
-929
-1003
-1055
-1076
-1069
-1028
-958
-871
-764
-644
-524
-411
-296
-188
-83
20
130
241
351
457
555
646
711
762
788
794
781
745
688
617
527
425
322
213
105
7
-69
-132
-174
-186
-179
-158
-129
-93
-57
-18
20
53
89
122
152
180
211
244
273
304
333
359
380
389
394
381
354
308
236
145
39
-84
-215
-352
-483
-596
-694
-761
-799
-795
-754
-687
-590
-482
-353
-228
-108
10
116
197
255
291
295
279
230
168
101
30
-41
-98
-136
-164
-185
-199
-209
-219
-229
-235
-236
-235
-210
-173
-121
-51
26
118
206
285
354
409
440
442
428
390
337
272
202
137
77
37
10
1
13
49
95
156
219
278
336
371
388
390
365
319
252
163
67
-32
-130
-220
-295
-357
-397
-422
-428
-424
-414
-381
-346
-317
-281
-240
-193
-137
-83
-17
49
115
171
213
244
252
239
202
153
90
14
-66
-150
-229
-298
-365
-423
-463
-493
-509
-501
-478
-441
-389
-324
-248
-167
-77
13
104
193
284
375
456
525
580
608
622
616
582
528
458
374
282
192
103
18
-56
-122
-176
-220
-257
-276
-280
-268
-247
-205
-158
-102
-31
42
117
194
272
349
415
473
517
548
560
551
511
450
365
253
124
-17
-161
-301
-428
-539
-627
-697
-739
-758
-755
-721
-669
-596
-510
-415
-321
-239
-158
-94
-53
-24
-12
-8
-18
-33
-48
-69
-86
-102
-119
-134
-148
-143
-131
-103
-58
1
73
154
240
323
394
446
480
497
498
484
456
410
358
314
268
230
201
177
167
172
187
216
248
277
309
337
357
363
354
332
297
244
180
112
40
-31
-103
-174
-242
-295
-335
-373
-400
-421
-437
-455
-478
-502
-525
-546
-567
-581
-582
-570
-549
-515
-471
-420
-365
-318
-269
-222
-179
-136
-92
-41
12
79
149
216
286
350
399
440
468
476
466
438
388
330
251
171
97
21
-36
-76
-88
-79
-45
13
90
179
272
358
440
505
553
573
569
547
504
441
361
275
184
91
8
-67
-126
-178
-209
-225
-241
-252
-263
-274
-293
-307
-326
-343
-351
-350
-333
-308
-273
-228
-189
-155
-125
-111
-110
-122
-141
-164
-191
-219
-239
-251
-252
-243
-235
-223
-209
-198
-184
-176
-169
-169
-169
-169
-164
-154
-137
-99
-54
15
96
189
290
389
483
563
632
675
704
703
681
635
564
488
395
302
217
136
61
9
-26
-52
-63
-60
-56
-52
-54
-63
-83
-110
-146
-185
-218
-248
-271
-270
-257
-232
-197
-155
-116
-84
-56
-37
-26
-23
-26
-28
-27
-38
-42
-41
-45
-45
-49
-56
-65
-78
-86
-97
-108
-120
-133
-142
-151
-161
-168
-161
-155
-134
-111
-81
-42
-3
42
89
132
171
206
229
237
232
219
193
152
90
27
-31
-82
-124
-158
-181
-184
-169
-145
-117
-89
-64
-42
-18
-2
16
31
47
68
86
107
127
155
169
185
200
208
226
237
246
254
252
247
234
210
172
128
82
36
-9
-45
-69
-89
-99
-97
-86
-73
-56
-42
-41
-49
-57
-77
-99
-128
-159
-184
-206
-216
-219
-213
-195
-174
-146
-122
-100
-79
-64
-54
-52
-54
-50
-51
-54
-47
-36
-30
-26
-23
-29
-35
-36
-46
-57
-61
-60
-42
-26
2
31
67
106
134
168
197
220
237
250
258
256
249
245
231
210
188
159
130
93
56
23
-8
-40
-65
-89
-107
-126
-136
-136
-139
-135
-125
-116
-103
-79
-61
-40
-22
-6
9
15
18
11
-7
-32
-57
-81
-107
-132
-152
-166
-164
-152
-138
-112
-86
-65
-47
-30
-13
-10
-9
-10
-4
3
8
19
29
45
63
72
83
89
78
64
46
21
-3
-23
-39
-46
-49
-38
-15
14
53
100
152
203
249
287
320
345
352
345
325
297
257
204
156
96
31
-33
-96
-155
-215
-270
-322
-365
-402
-424
-442
-441
-429
-403
-358
-304
-240
-172
-101
-32
30
80
111
137
145
144
132
112
88
65
44
24
9
0
0
-2
-1
2
3
10
15
24
38
59
74
95
117
131
146
152
157
153
148
135
116
102
94
84
71
72
74
83
99
118
139
156
168
179
180
171
160
128
84
28
-35
-112
-190
-260
-332
-393
-444
-477
-484
-475
-439
-384
-319
-240
-160
-83
-19
34
75
98
114
113
105
83
58
26
-10
-43
-80
-111
-138
-165
-179
-183
-175
-150
-110
-58
9
87
169
258
339
408
461
497
517
516
493
458
411
356
301
236
179
124
73
29
-10
-40
-60
-81
-94
-95
-86
-75
-61
-43
-30
-14
-4
-4
-17
-39
-72
-119
-172
-227
-276
-324
-360
-381
-393
-389
-368
-339
-297
-255
-209
-164
-125
-90
-62
-41
-33
-33
-31
-31
-32
-36
-39
-34
-26
-6
10
32
60
89
117
147
170
190
207
217
221
220
208
190
175
155
135
120
109
100
98
97
111
125
136
152
162
167
173
188
192
191
185
172
158
144
122
92
55
19
-28
-81
-126
-183
-234
-274
-306
-330
-341
-341
-321
-290
-255
-208
-160
-112
-72
-37
-11
0
0
-15
-30
-55
-81
-104
-127
-144
-152
-154
-152
-138
-116
-91
-65
-31
9
47
79
111
145
173
187
197
197
187
159
128
86
47
7
-30
-60
-84
-87
-80
-59
-25
20
69
124
177
220
264
289
300
305
293
268
233
193
143
89
35
-15
-70
-112
-152
-184
-202
-220
-226
-221
-213
-192
-169
-139
-109
-74
-40
-8
21
41
56
62
60
50
30
11
-16
-46
-76
-109
-137
-151
-162
-165
-156
-135
-99
-61
-17
20
59
93
112
120
108
87
51
8
-43
-94
-137
-176
-201
-211
-205
-182
-142
-87
-30
30
89
142
188
218
245
258
258
252
234
216
189
159
139
110
78
46
15
-15
-47
-79
-102
-122
-123
-121
-106
-77
-48
3
54
110
161
203
230
251
256
242
217
176
129
72
13
-42
-92
-136
-163
-182
-193
-197
-187
-172
-152
-127
-106
-87
-79
-71
-69
-77
-89
-108
-124
-136
-145
-155
-160
-163
-164
-153
-147
-133
-122
-113
-98
-90
-79
-77
-71
-60
-47
-28
-8
11
33
57
80
94
109
120
122
117
111
104
97
94
95
104
117
138
164
198
233
260
291
310
320
321
310
288
252
214
165
114
71
33
-5
-31
-51
-67
-74
-74
-67
-64
-57
-57
-58
-60
-72
-82
-94
-115
-135
-161
-183
-196
-216
-235
-249
-261
-276
-285
-292
-304
-307
-303
-297
-282
-262
-236
-208
-167
-124
-82
-40
1
43
68
88
102
106
106
98
89
80
72
68
74
87
108
139
178
223
266
306
347
380
398
404
398
383
358
324
282
236
191
149
111
74
47
31
21
18
11
18
22
17
15
11
3
-5
-24
-50
-69
-98
-128
-163
-202
-236
-271
-303
-331
-353
-374
-383
-388
-384
-372
-353
-325
-296
-254
-214
-163
-120
-85
-55
-32
-15
-4
-1
-4
-9
-16
-20
-19
-20
-7
10
35
74
115
166
215
262
303
334
357
376
384
373
359
331
299
257
216
171
128
89
62
44
27
17
9
11
12
19
23
31
42
43
46
39
25
11
-9
-37
-67
-96
-133
-172
-212
-253
-296
-331
-367
-391
-408
-417
-404
-382
-359
-322
-283
-239
-188
-132
-77
-24
25
68
101
126
141
152
152
150
145
135
126
108
96
87
71
64
55
46
42
42
47
48
52
58
69
77
96
112
129
143
148
155
153
142
128
112
95
71
48
26
0
-22
-42
-59
-63
-65
-63
-55
-42
-35
-34
-31
-36
-40
-43
-49
-54
-57
-62
-65
-66
-67
-62
-55
-39
-23
-9
9
22
26
36
44
51
65
79
92
104
113
126
132
134
138
144
147
148
141
134
128
119
109
100
97
94
97
98
95
87
75
58
32
1
-31
-66
-99
-139
-176
-210
-245
-269
-285
-293
-292
-281
-267
-250
-229
-207
-191
-177
-166
-149
-133
-118
-99
-85
-65
-46
-25
0
35
74
117
165
206
238
269
303
317
327
327
329
322
307
290
261
231
196
161
133
105
79
56
40
27
9
-5
-25
-40
-56
-73
-93
-117
-144
-185
-226
-275
-325
-369
-414
-456
-495
-529
-558
-583
-598
-605
-599
-585
-559
-523
-480
-430
-374
-316
-257
-193
-131
-63
4
75
141
205
271
333
391
450
505
550
595
630
653
668
671
664
647
626
602
579
558
534
515
497
481
469
463
459
454
441
420
378
319
248
160
59
-53
-165
-275
-380
-466
-540
-593
-622
-634
-628
-606
-572
-539
-515
-497
-491
-500
-522
-555
-590
-627
-666
-690
-707
-719
-713
-699
-665
-618
-563
-495
-414
-325
-232
-135
-37
68
173
282
394
505
610
710
802
885
950
998
1028
1043
1043
1024
997
960
916
872
829
794
762
736
709
677
632
577
501
409
298
167
28
-113
-253
-380
-490
-581
-644
-683
-694
-687
-663
-630
-591
-554
-518
-493
-483
-476
-479
-484
-492
-503
-516
-527
-536
-544
-554
-566
-576
-594
-611
-633
-657
-682
-701
-722
-729
-719
-691
-642
-576
-482
-373
-247
-108
37
187
333
470
598
711
807
884
947
995
1036
1072
1098
1124
1146
1165
1186
1200
1207
1206
1195
1179
1137
1078
1003
907
786
648
496
329
163
-5
-170
-320
-455
-568
-659
-730
-778
-805
-815
-815
-806
-790
-773
-753
-740
-731
-720
-705
-689
-670
-649
-625
-596
-564
-540
-521
-509
-508
-523
-543
-573
-610
-648
-684
-711
-727
-723
-703
-657
-590
-506
-405
-295
-175
-53
68
188
308
422
526
624
720
814
904
992
1072
1154
1229
1289
1345
1380
1408
1424
1424
1411
1384
1342
1284
1214
1134
1031
906
759
595
412
214
14
-181
-363
-529
-669
-792
-885
-952
-994
-1003
-1002
-982
-954
-923
-897
-876
-859
-851
-837
-825
-811
-793
-773
-744
-710
-663
-616
-567
-518
-483
-454
-440
-440
-450
-475
-505
-537
-564
-573
-566
-532
-477
-399
-306
-202
-91
24
134
232
329
412
490
570
646
730
817
909
1000
1084
1165
1234
1293
1339
1369
1385
1383
1369
1344
1319
1291
1260
1224
1170
1098
996
870
718
543
351
145
-63
-274
-468
-638
-778
-882
-954
-982
-988
-970
-938
-901
-864
-840
-816
-802
-797
-800
-810
-810
-804
-787
-758
-714
-658
-601
-540
-481
-433
-397
-379
-388
-424
-479
-551
-633
-715
-784
-835
-865
-860
-827
-765
-672
-568
-443
-318
-198
-82
22
118
206
302
390
484
583
683
792
901
1007
1107
1193
1266
1325
1370
1401
1428
1429
1425
1411
1383
1362
1339
1337
1339
1341
1334
1295
1224
1104
936
725
483
228
-30
-276
-497
-681
-814
-906
-953
-971
-962
-940
-914
-887
-875
-868
-878
-899
-928
-977
-1020
-1049
-1058
-1042
-998
-928
-842
-736
-631
-527
-430
-352
-283
-244
-223
-225
-249
-289
-351
-420
-499
-576
-650
-706
-734
-747
-726
-677
-602
-508
-411
-299
-202
-112
-42
14
71
123
185
254
335
427
525
620
703
784
852
923
987
1045
1102
1147
1195
1229
1267
1307
1354
1426
1505
1610
1727
1841
1939
1993
1995
1906
1735
1466
1123
749
362
4
-320
-587
-792
-940
-1027
-1085
-1106
-1113
-1119
-1125
-1160
-1204
-1281
-1361
-1451
-1532
-1585
-1618
-1610
-1574
-1491
-1369
-1209
-1025
-848
-674
-525
-412
-346
-324
-334
-379
-439
-513
-590
-647
-693
-698
-685
-641
-566
-479
-373
-284
-187
-115
-43
15
62
118
169
243
324
422
530
636
734
815
883
954
1017
1076
1115
1165
1213
1274
1334
1384
1445
1503
1585
1672
1786
1926
2062
2205
2308
2355
2293
2112
1810
1405
962
513
96
-282
-599
-846
-1024
-1142
-1226
-1286
-1321
-1361
-1387
-1444
-1505
-1592
-1685
-1774
-1864
-1915
-1948
-1940
-1898
-1802
-1651
-1456
-1224
-1004
-789
-603
-455
-341
-280
-251
-266
-296
-349
-417
-476
-529
-556
-567
-545
-485
-415
-320
-246
-170
-111
-53
7
40
91
129
186
250
326
405
485
568
642
720
803
879
957
1021
1091
1164
1240
1331
1398
1469
1527
1604
1696
1802
1944
2090
2260
2395
2486
2478
2343
2082
1697
1269
810
380
-27
-379
-652
-848
-976
-1065
-1134
-1191
-1246
-1295
-1363
-1451
-1557
-1685
-1803
-1926
-2014
-2080
-2102
-2088
-2015
-1863
-1659
-1409
-1167
-937
-736
-573
-440
-363
-313
-295
-288
-300
-328
-366
-419
-463
-503
-520
-504
-475
-424
-378
-324
-257
-185
-99
-35
37
94
161
229
298
381
467
560
648
739
827
904
969
1017
1058
1112
1176
1257
1326
1398
1477
1568
1671
1786
1920
2064
2229
2388
2512
2561
2490
2293
1966
1553
1099
648
216
-178
-492
-714
-860
-961
-1039
-1110
-1179
-1257
-1335
-1434
-1550
-1695
-1827
-1968
-2081
-2175
-2225
-2218
-2169
-2024
-1814
-1560
-1306
-1065
-844
-668
-526
-417
-341
-297
-267
-246
-266
-328
-429
-533
-649
-743
-783
-777
-730
-655
-544
-407
-271
-125
-11
65
113
152
186
211
251
307
397
483
601
719
824
918
1017
1103
1189
1290
1392
1477
1556
1658
1784
1911
2046
2197
2363
2533
2718
2886
2970
2925
2755
2448
2012
1513
998
503
37
-340
-610
-802
-936
-1036
-1135
-1229
-1341
-1439
-1553
-1690
-1838
-1974
-2102
-2209
-2287
-2327
-2317
-2264
-2127
-1934
-1692
-1443
-1205
-997
-822
-683
-576
-501
-452
-421
-403
-426
-494
-627
-779
-945
-1083
-1150
-1144
-1067
-938
-767
-565
-374
-202
-64
19
63
97
131
179
250
354
492
623
778
920
1040
1140
1239
1344
1441
1542
1649
1749
1830
1946
2072
2193
2315
2440
2584
2723
2873
3021
3072
3000
2790
2452
1971
1417
833
271
-255
-675
-968
-1166
-1289
-1368
-1424
-1480
-1553
-1622
-1719
-1836
-1965
-2076
-2164
-2206
-2215
-2194
-2130
-2035
-1876
-1680
-1454
-1222
-1012
-835
-688
-572
-490
-434
-378
-344
-330
-335
-387
-529
-726
-945
-1151
-1304
-1369
-1313
-1187
-995
-743
-471
-238
-44
91
168
187
204
244
288
364
497
642
793
926
1071
1181
1276
1389
1505
1595
1692
1798
1880
1964
2059
2165
2247
2334
2455
2606
2781
2967
3112
3140
3012
2753
2349
1811
1191
573
-38
-586
-1005
-1295
-1490
-1616
-1660
-1673
-1709
-1772
-1843
-1941
-2075
-2194
-2266
-2294
-2280
-2223
-2121
-2011
-1853
-1665
-1444
-1244
-1075
-924
-802
-703
-620
-551
-500
-480
-471
-483
-568
-740
-948
-1176
-1400
-1543
-1557
-1439
-1248
-975
-648
-311
-27
184
337
434
445
434
470
502
556
687
846
964
1065
1189
1264
1309
1363
1428
1494
1585
1714
1824
1933
2050
2211
2342
2446
2607
2761
2926
3111
3300
3363
3228
2986
2596
2068
1399
697
-5
-687
-1241
-1677
-1974
-2166
-2213
-2198
-2209
-2185
-2186
-2217
-2281
-2340
-2328
-2277
-2174
-2062
-1882
-1691
-1510
-1293
-1088
-908
-795
-678
-584
-523
-460
-430
-377
-342
-336
-376
-519
-717
-992
-1320
-1678
-1950
-2053
-2032
-1828
-1465
-1017
-557
-89
344
614
780
866
877
827
765
790
845
917
1007
1100
1184
1238
1313
1361
1405
1494
1609
1746
1881
2041
2173
2317
2486
2594
2705
2845
3057
3309
3560
3661
3469
3164
2723
2064
1239
377
-486
-1344
-2019
-2523
-2858
-3030
-3075
-2994
-2890
-2786
-2693
-2575
-2463
-2355
-2157
-1969
-1748
-1463
-1161
-908
-712
-501
-356
-255
-222
-239
-268
-357
-427
-468
-504
-625
-768
-949
-1243
-1561
-1908
-2263
-2596
-2720
-2591
-2294
-1823
-1251
-585
33
554
958
1215
1366
1390
1397
1362
1325
1321
1321
1354
1327
1308
1276
1257
1253
1275
1399
1547
1810
2092
2353
2617
2863
3110
3221
3390
3622
3833
4104
4470
4693
4355
3789
3139
2153
817
-554
-1755
-2987
-3963
-4489
-4696
-4736
-4608
-4171
-3724
-3381
-3060
-2683
-2293
-1981
-1536
-1080
-654
-218
212
500
526
500
361
106
-225
-562
-844
-1148
-1332
-1379
-1402
-1467
-1536
-1549
-1671
-1870
-2071
-2286
-2471
-2555
-2404
-2125
-1717
-1165
-557
45
550
966
1244
1416
1459
1383
1281
1138
1016
976
956
941
1023
1157
1299
1461
1692
1977
2272
2614
2994
3388
3737
4037
4292
4477
4649
4799
4952
5086
5248
5122
4250
3154
1968
393
-1523
-3189
-4557
-5901
-6631
-6689
-6358
-5879
-5073
-4001
-3124
-2418
-1773
-1111
-633
-181
409
772
1009
1243
1352
1132
628
71
-620
-1333
-1963
-2362
-2624
-2787
-2647
-2308
-1979
-1812
-1657
-1517
-1595
-1851
-2027
-2064
-1995
-1743
-1235
-581
47
655
1139
1419
1414
1268
1045
729
462
308
283
307
465
710
895
1048
1326
1644
1888
2228
2698
3239
3774
4244
4716
5083
5173
5135
5091
4985
4852
4847
5018
5245
4740
3476
2197
760
-1300
-3573
-5308
-6818
-7991
-8227
-7624
-6704
-5617
-4130
-2547
-1377
-583
134
735
1024
1345
1688
1686
1579
1436
1066
188
-882
-1878
-2943
-3847
-4396
-4503
-4429
-4039
-3206
-2278
-1515
-986
-513
-270
-321
-460
-609
-699
-729
-620
-427
-225
-51
-3
-15
-169
-332
-480
-630
-631
-435
-123
182
640
1098
1508
1824
2181
2600
2910
3244
3573
4008
4403
4624
4791
4929
4943
4793
4688
4601
4550
4663
4940
5398
5075
3736
2288
725
-1399
-3797
-5573
-6998
-7940
-7828
-6927
-5765
-4532
-2924
-1381
-331
329
821
1218
1379
1621
1823
1647
1323
873
151
-1072
-2468
-3707
-4765
-5465
-5629
-5205
-4529
-3537
-2246
-1035
-161
315
530
491
219
-191
-527
-781
-904
-918
-877
-865
-898
-971
-1110
-1184
-1213
-1126
-910
-559
-48
505
1039
1516
1930
2266
2472
2661
2896
3097
3305
3558
3820
4081
4227
4251
4195
4071
3990
3905
3851
3991
4456
4986
5665
5902
4731
3108
1448
-737
-3458
-5679
-7160
-8218
-8208
-7254
-5906
-4616
-3197
-1595
-474
137
513
994
1348
1648
2064
1998
1599
992
71
-1342
-3024
-4431
-5538
-6122
-6101
-5462
-4458
-3331
-1930
-612
288
683
766
679
280
-169
-650
-1170
-1483
-1611
-1558
-1627
-1567
-1338
-1155
-804
-388
91
434
758
1169
1481
1680
1759
1943
2130
2314
2566
2819
3089
3366
3697
3918
4128
4323
4442
4503
4516
4546
4473
4423
4462
4729
5110
5624
5570
4068
2342
679
-1596
-4219
-6178
-7424
-8309
-8031
-6791
-5364
-4045
-2595
-998
-2
497
847
1228
1535
1826
2120
1842
1253
494
-701
-2369
-4156
-5501
-6420
-6752
-6338
-5305
-4046
-2704
-1157
145
822
958
797
446
-182
-776
-1285
-1770
-2068
-2141
-2028
-2084
-2052
-1829
-1588
-1162
-613
93
668
1149
1652
2047
2252
2233
2269
2289
2343
2532
2784
3082
3356
3744
4046
4230
4320
4374
4378
4285
4355
4384
4466
4661
5099
5707
6332
6164
4393
2502
648
-1912
-4655
-6673
-7833
-8486
-7928
-6493
-4925
-3499
-2085
-480
445
821
1129
1502
1930
2320
2553
2078
1298
348
-1148
-3074
-5067
-6395
-7050
-7043
-6249
-4896
-3443
-2010
-472
690
1123
1057
722
299
-237
-816
-1484
-2141
-2593
-2934
-3168
-3377
-3238
-2775
-2130
-1151
-47
1012
1806
2389
2726
2828
2723
2453
2301
2231
2284
2406
2597
2795
2917
3115
3313
3532
3713
3927
4177
4382
4643
4746
4851
5027
5382
5847
6385
6146
4306
2411
554
-2090
-4975
-7118
-8344
-9017
-8455
-7005
-5337
-3802
-2245
-487
515
946
1320
1745
2237
2646
2818
2213
1325
274
-1361
-3442
-5522
-6834
-7407
-7248
-6267
-4740
-3172
-1629
-17
1151
1555
1398
967
502
-98
-890
-1701
-2442
-3005
-3422
-3606
-3651
-3357
-2613
-1677
-481
699
1740
2509
2928
3129
3066
2816
2418
2210
2203
2274
2426
2598
2781
2937
3116
3331
3528
3793
4073
4390
4748
5037
5183
5215
5345
5649
5975
6444
6224
4343
2197
214
-2499
-5552
-7643
-8829
-9352
-8665
-7003
-5124
-3473
-1841
-47
1006
1405
1726
2155
2529
2838
2788
1971
801
-550
-2359
-4512
-6564
-7722
-7980
-7464
-6151
-4334
-2515
-932
626
1649
1923
1625
1092
597
-10
-706
-1488
-2321
-3158
-3998
-4572
-4992
-4975
-4221
-3034
-1400
346
1972
3178
3788
4004
3824
3389
2716
2235
2050
2042
2182
2270
2324
2313
2412
2579
2705
3050
3574
4249
4909
5557
5996
6101
6108
6223
6482
6844
6920
5438
3211
1333
-1171
-4381
-6990
-8489
-9316
-9110
-7634
-5715
-3862
-2224
-361
1101
1609
1871
2258
2628
2942
2986
2269
1020
-313
-2087
-4279
-6442
-7903
-8236
-7833
-6614
-4824
-2901
-1175
395
1589
1980
1715
985
174
-702
-1613
-2492
-3308
-3815
-3961
-3866
-3671
-3292
-2339
-1240
-99
1114
2194
2901
3109
3138
2928
2506
1940
1475
1268
1298
1475
1704
1966
2291
2702
3128
3375
3660
3984
4278
4466
4717
4974
5092
5129
5349
5921
6473
6853
5875
3689
1577
-736
-3802
-6669
-8316
-9050
-9076
-7791
-5923
-4025
-2539
-868
747
1494
1756
2138
2659
3054
3210
2605
1182
-321
-2027
-4236
-6487
-8007
-8272
-7686
-6340
-4406
-2320
-638
762
1901
2290
1996
1297
647
54
-611
-1577
-2779
-3637
-4185
-4498
-4677
-4442
-3370
-1930
-318
1327
2755
3662
3984
3990
3606
2931
2130
1544
1279
1206
1259
1212
1229
1419
1779
2122
2447
3100
3908
4619
5154
5612
5884
5890
5842
5748
5863
6169
6594
6445
4566
2268
-19
-2906
-6087
-8436
-9501
-9774
-8847
-6832
-4623
-2713
-1079
702
1735
1948
2104
2357
2741
2940
2596
1440
-104
-1744
-3818
-6140
-8024
-8795
-8359
-7128
-5217
-2969
-903
656
1901
2533
2313
1551
719
40
-599
-1352
-2500
-3603
-4305
-4703
-4870
-4797
-4011
-2419
-623
1157
2714
3747
4100
3984
3480
2674
1742
920
585
673
919
1031
1086
1285
1676
2149
2483
2965
3882
4802
5555
5975
6142
6170
5946
5649
5493
5704
6050
6628
6140
3967
1683
-749
-3931
-7076
-9078
-9760
-9599
-8191
-5799
-3416
-1546
160
1831
2460
2410
2527
2709
2841
2752
2053
678
-1025
-2879
-5100
-7352
-8876
-9050
-8133
-6582
-4395
-1934
72
1571
2612
2817
2216
1200
122
-842
-1733
-2770
-3829
-4456
-4627
-4484
-4154
-3502
-2175
-545
987
2334
3274
3590
3412
2887
2183
1420
575
47
8
366
775
1015
1375
1961
2675
3217
3662
4353
5047
5515
5722
5750
5665
5329
5049
4937
5136
5470
5967
5660
3671
1425
-714
-3544
-6360
-8047
-8485
-8270
-7090
-4945
-2861
-1339
-62
1275
1862
1769
1816
2128
2404
2369
1629
231
-1506
-3359
-5504
-7474
-8721
-8627
-7400
-5593
-3417
-1131
659
1843
2570
2649
2032
1115
300
-331
-1145
-2395
-3570
-4391
-4947
-5158
-4838
-3967
-2489
-509
1479
3047
4015
4330
4119
3367
2388
1537
803
409
430
708
941
1007
1193
1507
1979
2566
3290
4250
5234
6011
6323
6295
6007
5515
5051
4674
4797
5214
5968
5658
3502
1225
-934
-3923
-6866
-8469
-8787
-8393
-6897
-4509
-2338
-921
233
1320
1550
1138
1035
1263
1597
1753
1147
-245
-1912
-3651
-5770
-7804
-8960
-8617
-7155
-5173
-2839
-522
1100
2042
2552
2344
1512
593
-98
-597
-1114
-2109
-3420
-4419
-4905
-5040
-4936
-4149
-2413
-234
1671
3274
4324
4477
3969
3109
2012
953
206
-43
137
548
936
1125
1284
1637
2163
2728
3404
4490
5716
6579
6833
6746
6369
5708
4931
4322
4301
4625
5442
5370
3544
1440
-557
-3259
-6006
-7594
-7926
-7440
-6010
-3816
-1734
-481
343
1177
1322
707
292
504
959
1096
483
-693
-2043
-3627
-5508
-7269
-8307
-7951
-6434
-4440
-2314
-244
1192
1911
2160
1813
905
-228
-1078
-1725
-2443
-3454
-4420
-4878
-4905
-4573
-3878
-2729
-1041
868
2393
3405
3894
3752
3019
1995
954
219
-263
-472
-182
323
804
1140
1521
2036
2649
3328
4132
5077
5926
6450
6530
6303
5929
5349
4673
4227
4386
4855
5617
5355
3529
1549
-343
-2968
-5535
-6867
-7052
-6532
-5208
-3208
-1469
-516
143
821
778
160
-89
251
659
691
-42
-1230
-2573
-4035
-5799
-7386
-8078
-7411
-5731
-3743
-1676
147
1244
1646
1688
1189
244
-688
-1226
-1746
-2444
-3208
-3752
-4073
-4200
-3933
-3205
-2188
-756
1004
2385
3242
3700
3684
3025
2009
1084
551
245
141
386
771
1114
1393
1698
2049
2511
3185
4043
4923
5644
6129
6186
5982
5570
5000
4376
4064
4321
5059
5927
5229
3256
1338
-581
-3491
-6014
-7136
-7021
-6348
-4955
-2927
-1255
-466
86
546
228
-481
-557
-83
489
419
-292
-1450
-2754
-4293
-6153
-7688
-8171
-7161
-5270
-3245
-1301
408
1263
1461
1211
597
-292
-1101
-1607
-2012
-2631
-3424
-3959
-4281
-4406
-4064
-3134
-1772
-4
1846
3141
3802
3927
3527
2556
1342
448
137
96
270
759
1315
1627
1824
2105
2466
2913
3560
4544
5524
6241
6495
6500
6186
5551
4783
4236
4208
4700
5725
5934
4430
2319
535
-1882
-4741
-6437
-6692
-6130
-5116
-3472
-1673
-578
-193
143
149
-542
-941
-677
31
387
-36
-995
-2226
-3589
-5320
-6958
-7864
-7427
-5890
-3830
-1927
-242
734
960
728
119
-614
-1319
-1797
-2155
-2373
-2872
-3424
-3847
-4106
-4171
-3797
-2746
-1226
443
1832
2842
3371
3356
2752
1861
1045
555
475
613
962
1415
1799
1982
2135
2368
2669
3072
3728
4655
5463
5990
6244
6304
6083
5594
5044
4825
5098
5812
6340
5218
3100
1198
-867
-3654
-5703
-6289
-6072
-5320
-3906
-2212
-1096
-655
-301
-83
-525
-1055
-794
-249
193
74
-703
-1839
-3200
-4712
-6312
-7331
-7330
-6076
-4221
-2293
-521
595
783
445
15
-677
-1350
-1811
-1872
-2066
-2608
-3247
-3623
-4015
-4398
-4148
-3147
-1633
14
1590
2778
3381
3434
3010
2259
1333
773
659
847
1162
1591
2014
2122
2190
2332
2568
2838
3395
4358
5252
5792
6114
6267
5946
5424
4781
4511
4688
5307
6218
5878
4129
2124
195
-2508
-4863
-6021
-6172
-5781
-4510
-2917
-1723
-1305
-993
-788
-1050
-1609
-1285
-621
-53
157
-263
-1247
-2608
-4149
-5835
-7065
-7458
-6612
-5000
-3093
-1279
62
459
310
-34
-597
-1218
-1731
-1998
-2299
-2665
-3215
-3669
-4037
-4170
-3888
-3006
-1631
-1
1472
2496
3129
3305
2910
2209
1514
1048
779
844
1258
1743
2153
2300
2490
2719
2965
3356
3841
4507
5165
5643
5909
6077
5988
5701
5254
5089
5188
5630
6287
5784
3954
1964
142
-2340
-4467
-5423
-5468
-5221
-4230
-2847
-1826
-1591
-1424
-1127
-1277
-1658
-1259
-567
-99
-142
-637
-1616
-2916
-4341
-5761
-6712
-6864
-5980
-4516
-2934
-1462
-255
67
-171
-493
-803
-1234
-1751
-2057
-2401
-2791
-3314
-3678
-4021
-4134
-3865
-2942
-1728
-430
829
1775
2321
2453
2280
1827
1416
1255
1242
1365
1660
2090
2484
2551
2557
2827
3074
3397
3889
4547
5046
5420
5726
5920
5876
5602
5403
5394
5520
5986
6602
5846
3900
2018
265
-2131
-4104
-4829
-4814
-4671
-3948
-2838
-2101
-2034
-1875
-1544
-1681
-1841
-1255
-604
-208
-386
-955
-1969
-3201
-4440
-5599
-6274
-6179
-5229
-3906
-2584
-1410
-523
-326
-514
-743
-950
-1207
-1588
-1886
-2230
-2673
-3234
-3674
-3977
-4026
-3674
-2746
-1502
-306
743
1570
2130
2226
2058
1783
1613
1567
1545
1659
1895
2140
2335
2426
2590
2927
3243
3603
4067
4564
4882
5157
5424
5517
5544
5539
5538
5700
5994
6554
6836
5583
3440
1504
-422
-2695
-4231
-4700
-4755
-4494
-3844
-3073
-2742
-2801
-2579
-2133
-2205
-2006
-1183
-482
-189
-552
-1404
-2516
-3767
-4883
-5780
-6032
-5694
-4672
-3389
-2253
-1305
-754
-650
-686
-660
-827
-1007
-1237
-1548
-2097
-2931
-3544
-3792
-3870
-3740
-3017
-1867
-713
194
914
1359
1509
1495
1471
1489
1473
1591
1818
2012
2179
2284
2331
2496
2912
3418
3934
4381
4887
5280
5338
5336
5361
5338
5217
5186
5411
5764
6164
6704
6377
4709
2624
849
-964
-2664
-3545
-3831
-3862
-3531
-3150
-2935
-3062
-3047
-2773
-2619
-2504
-1832
-1082
-622
-584
-1146
-2121
-3364
-4390
-5251
-5820
-5755
-5132
-4049
-3039
-2105
-1459
-1135
-1043
-949
-940
-1026
-1050
-1132
-1557
-2321
-2960
-3308
-3624
-3719
-3353
-2579
-1698
-853
-55
494
730
906
1156
1307
1373
1563
1829
2079
2310
2480
2571
2712
2987
3413
3901
4377
4820
5181
5266
5220
5319
5251
5059
5010
5281
5702
6126
6827
7192
5987
3839
2002
248
-1785
-3013
-3279
-3375
-3469
-3170
-2893
-2965
-3346
-3257
-2985
-2918
-2491
-1581
-975
-782
-1050
-1752
-2810
-3987
-4865
-5571
-5770
-5352
-4474
-3551
-2790
-2036
-1598
-1460
-1347
-984
-820
-883
-973
-1172
-1700
-2518
-3019
-3335
-3571
-3499
-2865
-1945
-1136
-411
258
627
691
791
976
1192
1435
1742
2086
2353
2566
2728
2732
2832
3141
3579
4050
4516
5031
5351
5507
5634
5659
5469
5315
5273
5495
5877
6524
7098
6366
4510
2567
749
-1291
-2687
-3234
-3471
-3599
-3291
-3084
-3149
-3523
-3539
-3367
-3363
-3095
-2241
-1538
-1212
-1281
-1883
-2831
-3866
-4668
-5337
-5633
-5414
-4695
-3813
-2995
-2287
-1789
-1677
-1564
-1296
-1117
-1017
-913
-1003
-1376
-1871
-2316
-2656
-2961
-2936
-2408
-1663
-923
-255
288
604
681
697
677
821
1125
1526
1994
2407
2754
3057
3181
3344
3579
3909
4324
4771
5122
5345
5410
5443
5450
5206
4969
4937
5220
5564
6233
6870
6311
4612
2873
1329
-596
-2092
-2565
-2786
-3079
-3098
-2985
-3106
-3548
-3653
-3446
-3450
-3279
-2494
-1903
-1726
-1827
-2302
-3116
-4076
-4767
-5276
-5476
-5325
-4733
-4039
-3507
-2862
-2286
-2078
-1991
-1699
-1309
-971
-834
-929
-1204
-1665
-2055
-2342
-2608
-2691
-2362
-1721
-1135
-612
-66
360
614
679
726
860
1078
1505
2091
2544
2896
3217
3490
3738
3845
4057
4459
4845
5081
5298
5481
5574
5562
5521
5400
5284
5373
5739
6355
6539
5702
4174
2628
1098
-635
-1709
-2110
-2462
-2642
-2671
-2771
-2999
-3284
-3319
-3244
-3352
-3097
-2550
-2238
-2228
-2507
-2996
-3672
-4374
-4915
-5319
-5352
-5130
-4592
-4072
-3657
-3177
-2761
-2484
-2196
-1867
-1546
-1174
-973
-978
-1229
-1574
-1733
-1869
-1987
-2031
-1864
-1567
-1237
-806
-389
-21
275
529
770
941
1151
1472
1885
2330
2768
3064
3356
3721
4040
4303
4534
4811
5017
5168
5342
5548
5685
5752
5751
5783
5858
6028
6391
6320
5274
3813
2493
1045
-401
-1198
-1649
-2165
-2514
-2713
-3006
-3325
-3494
-3379
-3370
-3421
-3142
-2768
-2728
-2856
-3178
-3666
-4229
-4632
-4990
-5225
-5281
-5027
-4597
-4221
-3878
-3457
-3132
-2854
-2379
-1945
-1676
-1413
-1181
-1137
-1264
-1345
-1186
-1036
-979
-904
-787
-747
-673
-481
-170
117
368
732
1047
1231
1407
1669
2059
2481
2867
3272
3652
4060
4483
4809
5003
5111
5121
5120
5157
5252
5347
5417
5440
5554
5725
5993
6213
5711
4390
3045
1836
510
-553
-1117
-1581
-2113
-2496
-2840
-3231
-3621
-3696
-3551
-3488
-3439
-3118
-2904
-2998
-3276
-3667
-4124
-4475
-4739
-4848
-4863
-4835
-4592
-4209
-3960
-3831
-3601
-3327
-2973
-2598
-2249
-1937
-1653
-1532
-1509
-1497
-1324
-1007
-637
-308
-109
-42
-60
-122
-146
-62
122
430
778
1025
1205
1457
1791
2180
2553
2887
3238
3572
3979
4383
4655
4782
4824
4738
4582
4511
4641
4817
4918
4993
5152
5393
5698
5756
5144
4082
3050
2124
1244
589
41
-602
-1230
-1750
-2278
-2811
-3246
-3410
-3406
-3438
-3397
-3300
-3296
-3456
-3722
-4068
-4306
-4463
-4533
-4506
-4476
-4389
-4102
-3823
-3727
-3690
-3531
-3229
-2922
-2671
-2489
-2329
-2187
-2107
-2086
-1969
-1723
-1360
-901
-459
-160
60
141
160
172
248
457
777
1007
1091
1142
1296
1546
1822
2069
2356
2681
3008
3383
3723
3919
3964
3960
3886
3793
3825
4035
4300
4510
4636
4800
4952
5124
5170
4964
4538
4133
3760
3444
3018
2341
1505
723
-24
-729
-1407
-2050
-2464
-2785
-3116
-3495
-3867
-4215
-4481
-4770
-4939
-4950
-4880
-4800
-4731
-4722
-4604
-4377
-4213
-4122
-4049
-3850
-3539
-3217
-3017
-2913
-2859
-2755
-2662
-2530
-2349
-2033
-1618
-1168
-794
-457
-191
-3
102
147
341
651
966
1207
1323
1361
1505
1695
1923
2172
2436
2796
3180
3547
3829
3980
3980
3921
3835
3833
3881
4058
4332
4564
4768
4925
5038
5162
5148
4944
4779
4611
4551
4413
3927
3160
2348
1499
728
-69
-849
-1453
-1928
-2437
-2973
-3564
-4104
-4572
-5029
-5418
-5614
-5611
-5555
-5539
-5615
-5622
-5482
-5305
-5184
-5102
-4961
-4640
-4219
-3894
-3711
-3610
-3447
-3255
-3046
-2821
-2467
-2025
-1585
-1218
-857
-469
-94
196
321
500
790
1186
1532
1715
1750
1845
1983
2191
2389
2580
2911
3337
3785
4157
4413
4576
4700
4693
4654
4583
4645
4820
5012
5179
5333
5476
5657
5596
5274
4931
4617
4471
4222
3679
2958
2252
1462
722
-185
-988
-1618
-2079
-2635
-3175
-3747
-4160
-4534
-4972
-5460
-5784
-5888
-5905
-5925
-6070
-6103
-5991
-5783
-5660
-5533
-5423
-5091
-4694
-4364
-4137
-3874
-3583
-3260
-3036
-2809
-2453
-1990
-1574
-1237
-911
-498
-13
395
663
869
1125
1438
1797
2023
2142
2259
2399
2558
2675
2756
2955
3254
3593
3940
4234
4545
4832
5002
5074
5044
5067
5186
5333
5474
5627
5784
5998
5926
5618
5216
4844
4521
4067
3311
2535
1791
1034
275
-605
-1392
-2000
-2543
-3110
-3673
-4191
-4546
-4852
-5202
-5566
-5803
-5919
-6016
-6112
-6213
-6189
-5993
-5835
-5728
-5570
-5352
-4966
-4568
-4308
-4036
-3709
-3353
-2959
-2690
-2402
-2008
-1633
-1309
-1032
-728
-309
118
458
765
1055
1369
1634
1831
2005
2190
2403
2588
2702
2794
2884
3003
3177
3355
3586
3874
4195
4519
4793
5002
5108
5171
5229
5319
5454
5635
5785
5898
5798
5491
5157
4799
4439
3927
3214
2444
1745
961
195
-636
-1397
-2028
-2598
-3206
-3724
-4223
-4619
-4955
-5302
-5609
-5730
-5808
-5896
-6022
-6148
-6107
-5900
-5755
-5674
-5544
-5331
-4919
-4499
-4212
-3958
-3682
-3406
-3057
-2755
-2409
-1971
-1559
-1262
-1020
-779
-414
-16
326
614
962
1364
1731
1953
2079
2166
2358
2556
2702
2814
2882
2972
3109
3222
3349
3531
3773
4125
4446
4759
5002
5194
5375
5492
5592
5766
5905
6048
6005
5652
5280
4881
4451
3996
3270
2449
1810
1069
349
-417
-1248
-1853
-2385
-3032
-3544
-4040
-4437
-4708
-5079
-5418
-5550
-5603
-5622
-5734
-5926
-5960
-5835
-5677
-5620
-5575
-5413
-5080
-4664
-4316
-4066
-3761
-3466
-3169
-2859
-2542
-2134
-1640
-1306
-1071
-847
-587
-236
74
273
567
965
1377
1713
1877
2003
2190
2410
2597
2750
2841
2968
3080
3175
3258
3366
3567
3837
4103
4416
4708
4990
5298
5478
5643
5847
6012
6170
6215
5918
5586
5176
4715
4233
3574
2771
2136
1444
745
71
-685
-1310
-1833
-2464
-3035
-3514
-3960
-4281
-4657
-5030
-5281
-5385
-5500
-5601
-5749
-5840
-5811
-5723
-5714
-5693
-5603
-5413
-5120
-4814
-4548
-4210
-3851
-3514
-3167
-2863
-2486
-2033
-1642
-1352
-1113
-864
-554
-274
-75
130
455
860
1243
1504
1715
1944
2230
2496
2711
2905
3082
3232
3345
3438
3550
3750
3976
4221
4481
4758
5041
5354
5578
5764
5956
6140
6321
6429
6271
5935
5543
5055
4549
3893
3097
2339
1703
980
309
-423
-1088
-1634
-2196
-2848
-3356
-3816
-4152
-4504
-4890
-5240
-5415
-5539
-5693
-5825
-5936
-5899
-5812
-5782
-5789
-5746
-5629
-5425
-5240
-5029
-4791
-4413
-4021
-3604
-3234
-2829
-2366
-1911
-1552
-1275
-1022
-717
-411
-179
29
312
698
1099
1419
1648
1888
2171
2465
2739
2986
3232
3449
3578
3663
3753
3878
4053
4219
4426
4691
4972
5248
5496
5695
5880
6084
6301
6498
6580
6402
6055
5613
5118
4555
3820
2962
2166
1474
752
38
-679
-1347
-1911
-2514
-3157
-3693
-4121
-4488
-4838
-5211
-5530
-5667
-5802
-5962
-6079
-6131
-6037
-5888
-5817
-5786
-5678
-5507
-5319
-5145
-5025
-4804
-4459
-4092
-3685
-3291
-2840
-2326
-1871
-1529
-1255
-970
-656
-358
-120
127
490
916
1314
1605
1832
2101
2406
2695
2958
3206
3453
3654
3759
3840
3908
4012
4120
4220
4375
4599
4858
5096
5328
5508
5720
5985
6221
6437
6493
6282
6000
5610
5178
4644
3909
3039
2277
1534
792
97
-636
-1301
-1885
-2555
-3195
-3730
-4214
-4627
-5014
-5403
-5666
-5790
-5969
-6119
-6236
-6283
-6164
-6006
-5929
-5807
-5644
-5450
-5204
-5034
-4887
-4653
-4362
-4012
-3620
-3228
-2757
-2261
-1823
-1476
-1174
-879
-549
-265
-47
230
604
1015
1383
1646
1872
2172
2449
2721
2962
3186
3417
3608
3734
3873
4002
4118
4208
4282
4398
4618
4858
5079
5296
5462
5706
5983
6204
6372
6356
6112
5809
5437
5018
4509
3764
2881
2091
1283
531
-176
-915
-1529
-2124
-2756
-3334
-3869
-4358
-4774
-5173
-5514
-5750
-5895
-6045
-6188
-6297
-6323
-6222
-6089
-6003
-5867
-5672
-5435
-5168
-4965
-4758
-4507
-4218
-3874
-3506
-3101
-2639
-2154
-1698
-1324
-975
-616
-268
27
267
544
913
1286
1602
1845
2077
2365
2617
2856
3064
3233
3407
3568
3702
3906
4076
4210
4297
4337
4432
4649
4854
5048
5240
5428
5707
6009
6213
6359
6339
6060
5739
5357
4950
4481
3723
2811
1992
1130
380
-368
-1149
-1768
-2329
-2938
-3477
-4038
-4515
-4885
-5253
-5581
-5807
-5933
-6032
-6147
-6246
-6241
-6110
-5959
-5867
-5732
-5550
-5290
-5030
-4828
-4631
-4400
-4136
-3821
-3497
-3120
-2688
-2242
-1804
-1429
-1043
-639
-269
53
308
590
947
1276
1572
1832
2082
2388
2660
2906
3114
3250
3386
3530
3675
3906
4095
4245
4337
4383
4475
4662
4844
5024
5218
5423
5706
5998
6196
6332
6295
5996
5679
5295
4897
4418
3658
2752
1940
1076
332
-428
-1219
-1844
-2421
-3029
-3562
-4127
-4566
-4898
-5260
-5567
-5778
-5902
-5991
-6116
-6244
-6227
-6094
-5943
-5856
-5727
-5547
-5274
-5022
-4802
-4557
-4271
-3959
-3631
-3320
-2936
-2507
-2085
-1675
-1332
-944
-518
-153
170
429
683
997
1249
1507
1757
2014
2320
2578
2802
3001
3134
3280
3420
3597
3845
4055
4235
4364
4452
4583
4781
4942
5121
5318
5515
5790
6051
6206
6313
6233
5925
5615
5207
4741
4205
3396
2479
1664
781
27
-727
-1527
-2151
-2725
-3348
-3861
-4394
-4797
-5088
-5402
-5664
-5829
-5951
-6059
-6183
-6291
-6283
-6156
-6023
-5929
-5794
-5608
-5340
-5075
-4811
-4508
-4134
-3755
-3399
-3057
-2657
-2192
-1737
-1334
-997
-604
-180
192
515
790
1065
1382
1619
1842
2074
2315
2594
2799
2956
3113
3246
3382
3512
3642
3861
4057
4222
4333
4435
4590
4810
4953
5089
5260
5450
5713
5953
6064
6132
6054
5775
5469
5046
4562
4000
3226
2290
1469
590
-173
-912
-1674
-2325
-2869
-3487
-3997
-4518
-4924
-5217
-5472
-5729
-5882
-5983
-6077
-6165
-6234
-6235
-6111
-5970
-5865
-5715
-5538
-5277
-5024
-4756
-4470
-4092
-3705
-3337
-2998
-2602
-2158
-1695
-1298
-950
-611
-234
90
382
641
916
1228
1497
1727
1962
2212
2481
2694
2875
3034
3188
3360
3491
3641
3859
4039
4196
4315
4414
4594
4819
4969
5121
5293
5488
5763
5984
6103
6167
6089
5826
5520
5091
4611
4036
3277
2360
1536
681
-78
-802
-1540
-2194
-2728
-3332
-3852
-4362
-4777
-5071
-5324
-5586
-5762
-5885
-5997
-6085
-6170
-6196
-6102
-5973
-5872
-5717
-5541
-5305
-5065
-4826
-4562
-4181
-3802
-3405
-3031
-2627
-2164
-1696
-1305
-937
-609
-260
62
323
570
838
1122
1377
1607
1815
2071
2329
2522
2710
2893
3044
3240
3390
3543
3777
3951
4100
4239
4343
4518
4761
4909
5084
5259
5441
5697
5921
6032
6139
6088
5843
5533
5118
4649
4084
3327
2419
1615
787
17
-735
-1477
-2133
-2662
-3281
-3809
-4298
-4675
-4973
-5223
-5499
-5689
-5805
-5923
-6042
-6152
-6211
-6155
-6046
-5980
-5840
-5644
-5392
-5144
-4913
-4660
-4248
-3801
-3390
-3004
-2578
-2096
-1582
-1184
-831
-467
-82
264
549
795
1085
1407
1674
1894
2118
2360
2615
2795
2938
3111
3279
3452
3579
3687
3858
4035
4143
4234
4306
4448
4659
4832
4951
5099
5238
5412
5601
5698
5792
5838
5669
5318
4917
4444
3984
3331
2444
1556
789
1
-746
-1524
-2246
-2788
-3331
-3918
-4401
-4783
-5086
-5304
-5590
-5842
-5941
-5988
-6077
-6147
-6238
-6193
-6019
-5911
-5828
-5657
-5419
-5119
-4854
-4644
-4294
-3808
-3350
-2960
-2596
-2164
-1640
-1173
-842
-522
-149
242
560
786
1022
1340
1645
1871
2032
2198
2439
2652
2792
2939
3118
3328
3509
3608
3735
3941
4116
4235
4304
4360
4535
4768
4882
4984
5089
5214
5399
5519
5573
5679
5686
5439
5079
4607
4184
3722
3012
2079
1258
459
-258
-1009
-1781
-2442
-2931
-3495
-4030
-4489
-4866
-5116
-5369
-5675
-5889
-5951
-6005
-6043
-6149
-6175
-6064
-5864
-5777
-5669
-5497
-5192
-4866
-4609
-4382
-4002
-3517
-3089
-2742
-2407
-1962
-1454
-1036
-743
-416
-27
367
665
882
1133
1468
1748
1924
2031
2182
2398
2577
2693
2845
3032
3239
3389
3476
3605
3812
3965
4083
4138
4226
4428
4611
4693
4779
4876
5019
5223
5313
5406
5547
5535
5280
4920
4452
4081
3612
2823
1910
1103
343
-346
-1108
-1878
-2453
-2948
-3485
-3994
-4448
-4790
-5009
-5285
-5564
-5731
-5782
-5815
-5878
-6013
-6018
-5864
-5703
-5612
-5529
-5334
-4997
-4656
-4416
-4152
-3768
-3321
-2929
-2593
-2239
-1774
-1291
-915
-619
-281
129
533
842
1065
1335
1670
1957
2129
2257
2426
2652
2851
2978
3123
3320
3513
3627
3694
3801
3968
4105
4161
4179
4242
4379
4503
4536
4558
4633
4782
4948
5029
5098
5204
5190
4932
4524
4089
3701
3206
2418
1492
679
-19
-701
-1456
-2205
-2788
-3255
-3752
-4257
-4692
-4992
-5195
-5441
-5716
-5860
-5870
-5869
-5942
-6069
-6056
-5856
-5655
-5556
-5461
-5256
-4900
-4556
-4316
-4056
-3672
-3254
-2874
-2544
-2187
-1721
-1249
-900
-616
-277
140
554
859
1069
1321
1654
1937
2116
2260
2460
2707
2928
3062
3218
3441
3650
3785
3870
3986
4173
4319
4365
4377
4423
4534
4649
4667
4655
4731
4861
4986
5061
5103
5199
5211
4953
4545
4126
3737
3268
2526
1602
804
121
-574
-1335
-2108
-2723
-3193
-3716
-4247
-4686
-4989
-5198
-5463
-5756
-5911
-5912
-5898
-5978
-6109
-6089
-5877
-5672
-5574
-5483
-5269
-4922
-4593
-4362
-4105
-3727
-3317
-2955
-2653
-2291
-1835
-1365
-1006
-725
-375
65
463
744
944
1187
1516
1789
1949
2103
2321
2586
2820
2954
3118
3364
3590
3746
3859
3976
4164
4318
4371
4398
4440
4529
4632
4625
4593
4650
4742
4842
4907
4937
5026
5035
4795
4421
4047
3702
3264
2573
1719
973
325
-352
-1114
-1864
-2472
-2955
-3472
-4021
-4466
-4750
-4972
-5252
-5553
-5726
-5735
-5719
-5816
-5948
-5935
-5753
-5553
-5452
-5361
-5137
-4790
-4485
-4263
-4016
-3641
-3213
-2868
-2581
-2231
-1773
-1298
-936
-653
-293
162
556
835
1037
1294
1643
1924
2070
2219
2456
2735
2963
3092
3237
3469
3698
3826
3907
4007
4164
4279
4290
4264
4292
4354
4382
4330
4268
4294
4387
4449
4472
4512
4605
4619
4409
4033
3682
3385
2957
2280
1462
729
118
-545
-1332
-2077
-2650
-3099
-3598
-4140
-4581
-4829
-5031
-5314
-5621
-5779
-5757
-5716
-5798
-5899
-5845
-5626
-5418
-5315
-5197
-4944
-4578
-4279
-4069
-3818
-3434
-3020
-2682
-2423
-2077
-1617
-1171
-847
-571
-230
203
572
802
996
1280
1623
1910
2090
2247
2510
2793
3004
3146
3314
3540
3751
3846
3896
4000
4146
4235
4216
4156
4167
4243
4265
4189
4121
4145
4248
4324
4333
4395
4524
4589
4432
4105
3762
3502
3149
2524
1734
1019
426
-193
-949
-1724
-2324
-2778
-3259
-3799
-4257
-4554
-4753
-5046
-5375
-5576
-5583
-5552
-5613
-5730
-5712
-5513
-5307
-5207
-5119
-4907
-4568
-4255
-4039
-3801
-3455
-3060
-2743
-2492
-2185
-1747
-1319
-1006
-771
-462
-96
240
457
640
903
1233
1515
1722
1925
2182
2465
2690
2847
3028
3269
3475
3596
3640
3726
3864
3957
3936
3878
3852
3904
3921
3871
3794
3803
3877
3955
3999
4064
4216
4360
4347
4129
3863
3651
3417
2987
2341
1658
1083
497
-172
-916
-1574
-2083
-2561
-3097
-3591
-3954
-4206
-4476
-4816
-5097
-5208
-5216
-5275
-5384
-5451
-5359
-5200
-5086
-5021
-4870
-4597
-4305
-4079
-3866
-3574
-3188
-2857
-2614
-2359
-1996
-1562
-1196
-937
-682
-340
-2
277
502
756
1079
1408
1642
1871
2122
2398
2637
2803
2959
3179
3389
3518
3576
3617
3717
3809
3802
3720
3658
3648
3664
3590
3490
3434
3477
3554
3579
3609
3735
3910
4016
3909
3682
3469
3276
2967
2448
1807
1193
629
-21
-720
-1406
-1957
-2421
-2926
-3455
-3855
-4149
-4376
-4677
-4992
-5182
-5230
-5257
-5331
-5412
-5394
-5233
-5105
-5023
-4877
-4640
-4327
-4045
-3843
-3541
-3167
-2805
-2539
-2321
-2019
-1595
-1209
-936
-699
-401
-52
283
526
772
1099
1432
1728
1965
2208
2477
2738
2923
3079
3276
3485
3636
3707
3707
3765
3832
3824
3740
3640
3579
3554
3492
3355
3277
3275
3324
3388
3412
3487
3681
3836
3868
3732
3516
3323
3093
2687
2133
1521
924
330
-314
-998
-1585
-2076
-2550
-3024
-3476
-3808
-4038
-4271
-4575
-4817
-4929
-4951
-4971
-5039
-5078
-4977
-4853
-4744
-4641
-4490
-4236
-3969
-3763
-3542
-3249
-2929
-2655
-2464
-2248
-1909
-1546
-1253
-1014
-788
-447
-107
168
421
694
1024
1350
1593
1817
2069
2320
2534
2703
2850
3040
3212
3292
3338
3350
3389
3413
3357
3279
3222
3177
3135
3052
2990
2979
3032
3088
3139
3223
3371
3563
3708
3707
3587
3445
3268
3023
2662
2136
1555
1014
414
-179
-771
-1339
-1796
-2247
-2724
-3092
-3396
-3652
-3872
-4137
-4350
-4406
-4440
-4490
-4520
-4556
-4471
-4344
-4276
-4178
-4021
-3835
-3611
-3425
-3241
-2980
-2718
-2529
-2327
-2108
-1815
-1484
-1243
-1027
-763
-460
-157
106
348
626
948
1225
1455
1692
1915
2147
2343
2485
2634
2779
2881
2941
2969
2974
2989
2972
2922
2895
2862
2815
2775
2713
2705
2735
2754
2784
2844
2946
3113
3275
3374
3374
3288
3152
2988
2760
2420
1950
1396
837
277
-283
-839
-1372
-1853
-2286
-2699
-3064
-3361
-3613
-3856
-4078
-4255
-4346
-4381
-4427
-4465
-4463
-4388
-4273
-4161
-4045
-3883
-3680
-3474
-3269
-3053
-2803
-2540
-2320
-2123
-1888
-1602
-1304
-1041
-826
-581
-294
-2
262
520
791
1090
1374
1608
1845
2083
2301
2479
2607
2742
2874
2971
3028
3044
3049
3047
3033
2987
2925
2868
2821
2768
2720
2688
2687
2700
2740
2801
2908
3064
3229
3358
3399
3330
3204
3030
2815
2484
2026
1477
916
355
-214
-793
-1339
-1807
-2225
-2625
-2977
-3269
-3488
-3688
-3899
-4081
-4175
-4204
-4232
-4279
-4292
-4215
-4083
-3976
-3905
-3794
-3615
-3414
-3245
-3096
-2898
-2650
-2438
-2280
-2109
-1865
-1567
-1304
-1110
-892
-599
-288
-12
219
479
798
1103
1350
1580
1813
2053
2239
2348
2454
2586
2700
2762
2772
2773
2802
2801
2741
2666
2617
2595
2580
2538
2520
2564
2618
2682
2767
2885
3065
3257
3389
3483
3499
3412
3252
3001
2691
2317
1830
1273
722
171
-351
-871
-1390
-1815
-2163
-2510
-2806
-3072
-3289
-3445
-3619
-3784
-3856
-3894
-3894
-3890
-3890
-3799
-3656
-3577
-3501
-3406
-3269
-3076
-2922
-2807
-2628
-2435
-2262
-2093
-1954
-1748
-1461
-1234
-1026
-794
-540
-235
35
231
494
779
1044
1299
1487
1673
1881
2013
2099
2200
2273
2358
2424
2409
2417
2415
2360
2324
2275
2231
2247
2238
2221
2277
2329
2412
2536
2634
2784
2970
3100
3220
3283
3218
3105
2900
2617
2323
1918
1418
927
401
-104
-571
-1079
-1521
-1884
-2246
-2554
-2828
-3092
-3262
-3432
-3627
-3727
-3788
-3806
-3771
-3764
-3721
-3600
-3504
-3401
-3277
-3177
-3011
-2841
-2716
-2537
-2344
-2174
-1984
-1822
-1646
-1394
-1152
-925
-673
-443
-195
70
296
543
799
1013
1248
1459
1643
1832
1959
2049
2159
2240
2308
2379
2417
2440
2436
2373
2331
2320
2304
2291
2267
2251
2293
2349
2385
2462
2567
2698
2843
2943
3044
3139
3140
3035
2853
2631
2403
2089
1651
1169
694
235
-232
-717
-1157
-1515
-1842
-2168
-2471
-2708
-2880
-3044
-3236
-3382
-3435
-3439
-3452
-3486
-3487
-3435
-3368
-3325
-3276
-3176
-3057
-2966
-2892
-2798
-2645
-2476
-2354
-2236
-2077
-1866
-1636
-1441
-1246
-1012
-761
-528
-293
-41
237
510
720
911
1138
1356
1535
1666
1763
1902
2035
2108
2174
2242
2288
2316
2299
2283
2330
2366
2352
2336
2332
2385
2462
2496
2549
2660
2772
2886
2969
3027
3097
3099
2980
2815
2625
2400
2129
1725
1276
863
437
10
-418
-826
-1144
-1438
-1765
-2029
-2246
-2422
-2566
-2744
-2891
-2924
-2943
-2982
-3020
-3072
-3067
-3029
-3034
-3018
-2967
-2926
-2867
-2833
-2801
-2686
-2566
-2472
-2356
-2224
-2049
-1838
-1670
-1495
-1275
-1068
-832
-582
-346
-69
188
387
601
810
1013
1220
1370
1496
1641
1750
1850
1945
2014
2092
2157
2183
2226
2281
2308
2326
2320
2329
2388
2436
2478
2533
2582
2652
2732
2778
2826
2874
2841
2751
2602
2414
2209
1936
1580
1200
807
405
13
-400
-783
-1102
-1416
-1699
-1951
-2176
-2340
-2499
-2661
-2776
-2843
-2892
-2931
-2982
-3025
-3015
-3007
-2999
-2964
-2936
-2879
-2818
-2767
-2682
-2567
-2446
-2319
-2191
-2054
-1873
-1685
-1496
-1291
-1089
-871
-627
-390
-137
129
370
603
818
1011
1205
1386
1529
1667
1791
1894
1988
2062
2127
2198
2259
2306
2347
2368
2389
2392
2378
2381
2401
2432
2456
2476
2505
2553
2607
2659
2705
2726
2722
2654
2510
2321
2103
1850
1541
1184
800
419
33
-358
-717
-1042
-1323
-1578
-1833
-2049
-2226
-2378
-2515
-2645
-2750
-2818
-2874
-2943
-3006
-3049
-3056
-3046
-3049
-3045
-3000
-2947
-2900
-2851
-2777
-2660
-2543
-2443
-2336
-2188
-2008
-1811
-1627
-1434
-1195
-944
-701
-450
-185
98
369
582
784
999
1210
1394
1534
1666
1812
1940
2033
2116
2202
2297
2371
2398
2416
2443
2458
2447
2418
2403
2433
2464
2463
2479
2518
2580
2636
2657
2677
2689
2644
2524
2346
2152
1953
1692
1359
1016
674
332
-19
-368
-672
-916
-1160
-1415
-1639
-1816
-1958
-2096
-2246
-2368
-2447
-2531
-2621
-2723
-2794
-2819
-2854
-2896
-2913
-2906
-2880
-2868
-2859
-2801
-2711
-2619
-2544
-2461
-2337
-2172
-2014
-1855
-1653
-1422
-1176
-944
-711
-444
-160
91
316
539
766
990
1180
1340
1510
1683
1830
1953
2069
2193
2309
2382
2419
2452
2480
2494
2465
2424
2413
2417
2411
2404
2403
2425
2462
2474
2478
2490
2473
2408
2282
2114
1939
1729
1469
1178
873
561
251
-73
-375
-634
-876
-1109
-1337
-1538
-1700
-1842
-1994
-2126
-2240
-2342
-2438
-2552
-2646
-2714
-2780
-2831
-2871
-2889
-2886
-2876
-2868
-2827
-2758
-2677
-2584
-2493
-2369
-2220
-2064
-1898
-1704
-1484
-1250
-1012
-775
-522
-257
5
240
465
690
907
1108
1288
1463
1634
1790
1933
2059
2183
2306
2394
2463
2512
2541
2557
2547
2519
2491
2462
2432
2406
2385
2378
2382
2379
2372
2369
2351
2312
2229
2104
1958
1787
1576
1326
1057
773
487
191
-101
-371
-624
-858
-1081
-1298
-1480
-1644
-1800
-1954
-2099
-2221
-2333
-2443
-2553
-2645
-2720
-2787
-2847
-2896
-2918
-2920
-2919
-2910
-2879
-2818
-2739
-2653
-2544
-2413
-2260
-2087
-1902
-1697
-1470
-1226
-983
-732
-477
-219
36
277
508
729
945
1143
1323
1497
1660
1815
1953
2069
2180
2282
2364
2420
2449
2476
2484
2471
2438
2400
2364
2328
2289
2253
2234
2229
2221
2205
2193
2167
2126
2060
1952
1821
1664
1472
1240
990
732
467
198
-78
-338
-582
-806
-1020
-1227
-1409
-1571
-1720
-1861
-1994
-2115
-2220
-2332
-2431
-2512
-2589
-2654
-2715
-2769
-2799
-2816
-2823
-2825
-2809
-2762
-2698
-2612
-2513
-2381
-2217
-2046
-1863
-1658
-1429
-1192
-948
-706
-457
-201
46
283
506
726
944
1140
1321
1494
1656
1804
1933
2043
2139
2230
2300
2348
2381
2404
2419
2416
2394
2363
2340
2311
2275
2236
2201
2181
2148
2107
2070
2024
1965
1886
1779
1649
1500
1324
1124
904
663
419
178
-75
-319
-547
-760
-962
-1150
-1316
-1464
-1608
-1743
-1869
-1982
-2087
-2184
-2277
-2361
-2432
-2496
-2552
-2599
-2626
-2643
-2649
-2642
-2624
-2576
-2514
-2444
-2346
-2222
-2076
-1914
-1739
-1552
-1342
-1125
-902
-672
-441
-207
24
248
458
669
875
1061
1241
1404
1556
1702
1828
1939
2042
2128
2198
2246
2279
2313
2326
2324
2314
2292
2265
2235
2197
2150
2104
2052
2002
1941
1873
1804
1724
1633
1521
1396
1258
1096
916
722
516
308
94
-121
-334
-536
-728
-914
-1079
-1238
-1383
-1516
-1641
-1759
-1873
-1981
-2079
-2175
-2259
-2331
-2393
-2444
-2474
-2505
-2516
-2508
-2489
-2455
-2405
-2335
-2252
-2152
-2033
-1899
-1749
-1586
-1414
-1220
-1017
-812
-597
-391
-180
30
233
431
625
806
985
1149
1308
1456
1598
1727
1837
1949
2036
2113
2183
2230
2262
2281
2293
2295
2278
2254
2214
2174
2132
2075
2008
1938
1864
1784
1701
1603
1497
1382
1253
1117
966
800
623
442
250
54
-137
-334
-522
-700
-877
-1039
-1188
-1331
-1467
-1592
-1711
-1823
-1936
-2038
-2136
-2222
-2299
-2369
-2432
-2478
-2502
-2509
-2503
-2478
-2435
-2373
-2291
-2200
-2085
-1959
-1808
-1651
-1483
-1297
-1102
-896
-697
-490
-287
-90
109
301
487
660
828
986
1137
1280
1415
1540
1655
1761
1857
1939
2008
2071
2124
2158
2180
2192
2190
2175
2155
2131
2090
2045
1995
1935
1866
1787
1706
1616
1520
1416
1299
1170
1036
890
738
580
424
258
85
-89
-262
-427
-587
-739
-888
-1040
-1174
-1295
-1418
-1531
-1635
-1726
-1822
-1915
-2001
-2073
-2139
-2193
-2235
-2274
-2289
-2292
-2283
-2258
-2200
-2126
-2050
-1949
-1835
-1708
-1575
-1421
-1255
-1084
-903
-723
-541
-367
-181
5
177
343
505
664
804
939
1078
1202
1319
1441
1543
1626
1708
1783
1850
1899
1952
1987
2004
2013
2005
1995
1975
1953
1919
1867
1811
1749
1675
1595
1511
1418
1311
1201
1088
961
828
700
570
431
291
145
-9
-157
-305
-456
-603
-748
-894
-1034
-1178
-1308
-1423
-1541
-1641
-1736
-1829
-1908
-1973
-2022
-2066
-2100
-2112
-2117
-2120
-2104
-2065
-2020
-1966
-1892
-1802
-1705
-1596
-1478
-1351
-1212
-1054
-894
-742
-579
-410
-235
-60
117
290
451
608
763
912
1046
1190
1321
1429
1531
1623
1704
1775
1840
1899
1936
1961
1982
1984
1978
1961
1939
1901
1853
1800
1728
1645
1564
1471
1368
1262
1148
1034
907
782
658
531
401
276
145
4
-126
-257
-387
-514
-635
-756
-881
-1001
-1111
-1221
-1320
-1409
-1493
-1576
-1652
-1710
-1768
-1813
-1838
-1859
-1869
-1865
-1847
-1820
-1789
-1734
-1669
-1598
-1521
-1437
-1344
-1248
-1136
-1015
-896
-769
-637
-510
-380
-242
-98
40
176
312
444
564
687
813
916
1024
1123
1204
1269
1334
1393
1440
1477
1513
1539
1534
1533
1531
1514
1498
1476
1441
1402
1354
1302
1242
1173
1109
1043
957
871
789
693
598
508
419
322
223
127
31
-63
-151
-234
-321
-407
-494
-579
-658
-731
-794
-864
-928
-979
-1036
-1090
-1134
-1167
-1194
-1215
-1229
-1244
-1255
-1247
-1230
-1206
-1177
-1137
-1090
-1044
-988
-915
-846
-776
-690
-607
-528
-447
-358
-273
-184
-92
-3
84
166
247
325
403
474
542
607
666
719
760
799
834
860
883
899
910
911
900
891
877
849
824
796
754
712
674
632
582
529
485
432
373
323
271
220
166
113
60
4
-56
-105
-153
-203
-242
-287
-334
-370
-406
-445
-475
-491
-514
-533
-546
-559
-561
-564
-564
-561
-555
-541
-525
-510
-493
-467
-435
-402
-366
-333
-296
-255
-212
-166
-121
-79
-36
10
54
97
135
174
212
243
276
306
331
357
375
394
407
413
419
420
423
424
412
405
397
374
360
340
313
289
257
231
198
160
126
89
53
17
-17
-53
-91
-124
-162
-191
-220
-251
-269
-295
-312
-333
-352
-362
-371
-378
-390
-394
-390
-388
-384
-378
-362
-348
-335
-319
-300
-275
-250
-225
-200
-171
-140
-111
-83
-51
-19
15
48
75
112
143
175
199
228
251
274
298
320
340
357
370
370
382
389
398
396
390
387
378
376
363
348
333
316
296
274
250
225
199
170
142
114
92
64
33
6
-25
-49
-73
-98
-123
-147
-166
-187
-203
-220
-234
-249
-262
-268
-280
-284
-287
-290
-290
-290
-280
-273
-267
-262
-251
-235
-221
-208
-193
-177
-167
-146
-127
-106
-82
-63
-41
-24
-6
14
35
52
71
89
111
127
140
151
162
176
186
191
194
203
208
213
208
206
202
193
188
182
168
157
145
137
122
105
91
72
54
38
17
1
-19
-39
-55
-73
-91
-106
-120
-137
-153
-169
-183
-192
-197
-209
-219
-222
-225
-228
-224
-222
-214
-210
-206
-197
-182
-170
-159
-148
-138
-123
-110
-95
-78
-64
-49
-36
-22
-6
10
27
37
50
63
73
85
94
108
118
133
138
143
149
155
159
156
156
156
151
142
139
136
134
128
117
106
99
86
75
72
62
52
45
36
27
26
17
12
3
0
-5
-11
-11
-17
-16
-18
-20
-27
-25
-19
-16
-13
-7
-2
5
11
11
21
26
28
32
34
38
42
38
37
37
37
38
36
36
34
32
34
32
29
25
19
17
17
10
5
6
4
-1
-1
-6
-12
-12
-11
-15
-13
-14
-15
-15
-19
-19
-15
-19
-21
-20
-20
-24
-23
-19
-21
-21
-23
-19
-22
-27
-27
-24
-30
-32
-29
-29
-29
-28
-27
-33
-33
-28
-26
-31
-31
-34
-31
-26
-29
-32
-31
-32
-25
-27
-33
-26
-31
-32
-32
-32
-32
-28
-28
-36
-35
-33
-36
-34
-35
-30
-35
-37
-36
-36
-33
-33
-31
-28
-28
-24
-26
-29
-27
-27
-25
-16
-16
-17
-17
-18
-12
-16
-19
-15
-11
-13
-10
-12
-14
-9
-10
-6
-8
-3
2
3
2
3
8
6
14
12
13
17
21
29
32
32
32
38
39
40
40
43
43
43
43
46
44
38
38
36
42
42
34
32
37
42
36
34
36
35
31
33
29
29
33
24
26
26
30
29
28
22
18
21
20
19
12
12
12
10
12
9
5
5
12
18
17
18
20
17
20
15
14
13
8
8
6
5
6
10
5
1
0
-4
-6
