2
-3
2
-1
-7
1
0
7
5
5
12
11
12
11
9
6
13
12
3
7
6
6
12
13
12
17
16
15
17
14
15
16
13
13
9
-1
4
3
9
7
5
7
-1
1
6
3
6
4
3
5
8
10
11
4
4
8
3
7
5
2
0
-2
-2
5
3
2
4
13
11
0
-1
-3
1
-1
4
1
0
4
3
5
9
5
4
7
7
7
7
9
7
11
6
0
4
8
8
3
5
9
7
10
13
3
9
13
13
16
13
11
8
4
-2
-2
2
-2
-3
-2
0
8
5
6
4
2
-1
2
7
3
7
-1
-8
1
-2
-9
-1
1
-3
-1
-6
-5
-6
-9
-7
-5
-4
-7
-12
-12
-10
-13
-11
-10
-10
-7
-7
-10
-15
-12
-8
-2
-5
-5
-2
-7
-5
-6
-10
-12
-7
0
-3
-2
-6
-7
-4
-4
-9
-8
-6
-5
-7
-9
-3
0
-2
-7
-4
-7
-10
-3
0
0
-3
-10
-8
0
-4
-3
-5
-5
0
1
-4
0
0
3
0
2
8
2
-5
-7
-9
-7
-8
-10
-7
-10
-4
-4
-2
-1
-1
7
7
5
6
9
10
9
11
16
23
26
26
23
21
24
21
22
17
9
9
-3
-8
-4
-9
-17
-19
-16
-20
-20
-21
-17
-20
-21
-11
-22
-26
-22
-16
-21
-23
-22
-23
-20
-12
-7
-7
-13
-11
-9
-15
-6
-6
-6
-6
0
-3
4
9
-3
3
0
6
4
0
6
6
12
11
11
9
8
7
10
10
5
14
16
14
11
11
13
9
6
4
9
6
3
6
6
9
5
8
4
3
2
3
10
2
7
6
4
11
10
8
16
11
3
6
0
2
2
2
6
2
2
9
7
3
3
8
1
-1
5
0
2
-3
2
-1
0
3
6
3
6
11
6
7
4
10
-2
-4
-1
-2
-1
-3
3
-4
1
4
4
5
3
1
0
1
11
10
4
5
8
8
10
9
11
8
1
6
8
11
9
4
4
1
-4
-6
-4
-1
-1
-6
-7
-5
-8
-5
0
-3
-4
-7
-4
-7
-2
-4
-6
-1
-4
-4
-6
-8
-8
-6
-3
-2
-1
-1
-6
-7
-14
-10
-3
-6
-5
-3
-6
-6
-2
-5
-5
-8
-5
3
0
-6
0
8
5
4
5
9
12
6
4
2
3
4
4
5
0
7
13
14
18
19
17
14
21
20
8
8
4
-8
-14
-17
-18
-24
-30
-33
-31
-25
-26
-28
-24
-22
-25
-23
-17
-27
-28
-24
-29
-26
-26
-29
-25
-31
-27
-22
-16
-13
-15
-5
4
-2
3
1
3
6
-1
1
-3
3
1
11
14
18
24
24
34
45
47
47
44
39
29
14
2
-5
-15
-13
-14
-17
-9
-9
-7
-1
-1
-2
-6
-22
-34
-65
-105
-159
-227
-290
-368
-437
-513
-572
-627
-674
-706
-716
-698
-672
-619
-553
-468
-370
-268
-148
-20
111
245
375
520
658
786
924
1048
1184
1317
1426
1543
1647
1740
1814
1861
1887
1878
1838
1762
1664
1531
1348
1145
918
680
425
157
-112
-376
-615
-844
-1052
-1249
-1408
-1547
-1656
-1752
-1824
-1866
-1902
-1912
-1910
-1899
-1870
-1830
-1779
-1710
-1648
-1565
-1463
-1356
-1251
-1135
-1012
-907
-799
-697
-601
-528
-458
-393
-340
-294
-254
-218
-180
-133
-86
-35
34
105
185
276
372
479
594
722
853
986
1134
1296
1456
1628
1803
1982
2171
2361
2539
2698
2846
2971
3051
3096
3098
3041
2931
2770
2565
2313
2020
1689
1333
976
608
247
-103
-433
-743
-1030
-1280
-1506
-1698
-1876
-2020
-2144
-2257
-2345
-2429
-2485
-2528
-2555
-2560
-2544
-2511
-2455
-2370
-2267
-2142
-2005
-1844
-1675
-1500
-1318
-1141
-975
-815
-668
-539
-426
-332
-250
-190
-143
-100
-61
-31
1
35
73
117
170
229
298
374
449
529
611
691
769
846
920
995
1060
1131
1212
1292
1375
1466
1570
1680
1790
1914
2037
2156
2274
2382
2457
2508
2538
2525
2473
2369
2219
2018
1780
1512
1213
897
561
215
-128
-468
-780
-1073
-1339
-1578
-1796
-1990
-2157
-2299
-2414
-2495
-2561
-2602
-2625
-2636
-2625
-2587
-2538
-2472
-2393
-2309
-2210
-2104
-1992
-1864
-1732
-1604
-1472
-1346
-1214
-1086
-961
-825
-688
-542
-382
-212
-33
160
355
558
761
969
1182
1395
1610
1807
1997
2185
2364
2529
2693
2830
2940
3031
3100
3153
3191
3205
3182
3125
3022
2879
2688
2461
2197
1891
1540
1153
754
357
-40
-421
-771
-1099
-1386
-1634
-1834
-1988
-2109
-2192
-2258
-2304
-2332
-2344
-2343
-2334
-2322
-2310
-2284
-2250
-2204
-2143
-2061
-1967
-1878
-1790
-1700
-1603
-1509
-1411
-1311
-1225
-1150
-1080
-1015
-950
-878
-801
-713
-615
-511
-388
-257
-118
32
192
365
554
743
943
1136
1323
1513
1692
1879
2060
2231
2389
2527
2643
2749
2858
2965
3076
3176
3242
3272
3251
3179
3054
2882
2660
2366
2023
1639
1221
799
379
-22
-397
-749
-1062
-1343
-1584
-1795
-1983
-2145
-2296
-2420
-2532
-2621
-2690
-2750
-2790
-2814
-2812
-2762
-2687
-2587
-2479
-2366
-2252
-2143
-2035
-1919
-1798
-1687
-1580
-1489
-1400
-1323
-1242
-1148
-1044
-928
-808
-682
-540
-393
-232
-60
132
348
578
824
1078
1340
1604
1865
2120
2376
2625
2863
3074
3252
3417
3558
3701
3842
3969
4068
4121
4110
4027
3875
3656
3375
3033
2628
2155
1646
1124
614
127
-329
-739
-1103
-1435
-1716
-1963
-2191
-2380
-2552
-2702
-2833
-2953
-3057
-3143
-3204
-3252
-3268
-3251
-3201
-3112
-3000
-2872
-2752
-2628
-2499
-2386
-2261
-2118
-1981
-1862
-1738
-1619
-1508
-1369
-1245
-1113
-945
-791
-636
-472
-295
-107
94
315
537
770
1033
1299
1564
1820
2075
2315
2546
2772
2976
3173
3349
3509
3666
3805
3959
4112
4230
4304
4310
4213
4030
3792
3491
3136
2707
2213
1669
1121
626
156
-310
-714
-1093
-1457
-1777
-2055
-2304
-2537
-2737
-2911
-3090
-3255
-3376
-3476
-3569
-3610
-3620
-3615
-3529
-3404
-3303
-3175
-3030
-2880
-2723
-2588
-2436
-2275
-2132
-1975
-1821
-1686
-1535
-1364
-1186
-1024
-882
-703
-536
-346
-118
109
316
526
776
1068
1387
1669
1906
2176
2430
2659
2883
3092
3300
3466
3646
3831
4018
4204
4417
4586
4674
4764
4756
4572
4372
4109
3775
3348
2802
2162
1545
1021
516
52
-396
-900
-1296
-1633
-2012
-2315
-2570
-2782
-2971
-3153
-3318
-3448
-3554
-3609
-3643
-3678
-3680
-3578
-3527
-3456
-3319
-3224
-3092
-2895
-2820
-2756
-2634
-2512
-2344
-2161
-2040
-1933
-1795
-1636
-1463
-1300
-1158
-990
-742
-485
-257
-37
232
503
785
1089
1331
1647
2061
2413
2736
3054
3338
3641
3947
4223
4430
4640
4893
5248
5534
5680
5724
5436
4893
4408
3882
3457
3048
2394
1699
1214
779
126
-630
-1412
-2002
-2157
-2211
-2388
-2526
-2623
-2543
-2435
-2526
-2765
-2838
-2589
-2165
-1882
-1891
-2040
-2018
-1944
-2020
-2317
-2647
-2726
-2636
-2671
-2955
-3563
-4269
-4582
-4517
-4568
-4934
-5009
-4481
-3927
-3851
-3783
-3261
-2432
-1604
-889
-252
558
1532
2481
3139
3458
3870
4506
5063
5407
5631
6013
6466
6737
6917
7148
7603
8305
9155
10149
10888
9768
6377
3038
965
-862
-2507
-4244
-5916
-6572
-6723
-7458
-8257
-8372
-7633
-5446
-2677
-931
548
2156
3026
3320
3018
2261
2041
2213
1802
1083
264
-1202
-2666
-3603
-4592
-5216
-5192
-5250
-5431
-5608
-6162
-6765
-6661
-6005
-4913
-3404
-2203
-1432
-478
379
914
1336
1620
1748
2010
2107
1618
972
541
163
-34
-22
-81
68
759
1606
2341
3246
4186
5138
6338
7408
8409
9577
10254
10776
12181
13073
10564
5936
2694
505
-2233
-4692
-6810
-8042
-8443
-8803
-8690
-8017
-7535
-6053
-2538
643
2403
4249
5513
5895
5778
4423
2664
1593
304
-1360
-2512
-4081
-6271
-7432
-7955
-8381
-7913
-7171
-6429
-4960
-3464
-3002
-3139
-2811
-1804
-243
994
1069
1219
1511
1093
664
280
-626
-1473
-1529
-1658
-2330
-3003
-3466
-3167
-2301
-1676
-794
618
1958
3334
5017
6554
7650
8912
10183
11063
11743
11946
12135
12798
13462
13418
10091
3903
-563
-3378
-6767
-9317
-11019
-11890
-11583
-10730
-9773
-8447
-7170
-4901
-341
3582
5572
7752
8990
8551
7508
5386
2635
490
-1596
-3602
-4682
-6447
-8863
-9608
-9660
-9814
-8596
-6771
-5141
-3038
-1047
-235
-256
-216
192
1347
2063
1288
910
756
-232
-1190
-2056
-3184
-3958
-3723
-3241
-3096
-3068
-2911
-2080
-748
174
1203
2841
4309
5612
7212
8403
8807
9263
9814
10219
10587
10587
10754
11387
11927
12049
8985
2670
-1970
-4709
-7832
-10122
-11371
-11724
-11082
-9882
-8433
-6700
-5323
-3136
1374
5328
7155
8929
9689
8562
6654
3935
794
-1855
-4425
-6501
-7355
-8785
-10744
-10865
-10124
-9525
-7531
-4901
-2763
-357
1808
2682
2487
1874
1478
1979
1741
52
-724
-1223
-2528
-3660
-4473
-5131
-5393
-4912
-3994
-3213
-2620
-2003
-878
639
1618
2637
4209
5305
6195
7514
8545
9078
9639
10093
10461
10735
10717
10977
11608
12498
12584
8529
2022
-2362
-5682
-9179
-11224
-12098
-11924
-10922
-9347
-7281
-5316
-4190
-1785
2787
6168
7998
9817
9975
8242
5596
2118
-1353
-4332
-7225
-8716
-8821
-10076
-11456
-10826
-9927
-8895
-6265
-3306
-718
1904
3651
3982
3437
2303
1567
1752
709
-1119
-1789
-2671
-4028
-5030
-5637
-6040
-5887
-5002
-3774
-2519
-1599
-791
587
1946
2673
3758
5131
6022
7010
8147
8869
9356
9624
9553
9669
9844
10013
10530
11654
12829
10584
4116
-1261
-4623
-8574
-11136
-11941
-11859
-10849
-9330
-7077
-4744
-3487
-1964
2417
6626
8338
10211
11184
9671
6924
3313
-669
-4007
-7323
-9707
-9877
-10319
-12024
-11736
-10232
-9413
-7096
-3689
-734
2087
4123
4868
4921
3635
1693
1220
651
-1315
-2539
-3222
-4471
-5543
-6180
-6544
-6357
-5615
-4655
-3008
-1505
-699
562
2096
2870
3783
5050
5808
6544
7582
8368
9006
9500
9458
9373
9526
9491
10047
11087
12293
12254
7466
897
-3044
-7009
-10751
-12084
-12320
-11469
-9953
-7731
-5288
-3309
-2322
498
5233
7648
9216
11044
10694
8165
4555
217
-3678
-7050
-9994
-10821
-10222
-11111
-11620
-9832
-8617
-7087
-3914
-685
2372
4860
5796
5857
4835
2163
348
-199
-1753
-3620
-4406
-5185
-6210
-6894
-7204
-7121
-6220
-4950
-3221
-1085
78
927
2504
3585
4181
5271
6157
6630
7406
8184
8699
9083
9197
9059
9414
9428
9448
10468
11734
12433
9169
2353
-2542
-6175
-10381
-12231
-12616
-12192
-10986
-8513
-5593
-3292
-2118
-185
4477
7726
8922
10690
11113
9008
5635
1442
-2991
-6768
-10033
-11460
-10747
-10781
-11671
-10264
-8336
-6913
-4078
-851
2072
4901
6369
6301
5386
2676
-129
-1087
-2412
-4651
-5827
-6451
-7044
-7173
-7067
-7032
-6386
-4934
-3088
-848
540
1083
2372
3642
4270
5263
6201
6480
7062
7900
8530
8918
9150
9108
9509
9972
10175
11091
12285
13055
10394
3687
-1784
-5330
-9699
-12080
-12390
-11931
-11148
-9234
-6149
-3738
-2396
-718
3614
7270
8414
9877
10501
8687
5332
1216
-3104
-6892
-10270
-11897
-11242
-10694
-11177
-10070
-7933
-6273
-3534
-149
2890
5618
7068
6928
5951
3306
-52
-1658
-2803
-4645
-5847
-6564
-7215
-7540
-7419
-7132
-6490
-5058
-3092
-676
1054
1575
2346
3498
4248
5205
6214
6564
7070
7823
8482
8974
9232
8929
8964
9594
9988
10741
11852
12833
10562
3905
-1841
-5350
-9907
-12656
-12777
-11869
-10801
-9239
-6265
-3652
-2289
-771
3667
7617
8599
9904
10499
8613
5087
755
-3566
-7292
-10845
-12693
-12060
-11417
-11738
-10393
-8033
-6188
-3188
416
3626
6284
7545
7484
6597
4196
957
-945
-2268
-4282
-5691
-6562
-7451
-7758
-7355
-6751
-5944
-4622
-2841
-601
1065
1567
2145
3166
3846
4659
5798
6212
6431
6987
7678
8233
8649
8679
8898
9675
10160
10976
12354
13464
11022
4399
-1191
-4726
-9310
-12141
-12435
-11644
-10491
-9076
-6217
-3688
-2637
-1031
3680
7561
8278
9516
9952
8000
4531
103
-4150
-7686
-11130
-12801
-12013
-11551
-11993
-10414
-7944
-6057
-2956
619
3872
6652
7775
7450
6294
3729
644
-1066
-2431
-4560
-5899
-6696
-7553
-7696
-7306
-6685
-5586
-4020
-2180
14
1473
1838
2401
3154
3529
4316
5497
5999
6234
6700
7210
7625
8106
8469
8868
9451
9918
11073
12429
13647
11923
5485
-411
-3687
-7873
-10998
-11580
-11183
-10119
-8734
-6347
-4059
-2901
-1638
2748
7123
7912
8745
9349
7701
4563
452
-3943
-7461
-10590
-12507
-11952
-11330
-12005
-10706
-7982
-6139
-3311
235
3360
6273
8016
7606
6058
3599
433
-1321
-2438
-4557
-5728
-6271
-7048
-7158
-6981
-6708
-5744
-3999
-2063
-35
1340
1663
2034
2720
2862
3252
4315
5006
5476
6240
6904
7247
7659
8095
8507
9189
9856
11035
12595
13985
12959
7099
698
-3020
-6839
-10035
-10952
-10942
-10000
-8874
-6928
-4733
-3665
-2540
1577
6335
7707
8565
9126
7683
5051
1221
-3160
-6566
-9527
-11519
-11273
-10894
-11623
-10782
-8241
-6149
-3340
44
3107
6042
7961
7813
6185
3762
642
-1364
-2382
-4331
-5787
-6267
-6837
-6800
-6595
-6468
-5626
-3970
-2074
-160
1187
1456
1605
2225
2402
2638
3581
4185
4724
5805
6456
6703
7077
7510
7834
8595
9365
10415
11827
12976
13409
9284
2263
-1895
-4794
-8290
-9804
-10123
-9704
-8950
-7580
-5562
-4001
-3272
-709
4654
7390
7649
8459
8028
5871
2672
-1312
-4886
-7622
-10084
-10783
-10148
-10933
-11495
-9203
-6694
-4487
-1274
1903
4769
7013
7467
6165
4211
1326
-1200
-2007
-3443
-5531
-6270
-6694
-6833
-6448
-6148
-5507
-3938
-1965
-220
1148
1500
1498
2225
2866
2993
3578
4207
4463
5130
5865
6305
6666
7547
8234
9012
9846
10507
11546
12796
13155
8994
2389
-1613
-4776
-8241
-9637
-10341
-10151
-9313
-7978
-5683
-4064
-3350
-442
4766
7115
7558
8657
7966
5978
3124
-932
-4448
-7024
-9479
-10313
-9991
-11010
-11380
-9155
-6935
-4741
-1538
1184
3925
6051
6263
5495
4201
1786
-418
-1346
-2912
-4988
-5969
-6567
-6818
-6498
-6246
-5524
-4041
-2494
-900
482
912
1090
1884
2655
3040
3675
4346
4603
5115
5694
6228
6800
7644
8248
8875
9570
10121
11019
12030
12791
9730
3427
-729
-3527
-7269
-9137
-9755
-9859
-9197
-8105
-6247
-4440
-3465
-1082
3829
6592
6817
8071
8008
6155
3548
29
-3378
-5884
-8212
-9577
-9412
-10299
-11082
-9208
-6891
-5134
-2124
844
3360
5531
5886
5059
4169
2407
385
-658
-2192
-4409
-5810
-6548
-7095
-7071
-6645
-5833
-4226
-2629
-1454
-69
642
981
1802
2728
3139
3618
4341
4453
4630
5001
5432
6128
7031
7592
7980
8685
9184
10041
11035
12096
11132
6009
919
-1786
-5089
-8009
-8945
-9313
-8994
-8296
-6986
-5411
-4170
-2588
1257
5197
5931
6707
7725
6753
4493
1488
-1789
-4315
-6287
-8082
-8532
-8834
-10041
-9432
-7015
-5386
-3423
-389
2212
4425
5523
4911
3984
2856
1032
-506
-1671
-3640
-5408
-6084
-6598
-7055
-6739
-6012
-4807
-3147
-2031
-945
91
665
1246
2027
2619
3014
3813
4252
4261
4521
4939
5590
6507
7485
7812
8395
9204
9942
10746
11547
11765
8559
3102
-351
-2894
-6226
-7950
-8716
-8759
-8328
-7651
-6485
-4963
-3573
-1003
3192
5047
5225
6705
6883
5154
2755
-299
-2904
-4539
-6235
-7592
-7923
-8915
-9500
-7706
-5856
-4755
-2331
378
2422
3924
4198
3466
2598
1396
-90
-1048
-2399
-4449
-5246
-5475
-6257
-6335
-5628
-4791
-3595
-2263
-1410
-638
50
542
1193
1863
2159
2899
3777
3811
3898
4491
5085
5846
7130
7722
7978
8789
9429
10204
10935
11603
11202
7127
2153
-141
-2755
-5826
-7353
-7906
-7970
-7671
-7163
-6171
-4612
-3365
-561
3075
3852
4266
5970
5836
4038
1615
-888
-2575
-3815
-5512
-6625
-6821
-7967
-8110
-6105
-5038
-4217
-1845
604
2107
2902
2911
2311
1550
295
-966
-1551
-2933
-4608
-4713
-4946
-5737
-5536
-4630
-3880
-3074
-2161
-1660
-1059
-390
15
643
1247
1629
2443
3189
3244
3601
4546
5337
6313
7464
7917
8233
8758
9275
10006
10622
11273
10328
6060
1915
-174
-2605
-5054
-6565
-7241
-7083
-6680
-6682
-6025
-4780
-3533
-920
1843
2752
3847
5232
4893
3578
1507
-641
-1762
-2490
-3877
-4944
-5421
-6485
-6360
-5099
-4724
-3948
-2106
-364
824
1316
1072
567
95
-624
-1221
-1661
-2840
-3768
-3844
-4203
-4599
-4512
-4032
-3397
-2720
-2386
-2185
-1732
-1179
-639
-112
366
1009
1703
2267
2707
3292
3996
5041
6287
6985
7474
7887
8219
8863
9539
10043
10929
10574
7542
4001
1567
-593
-2546
-4316
-5816
-5987
-5496
-5740
-6003
-5644
-4660
-2750
-619
566
1444
2786
3322
2756
1224
-371
-877
-850
-1721
-2862
-3366
-3734
-3701
-3544
-3650
-3349
-2356
-1312
-603
-510
-876
-1273
-1702
-2018
-2227
-2604
-2959
-3130
-3147
-2965
-3045
-3263
-3018
-2382
-2155
-2151
-2028
-1916
-1402
-931
-828
-419
73
554
1332
1939
2265
3003
4326
5184
5664
6063
6143
6615
7278
7626
8026
8607
9016
8425
6470
3881
2244
1207
6
-1491
-2482
-2851
-2826
-3312
-4257
-4621
-4130
-2898
-1829
-1530
-958
-142
298
-106
-912
-1141
-854
-514
-636
-1011
-1112
-854
-727
-857
-1220
-1218
-803
-425
-752
-1369
-1801
-2133
-2144
-2357
-2934
-3186
-3147
-2872
-2568
-2625
-2757
-2488
-2009
-2049
-2222
-2339
-2473
-2167
-1826
-1776
-1571
-1274
-948
-387
-120
12
597
1263
1434
1707
1779
1578
1901
2320
2524
2721
2925
3475
4374
4798
5101
5733
6073
6264
6644
6930
6724
6351
5669
4790
3865
2768
1988
1294
563
-119
-893
-1706
-2451
-2657
-2628
-2822
-2879
-2796
-2598
-2491
-2607
-2785
-2795
-2740
-2604
-2531
-2695
-2922
-2951
-3001
-3051
-2871
-2738
-2612
-2586
-2567
-2387
-2388
-2658
-2947
-3081
-3238
-3442
-3578
-3900
-4015
-3761
-3397
-3006
-2558
-2193
-1646
-1099
-620
177
1016
1484
1887
2293
2379
2591
3015
3323
3516
3609
3986
4642
5005
5216
5639
6180
6558
6855
7102
6980
6577
6348
5985
5133
3875
2947
2178
1372
550
-288
-882
-1463
-1930
-1928
-1956
-1900
-1507
-1122
-1155
-1396
-1328
-1258
-1360
-1735
-2175
-2626
-3146
-3621
-4003
-4314
-4558
-4603
-4435
-4430
-4574
-4426
-4167
-3992
-3816
-3710
-3658
-3593
-3563
-3609
-3571
-3401
-3050
-2574
-2149
-1799
-1336
-806
-395
89
677
1033
1394
1832
2016
2100
2192
2343
2528
2599
2769
3126
3499
3794
4224
4880
5352
5779
6570
7219
7301
7155
6977
6859
6451
5682
4636
3618
2651
1747
1117
173
-685
-1014
-1361
-1562
-1671
-1637
-1500
-1644
-1798
-1828
-1776
-1867
-2198
-2631
-3300
-3792
-4050
-4244
-4305
-4535
-4510
-4276
-4215
-4167
-4093
-3961
-3704
-3469
-3356
-3313
-3324
-3506
-3650
-3765
-3756
-3435
-3067
-2806
-2566
-2213
-1846
-1214
-683
-326
-19
405
828
1196
1520
1634
1830
1948
2257
2793
3202
3462
3739
4208
4707
5212
5878
6522
7084
7566
7773
7763
7547
7219
6893
6252
5238
4130
3249
2292
1451
738
-96
-595
-904
-1112
-1233
-1612
-1859
-1947
-2015
-2139
-2298
-2479
-2974
-3522
-4010
-4413
-4484
-4585
-4666
-4562
-4493
-4435
-4333
-4296
-4277
-4131
-3897
-3738
-3615
-3628
-3757
-3823
-3971
-3943
-3653
-3216
-2781
-2320
-2005
-1567
-1009
-569
-193
51
386
752
1236
1614
1766
1689
1676
2016
2392
2772
3089
3352
3690
4079
4608
5050
5468
5969
6611
7288
7501
7399
7266
6982
6610
6050
5204
4177
3397
2666
1995
1223
420
-14
-270
-698
-1117
-1502
-1788
-1930
-2156
-2511
-3119
-3637
-4022
-4418
-4709
-5013
-5193
-5155
-5016
-4982
-4938
-4774
-4573
-4233
-3985
-3863
-3692
-3443
-3365
-3202
-3226
-3384
-3339
-3168
-2921
-2536
-2195
-1865
-1414
-1118
-939
-663
-332
-90
238
677
998
1246
1365
1526
1798
2047
2389
2891
3387
3772
4322
4768
4996
5224
5593
6217
6724
7092
7253
7098
6838
6362
5862
5195
4484
3725
3120
2340
1476
974
414
-81
-441
-873
-1175
-1347
-1555
-1786
-2222
-2877
-3379
-3626
-3824
-4093
-4369
-4721
-4835
-4738
-4773
-4816
-4801
-4583
-4240
-3999
-3965
-3929
-3802
-3550
-3432
-3493
-3569
-3587
-3409
-3169
-2971
-2709
-2259
-1839
-1591
-1413
-1197
-796
-281
96
352
612
788
1055
1414
1545
1700
2070
2439
2873
3422
3885
4305
4627
4823
5176
5669
6139
6589
6920
7047
6945
6744
6231
5743
5343
4821
4119
3268
2570
1904
1413
831
214
-187
-632
-850
-997
-1357
-1790
-2280
-2718
-3072
-3270
-3453
-3750
-4066
-4272
-4352
-4394
-4499
-4471
-4273
-4025
-3819
-3751
-3709
-3591
-3494
-3424
-3541
-3716
-3728
-3675
-3613
-3596
-3517
-3295
-2989
-2767
-2600
-2368
-1992
-1495
-1004
-638
-422
-201
150
541
886
1270
1668
2026
2525
3063
3566
4062
4420
4691
5108
5484
5839
6310
6594
6812
7065
6917
6618
6378
6042
5618
5032
4252
3463
2905
2139
1450
895
127
-262
-558
-1004
-1355
-1769
-2094
-2369
-2617
-2901
-3031
-3176
-3412
-3443
-3573
-3798
-3829
-3760
-3601
-3407
-3357
-3309
-3220
-3193
-3168
-3268
-3458
-3646
-3723
-3748
-3884
-3994
-4024
-3972
-3870
-3657
-3466
-3182
-2737
-2319
-1878
-1453
-1197
-904
-525
-216
203
750
1128
1587
2063
2396
2858
3387
3825
4289
4737
5099
5517
5877
6141
6449
6753
6976
7096
7133
6953
6586
6161
5587
4925
4164
3460
2694
1874
1152
383
-169
-742
-1470
-1917
-2289
-2544
-2719
-2927
-3245
-3498
-3496
-3514
-3549
-3670
-3751
-3548
-3378
-3346
-3313
-3249
-3119
-2985
-2921
-3035
-3297
-3446
-3507
-3680
-3838
-4002
-4114
-4155
-4160
-4143
-3935
-3590
-3250
-2785
-2383
-2069
-1689
-1321
-972
-552
-74
357
902
1444
1883
2291
2633
3047
3525
4034
4523
4907
5213
5423
5594
5816
6021
6280
6718
7033
7052
6894
6550
6166
5780
5311
4662
4009
3255
2473
1831
976
93
-564
-1223
-1692
-2046
-2404
-2732
-3098
-3426
-3661
-3764
-3919
-3954
-3845
-3848
-3845
-3813
-3799
-3687
-3590
-3420
-3242
-3207
-3303
-3421
-3528
-3635
-3760
-3846
-3958
-4059
-4072
-4049
-4002
-3885
-3598
-3212
-2821
-2536
-2306
-1956
-1544
-1118
-700
-315
145
701
1227
1656
2122
2574
3039
3545
4052
4538
4881
5068
5206
5328
5547
5890
6267
6640
6905
6936
6830
6579
6305
6068
5726
5120
4445
3772
2940
2133
1246
361
-274
-822
-1334
-1761
-2280
-2710
-2974
-3244
-3623
-3812
-3823
-3812
-3816
-3936
-4055
-4000
-3942
-3850
-3679
-3534
-3442
-3380
-3372
-3496
-3572
-3579
-3648
-3743
-3809
-3841
-3797
-3796
-3841
-3698
-3349
-3028
-2770
-2529
-2275
-1851
-1358
-1007
-677
-268
188
683
1157
1577
2063
2584
3042
3523
3980
4331
4604
4746
4877
5087
5400
5786
6110
6379
6571
6630
6621
6554
6383
6109
5705
5142
4422
3665
2766
1893
1084
313
-294
-848
-1492
-2012
-2384
-2668
-2964
-3279
-3502
-3576
-3572
-3662
-3769
-3865
-3924
-3858
-3739
-3642
-3533
-3410
-3246
-3199
-3250
-3304
-3339
-3322
-3359
-3479
-3555
-3593
-3648
-3647
-3611
-3542
-3334
-3064
-2862
-2575
-2214
-1851
-1437
-1062
-701
-259
225
654
1127
1620
2094
2601
3046
3386
3728
4040
4285
4479
4678
4903
5174
5495
5695
5877
6146
6378
6468
6402
6152
5883
5540
4980
4216
3446
2626
1862
1216
448
-293
-875
-1390
-1736
-2062
-2438
-2640
-2777
-2979
-3171
-3301
-3453
-3540
-3595
-3704
-3742
-3729
-3716
-3617
-3567
-3555
-3500
-3491
-3493
-3464
-3410
-3438
-3534
-3604
-3583
-3556
-3564
-3553
-3485
-3308
-3055
-2816
-2576
-2304
-2011
-1624
-1239
-867
-440
49
484
919
1405
1885
2337
2740
3056
3391
3768
4102
4363
4592
4845
5110
5415
5693
6013
6437
6729
6769
6723
6524
6218
5836
5281
4541
3810
3036
2198
1367
471
-267
-688
-1143
-1660
-1987
-2245
-2431
-2604
-2885
-3150
-3228
-3280
-3346
-3444
-3669
-3788
-3703
-3722
-3840
-3843
-3770
-3667
-3595
-3608
-3638
-3614
-3604
-3624
-3631
-3643
-3618
-3504
-3404
-3319
-3110
-2808
-2577
-2369
-2119
-1851
-1458
-1031
-646
-272
123
513
956
1404
1814
2236
2643
2970
3293
3622
3914
4159
4391
4641
4886
5193
5594
6022
6384
6653
6743
6680
6462
6185
5884
5452
4742
3906
3018
2079
1226
505
-138
-691
-1196
-1661
-2017
-2379
-2733
-2994
-3213
-3436
-3536
-3590
-3720
-3901
-4065
-4178
-4190
-4178
-4152
-4059
-3929
-3836
-3755
-3702
-3737
-3726
-3649
-3608
-3587
-3497
-3388
-3244
-3037
-2844
-2653
-2386
-2120
-1829
-1504
-1202
-862
-494
-179
100
457
785
1138
1563
1979
2349
2710
3002
3301
3594
3833
4085
4365
4613
4875
5228
5585
5947
6291
6510
6527
6441
6286
6152
5881
5315
4494
3633
2788
2005
1327
631
-59
-606
-1099
-1622
-2108
-2586
-2909
-3117
-3351
-3632
-3812
-3981
-4175
-4367
-4550
-4671
-4616
-4508
-4429
-4318
-4223
-4084
-3968
-3902
-3881
-3831
-3733
-3626
-3513
-3366
-3214
-3026
-2825
-2640
-2431
-2158
-1804
-1467
-1120
-795
-552
-276
17
314
633
926
1270
1694
2146
2507
2834
3131
3425
3749
4115
4427
4700
4978
5274
5603
5913
6210
6475
6658
6655
6584
6426
6195
5751
5067
4219
3426
2755
2076
1388
710
14
-538
-1121
-1786
-2296
-2621
-2888
-3173
-3468
-3851
-4119
-4273
-4506
-4732
-4830
-4863
-4742
-4669
-4636
-4605
-4483
-4347
-4243
-4144
-4143
-4049
-3884
-3784
-3677
-3536
-3310
-3073
-2833
-2567
-2339
-2009
-1637
-1329
-1007
-830
-597
-269
27
276
502
831
1226
1711
2157
2458
2778
3113
3523
3988
4340
4632
4951
5226
5545
5873
6149
6408
6691
6828
6848
6774
6537
6203
5623
4930
4195
3509
2774
2060
1333
549
-116
-689
-1362
-1840
-2241
-2579
-2879
-3293
-3694
-4038
-4261
-4443
-4666
-4833
-4896
-4826
-4721
-4739
-4723
-4744
-4578
-4378
-4301
-4235
-4143
-4021
-3911
-3869
-3838
-3663
-3368
-2984
-2654
-2385
-2182
-1779
-1403
-1122
-894
-653
-371
-49
222
453
792
1217
1650
2040
2383
2742
3187
3608
4004
4351
4685
4993
5289
5509
5748
5987
6354
6754
6877
6596
6210
5771
5373
4878
4134
3303
2637
2190
1477
648
-209
-807
-1122
-1399
-1785
-2010
-2037
-1934
-2133
-2545
-2996
-3246
-3234
-3314
-3462
-3562
-3515
-3375
-3351
-3604
-3978
-4210
-4141
-4208
-4323
-4474
-4540
-4450
-4461
-4604
-4555
-4253
-3761
-3190
-2648
-2258
-1916
-1389
-979
-715
-598
-360
173
635
837
994
1155
1291
1325
1564
2103
2566
3160
3852
4463
5078
5785
6569
7335
8213
9051
10060
10956
10220
8176
6327
4428
2565
1002
-780
-2262
-2888
-3382
-4300
-4906
-5130
-4635
-3173
-2031
-1224
151
1305
1818
1790
1177
495
331
108
-509
-1038
-1662
-2352
-2774
-3450
-4349
-4932
-5345
-5771
-6120
-6392
-6590
-6494
-6190
-5768
-5069
-4099
-3205
-2185
-986
-92
431
800
925
808
507
57
-347
-549
-765
-950
-886
-785
-540
-24
700
1625
2597
3617
4761
5731
6434
7041
7970
8957
9704
10562
11691
12658
11113
7574
5238
2811
-290
-2316
-4068
-5443
-6285
-6594
-6859
-6992
-6691
-5214
-2062
34
1015
3274
4788
4807
4245
2954
1626
670
-661
-2270
-3384
-4888
-6388
-6539
-6744
-7343
-6798
-5954
-5436
-4892
-4544
-4217
-3286
-2495
-1936
-878
-64
127
583
1049
1072
1018
767
233
-290
-965
-1887
-2462
-2676
-2900
-2761
-2213
-1706
-900
211
1209
2456
3928
5183
6502
7758
8404
8802
9412
9943
10406
10986
11727
12154
9520
5223
2704
-119
-3766
-5935
-7095
-7991
-8423
-8074
-7557
-6880
-5955
-3453
401
2363
3519
5922
7066
6318
4853
2893
973
-753
-2896
-4732
-5931
-7703
-8788
-8257
-8145
-8115
-6489
-4729
-3661
-2678
-2002
-1366
-433
-41
321
945
745
334
429
134
-476
-736
-1173
-1848
-2231
-2658
-3100
-3114
-2906
-2460
-1682
-954
-50
1305
2571
3583
4869
6146
7152
8090
8777
9079
9170
9222
9496
9890
10142
10536
9298
5358
1980
-331
-3528
-6062
-7209
-7812
-8090
-7719
-6834
-5849
-4957
-3245
299
3090
4071
5722
7045
6529
4876
2539
116
-1850
-3970
-6036
-7205
-8487
-9734
-9392
-8452
-7893
-6468
-4252
-2354
-1027
-448
24
703
841
693
862
796
-38
-509
-689
-1339
-1785
-2040
-2405
-2606
-2848
-3079
-2916
-2645
-2235
-1360
-431
318
1503
2840
3763
4654
5727
6655
7539
8346
8667
8797
8850
8789
9210
9645
9979
9893
6989
3081
960
-1781
-5051
-6364
-6881
-7326
-7145
-6263
-5273
-4375
-3414
-980
2330
3560
4380
6189
6425
4883
2671
73
-2216
-4163
-6420
-7856
-8460
-9603
-9815
-8501
-7533
-6406
-4119
-2126
-591
607
893
1208
1651
1264
861
669
-187
-1037
-1426
-2147
-2609
-2612
-2988
-3269
-2944
-2903
-2839
-2382
-1940
-1128
-74
562
1403
2774
3767
4461
5321
6202
6974
7702
8141
8363
8565
8324
8412
9252
9792
9824
7627
3722
1167
-1444
-4867
-6497
-6919
-7287
-7203
-6167
-5059
-4337
-3284
-853
2494
4101
4812
6508
7025
5732
3435
645
-1925
-4007
-6146
-7773
-8564
-9534
-9924
-8939
-7756
-6565
-4458
-2118
-275
953
1222
1286
1592
1255
632
311
-385
-1259
-1818
-2532
-3018
-3069
-3179
-3328
-3131
-2935
-2751
-2334
-1896
-1248
-206
666
1500
2802
3783
4304
5122
5984
6630
7312
7859
8027
8170
8050
7924
8521
9116
9572
8246
4374
1504
-457
-3801
-6197
-6701
-6887
-7058
-6267
-4989
-4179
-3353
-1563
1749
4056
4483
5909
7232
6348
4148
1596
-1033
-3222
-5232
-7151
-8024
-8764
-9525
-8860
-7550
-6586
-4848
-2342
-303
1090
1409
1006
1159
1082
197
-322
-678
-1601
-2266
-2904
-3692
-3881
-3785
-3775
-3460
-3136
-2963
-2482
-1921
-1446
-624
389
1380
2817
4206
4861
5448
6295
7062
7677
8107
8273
8444
8524
8299
8557
9185
9594
8136
4446
1576
-536
-3858
-6171
-6660
-6945
-7282
-6656
-5092
-4194
-3681
-1716
1670
3793
4349
5880
7097
6380
4502
1917
-676
-2971
-5192
-6976
-7838
-8671
-9270
-8522
-7349
-6264
-4562
-2244
320
2313
2801
2490
2204
1379
185
-864
-1779
-2697
-3376
-3968
-4499
-4715
-4727
-4452
-3873
-3283
-2778
-2213
-1609
-1116
-646
-202
442
1613
2968
3822
4441
5307
6106
6807
7541
8095
8287
8511
8740
9111
9491
9914
9591
6475
2595
566
-1946
-5224
-6535
-6466
-6703
-6812
-5711
-4498
-3817
-2765
-83
3022
3965
4499
6205
6566
4871
2410
47
-2095
-4091
-6074
-7295
-7683
-8463
-8597
-7326
-6174
-4946
-2710
-172
2017
3145
2803
2191
1800
784
-471
-1161
-1900
-2794
-3397
-4099
-4541
-4585
-4560
-4197
-3363
-2851
-2601
-1988
-1429
-1063
-628
-163
832
2384
3482
4010
4851
5704
6402
7090
7718
8062
8296
8531
8791
9219
9532
9452
7158
3349
957
-1105
-4248
-6024
-6250
-6474
-6793
-6026
-4760
-4110
-3293
-903
2282
3694
4041
5628
6460
5276
3111
819
-1210
-3199
-5214
-6672
-7297
-8071
-8533
-7591
-6388
-5340
-3506
-1044
1370
2803
2770
2367
2184
1348
4
-818
-1415
-2377
-3193
-3737
-4187
-4498
-4556
-4156
-3430
-2967
-2708
-2174
-1522
-1049
-707
-304
482
1734
2774
3263
3963
4895
5654
6359
7191
7698
7866
8200
8618
9105
9389
9766
8829
5435
2343
538
-2273
-4808
-5603
-5981
-6407
-6078
-5072
-4461
-3941
-2524
225
2534
3006
4109
5709
5377
3657
1611
-389
-2291
-4048
-5657
-6492
-6994
-7825
-7511
-6286
-5632
-4549
-2286
121
1798
2464
2352
2061
1412
42
-1080
-1564
-2418
-3267
-3498
-3989
-4407
-4345
-4155
-3539
-2736
-2377
-2003
-1378
-985
-789
-531
-167
694
1850
2523
3055
3914
4711
5325
6277
7127
7468
7962
8417
8830
9302
9636
9671
7799
4397
2137
186
-2791
-4622
-5174
-5731
-6143
-5472
-4796
-4472
-3639
-1827
756
2088
2539
4220
5327
4459
2660
1027
-616
-2280
-3768
-4933
-5474
-6153
-6666
-5896
-5112
-4878
-3624
-1425
423
1283
1557
1598
1282
407
-699
-1239
-1608
-2625
-3054
-3137
-3688
-3965
-3861
-3545
-3002
-2612
-2432
-2027
-1552
-1357
-1156
-827
-347
541
1390
1961
2663
3402
3928
4755
5872
6531
7002
7708
8302
8863
9335
9817
9870
7671
4507
2862
966
-1865
-3582
-4196
-4935
-5550
-5406
-5261
-4869
-4112
-2484
-222
783
1399
3078
4102
3298
1802
621
-456
-1590
-2898
-3890
-4243
-4874
-5276
-4570
-4173
-4136
-2982
-1237
-104
254
348
251
-138
-873
-1634
-1836
-2168
-2761
-2707
-2733
-3024
-3017
-2794
-2469
-2116
-1945
-1902
-1693
-1455
-1322
-1274
-1035
-511
207
842
1485
2330
3090
3897
4912
5747
6307
6769
7285
7826
8300
8651
9197
9234
7387
4984
3413
1628
-627
-2304
-3141
-3763
-4369
-4650
-4666
-4496
-4253
-3211
-1697
-809
-81
1268
2267
2046
1119
333
-78
-723
-1738
-2270
-2318
-2743
-3116
-2865
-2833
-2955
-2441
-1566
-905
-881
-1121
-1260
-1601
-2303
-2699
-2663
-2799
-2945
-2793
-2555
-2364
-2252
-2010
-1559
-1320
-1400
-1394
-1352
-1347
-1318
-1301
-1015
-645
-249
195
720
1249
1867
2749
3534
4173
4755
5104
5438
5965
6379
6757
7312
7742
7314
6127
5034
4172
2868
1410
483
-6
-749
-1494
-2009
-2368
-2748
-2987
-2728
-2184
-1904
-1427
-742
-406
-735
-1103
-1019
-1077
-1405
-1574
-1289
-956
-953
-964
-796
-611
-526
-490
-330
-479
-837
-1247
-1792
-2216
-2542
-2971
-3168
-3180
-3214
-3127
-2845
-2697
-2565
-2409
-2440
-2495
-2559
-2803
-2789
-2508
-2219
-1859
-1419
-1002
-533
-41
318
878
1576
2022
2413
2798
2871
2864
3040
3148
3257
3583
4080
4607
4996
5270
5446
5571
5567
5595
5623
5325
4834
4360
3686
2793
1914
1164
450
-193
-741
-1235
-1667
-2111
-2336
-2390
-2626
-2804
-2613
-2333
-2271
-2302
-2224
-2081
-1931
-1934
-1998
-2080
-2236
-2336
-2451
-2674
-2788
-2816
-2903
-3057
-3205
-3240
-3157
-3136
-3185
-3155
-3116
-3057
-2988
-2977
-2974
-2786
-2445
-2036
-1620
-1274
-928
-504
-126
317
799
1239
1685
2152
2547
2813
3132
3488
3701
3854
4171
4766
5331
5767
6147
6274
6251
6182
6151
5976
5494
4873
4200
3399
2389
1430
672
-105
-805
-1328
-1775
-2110
-2285
-2211
-2145
-2121
-1928
-1517
-1148
-1053
-1035
-988
-1059
-1180
-1392
-1775
-2261
-2628
-2858
-3123
-3421
-3675
-3778
-3894
-4144
-4295
-4240
-4104
-3963
-3814
-3718
-3648
-3465
-3296
-3118
-2873
-2522
-2042
-1552
-1099
-741
-393
11
433
894
1258
1606
2047
2418
2669
2874
3158
3383
3517
3752
4125
4621
5065
5448
5830
5993
5996
6028
6045
5875
5503
5067
4448
3678
2772
1916
1157
314
-430
-921
-1346
-1728
-1915
-1949
-2039
-2074
-1966
-1780
-1624
-1612
-1589
-1594
-1746
-1929
-2130
-2469
-2859
-3156
-3259
-3302
-3379
-3448
-3403
-3412
-3543
-3599
-3537
-3418
-3269
-3179
-3131
-3093
-3120
-3141
-3077
-2901
-2600
-2233
-1838
-1438
-1134
-827
-397
52
377
666
1042
1467
1838
2144
2474
2804
2987
3194
3574
3986
4423
4847
5278
5716
6005
6100
6145
6111
5956
5710
5338
4741
4040
3278
2499
1746
932
173
-334
-768
-1155
-1439
-1676
-1793
-1776
-1758
-1773
-1772
-1774
-1804
-1890
-2081
-2337
-2567
-2832
-3116
-3352
-3482
-3472
-3385
-3275
-3187
-3201
-3235
-3189
-3095
-3042
-3022
-3026
-3003
-3030
-3134
-3206
-3180
-2996
-2667
-2282
-1848
-1435
-1050
-610
-82
328
622
957
1289
1585
1905
2219
2534
2747
2848
3057
3362
3666
4016
4362
4705
5136
5532
5685
5641
5531
5395
5264
4984
4467
3855
3169
2437
1736
948
216
-258
-562
-884
-1263
-1567
-1650
-1614
-1633
-1740
-1792
-1780
-1754
-1777
-1992
-2353
-2640
-2868
-3087
-3264
-3370
-3363
-3223
-3055
-3000
-3032
-2968
-2779
-2568
-2516
-2588
-2598
-2614
-2722
-2830
-2902
-2930
-2838
-2597
-2240
-1858
-1519
-1115
-574
-120
133
456
830
1085
1278
1499
1772
1999
2096
2234
2481
2732
3028
3401
3731
4083
4598
5114
5421
5492
5413
5377
5358
5179
4809
4278
3595
2897
2133
1318
608
104
-257
-656
-1103
-1453
-1636
-1701
-1755
-1825
-1894
-1865
-1743
-1720
-1916
-2229
-2487
-2662
-2775
-2849
-2866
-2863
-2767
-2606
-2556
-2595
-2512
-2284
-2063
-2029
-2100
-2192
-2312
-2468
-2599
-2768
-2947
-3020
-2905
-2689
-2475
-2228
-1822
-1315
-972
-735
-357
29
363
648
906
1138
1299
1467
1685
1914
2119
2420
2807
3122
3503
4022
4523
4956
5260
5415
5553
5648
5586
5415
5048
4504
3853
3088
2271
1593
1037
482
-13
-488
-948
-1263
-1512
-1673
-1781
-1869
-1832
-1726
-1737
-1879
-2011
-2168
-2322
-2371
-2351
-2304
-2264
-2166
-2032
-2009
-2059
-2011
-1863
-1770
-1735
-1759
-1846
-1979
-2134
-2293
-2511
-2768
-2919
-2900
-2872
-2816
-2640
-2344
-2033
-1833
-1621
-1319
-989
-608
-242
60
237
402
632
884
1110
1357
1690
2000
2304
2741
3198
3661
4146
4579
4983
5372
5601
5737
5744
5547
5264
4820
4145
3456
2838
2153
1518
942
346
-135
-585
-1019
-1301
-1564
-1745
-1767
-1813
-1973
-2035
-2057
-2154
-2221
-2275
-2281
-2209
-2157
-2051
-1936
-1948
-1980
-1877
-1781
-1739
-1684
-1639
-1628
-1673
-1733
-1817
-1988
-2227
-2378
-2461
-2584
-2630
-2578
-2472
-2421
-2408
-2292
-2125
-1871
-1533
-1190
-902
-689
-457
-203
52
318
653
1006
1311
1675
2074
2480
2902
3339
3806
4328
4803
5230
5594
5750
5818
5782
5528
5159
4749
4207
3573
2921
2229
1632
1100
528
87
-335
-751
-968
-1156
-1439
-1686
-1838
-1955
-2008
-2100
-2232
-2294
-2403
-2475
-2406
-2400
-2436
-2372
-2276
-2217
-2136
-2082
-2013
-1950
-1923
-1866
-1817
-1867
-1976
-2060
-2207
-2362
-2419
-2448
-2476
-2587
-2705
-2756
-2712
-2549
-2319
-2033
-1770
-1487
-1139
-802
-469
-116
262
643
1032
1451
1836
2191
2527
2880
3285
3738
4199
4668
5040
5347
5607
5708
5698
5610
5433
5141
4697
4133
3525
2940
2343
1832
1369
885
514
187
-206
-602
-975
-1270
-1465
-1639
-1825
-1952
-2125
-2352
-2488
-2612
-2717
-2712
-2657
-2622
-2575
-2559
-2528
-2464
-2449
-2400
-2280
-2177
-2114
-2059
-2070
-2159
-2231
-2295
-2356
-2423
-2536
-2672
-2817
-2925
-2938
-2848
-2689
-2508
-2262
-1938
-1560
-1126
-698
-311
91
538
981
1392
1759
2077
2385
2714
3062
3438
3810
4146
4508
4824
5051
5271
5446
5497
5428
5247
4947
4572
4121
3586
3098
2615
2158
1794
1392
933
513
126
-235
-549
-845
-1123
-1370
-1648
-1912
-2125
-2349
-2542
-2640
-2732
-2792
-2786
-2784
-2773
-2760
-2769
-2733
-2641
-2572
-2477
-2355
-2288
-2225
-2167
-2176
-2215
-2264
-2328
-2399
-2490
-2612
-2707
-2766
-2794
-2768
-2675
-2516
-2266
-1914
-1525
-1114
-685
-268
140
545
950
1319
1672
2007
2298
2571
2811
3020
3264
3533
3819
4165
4509
4779
5016
5174
5206
5172
5043
4814
4520
4134
3686
3261
2772
2230
1742
1250
772
377
-19
-409
-755
-1088
-1376
-1617
-1862
-2066
-2183
-2330
-2450
-2482
-2492
-2481
-2473
-2511
-2532
-2513
-2498
-2460
-2434
-2452
-2412
-2338
-2312
-2333
-2375
-2399
-2372
-2349
-2388
-2448
-2511
-2544
-2553
-2549
-2518
-2410
-2227
-2001
-1743
-1453
-1105
-740
-379
-41
279
645
1025
1340
1559
1715
1861
2016
2173
2335
2538
2790
3076
3416
3739
4015
4307
4564
4714
4773
4762
4666
4467
4119
3667
3216
2734
2230
1732
1208
731
376
52
-268
-586
-868
-1058
-1229
-1420
-1585
-1668
-1721
-1784
-1886
-2030
-2129
-2178
-2210
-2276
-2389
-2455
-2469
-2499
-2584
-2674
-2711
-2680
-2619
-2587
-2573
-2547
-2489
-2429
-2410
-2387
-2271
-2103
-1952
-1829
-1704
-1537
-1317
-1081
-873
-665
-406
-89
229
465
644
850
1031
1151
1241
1308
1383
1492
1603
1732
1910
2155
2491
2851
3176
3514
3898
4227
4406
4464
4433
4348
4191
3897
3472
2973
2499
2118
1760
1339
926
597
279
-20
-267
-466
-590
-720
-901
-1108
-1319
-1503
-1629
-1776
-1995
-2181
-2302
-2406
-2562
-2759
-2923
-3005
-3029
-3029
-3027
-3032
-3008
-2928
-2863
-2837
-2752
-2567
-2335
-2127
-1941
-1741
-1531
-1309
-1078
-864
-665
-457
-239
-70
16
101
247
375
456
508
564
648
750
845
910
959
1025
1148
1254
1307
1410
1572
1767
1993
2255
2574
2925
3243
3507
3696
3800
3901
4001
3973
3792
3525
3181
2817
2431
2061
1746
1447
1137
832
508
160
-142
-406
-687
-1001
-1302
-1578
-1854
-2185
-2524
-2806
-3038
-3181
-3245
-3303
-3369
-3401
-3389
-3354
-3293
-3173
-2985
-2770
-2568
-2365
-2155
-1949
-1728
-1483
-1236
-1016
-809
-631
-514
-421
-317
-201
-100
-29
31
107
188
277
407
527
636
772
915
1020
1099
1136
1148
1171
1197
1253
1321
1323
1273
1227
1185
1195
1287
1413
1555
1711
1867
2052
2258
2469
2729
2982
3144
3239
3243
3130
2931
2653
2318
1969
1625
1278
921
511
77
-306
-666
-1002
-1308
-1589
-1868
-2137
-2409
-2680
-2896
-3049
-3126
-3155
-3157
-3119
-3021
-2905
-2800
-2676
-2518
-2325
-2120
-1935
-1789
-1642
-1463
-1259
-1043
-850
-684
-500
-334
-216
-108
-9
90
217
302
346
399
433
453
479
510
580
732
869
943
990
1008
1070
1190
1289
1357
1418
1454
1459
1430
1343
1265
1249
1265
1294
1323
1356
1421
1512
1596
1696
1841
2029
2212
2312
2292
2213
2108
1952
1730
1435
1112
806
502
153
-228
-572
-872
-1133
-1365
-1606
-1813
-1957
-2087
-2220
-2351
-2447
-2466
-2453
-2468
-2484
-2453
-2361
-2220
-2080
-1974
-1848
-1693
-1541
-1394
-1260
-1124
-927
-724
-584
-475
-393
-306
-223
-163
-120
-38
77
165
209
210
228
320
456
588
723
863
1005
1126
1181
1185
1203
1243
1272
1262
1199
1104
1014
904
736
577
469
412
385
319
228
170
143
128
110
88
104
170
238
287
335
395
477
573
640
678
745
826
878
881
833
775
713
614
447
264
87
-60
-191
-386
-604
-798
-969
-1136
-1290
-1425
-1508
-1541
-1594
-1673
-1756
-1827
-1858
-1867
-1872
-1854
-1770
-1658
-1550
-1464
-1380
-1249
-1052
-833
-620
-395
-178
39
241
399
554
746
945
1134
1313
1468
1648
1843
2020
2185
2383
2616
2884
3150
3356
3538
3691
3794
3809
3727
3544
3296
2976
2562
2072
1556
1022
479
-71
-635
-1155
-1592
-1978
-2314
-2613
-2885
-3081
-3246
-3397
-3498
-3535
-3500
-3381
-3217
-3056
-2849
-2608
-2360
-2078
-1796
-1493
-1163
-858
-606
-398
-228
-88
49
164
247
338
423
464
474
445
405
392
391
387
381
384
384
394
403
426
488
561
628
692
735
774
815
835
827
814
800
788
790
777
752
748
751
750
756
737
709
681
635
578
538
510
483
455
393
322
251
182
124
59
-13
-101
-206
-335
-486
-618
-729
-810
-858
-911
-957
-986
-1017
-1027
-1001
-946
-861
-765
-690
-618
-546
-474
-399
-324
-237
-150
-53
19
68
99
125
159
205
243
270
282
270
240
204
168
155
156
141
112
71
36
19
21
19
23
46
70
98
130
162
216
295
370
443
524
591
659
712
745
786
831
879
919
923
887
831
774
706
626
543
439
314
148
-48
-243
-415
-551
-672
-789
-900
-993
-1076
-1137
-1156
-1135
-1066
-980
-895
-813
-743
-669
-579
-473
-369
-261
-152
-67
2
43
79
128
194
260
309
336
344
338
313
290
276
288
303
294
255
200
156
131
117
104
98
90
83
71
45
36
63
89
126
148
175
206
240
266
284
318
353
399
427
438
440
443
446
437
420
402
382
335
254
149
44
-37
-117
-197
-289
-393
-483
-572
-645
-711
-743
-746
-757
-786
-816
-829
-825
-809
-775
-731
-687
-619
-552
-491
-436
-354
-239
-124
-12
96
195
286
356
413
474
549
627
689
722
721
705
687
680
669
642
607
560
492
402
321
251
202
146
80
21
-22
-53
-73
-88
-103
-98
-83
-52
-37
-24
-2
24
24
3
-14
-29
-47
-92
-148
-220
-291
-340
-379
-416
-453
-472
-477
-470
-457
-425
-366
-303
-251
-208
-153
-86
-26
37
92
138
188
241
296
336
370
420
467
497
513
525
542
545
512
473
440
417
395
367
324
273
226
207
179
149
121
86
52
-16
-96
-168
-237
-315
-417
-536
-651
-763
-865
-955
-1044
-1124
-1171
-1190
-1197
-1189
-1155
-1089
-1012
-943
-851
-742
-617
-492
-373
-263
-156
-45
71
179
270
362
449
540
611
669
732
788
824
848
867
883
909
917
921
930
943
976
1016
1061
1103
1144
1201
1256
1278
1300
1314
1302
1256
1168
1061
924
777
609
410
197
-35
-241
-437
-645
-833
-997
-1140
-1268
-1381
-1460
-1510
-1540
-1561
-1563
-1543
-1510
-1447
-1377
-1305
-1236
-1151
-1044
-950
-857
-763
-660
-564
-494
-428
-351
-272
-206
-146
-93
-46
15
90
164
230
287
358
444
513
563
628
684
725
742
747
750
747
739
717
686
643
614
589
560
528
496
477
459
441
414
390
372
328
284
234
188
156
130
116
88
75
83
130
181
226
284
355
422
475
515
549
562
546
499
424
333
223
101
-42
-205
-370
-520
-662
-802
-929
-1025
-1108
-1179
-1226
-1244
-1233
-1213
-1175
-1125
-1062
-983
-874
-749
-629
-517
-390
-250
-113
13
135
251
358
453
518
577
620
645
662
670
663
642
619
604
577
538
511
482
456
426
389
363
331
281
222
165
116
66
7
-60
-138
-208
-252
-295
-347
-393
-432
-462
-478
-484
-487
-479
-468
-439
-389
-342
-282
-214
-125
-31
60
161
265
362
452
531
591
632
648
649
635
596
533
455
369
275
187
111
32
-52
-131
-186
-215
-246
-270
-290
-303
-310
-316
-327
-338
-349
-350
-347
-346
-351
-357
-342
-323
-292
-247
-198
-146
-94
-38
22
77
116
152
184
215
240
247
242
238
237
247
268
270
274
292
314
340
358
369
383
394
400
389
357
312
257
203
143
66
-19
-116
-215
-306
-395
-478
-565
-639
-710
-762
-806
-842
-866
-880
-856
-815
-750
-677
-593
-494
-376
-237
-100
31
163
289
405
507
587
643
681
713
723
720
698
655
612
570
540
513
483
450
426
405
383
366
343
306
272
237
194
132
59
-15
-91
-150
-216
-284
-347
-403
-443
-475
-491
-505
-511
-501
-482
-451
-425
-398
-363
-310
-257
-207
-163
-130
-102
-78
-38
-14
-5
-4
-12
-20
-39
-58
-83
-106
-118
-114
-107
-107
-92
-62
-14
51
124
192
255
330
393
456
505
531
553
559
556
543
513
472
434
397
369
336
300
267
241
214
184
159
123
82
34
-15
-77
-148
-217
-297
-369
-434
-499
-565
-627
-665
-692
-701
-699
-692
-671
-641
-606
-562
-518
-470
-419
-364
-293
-236
-182
-138
-89
-34
25
82
123
169
206
250
292
321
348
379
409
447
478
504
529
553
584
610
630
632
623
603
579
536
475
409
329
246
160
72
-15
-94
-168
-218
-248
-275
-281
-288
-271
-244
-209
-173
-144
-117
-96
-87
-77
-84
-106
-130
-159
-185
-219
-250
-280
-302
-317
-320
-312
-304
-301
-284
-259
-237
-215
-197
-180
-161
-127
-102
-91
-73
-48
-18
18
50
81
102
131
153
164
170
171
165
154
141
115
89
58
28
9
-7
-17
-33
-48
-55
-56
-55
-54
-49
-46
-44
-49
-47
-52
-59
-57
-54
-45
-38
-15
7
40
74
107
150
184
225
260
281
304
318
326
328
315
301
282
264
237
218
195
170
152
130
114
101
87
68
48
30
12
-12
-37
-64
-88
-114
-147
-171
-187
-210
-224
-235
-249
-262
-270
-279
-292
-298
-309
-317
-322
-317
-312
-304
-293
-274
-244
-216
-180
-145
-107
-67
-31
0
30
56
71
83
87
79
77
71
58
56
51
46
52
56
71
83
106
132
153
176
197
216
232
242
247
247
241
235
223
211
199
184
169
156
140
132
121
112
105
93
85
75
61
53
37
11
-8
-27
-54
-75
-106
-131
-160
-191
-208
-229
-236
-248
-260
-258
-257
-249
-231
-213
-189
-167
-140
-110
-73
-49
-18
14
40
56
66
77
85
85
79
71
56
43
25
8
-9
-24
-36
-39
-46
-43
-33
-26
-20
-2
15
33
49
67
87
104
114
127
143
152
160
158
166
168
165
165
160
158
156
153
156
150
137
133
121
105
87
75
58
31
3
-22
-50
-81
-117
-146
-178
-213
-239
-262
-280
-302
-319
-317
-315
-320
-309
-290
-277
-255
-231
-203
-174
-154
-125
-93
-75
-57
-30
-14
-7
4
17
29
38
49
65
81
87
100
116
127
142
162
184
202
211
226
238
246
248
252
261
253
248
251
243
236
220
212
210
198
187
176
175
161
142
138
126
109
89
75
50
20
-3
-31
-65
-107
-136
-172
-212
-251
-284
-307
-337
-362
-378
-386
-397
-397
-390
-380
-373
-356
-333
-312
-292
-273
-244
-219
-196
-176
-152
-126
-114
-95
-71
-53
-38
-16
15
40
62
87
119
149
173
206
240
268
296
323
341
351
360
373
381
378
371
360
355
342
326
312
295
276
258
247
230
211
191
179
161
135
115
98
74
40
11
-18
-49
-85
-114
-150
-192
-225
-257
-285
-315
-343
-360
-375
-389
-394
-391
-388
-386
-378
-358
-343
-332
-317
-297
-281
-273
-257
-237
-222
-205
-186
-160
-141
-129
-107
-83
-56
-27
2
35
65
102
141
175
213
252
286
311
337
357
379
394
400
405
407
408
399
393
380
369
352
337
321
302
288
268
251
225
199
179
152
123
90
56
23
-14
-53
-88
-125
-164
-197
-223
-250
-279
-299
-307
-318
-330
-329
-329
-326
-320
-309
-296
-286
-278
-269
-254
-245
-238
-226
-214
-208
-201
-190
-177
-174
-163
-143
-122
-103
-85
-59
-34
-5
28
59
90
112
137
165
183
198
214
229
235
236
239
241
241
239
239
241
242
235
237
236
237
238
233
231
222
222
213
206
190
171
154
128
100
70
41
8
-27
-57
-84
-113
-138
-158
-171
-178
-185
-190
-190
-182
-181
-174
-164
-157
-151
-145
-142
-138
-139
-143
-149
-152
-154
-161
-165
-169
-169
-169
-165
-160
-149
-134
-119
-99
-79
-57
-38
-14
3
23
37
47
59
68
73
73
73
74
74
72
75
76
77
83
87
96
107
117
134
146
159
178
184
191
196
197
198
190
180
169
154
135
116
91
68
49
29
8
-10
-20
-32
-40
-46
-50
-47
-42
-42
-39
-36
-37
-35
-37
-43
-57
-64
-75
-89
-101
-116
-129
-148
-162
-168
-176
-181
-183
-187
-181
-172
-161
-154
-144
-128
-118
-102
-95
-83
-76
-75
-66
-62
-61
-56
-48
-47
-40
-34
-31
-17
-5
14
27
46
73
92
112
129
150
168
182
195
205
211
212
211
208
197
188
174
165
153
136
124
113
103
95
89
80
73
70
68
68
64
59
56
51
42
29
14
-2
-15
-31
-49
-65
-80
-97
-112
-128
-139
-145
-152
-154
-156
-156
-153
-148
-148
-144
-141
-140
-132
-133
-134
-131
-130
-129
-124
-123
-118
-113
-108
-98
-87
-74
-59
-42
-26
-6
16
34
54
73
91
104
119
129
137
146
146
143
145
144
140
136
130
123
119
115
111
109
107
106
106
106
106
104
102
97
92
86
81
72
60
50
36
22
7
-6
-17
-32
-42
-51
-63
-72
-80
-83
-84
-87
-87
-90
-91
-93
-97
-97
-101
-102
-105
-111
-112
-115
-120
-120
-121
-124
-121
-117
-112
-102
-95
-81
-67
-55
-40
-26
-10
6
23
37
45
56
66
76
79
82
84
85
83
84
81
77
76
72
73
75
74
74
79
81
84
84
91
91
86
85
83
80
75
65
56
47
38
28
19
9
-3
-9
-18
-25
-32
-37
-40
-40
-39
-40
-44
-43
-45
-49
-50
-54
-53
-59
-67
-71
-79
-84
-90
-93
-94
-95
-97
-95
-92
-87
-81
-69
-62
-54
-41
-30
-20
-12
-1
9
18
26
28
33
33
35
34
30
31
28
30
31
32
31
32
38
41
46
50
52
54
55
56
56
58
56
53
51
46
39
33
27
22
14
10
4
0
-3
-6
-8
-11
-10
-8
-3
-1
0
2
2
1
-2
-3
-8
-7
-11
-19
-22
-29
-36
-40
-42
-43
-44
-44
-43
-45
-43
-39
-32
-27
-22
-15
-10
-8
-5
-1
2
5
9
10
10
10
8
9
6
4
5
4
3
4
6
6
8
9
16
18
18
21
18
20
19
18
18
19
16
12
11
6
1
1
0
1
0
-1
-1
-3
-1
2
4
9
12
12
13
10
10
8
7
8
5
6
2
-2
-4
-6
-6
-7
-7
-7
-7
-6
-7
-5
-5
-2
3
4
5
4
4
2
1
5
5
6
7
5
5
2
-1
0
-1
-1
-1
-1
-2
-3
-2
-4
2
7
7
6
6
4
3
1
-1
2
2
1
-1
-4
-7
-11
-11
-8
-8
-7
-7
-5
-9
-10
-9
-7
-3
-3
-1
-2
0
0
-2
-1
-1
-2
-1
-2
-4
-6
-6
-8
-7
-7
-7
-5
-2
-3
-4
-3
-2
1
4
7
9
8
7
5
8
7
8
7
7
5
4
3
2
1
3
4
6
6
6
6
4
5
5
8
10
8
7
6
4
3
5
5
2
3
3
1
0
-2
-2
0
2
2
3
0
1
1
2
2
1
1
0
-2
-7
-9
-12
-15
-15
-15
-17
-20
-22
-25
-27
-27
-26
-25
-25
-23
-21
-22
-23
-22
-17
-15
-13
-9
-9
-6
-5
-5
-4
-1
3
4
6
7
9
10
11
13
16
18
17
20
22
19
23
25
26
27
28
28
25
25
24
23
24
24
23
25
24
22
21
20
21
23
25
25
23
23
21
18
17
15
12
11
7
3
-2
-8
-10
-14
-17
-21
-25
-29
-34
-37
-40
-43
-41
-42
-45
-47
-49
-52
-49
-47
-47
-46
-42
-40
-37
-36
-32
-28
-27
-21
-16
-12
-9
-5
0
5
10
15
19
22
25
27
29
32
34
36
38
39
40
42
42
41
40
41
42
42
39
41
41
39
39
40
39
39
40
37
35
34
32
29
28
24
21
18
14
7
4
-1
-5
-8
-15
-20
-23
-30
-34
-39
-43
-45
-47
-51
-54
-56
-59
-60
-60
-61
-59
-59
-58
-56
-54
-51
-48
-43
-42
-38
-35
-28
-24
-21
-16
-11
-8
-4
2
8
12
16
19
22
24
27
30
33
34
35
35
37
39
38
38
39
41
41
41
43
43
42
41
39
38
40
39
39
38
38
35
34
34
31
27
25
22
19
13
7
4
1
-3
-8
-12
-16
-21
-22
-26
-33
-39
-42
-45
-49
-52
-54
-56
-58
-60
-58
-58
-57
-56
-53
-52
-46
-44
-40
-34
-30
-24
-18
-14
-8
-6
0
5
9
13
16
18
19
22
24
24
25
25
25
25
23
23
22
22
21
21
19
18
17
16
18
19
18
21
24
25
27
29
31
32
35
37
37
35
35
33
30
25
21
17
15
9
2
-3
-6
-12
-16
-20
-23
-27
-29
-31
-33
-34
-37
-36
-36
-39
-40
-41
-41
-44
-43
-43
-43
-43
-41
-42
-40
-38
-36
-35
-35
-34
-33
-33
-36
-35
-34
-34
-32
-29
-27
-22
-16
-12
-6
2
11
19
26
33
41
49
56
59
63
66
70
70
71
71
71
69
70
67
67
64
61
60
53
50
43
38
32
25
19
8
3
-5
-12
-19
-26
-31
-35
-40
-42
-43
-45
-47
-45
-44
-43
-42
-42
-43
-40
-40
-38
-39
-37
-35
-34
-33
-31
-30
-28
-28
-28
-31
-33
-38
-42
-48
-58
-63
-73
-81
-89
-95
-101
-106
-109
-106
-101
-96
-84
-67
-48
-26
-2
25
54
88
119
153
187
220
251
282
310
334
358
379
394
402
410
410
408
396
379
354
327
293
253
208
160
111
57
4
-50
-103
-154
-202
-246
-285
-320
-352
-375
-396
-408
-415
-420
-417
-412
-404
-392
-378
-361
-344
-323
-302
-279
-258
-237
-218
-199
-180
-163
-148
-137
-125
-121
-116
-109
-105
-103
-101
-101
-96
-92
-85
-76
-65
-51
-34
-13
10
37
64
95
125
159
194
230
264
300
336
370
400
429
457
479
497
517
531
540
545
545
542
529
511
485
453
417
373
324
269
210
150
90
29
-31
-87
-142
-190
-235
-277
-315
-350
-376
-403
-423
-441
-456
-467
-472
-473
-470
-461
-448
-430
-409
-383
-355
-325
-294
-260
-227
-195
-164
-133
-103
-74
-48
-20
8
32
57
79
100
119
137
153
164
174
184
190
195
196
195
194
191
182
175
165
151
135
117
100
79
60
38
17
-1
-20
-40
-56
-73
-89
-103
-115
-126
-138
-148
-157
-162
-166
-167
-165
-161
-154
-145
-135
-122
-108
-96
-81
-67
-55
-42
-30
-19
-6
7
18
34
47
61
76
91
105
118
129
142
156
167
179
191
205
221
239
253
271
289
308
326
340
356
366
377
382
384
384
378
372
359
342
320
295
265
228
187
141
91
37
-22
-80
-138
-196
-252
-308
-357
-403
-443
-479
-509
-537
-560
-581
-597
-608
-617
-621
-620
-616
-607
-592
-571
-545
-511
-474
-430
-382
-326
-264
-201
-135
-69
-3
66
133
200
262
320
374
425
474
518
560
600
636
670
702
731
755
774
784
781
770
746
706
657
594
516
430
340
242
147
49
-44
-133
-214
-283
-348
-402
-449
-486
-514
-537
-552
-565
-573
-572
-567
-559
-546
-527
-508
-484
-460
-436
-415
-396
-377
-363
-352
-342
-337
-334
-331
-331
-329
-323
-313
-303
-289
-270
-245
-218
-183
-143
-103
-60
-10
47
105
166
228
290
350
411
471
526
577
627
671
711
746
781
813
839
859
871
879
883
877
855
822
772
708
636
550
456
352
247
140
42
-50
-140
-220
-294
-361
-416
-465
-504
-542
-575
-599
-618
-632
-647
-658
-662
-657
-646
-627
-606
-581
-549
-510
-469
-431
-395
-360
-325
-291
-260
-237
-220
-208
-199
-194
-193
-194
-195
-195
-194
-193
-186
-171
-149
-126
-98
-67
-27
19
67
115
162
213
267
315
364
410
458
507
553
595
631
675
721
764
803
834
867
899
924
935
921
887
839
776
701
602
486
366
244
125
12
-99
-205
-301
-387
-463
-526
-583
-632
-673
-711
-739
-758
-775
-786
-791
-786
-770
-746
-716
-686
-645
-596
-543
-489
-438
-389
-336
-281
-231
-189
-155
-129
-107
-91
-80
-77
-82
-84
-86
-90
-91
-89
-82
-70
-58
-44
-24
1
32
63
94
126
160
199
237
273
312
355
395
433
471
514
567
621
676
726
779
837
898
946
969
966
945
915
865
792
691
577
461
349
235
121
9
-94
-183
-264
-337
-403
-460
-510
-553
-594
-629
-657
-681
-696
-708
-713
-710
-697
-684
-665
-640
-608
-574
-535
-501
-465
-424
-383
-351
-328
-312
-301
-289
-281
-282
-289
-291
-294
-290
-285
-277
-265
-243
-220
-193
-154
-108
-63
-15
31
71
121
174
224
271
322
367
419
473
519
567
632
697
760
825
884
953
1032
1100
1136
1148
1133
1106
1067
995
887
762
633
507
382
250
120
4
-96
-189
-274
-355
-428
-485
-539
-594
-646
-689
-722
-749
-769
-790
-796
-789
-772
-762
-743
-724
-691
-655
-618
-590
-560
-528
-497
-474
-458
-451
-447
-439
-438
-430
-420
-407
-390
-364
-344
-310
-267
-217
-163
-102
-45
17
84
141
200
260
318
378
442
498
554
611
662
716
778
845
908
976
1034
1107
1190
1274
1338
1364
1349
1320
1274
1204
1102
956
785
612
450
281
124
-30
-169
-283
-385
-491
-580
-655
-725
-783
-841
-902
-945
-966
-1002
-1024
-1036
-1036
-1015
-979
-961
-938
-895
-847
-798
-752
-723
-696
-645
-603
-576
-564
-554
-552
-523
-498
-480
-452
-411
-374
-326
-267
-206
-132
-49
21
90
177
260
344
419
483
543
626
703
765
825
876
925
983
1039
1085
1142
1197
1242
1303
1373
1437
1494
1510
1467
1403
1332
1242
1120
948
728
515
324
135
-46
-221
-383
-508
-609
-717
-808
-885
-945
-995
-1046
-1109
-1149
-1163
-1188
-1207
-1222
-1217
-1175
-1122
-1090
-1053
-1000
-930
-850
-791
-753
-709
-648
-591
-552
-536
-529
-513
-474
-446
-419
-388
-345
-293
-238
-182
-119
-35
38
109
175
256
345
433
504
556
629
708
787
856
913
968
1039
1105
1155
1206
1254
1305
1371
1427
1483
1546
1595
1600
1546
1468
1365
1276
1140
950
706
483
273
79
-110
-309
-486
-606
-727
-838
-933
-1018
-1080
-1123
-1175
-1234
-1250
-1276
-1288
-1315
-1322
-1315
-1259
-1211
-1176
-1133
-1070
-982
-886
-817
-774
-720
-643
-576
-526
-496
-486
-449
-414
-377
-350
-308
-271
-217
-162
-115
-44
24
94
148
209
279
365
452
507
570
633
708
792
861
924
991
1071
1139
1212
1263
1321
1404
1481
1580
1661
1727
1785
1763
1700
1601
1505
1387
1206
962
674
454
222
17
-196
-421
-587
-726
-866
-974
-1091
-1165
-1234
-1282
-1338
-1388
-1404
-1423
-1439
-1459
-1464
-1423
-1365
-1323
-1288
-1243
-1150
-1059
-970
-923
-878
-803
-726
-662
-617
-604
-578
-532
-482
-444
-409
-367
-316
-236
-173
-93
-15
74
138
209
280
370
474
555
616
682
757
852
945
1023
1096
1173
1271
1356
1428
1497
1585
1693
1829
1938
2022
2104
2078
2021
1927
1822
1700
1497
1218
890
635
362
122
-102
-366
-557
-733
-916
-1034
-1183
-1275
-1378
-1443
-1516
-1580
-1596
-1640
-1659
-1680
-1688
-1635
-1572
-1525
-1481
-1431
-1334
-1253
-1152
-1099
-1045
-962
-892
-826
-762
-741
-703
-660
-600
-551
-515
-460
-418
-312
-234
-142
-36
53
142
224
308
403
510
614
684
762
841
919
1033
1109
1200
1282
1388
1481
1573
1666
1756
1896
2054
2179
2305
2384
2349
2298
2190
2098
1934
1724
1390
1059
776
458
193
-68
-358
-552
-782
-968
-1125
-1280
-1391
-1523
-1590
-1697
-1747
-1771
-1821
-1847
-1883
-1879
-1810
-1748
-1685
-1636
-1548
-1448
-1338
-1246
-1172
-1086
-979
-884
-805
-735
-701
-658
-611
-570
-529
-502
-473
-436
-356
-280
-196
-83
10
107
197
286
392
500
612
682
759
848
909
1021
1097
1177
1275
1381
1497
1610
1708
1824
1981
2147
2286
2433
2520
2483
2424
2307
2218
2041
1796
1433
1082
796
459
194
-97
-387
-588
-820
-1005
-1166
-1329
-1435
-1560
-1631
-1740
-1777
-1787
-1850
-1875
-1913
-1917
-1833
-1794
-1733
-1686
-1587
-1468
-1368
-1252
-1194
-1107
-992
-904
-813
-759
-717
-673
-632
-580
-568
-547
-526
-467
-389
-307
-208
-90
27
112
199
290
383
518
625
694
788
855
939
1042
1112
1184
1292
1422
1552
1681
1784
1916
2096
2266
2408
2582
2618
2590
2527
2434
2325
2112
1828
1398
1113
766
459
193
-121
-399
-612
-868
-1034
-1242
-1380
-1499
-1624
-1699
-1811
-1809
-1856
-1911
-1945
-1994
-1959
-1897
-1885
-1816
-1760
-1641
-1537
-1411
-1317
-1258
-1164
-1066
-964
-890
-846
-798
-745
-673
-625
-620
-591
-542
-463
-365
-277
-167
-25
71
161
240
313
436
562
663
752
851
940
1026
1108
1169
1254
1391
1532
1690
1815
1946
2119
2326
2470
2648
2724
2701
2670
2580
2500
2302
2054
1624
1288
946
614
335
46
-278
-512
-776
-971
-1171
-1365
-1480
-1631
-1703
-1816
-1862
-1906
-1968
-2021
-2076
-2086
-2006
-1998
-1929
-1860
-1756
-1630
-1506
-1383
-1318
-1223
-1130
-1024
-927
-900
-855
-822
-743
-672
-650
-620
-612
-540
-454
-357
-248
-111
17
115
218
304
418
559
663
782
881
982
1108
1200
1270
1318
1416
1571
1739
1898
2050
2217
2440
2585
2793
2859
2802
2757
2643
2554
2376
2136
1669
1335
970
629
332
55
-249
-491
-748
-953
-1144
-1324
-1447
-1597
-1688
-1779
-1834
-1864
-1927
-1988
-2066
-2103
-2021
-2000
-1944
-1887
-1786
-1667
-1529
-1424
-1368
-1313
-1213
-1131
-1034
-1004
-1004
-946
-856
-778
-737
-698
-670
-628
-514
-415
-295
-156
-45
83
210
302
433
571
675
816
901
999
1111
1196
1268
1350
1435
1561
1736
1883
2053
2252
2505
2666
2892
2962
2891
2822
2692
2620
2435
2203
1717
1360
1008
647
340
16
-279
-497
-754
-912
-1078
-1213
-1297
-1463
-1569
-1676
-1740
-1831
-1914
-1997
-2085
-2146
-2058
-2079
-2072
-2073
-2031
-1931
-1855
-1840
-1844
-1766
-1659
-1708
-1703
-1608
-1546
-1358
-1170
-924
-730
-453
-167
-92
39
129
182
300
392
500
552
672
867
907
936
995
1088
1278
1485
1650
1827
2130
2372
2562
2823
3077
3347
3686
4153
4237
3330
2593
2103
841
-187
-831
-1143
-1535
-1598
-1115
-1221
-1155
-864
-543
-205
-21
459
998
1411
1802
1302
746
301
-411
-1211
-1844
-2073
-2338
-2360
-2176
-2449
-2640
-2733
-2866
-2825
-2702
-2408
-2248
-1806
-1474
-1635
-1772
-1814
-1738
-1540
-1317
-978
-629
-218
-28
-195
-186
-202
-203
-74
84
184
264
430
511
586
695
849
1196
1689
2236
2614
2970
3419
3702
3759
3838
4050
4368
4761
5157
5637
4348
2021
1198
-617
-2853
-3717
-3864
-3499
-3190
-1867
-915
-501
127
895
1759
2087
2490
3023
2974
2753
1518
-499
-2025
-3244
-4488
-5430
-5306
-4761
-4141
-3168
-2384
-1877
-1181
-498
98
712
1081
1119
833
230
-638
-1831
-3118
-3763
-3808
-3792
-3408
-2737
-1818
-1010
-672
-194
252
633
976
1148
1200
1063
745
462
303
317
388
732
1479
2245
2820
3266
3626
3933
4204
4231
4329
4658
4934
5250
5694
4327
1275
-45
-1626
-4151
-4914
-4518
-3612
-2697
-1067
388
1089
1505
2159
3133
3175
3033
3125
2674
1739
262
-2172
-4257
-5132
-5969
-6535
-5928
-4602
-3271
-1790
-537
297
1164
1742
2011
2148
1784
1056
-34
-1393
-2751
-4166
-5361
-5679
-5140
-4269
-3337
-2186
-757
217
770
1168
1383
1665
1658
1327
964
474
-12
-452
-666
-518
-178
331
1139
1994
2713
3097
3385
3787
4006
4038
4162
4391
4682
4898
5224
5355
3161
462
-506
-2342
-4431
-4816
-4192
-3164
-2109
-545
787
1527
1887
2676
3313
3127
2822
2572
1745
704
-969
-3448
-4892
-5428
-5996
-6077
-5021
-3386
-1711
-45
1045
1764
2318
2297
1985
1369
381
-730
-2213
-3695
-4925
-6214
-6667
-6192
-4956
-3319
-1841
-47
1428
2156
2509
2236
1868
1519
805
123
-475
-902
-1029
-1036
-704
-184
511
1536
2545
3481
4106
4485
4623
4712
4683
4509
4384
4524
4830
5412
4787
1627
-407
-1535
-3987
-5599
-5309
-4139
-2925
-1366
460
1755
2156
2298
3105
3269
2850
2781
2457
1492
433
-1816
-4332
-5445
-5946
-6317
-5900
-4406
-2479
-480
1009
1935
2550
2740
2386
1713
736
-418
-1800
-3392
-4856
-6126
-6833
-6785
-5742
-3940
-2231
-466
1103
2101
2536
2263
1650
1113
578
-33
-725
-1203
-1203
-1069
-766
-187
570
1508
2436
3318
3989
4441
4584
4552
4415
4274
4247
4291
4522
5018
5526
3790
861
-442
-2251
-4625
-5434
-4902
-3501
-2289
-646
1060
2104
2158
2406
2879
2637
2416
2329
1666
764
-618
-3099
-4955
-5826
-6242
-6051
-4982
-3083
-976
978
2137
2858
3062
2718
2053
920
-355
-1492
-2907
-4667
-5855
-6439
-6581
-6020
-4394
-2362
-551
914
2007
2557
2274
1482
716
19
-557
-951
-1425
-1493
-1096
-692
-201
628
1654
2463
3284
3956
4386
4636
4421
4117
3933
3848
3920
4331
4851
5724
5206
2110
154
-1187
-3957
-5572
-5334
-4138
-2905
-1435
385
1777
2275
2339
2871
2842
2389
2346
1968
957
-192
-2296
-4613
-5850
-6434
-6465
-5608
-3857
-1688
536
1971
2692
3125
2901
2135
972
-584
-1872
-2896
-4276
-5343
-5730
-5628
-5109
-4114
-2349
-596
794
1828
2361
2235
1403
395
-392
-973
-1316
-1495
-1593
-1180
-544
108
713
1537
2514
3153
3551
3934
4266
4160
3944
3640
3647
3798
4147
4785
5583
6263
4158
1274
-66
-2388
-4989
-5811
-4903
-3541
-2423
-608
1294
2331
2406
2807
3093
2677
2231
1960
1070
-11
-1636
-4014
-5674
-6561
-6754
-6282
-4816
-2705
-418
1557
2637
3211
3179
2503
1432
129
-1277
-2591
-3837
-5186
-6008
-6116
-5764
-4641
-2933
-1062
828
2030
2657
2618
1812
701
-321
-1112
-1506
-1651
-1611
-1288
-746
3
758
1465
2309
3161
3741
4091
4320
4299
4019
3571
3243
3346
3564
4145
5005
5804
4981
2133
271
-1379
-3961
-5432
-5063
-3540
-2411
-991
869
2263
2511
2544
3059
2961
2490
2118
1573
465
-939
-3117
-5133
-6224
-6590
-6280
-5259
-3395
-1176
864
2100
2850
3094
2596
1608
336
-1032
-2462
-3758
-4940
-5853
-5825
-5281
-4332
-2649
-1068
493
1598
2095
2168
1552
533
-378
-1067
-1456
-1541
-1597
-1407
-920
-253
526
1370
2226
2993
3679
3922
3989
4106
3951
3586
3245
3240
3472
3965
4661
5565
5505
3029
846
-663
-3283
-5290
-5607
-4357
-2878
-1661
203
2079
2870
2819
3060
3046
2506
2062
1538
526
-713
-2585
-4612
-5954
-6533
-6384
-5571
-3884
-1624
692
2199
2949
3354
3027
1922
549
-851
-2076
-3232
-4757
-5803
-6065
-5853
-4951
-3637
-1631
239
1490
2488
2681
2305
1154
-128
-897
-1499
-1662
-1603
-1425
-835
-248
363
1178
1927
2710
3270
3671
3893
4008
3949
3649
3245
3058
3212
3557
4196
5099
5710
4221
1610
41
-2136
-4661
-5693
-5048
-3350
-2073
-426
1514
2823
2984
2905
2919
2451
1874
1390
660
-434
-1930
-3880
-5387
-6222
-6288
-5664
-4299
-2234
73
1963
2949
3348
3204
2290
833
-761
-2167
-3494
-4709
-5437
-5846
-5644
-4713
-3556
-1874
-429
870
1999
2263
2137
1413
253
-696
-1444
-1692
-1524
-1391
-925
-295
431
1229
1810
2490
2953
3358
3536
3621
3752
3659
3551
3391
3457
3725
4157
4965
5861
5277
2850
949
-774
-3594
-5464
-5721
-4429
-2926
-1514
620
2372
3101
3169
3267
2872
2103
1420
740
-200
-1423
-3243
-4942
-5917
-6294
-5921
-4897
-3095
-795
1359
2709
3334
3379
2735
1423
-230
-1974
-3599
-4782
-5595
-6229
-6022
-5053
-3703
-2015
-536
1022
2079
2405
2377
1690
601
-647
-1599
-2010
-2022
-1812
-1383
-676
238
1105
1851
2522
3021
3408
3607
3669
3735
3646
3541
3390
3333
3526
3934
4626
5543
5411
3144
1214
-296
-2809
-4802
-5377
-4172
-2770
-1580
330
2134
2894
2885
3018
2751
1991
1267
640
-178
-1257
-2993
-4656
-5687
-6087
-5820
-4913
-3250
-1179
974
2297
2849
3039
2489
1262
-254
-2013
-3432
-4232
-5016
-5468
-5207
-4418
-3241
-1957
-653
700
1536
1869
1981
1549
707
-369
-1180
-1589
-1677
-1447
-1118
-396
486
1240
1978
2532
2943
3211
3237
3201
3370
3403
3339
3279
3161
3317
3773
4402
5204
5480
3659
1472
-1
-2374
-4561
-5441
-4654
-3133
-1915
-157
1811
2897
2941
2973
2798
2037
1237
616
-175
-1204
-2767
-4409
-5490
-6077
-5901
-5028
-3492
-1436
696
2212
2882
3032
2578
1384
-153
-1867
-3388
-4288
-4876
-5286
-5104
-4303
-3186
-2003
-692
645
1479
1853
1902
1564
762
-309
-1099
-1502
-1627
-1396
-992
-363
510
1260
2042
2646
3105
3460
3419
3330
3377
3512
3460
3407
3336
3407
3793
4362
5228
5236
3444
1393
-189
-2539
-4676
-5490
-4499
-3167
-1905
53
1826
2860
2869
2941
2696
1824
965
344
-481
-1526
-3056
-4574
-5582
-6139
-5894
-4990
-3391
-1341
772
2336
2996
3030
2473
1271
-374
-2098
-3439
-4389
-4973
-5189
-4820
-4074
-3009
-1783
-502
706
1386
1761
1713
1309
472
-510
-1200
-1629
-1664
-1324
-761
-86
706
1405
2143
2745
3145
3461
3453
3336
3313
3328
3216
3125
3087
3251
3687
4304
5231
5594
4075
1923
360
-2025
-4342
-5388
-4807
-3426
-2161
-360
1610
2628
2715
2838
2658
1861
1001
434
-314
-1335
-2867
-4413
-5436
-6048
-5977
-5088
-3460
-1428
602
2195
2965
3002
2288
1028
-306
-1839
-3180
-3970
-4444
-4669
-4645
-4136
-3181
-2079
-937
232
1179
1680
1703
1388
719
-205
-897
-1356
-1390
-1039
-533
58
676
1343
1954
2473
2905
3256
3367
3304
3233
3265
3183
2980
3085
3327
3782
4488
5319
5663
4221
1877
240
-2064
-4383
-5476
-4972
-3436
-2218
-470
1330
2382
2376
2412
2296
1708
939
413
-163
-1112
-2651
-4328
-5408
-5975
-5893
-5104
-3500
-1452
577
2010
2620
2613
1907
833
-263
-1612
-2714
-3520
-4071
-4336
-4478
-3978
-3131
-2008
-790
275
1110
1492
1508
1154
462
-356
-904
-1191
-1076
-775
-302
236
737
1319
1929
2482
2926
3298
3533
3501
3359
3280
3203
3124
3064
3207
3717
4429
5349
5552
4031
1944
307
-1970
-4219
-5183
-4700
-3420
-2346
-713
1093
2013
2017
2243
2296
1690
914
304
-231
-1203
-2837
-4509
-5482
-5965
-5881
-5130
-3702
-1704
271
1577
2139
2152
1767
962
-116
-1204
-2232
-3163
-3953
-4492
-4454
-4058
-3334
-2087
-689
422
1111
1401
1559
1222
477
-228
-703
-853
-849
-635
-192
287
704
1186
1832
2500
2962
3307
3536
3540
3347
3213
3163
3024
3062
3362
3872
4571
5448
5855
4291
1974
336
-1767
-3942
-4949
-4441
-3087
-2110
-759
909
1813
1823
1929
2110
1727
1019
359
-353
-1250
-2806
-4579
-5593
-5938
-5727
-5014
-3635
-1725
166
1379
1884
1953
1583
770
-184
-1303
-2327
-3193
-3991
-4475
-4516
-3985
-3167
-2119
-759
367
1049
1275
1284
1112
510
-162
-616
-811
-708
-562
-213
336
814
1293
1867
2547
3115
3404
3497
3551
3400
3223
3197
3083
3141
3375
3767
4469
5320
5786
4482
2164
664
-1345
-3564
-4641
-4313
-3052
-2274
-1120
378
1420
1493
1591
1842
1602
1046
341
-413
-1423
-2818
-4467
-5485
-5837
-5587
-4847
-3649
-1941
-240
952
1423
1594
1480
838
-157
-1170
-2108
-3036
-3839
-4405
-4341
-3775
-3082
-2031
-815
209
883
1053
1142
1012
503
-21
-428
-549
-446
-308
24
463
916
1353
1839
2519
3059
3445
3578
3553
3429
3232
3169
3091
3128
3315
3691
4318
5069
5650
4753
2558
1020
-729
-2934
-4089
-4072
-3143
-2376
-1501
-52
996
1226
1445
1878
1715
1109
429
-396
-1440
-2834
-4416
-5428
-5748
-5626
-5030
-4005
-2512
-930
271
922
1359
1539
1137
365
-688
-1786
-2803
-3784
-4422
-4527
-3978
-3182
-2213
-978
-10
650
970
1132
1179
832
332
11
-217
-346
-332
-184
232
617
1059
1634
2323
2950
3317
3527
3592
3538
3368
3291
3309
3328
3388
3764
4305
4897
5492
5226
3395
1441
-75
-1925
-3440
-3865
-3338
-2413
-1910
-837
370
815
1101
1550
1909
1461
720
-110
-1052
-2368
-3966
-5211
-5644
-5512
-5105
-4305
-3134
-1605
-332
455
973
1355
1222
635
-316
-1427
-2500
-3564
-4211
-4477
-4121
-3342
-2484
-1395
-391
227
659
862
1024
978
511
117
-210
-420
-478
-429
-78
359
786
1421
2115
2773
3269
3477
3640
3692
3515
3463
3431
3436
3569
3783
4244
4889
5413
5219
3445
1515
107
-1764
-3153
-3485
-2946
-2258
-1772
-801
200
608
924
1572
1956
1582
885
151
-937
-2241
-3747
-4956
-5438
-5435
-5041
-4327
-3302
-2023
-802
57
635
1011
1081
639
-182
-1154
-2238
-3201
-3909
-4229
-3909
-3301
-2500
-1466
-528
180
499
735
1001
936
572
153
-76
-285
-428
-335
-13
390
743
1303
2027
2720
3206
3383
3484
3495
3489
3525
3512
3584
3676
3913
4231
4525
5086
4982
3349
1609
280
-1419
-2739
-3237
-2873
-2269
-1895
-1054
2
657
1038
1647
1994
1740
1072
81
-1050
-2197
-3558
-4778
-5265
-5286
-4999
-4450
-3599
-2411
-1185
-255
436
977
1136
700
-162
-1170
-2199
-3143
-3827
-4083
-3787
-3283
-2613
-1729
-870
-151
268
570
900
940
685
276
5
-128
-261
-118
173
604
949
1395
2021
2679
3198
3354
3487
3609
3601
3556
3494
3519
3621
3780
4184
4567
5113
5254
3658
1764
549
-1162
-2455
-2952
-2776
-2042
-1965
-1369
-219
317
640
1322
1946
1783
1083
75
-976
-2087
-3495
-4681
-5140
-5187
-5074
-4631
-3925
-2849
-1634
-630
149
871
1097
678
0
-1023
-2006
-2916
-3686
-3880
-3775
-3470
-2910
-2141
-1161
-429
109
571
924
1063
739
329
132
-57
-224
-143
79
482
744
1127
1785
2477
3006
3277
3471
3688
3689
3601
3733
3753
3700
3713
3896
4403
4893
5149
4278
2376
1204
-121
-1694
-2410
-2407
-2103
-2010
-1761
-793
-121
191
948
1865
1850
1098
360
-508
-1548
-2807
-3969
-4535
-4746
-4916
-4842
-4385
-3500
-2357
-1365
-359
573
948
721
76
-710
-1648
-2658
-3242
-3510
-3621
-3415
-3113
-2407
-1567
-900
-203
369
829
1017
824
574
402
167
16
6
203
464
618
919
1483
2215
2779
3188
3501
3580
3650
3621
3731
3813
3717
3863
4024
4352
4778
4892
4212
2377
1085
66
-1434
-2083
-2226
-2061
-1976
-1880
-1053
-322
149
805
1660
1774
982
168
-613
-1557
-2611
-3756
-4353
-4580
-4910
-4885
-4474
-3629
-2571
-1549
-519
359
795
618
66
-593
-1444
-2428
-3052
-3376
-3469
-3371
-3110
-2446
-1669
-1004
-356
198
664
892
809
630
488
321
126
146
324
535
685
951
1559
2254
2804
3165
3431
3716
3711
3586
3806
3818
3807
3793
3808
4317
4640
4843
4454
2687
1374
520
-886
-1667
-1978
-2041
-2084
-2054
-1377
-714
-273
404
1452
1558
757
85
-519
-1298
-2309
-3341
-4039
-4415
-4918
-5096
-4769
-4068
-3128
-1963
-892
-123
306
328
40
-474
-1216
-2138
-2750
-3158
-3446
-3384
-3214
-2595
-1735
-1104
-456
32
483
787
837
788
662
592
479
386
446
549
693
1024
1575
2323
2832
3185
3572
3793
3859
3874
4059
4219
4144
3963
4008
4141
4553
4960
4255
2547
1343
634
-674
-1458
-1682
-1805
-1889
-2011
-1411
-724
-439
427
1473
1384
589
-88
-630
-1238
-2197
-3219
-3824
-4256
-4859
-5120
-4827
-4187
-3170
-2076
-1100
-419
-155
-70
-224
-530
-1198
-1938
-2507
-3085
-3429
-3527
-3300
-2616
-1814
-1217
-656
-230
239
630
753
854
778
636
447
354
435
507
739
1102
1578
2197
2718
3152
3561
3777
3895
3995
4189
4197
4158
4066
3999
4259
4544
4823
3970
2107
1282
608
-591
-1046
-1391
-1598
-1813
-1919
-1441
-845
-484
446
1338
988
262
-189
-705
-1283
-2033
-3001
-3642
-4164
-4775
-4962
-4681
-4023
-3041
-1985
-1237
-768
-487
-361
-312
-612
-1243
-1717
-2270
-2805
-3126
-3108
-2784
-2267
-1560
-1081
-697
-343
28
487
697
758
750
638
543
488
538
714
1045
1383
1760
2283
2789
3129
3400
3588
3813
3927
3962
4154
4150
4150
4214
4469
4798
4366
2949
1653
896
-75
-682
-1100
-1608
-1775
-2036
-1860
-1255
-790
38
952
1128
731
199
-328
-744
-1363
-2260
-3136
-3816
-4503
-4918
-4864
-4390
-3625
-2669
-1759
-1195
-790
-548
-190
-117
-654
-1247
-1817
-2452
-2882
-3087
-2830
-2438
-2000
-1422
-1010
-607
-278
172
675
809
773
678
572
576
580
658
980
1291
1543
1887
2392
2977
3389
3663
3794
3927
3996
3949
4070
4169
4242
4387
4690
4642
3502
2069
1337
648
-97
-603
-1133
-1495
-2039
-2094
-1662
-1282
-697
232
800
503
119
-183
-436
-926
-1714
-2544
-3289
-4053
-4604
-4742
-4511
-3968
-3272
-2496
-1857
-1385
-1100
-684
-307
-407
-916
-1460
-1950
-2412
-2779
-2778
-2449
-2102
-1783
-1364
-928
-630
-291
110
498
625
577
532
613
714
794
963
1248
1564
1787
2097
2575
3235
3529
3569
3750
3845
3911
4025
4056
4284
4420
4536
4840
4093
2687
1837
1115
595
97
-675
-1131
-1516
-1826
-1675
-1414
-998
-230
392
316
58
-163
-318
-622
-1276
-2208
-2994
-3668
-4270
-4521
-4491
-4200
-3673
-2896
-2379
-1817
-1347
-853
-389
-416
-826
-1243
-1640
-2088
-2350
-2593
-2527
-2307
-2006
-1556
-1041
-600
-263
83
312
463
518
613
769
867
872
878
1029
1252
1621
2007
2387
2865
3276
3494
3625
3722
3786
3972
4159
4222
4250
4429
4814
4484
3103
2016
1615
894
94
-384
-901
-1456
-1826
-1696
-1456
-1313
-994
-39
327
-106
-245
-95
-278
-953
-1851
-2601
-3174
-3816
-4254
-4321
-4220
-4030
-3362
-2610
-2189
-1789
-1186
-633
-540
-763
-1107
-1336
-1613
-2074
-2205
-2322
-2355
-2034
-1632
-1178
-765
-374
22
172
239
359
527
759
826
894
974
1005
1197
1499
1886
2325
2655
2981
3392
3559
3674
3747
3816
4048
3985
4074
4398
4640
4460
3283
2244
1871
1124
483
-43
-742
-1166
-1606
-1493
-1362
-1308
-1024
-412
-152
-351
-214
-69
-241
-794
-1608
-2429
-2969
-3526
-3809
-4007
-4050
-3925
-3538
-2897
-2430
-1823
-1309
-872
-812
-1014
-1203
-1311
-1519
-1909
-2090
-2276
-2453
-2302
-1906
-1357
-838
-541
-186
14
33
193
418
682
788
782
852
939
1138
1436
1838
2300
2579
2819
3171
3445
3711
3800
3857
3977
3893
3989
4257
4673
4879
3746
2619
2289
1544
1027
539
-450
-860
-1266
-1532
-1256
-1332
-1270
-539
-355
-560
-278
-100
-104
-368
-1238
-2134
-2577
-3121
-3528
-3686
-3962
-4010
-3664
-3204
-2793
-2279
-1791
-1218
-904
-1130
-1229
-1146
-1260
-1528
-1711
-1946
-2161
-2181
-1970
-1507
-1124
-822
-465
-192
-191
-94
220
519
743
743
743
930
1100
1299
1680
2008
2297
2593
2843
3173
3474
3732
3860
3807
3901
4133
4352
4834
4770
3695
2793
2271
1789
1225
370
-307
-847
-1428
-1404
-1221
-1213
-1147
-740
-561
-733
-464
4
79
-358
-1208
-1904
-2319
-2867
-3203
-3409
-3650
-3795
-3636
-3271
-2899
-2482
-1912
-1395
-1197
-1307
-1291
-1115
-1079
-1283
-1424
-1618
-1868
-1834
-1716
-1370
-1045
-795
-493
-337
-293
-125
107
346
554
631
706
819
1033
1336
1717
1932
2131
2432
2749
3064
3311
3564
3662
3647
3740
3938
4224
4576
4584
3729
2849
2380
1802
1257
648
-244
-751
-1242
-1465
-1158
-1200
-1187
-787
-667
-749
-443
-139
-74
-320
-1082
-1728
-2153
-2646
-3047
-3230
-3558
-3722
-3549
-3237
-2900
-2496
-2039
-1704
-1391
-1427
-1295
-1076
-1165
-1298
-1344
-1490
-1640
-1602
-1475
-1229
-1077
-922
-667
-377
-273
-101
179
270
407
612
815
1050
1183
1356
1753
1987
2119
2368
2653
3008
3282
3422
3557
3663
3756
3936
4238
4658
4538
3571
2938
2716
2041
1301
615
-212
-715
-1176
-1300
-1150
-1326
-1240
-794
-759
-843
-445
-37
-95
-537
-1208
-1697
-1983
-2395
-2818
-3139
-3573
-3732
-3472
-3195
-2938
-2559
-2179
-1908
-1705
-1651
-1355
-1100
-1225
-1336
-1399
-1485
-1511
-1424
-1242
-1047
-1005
-922
-702
-462
-321
-114
135
188
283
446
665
933
1103
1289
1594
1800
2015
2364
2615
2884
3206
3400
3512
3610
3691
3929
4234
4596
4518
3571
2879
2741
2231
1530
678
-301
-727
-1012
-1131
-1142
-1349
-1349
-960
-909
-948
-484
-111
-213
-639
-1255
-1718
-1899
-2147
-2528
-2953
-3465
-3592
-3255
-2987
-2903
-2607
-2240
-2065
-1845
-1679
-1372
-1115
-1253
-1314
-1259
-1386
-1335
-1092
-970
-910
-909
-821
-624
-427
-281
-87
78
84
286
533
689
951
1187
1381
1616
1758
2024
2397
2589
2771
3066
3244
3344
3547
3670
3907
4247
4558
4394
3473
2921
2901
2399
1619
672
-292
-733
-1000
-1047
-1141
-1408
-1505
-1170
-1076
-1095
-577
-237
-365
-794
-1393
-1755
-1835
-2098
-2456
-2880
-3365
-3435
-3151
-2950
-2872
-2676
-2369
-2168
-1966
-1793
-1472
-1231
-1342
-1375
-1258
-1290
-1214
-959
-830
-808
-816
-702
-500
-382
-294
-105
47
60
261
588
800
1000
1188
1458
1732
1890
2133
2436
2674
2751
2897
3109
3282
3497
3622
3907
4256
4452
4076
3347
3111
2947
2422
1711
677
-186
-623
-917
-949
-1209
-1477
-1412
-1225
-1213
-1087
-584
-358
-492
-882
-1368
-1634
-1768
-2069
-2462
-2913
-3281
-3253
-3065
-3007
-2940
-2762
-2490
-2247
-2057
-1863
-1612
-1453
-1471
-1432
-1323
-1273
-1185
-978
-902
-855
-767
-659
-476
-386
-317
-188
-86
15
263
528
708
931
1148
1402
1661
1914
2251
2492
2670
2829
3002
3126
3292
3549
3775
4064
4277
4394
3962
3248
3111
2981
2475
1662
550
-148
-419
-816
-964
-1144
-1454
-1328
-1172
-1202
-979
-645
-516
-578
-1013
-1441
-1503
-1652
-2024
-2506
-2920
-3143
-2997
-2829
-2885
-2837
-2674
-2438
-2200
-1996
-1778
-1533
-1507
-1538
-1395
-1269
-1143
-1002
-857
-849
-727
-582
-479
-360
-307
-192
-103
-102
-3
279
481
661
863
1054
1290
1567
1903
2189
2418
2632
2816
3018
3061
3166
3512
3793
4057
4307
4168
3602
3179
2994
2745
2252
1295
345
-128
-563
-896
-1016
-1379
-1560
-1338
-1289
-1198
-930
-794
-690
-804
-1238
-1417
-1431
-1715
-2084
-2485
-2893
-2985
-2802
-2687
-2726
-2753
-2635
-2343
-2101
-1939
-1741
-1503
-1511
-1512
-1291
-1171
-1047
-858
-728
-615
-545
-534
-347
-256
-222
-107
-61
-21
96
351
610
775
951
1210
1432
1659
1894
2218
2536
2669
2824
2947
2983
3174
3492
3750
4057
4156
3864
3403
2988
2863
2587
1809
860
214
-196
-482
-866
-1201
-1426
-1534
-1303
-1180
-1101
-956
-857
-860
-1087
-1407
-1546
-1561
-1854
-2257
-2646
-2856
-2840
-2673
-2635
-2740
-2645
-2507
-2237
-2047
-2004
-1763
-1534
-1519
-1426
-1322
-1189
-955
-823
-666
-499
-410
-365
-286
-207
-145
-13
66
78
215
411
676
946
1122
1297
1576
1808
1986
2309
2667
2885
3030
3096
3128
3343
3677
3943
4228
4066
3418
3197
3160
2725
2230
1325
446
199
-176
-578
-837
-1288
-1537
-1309
-1340
-1357
-1031
-1026
-1045
-1141
-1554
-1686
-1662
-1861
-2174
-2490
-2789
-2786
-2664
-2667
-2681
-2590
-2459
-2285
-2117
-2063
-1906
-1663
-1519
-1460
-1292
-1210
-1081
-836
-756
-535
-311
-245
-140
-131
-100
88
181
157
199
347
497
725
969
1153
1372
1578
1815
2090
2405
2674
2918
3097
3166
3340
3565
3799
4028
4110
3541
3061
3068
2687
2199
1532
616
200
-166
-605
-717
-1089
-1476
-1358
-1307
-1399
-1177
-1028
-1088
-1094
-1426
-1708
-1740
-1911
-2133
-2346
-2580
-2721
-2616
-2573
-2600
-2456
-2394
-2233
-1949
-1964
-1916
-1771
-1629
-1370
-1241
-1159
-1016
-880
-674
-491
-273
-130
-42
26
10
161
288
320
368
330
427
672
919
1146
1325
1476
1720
2022
2291
2551
2772
2947
3065
3216
3417
3780
4092
3961
3334
3028
3025
2644
2234
1389
536
235
-202
-416
-719
-1325
-1366
-1198
-1212
-1262
-1155
-1094
-1089
-1082
-1377
-1634
-1754
-2059
-2243
-2478
-2694
-2625
-2530
-2604
-2634
-2475
-2303
-2031
-1827
-1870
-1820
-1736
-1586
-1305
-1243
-1188
-993
-769
-554
-404
-221
-46
57
99
80
219
319
382
427
325
354
568
821
1101
1252
1376
1656
1958
2247
2514
2796
2937
3005
3196
3425
3842
4107
3844
3375
3084
3010
2758
2109
1223
525
287
-35
-489
-898
-1320
-1367
-1166
-1173
-1232
-1178
-1140
-1075
-1119
-1512
-1706
-1758
-2101
-2400
-2657
-2809
-2712
-2648
-2708
-2699
-2546
-2323
-2042
-1874
-1900
-1817
-1638
-1531
-1333
-1229
-1218
-989
-786
-571
-297
-102
24
143
189
235
369
426
503
527
510
534
656
832
1011
1302
1537
1714
1925
2147
2448
2734
2915
3045
3213
3464
3822
4068
3758
3222
3185
3108
2648
1908
917
446
223
-221
-613
-1135
-1460
-1369
-1171
-1160
-1259
-1137
-1037
-982
-1126
-1470
-1595
-1743
-2080
-2413
-2675
-2744
-2673
-2639
-2729
-2714
-2501
-2256
-1945
-1852
-1874
-1696
-1618
-1406
-1200
-1169
-1014
-870
-663
-406
-183
38
166
307
357
408
455
418
524
601
598
641
698
806
1006
1268
1490
1723
1959
2185
2408
2541
2675
2890
3169
3482
3736
3730
3289
3003
3123
2853
2323
1609
726
344
55
-410
-773
-1181
-1494
-1349
-1100
-1240
-1124
-993
-1164
-985
-1121
-1463
-1477
-1836
-2198
-2352
-2602
-2711
-2643
-2627
-2674
-2516
-2318
-2184
-1843
-1737
-1703
-1483
-1472
-1312
-1085
-1043
-907
-698
-506
-326
-59
59
174
429
465
552
587
477
548
590
626
744
785
858
1015
1173
1349
1624
1981
2240
2410
2533
2656
2894
3219
3632
3831
3523
3111
3022
2964
2553
1938
1212
590
211
-225
-657
-1069
-1442
-1537
-1398
-1356
-1330
-1116
-1063
-1125
-1134
-1283
-1377
-1482
-1866
-2216
-2382
-2541
-2615
-2662
-2774
-2729
-2458
-2231
-2084
-1925
-1833
-1568
-1292
-1244
-1130
-1049
-922
-665
-478
-340
-212
-13
140
257
422
538
686
799
751
742
729
767
982
1098
1139
1224
1329
1538
1803
2112
2342
2533
2684
2828
3143
3380
3685
3769
3300
3124
3007
2626
2227
1394
695
411
-100
-586
-1021
-1503
-1710
-1627
-1625
-1706
-1524
-1405
-1291
-1178
-1405
-1527
-1545
-1764
-2037
-2282
-2466
-2563
-2583
-2713
-2805
-2633
-2422
-2116
-1936
-1956
-1729
-1393
-1138
-942
-896
-810
-645
-364
-124
34
185
230
399
512
545
753
862
934
955
890
897
968
1086
1194
1313
1383
1471
1694
1910
2123
2302
2418
2583
2726
2956
3340
3467
3102
2860
2829
2614
2206
1467
762
477
56
-380
-793
-1368
-1607
-1497
-1506
-1606
-1595
-1494
-1316
-1235
-1371
-1453
-1509
-1672
-1891
-2156
-2346
-2376
-2402
-2546
-2670
-2654
-2454
-2107
-1955
-1933
-1786
-1594
-1265
-979
-883
-732
-636
-441
-141
15
213
359
470
551
575
665
773
907
979
989
963
930
1009
1094
1207
1319
1362
1474
1689
1954
2190
2321
2441
2628
2892
3197
3445
3176
2850
2874
2688
2262
1608
892
553
181
-289
-796
-1240
-1498
-1613
-1471
-1554
-1666
-1448
-1394
-1341
-1329
-1488
-1465
-1499
-1784
-2063
-2186
-2277
-2364
-2449
-2634
-2645
-2495
-2337
-2071
-1955
-1835
-1575
-1370
-1101
-872
-678
-485
-348
-158
-29
114
286
419
563
620
682
757
865
979
1102
1182
1156
1173
1251
1323
1446
1523
1589
1678
1884
2185
2404
2575
2733
2915
3234
3437
3158
2923
2891
2538
2090
1535
752
434
87
-491
-851
-1300
-1660
-1589
-1577
-1759
-1758
-1588
-1578
-1475
-1537
-1776
-1720
-1753
-1969
-2058
-2270
-2386
-2361
-2441
-2584
-2592
-2435
-2334
-2170
-2011
-1919
-1577
-1334
-1197
-906
-727
-445
-102
79
202
357
490
621
817
936
990
1102
1112
1188
1368
1368
1384
1423
1395
1519
1674
1708
1740
1781
1911
2167
2366
2490
2708
2962
3181
3213
2962
2846
2755
2306
1757
1091
467
196
-241
-870
-1337
-1691
-1769
-1630
-1749
-1965
-1864
-1685
-1575
-1465
-1649
-1776
-1742
-1877
-2012
-2144
-2286
-2261
-2298
-2407
-2465
-2389
-2162
-2040
-2011
-1945
-1807
-1496
-1234
-1109
-947
-732
-410
-56
201
406
616
768
917
1042
1127
1244
1311
1324
1348
1353
1423
1477
1456
1464
1532
1655
1773
1860
1905
1991
2129
2249
2458
2653
2816
2973
2828
2702
2756
2466
1978
1442
744
323
69
-519
-1125
-1524
-1916
-1896
-1729
-1968
-2018
-1831
-1821
-1622
-1543
-1765
-1761
-1756
-1950
-2024
-2148
-2285
-2265
-2301
-2451
-2479
-2323
-2164
-2015
-1860
-1829
-1662
-1366
-1184
-935
-716
-543
-212
85
347
630
816
1009
1190
1323
1425
1503
1542
1577
1618
1638
1650
1640
1615
1651
1692
1757
1837
1912
2006
2086
2215
2384
2572
2783
2913
2800
2614
2632
2533
2103
1578
850
307
50
-455
-1012
-1488
-1961
-2049
-1956
-2077
-2183
-2096
-1996
-1867
-1768
-1859
-1906
-1885
-2008
-2129
-2233
-2303
-2271
-2276
-2361
-2469
-2391
-2222
-2147
-1999
-1904
-1807
-1501
-1318
-1142
-875
-679
-339
20
268
572
846
1071
1269
1431
1606
1719
1810
1820
1782
1849
1901
1905
1952
1918
1918
2030
2105
2168
2251
2277
2359
2497
2612
2783
2965
2936
2676
2566
2497
2111
1692
1114
354
32
-376
-1031
-1434
-1946
-2320
-2187
-2275
-2497
-2393
-2318
-2280
-2065
-2112
-2226
-2078
-2123
-2247
-2276
-2447
-2469
-2386
-2422
-2466
-2446
-2311
-2188
-2046
-1905
-1844
-1599
-1332
-1147
-875
-680
-429
-56
239
548
829
1037
1272
1490
1666
1817
1907
1948
2035
2087
2063
2067
2055
2082
2148
2154
2179
2256
2316
2388
2464
2508
2587
2755
2909
2866
2634
2520
2407
2058
1667
1049
403
123
-347
-887
-1300
-1891
-2134
-2068
-2273
-2417
-2402
-2394
-2258
-2148
-2253
-2298
-2245
-2280
-2303
-2349
-2464
-2473
-2470
-2503
-2528
-2470
-2326
-2219
-2095
-1998
-1878
-1625
-1462
-1280
-1022
-794
-449
-127
125
459
770
1043
1301
1470
1633
1860
1983
2019
2063
2078
2123
2203
2185
2131
2145
2212
2316
2427
2413
2411
2554
2659
2767
2901
2917
2859
2736
2637
2404
2025
1602
1005
486
53
-507
-922
-1400
-1904
-2136
-2253
-2341
-2431
-2462
-2464
-2432
-2319
-2358
-2392
-2443
-2547
-2502
-2562
-2602
-2611
-2695
-2588
-2553
-2504
-2300
-2227
-2039
-1850
-1755
-1545
-1390
-1212
-979
-760
-460
-177
153
495
780
1082
1361
1622
1863
2054
2181
2255
2338
2344
2329
2380
2368
2371
2403
2403
2480
2580
2654
2697
2746
2837
2923
3079
3114
2876
2744
2581
2247
1958
1409
753
322
-196
-691
-1140
-1703
-2103
-2305
-2454
-2602
-2719
-2739
-2724
-2664
-2654
-2704
-2710
-2712
-2722
-2773
-2817
-2816
-2821
-2747
-2713
-2685
-2517
-2379
-2197
-1975
-1849
-1626
-1397
-1218
-978
-775
-518
-208
66
394
722
1027
1340
1607
1883
2135
2335
2493
2598
2644
2655
2668
2677
2659
2655
2639
2664
2694
2726
2778
2777
2829
2902
2957
3051
2905
2685
2540
2196
1853
1457
814
323
-138
-707
-1134
-1604
-2078
-2285
-2461
-2646
-2724
-2791
-2798
-2749
-2751
-2785
-2813
-2782
-2791
-2825
-2805
-2862
-2846
-2734
-2738
-2650
-2492
-2416
-2223
-2026
-1901
-1685
-1492
-1347
-1132
-903
-660
-360
-69
213
556
907
1237
1542
1803
2060
2306
2510
2660
2724
2761
2793
2833
2855
2837
2826
2839
2851
2894
2922
2918
2949
3009
3051
3071
3013
2815
2598
2356
1909
1497
1067
440
-9
-492
-1126
-1464
-1875
-2289
-2398
-2628
-2801
-2757
-2847
-2917
-2888
-2938
-2986
-2962
-3008
-3069
-3026
-3026
-3038
-2953
-2896
-2819
-2649
-2500
-2375
-2186
-1995
-1830
-1607
-1416
-1259
-996
-738
-470
-108
200
530
922
1258
1609
1935
2184
2447
2678
2875
3014
3060
3096
3123
3142
3163
3132
3100
3095
3090
3104
3107
3090
3104
3140
3090
2970
2809
2521
2206
1800
1282
812
302
-237
-710
-1219
-1644
-1959
-2247
-2441
-2600
-2719
-2741
-2790
-2871
-2925
-3005
-3060
-3093
-3173
-3200
-3193
-3188
-3129
-3071
-2979
-2833
-2681
-2512
-2376
-2222
-2025
-1871
-1695
-1513
-1349
-1091
-815
-563
-221
137
482
885
1222
1531
1899
2187
2442
2689
2848
3017
3165
3237
3295
3321
3347
3382
3394
3377
3332
3316
3314
3284
3269
3183
3035
2902
2657
2360
2023
1535
1073
620
80
-396
-868
-1359
-1707
-2024
-2311
-2475
-2644
-2754
-2780
-2865
-2933
-3002
-3101
-3134
-3217
-3282
-3276
-3318
-3254
-3177
-3136
-2959
-2813
-2634
-2387
-2240
-2045
-1833
-1655
-1443
-1255
-1046
-793
-523
-217
97
436
806
1174
1516
1835
2104
2361
2622
2793
2941
3072
3138
3253
3336
3339
3384
3395
3399
3428
3383
3334
3278
3209
3115
2956
2749
2454
2154
1836
1412
1003
554
61
-360
-798
-1245
-1600
-1927
-2223
-2413
-2578
-2749
-2822
-2895
-2998
-3019
-3107
-3198
-3211
-3288
-3298
-3279
-3284
-3202
-3118
-2990
-2823
-2662
-2446
-2254
-2040
-1825
-1656
-1423
-1220
-1011
-743
-514
-235
86
385
726
1067
1389
1707
1990
2228
2445
2652
2818
2970
3102
3202
3312
3401
3467
3523
3554
3571
3570
3547
3486
3391
3261
3077
2843
2554
2203
1838
1438
1012
587
131
-308
-719
-1123
-1469
-1765
-2038
-2246
-2426
-2593
-2704
-2819
-2937
-3017
-3114
-3203
-3249
-3314
-3341
-3327
-3304
-3213
-3109
-3000
-2841
-2667
-2464
-2256
-2064
-1867
-1678
-1463
-1244
-1037
-789
-529
-245
80
378
689
1025
1325
1631
1894
2095
2298
2472
2630
2783
2898
3020
3132
3230
3324
3383
3448
3501
3518
3520
3459
3364
3253
3067
2830
2534
2181
1818
1418
987
544
99
-326
-727
-1104
-1455
-1745
-1980
-2175
-2337
-2501
-2634
-2728
-2832
-2915
-3022
-3128
-3172
-3223
-3247
-3249
-3243
-3161
-3036
-2909
-2759
-2601
-2409
-2181
-1964
-1756
-1554
-1336
-1088
-837
-586
-324
-39
281
594
895
1188
1462
1735
1983
2174
2339
2491
2630
2767
2882
2976
3071
3160
3237
3297
3342
3365
3369
3348
3275
3166
3026
2824
2586
2299
1957
1598
1200
766
332
-111
-537
-929
-1310
-1658
-1943
-2189
-2381
-2535
-2684
-2795
-2882
-2964
-3036
-3110
-3170
-3201
-3216
-3219
-3201
-3153
-3059
-2924
-2785
-2633
-2456
-2261
-2042
-1821
-1617
-1384
-1135
-871
-592
-323
-38
283
606
910
1203
1465
1720
1967
2163
2332
2487
2610
2741
2862
2943
3034
3119
3184
3254
3279
3274
3284
3250
3189
3109
2968
2815
2637
2401
2135
1835
1482
1112
712
281
-145
-563
-976
-1343
-1684
-1983
-2225
-2441
-2618
-2750
-2868
-2971
-3050
-3143
-3210
-3254
-3296
-3303
-3288
-3260
-3177
-3056
-2930
-2768
-2597
-2417
-2202
-1998
-1798
-1573
-1340
-1085
-806
-530
-238
80
399
734
1050
1335
1618
1877
2103
2310
2484
2628
2773
2893
2985
3076
3141
3194
3241
3240
3228
3210
3155
3087
3005
2883
2752
2601
2407
2184
1917
1611
1279
900
488
73
-354
-775
-1163
-1540
-1870
-2135
-2373
-2565
-2720
-2860
-2960
-3037
-3116
-3175
-3218
-3250
-3244
-3223
-3187
-3103
-2996
-2857
-2693
-2532
-2354
-2151
-1955
-1751
-1536
-1323
-1080
-823
-561
-285
11
317
638
948
1235
1520
1789
2035
2260
2450
2620
2794
2934
3045
3140
3202
3252
3279
3263
3219
3161
3079
2982
2858
2703
2542
2367
2165
1932
1658
1359
1043
697
320
-76
-479
-862
-1213
-1548
-1853
-2117
-2334
-2503
-2645
-2771
-2872
-2945
-2995
-3035
-3071
-3093
-3080
-3037
-2979
-2900
-2802
-2678
-2528
-2371
-2210
-2045
-1870
-1680
-1481
-1278
-1058
-812
-549
-260
38
341
656
964
1269
1563
1834
2085
2316
2528
2712
2878
3017
3129
3220
3280
3316
3319
3290
3231
3148
3042
2912
2760
2579
2383
2169
1930
1661
1362
1037
703
352
-18
-393
-756
-1101
-1414
-1700
-1955
-2171
-2350
-2490
-2606
-2708
-2789
-2851
-2896
-2926
-2944
-2951
-2932
-2887
-2820
-2732
-2634
-2509
-2367
-2216
-2056
-1891
-1722
-1540
-1341
-1137
-918
-680
-426
-154
132
422
718
1015
1305
1585
1843
2091
2321
2526
2707
2870
3006
3114
3200
3255
3285
3288
3261
3201
3117
3006
2876
2714
2523
2302
2057
1787
1482
1156
801
431
51
-331
-701
-1064
-1399
-1696
-1959
-2176
-2355
-2495
-2596
-2665
-2712
-2737
-2750
-2756
-2756
-2744
-2722
-2687
-2643
-2581
-2500
-2402
-2285
-2153
-2003
-1842
-1670
-1485
-1292
-1095
-884
-663
-433
-189
66
331
605
884
1164
1442
1707
1961
2197
2407
2596
2756
2891
3000
3078
3134
3163
3170
3158
3117
3050
2960
2840
2692
2514
2296
2049
1770
1454
1115
746
363
-28
-418
-794
-1149
-1474
-1761
-2010
-2214
-2379
-2503
-2591
-2654
-2685
-2700
-2703
-2690
-2669
-2637
-2596
-2539
-2472
-2394
-2301
-2195
-2076
-1950
-1816
-1677
-1528
-1372
-1208
-1033
-845
-642
-425
-186
68
336
614
893
1171
1440
1705
1950
2173
2374
2547
2698
2820
2916
2989
3036
3058
3055
3024
2975
2899
2793
2660
2505
2323
2115
1877
1608
1314
993
654
299
-54
-404
-750
-1071
-1369
-1635
-1870
-2063
-2219
-2347
-2446
-2525
-2588
-2632
-2666
-2689
-2698
-2690
-2665
-2617
-2541
-2447
-2335
-2203
-2055
-1903
-1748
-1589
-1435
-1275
-1113
-948
-770
-583
-371
-141
105
367
636
911
1181
1441
1684
1908
2112
2291
2447
2578
2693
2785
2857
2906
2931
2933
2909
2859
2784
2674
2540
2381
2196
1989
1761
1519
1255
978
690
392
91
-210
-510
-800
-1072
-1328
-1560
-1769
-1948
-2100
-2234
-2343
-2433
-2514
-2580
-2627
-2661
-2675
-2673
-2652
-2605
-2535
-2435
-2318
-2181
-2025
-1858
-1683
-1502
-1318
-1127
-930
-732
-525
-307
-80
154
397
643
890
1132
1362
1577
1773
1952
2113
2254
2374
2476
2562
2632
2685
2717
2733
2729
2698
2637
2547
2429
2281
2109
1914
1694
1465
1217
962
694
429
164
-103
-361
-609
-851
-1076
-1286
-1489
-1667
-1828
-1976
-2106
-2212
-2308
-2389
-2454
-2501
-2530
-2539
-2529
-2501
-2448
-2375
-2276
-2158
-2024
-1874
-1712
-1536
-1355
-1161
-958
-746
-520
-291
-54
192
441
682
919
1143
1352
1544
1714
1867
1994
2104
2197
2275
2341
2394
2433
2454
2464
2457
2429
2380
2304
2200
2073
1918
1740
1542
1323
1088
848
605
360
114
-123
-351
-566
-767
-959
-1133
-1299
-1445
-1581
-1709
-1823
-1931
-2023
-2108
-2176
-2228
-2270
-2292
-2298
-2282
-2246
-2191
-2117
-2025
-1915
-1788
-1648
-1490
-1316
-1131
-929
-717
-490
-251
-5
245
494
738
967
1184
1384
1560
1714
1842
1949
2041
2106
2157
2190
2207
2217
2214
2198
2167
2122
2060
1976
1877
1760
1625
1468
1293
1107
906
694
473
254
34
-181
-391
-595
-781
-958
-1119
-1268
-1403
-1526
-1637
-1735
-1823
-1900
-1966
-2020
-2063
-2089
-2101
-2096
-2075
-2038
-1986
-1923
-1840
-1739
-1625
-1498
-1355
-1195
-1019
-823
-615
-398
-169
66
308
548
778
998
1204
1391
1557
1699
1823
1923
2001
2061
2099
2121
2130
2122
2101
2064
2013
1946
1868
1773
1661
1538
1401
1253
1092
923
749
565
380
189
-5
-194
-379
-561
-732
-898
-1059
-1206
-1348
-1479
-1590
-1691
-1780
-1849
-1905
-1939
-1961
-1966
-1955
-1931
-1894
-1843
-1781
-1709
-1622
-1529
-1420
-1303
-1170
-1024
-871
-702
-518
-321
-120
90
299
507
712
912
1094
1263
1420
1558
1675
1772
1852
1907
1952
1981
1989
1981
1955
1916
1864
1796
1711
1613
1502
1382
1246
1106
958
804
648
487
325
163
-1
-164
-321
-479
-628
-780
-927
-1064
-1200
-1325
-1438
-1538
-1623
-1696
-1752
-1793
-1821
-1830
-1822
-1797
-1763
-1716
-1656
-1580
-1498
-1400
-1296
-1178
-1051
-912
-760
-599
-434
-259
-82
100
286
465
639
808
965
1110
1246
1367
1473
1563
1634
1688
1736
1768
1780
1778
1756
1721
1673
1612
1527
1431
1329
1213
1089
955
816
678
535
392
246
105
-35
-175
-308
-440
-566
-692
-816
-932
-1045
-1150
-1242
-1325
-1400
-1464
-1511
-1551
-1573
-1582
-1581
-1568
-1544
-1505
-1457
-1394
-1320
-1232
-1128
-1018
-900
-774
-635
-487
-335
-174
-13
147
304
456
606
744
871
990
1105
1203
1298
1377
1438
1493
1525
1547
1558
1553
1535
1504
1454
1395
1318
1231
1133
1025
910
787
661
529
398
264
132
0
-129
-259
-383
-504
-619
-723
-824
-916
-997
-1079
-1150
-1214
-1263
-1311
-1347
-1373
-1387
-1390
-1389
-1370
-1345
-1305
-1256
-1198
-1128
-1045
-948
-842
-725
-597
-465
-327
-185
-41
103
251
397
539
673
799
919
1022
1116
1201
1272
1329
1372
1406
1425
1431
1422
1398
1359
1311
1251
1182
1105
1015
919
817
708
594
475
354
232
115
-9
-129
-242
-350
-458
-560
-656
-750
-838
-915
-985
-1050
-1099
-1146
-1187
-1215
-1237
-1253
-1257
-1253
-1241
-1212
-1178
-1133
-1078
-1012
-939
-857
-767
-665
-556
-439
-312
-184
-50
84
215
347
470
592
706
812
919
1012
1089
1159
1215
1259
1288
1303
1306
1300
1284
1251
1216
1164
1106
1040
960
876
787
691
593
492
394
292
186
78
-29
-137
-239
-336
-435
-524
-612
-692
-770
-844
-911
-973
-1025
-1072
-1109
-1133
-1150
-1159
-1162
-1156
-1139
-1115
-1078
-1037
-988
-921
-846
-761
-673
-578
-475
-368
-258
-142
-22
99
220
338
450
556
659
750
831
899
963
1017
1063
1097
1113
1123
1119
1101
1079
1047
1010
962
912
856
793
726
653
572
491
406
319
230
146
62
-24
-111
-193
-273
-353
-434
-514
-585
-652
-712
-767
-816
-861
-898
-928
-953
-968
-976
-974
-962
-944
-917
-882
-842
-791
-736
-673
-600
-521
-438
-350
-258
-167
-73
23
114
201
285
373
456
535
610
677
735
783
818
846
867
881
888
884
874
856
833
801
760
719
671
618
560
501
441
376
309
238
161
91
19
-51
-124
-193
-266
-338
-404
-468
-528
-582
-631
-680
-717
-750
-776
-791
-803
-808
-809
-799
-786
-756
-720
-684
-635
-584
-524
-462
-399
-333
-261
-193
-121
-49
26
107
179
253
323
390
451
506
552
596
636
664
691
705
717
723
722
716
702
680
654
622
587
545
500
456
408
354
299
246
189
133
72
15
-45
-104
-161
-221
-276
-326
-375
-419
-461
-500
-535
-567
-595
-616
-635
-652
-664
-668
-660
-653
-639
-616
-590
-560
-524
-483
-442
-397
-339
-284
-224
-157
-91
-23
44
110
176
237
298
354
406
453
500
538
573
606
631
646
659
668
664
654
642
621
596
566
535
503
462
424
375
326
273
220
165
104
47
-14
-71
-121
-177
-226
-274
-319
-361
-402
-438
-472
-499
-525
-543
-557
-564
-565
-564
-558
-550
-532
-507
-481
-455
-429
-397
-358
-319
-272
-226
-175
-123
-73
-18
31
82
130
175
224
265
297
328
356
384
404
420
430
437
441
436
429
419
408
392
376
355
334
313
293
264
238
207
176
148
116
88
53
25
-7
-35
-65
-97
-124
-152
-179
-205
-225
-248
-266
-280
-289
-297
-303
-302
-300
-298
-292
-287
-282
-275
-256
-237
-221
-203
-184
-161
-135
-114
-90
-64
-42
-16
8
29
55
77
97
117
138
159
176
189
197
204
209
211
208
202
196
187
172
159
143
126
111
88
71
55
38
26
17
5
0
-5
-18
-27
-32
-35
-40
-46
-52
-55
-57
-58
-60
-65
-66
-66
-68
-68
-65
-65
-62
-59
-54
-51
-47
-40
-32
-21
-16
-12
-4
3
4
9
11
15
16
14
15
13
16
18
12
14
13
13
14
14
12
13
15
15
19
17
15
15
16
12
7
4
2
-3
-13
-18
-22
-25
-25
-32
-31
-31
-30
-27
-24
-20
-17
-10
-6
2
4
5
7
5
5
3
0
0
-4
-9
-12
-15
-16
-16
-17
-21
-22
-18
-14
-14
-9
-4
-2
5
10
14
17
18
18
18
15
12
10
4
1
-4
-7
-12
-16
-14
-12
-8
-7
-5
-1
0
4
5
7
13
15
15
16
17
12
7
9
6
4
-1
-8
-9
-12
-10
-11
-9
-4
-2
2
5
8
8
9
11
16
18
15
14
13
9
10
5
0
-2
-9
-11
-13
-14
-14
-14
-13
-10
-12
-9
2
4
7
11
13
15
12
13
14
14
12
10
12
6
0
2
2
0
2
2
3
2
2
3
5
3
0
3
4
7
7
10
8
5
4
-1
2
2
-9
-9
-14
-17
-16
-17
-11
-8
-9
-6
-1
2
4
8
11
14
11
15
15
11
8
11
12
10
8
3
-2
-1
-2
-2
2
-1
-5
-1
6
4
5
11
14
12
13
15
14
12
11
10
8
4
1
-1
0
-2
-6
-3
-4
-2
-6
-3
-1
-6
-3
0
5
4
4
3
2
-1
-5
-2
-6
-8
-11
-8
-8
-13
-14
-16
-15
-20
-18
-13
-15
-16
-13
-9
-9
-10
-9
-8
-5
-5
-9
-7
-6
-12
-15
-12
-11
-14
-14
-9
-5
-6
-2
3
6
6
9
13
14
13
15
19
13
11
14
17
15
6
6
8
10
7
7
6
3
3
5
6
5
1
-2
-1
-3
-3
-4
-1
-1
-5
-5
-4
-5
-8
-9
-9
-10
-12
-9
-10
-9
-13
-10
-5
-11
-13
-9
-6
-6
-7
-4
2
4
3
2
6
5
5
7
6
5
2
3
3
-1
-5
-3
2
-2
-5
-3
-1
-3
-4
-2
1
-2
-1
1
1
-3
-5
-6
-1
1
1
3
0
0
5
7
10
8
8
12
13
11
7
9
10
8
5
7
6
1
3
4
3
1
2
6
3
5
8
6
6
0
2
3
4
2
1
9
7
2
2
4
7
5
5
9
7
3
4
7
7
7
4
8
9
7
9
12
10
7
3
6
8
3
4
-1
1
0
1
4
3
-1
1
4
3
5
4
9
4
3
7
6
5
4
6
9
5
-2
-1
3
3
-3
-1
-4
-7
-9
-8
-8
-12
-15
-14
-11
-13
-12
-10
-10
-12
-12
-9
-8
-9
-9
-4
-5
-8
-3
-1
0
0
2
6
7
6
3
5
5
3
0
2
2
-2
-1
-5
-5
-7
-10
-9
-12
-8
-9
-7
-8
-11
-10
-8
-11
-14
-12
-10
-13
-13
-12
-12
-6
-5
0
-2
-3
2
1
3
2
1
-1
1
3
-4
-3
-2
0
-2
-3
-5
-2
1
4
5
3
7
9
8
1
2
1
-1
1
-1
-4
-7
-8
-5
-4
-1
1
3
-1
-4
-2
-2
-2
-1
2
0
0
4
2
4
6
5
3
5
4
3
0
-2
-1
-2
0
-3
-5
-2
-3
-3
-2
-2
-2
-3
-7
-6
-6
-8
-11
-17
-14
-7
-8
-6
-8
-11
-10
-12
-10
-7
-8
-9
-6
-6
-6
-1
-3
0
3
3
6
5
7
6
8
10
11
11
10
13
17
18
18
15
17
18
