-1
-1
0
-7
-11
-5
-1
3
1
2
0
-3
0
1
0
0
0
-1
2
3
3
8
9
6
5
8
12
11
13
10
13
12
6
10
7
6
8
6
3
-1
-2
3
-5
-9
-6
-7
-9
-9
-8
-8
-11
-15
-14
-14
-17
-15
-12
-9
-11
-7
-10
-10
-7
-11
-13
-7
-5
-6
-1
1
0
4
2
2
9
13
10
9
13
14
11
8
10
13
14
7
7
5
6
4
3
5
1
3
9
3
2
2
1
6
0
-1
0
0
-1
3
6
2
2
5
1
-4
1
1
-1
-2
-2
-2
-1
-1
-1
4
2
-3
-1
-7
-5
2
2
4
-4
-6
-6
-7
0
-2
-4
-2
1
0
-4
1
4
0
-6
-2
5
9
10
13
8
7
5
5
0
-4
-1
0
-1
2
6
1
-3
-3
2
7
1
-2
0
-1
2
0
-3
2
-2
5
0
-2
-5
-5
-7
-12
-8
-10
-3
-2
-5
-14
-7
-7
-3
6
4
3
-5
-1
0
-1
7
4
8
5
12
7
-6
0
1
4
2
-3
-4
2
-9
-7
-1
-1
-5
-2
13
11
17
19
9
24
39
35
26
31
22
3
27
37
28
19
26
39
42
37
21
25
28
21
25
24
26
23
22
29
31
33
35
46
57
53
57
60
52
54
65
65
61
54
45
34
24
20
10
-6
-9
-6
-13
-31
-40
-27
-29
-38
-42
-52
-63
-52
-22
-30
-41
-38
-45
-33
-15
-19
-48
-49
-36
-58
-64
-49
-37
-41
-53
-66
-72
-67
-50
-50
-75
-80
-95
-81
-71
-69
-62
-53
-28
-45
-44
-33
-1
28
27
18
19
39
37
38
48
52
3
-9
12
26
54
37
27
-11
3
47
53
66
40
22
-15
-10
5
-9
-32
-26
-19
-53
-47
-63
-59
-62
-60
-68
-86
-65
-85
-56
-19
4
-8
-32
-42
-55
-41
-53
-57
-56
-35
-44
-29
-19
-31
21
42
50
40
78
83
57
67
36
21
0
11
-2
10
9
-36
-71
-84
-63
-110
-119
-106
-84
-96
-98
-45
-59
-48
-18
32
51
84
115
127
156
131
104
101
157
118
84
128
163
168
140
146
129
135
108
53
51
75
93
79
67
21
-3
-20
-18
-3
3
0
-39
-19
-12
-25
-19
16
39
31
42
65
75
47
39
-2
-28
-27
-17
-15
-49
-53
-100
-123
-83
-77
-104
-95
-37
-5
-26
-53
-32
-1
43
39
24
50
65
89
71
47
5
-11
1
-11
-3
21
28
7
-12
-13
14
16
11
-9
21
51
-1
-23
-19
30
56
103
153
116
106
142
182
194
224
243
255
218
152
147
186
260
226
238
253
207
177
134
108
39
4
-29
-78
-132
-170
-217
-287
-333
-345
-403
-537
-660
-826
-1032
-1584
-2765
-3893
-3829
-2387
-911
-165
258
863
1511
1697
1165
580
862
1481
1697
1274
725
227
-138
-425
-943
-961
-596
-469
-875
-1548
-1766
-1520
-1212
-1391
-1904
-2111
-1786
-1444
-1280
-1322
-722
780
1925
2530
2575
2918
3563
3995
3966
3241
2818
2604
2160
1310
612
600
604
236
-12
112
-158
-588
-587
-55
207
135
396
443
541
279
-68
-84
43
135
-126
7
285
354
146
-234
-499
-480
-362
-363
-567
-801
-560
-461
-481
-778
-1311
-1338
-1304
-972
-1088
-1150
-831
-863
-872
-702
-444
-550
-642
-331
20
-33
110
251
75
-58
-192
111
-56
-393
-238
91
558
158
130
323
159
3
-134
92
325
633
758
927
1199
1165
1163
1427
1825
1817
1724
2126
2738
2931
2434
1834
1543
1405
1117
808
404
97
-135
-553
-1072
-1679
-2355
-3188
-3682
-3743
-3952
-4283
-4467
-4484
-4403
-4461
-4484
-4249
-3855
-3340
-2922
-2515
-1965
-1533
-1173
-855
-586
-256
69
487
797
916
1141
1479
1672
1918
2269
2581
2702
2733
3099
3716
4100
4271
4599
5278
5747
6199
6834
7317
7788
8261
8812
8453
6876
5132
3875
2776
990
-1120
-2650
-3447
-4171
-5493
-6893
-7961
-8447
-8557
-8543
-8545
-8423
-7841
-6852
-5747
-4887
-4351
-3825
-2829
-1897
-1502
-1415
-1270
-549
464
1047
945
682
596
369
116
-227
-637
-887
-896
-904
-1130
-1464
-1619
-1243
-420
397
1023
1729
2551
3512
4568
5182
5542
6224
7108
7987
8848
9670
10531
11656
12225
10973
8603
6592
5206
3518
963
-1520
-2970
-3622
-4725
-6530
-8125
-9536
-10623
-10988
-10971
-10850
-10332
-9054
-7290
-5606
-4481
-3926
-3136
-1867
-766
52
805
1781
3134
4394
4880
4481
3582
2226
880
28
-1027
-2452
-3508
-3937
-4096
-4467
-5238
-5877
-5713
-5072
-4418
-3554
-2430
-1047
759
2623
3966
4887
5812
6792
7925
9056
9729
10253
11143
12147
12884
13416
13318
11917
9643
7530
5872
3772
687
-2294
-4073
-5097
-6548
-8399
-9866
-10950
-11645
-11843
-11736
-11509
-10897
-9485
-7542
-5643
-4369
-3557
-2386
-969
155
814
1246
2006
3245
4496
4990
4819
4402
3432
2226
1177
-218
-2108
-3788
-4724
-5290
-5992
-6884
-7379
-6906
-6131
-5522
-4611
-3316
-1732
146
2110
3762
5063
6272
7401
8464
9251
9567
9889
10574
11427
12165
12701
12903
12201
10347
8072
6238
4382
1631
-1304
-3244
-4351
-5517
-7027
-8373
-9283
-10056
-10606
-10615
-10328
-9844
-8723
-6902
-4986
-3591
-2734
-1947
-921
-87
173
344
812
1643
2696
3358
3393
3226
2935
2149
1070
24
-1274
-2527
-3409
-4252
-5060
-5783
-6432
-6838
-6934
-6767
-6122
-4867
-3474
-1960
-76
1674
3128
4490
5588
6394
7162
7872
8321
8826
9536
10257
10999
11654
12085
11886
10442
8375
6892
5552
3290
624
-1287
-2473
-3489
-4619
-5844
-6939
-7968
-8768
-9033
-9026
-9037
-8593
-7272
-5721
-4509
-3652
-3005
-2265
-1514
-1209
-1208
-963
-363
492
1440
2100
2440
2477
1918
960
1
-1046
-2168
-2951
-3352
-3573
-3598
-3713
-4031
-4246
-4340
-4476
-4426
-4002
-3206
-1881
-252
1307
2816
4111
4973
5755
6455
6708
6876
7421
8198
9097
10184
11334
12121
11901
10497
8877
7481
5521
2951
792
-534
-1402
-2214
-3195
-4284
-5320
-6412
-7386
-8018
-8649
-9117
-8735
-7580
-6382
-5370
-4539
-3768
-2934
-2435
-2415
-2377
-1992
-1348
-411
612
1256
1580
1642
1339
559
-684
-2238
-3567
-4364
-4973
-5393
-5335
-4963
-4453
-3793
-3172
-2685
-2171
-1459
-507
799
2246
3637
5048
6435
7619
8556
9303
9784
10231
10855
11557
12109
12073
11241
10030
8991
7524
5137
2389
41
-1765
-3298
-4695
-5898
-6753
-7435
-7926
-8127
-8380
-8895
-8962
-8179
-7138
-6239
-5301
-4196
-2955
-1775
-1018
-548
-118
299
756
1306
1656
1790
1991
1992
1563
539
-905
-2389
-3484
-4489
-5630
-6363
-6494
-6230
-5809
-5256
-4710
-4052
-3189
-2135
-956
194
1457
3142
5052
6592
7787
8938
10009
10807
11389
11779
12157
12555
12541
11818
10553
9201
7591
5506
2919
408
-1712
-3568
-5188
-6427
-7279
-8047
-8490
-8531
-8442
-8506
-8394
-7835
-7008
-6078
-5115
-4025
-2857
-1736
-804
-102
305
585
948
1317
1480
1461
1422
1239
864
136
-901
-2108
-3182
-4175
-5117
-5837
-6255
-6222
-5788
-5030
-4222
-3412
-2584
-1636
-569
447
1506
2763
4177
5478
6646
7784
8890
9868
10584
11024
11352
11574
11408
10631
9504
8338
6964
5145
2922
827
-1036
-2692
-4203
-5424
-6320
-6963
-7166
-7079
-6910
-6882
-6677
-6186
-5588
-5005
-4436
-3707
-2875
-1990
-1288
-767
-394
-100
229
485
605
607
604
551
347
-193
-1126
-2213
-3173
-4096
-4996
-5784
-6231
-6215
-5740
-5004
-4236
-3401
-2508
-1473
-498
324
1071
1980
3110
4293
5430
6432
7457
8517
9480
10110
10539
10937
11079
10682
9803
8817
7674
6172
4318
2514
870
-695
-2168
-3383
-4332
-5143
-5670
-5897
-5907
-5924
-5821
-5527
-5120
-4707
-4355
-3906
-3408
-2839
-2350
-1971
-1654
-1341
-979
-708
-478
-358
-303
-344
-477
-786
-1429
-2192
-2907
-3503
-4168
-4847
-5287
-5399
-5215
-4865
-4280
-3585
-2828
-2012
-1127
-274
426
1169
2056
3091
4083
4986
5926
6960
7989
8830
9483
10083
10634
10832
10464
9747
8889
7806
6348
4615
2929
1289
-273
-1699
-2865
-3839
-4692
-5238
-5545
-5696
-5915
-5988
-5886
-5663
-5350
-5013
-4481
-3888
-3186
-2617
-2140
-1775
-1451
-1082
-778
-457
-270
-105
-45
-70
-401
-1072
-1864
-2642
-3369
-4176
-4787
-5092
-5042
-4809
-4377
-3757
-3057
-2342
-1653
-923
-239
505
1318
2254
3226
4262
5305
6297
7244
8100
8841
9396
9940
10334
10366
9837
9051
8204
7090
5565
3734
2050
493
-910
-2200
-3290
-4215
-4967
-5375
-5559
-5662
-5842
-5821
-5556
-5130
-4740
-4405
-3950
-3403
-2771
-2275
-1883
-1576
-1263
-947
-693
-487
-404
-344
-383
-464
-741
-1205
-1837
-2574
-3234
-3857
-4296
-4691
-4820
-4658
-4169
-3535
-2871
-2067
-1274
-457
204
941
1609
2271
2971
3782
4754
5602
6477
7253
8102
8821
9475
9969
10033
9708
9004
8268
7177
5740
3972
2285
846
-472
-1648
-2802
-3678
-4400
-4818
-5123
-5356
-5578
-5717
-5548
-5228
-4806
-4479
-4053
-3525
-2964
-2548
-2311
-2064
-1791
-1479
-1260
-1087
-960
-809
-633
-562
-754
-1258
-1848
-2356
-2749
-3220
-3702
-3975
-3846
-3465
-3106
-2779
-2343
-1667
-933
-321
115
553
1129
1805
2460
2986
3544
4264
5126
5928
6542
7123
7795
8584
9154
9286
8937
8365
7740
6886
5650
4050
2544
1304
274
-782
-1863
-2787
-3509
-3984
-4404
-4852
-5351
-5706
-5724
-5543
-5336
-5212
-4946
-4510
-4044
-3710
-3527
-3282
-2955
-2510
-2116
-1767
-1464
-1140
-763
-501
-465
-686
-927
-1110
-1308
-1597
-1931
-2085
-2072
-1902
-1725
-1536
-1331
-1072
-681
-298
65
325
693
1169
1670
2101
2497
3053
3724
4462
5125
5775
6471
7246
8042
8568
8674
8328
7853
7282
6425
5128
3602
2319
1278
334
-775
-1873
-2821
-3558
-4137
-4699
-5271
-5853
-6143
-6124
-5924
-5775
-5642
-5307
-4809
-4287
-3958
-3729
-3436
-2983
-2428
-1925
-1503
-1170
-766
-367
-79
-76
-281
-443
-487
-531
-793
-1113
-1278
-1196
-1083
-1091
-1140
-1076
-859
-596
-351
-148
111
510
1055
1601
1985
2322
2775
3435
4106
4649
5086
5603
6297
7063
7718
7977
7880
7548
7165
6569
5566
4187
2779
1640
658
-350
-1523
-2625
-3500
-4130
-4683
-5296
-5856
-6220
-6233
-6057
-5853
-5689
-5454
-5022
-4543
-4142
-3930
-3673
-3281
-2748
-2220
-1801
-1394
-984
-516
-145
60
72
51
108
173
113
-107
-265
-264
-168
-153
-213
-216
-89
159
362
521
661
888
1234
1601
1908
2112
2344
2621
2899
3096
3243
3457
3773
4167
4627
5192
5781
6204
6328
6192
5927
5425
4598
3471
2259
1141
102
-882
-1851
-2729
-3469
-4051
-4515
-4960
-5404
-5765
-5928
-5930
-5877
-5806
-5668
-5366
-4935
-4472
-4073
-3705
-3269
-2730
-2177
-1714
-1267
-771
-150
504
1102
1540
1778
1903
1971
1959
1740
1371
1068
973
978
923
843
803
838
843
793
726
629
551
516
579
631
634
645
768
961
1096
1250
1574
2130
2786
3485
4294
5184
5931
6297
6298
6079
5645
4884
3792
2591
1488
530
-372
-1282
-2199
-3048
-3788
-4448
-5121
-5811
-6400
-6758
-6864
-6826
-6713
-6478
-6047
-5481
-4897
-4381
-3880
-3292
-2566
-1765
-970
-206
542
1279
1961
2511
2857
3006
3060
3067
3033
2899
2643
2371
2152
1966
1708
1364
1014
706
412
70
-294
-588
-767
-855
-914
-958
-929
-780
-524
-262
-46
207
642
1296
2043
2740
3392
4150
5037
5820
6206
6164
5901
5553
5022
4146
2961
1736
673
-276
-1251
-2294
-3270
-4062
-4696
-5274
-5825
-6294
-6594
-6673
-6572
-6383
-6141
-5769
-5180
-4448
-3727
-3099
-2478
-1757
-978
-273
309
884
1538
2257
2917
3436
3820
4105
4280
4281
4065
3680
3240
2812
2389
1906
1377
855
395
-33
-493
-996
-1451
-1800
-2032
-2155
-2207
-2159
-2002
-1764
-1474
-1191
-928
-676
-391
-45
370
882
1535
2302
3100
3873
4596
5221
5608
5661
5404
4958
4324
3455
2388
1272
282
-577
-1410
-2252
-3035
-3707
-4270
-4769
-5249
-5663
-5926
-5972
-5804
-5510
-5132
-4664
-4070
-3382
-2693
-2049
-1416
-730
7
727
1418
2111
2827
3525
4098
4474
4665
4718
4642
4397
3976
3445
2889
2352
1810
1231
633
51
-481
-958
-1436
-1963
-2508
-2963
-3255
-3412
-3531
-3596
-3502
-3200
-2771
-2364
-2021
-1693
-1312
-876
-426
-9
406
931
1613
2392
3129
3783
4420
5069
5593
5831
5727
5406
5013
4544
3896
3029
2074
1197
440
-333
-1221
-2149
-2948
-3574
-4104
-4618
-5031
-5217
-5153
-4916
-4625
-4300
-3888
-3343
-2739
-2195
-1731
-1251
-658
22
693
1306
1898
2489
3062
3536
3845
3995
4006
3909
3689
3334
2857
2309
1744
1129
451
-272
-1021
-1752
-2448
-3091
-3648
-4123
-4496
-4722
-4784
-4704
-4526
-4261
-3915
-3487
-2995
-2448
-1857
-1212
-526
196
914
1618
2309
2965
3570
4097
4576
5032
5478
5881
6207
6443
6556
6510
6246
5728
4981
4089
3113
2046
908
-223
-1241
-2105
-2877
-3613
-4308
-4885
-5293
-5538
-5667
-5687
-5523
-5135
-4562
-3919
-3278
-2620
-1897
-1132
-439
151
695
1284
1920
2508
2962
3254
3438
3534
3480
3185
2680
2067
1435
804
134
-548
-1163
-1665
-2077
-2473
-2891
-3265
-3537
-3691
-3763
-3794
-3735
-3528
-3163
-2718
-2253
-1763
-1220
-637
-53
520
1087
1675
2278
2836
3295
3647
3926
4133
4247
4229
4126
4017
3919
3810
3645
3446
3217
2940
2557
2060
1463
827
228
-362
-956
-1519
-1972
-2290
-2523
-2733
-2916
-3030
-3048
-2991
-2890
-2736
-2504
-2182
-1796
-1424
-1120
-849
-583
-356
-215
-149
-95
-2
136
266
356
406
431
426
366
226
38
-155
-307
-440
-566
-665
-722
-729
-719
-712
-715
-702
-657
-581
-493
-422
-366
-308
-250
-194
-154
-115
-49
46
181
338
518
697
869
1033
1155
1215
1236
1257
1287
1329
1371
1420
1492
1580
1679
1760
1784
1771
1735
1677
1596
1466
1322
1170
1015
843
636
406
169
-53
-263
-475
-686
-872
-1004
-1108
-1199
-1285
-1371
-1431
-1479
-1527
-1562
-1577
-1556
-1498
-1405
-1296
-1168
-1024
-870
-717
-588
-480
-379
-277
-178
-97
-22
37
78
110
109
83
59
40
37
25
18
15
2
-27
-79
-145
-209
-233
-233
-207
-163
-100
-23
63
131
172
223
297
402
529
669
822
980
1123
1219
1270
1274
1256
1239
1207
1168
1132
1102
1062
1003
919
796
661
522
365
205
46
-101
-229
-353
-471
-578
-677
-779
-885
-989
-1083
-1166
-1224
-1256
-1251
-1220
-1163
-1095
-1043
-1006
-987
-980
-977
-971
-966
-935
-889
-827
-760
-719
-689
-670
-644
-616
-580
-529
-453
-363
-269
-188
-117
-51
15
83
153
237
355
489
632
769
894
1011
1103
1187
1248
1293
1343
1398
1453
1500
1536
1558
1552
1521
1456
1359
1237
1108
983
855
739
625
528
434
329
214
83
-51
-171
-280
-372
-435
-497
-546
-592
-651
-710
-795
-885
-974
-1062
-1146
-1215
-1283
-1347
-1392
-1433
-1461
-1473
-1464
-1427
-1357
-1265
-1163
-1041
-904
-757
-616
-492
-374
-259
-140
-25
78
182
304
441
577
711
825
927
1026
1106
1167
1198
1235
1284
1334
1378
1400
1415
1418
1406
1353
1272
1190
1104
1028
964
886
798
721
648
561
446
336
239
162
90
12
-61
-123
-176
-236
-313
-407
-507
-613
-729
-866
-1026
-1189
-1342
-1477
-1614
-1735
-1813
-1866
-1883
-1886
-1868
-1828
-1759
-1650
-1528
-1389
-1220
-1025
-812
-582
-353
-128
102
339
571
777
972
1152
1313
1461
1585
1669
1723
1747
1722
1657
1545
1389
1193
979
748
501
261
37
-177
-368
-529
-674
-792
-872
-907
-905
-863
-774
-643
-486
-300
-100
99
295
484
661
808
945
1069
1164
1237
1282
1280
1234
1140
1001
819
598
342
62
-232
-530
-826
-1116
-1394
-1643
-1872
-2060
-2207
-2312
-2345
-2311
-2197
-2032
-1801
-1509
-1179
-818
-452
-72
299
663
1000
1310
1594
1834
2029
2164
2242
2259
2215
2115
1962
1759
1523
1262
988
696
407
118
-174
-453
-709
-954
-1160
-1331
-1458
-1541
-1578
-1564
-1500
-1387
-1234
-1039
-820
-572
-304
-34
234
493
723
925
1100
1232
1314
1351
1340
1279
1174
1023
838
620
378
123
-136
-381
-610
-823
-1014
-1159
-1271
-1348
-1382
-1385
-1354
-1285
-1174
-1041
-870
-672
-459
-233
-4
216
419
595
752
876
967
1033
1072
1077
1061
1023
959
872
766
653
520
387
254
119
-7
-120
-221
-310
-384
-450
-511
-548
-569
-589
-599
-583
-566
-534
-478
-419
-351
-274
-189
-105
-20
73
160
234
300
352
386
400
401
390
361
329
297
264
227
187
144
100
56
12
-36
-68
-91
-112
-126
-123
-110
-94
-75
-48
-27
2
30
44
67
95
119
130
142
137
120
96
64
24
-21
-69
-113
-159
-206
-240
-274
-307
-338
-355
-366
-361
-345
-319
-287
-250
-210
-171
-130
-107
-89
-75
-62
-58
-57
-53
-56
-63
-72
-90
-121
-144
-171
-187
-196
-185
-164
-124
-61
8
85
162
245
320
389
466
544
609
681
752
807
860
894
906
904
876
826
757
673
588
489
385
287
184
78
-36
-151
-265
-380
-497
-604
-693
-775
-828
-871
-898
-900
-895
-869
-840
-806
-763
-709
-654
-592
-521
-446
-362
-277
-196
-115
-53
0
50
86
111
132
150
162
176
188
196
205
214
215
205
200
181
168
160
151
149
160
184
212
245
286
327
362
402
439
477
514
541
570
597
619
627
626
617
604
577
535
490
427
352
267
173
67
-38
-144
-252
-347
-439
-522
-591
-654
-708
-756
-802
-837
-869
-893
-904
-912
-902
-880
-849
-800
-745
-679
-611
-532
-453
-374
-288
-207
-116
-18
88
188
300
408
500
587
652
702
743
764
767
759
733
708
667
623
568
504
436
357
288
217
152
103
60
37
26
26
34
43
54
75
94
106
125
141
158
171
185
191
184
164
135
94
35
-32
-109
-194
-275
-360
-423
-492
-556
-612
-666
-703
-739
-763
-780
-780
-775
-754
-724
-667
-592
-507
-401
-296
-185
-71
42
157
262
359
449
523
597
650
699
736
740
736
717
680
623
557
483
403
331
257
185
117
62
15
-31
-73
-91
-101
-110
-107
-89
-66
-46
-20
9
29
44
60
63
64
66
50
40
16
-17
-52
-99
-149
-211
-281
-345
-412
-476
-522
-566
-606
-633
-655
-662
-651
-631
-592
-537
-471
-396
-298
-201
-102
7
115
221
322
421
519
603
671
729
767
791
800
792
768
734
689
631
567
498
415
322
226
126
30
-63
-146
-207
-252
-289
-312
-323
-321
-318
-311
-307
-293
-274
-254
-218
-190
-154
-113
-86
-69
-61
-57
-69
-85
-97
-110
-123
-136
-153
-172
-190
-210
-239
-275
-313
-352
-381
-396
-403
-400
-388
-362
-331
-288
-237
-179
-111
-32
55
141
234
329
417
495
573
634
683
727
748
761
763
746
720
677
623
558
495
416
342
267
190
111
31
-47
-129
-203
-269
-338
-390
-428
-461
-472
-480
-485
-487
-487
-488
-489
-483
-470
-454
-430
-396
-363
-326
-297
-266
-241
-217
-191
-164
-129
-93
-53
-10
40
87
124
154
177
194
204
212
222
233
254
266
282
301
307
316
321
326
329
335
334
335
334
330
315
293
266
229
185
142
94
48
4
-38
-74
-111
-141
-162
-176
-185
-191
-190
-188
-175
-164
-159
-156
-149
-147
-147
-145
-150
-154
-166
-175
-188
-213
-237
-255
-275
-299
-313
-327
-332
-324
-314
-294
-277
-256
-228
-196
-155
-110
-56
-6
60
125
189
254
317
372
423
467
503
536
565
577
585
593
584
573
546
513
462
405
347
281
209
136
58
-18
-93
-167
-238
-310
-381
-436
-482
-526
-543
-559
-556
-541
-519
-489
-460
-420
-373
-321
-266
-214
-158
-112
-72
-27
6
37
54
70
85
96
94
92
86
75
69
58
45
31
23
14
11
2
-3
3
11
25
41
61
84
114
145
185
232
275
318
358
395
429
456
471
487
494
491
480
461
422
378
327
263
192
116
30
-59
-143
-233
-318
-404
-480
-547
-614
-665
-708
-731
-750
-756
-749
-729
-705
-663
-609
-555
-480
-410
-328
-242
-153
-61
28
115
202
284
358
428
477
528
568
592
611
612
605
586
562
529
482
429
376
318
260
199
140
84
37
-2
-46
-77
-98
-118
-129
-129
-123
-114
-94
-68
-51
-26
-4
18
34
42
54
58
56
48
25
3
-27
-66
-99
-141
-189
-243
-294
-338
-384
-421
-460
-487
-505
-525
-535
-529
-515
-489
-461
-419
-362
-300
-220
-139
-56
39
131
222
318
403
488
562
620
674
721
752
767
764
744
711
667
609
543
471
391
304
214
125
38
-49
-130
-204
-277
-342
-396
-441
-476
-503
-513
-508
-502
-484
-455
-420
-379
-338
-296
-247
-202
-154
-103
-62
-19
17
38
61
74
79
80
72
61
51
34
16
-1
-17
-31
-46
-58
-60
-76
-82
-73
-67
-48
-26
0
40
79
119
171
218
262
303
344
381
409
430
440
453
456
448
432
399
359
309
253
188
123
57
-12
-77
-146
-212
-270
-327
-381
-429
-471
-512
-543
-565
-575
-569
-560
-543
-509
-479
-432
-384
-334
-274
-208
-147
-95
-38
26
80
134
184
225
259
281
301
306
313
323
325
322
315
313
311
302
285
266
251
231
206
192
175
152
140
133
124
123
113
108
111
109
101
98
95
91
90
81
75
60
46
24
0
-25
-56
-88
-120
-151
-177
-205
-234
-254
-283
-304
-324
-353
-373
-392
-411
-422
-428
-428
-418
-408
-389
-365
-337
-301
-260
-220
-177
-131
-82
-25
34
94
155
209
260
306
348
383
416
442
464
485
502
514
519
515
503
489
462
431
396
359
315
268
219
167
123
77
33
-18
-59
-93
-132
-160
-184
-206
-223
-224
-232
-235
-235
-238
-235
-233
-224
-229
-230
-223
-216
-214
-207
-198
-198
-198
-194
-192
-199
-207
-216
-230
-235
-239
-239
-238
-237
-223
-215
-191
-172
-149
-119
-89
-41
7
50
96
151
207
258
309
353
388
415
438
459
469
475
477
471
461
446
420
385
344
297
243
194
133
78
20
-38
-86
-132
-173
-214
-247
-275
-291
-304
-312
-313
-310
-296
-278
-258
-234
-215
-195
-172
-156
-139
-121
-112
-100
-84
-74
-71
-67
-70
-68
-67
-71
-76
-84
-94
-94
-88
-81
-81
-68
-60
-45
-13
9
40
65
92
126
167
202
229
260
289
304
324
335
335
331
318
300
281
258
225
190
147
112
71
33
-8
-51
-86
-116
-139
-173
-198
-217
-226
-227
-226
-221
-213
-209
-188
-174
-156
-132
-119
-97
-81
-65
-48
-42
-41
-39
-35
-31
-37
-48
-57
-61
-62
-63
-65
-71
-75
-71
-62
-49
-38
-24
-5
19
51
80
108
135
162
194
223
245
257
266
276
282
285
276
258
238
213
184
154
116
76
31
-12
-43
-81
-122
-157
-186
-213
-230
-245
-252
-256
-255
-243
-233
-214
-196
-177
-151
-122
-95
-68
-46
-26
-3
17
36
47
51
53
54
55
53
46
31
15
7
-4
-17
-29
-40
-49
-52
-46
-41
-40
-40
-32
-13
7
30
48
61
88
112
133
152
167
176
187
199
206
214
205
191
185
171
152
132
105
75
49
24
-2
-37
-73
-105
-134
-154
-174
-190
-205
-219
-223
-223
-222
-222
-219
-207
-191
-176
-156
-137
-121
-99
-73
-46
-24
-15
1
20
37
59
67
81
91
98
106
112
119
116
117
119
122
123
116
113
104
102
97
85
69
59
50
39
31
21
10
-4
-11
-16
-24
-38
-43
-46
-46
-41
-39
-32
-31
-30
-25
-21
-15
-12
-8
-7
-4
3
6
2
-10
-15
-17
-26
-34
-45
-52
-59
-61
-65
-70
-71
-75
-69
-66
-57
-53
-46
-35
-20
-2
11
22
30
41
49
61
69
78
88
99
105
107
113
110
104
103
102
98
94
88
82
75
67
55
37
24
8
-6
-18
-33
-52
-67
-78
-89
-101
-111
-122
-133
-141
-139
-136
-137
-130
-126
-121
-112
-100
-88
-72
-62
-46
-28
-14
1
16
23
30
38
45
50
54
62
66
72
76
77
80
82
82
87
92
98
99
105
114
119
117
120
119
114
110
104
99
95
88
78
68
51
39
22
7
-5
-23
-33
-42
-50
-58
-67
-69
-75
-83
-87
-97
-102
-105
-106
-102
-106
-107
-112
-114
-117
-122
-121
-123
-120
-117
-113
-107
-101
-96
-89
-81
-74
-61
-49
-36
-20
-4
12
25
36
48
59
69
77
86
98
108
117
123
128
131
133
135
138
139
141
144
146
149
143
141
138
130
121
108
98
86
74
60
46
30
10
-9
-34
-53
-70
-89
-105
-121
-130
-138
-144
-153
-160
-165
-167
-162
-160
-153
-146
-137
-125
-117
-105
-97
-87
-74
-66
-55
-46
-34
-22
-10
0
6
17
25
34
41
45
52
60
66
72
77
82
85
87
88
87
89
92
90
91
94
94
93
92
89
86
82
79
81
83
85
82
82
80
78
73
65
58
51
43
35
26
15
7
-7
-20
-33
-47
-59
-68
-79
-88
-95
-102
-108
-116
-119
-121
-124
-127
-124
-122
-120
-111
-104
-100
-90
-80
-73
-63
-51
-43
-31
-19
-6
3
9
21
27
35
42
47
52
54
59
61
62
62
61
56
52
46
40
35
29
26
19
18
11
4
-4
-8
-13
-16
-19
-21
-20
-19
-22
-19
-15
-16
-12
-12
-11
-7
-6
-2
0
2
5
9
9
8
8
9
10
8
6
6
4
1
-1
-5
-7
-11
-17
-19
-18
-19
-24
-26
-27
-28
-30
-31
-33
-29
-28
-25
-20
-19
-14
-10
-4
3
8
11
16
19
22
26
31
34
36
38
40
39
38
41
38
37
37
37
36
31
30
26
24
20
20
21
15
16
12
11
12
12
10
11
13
11
17
17
17
20
18
18
20
20
20
21
20
19
20
18
17
13
13
9
7
8
5
2
1
-1
-4
-5
-9
-11
-12
-11
-12
-15
-16
-17
-19
-18
-19
-18
-21
-22
-23
-24
-24
-24
-25
-25
-26
-27
-27
-25
-22
-24
-22
-19
-22
-23
-19
-17
-16
-15
-15
-11
-8
-7
-7
-5
-5
-3
-2
0
0
2
4
5
6
8
8
10
12
13
13
10
12
10
13
15
10
13
11
9
7
7
7
4
1
0
-5
-8
-11
-14
-17
-23
-28
-31
-34
-38
-43
-44
-46
-47
-47
-47
-45
-44
-42
-42
-38
-33
-27
-21
-17
-8
-1
4
12
16
22
29
31
35
38
40
42
43
42
40
38
37
35
31
25
21
16
12
8
4
1
-4
-6
-6
-4
-5
-6
-5
-4
0
3
6
11
15
20
25
27
29
31
34
35
36
35
34
33
31
27
22
15
8
2
-5
-12
-18
-26
-32
-38
-43
-47
-51
-53
-54
-53
-51
-51
-48
-45
-41
-33
-24
-17
-11
-4
2
9
15
20
27
29
33
36
36
37
36
35
32
28
23
20
14
11
9
5
1
-1
-5
-5
-5
-5
-5
-4
-2
-2
2
4
9
12
14
17
18
23
24
27
28
29
31
27
24
25
21
14
11
8
3
-1
-7
-11
-19
-22
-26
-31
-33
-36
-37
-39
-39
-38
-37
-35
-34
-32
-29
-28
-24
-20
-17
-14
-10
-5
1
1
-1
0
0
0
0
-4
-4
-4
-3
-4
-7
-9
-7
-1
2
6
5
7
8
11
14
14
15
20
28
30
31
30
31
31
34
38
35
34
34
34
30
25
21
16
11
6
2
1
-8
-14
-15
-20
-25
-27
-25
-24
-28
-26
-16
-11
-10
-7
0
6
9
13
17
16
13
18
21
19
17
21
18
10
5
-1
-4
-11
-15
-17
-24
-29
-27
-29
-38
-46
-45
-42
-42
-41
-41
-40
-35
-22
-7
3
4
10
20
25
27
31
37
37
38
43
44
42
39
38
39
43
50
53
41
32
36
38
35
28
19
10
4
3
0
-11
-16
-12
-10
-13
-11
-4
-5
-8
-1
7
3
1
3
-4
-14
-14
-14
-22
-32
-33
-33
-35
-31
-22
-26
-38
-43
-39
-41
-43
-40
-45
-46
-35
-26
-39
-58
-63
-57
-48
-40
-36
-41
-40
-27
-20
-27
-28
-18
-5
3
13
23
23
21
29
35
35
36
40
41
37
43
47
41
39
49
58
62
64
69
70
68
66
57
51
59
65
60
55
55
50
41
29
11
-3
-8
-5
-17
-43
-53
-47
-49
-58
-61
-58
-55
-44
-31
-37
-50
-45
-27
-20
-23
-19
-13
-10
-5
6
7
-9
-17
-13
-6
-3
1
4
7
22
43
51
36
28
37
51
57
54
45
37
38
40
31
18
10
12
20
26
26
19
21
23
23
16
8
3
-2
0
3
8
8
2
6
1
-1
-5
4
13
18
27
27
24
20
19
20
19
15
15
14
17
13
6
7
19
23
23
14
-7
-16
-21
-19
-23
-22
-14
-2
-4
-4
-10
-17
-10
-5
2
9
18
17
16
17
27
34
37
45
53
49
47
55
49
44
38
31
33
20
26
29
22
4
-6
-9
-9
-9
-20
-25
-43
-51
-52
-57
-72
-71
-56
-59
-64
-63
-68
-60
-47
-39
-33
-35
-24
-21
-22
-15
-25
-32
-33
-45
-63
-76
-104
-121
-126
-137
-145
-159
-190
-234
-273
-304
-353
-412
-437
-466
-492
-605
-817
-995
-1027
-835
-563
-328
-74
281
669
862
818
646
485
364
311
283
127
-45
-132
-126
-154
-232
-189
-10
72
142
356
494
478
486
617
516
321
328
413
334
179
238
227
150
85
138
164
194
282
429
417
272
288
295
267
186
223
68
-10
272
353
196
5
201
309
39
-2
101
174
103
-39
-6
99
3
-85
-114
-105
-101
-201
-82
7
69
3
-232
-228
-253
-280
-346
-293
-205
-200
-159
-127
-158
-263
-254
-287
-296
-290
-258
-25
66
-13
-52
-39
-35
-200
-192
-87
-123
-100
-111
-3
42
50
50
-102
-52
-32
-57
16
76
115
-3
-130
-67
-42
-81
-178
-91
136
164
87
60
138
103
-57
-30
40
50
12
-48
-18
-43
-173
-283
-261
-167
-190
-301
-289
-181
-128
-160
-171
-133
-87
-156
-282
-186
-4
36
-49
-48
51
-31
-212
-180
-12
-14
-147
-110
74
94
-59
-93
5
19
-32
-11
147
247
178
118
179
227
122
75
182
283
243
214
302
328
258
153
142
201
238
288
326
373
370
330
270
172
105
108
147
161
159
161
186
155
91
45
-8
-66
-114
-89
-53
-61
-113
-173
-210
-223
-259
-329
-350
-346
-342
-349
-327
-349
-399
-391
-355
-347
-408
-406
-328
-227
-199
-203
-154
-91
-53
-45
21
84
90
98
130
156
101
79
138
199
209
197
265
331
365
396
424
456
490
563
661
721
761
816
887
951
945
920
906
893
864
817
828
842
812
742
636
508
294
45
-191
-414
-637
-890
-1111
-1300
-1494
-1696
-1878
-2004
-2084
-2114
-2091
-2041
-1962
-1836
-1683
-1513
-1332
-1148
-966
-774
-583
-426
-283
-139
-1
139
280
378
425
500
605
692
749
810
895
961
1033
1133
1247
1338
1390
1475
1577
1649
1722
1803
1927
2025
2108
2209
2313
2431
2344
2073
1713
1371
1000
452
-116
-673
-1083
-1426
-1783
-2108
-2397
-2565
-2727
-2832
-2919
-2992
-2950
-2776
-2489
-2263
-2071
-1850
-1547
-1265
-1120
-1001
-804
-494
-182
115
373
556
682
722
693
571
391
197
82
78
59
44
115
289
464
602
760
922
1125
1345
1587
1817
2028
2229
2428
2652
2811
2952
3085
3255
3349
3181
2826
2373
2006
1496
788
73
-551
-1035
-1566
-1996
-2390
-2776
-3086
-3326
-3395
-3483
-3502
-3386
-3090
-2697
-2358
-1977
-1601
-1191
-848
-613
-501
-429
-278
-129
25
95
149
186
222
253
140
-11
-221
-386
-528
-657
-712
-731
-606
-400
-114
172
457
799
1135
1448
1724
2038
2348
2643
2907
3166
3375
3506
3630
3751
3820
3595
3137
2631
2172
1596
804
14
-686
-1240
-1785
-2275
-2696
-3087
-3391
-3600
-3625
-3653
-3662
-3510
-3155
-2692
-2291
-1853
-1380
-878
-432
-117
108
220
267
284
304
266
112
-49
-143
-215
-344
-543
-732
-871
-983
-1114
-1216
-1216
-1126
-943
-643
-282
96
523
1012
1498
1903
2250
2548
2843
3111
3309
3482
3629
3773
3872
3982
3959
3613
3074
2496
1966
1236
374
-435
-1096
-1600
-2096
-2476
-2820
-3104
-3311
-3387
-3347
-3384
-3322
-3091
-2670
-2218
-1792
-1330
-896
-443
-91
156
275
297
271
220
181
47
-150
-330
-435
-541
-728
-957
-1179
-1323
-1434
-1532
-1576
-1532
-1370
-1084
-666
-237
184
669
1211
1713
2106
2441
2709
2971
3188
3345
3464
3555
3655
3734
3862
3816
3450
2913
2410
1953
1224
363
-441
-1043
-1538
-2019
-2346
-2646
-2879
-3031
-2978
-2880
-2923
-2874
-2638
-2227
-1866
-1504
-1113
-728
-328
-15
214
287
305
265
191
76
-157
-417
-652
-781
-918
-1105
-1308
-1471
-1529
-1584
-1629
-1639
-1577
-1415
-1147
-758
-363
76
605
1170
1685
2113
2492
2766
2987
3157
3260
3332
3388
3482
3574
3719
3693
3383
2920
2468
2024
1296
455
-333
-927
-1428
-1893
-2178
-2436
-2616
-2717
-2628
-2541
-2607
-2570
-2392
-2075
-1818
-1521
-1195
-869
-513
-234
-19
36
81
53
-35
-199
-441
-660
-886
-1011
-1134
-1255
-1403
-1520
-1542
-1593
-1625
-1643
-1575
-1443
-1212
-859
-486
-37
466
1025
1548
2005
2404
2684
2940
3128
3283
3399
3504
3639
3768
3963
3977
3728
3303
2894
2465
1742
889
66
-553
-1118
-1629
-1968
-2240
-2425
-2536
-2447
-2392
-2473
-2496
-2361
-2111
-1944
-1726
-1452
-1130
-797
-500
-255
-142
-50
-14
-40
-203
-450
-687
-885
-1044
-1221
-1376
-1510
-1587
-1636
-1678
-1716
-1728
-1676
-1563
-1347
-1048
-718
-311
208
773
1281
1723
2141
2482
2766
2984
3156
3289
3398
3560
3733
3922
3896
3649
3296
2946
2502
1755
922
136
-477
-1065
-1576
-1932
-2202
-2350
-2397
-2271
-2231
-2283
-2262
-2094
-1877
-1762
-1562
-1319
-1006
-693
-386
-127
23
182
288
358
253
40
-210
-432
-630
-930
-1206
-1454
-1595
-1721
-1830
-1883
-1906
-1861
-1775
-1559
-1323
-1076
-722
-233
316
783
1259
1724
2149
2521
2831
3078
3229
3380
3543
3721
3868
3820
3569
3224
2947
2537
1834
1007
263
-351
-998
-1562
-1987
-2293
-2504
-2527
-2377
-2299
-2289
-2182
-1926
-1704
-1559
-1370
-1138
-883
-598
-288
-53
124
316
497
606
576
437
208
-21
-263
-584
-980
-1339
-1578
-1791
-1972
-2098
-2127
-2109
-2012
-1789
-1541
-1301
-977
-473
43
501
958
1441
1902
2310
2702
2984
3186
3349
3529
3683
3780
3754
3519
3196
2894
2556
1954
1188
485
-119
-715
-1304
-1736
-2066
-2302
-2366
-2255
-2134
-2111
-1978
-1728
-1468
-1305
-1154
-964
-788
-555
-325
-133
-18
123
293
403
425
326
178
-7
-195
-463
-820
-1178
-1473
-1712
-1948
-2135
-2262
-2313
-2261
-2079
-1848
-1615
-1305
-861
-365
96
557
1003
1429
1848
2267
2601
2820
3023
3237
3427
3541
3602
3531
3298
3013
2744
2372
1758
1078
496
1
-515
-987
-1320
-1582
-1720
-1722
-1610
-1564
-1539
-1415
-1219
-1055
-996
-918
-834
-703
-586
-480
-404
-361
-272
-175
-89
-115
-195
-281
-362
-492
-727
-975
-1222
-1431
-1640
-1827
-1981
-2102
-2124
-2048
-1874
-1685
-1450
-1138
-757
-357
14
411
801
1184
1548
1911
2222
2465
2701
2921
3117
3236
3343
3341
3187
2953
2715
2410
1904
1335
811
351
-130
-562
-886
-1146
-1332
-1408
-1360
-1332
-1323
-1268
-1141
-1040
-1015
-988
-932
-850
-780
-710
-649
-592
-507
-400
-288
-232
-215
-224
-235
-279
-417
-612
-815
-982
-1167
-1368
-1556
-1700
-1765
-1761
-1686
-1608
-1487
-1288
-1017
-752
-510
-223
95
434
756
1073
1382
1688
2001
2301
2544
2731
2916
3104
3185
3103
2936
2752
2485
2071
1610
1152
695
232
-150
-438
-711
-934
-1054
-1061
-1093
-1146
-1167
-1146
-1133
-1170
-1177
-1175
-1152
-1126
-1068
-987
-923
-825
-705
-556
-452
-377
-314
-282
-269
-329
-413
-537
-650
-768
-905
-1018
-1143
-1207
-1242
-1207
-1184
-1168
-1093
-959
-786
-664
-492
-297
-71
160
404
662
892
1169
1447
1742
2007
2274
2554
2810
3041
3131
3107
3002
2883
2655
2250
1792
1335
913
486
120
-203
-505
-731
-860
-922
-1060
-1195
-1283
-1334
-1418
-1535
-1608
-1678
-1715
-1715
-1651
-1584
-1504
-1370
-1200
-1026
-901
-790
-700
-618
-565
-544
-540
-561
-581
-588
-556
-536
-541
-528
-459
-371
-324
-276
-217
-150
-91
-18
60
100
145
207
297
361
420
500
600
747
918
1120
1325
1561
1833
2122
2401
2629
2788
2844
2860
2824
2681
2386
2018
1659
1279
869
443
53
-314
-634
-868
-1075
-1306
-1545
-1710
-1845
-2014
-2194
-2341
-2435
-2508
-2532
-2522
-2474
-2379
-2217
-1996
-1771
-1535
-1295
-1020
-745
-501
-300
-140
24
173
314
416
495
559
634
735
803
825
811
805
776
700
586
451
321
206
143
88
33
10
58
154
241
334
437
569
708
873
1055
1239
1447
1680
1945
2192
2411
2553
2598
2563
2452
2244
1895
1467
992
501
7
-464
-899
-1322
-1658
-1899
-2075
-2259
-2432
-2548
-2625
-2683
-2743
-2763
-2758
-2701
-2572
-2385
-2171
-1937
-1631
-1264
-869
-511
-176
157
474
756
967
1122
1202
1244
1273
1283
1242
1141
1069
1041
1029
972
894
818
729
636
532
417
268
132
59
31
-1
-46
-38
24
121
202
266
323
390
493
597
705
796
906
1044
1202
1331
1369
1341
1274
1182
995
710
368
12
-336
-682
-989
-1274
-1515
-1688
-1777
-1821
-1871
-1915
-1917
-1867
-1823
-1795
-1758
-1684
-1568
-1423
-1243
-1056
-847
-597
-292
18
280
515
755
1011
1228
1391
1508
1600
1676
1732
1766
1739
1671
1599
1537
1440
1277
1074
848
623
379
117
-155
-410
-620
-782
-900
-998
-1064
-1093
-1071
-1019
-981
-956
-919
-850
-767
-676
-581
-464
-315
-146
36
203
349
473
590
679
714
701
659
618
558
473
374
287
216
133
40
-66
-177
-292
-414
-530
-646
-761
-847
-881
-894
-881
-826
-735
-600
-444
-278
-103
76
244
412
563
689
792
872
928
964
982
958
918
883
844
791
714
631
549
468
375
269
157
49
-27
-78
-114
-128
-110
-54
37
132
192
221
221
190
103
-53
-261
-486
-704
-910
-1085
-1224
-1314
-1332
-1278
-1177
-1063
-948
-826
-687
-565
-487
-441
-398
-348
-280
-207
-133
-38
85
234
395
534
645
747
846
921
952
939
912
889
856
802
735
665
600
551
497
426
346
264
193
127
35
-71
-175
-262
-341
-418
-495
-562
-596
-609
-613
-609
-598
-575
-533
-493
-463
-440
-414
-383
-350
-327
-305
-277
-238
-189
-142
-100
-61
-14
30
71
101
124
150
188
218
238
264
290
316
335
341
337
321
301
280
256
220
187
170
163
158
151
148
154
162
166
168
173
178
190
212
243
277
315
356
401
436
446
438
413
368
302
219
123
26
-69
-164
-248
-325
-406
-480
-543
-602
-663
-726
-787
-826
-849
-859
-847
-812
-755
-672
-568
-453
-336
-220
-105
14
124
219
302
379
454
524
577
611
639
659
665
661
638
598
549
495
432
358
270
173
81
-11
-106
-201
-287
-357
-403
-435
-443
-424
-387
-337
-265
-187
-113
-40
23
86
140
184
218
254
282
298
311
314
301
266
212
145
63
-39
-149
-261
-362
-450
-524
-575
-607
-618
-610
-582
-542
-497
-451
-387
-314
-237
-154
-70
27
134
239
338
432
518
588
647
685
700
695
676
644
597
533
454
372
283
195
100
0
-93
-176
-245
-305
-354
-393
-414
-418
-412
-399
-379
-354
-315
-271
-219
-164
-109
-47
18
83
136
183
217
239
247
239
213
178
141
98
59
17
-22
-56
-87
-113
-140
-168
-196
-219
-239
-250
-255
-251
-234
-204
-160
-102
-42
19
81
139
193
237
270
294
314
327
333
329
319
304
286
260
224
182
134
87
35
-12
-62
-105
-141
-175
-202
-230
-253
-274
-288
-295
-300
-299
-292
-280
-258
-230
-200
-169
-140
-111
-82
-57
-38
-24
-6
15
38
66
90
124
158
195
226
252
271
281
291
294
290
282
270
259
245
230
210
185
160
130
99
59
13
-34
-78
-124
-167
-207
-247
-281
-306
-321
-330
-331
-322
-305
-277
-242
-205
-159
-114
-67
-18
23
56
86
113
134
153
167
174
181
186
189
187
171
150
122
85
40
-10
-65
-120
-173
-215
-249
-274
-290
-292
-281
-262
-237
-205
-166
-121
-70
-20
38
99
163
232
298
359
416
466
503
530
540
531
506
468
412
342
264
176
84
-8
-95
-183
-265
-335
-394
-443
-481
-503
-513
-513
-502
-476
-445
-404
-357
-304
-247
-183
-122
-60
1
59
113
160
198
229
248
259
262
255
243
221
198
173
144
114
84
55
27
-1
-29
-54
-78
-103
-120
-132
-138
-140
-133
-118
-100
-75
-44
-10
30
70
110
146
180
209
233
255
264
267
264
256
240
215
186
148
109
63
15
-35
-88
-138
-186
-229
-269
-304
-331
-350
-359
-360
-351
-334
-309
-277
-238
-198
-157
-117
-77
-39
-4
31
66
99
133
165
195
225
251
271
284
292
295
289
278
258
236
212
184
154
124
96
66
36
5
-24
-55
-88
-117
-142
-163
-179
-189
-190
-183
-173
-153
-127
-97
-69
-42
-13
8
25
32
34
31
26
11
-8
-30
-52
-77
-100
-128
-153
-175
-197
-213
-225
-229
-231
-223
-212
-187
-154
-114
-63
-14
41
97
155
208
258
301
339
366
387
400
402
400
389
373
351
328
296
259
221
178
134
84
38
-9
-56
-92
-129
-158
-180
-195
-204
-210
-210
-207
-202
-195
-186
-180
-170
-163
-152
-139
-129
-118
-108
-97
-89
-82
-77
-79
-81
-87
-92
-99
-103
-110
-116
-119
-120
-121
-121
-118
-115
-106
-98
-84
-71
-56
-36
-11
17
47
79
111
143
176
205
229
254
277
294
306
312
312
307
299
282
263
237
201
168
130
87
47
9
-29
-62
-92
-114
-131
-141
-147
-145
-138
-126
-108
-86
-65
-40
-16
7
24
43
61
67
72
72
67
55
36
12
-17
-53
-90
-132
-173
-211
-247
-283
-313
-334
-348
-352
-349
-338
-320
-291
-258
-219
-173
-122
-72
-16
41
100
158
214
267
313
355
388
411
426
430
422
404
379
344
301
251
199
144
91
35
-20
-72
-122
-166
-204
-234
-262
-279
-286
-287
-276
-256
-229
-195
-153
-111
-61
-11
38
82
117
151
173
189
198
199
192
173
153
125
98
64
29
-7
-42
-78
-107
-132
-154
-166
-171
-171
-161
-145
-121
-88
-56
-17
22
60
94
122
145
163
174
182
180
172
164
148
126
101
75
45
12
-20
-54
-85
-115
-147
-175
-196
-211
-223
-230
-229
-223
-212
-194
-174
-155
-131
-106
-79
-50
-29
-1
23
45
70
90
104
118
128
134
134
127
118
104
91
72
53
38
20
11
2
1
2
7
19
31
46
62
81
101
119
138
154
170
180
189
196
195
194
189
175
156
137
110
85
59
27
-4
-35
-65
-92
-116
-135
-150
-164
-177
-189
-197
-204
-209
-215
-217
-220
-220
-222
-217
-209
-201
-191
-181
-169
-158
-149
-140
-130
-118
-107
-95
-86
-72
-57
-38
-15
5
25
46
63
81
97
112
127
141
157
170
181
193
203
213
222
228
228
227
224
220
212
206
195
181
170
154
142
129
117
107
95
83
71
61
49
37
25
11
-4
-24
-41
-61
-80
-96
-116
-139
-163
-185
-207
-227
-248
-269
-287
-302
-314
-324
-327
-325
-320
-305
-286
-266
-234
-206
-172
-134
-97
-60
-26
10
47
85
122
157
191
218
238
259
270
280
284
276
264
247
232
214
192
171
148
125
99
71
46
20
-2
-20
-36
-50
-60
-68
-69
-61
-54
-41
-26
-16
-2
16
31
48
63
72
81
85
90
85
78
67
51
31
2
-24
-53
-80
-105
-129
-154
-176
-189
-201
-207
-210
-202
-188
-169
-147
-123
-91
-57
-23
10
38
63
84
103
119
130
139
139
139
132
124
111
100
83
65
49
27
8
-10
-24
-31
-35
-39
-37
-37
-35
-30
-27
-18
-16
-10
-10
-11
-9
-4
-1
0
0
-2
-10
-19
-27
-37
-47
-62
-78
-92
-106
-118
-121
-125
-129
-127
-126
-120
-110
-95
-74
-51
-24
7
36
73
110
146
180
215
243
264
282
292
298
298
292
278
252
227
194
153
114
75
34
-8
-46
-82
-110
-133
-148
-159
-165
-167
-168
-160
-146
-130
-111
-90
-70
-51
-33
-14
-1
7
10
8
-5
-17
-35
-55
-76
-99
-122
-146
-168
-190
-209
-224
-234
-247
-256
-259
-257
-248
-230
-204
-171
-133
-91
-49
-2
44
92
144
188
229
270
303
334
359
381
394
399
396
387
368
344
314
280
240
202
162
123
84
48
16
-13
-42
-67
-86
-102
-108
-115
-116
-114
-110
-107
-106
-98
-95
-93
-91
-95
-104
-110
-119
-129
-139
-150
-164
-176
-185
-192
-196
-198
-196
-192
-184
-172
-157
-141
-125
-108
-91
-78
-67
-57
-47
-35
-23
-10
6
23
38
54
69
85
97
108
121
129
140
153
166
179
194
206
216
222
226
229
225
217
209
196
179
163
140
121
102
81
60
37
14
-12
-34
-59
-80
-100
-119
-134
-141
-148
-150
-146
-140
-131
-120
-107
-96
-85
-75
-68
-62
-56
-53
-54
-54
-53
-52
-52
-51
-48
-47
-41
-41
-40
-39
-43
-43
-43
-45
-52
-53
-54
-48
-42
-31
-17
-2
14
30
44
59
69
76
82
89
93
97
101
104
108
111
113
111
110
102
91
76
61
45
23
7
-9
-26
-40
-57
-69
-83
-98
-110
-122
-134
-143
-145
-150
-148
-140
-124
-106
-84
-58
-31
0
29
58
82
102
117
129
136
141
141
135
130
120
111
100
92
87
77
68
58
49
41
30
18
9
-3
-9
-13
-21
-23
-23
-22
-19
-18
-14
-11
-11
-14
-19
-26
-30
-39
-50
-54
-60
-68
-69
-73
-76
-83
-85
-88
-93
-96
-101
-101
-101
-101
-101
-101
-100
-98
-94
-93
-91
-89
-84
-79
-74
-66
-56
-44
-28
-7
16
37
60
83
106
131
149
166
180
191
200
206
208
206
203
196
186
173
165
152
138
123
112
97
85
73
59
45
29
14
-1
-14
-24
-36
-45
-54
-67
-77
-87
-96
-108
-120
-130
-142
-156
-164
-172
-179
-181
-180
-181
-178
-173
-167
-161
-149
-135
-124
-110
-95
-76
-61
-46
-30
-14
-1
14
28
38
49
60
74
84
96
108
123
133
146
156
167
176
184
192
195
197
197
197
188
180
172
161
148
129
110
89
71
49
27
5
-18
-37
-56
-73
-90
-106
-120
-127
-138
-147
-150
-156
-157
-159
-160
-160
-159
-158
-158
-152
-151
-149
-146
-141
-136
-130
-122
-115
-105
-92
-84
-67
-52
-34
-14
4
24
47
68
91
111
134
154
171
189
200
211
217
220
220
217
212
200
188
175
158
137
118
98
76
54
35
14
-5
-21
-39
-53
-66
-79
-89
-97
-106
-114
-120
-125
-128
-135
-139
-142
-144
-141
-142
-142
-141
-142
-135
-131
-124
-115
-107
-97
-86
-72
-60
-47
-33
-16
-3
10
25
36
47
58
67
76
83
90
103
112
115
119
128
133
135
140
142
142
143
146
141
134
128
122
115
102
88
76
61
49
35
18
-1
-20
-30
-48
-63
-75
-88
-101
-111
-120
-130
-139
-144
-151
-152
-158
-163
-161
-161
-161
-157
-152
-149
-140
-127
-114
-100
-88
-69
-49
-29
-10
12
34
52
77
100
117
129
147
162
168
175
180
181
180
174
165
156
146
132
119
103
84
70
57
42
27
17
4
-8
-12
-17
-25
-29
-31
-29
-25
-29
-33
-29
-27
-29
-25
-26
-31
-35
-33
-41
-53
-58
-66
-75
-84
-96
-108
-120
-130
-138
-143
-152
-159
-156
-153
-155
-146
-132
-122
-105
-81
-62
-41
-17
10
37
62
84
110
133
152
169
189
199
201
214
218
214
206
198
187
175
158
137
118
96
79
60
34
8
-8
-24
-43
-59
-69
-84
-94
-96
-103
-105
-109
-107
-104
-101
-100
-95
-85
-77
-72
-68
-64
-64
-58
-50
-53
-55
-54
-55
-56
-53
-57
-65
-67
-65
-64
-64
-68
-65
-51
-49
-41
-33
-24
-15
-3
15
27
39
52
71
86
99
111
123
135
144
151
159
158
155
160
158
145
139
133
124
111
98
80
62
47
29
15
-5
-25
-34
-49
-66
-79
-90
-102
-111
-112
-120
-128
-130
-129
-132
-130
-132
-129
-122
-115
-110
-99
-96
-93
-79
-70
-64
-58
-50
-37
-28
-19
-11
-6
3
16
22
30
36
41
53
60
65
73
74
80
87
95
96
98
103
106
110
109
107
110
107
106
104
96
92
84
79
70
51
42
33
17
7
-10
-26
-36
-50
-58
-72
-85
-93
-102
-107
-113
-114
-114
-117
-112
-109
-103
-100
-90
-79
-73
-62
-55
-47
-34
-26
-17
-9
-6
2
8
11
16
17
21
26
26
26
29
30
33
36
39
41
44
46
51
53
56
63
65
67
73
73
74
79
77
77
73
69
65
55
52
42
30
26
8
0
-9
-26
-36
-46
-56
-64
-71
-76
-83
-89
-88
-91
-90
-96
-91
-84
-81
-71
-67
-60
-53
-48
-35
-32
-25
-12
-9
-2
5
8
17
20
28
37
40
46
50
57
58
64
71
70
76
76
79
82
75
78
77
71
70
61
55
51
36
31
21
8
0
-11
-21
-30
-40
-48
-57
-61
-66
-69
-71
-72
-67
-66
-63
-59
-56
-48
-45
-40
-29
-29
-22
-16
-15
-8
-11
-12
-8
-10
-9
-10
-14
-12
-15
-16
-18
-19
-20
-21
-16
-16
-12
-7
-1
7
13
21
33
40
50
57
65
75
77
85
91
89
93
90
89
86
76
67
59
48
39
29
19
8
-4
-15
-25
-34
-45
-50
-58
-69
-71
-75
-79
-79
-84
-83
-85
-86
-81
-80
-75
-71
-68
-63
-60
-57
-52
-45
-39
-33
-27
-21
-12
-2
3
11
19
25
34
38
48
55
58
65
69
71
77
76
78
76
72
75
69
66
60
54
48
42
34
28
23
16
10
4
0
-6
-9
-15
-16
-17
-20
-21
-26
-27
-24
-27
-27
-25
-29
-30
-33
-30
-35
-36
-37
-43
-43
-45
-48
-50
-49
-48
-50
-48
-46
-46
-41
-40
-33
-26
-24
-17
-11
-6
5
11
17
27
32
41
47
51
57
60
64
69
70
72
72
71
71
70
65
64
61
54
49
45
38
35
26
19
13
6
0
-7
-14
-19
-27
-33
-39
-46
-51
-58
-63
-67
-71
-76
-76
-75
-75
-73
-71
-68
-63
-56
-51
-43
-37
-33
-24
-14
-7
1
8
15
23
29
33
37
42
44
45
48
51
49
49
48
45
42
40
38
36
30
29
25
22
22
19
16
13
13
11
10
7
4
3
0
-2
-4
-8
-12
-13
-15
-19
-19
-22
-24
-27
-27
-30
-34
-33
-33
-35
-34
-34
-33
-31
-28
-28
-26
-25
-19
-16
-16
-12
-11
-9
-6
-4
0
2
4
4
6
10
12
14
15
16
21
23
26
29
32
34
37
41
42
43
45
47
48
49
47
46
43
41
39
35
29
23
19
12
5
-2
-7
-11
-17
-22
-28
-31
-33
-36
-39
-40
-39
-38
-37
-37
-36
-32
-27
-24
-21
-18
-13
-8
-8
-5
-1
4
6
9
10
12
14
16
16
15
16
18
19
19
19
20
22
23
23
22
24
24
27
29
28
30
32
31
31
30
29
31
30
29
28
24
23
21
18
12
11
10
8
3
-3
-6
-10
-13
-17
-21
-24
-25
-25
-29
-32
-34
-36
-39
-42
-46
-48
-49
-50
-51
-54
-55
-55
-54
-55
-56
-54
-53
-52
-51
-50
-43
-38
-36
-32
-29
-25
-20
-14
-11
-8
-1
2
6
8
10
12
14
17
16
17
18
18
16
16
15
14
14
12
10
7
7
5
4
3
1
-1
1
-1
-3
-4
-2
-1
-2
-3
-3
-2
-1
-1
-2
0
2
4
8
5
6
10
14
14
15
14
16
21
21
23
22
25
27
27
27
28
30
31
30
30
29
28
29
28
27
26
28
27
24
21
21
21
19
16
13
11
12
10
7
3
4
3
1
-1
-3
-3
-3
-3
-5
-8
-7
-7
-5
-6
-8
-6
-5
-5
-4
-5
-3
-1
1
2
1
5
9
13
11
12
16
17
19
20
21
21
22
23
22
21
21
22
23
22
21
18
18
16
14
10
8
8
4
2
-4
-7
-10
-14
-17
-23
-26
-27
-31
-34
-38
-42
-42
-44
-46
-49
-51
-51
-51
-51
-55
-54
-51
-51
-51
-50
-47
-46
-42
-41
-40
-37
-35
-31
-29
-26
-23
-17
-15
-13
-10
-9
-5
-2
0
3
5
7
11
12
12
13
13
16
16
14
15
15
15
13
14
15
14
14
12
10
10
12
11
7
7
9
9
7
6
6
8
7
5
4
5
7
8
8
7
9
10
9
10
10
12
13
13
13
13
13
13
12
15
13
12
13
12
13
11
8
8
7
8
5
3
3
3
3
0
0
-2
0
-3
-5
-4
-3
-4
-6
-5
-2
-1
-2
-3
-4
-1
1
1
0
2
5
6
6
6
8
10
11
9
11
13
15
13
14
16
16
15
12
12
14
11
9
10
9
5
3
2
1
1
0
-3
-5
-5
-5
-5
-9
-9
-10
-11
-13
-15
-13
-13
-13
-12
-12
-9
-6
-8
-7
-5
-3
-1
1
2
4
5
4
5
5
8
10
9
10
11
12
10
10
13
12
10
9
8
9
6
3
1
-1
-2
-3
-5
-6
-7
-7
-8
-8
-11
-11
-11
-12
-11
-9
-8
-10
-8
-8
-7
-7
-6
-6
-4
-1
-3
-4
-2
1
1
2
2
4
7
8
7
8
10
9
9
10
9
10
9
10
8
8
8
7
4
5
4
4
1
0
-1
-3
-3
-5
-4
-5
-6
-7
-8
-7
-7
-9
-9
-8
-8
-8
-9
-10
-7
-4
-5
-4
-5
-3
-1
-3
-1
1
2
2
2
3
4
5
5
3
6
7
6
4
3
5
4
3
3
4
3
1
1
1
1
0
-1
-1
-3
-3
-4
-6
-7
-6
-6
-7
-5
-6
-5
-4
-7
-5
-4
-2
-4
-2
0
1
0
-1
1
2
2
2
2
3
5
4
4
5
4
4
5
6
4
4
3
2
3
2
2
1
0
0
-1
1
-2
-1
-3
-3
-2
-1
1
-1
-3
-4
-4
-3
-4
-3
-3
-4
-2
-2
-2
-1
-1
-1
-3
-2
-1
-1
-1
-2
0
1
0
1
1
2
3
2
3
1
1
0
0
1
2
0
0
0
0
0
1
1
0
-1
1
2
-1
0
2
1
0
1
1
-1
-1
-1
-1
-1
0
0
0
-1
-1
2
1
1
1
1
3
2
1
2
2
3
2
1
2
1
2
1
1
2
0
1
2
1
0
-1
1
-1
-1
-2
-5
-3
-2
-4
-3
-3
-3
-2
-3
-3
-1
-1
-1
0
0
1
0
2
1
1
1
2
3
4
4
5
4
3
3
4
3
4
5
4
6
5
5
5
4
4
3
0
1
2
2
2
2
1
0
1
1
2
1
3
3
1
2
2
1
0
-1
2
0
0
1
-1
-1
0
-1
-2
0
0
0
-1
-1
-1
-1
-1
-3
-1
0
-1
-2
-2
0
-2
-1
-1
-2
-2
-3
-2
-3
-5
-5
-4
-4
-5
-5
-4
-5
-2
-3
-1
-2
-2
-1
-1
0
1
0
0
-1
1
1
0
0
1
0
1
0
0
-1
-1
2
1
2
1
0
0
1
0
1
1
1
-1
1
1
1
-1
-2
-1
-1
0
-1
0
-1
-1
1
0
1
-1
1
1
0
0
0
-1
-1
0
-1
1
0
-2
-2
-2
-1
-1
-2
-2
-2
-3
-4
-4
-4
-2
-2
-3
-4
-3
-2
-2
-3
-2
-1
-2
-2
-3
-2
-2
-2
-4
-3
-2
-2
-1
-1
1
1
0
0
-1
-3
-3
-1
0
1
-1
0
1
1
0
0
-2
-2
0
0
0
0
0
-1
0
0
0
1
1
2
1
3
2
2
1
3
2
2
1
0
2
2
3
2
2
3
2
2
2
2
2
2
1
1
1
1
0
1
0
0
1
0
2
0
0
0
1
1
0
1
1
1
2
2
0
2
1
0
-1
-1
-2
0
-2
-2
0
-1
-1
0
1
0
-1
1
1
0
0
0
1
1
1
2
0
1
3
2
2
2
3
4
5
2
4
3
4
2
2
2
1
2
2
0
0
0
-1
-2
-1
0
1
0
-1
1
0
2
1
1
0
-1
-1
-2
-2
0
0
-2
-2
-1
-1
-3
-4
-2
-2
-2
-1
-2
-2
-1
0
-2
-1
2
4
1
1
1
1
2
2
2
2
2
2
1
1
2
2
-1
-1
0
1
0
0
-1
1
2
1
0
1
2
1
-1
-1
-1
-2
-1
-3
-2
-1
0
-1
-2
-1
-1
0
-1
-2
-1
-1
-2
-3
-1
1
0
-2
-1
1
2
0
-1
-2
-1
2
-2
-2
-1
-1
-1
-1
-1
0
-1
-2
-2
-2
-2
-2
-2
-3
-1
-2
-3
-3
-5
-2
-2
-3
-3
-3
-2
-2
-2
-3
-3
0
-2
-2
-3
-3
-3
-4
-3
-1
-2
-4
-4
-4
-1
-3
-5
-2
-3
0
1
0
1
0
0
0
-2
0
3
1
1
2
3
4
2
2
2
4
2
3
4
6
5
3
3
3
4
2
1
1
1
3
0
-1
1
3
0
0
-2
-3
0
-2
-2
0
0
-1
-3
-2
-2
-2
-1
-1
-1
-2
-1
-1
-1
1
1
1
1
1
3
2
2
1
0
3
2
2
0
3
3
1
-1
0
1
2
2
-1
1
1
2
0
1
4
3
1
1
0
3
2
2
1
1
2
2
1
2
1
2
1
1
2
1
-1
-1
1
1
1
3
0
-1
2
2
0
0
1
1
1
1
1
2
0
-1
0
-1
-1
-3
-3
-3
-1
-1
-3
-3
-2
1
0
-1
0
-2
-2
-2
-4
-2
-1
-1
-4
-2
0
0
0
0
-2
0
3
0
-1
-1
0
1
-1
-1
-1
-2
0
0
1
1
-1
-2
-2
0
-1
-2
-2
-1
-1
-2
-1
-3
-3
-2
0
0
0
2
-1
0
-1
2
1
-1
-2
0
3
2
-1
-1
-3
-2
0
-1
-1
-4
-4
-4
-3
-3
-2
-4
-5
-3
1
2
-1
-4
-3
-1
2
1
0
-2
-1
1
2
1
-2
-4
-2
1
4
2
-2
-3
-3
-1
1
1
-2
-3
0
1
2
1
0
0
1
2
3
1
-1
-2
1
2
2
1
-2
-1
2
4
4
3
1
2
6
7
5
2
1
3
4
6
5
0
0
-1
3
5
2
0
-1
1
4
3
0
-2
-2
0
4
3
2
-1
-3
0
5
2
-2
-4
-3
0
1
0
-1
-2
-1
0
2
1
-2
-3
-3
0
3
0
-1
-4
-2
0
1
-1
-3
-3
-1
2
2
0
-1
-1
0
4
3
0
-1
-2
1
3
2
0
-3
-2
2
5
2
2
0
0
2
3
4
2
0
0
2
3
2
0
0
2
2
4
1
0
0
1
4
4
1
-1
-2
0
3
2
-1
-2
-3
0
0
0
-1
-3
-1
-1
1
1
-1
-2
-3
-3
0
0
0
-2
-1
1
3
1
0
-1
-1
2
4
2
0
0
2
2
2
3
0
1
2
4
4
2
0
-1
0
1
2
0
-2
0
1
1
0
-1
-4
-4
-2
-1
-2
-4
-3
-4
-3
-2
-3
-4
-3
-3
-4
-2
-5
-2
-3
1
1
2
1
0
2
1
2
2
1
1
2
2
1
1
0
-1
0
3
4
3
2
-1
-1
-1
0
0
-2
-2
-1
-3
-2
-2
-1
-1
-2
1
-1
-1
-1
-2
-1
-1
-3
-2
-1
-2
-2
-2
-2
-2
-3
-3
-3
-3
-2
-2
-2
-2
-1
-1
-1
-1
1
1
1
-1
1
1
1
0
0
0
-1
0
2
0
0
-1
0
0
0
1
0
0
2
2
1
1
2
-1
-1
-1
-3
-1
-1
0
-2
-2
-2
-2
-2
-2
-1
-1
-1
-1
-1
1
0
-1
-1
0
-1
-2
-1
-2
-2
-2
-3
-3
-3
-4
-3
-3
-4
-3
-3
-2
-1
-3
-3
-2
-1
-2
-1
0
2
3
1
0
1
1
2
1
2
0
1
1
-1
2
2
1
2
3
3
3
4
3
0
3
3
2
2
2
2
2
3
3
1
2
3
3
2
4
3
2
1
4
2
2
2
1
2
2
1
3
4
4
4
4
3
3
4
2
2
2
3
3
2
1
1
2
2
1
-1
0
-1
0
1
0
0
-1
0
-1
1
-1
0
0
0
-1
-1
0
0
0
-1
0
-1
0
1
1
0
0
1
2
1
0
0
1
1
0
-2
-1
-2
-1
0
-1
0
0
1
1
1
1
1
1
1
2
2
2
1
1
0
1
-1
-1
1
0
-1
0
1
1
0
0
1
-1
1
2
1
1
1
1
1
2
3
1
-1
0
-1
0
0
-1
-1
0
-1
0
0
0
-1
-3
-1
-1
-2
-1
-1
-2
-3
-1
-2
-2
-2
-2
-4
-3
-3
-2
-1
-2
-2
-1
-1
-1
-1
-1
0
-2
-1
0
0
0
-2
-3
0
-1
-2
-2
-3
0
-2
0
-2
0
1
-1
0
-2
1
-1
0
0
0
1
0
1
1
1
1
1
0
1
2
2
1
0
1
0
2
2
1
1
0
0
0
0
-1
0
0
0
0
0
0
-1
1
-3
-2
0
0
-1
0
1
0
1
0
-1
0
-2
-2
0
-1
-2
-1
-1
-2
-3
-2
-2
-3
-3
-4
-6
-6
-5
-5
-4
-2
-3
-3
-4
-4
-5
-3
-4
-6
-6
-8
-5
-5
-6
-6
-9
-8
-7
-9
-7
-6
-7
-7
-7
-8
-7
-7
-7
-6
-6
-5
-6
-6
-5
-3
-5
-4
-4
-4
-3
-2
-2
0
0
0
0
2
2
1
2
1
2
3
3
3
4
5
5
5
4
5
5
4
5
4
4
3
3
3
2
1
2
1
2
3
3
3
4
5
6
5
6
6
5
6
7
7
7
7
7
7
8
7
7
7
7
8
10
10
9
9
11
10
8
11
10
11
11
10
10
10
11
11
11
11
12
11
12
11
10
9
9
9
9
8
8
9
9
7
6
6
5
4
4
6
4
4
5
3
1
2
0
-1
0
-1
-3
-2
-2
-2
-2
-3
-5
-5
-5
-5
-6
-9
-7
-7
-9
-9
-7
-10
-10
-9
-10
-9
-10
-12
-13
-11
-13
-11
-13
-14
-12
-12
-12
-11
-11
-12
-12
-12
-11
-12
-10
-13
-12
-12
-13
-12
-13
-11
-12
-13
-12
-13
-12
-12
-13
-13
-11
-13
-12
-12
-11
-11
-9
-9
-9
-7
-6
-7
-6
-5
-6
-5
-4
-2
-1
-2
-1
-1
1
0
0
4
3
3
4
5
5
5
8
7
7
8
8
8
7
6
7
7
6
8
7
7
7
8
8
8
8
8
7
8
8
7
7
7
8
7
5
3
4
3
5
2
3
4
4
3
3
3
4
5
4
4
6
4
6
6
5
4
7
5
3
5
4
6
4
4
4
5
4
3
5
5
6
7
7
7
7
8
8
9
8
7
8
7
7
8
8
7
7
7
8
7
8
9
8
7
8
7
8
7
6
5
5
5
6
5
5
4
3
2
3
2
-1
-1
-1
-3
-4
-5
-6
-8
-8
-9
-9
-12
-12
-13
-13
-14
-15
-15
-16
-16
-16
-17
-17
-17
-17
-17
-16
-16
-15
-14
-11
-13
-13
-13
-13
-12
-11
-11
-10
-6
-6
-5
-5
-5
-3
-3
-2
-2
0
0
2
3
4
4
5
5
5
7
6
8
8
10
11
10
13
13
12
13
11
13
13
9
10
10
10
9
8
6
7
6
6
6
4
3
2
1
1
0
-1
-4
-4
-2
-3
-4
-7
-6
-8
-9
-9
-9
-9
-10
-11
-12
-13
-12
-12
-13
-12
-12
-12
-11
-13
-12
-10
-9
-10
-9
-8
-7
-7
-6
-6
-5
-3
-3
-1
-1
-1
-1
0
1
2
3
6
3
5
5
5
5
7
9
8
9
10
11
10
10
11
12
12
12
12
13
13
12
12
10
12
12
12
8
8
8
7
8
5
2
4
2
1
2
2
3
0
-2
-3
-1
-4
-3
-4
-5
-6
-6
-7
-8
-9
-9
-10
-11
-10
-9
-11
-10
-11
-12
-11
-13
-11
-10
-11
-9
-7
-9
-9
-10
-8
-9
-8
-6
-6
-4
-4
-4
-4
-2
0
-1
-1
-1
1
1
3
2
4
4
4
7
7
8
9
9
9
9
10
10
10
10
10
10
7
6
8
8
8
7
6
7
7
7
6
5
4
5
4
3
3
2
1
2
0
-2
-1
-3
-4
-5
-4
-5
-4
-5
-7
-6
-6
-7
-7
-6
-7
-7
-6
-7
-7
-6
-7
-7
-7
-6
-6
-4
-6
-5
-4
-4
-3
-3
0
-1
0
1
1
1
1
1
1
5
5
4
4
4
5
4
3
4
4
4
5
5
5
5
4
5
4
3
3
2
3
1
3
4
3
2
2
2
3
4
3
2
1
1
2
2
1
1
1
-1
-1
0
1
2
1
1
-2
-2
-1
0
1
0
0
2
1
-1
0
-1
-1
-2
-1
-2
-1
-3
-2
-3
-4
-1
-1
-2
-2
-2
-2
-1
0
0
0
0
0
2
1
-1
0
1
1
0
-1
-1
0
-2
-1
-1
0
1
1
2
1
1
3
2
3
2
3
3
3
4
4
3
5
3
2
6
8
5
2
2
2
-1
-1
-2
-5
-6
-5
-4
-4
-2
-6
-7
-6
-6
-7
-12
-12
-12
-15
-14
-13
-11
-9
-8
-9
-9
-8
-2
-4
-7
-6
-7
-8
-8
-5
-6
-8
-8
-9
-9
-6
-4
-1
-1
2
-5
-9
-3
-1
-6
-7
0
5
5
5
5
3
9
11
13
14
16
18
20
27
25
20
24
25
22
24
27
33
32
34
33
31
37
36
31
26
26
25
31
38
36
32
32
32
30
23
19
11
9
14
9
0
-6
-7
-10
-13
-12
-17
-23
-21
-24
-32
-40
-43
-35
-36
-42
-46
-43
-32
-27
-26
-28
-30
-23
-21
-24
-30
-32
-24
-28
-29
-26
-28
-26
-20
-6
-1
-5
1
4
8
13
14
20
20
14
11
8
13
11
6
9
11
15
16
14
10
3
0
3
10
21
19
17
18
19
16
8
9
13
12
10
9
8
4
1
-3
-9
-11
-12
-13
-15
-18
-14
-14
-19
-19
-22
-19
-16
-10
-11
-16
-19
-26
-27
-20
-11
-16
-25
-21
-14
-16
-23
-25
-21
-22
-29
-23
-16
-17
-26
-25
-11
-12
-19
-16
-18
-19
-13
-1
1
-10
-6
7
20
24
18
16
13
9
4
-1
-1
-3
-2
6
13
17
18
20
27
34
37
36
44
54
51
43
49
54
51
57
53
33
28
34
33
25
31
40
24
4
1
7
8
11
13
6
4
12
7
2
6
3
4
6
13
9
9
24
25
18
25
27
35
41
44
52
45
44
40
27
36
41
24
18
11
13
4
-7
-6
-6
2
-5
-3
-2
-4
0
-9
-11
-6
-17
-7
-7
-1
12
11
17
21
33
45
50
58
47
43
48
44
51
51
50
40
31
32
27
32
32
22
23
29
20
5
-2
-15
-20
-30
-35
-27
-32
-36
-38
-51
-62
-76
-97
-100
-112
-120
-133
-153
-345
-721
-833
-570
-274
-276
-381
-255
-124
-347
-762
-1042
-1109
-1120
-1079
-826
-496
-103
285
571
814
1007
1179
1110
905
814
707
464
224
194
260
118
-139
-180
-204
-308
-452
-390
-29
232
368
374
368
318
225
87
-99
-156
-125
-186
-150
97
100
129
244
372
261
93
481
601
568
684
656
682
477
446
413
193
83
155
403
480
386
230
13
-183
-279
-375
-266
-135
-218
-220
-71
10
-145
-357
-590
-698
-637
-590
-550
-481
-368
-360
-330
-265
-296
-317
-317
-213
-34
45
-46
3
56
40
12
-26
-9
-3
156
282
277
274
195
276
355
370
340
189
206
301
383
350
258
261
181
99
-47
-178
-122
-83
8
95
169
177
195
248
179
11
-124
-127
-176
-160
-160
-167
-113
-90
-160
-280
-406
-518
-598
-625
-655
-633
-539
-463
-505
-603
-633
-668
-789
-914
-865
-682
-514
-520
-423
-188
-93
-174
-202
-138
-113
-144
-78
40
120
191
276
342
363
340
306
450
663
740
777
977
1217
1351
1400
1402
1310
1201
1159
1149
1233
1385
1508
1666
1839
1937
1946
1908
1912
1756
1392
973
696
500
76
-538
-1105
-1512
-1875
-2330
-2762
-3098
-3363
-3576
-3689
-3668
-3620
-3604
-3528
-3323
-3065
-2732
-2388
-2024
-1577
-1072
-618
-264
65
366
664
887
1048
1195
1284
1382
1467
1568
1696
1743
1752
1795
1873
1893
1892
1999
2187
2318
2454
2645
2755
2804
2893
3121
3415
3794
3859
3419
2818
2349
1984
1198
191
-839
-1458
-1759
-2168
-2672
-3205
-3534
-3812
-3940
-3965
-4220
-4404
-4305
-3912
-3511
-3260
-3020
-2829
-2462
-2048
-1718
-1466
-1078
-484
131
693
1082
1240
1282
1301
1296
1121
789
452
264
239
284
301
290
378
544
796
962
1055
1164
1367
1658
1957
2260
2568
2894
3272
3652
4061
4357
4805
5112
4875
4234
3564
3184
2364
1267
41
-905
-1495
-2175
-2865
-3647
-4175
-4622
-4959
-4993
-5203
-5391
-5343
-4914
-4392
-3913
-3413
-3100
-2730
-2281
-1828
-1538
-1220
-773
-261
393
992
1328
1408
1478
1507
1318
950
445
44
-196
-231
-168
-113
33
207
515
826
1046
1149
1344
1705
2125
2599
3037
3450
3838
4297
4743
5025
5245
5487
5308
4714
3964
3416
2717
1531
270
-915
-1612
-2286
-3015
-3755
-4351
-4733
-5108
-5170
-5151
-5313
-5359
-4979
-4327
-3784
-3301
-2805
-2391
-1921
-1463
-1128
-885
-554
-142
324
867
1226
1303
1324
1362
1220
834
363
-119
-493
-716
-781
-804
-737
-514
-186
239
633
923
1151
1544
2002
2482
2919
3391
3834
4251
4721
5073
5354
5622
5863
5549
4815
4006
3392
2555
1261
-146
-1301
-2016
-2731
-3500
-4164
-4647
-5017
-5259
-5218
-5177
-5301
-5170
-4634
-3935
-3388
-2859
-2293
-1838
-1404
-1007
-728
-528
-323
-26
330
804
1041
1036
1026
1024
835
383
-103
-602
-1013
-1258
-1289
-1225
-1086
-821
-415
79
532
891
1185
1591
2116
2650
3163
3661
4154
4629
5089
5522
5769
6014
6116
5708
4975
4100
3498
2464
1129
-250
-1384
-2131
-2997
-3737
-4358
-4739
-5081
-5302
-5186
-5130
-5193
-4983
-4357
-3726
-3233
-2682
-2077
-1552
-1158
-781
-625
-446
-244
-32
276
599
851
854
873
854
575
124
-397
-864
-1301
-1595
-1716
-1701
-1502
-1150
-640
-119
410
827
1217
1676
2138
2603
3011
3532
4014
4549
5031
5441
5771
6074
6219
5794
5086
4262
3617
2535
1224
-121
-1192
-1924
-2688
-3353
-3943
-4308
-4640
-4817
-4697
-4644
-4707
-4492
-3918
-3325
-2874
-2362
-1775
-1216
-763
-507
-518
-466
-351
-274
-241
-113
39
76
142
181
4
-370
-784
-1158
-1532
-1882
-2108
-2166
-1969
-1576
-1026
-479
126
709
1222
1697
2106
2548
2921
3362
3779
4231
4678
5004
5412
5755
6218
6125
5625
4838
4168
3570
2332
987
-437
-1203
-1862
-2617
-3219
-3741
-3986
-4293
-4208
-4064
-4183
-4269
-4041
-3488
-3132
-2722
-2301
-1783
-1313
-904
-707
-789
-723
-676
-618
-593
-502
-426
-429
-304
-202
-304
-591
-908
-1180
-1481
-1743
-1923
-1928
-1775
-1321
-748
-123
494
1058
1629
2098
2543
2892
3165
3414
3674
4002
4364
4747
5198
5625
6074
6065
5672
4915
4244
3458
2193
773
-610
-1412
-2212
-2878
-3355
-3650
-3860
-4031
-3826
-3711
-3849
-4003
-3804
-3424
-3165
-2776
-2435
-1971
-1630
-1241
-1019
-998
-842
-872
-698
-578
-359
-319
-367
-167
-78
-141
-461
-723
-1062
-1436
-1678
-1841
-1879
-1857
-1444
-914
-293
308
830
1432
1924
2437
2745
2954
3187
3402
3770
4136
4580
5022
5526
6067
6069
5710
4994
4441
3567
2255
830
-471
-1321
-2225
-2868
-3351
-3632
-3884
-3980
-3741
-3686
-3857
-4003
-3756
-3453
-3229
-2875
-2537
-2077
-1664
-1168
-921
-778
-553
-442
-282
-168
-40
-109
-114
69
156
16
-231
-445
-792
-1157
-1450
-1690
-1867
-1893
-1550
-1119
-573
-11
567
1187
1762
2293
2608
2865
3136
3416
3748
4101
4499
4924
5464
6005
6053
5719
5104
4594
3732
2420
951
-403
-1394
-2419
-3209
-3758
-4060
-4278
-4276
-3932
-3728
-3795
-3823
-3507
-3213
-3063
-2816
-2529
-2165
-1815
-1322
-997
-752
-480
-276
-66
89
160
-25
-97
-3
-19
-308
-610
-847
-1181
-1500
-1718
-1935
-2139
-2134
-1764
-1295
-784
-188
456
1148
1816
2419
2826
3143
3472
3790
4084
4398
4697
4988
5402
5900
5953
5591
5002
4570
3874
2630
1221
-110
-1105
-2175
-3050
-3618
-4007
-4281
-4265
-3838
-3547
-3551
-3456
-3051
-2712
-2597
-2406
-2196
-2012
-1799
-1432
-1177
-1024
-799
-571
-356
-182
-99
-268
-367
-319
-404
-759
-1106
-1312
-1613
-1879
-1992
-2113
-2224
-2143
-1689
-1197
-694
-72
622
1306
1934
2551
3011
3375
3714
4001
4288
4588
4929
5200
5541
5998
5983
5702
5141
4758
4025
2787
1479
164
-813
-1977
-2886
-3519
-3936
-4219
-4262
-3878
-3660
-3609
-3482
-3056
-2740
-2688
-2495
-2323
-2113
-1961
-1653
-1412
-1265
-993
-761
-513
-388
-296
-376
-412
-378
-500
-816
-1133
-1315
-1637
-1921
-2040
-2160
-2266
-2173
-1724
-1252
-791
-178
545
1225
1836
2442
2940
3301
3598
3902
4202
4469
4715
4999
5345
5813
5762
5528
5085
4755
4125
2923
1793
479
-514
-1663
-2537
-3180
-3771
-4068
-4092
-3693
-3507
-3426
-3209
-2778
-2444
-2388
-2187
-2126
-2067
-1990
-1725
-1520
-1528
-1313
-1020
-667
-516
-418
-381
-347
-293
-401
-676
-1062
-1316
-1641
-1895
-2014
-2197
-2275
-2155
-1642
-1172
-733
-143
531
1190
1724
2311
2732
3058
3376
3741
4086
4317
4633
4966
5387
5880
5877
5671
5215
4922
4302
3099
1941
638
-365
-1543
-2411
-3083
-3722
-4065
-4109
-3711
-3553
-3487
-3299
-2878
-2573
-2532
-2325
-2260
-2214
-2110
-1751
-1533
-1579
-1349
-1013
-639
-552
-440
-426
-460
-429
-519
-752
-1215
-1476
-1742
-1940
-2105
-2340
-2440
-2320
-1871
-1450
-1037
-470
176
858
1472
2133
2602
2965
3422
3878
4256
4469
4756
5161
5542
6053
6172
6016
5646
5277
4857
3733
2536
1173
78
-1062
-2135
-2930
-3699
-4120
-4292
-3993
-3744
-3697
-3536
-3119
-2649
-2590
-2483
-2336
-2249
-2140
-1878
-1564
-1606
-1465
-1086
-621
-468
-442
-362
-371
-353
-511
-776
-1246
-1618
-1893
-2169
-2338
-2571
-2678
-2574
-2156
-1641
-1230
-691
-25
705
1341
2001
2525
2903
3320
3814
4214
4425
4692
5069
5500
5866
6322
6319
6088
5610
5319
4712
3424
2126
778
-153
-1371
-2389
-3219
-3848
-4165
-4259
-3873
-3724
-3689
-3487
-2908
-2497
-2507
-2410
-2290
-2139
-2058
-1809
-1719
-1859
-1659
-1240
-866
-878
-808
-681
-574
-552
-703
-1006
-1459
-1728
-1989
-2239
-2541
-2820
-2869
-2672
-2167
-1702
-1281
-599
221
1073
1755
2418
2925
3302
3773
4196
4460
4533
4767
5196
5585
6046
6290
6181
5866
5554
5314
4275
2923
1562
448
-656
-1920
-2802
-3612
-4086
-4276
-3969
-3616
-3572
-3382
-2867
-2274
-2176
-2193
-2126
-2066
-2056
-1926
-1772
-1941
-1968
-1619
-1111
-969
-977
-886
-782
-709
-820
-1091
-1580
-1948
-2165
-2394
-2643
-2889
-2966
-2818
-2323
-1718
-1284
-763
25
932
1662
2294
2857
3300
3738
4305
4703
4856
5003
5354
5834
6148
6562
6426
6113
5711
5457
4854
3391
2116
842
-159
-1435
-2530
-3349
-4134
-4413
-4355
-3955
-3875
-3806
-3327
-2732
-2365
-2394
-2299
-2212
-2209
-2081
-1911
-1967
-2138
-1921
-1389
-1107
-1120
-1076
-948
-854
-890
-1056
-1475
-1915
-2199
-2357
-2589
-2860
-3006
-2946
-2544
-1986
-1476
-1011
-316
586
1395
2104
2710
3200
3604
4129
4652
4822
4948
5149
5632
5970
6371
6676
6425
6164
5775
5614
4596
3160
1904
706
-355
-1797
-2755
-3634
-4272
-4495
-4328
-3943
-4015
-3822
-3267
-2668
-2491
-2621
-2485
-2487
-2515
-2428
-2354
-2449
-2594
-2189
-1657
-1442
-1437
-1315
-1030
-923
-930
-1162
-1511
-1855
-2059
-2158
-2397
-2620
-2758
-2531
-1999
-1481
-1080
-590
269
1167
1916
2587
3146
3612
4023
4622
4951
4963
5018
5331
5840
6069
6502
6491
6312
6038
5834
5409
3974
2708
1437
385
-979
-2271
-3137
-4009
-4394
-4412
-4070
-3983
-3976
-3486
-2879
-2528
-2605
-2640
-2602
-2707
-2671
-2613
-2664
-2834
-2609
-2031
-1632
-1497
-1348
-1061
-874
-803
-912
-1260
-1688
-1978
-2129
-2394
-2705
-2876
-2803
-2426
-1908
-1417
-965
-259
640
1446
2129
2717
3231
3667
4182
4669
4793
4869
5142
5659
6021
6366
6680
6562
6401
6083
5868
4811
3367
2130
917
-242
-1744
-2784
-3665
-4295
-4484
-4338
-4051
-4065
-3812
-3196
-2680
-2551
-2694
-2606
-2597
-2647
-2644
-2689
-2838
-2870
-2390
-1857
-1624
-1524
-1192
-800
-607
-584
-763
-1107
-1446
-1664
-1881
-2288
-2621
-2711
-2489
-2079
-1652
-1189
-588
300
1189
1943
2588
3127
3622
4091
4560
4811
4813
5012
5474
5926
6303
6547
6572
6417
6157
5961
5047
3636
2243
1075
-145
-1670
-2869
-3800
-4449
-4785
-4570
-4270
-4242
-3976
-3302
-2636
-2536
-2573
-2447
-2437
-2522
-2555
-2576
-2830
-2860
-2373
-1825
-1587
-1428
-1015
-628
-428
-368
-569
-983
-1408
-1675
-2020
-2512
-2876
-2987
-2805
-2434
-1928
-1440
-791
107
1037
1826
2480
3051
3536
3996
4461
4743
4855
5104
5616
6088
6529
6839
6790
6655
6307
6077
5060
3601
2220
915
-308
-1862
-2959
-3912
-4578
-4864
-4674
-4311
-4320
-4010
-3364
-2752
-2594
-2633
-2423
-2447
-2495
-2423
-2396
-2560
-2624
-2069
-1538
-1335
-1170
-801
-455
-377
-355
-570
-1036
-1509
-1817
-2148
-2678
-3061
-3201
-3022
-2648
-2166
-1622
-970
-27
873
1730
2432
3018
3535
4013
4582
4839
5056
5356
5906
6339
6781
7121
6979
6767
6403
6167
5022
3536
2192
935
-341
-1866
-2885
-3792
-4458
-4687
-4454
-4138
-4175
-3843
-3171
-2643
-2547
-2580
-2366
-2431
-2485
-2412
-2413
-2596
-2622
-2058
-1583
-1452
-1263
-868
-533
-481
-515
-727
-1177
-1630
-1947
-2305
-2844
-3236
-3350
-3159
-2798
-2367
-1810
-1076
-138
765
1588
2338
2950
3458
3970
4527
4819
5040
5429
5971
6406
6848
7113
6988
6689
6381
6006
4766
3294
1986
756
-597
-2023
-2994
-3869
-4500
-4584
-4288
-4086
-4077
-3618
-2913
-2503
-2408
-2331
-2141
-2245
-2248
-2160
-2290
-2452
-2363
-1793
-1445
-1310
-1024
-652
-351
-308
-368
-683
-1163
-1603
-1992
-2429
-3013
-3356
-3427
-3220
-2821
-2400
-1777
-1002
-56
849
1658
2400
2964
3450
3964
4418
4704
4901
5395
5931
6395
6923
7061
7082
6702
6529
5944
4586
3165
1714
540
-1035
-2328
-3353
-4200
-4668
-4721
-4258
-4149
-3948
-3357
-2679
-2274
-2283
-2084
-2046
-2185
-2240
-2246
-2376
-2587
-2298
-1769
-1388
-1170
-790
-313
-72
1
-128
-509
-1039
-1556
-1994
-2575
-3148
-3510
-3530
-3273
-2876
-2346
-1716
-824
130
1030
1848
2505
3059
3492
3998
4347
4521
4785
5272
5830
6268
6756
6862
6785
6507
6292
5559
4114
2746
1406
168
-1397
-2620
-3541
-4316
-4683
-4617
-4193
-4111
-3835
-3157
-2494
-2247
-2239
-2039
-2035
-2202
-2297
-2276
-2482
-2607
-2234
-1705
-1404
-1186
-714
-263
-62
-39
-161
-571
-1105
-1547
-2009
-2608
-3138
-3403
-3357
-3103
-2688
-2158
-1462
-545
393
1241
2007
2675
3190
3646
4127
4417
4598
4917
5461
5928
6402
6822
6869
6728
6442
6225
5219
3795
2486
1221
-124
-1682
-2728
-3591
-4312
-4572
-4344
-3991
-3949
-3555
-2761
-2220
-2082
-2018
-1795
-1899
-2096
-2135
-2192
-2497
-2562
-2093
-1675
-1491
-1230
-719
-341
-185
-148
-311
-789
-1283
-1696
-2223
-2863
-3344
-3546
-3488
-3212
-2796
-2243
-1482
-515
408
1223
2008
2664
3159
3608
4055
4285
4437
4785
5303
5708
6200
6613
6642
6536
6329
6126
5037
3691
2497
1237
-152
-1670
-2633
-3572
-4273
-4462
-4237
-3972
-3932
-3370
-2627
-2161
-2001
-1871
-1629
-1775
-1877
-1923
-2058
-2337
-2367
-1898
-1627
-1455
-1193
-730
-356
-242
-171
-370
-783
-1215
-1637
-2142
-2798
-3253
-3465
-3408
-3186
-2843
-2281
-1529
-572
304
1173
1978
2641
3194
3673
4144
4300
4485
4796
5259
5620
6061
6480
6427
6384
6217
6036
4990
3671
2595
1344
-7
-1495
-2512
-3454
-4186
-4374
-4212
-4005
-3924
-3349
-2561
-2100
-1881
-1733
-1462
-1536
-1673
-1713
-1929
-2211
-2286
-1872
-1623
-1534
-1277
-804
-380
-274
-200
-329
-710
-1122
-1531
-2039
-2759
-3298
-3483
-3467
-3325
-3023
-2430
-1642
-719
225
1130
1947
2613
3202
3735
4092
4236
4368
4682
5083
5357
5838
6185
6198
6090
6011
5850
4803
3529
2441
1293
-159
-1626
-2638
-3569
-4311
-4529
-4250
-4079
-3988
-3346
-2465
-1974
-1791
-1538
-1268
-1386
-1556
-1549
-1813
-2193
-2250
-1840
-1623
-1610
-1311
-835
-437
-304
-188
-323
-709
-1070
-1441
-1964
-2669
-3203
-3402
-3391
-3220
-2928
-2392
-1575
-614
323
1208
2034
2712
3275
3810
4222
4287
4417
4679
5118
5350
5764
6183
6135
6128
5989
5923
4931
3673
2656
1467
140
-1406
-2430
-3384
-4174
-4444
-4318
-4097
-4073
-3508
-2635
-2064
-1820
-1643
-1289
-1334
-1526
-1556
-1758
-2103
-2300
-1959
-1698
-1728
-1509
-1049
-573
-449
-332
-369
-689
-1034
-1417
-1851
-2555
-3121
-3369
-3412
-3292
-3081
-2576
-1796
-856
84
969
1850
2568
3171
3713
4144
4249
4357
4611
4989
5233
5576
6047
6020
6049
5971
5956
5128
3904
2984
1799
502
-1044
-2126
-3150
-4048
-4351
-4313
-4164
-4136
-3577
-2701
-2153
-1826
-1589
-1247
-1266
-1425
-1453
-1728
-2086
-2299
-2047
-1876
-1920
-1671
-1226
-779
-600
-433
-407
-685
-969
-1307
-1756
-2439
-2997
-3246
-3363
-3302
-3104
-2606
-1854
-968
4
898
1803
2541
3196
3778
4174
4331
4433
4711
4990
5215
5498
5933
5928
5895
5868
5815
5136
3968
3099
2013
738
-741
-1856
-2836
-3769
-4172
-4189
-4088
-4070
-3612
-2783
-2220
-1886
-1604
-1221
-1158
-1303
-1334
-1538
-1901
-2171
-2028
-1881
-1924
-1760
-1328
-911
-695
-524
-419
-609
-893
-1188
-1602
-2238
-2855
-3169
-3325
-3338
-3195
-2747
-2040
-1210
-250
689
1607
2373
3067
3682
4088
4283
4384
4620
4822
5008
5230
5603
5683
5627
5628
5548
5071
4041
3181
2191
953
-410
-1586
-2533
-3507
-4047
-4155
-4097
-4062
-3745
-3005
-2418
-2023
-1692
-1308
-1165
-1281
-1300
-1461
-1804
-2133
-2117
-2004
-2069
-1949
-1591
-1201
-953
-743
-556
-645
-849
-1076
-1405
-1966
-2540
-2875
-3105
-3180
-3110
-2743
-2128
-1372
-435
479
1434
2289
3031
3682
4129
4454
4559
4745
4906
5033
5195
5476
5697
5586
5589
5507
5259
4413
3489
2660
1468
241
-1040
-2000
-3004
-3776
-4013
-4060
-3999
-3886
-3292
-2626
-2194
-1857
-1530
-1250
-1319
-1400
-1506
-1787
-2148
-2331
-2196
-2225
-2194
-1898
-1499
-1151
-945
-689
-633
-814
-1011
-1283
-1747
-2339
-2737
-3011
-3168
-3141
-2895
-2360
-1703
-800
155
1053
1973
2738
3458
3946
4338
4529
4636
4829
4936
5089
5312
5575
5527
5501
5467
5376
4679
3767
3039
1987
817
-479
-1462
-2495
-3406
-3796
-3894
-3927
-3952
-3459
-2795
-2323
-2008
-1662
-1315
-1303
-1345
-1417
-1645
-2063
-2330
-2257
-2294
-2366
-2208
-1837
-1476
-1247
-971
-798
-886
-1033
-1188
-1519
-2069
-2535
-2829
-2998
-3054
-2926
-2524
-1939
-1117
-180
744
1677
2506
3292
3907
4364
4583
4678
4841
4987
5059
5173
5432
5406
5394
5310
5298
4814
3919
3274
2360
1302
2
-1030
-1971
-2953
-3490
-3727
-3760
-3866
-3543
-2877
-2413
-2065
-1751
-1340
-1228
-1291
-1325
-1509
-1896
-2193
-2182
-2212
-2346
-2236
-1885
-1545
-1318
-1063
-809
-852
-963
-1074
-1373
-1870
-2347
-2641
-2851
-2981
-2903
-2572
-2077
-1364
-497
390
1280
2142
2933
3590
4076
4350
4540
4668
4833
4935
4991
5260
5274
5260
5192
5107
4859
4081
3439
2613
1643
483
-659
-1539
-2563
-3207
-3627
-3745
-3796
-3726
-3151
-2699
-2264
-1960
-1579
-1326
-1383
-1395
-1546
-1826
-2193
-2283
-2285
-2440
-2407
-2133
-1780
-1549
-1312
-1009
-948
-1036
-1122
-1306
-1727
-2175
-2467
-2677
-2818
-2822
-2537
-2090
-1471
-669
173
1047
1915
2703
3389
3915
4287
4488
4659
4814
4957
5048
5245
5490
5420
5431
5364
5244
4692
3882
3209
2229
1173
-51
-1042
-1993
-2892
-3346
-3635
-3669
-3742
-3405
-2857
-2499
-2160
-1876
-1562
-1531
-1604
-1649
-1897
-2248
-2428
-2425
-2474
-2591
-2372
-2036
-1742
-1488
-1215
-1005
-1061
-1074
-1179
-1484
-1925
-2279
-2481
-2684
-2769
-2653
-2302
-1766
-1054
-234
606
1497
2331
3104
3720
4173
4432
4602
4774
4846
4902
4984
5247
5235
5169
5167
5120
4836
4090
3496
2709
1749
626
-465
-1376
-2412
-3061
-3452
-3629
-3746
-3657
-3110
-2675
-2346
-2023
-1638
-1436
-1498
-1524
-1626
-1978
-2301
-2353
-2376
-2561
-2582
-2279
-1968
-1744
-1491
-1183
-1117
-1142
-1143
-1314
-1714
-2114
-2362
-2558
-2732
-2748
-2489
-2064
-1427
-662
177
1047
1931
2739
3447
3992
4319
4530
4701
4812
4832
4844
5068
5214
5095
5108
5086
5034
4491
3883
3293
2396
1419
301
-634
-1686
-2581
-3104
-3446
-3638
-3725
-3406
-2956
-2599
-2261
-1878
-1584
-1520
-1522
-1550
-1756
-2118
-2297
-2322
-2453
-2578
-2439
-2148
-1888
-1636
-1294
-1079
-1050
-1008
-1019
-1281
-1698
-2008
-2249
-2474
-2631
-2563
-2282
-1855
-1213
-436
363
1235
2065
2856
3515
3973
4297
4489
4683
4714
4747
4801
5017
5071
4959
5037
4945
4842
4284
3740
3075
2131
1211
108
-832
-1853
-2659
-3138
-3488
-3601
-3670
-3371
-2949
-2619
-2263
-2023
-1744
-1725
-1733
-1761
-2030
-2267
-2437
-2396
-2510
-2560
-2345
-2112
-1820
-1596
-1286
-1173
-1190
-1125
-1218
-1499
-1852
-2075
-2250
-2427
-2423
-2284
-1981
-1503
-831
-83
622
1465
2254
2938
3516
3929
4241
4404
4604
4673
4727
4848
5080
5173
5081
5178
5077
4914
4389
3813
3112
2156
1279
202
-759
-1722
-2464
-2935
-3319
-3443
-3553
-3321
-2979
-2706
-2446
-2297
-2025
-2007
-2009
-2044
-2240
-2373
-2483
-2391
-2477
-2523
-2285
-2072
-1809
-1682
-1438
-1335
-1374
-1305
-1426
-1637
-1959
-2082
-2167
-2321
-2274
-2155
-1795
-1366
-742
-48
592
1404
2174
2872
3402
3837
4182
4390
4612
4697
4784
4897
5129
5333
5240
5286
5192
5060
4634
3988
3317
2386
1514
477
-523
-1469
-2301
-2832
-3249
-3440
-3604
-3528
-3212
-2956
-2726
-2604
-2371
-2288
-2297
-2302
-2434
-2563
-2674
-2571
-2570
-2601
-2431
-2188
-1897
-1721
-1492
-1369
-1359
-1317
-1374
-1547
-1844
-2008
-2108
-2205
-2188
-2106
-1820
-1407
-830
-169
483
1256
2017
2736
3342
3819
4158
4363
4585
4700
4728
4808
4949
5211
5197
5190
5193
5058
4862
4253
3676
2872
1972
1040
-36
-922
-1899
-2589
-3063
-3394
-3577
-3715
-3417
-3180
-2970
-2760
-2551
-2355
-2407
-2304
-2354
-2527
-2638
-2606
-2534
-2650
-2543
-2299
-2085
-1881
-1674
-1474
-1453
-1402
-1356
-1485
-1681
-1845
-1916
-2007
-2007
-1900
-1721
-1346
-856
-271
338
1049
1808
2489
3116
3646
4014
4271
4511
4655
4673
4753
4939
5141
5246
5263
5331
5220
5111
4752
4102
3360
2497
1642
524
-539
-1461
-2339
-2984
-3436
-3666
-3901
-3904
-3588
-3334
-3152
-2998
-2744
-2640
-2646
-2609
-2723
-2886
-2955
-2876
-2877
-2912
-2710
-2430
-2138
-1878
-1591
-1379
-1272
-1127
-1113
-1214
-1410
-1553
-1667
-1766
-1757
-1724
-1491
-1110
-584
18
665
1450
2173
2868
3464
3927
4223
4431
4605
4648
4665
4752
4907
5112
5190
5283
5339
5274
5185
4677
4089
3297
2415
1440
258
-725
-1779
-2619
-3224
-3642
-3882
-4112
-3892
-3633
-3407
-3167
-2967
-2708
-2736
-2649
-2696
-2890
-3016
-3054
-2980
-3088
-2984
-2731
-2464
-2143
-1869
-1537
-1389
-1219
-1061
-1102
-1230
-1395
-1476
-1587
-1645
-1618
-1511
-1200
-770
-188
417
1104
1879
2588
3252
3762
4129
4391
4578
4694
4690
4712
4790
4967
5135
5173
5266
5215
5201
4933
4356
3717
2842
1975
868
-230
-1243
-2282
-3010
-3590
-3899
-4199
-4261
-3958
-3740
-3437
-3228
-2908
-2744
-2736
-2608
-2743
-2865
-3003
-2964
-2967
-3059
-2842
-2636
-2305
-2045
-1719
-1413
-1292
-1063
-1038
-1103
-1272
-1415
-1524
-1680
-1697
-1672
-1455
-1094
-588
20
670
1484
2242
2941
3523
4011
4344
4564
4738
4796
4806
4837
5014
5221
5294
5331
5383
5353
5205
4702
4082
3286
2373
1361
224
-853
-1950
-2828
-3451
-3877
-4216
-4406
-4197
-3906
-3650
-3407
-3103
-2864
-2828
-2724
-2757
-2946
-3156
-3163
-3115
-3225
-3137
-2857
-2521
-2181
-1799
-1368
-1128
-910
-705
-687
-842
-1049
-1177
-1342
-1479
-1516
-1412
-1106
-686
-116
533
1295
2084
2783
3434
3949
4297
4510
4691
4765
4693
4694
4817
4981
5102
5162
5285
5271
5198
4948
4363
3637
2778
1849
727
-455
-1536
-2534
-3311
-3832
-4185
-4462
-4458
-4124
-3804
-3571
-3322
-3027
-2862
-2806
-2782
-2911
-3115
-3208
-3138
-3166
-3192
-2983
-2678
-2299
-1942
-1571
-1279
-1084
-836
-772
-880
-1080
-1221
-1348
-1478
-1516
-1491
-1273
-871
-346
237
876
1638
2373
3010
3588
4028
4320
4542
4722
4797
4789
4907
5080
5278
5361
5391
5456
5326
5171
4660
3967
3189
2208
1208
31
-1048
-2085
-2989
-3538
-3983
-4263
-4427
-4208
-3855
-3641
-3360
-3146
-2904
-2836
-2795
-2836
-3051
-3152
-3185
-3122
-3154
-3042
-2752
-2430
-1968
-1636
-1286
-1058
-846
-668
-767
-914
-1128
-1282
-1442
-1536
-1537
-1456
-1109
-634
-35
589
1284
2085
2767
3411
3909
4256
4486
4628
4740
4718
4778
4855
5018
5174
5181
5284
5201
5118
4788
4161
3516
2591
1615
485
-600
-1629
-2667
-3354
-3855
-4193
-4434
-4341
-3978
-3768
-3473
-3186
-2896
-2787
-2737
-2637
-2800
-2935
-2984
-2903
-2929
-2935
-2640
-2380
-2031
-1726
-1424
-1170
-1064
-876
-904
-1073
-1258
-1414
-1533
-1657
-1663
-1589
-1314
-859
-337
256
891
1673
2393
3003
3582
3960
4259
4464
4638
4686
4697
4861
5010
5176
5204
5287
5281
5117
4915
4349
3663
2796
1854
836
-339
-1358
-2341
-3109
-3650
-4022
-4206
-4243
-3950
-3675
-3409
-3132
-2898
-2702
-2677
-2602
-2720
-2877
-2933
-2927
-2874
-2903
-2662
-2362
-2059
-1698
-1422
-1124
-989
-834
-797
-970
-1134
-1320
-1442
-1595
-1642
-1572
-1368
-936
-458
124
744
1492
2272
2884
3474
3894
4261
4536
4686
4776
4779
4934
5072
5211
5285
5272
5274
5140
4952
4412
3662
2880
1971
953
-224
-1267
-2233
-3088
-3634
-4004
-4244
-4362
-4143
-3763
-3536
-3313
-3038
-2772
-2695
-2666
-2670
-2805
-2919
-2916
-2813
-2810
-2735
-2437
-2106
-1786
-1531
-1271
-1069
-954
-893
-987
-1159
-1352
-1499
-1602
-1678
-1652
-1503
-1133
-640
-115
498
1206
1989
2647
3239
3759
4137
4435
4626
4769
4811
4884
5060
5204
5307
5303
5317
5242
5026
4620
3932
3191
2323
1336
252
-846
-1800
-2694
-3299
-3701
-4017
-4171
-4091
-3736
-3521
-3324
-3038
-2801
-2667
-2630
-2560
-2670
-2792
-2752
-2681
-2665
-2651
-2377
-2109
-1881
-1605
-1389
-1221
-1155
-1063
-1122
-1317
-1454
-1579
-1667
-1752
-1701
-1540
-1245
-770
-268
314
965
1705
2381
2961
3498
3901
4219
4472
4659
4745
4831
5007
5170
5266
5276
5282
5164
4939
4571
3940
3184
2346
1455
413
-653
-1580
-2387
-3025
-3480
-3743
-3920
-3912
-3650
-3385
-3191
-3035
-2794
-2623
-2583
-2582
-2648
-2703
-2745
-2677
-2597
-2550
-2376
-2120
-1800
-1551
-1373
-1200
-1091
-1036
-1115
-1248
-1407
-1587
-1695
-1745
-1723
-1635
-1385
-927
-432
119
750
1469
2165
2754
3308
3752
4094
4348
4530
4682
4759
4865
4995
5108
5133
5054
4980
4780
4428
3852
3164
2447
1517
528
-464
-1370
-2194
-2919
-3345
-3686
-3901
-3910
-3686
-3426
-3288
-3022
-2730
-2539
-2467
-2399
-2348
-2440
-2426
-2341
-2288
-2295
-2187
-1908
-1736
-1571
-1431
-1306
-1256
-1279
-1295
-1444
-1607
-1737
-1790
-1793
-1791
-1643
-1375
-932
-442
88
729
1424
2124
2706
3269
3754
4126
4426
4659
4825
4911
5050
5214
5318
5304
5241
5167
4945
4581
3994
3301
2535
1632
658
-357
-1286
-2143
-2846
-3323
-3680
-3931
-3982
-3769
-3561
-3407
-3170
-2895
-2711
-2637
-2511
-2490
-2570
-2537
-2423
-2371
-2402
-2258
-1999
-1818
-1651
-1486
-1353
-1309
-1270
-1282
-1432
-1604
-1720
-1773
-1828
-1834
-1728
-1477
-1065
-590
-63
559
1273
1986
2611
3175
3645
4033
4358
4580
4676
4728
4858
4979
5042
5043
4987
4893
4710
4462
3972
3282
2592
1848
995
8
-888
-1665
-2374
-2877
-3238
-3500
-3652
-3543
-3282
-3125
-2984
-2781
-2521
-2377
-2329
-2294
-2326
-2311
-2268
-2206
-2204
-2206
-2036
-1833
-1666
-1606
-1552
-1443
-1406
-1442
-1572
-1695
-1798
-1872
-1855
-1819
-1733
-1523
-1109
-606
-136
415
1089
1800
2398
2925
3407
3788
4097
4335
4501
4561
4634
4780
4900
4920
4825
4739
4616
4371
3936
3315
2669
1947
1156
294
-598
-1408
-2132
-2622
-3016
-3377
-3568
-3528
-3329
-3212
-3080
-2873
-2673
-2504
-2396
-2323
-2364
-2363
-2265
-2217
-2230
-2237
-2074
-1888
-1746
-1613
-1520
-1397
-1312
-1261
-1290
-1392
-1458
-1487
-1473
-1464
-1427
-1257
-940
-541
-117
381
985
1625
2232
2783
3244
3622
3950
4203
4337
4380
4443
4537
4606
4610
4539
4428
4301
4117
3743
3188
2579
1936
1199
368
-472
-1263
-1963
-2498
-2875
-3214
-3423
-3394
-3220
-3052
-2912
-2703
-2497
-2337
-2215
-2183
-2210
-2261
-2234
-2217
-2267
-2284
-2217
-2051
-1925
-1808
-1714
-1613
-1491
-1450
-1453
-1524
-1573
-1584
-1577
-1526
-1476
-1302
-985
-578
-131
347
947
1590
2194
2731
3185
3576
3897
4140
4282
4354
4419
4514
4592
4627
4591
4497
4401
4249
3924
3396
2829
2230
1512
691
-137
-904
-1632
-2216
-2630
-2985
-3258
-3318
-3184
-3054
-2940
-2759
-2570
-2418
-2291
-2224
-2261
-2310
-2286
-2266
-2311
-2346
-2264
-2137
-2003
-1858
-1750
-1657
-1545
-1450
-1451
-1512
-1550
-1559
-1549
-1511
-1443
-1292
-1018
-628
-216
252
804
1418
2006
2518
2990
3369
3698
3935
4093
4193
4254
4334
4402
4456
4459
4367
4291
4168
3910
3429
2883
2349
1664
875
58
-672
-1382
-2005
-2440
-2785
-3064
-3178
-3073
-2928
-2858
-2716
-2535
-2384
-2292
-2259
-2275
-2349
-2351
-2342
-2367
-2410
-2354
-2192
-2045
-1907
-1787
-1668
-1537
-1449
-1436
-1483
-1515
-1524
-1516
-1467
-1412
-1277
-1009
-622
-224
211
759
1379
1959
2459
2942
3348
3655
3878
4046
4131
4152
4196
4252
4303
4286
4227
4176
4084
3887
3473
3002
2488
1863
1115
315
-401
-1126
-1745
-2225
-2585
-2868
-3026
-2938
-2835
-2771
-2649
-2460
-2295
-2254
-2188
-2202
-2247
-2285
-2297
-2318
-2401
-2357
-2232
-2102
-2010
-1896
-1742
-1627
-1527
-1491
-1506
-1497
-1492
-1443
-1422
-1370
-1251
-1008
-677
-352
51
545
1123
1663
2157
2633
3040
3384
3651
3840
3950
4006
4099
4140
4177
4190
4171
4115
4005
3884
3552
3126
2633
2092
1418
614
-85
-786
-1428
-1994
-2411
-2688
-2942
-2956
-2897
-2816
-2730
-2596
-2378
-2334
-2274
-2269
-2274
-2316
-2405
-2404
-2480
-2453
-2380
-2259
-2104
-1987
-1783
-1637
-1481
-1401
-1378
-1315
-1319
-1285
-1298
-1243
-1139
-982
-699
-393
12
456
997
1550
2035
2515
2920
3285
3540
3722
3859
3931
4008
4035
4070
4115
4115
4060
3957
3860
3633
3226
2772
2270
1660
937
225
-435
-1091
-1663
-2096
-2422
-2690
-2828
-2794
-2744
-2714
-2619
-2483
-2393
-2362
-2348
-2362
-2396
-2450
-2472
-2501
-2506
-2450
-2334
-2189
-2061
-1893
-1739
-1574
-1458
-1409
-1340
-1306
-1269
-1248
-1175
-1072
-955
-705
-398
-34
353
839
1379
1850
2300
2713
3082
3336
3527
3673
3756
3805
3829
3879
3912
3927
3881
3838
3771
3586
3281
2875
2462
1893
1242
580
-89
-731
-1350
-1795
-2191
-2519
-2682
-2721
-2685
-2700
-2601
-2465
-2390
-2338
-2334
-2309
-2372
-2430
-2446
-2508
-2528
-2518
-2398
-2271
-2163
-1979
-1803
-1602
-1481
-1383
-1280
-1250
-1200
-1184
-1129
-1074
-984
-771
-519
-194
169
642
1172
1654
2133
2579
2976
3283
3500
3648
3740
3789
3809
3815
3826
3837
3806
3774
3686
3558
3310
2968
2596
2072
1487
830
191
-451
-1092
-1590
-2031
-2339
-2572
-2663
-2642
-2634
-2532
-2431
-2333
-2276
-2255
-2246
-2318
-2377
-2451
-2498
-2532
-2547
-2461
-2356
-2206
-2038
-1850
-1655
-1493
-1351
-1264
-1184
-1146
-1114
-1049
-997
-888
-731
-478
-170
183
618
1082
1577
2007
2426
2818
3097
3311
3450
3560
3615
3617
3632
3643
3668
3655
3619
3575
3450
3270
2986
2608
2164
1605
1038
407
-238
-835
-1372
-1766
-2151
-2403
-2545
-2610
-2579
-2587
-2501
-2468
-2433
-2387
-2419
-2447
-2550
-2555
-2572
-2604
-2579
-2528
-2365
-2230
-2043
-1857
-1681
-1491
-1356
-1218
-1164
-1106
-1049
-991
-911
-838
-677
-466
-173
160
528
968
1409
1848
2237
2593
2901
3124
3292
3404
3487
3524
3541
3581
3623
3650
3631
3604
3551
3416
3183
2837
2446
1955
1395
777
125
-461
-1025
-1483
-1891
-2200
-2381
-2495
-2502
-2521
-2476
-2434
-2402
-2371
-2417
-2447
-2525
-2573
-2625
-2671
-2653
-2634
-2518
-2390
-2201
-2000
-1811
-1590
-1430
-1274
-1177
-1091
-1029
-1000
-926
-862
-733
-563
-332
-22
326
740
1168
1604
2007
2380
2727
2982
3173
3301
3405
3474
3490
3513
3539
3578
3564
3523
3471
3343
3155
2835
2467
2026
1492
930
304
-253
-799
-1276
-1671
-2016
-2204
-2371
-2429
-2455
-2453
-2401
-2412
-2379
-2407
-2421
-2459
-2526
-2538
-2581
-2545
-2512
-2420
-2279
-2133
-1902
-1705
-1498
-1340
-1197
-1044
-984
-927
-917
-888
-838
-789
-644
-483
-240
63
435
876
1263
1677
2077
2459
2769
2961
3139
3252
3342
3364
3369
3392
3399
3418
3382
3343
3234
3082
2861
2524
2137
1642
1132
557
-17
-549
-1063
-1461
-1815
-2039
-2200
-2281
-2258
-2215
-2115
-2071
-2008
-1963
-1952
-1966
-2050
-2101
-2191
-2241
-2297
-2349
-2333
-2316
-2218
-2136
-2045
-1928
-1826
-1682
-1584
-1473
-1356
-1246
-1071
-903
-664
-396
-94
287
668
1103
1507
1900
2291
2622
2936
3139
3298
3420
3497
3562
3548
3553
3555
3538
3488
3363
3240
3033
2761
2403
1960
1483
931
380
-183
-735
-1224
-1659
-1966
-2219
-2392
-2457
-2453
-2367
-2307
-2220
-2135
-2077
-2029
-2039
-2062
-2119
-2176
-2196
-2241
-2257
-2263
-2207
-2119
-2043
-1938
-1847
-1722
-1618
-1517
-1420
-1333
-1216
-1066
-881
-657
-392
-53
340
756
1199
1613
2040
2416
2752
3018
3174
3308
3362
3396
3366
3307
3291
3245
3238
3179
3109
3035
2883
2723
2407
2052
1623
1158
670
83
-420
-921
-1313
-1675
-1956
-2111
-2223
-2205
-2180
-2102
-2038
-1993
-1914
-1932
-1956
-2056
-2130
-2210
-2332
-2389
-2462
-2449
-2432
-2359
-2246
-2145
-1999
-1865
-1719
-1597
-1498
-1372
-1268
-1124
-957
-736
-470
-161
234
658
1103
1531
1971
2382
2721
2986
3182
3308
3364
3378
3355
3299
3232
3202
3184
3144
3051
2981
2881
2707
2434
2084
1711
1254
763
246
-266
-743
-1161
-1487
-1753
-1979
-2074
-2106
-2068
-2070
-2046
-1986
-1975
-1982
-2068
-2126
-2222
-2324
-2401
-2479
-2521
-2538
-2490
-2391
-2316
-2193
-2046
-1869
-1732
-1613
-1462
-1324
-1181
-1034
-845
-616
-370
-64
293
670
1063
1451
1865
2230
2538
2815
3017
3176
3239
3285
3294
3246
3205
3132
3105
3027
2927
2841
2682
2531
2257
1959
1606
1183
783
280
-143
-603
-976
-1290
-1585
-1748
-1900
-1928
-1944
-1936
-1894
-1899
-1860
-1887
-1945
-2024
-2139
-2195
-2314
-2378
-2440
-2438
-2390
-2338
-2230
-2120
-1972
-1827
-1688
-1559
-1435
-1307
-1165
-1024
-853
-641
-378
-75
261
637
1024
1418
1801
2152
2457
2707
2908
3049
3120
3147
3149
3124
3077
3024
2989
2946
2877
2786
2682
2517
2291
2002
1667
1262
821
361
-102
-547
-965
-1297
-1570
-1774
-1903
-1948
-1938
-1918
-1874
-1825
-1798
-1815
-1876
-1938
-2047
-2151
-2261
-2343
-2396
-2419
-2376
-2306
-2208
-2077
-1921
-1762
-1632
-1508
-1380
-1274
-1170
-1066
-910
-722
-493
-211
119
495
888
1289
1681
2040
2357
2629
2825
2959
3021
3049
3044
2997
2948
2887
2862
2825
2763
2695
2598
2478
2275
2002
1694
1323
929
474
36
-376
-773
-1086
-1370
-1551
-1692
-1760
-1759
-1766
-1744
-1750
-1740
-1774
-1869
-1951
-2061
-2149
-2263
-2342
-2366
-2378
-2328
-2272
-2166
-2041
-1911
-1761
-1645
-1521
-1413
-1298
-1169
-1052
-875
-666
-405
-112
211
585
952
1323
1669
1989
2272
2496
2680
2799
2870
2906
2910
2897
2859
2832
2804
2769
2715
2639
2549
2408
2208
1952
1655
1315
925
508
93
-306
-682
-1013
-1286
-1488
-1629
-1701
-1725
-1738
-1734
-1735
-1739
-1789
-1883
-1976
-2081
-2187
-2303
-2383
-2414
-2416
-2371
-2301
-2181
-2042
-1895
-1738
-1606
-1480
-1369
-1250
-1134
-1019
-859
-662
-418
-149
157
501
848
1200
1531
1846
2119
2346
2538
2667
2755
2800
2821
2818
2787
2762
2721
2678
2616
2542
2444
2301
2125
1906
1651
1346
1011
662
289
-75
-430
-743
-1010
-1230
-1387
-1501
-1564
-1605
-1626
-1651
-1692
-1745
-1827
-1919
-2023
-2128
-2223
-2302
-2337
-2346
-2315
-2252
-2149
-2019
-1891
-1751
-1617
-1481
-1361
-1240
-1102
-958
-782
-573
-318
-39
259
587
912
1234
1528
1799
2040
2232
2387
2494
2574
2612
2628
2634
2615
2596
2563
2527
2476
2401
2300
2163
2000
1792
1547
1270
956
636
294
-42
-360
-651
-894
-1105
-1266
-1380
-1453
-1499
-1543
-1579
-1627
-1690
-1766
-1863
-1961
-2065
-2158
-2229
-2285
-2304
-2291
-2238
-2156
-2061
-1946
-1819
-1684
-1550
-1416
-1276
-1124
-953
-765
-552
-307
-45
240
531
827
1117
1393
1658
1885
2084
2247
2376
2475
2535
2577
2590
2587
2570
2539
2501
2447
2380
2288
2166
2019
1834
1620
1362
1080
773
450
128
-192
-479
-740
-966
-1138
-1272
-1363
-1432
-1485
-1530
-1584
-1646
-1723
-1807
-1904
-2007
-2096
-2172
-2228
-2261
-2256
-2220
-2160
-2078
-1972
-1844
-1713
-1576
-1429
-1276
-1115
-937
-742
-522
-290
-36
234
507
789
1071
1341
1594
1822
2025
2202
2347
2457
2532
2576
2587
2573
2541
2492
2421
2334
2236
2116
1976
1820
1640
1435
1204
947
678
394
104
-182
-459
-713
-942
-1131
-1280
-1394
-1483
-1547
-1592
-1629
-1670
-1715
-1769
-1833
-1907
-1983
-2049
-2107
-2147
-2166
-2155
-2120
-2054
-1957
-1831
-1691
-1534
-1363
-1182
-988
-789
-576
-352
-120
117
370
633
897
1156
1411
1655
1879
2083
2261
2408
2514
2581
2613
2601
2555
2482
2386
2267
2126
1973
1818
1650
1473
1286
1088
876
651
419
181
-64
-310
-542
-753
-940
-1096
-1215
-1302
-1361
-1402
-1433
-1460
-1491
-1538
-1600
-1677
-1765
-1852
-1927
-1987
-2033
-2052
-2035
-1987
-1905
-1797
-1667
-1522
-1369
-1204
-1031
-855
-674
-482
-279
-65
161
402
654
910
1158
1400
1622
1828
2007
2156
2271
2346
2378
2373
2340
2276
2188
2082
1959
1825
1682
1538
1392
1235
1071
906
733
547
358
167
-24
-213
-394
-554
-702
-828
-932
-1013
-1077
-1137
-1195
-1248
-1310
-1385
-1471
-1561
-1655
-1748
-1827
-1888
-1931
-1948
-1933
-1881
-1804
-1708
-1585
-1446
-1294
-1131
-957
-777
-590
-398
-197
12
224
440
662
885
1092
1282
1461
1625
1762
1874
1961
2017
2038
2034
2010
1958
1884
1789
1689
1574
1444
1313
1186
1055
918
786
654
516
375
237
106
-35
-180
-320
-451
-578
-702
-812
-915
-1017
-1113
-1202
-1289
-1376
-1464
-1537
-1603
-1667
-1718
-1748
-1755
-1747
-1714
-1655
-1585
-1497
-1388
-1261
-1125
-986
-836
-667
-488
-310
-120
80
280
478
680
872
1044
1197
1335
1460
1561
1639
1701
1745
1769
1772
1765
1745
1702
1648
1583
1503
1402
1297
1192
1079
956
826
698
567
434
301
166
24
-128
-276
-416
-555
-694
-826
-950
-1068
-1180
-1280
-1364
-1443
-1511
-1564
-1604
-1635
-1653
-1647
-1617
-1582
-1534
-1471
-1394
-1308
-1217
-1113
-1008
-898
-773
-630
-479
-325
-158
23
209
393
570
744
904
1044
1176
1289
1383
1459
1525
1584
1622
1645
1666
1678
1673
1649
1608
1549
1473
1385
1287
1176
1046
908
771
636
496
351
208
59
-95
-241
-383
-526
-667
-797
-920
-1040
-1151
-1249
-1326
-1394
-1457
-1504
-1537
-1558
-1566
-1551
-1521
-1486
-1446
-1387
-1318
-1243
-1168
-1086
-992
-901
-801
-688
-563
-426
-278
-116
55
227
401
573
735
885
1025
1151
1257
1347
1427
1487
1534
1570
1595
1611
1610
1590
1556
1514
1456
1382
1295
1199
1085
963
837
709
570
419
271
123
-30
-185
-329
-467
-598
-718
-829
-931
-1022
-1099
-1167
-1226
-1284
-1327
-1357
-1379
-1388
-1384
-1367
-1346
-1316
-1271
-1213
-1156
-1094
-1026
-952
-874
-796
-703
-595
-478
-351
-213
-59
96
256
416
570
715
846
964
1071
1160
1236
1297
1341
1372
1395
1405
1403
1387
1365
1340
1299
1242
1174
1100
1010
908
794
676
547
409
270
128
-10
-147
-280
-399
-510
-613
-706
-785
-851
-911
-970
-1022
-1074
-1115
-1150
-1181
-1202
-1210
-1210
-1203
-1187
-1159
-1119
-1071
-1021
-958
-885
-811
-731
-642
-541
-433
-318
-196
-63
81
224
367
505
638
761
874
976
1066
1138
1195
1238
1268
1289
1292
1282
1267
1242
1213
1168
1120
1063
999
922
833
737
634
524
404
281
159
35
-91
-211
-326
-433
-533
-630
-712
-784
-851
-910
-968
-1013
-1054
-1093
-1125
-1149
-1162
-1168
-1164
-1149
-1123
-1088
-1044
-989
-924
-848
-770
-685
-587
-488
-382
-274
-156
-36
87
213
339
465
586
698
798
887
972
1039
1090
1130
1162
1188
1197
1200
1191
1179
1158
1124
1082
1033
974
904
823
739
646
544
434
326
218
106
-12
-125
-237
-345
-454
-559
-653
-737
-816
-891
-951
-1002
-1048
-1087
-1115
-1133
-1142
-1144
-1134
-1113
-1084
-1047
-1000
-949
-887
-821
-752
-679
-599
-512
-424
-328
-222
-108
6
127
253
379
502
614
719
810
890
954
1006
1049
1087
1113
1130
1144
1155
1158
1148
1131
1101
1061
1006
938
859
773
674
568
460
349
239
126
16
-94
-198
-295
-394
-490
-578
-657
-736
-804
-864
-916
-958
-997
-1025
-1042
-1049
-1049
-1042
-1023
-991
-952
-910
-858
-806
-753
-699
-642
-581
-512
-440
-362
-271
-172
-67
44
160
280
398
508
609
698
775
836
883
926
957
979
998
1013
1023
1027
1024
1011
990
955
909
847
777
693
604
508
406
308
204
107
13
-82
-170
-258
-343
-420
-494
-563
-628
-686
-734
-778
-814
-844
-866
-880
-890
-892
-889
-878
-859
-838
-809
-774
-735
-691
-641
-588
-526
-464
-395
-322
-242
-150
-53
45
148
252
355
453
543
627
698
758
809
849
882
908
926
940
946
944
934
913
880
841
791
729
659
577
496
412
324
238
153
70
-12
-93
-175
-253
-330
-404
-471
-538
-594
-644
-681
-712
-737
-752
-765
-768
-768
-769
-765
-760
-750
-737
-717
-693
-659
-620
-577
-523
-464
-400
-328
-253
-177
-98
-14
73
161
248
334
419
494
565
629
683
731
771
803
827
847
858
862
857
845
826
795
755
706
652
590
521
450
371
296
222
145
73
0
-73
-146
-216
-288
-360
-426
-489
-543
-591
-631
-665
-692
-710
-726
-735
-738
-738
-736
-730
-721
-709
-689
-664
-631
-596
-552
-501
-443
-381
-315
-244
-171
-95
-17
61
144
228
310
390
463
529
588
637
681
716
748
773
787
796
802
799
789
774
750
720
680
632
577
514
446
377
306
233
158
85
13
-53
-119
-186
-253
-317
-378
-438
-489
-536
-572
-604
-633
-653
-668
-677
-681
-681
-675
-668
-657
-643
-630
-609
-584
-548
-511
-468
-420
-371
-312
-249
-182
-113
-40
36
110
185
259
335
404
466
523
568
603
636
664
682
699
709
714
711
700
684
659
636
602
561
511
455
393
324
260
193
125
59
-8
-71
-131
-189
-244
-299
-355
-407
-457
-498
-534
-558
-580
-595
-603
-611
-610
-605
-591
-577
-557
-539
-519
-500
-480
-453
-419
-383
-342
-296
-249
-198
-142
-79
-16
52
123
191
261
327
389
451
504
547
579
605
623
637
644
647
644
636
623
601
577
551
517
478
430
381
322
256
191
124
62
2
-54
-107
-159
-206
-250
-296
-340
-380
-415
-451
-482
-507
-528
-544
-552
-556
-556
-552
-545
-532
-512
-486
-463
-439
-412
-383
-351
-312
-271
-229
-183
-135
-85
-37
14
70
128
190
248
308
364
417
463
505
540
562
579
590
594
595
590
582
569
550
525
497
464
426
381
333
277
217
154
90
27
-31
-82
-128
-172
-212
-250
-284
-314
-339
-365
-388
-408
-428
-443
-456
-465
-468
-472
-471
-467
-466
-458
-444
-431
-411
-389
-365
-334
-305
-267
-224
-177
-129
-81
-33
14
60
108
160
212
261
310
357
397
433
462
490
507
520
528
525
519
509
495
484
464
441
414
381
343
303
258
204
150
98
43
-10
-58
-99
-138
-174
-207
-239
-267
-294
-318
-340
-359
-378
-394
-408
-419
-422
-427
-426
-421
-417
-405
-396
-381
-365
-344
-318
-293
-257
-218
-178
-135
-84
-38
11
57
103
148
187
229
265
302
336
359
383
400
410
416
415
413
406
395
381
365
348
331
314
293
272
249
223
191
155
119
82
43
7
-30
-61
-94
-122
-145
-172
-199
-224
-248
-273
-294
-319
-338
-354
-368
-375
-381
-385
-386
-384
-377
-367
-355
-342
-328
-311
-289
-262
-231
-198
-159
-118
-77
-34
12
58
102
150
191
232
272
308
340
369
394
413
428
434
435
435
429
417
407
391
376
358
334
308
281
250
215
174
130
87
44
-1
-44
-85
-124
-159
-190
-220
-247
-278
-300
-320
-339
-355
-368
-379
-386
-388
-391
-385
-377
-370
-360
-348
-335
-320
-302
-283
-266
-246
-224
-196
-163
-133
-98
-61
-23
16
56
97
135
172
213
248
285
315
340
365
385
400
409
415
419
418
411
403
393
381
365
345
324
301
269
236
199
161
118
72
31
-12
-52
-94
-132
-169
-205
-238
-269
-299
-324
-349
-369
-386
-403
-409
-411
-413
-410
-400
-385
-368
-349
-328
-304
-281
-256
-228
-196
-163
-128
-94
-56
-17
23
66
108
149
186
229
264
297
325
353
376
392
403
414
423
424
420
415
407
399
389
377
360
340
320
297
271
241
208
175
139
106
70
32
-3
-37
-70
-109
-139
-173
-205
-236
-265
-290
-318
-336
-352
-370
-379
-383
-382
-376
-369
-358
-345
-326
-303
-279
-258
-233
-205
-181
-151
-120
-89
-55
-25
8
46
76
109
137
165
193
214
233
248
259
268
277
281
283
278
274
269
260
250
235
220
204
186
164
140
116
91
68
43
19
-7
-31
-54
-78
-102
-129
-153
-178
-203
-226
-248
-266
-285
-301
-315
-327
-333
-337
-336
-333
-326
-314
-300
-284
-268
-246
-224
-196
-169
-144
-113
-79
-47
-14
18
49
81
111
137
166
190
211
228
242
255
268
276
282
286
288
288
281
275
269
255
242
230
212
191
174
152
130
111
90
70
50
32
12
-5
-24
-41
-61
-78
-93
-110
-128
-147
-163
-178
-191
-201
-213
-219
-222
-226
-224
-224
-220
-212
-204
-192
-181
-166
-146
-125
-103
-79
-54
-28
2
30
57
82
106
131
156
178
197
214
229
246
261
271
284
289
296
302
302
298
292
284
275
262
245
229
206
187
164
139
114
87
62
38
10
-20
-51
-82
-108
-134
-162
-189
-213
-232
-251
-266
-282
-297
-309
-317
-320
-319
-320
-320
-314
-306
-297
-285
-271
-256
-231
-205
-181
-159
-133
-107
-76
-47
-24
-1
25
55
79
100
115
130
149
168
186
200
212
223
236
245
251
252
257
260
263
265
264
254
245
241
229
213
194
173
155
135
110
80
47
12
-18
-49
-86
-117
-145
-174
-197
-224
-253
-275
-291
-306
-314
-322
-327
-329
-323
-318
-307
-297
-280
-259
-233
-204
-181
-152
-124
-92
-61
-35
-7
21
51
82
107
130
145
163
181
195
209
218
227
237
245
250
250
245
247
245
245
241
233
223
216
205
192
175
157
139
123
104
79
52
26
4
-23
-47
-76
-103
-124
-143
-165
-190
-213
-229
-243
-254
-266
-275
-276
-273
-266
-260
-254
-248
-234
-214
-194
-173
-152
-130
-104
-77
-53
-29
-7
17
46
74
99
118
135
155
173
183
198
208
220
230
237
241
240
239
235
235
229
220
207
193
184
167
144
118
97
79
59
33
6
-20
-45
-69
-94
-122
-149
-171
-186
-202
-219
-234
-247
-254
-259
-262
-261
-259
-248
-235
-222
-207
-197
-180
-159
-136
-117
-95
-76
-50
-21
3
23
36
56
79
103
120
135
148
162
179
189
197
204
209
220
227
233
233
231
236
238
234
226
219
209
202
191
170
147
120
99
78
54
26
1
-27
-56
-85
-117
-146
-176
-198
-215
-237
-255
-272
-286
-296
-303
-309
-309
-305
-292
-276
-261
-244
-223
-204
-181
-159
-140
-117
-93
-67
-44
-20
2
22
45
66
83
101
120
136
153
168
180
191
198
208
218
225
231
232
237
243
246
249
247
243
242
238
229
216
197
179
159
138
112
89
61
36
7
-20
-48
-79
-104
-128
-148
-171
-191
-210
-224
-239
-249
-260
-268
-267
-266
-261
-255
-242
-231
-214
-201
-188
-171
-155
-137
-121
-105
-89
-71
-51
-35
-17
0
14
33
49
67
84
100
116
133
147
160
172
182
191
197
206
213
219
226
228
234
236
230
224
212
203
187
170
150
130
109
84
59
29
2
-24
-49
-76
-100
-122
-138
-156
-174
-191
-202
-213
-223
-228
-231
-230
-226
-216
-208
-195
-180
-166
-149
-135
-118
-101
-86
-69
-52
-37
-20
-5
9
24
37
47
61
73
85
99
112
122
132
141
142
145
149
150
154
156
158
159
157
155
154
151
144
134
122
111
98
80
65
49
28
11
-9
-29
-50
-69
-84
-99
-109
-121
-128
-139
-149
-150
-162
-166
-161
-160
-158
-154
-145
-136
-123
-107
-95
-82
-63
-49
-34
-14
3
14
27
40
53
65
75
83
95
104
113
120
130
139
142
145
146
147
144
141
138
129
125
120
113
109
98
88
78
65
56
39
24
12
-2
-17
-32
-46
-61
-74
-88
-100
-110
-116
-124
-131
-136
-138
-139
-140
-139
-138
-136
-135
-129
-123
-117
-107
-98
-87
-75
-65
-53
-41
-31
-16
-3
9
22
32
46
56
63
72
80
88
94
103
111
121
127
131
134
135
135
136
133
128
123
113
108
99
88
76
63
50
37
21
6
-10
-28
-46
-64
-81
-99
-114
-130
-146
-163
-179
-187
-199
-206
-209
-214
-215
-214
-216
-214
-207
-201
-195
-188
-177
-165
-151
-137
-121
-105
-90
-71
-55
-38
-22
-3
18
36
56
68
86
104
119
134
147
160
171
185
193
202
210
216
219
226
227
226
226
226
222
215
212
203
196
188
177
164
150
137
120
103
88
74
54
39
23
8
-8
-27
-43
-56
-72
-84
-95
-106
-113
-122
-129
-134
-136
-138
-136
-135
-134
-131
-126
-116
-110
-102
-96
-88
-77
-68
-56
-43
-33
-23
-14
-7
4
10
19
27
35
41
49
56
59
62
65
71
75
75
77
80
74
73
72
68
63
57
49
40
33
24
12
0
-9
-22
-30
-42
-57
-66
-75
-83
-94
-101
-105
-113
-116
-121
-126
-126
-129
-128
-125
-125
-119
-114
-110
-104
-94
-86
-75
-64
-56
-44
-31
-19
-7
3
16
29
39
46
54
62
67
71
73
75
76
77
79
81
84
82
84
84
84
84
79
76
74
69
60
54
43
33
24
14
0
-17
-29
-40
-49
-62
-71
-82
-92
-97
-102
-107
-110
-112
-112
-112
-109
-107
-104
-99
-93
-88
-77
-70
-63
-51
-40
-31
-17
-3
7
24
38
54
70
85
99
106
117
130
139
146
147
150
154
154
152
151
149
150
144
143
139
135
130
123
118
115
108
101
91
81
72
57
41
23
9
-8
-26
-47
-65
-82
-97
-112
-127
-139
-151
-158
-164
-166
-167
-164
-161
-158
-157
-152
-144
-138
-131
-121
-114
-107
-97
-88
-77
-67
-59
-47
-33
-19
-6
5
19
33
43
59
72
81
92
99
110
113
121
123
126
132
129
133
133
133
138
136
135
135
134
129
124
117
111
100
89
76
61
48
35
16
-3
-22
-39
-57
-74
-88
-101
-111
-116
-125
-132
-133
-135
-131
-130
-130
-127
-122
-118
-111
-108
-104
-97
-95
-86
-81
-72
-67
-57
-50
-43
-33
-23
-9
1
12
24
30
42
52
58
65
72
79
86
88
92
96
97
100
101
101
103
102
98
98
94
92
86
82
72
63
55
43
33
21
8
-4
-17
-29
-41
-53
-65
-73
-82
-90
-92
-94
-94
-95
-95
-90
-87
-82
-76
-71
-65
-59
-52
-43
-40
-34
-28
-24
-19
-12
-5
0
7
10
16
23
28
33
40
45
51
55
58
59
63
64
67
70
69
65
63
65
61
58
58
53
49
45
40
34
31
23
12
5
-3
-10
-20
-29
-39
-45
-56
-63
-70
-78
-83
-89
-88
-90
-91
-88
-87
-81
-76
-71
-64
-59
-50
-41
-30
-23
-13
-7
-1
8
15
26
32
37
43
47
51
54
56
60
64
64
67
68
69
69
69
71
69
68
66
65
60
57
55
53
49
42
39
33
28
22
16
10
5
-4
-12
-19
-29
-35
-46
-54
-62
-70
-78
-82
-86
-91
-95
-95
-96
-95
-93
-89
-86
-80
-75
-71
-61
-54
-45
-35
-29
-17
-10
-3
6
12
21
26
32
38
40
46
47
48
53
54
55
53
55
59
55
55
56
55
56
57
55
56
57
51
54
52
46
47
44
40
35
30
25
17
11
3
-1
-11
-21
-27
-37
-46
-54
-59
-62
-67
-73
-77
-80
-80
-79
-79
-78
-75
-72
-65
-60
-55
-47
-41
-34
-32
-23
-17
-6
-2
1
10
12
16
20
21
23
26
26
28
30
32
32
32
33
36
37
38
39
42
43
44
46
47
47
46
47
49
46
41
38
35
29
24
17
10
3
-3
-10
-15
-20
-30
-39
-42
-47
-51
-56
-58
-60
-59
-58
-56
-53
-51
-47
-46
-40
-35
-29
-21
-18
-12
-9
-7
1
0
2
9
11
16
17
18
17
20
22
22
19
19
21
20
22
22
22
24
26
29
32
34
36
39
37
36
35
38
38
34
34
29
24
21
17
13
4
-3
-13
-22
-25
-33
-41
-46
-51
-55
-61
-61
-63
-61
-60
-57
-54
-47
-42
-37
-30
-24
-20
-15
-7
0
5
7
11
15
21
24
29
29
30
35
38
39
43
42
42
44
44
45
45
44
45
49
49
51
52
54
51
49
48
46
45
40
35
31
26
16
7
2
-9
-18
-25
-35
-45
-53
-64
-69
-78
-82
-84
-89
-88
-89
-90
-89
-85
-80
-74
-70
-62
-51
-44
-36
-29
-20
-12
-4
7
15
20
29
36
38
46
48
54
59
60
62
63
67
68
69
71
71
71
70
74
74
72
72
70
69
64
59
57
54
48
38
31
22
12
7
-3
-14
-27
-39
-47
-60
-70
-76
-84
-91
-99
-104
-109
-111
-111
-110
-108
-103
-98
-93
-86
-77
-70
-60
-48
-37
-27
-17
-7
4
16
25
30
37
44
51
56
58
61
64
68
71
70
70
73
72
70
69
70
67
65
67
61
61
57
54
52
48
46
38
30
24
19
16
8
-4
-10
-20
-29
-36
-46
-54
-59
-68
-75
-82
-88
-92
-94
-95
-93
-91
-92
-87
-85
-78
-68
-64
-53
-45
-40
-27
-14
-8
-1
5
14
23
28
31
38
45
44
48
53
53
54
50
49
52
51
49
47
48
44
43
44
42
39
39
37
35
33
30
30
30
27
23
18
16
11
5
-1
-7
-12
-17
-22
-31
-34
-38
-42
-45
-51
-54
-55
-52
-51
-52
-50
-49
-51
-46
-43
-38
-36
-28
-20
-18
-9
-5
1
4
9
12
12
16
19
21
21
22
22
22
25
24
24
22
18
20
22
22
21
19
17
17
19
17
16
17
17
18
18
17
19
15
15
14
12
13
10
8
7
-1
-5
-6
-12
-13
-13
-16
-20
-23
-24
-30
-34
-32
-33
-33
-32
-32
-31
-26
-25
-22
-20
-15
-10
-7
-3
0
2
8
11
13
16
18
19
19
21
22
22
20
19
18
16
16
17
18
16
13
11
10
10
11
9
6
5
5
5
2
3
1
-1
2
0
0
-1
-3
-5
-6
-5
-9
-10
-15
-16
-18
-21
-20
-22
-25
-29
-29
-28
-30
-28
-29
-26
-22
-22
-19
-15
-13
-8
-2
1
7
8
13
15
18
18
22
24
26
29
27
27
26
28
30
25
25
26
23
21
19
14
12
12
9
9
7
3
1
0
-1
-2
0
-1
-2
-1
-2
-2
-2
-3
-1
-4
-4
-6
-9
-11
-11
-10
-11
-14
-16
-18
-19
-17
-17
-17
-15
-15
-14
-13
-14
-13
-10
-3
-1
1
6
8
12
14
17
20
23
26
26
25
25
26
23
24
24
23
22
21
18
15
10
7
10
10
8
4
2
2
-1
-2
-4
-3
-2
-3
-4
-9
-9
-8
-6
-5
-4
-7
-9
-11
-14
-12
-5
-7
-10
-10
-13
-11
-14
-13
-10
-10
-9
-13
-11
-12
-11
-10
-8
-7
-2
-2
-2
0
0
3
7
10
11
11
12
10
9
10
10
12
14
13
12
8
6
3
2
2
3
4
2
-6
-5
-7
-6
-5
-6
-4
-6
-7
-6
-8
-8
-6
-5
-5
-5
-5
-9
-7
-6
-5
-6
-8
-4
-4
-4
-5
-3
0
0
4
2
-2
-3
-3
-3
-2
1
-3
-3
-3
-5
-6
-5
-2
-3
0
1
-1
-3
-8
-5
-3
0
2
0
0
-2
-4
-2
-2
0
-2
0
-1
-3
-4
-1
-2
-3
1
3
0
-3
-3
-2
1
0
3
2
0
-5
-5
-5
-5
-2
-2
-1
-1
-3
-4
-3
-3
0
-1
-2
0
-2
-3
-1
0
0
3
5
2
2
1
1
2
1
2
0
2
0
0
1
0
0
1
3
0
2
0
-2
0
1
3
1
1
1
1
-2
1
2
0
3
1
4
1
-1
-1
0
2
2
-1
-6
-5
-8
-10
-5
-5
-1
-3
-3
-6
-5
-6
-4
-1
0
1
1
2
-1
-1
-2
-4
-1
1
4
2
0
-2
-2
3
3
7
5
3
4
3
3
5
7
6
7
3
2
1
1
4
1
5
5
4
2
2
3
0
5
0
2
-1
-4
-5
-7
-4
-4
-4
0
1
-2
-1
0
-2
0
0
5
1
-2
2
-3
1
-2
1
2
0
1
-2
2
-1
2
1
0
-2
0
-2
-2
0
-2
1
-1
0
0
1
-2
-2
2
-2
-1
0
5
4
2
4
2
7
5
8
6
4
7
4
9
5
5
5
5
4
2
6
3
4
1
4
4
2
1
0
3
2
2
0
1
-2
-5
-1
-4
-3
-8
-6
-5
-3
-4
-8
-9
-9
-4
-9
-8
-7
-4
-3
-5
-3
-7
-6
-7
-5
-4
-4
-2
