-3
-4
-7
-1
-6
0
4
-7
-5
-3
-7
-4
-2
-3
-5
1
1
-3
-3
-3
0
0
5
-4
-5
0
-1
2
2
7
3
1
5
1
-2
-7
-6
-5
-3
-6
-13
-8
-1
-11
-13
-7
-10
-3
-7
-9
-11
-12
-5
-6
-9
-3
1
-2
0
2
3
-2
1
4
6
5
10
8
9
8
8
10
11
16
12
8
6
4
4
5
-2
-7
-8
-9
-9
-9
-10
-6
-10
-14
-13
-12
-11
-11
-8
-8
-11
-9
-11
-9
-8
-11
-7
-4
-6
-5
-5
-3
7
1
-4
5
7
9
9
8
7
5
5
7
3
2
5
0
1
3
5
9
8
12
8
7
7
2
5
2
4
7
6
6
2
-2
-7
-9
-10
-1
-2
-5
-1
-3
2
10
7
7
6
9
12
14
16
13
11
10
9
4
7
10
5
5
7
6
3
-3
-4
-4
-2
-8
-4
-6
-6
-3
-8
0
-1
-3
-2
-1
-2
-6
0
9
8
8
8
7
8
5
7
8
11
7
6
11
8
2
-5
0
4
6
4
2
4
-1
0
5
-1
-2
-3
1
4
6
4
-2
1
-5
0
6
2
5
9
2
3
5
5
5
4
11
6
7
6
4
8
8
5
7
7
3
10
11
8
5
5
3
-3
2
3
-5
-2
-6
-8
-9
-10
-12
-11
-9
-5
-7
-9
-8
-15
-21
-17
-22
-28
-27
-30
-28
-25
-21
-30
-31
-33
-27
-27
-27
-31
-25
-21
-31
-10
-2
1
-1
2
15
15
12
12
15
16
27
35
27
23
38
39
16
41
36
39
50
39
37
43
48
42
27
14
33
16
2
-1
-18
-20
-7
6
-17
-7
-21
-24
-18
-29
-23
-33
-21
-18
-19
-18
-3
-11
9
-11
-20
-21
-37
-31
-54
-69
-88
-66
-64
-69
-74
-79
-99
-102
-83
-90
-74
-62
-67
-81
-79
-79
-65
-74
-76
-69
-62
-42
-53
-53
-44
-57
-63
-63
-74
-50
-37
-42
-71
-82
-65
-60
-35
-68
-74
-78
-74
-68
-44
-18
-4
-3
24
19
7
33
14
34
41
38
4
22
50
54
4
0
2
36
88
96
114
119
94
90
99
27
28
67
39
36
26
-16
-14
0
-7
6
-2
27
29
39
57
39
55
147
125
133
104
107
162
130
200
166
194
171
141
173
164
119
82
124
124
107
72
135
116
57
52
52
56
38
51
28
0
14
51
47
48
98
60
102
136
99
102
75
62
66
73
88
102
86
83
106
78
86
53
56
118
111
136
120
121
88
83
100
38
114
76
76
96
38
34
-45
-40
-33
-66
-106
-113
-118
-132
-113
-88
-29
-69
-88
5
15
-12
-52
-48
-51
-123
-125
-81
-105
-150
-134
-144
-148
-156
-124
-140
-377
-191
-104
-281
-755
-648
-2530
-3946
-1186
-148
-775
-1656
-783
-549
-1174
-818
-85
-1021
-2129
-1123
-628
-1256
-1802
-325
-152
3
567
805
1161
1806
2054
2234
1596
1636
1805
1394
1602
1285
820
198
336
342
-190
-238
-466
-66
313
-260
472
536
359
1021
822
631
745
825
1041
1079
629
1015
1693
905
446
970
886
-116
-296
491
175
-12
-207
-348
-202
-385
13
-288
7
156
-45
204
-3
108
-228
1
-250
-248
8
-291
-215
-157
-101
-181
-196
-598
-692
-411
-180
-511
-733
-869
-907
-318
-321
-861
-923
-188
-234
-535
-189
-372
-1793
-1032
-258
-629
-1158
-1334
-582
-247
110
-52
66
485
1189
1625
1410
883
1493
1596
1387
1296
1217
804
420
993
607
-251
-24
109
-196
24
-20
-273
-335
-2
158
-66
45
86
-97
-37
-22
-261
-731
-779
-616
-786
-1109
-1295
-1392
-1578
-1807
-1663
-1880
-2164
-1996
-1851
-1725
-1781
-1684
-1710
-1524
-1067
-988
-829
-634
-457
-109
156
302
360
598
859
916
1118
1221
1154
1412
1711
1947
2169
2361
2635
2824
3033
3333
3496
3755
4010
4178
4337
4544
4648
4716
4855
4838
4734
4539
3706
2048
452
-531
-1600
-3200
-4606
-5467
-6250
-6858
-6804
-7126
-7874
-7776
-6659
-5552
-4765
-3772
-2711
-1575
-390
529
1040
1000
851
1102
1123
299
-647
-1082
-1362
-1701
-2049
-2563
-3349
-3539
-3037
-2763
-2841
-2892
-2582
-1936
-1288
-741
-387
31
845
1943
3026
3802
4397
5169
5971
6558
7024
7274
7294
7648
8035
8094
8065
8111
8157
8328
7946
5345
1937
126
-891
-3333
-5807
-6805
-8093
-9262
-8350
-7666
-9172
-10123
-8672
-6665
-5113
-3290
-1449
229
2231
4287
5460
5385
4537
4136
4387
4330
3582
2767
1743
648
92
-746
-2792
-4936
-5776
-5816
-5776
-5651
-5838
-6651
-6771
-5711
-4300
-3676
-3437
-2157
130
2129
3241
3839
3666
3295
3682
4277
3800
2588
1954
1867
1650
1223
296
-1065
-1964
-1983
-1570
-1214
-921
-328
868
2199
3374
4205
4659
5134
6230
7749
8868
9262
8570
7333
6215
5120
3148
592
-1359
-3014
-4311
-4803
-5525
-7127
-8562
-8947
-8853
-8586
-8003
-7360
-6145
-4416
-2856
-1595
-735
-337
-69
655
1420
1500
1228
963
968
1149
861
162
-578
-1231
-1473
-1141
-814
-1096
-1354
-1137
-823
-517
-481
-771
-683
64
1027
1808
2518
3040
3510
4339
5194
5782
6359
7094
7985
9135
10440
11543
11590
9331
5790
3617
2303
-633
-4068
-6023
-7883
-9754
-9629
-9072
-10822
-12692
-11762
-9660
-7953
-5977
-3803
-1624
897
3561
5644
6375
5605
4868
5350
5758
5051
4042
2926
1389
268
-583
-2586
-5347
-7008
-7501
-8446
-9550
-9650
-9182
-8841
-8092
-6207
-4372
-3343
-1608
1086
3075
3937
5057
6236
6171
5652
5572
5403
4735
4021
3930
4120
3805
3313
3468
4132
4633
5460
6862
8036
9273
9843
7735
4471
2940
1804
-1345
-4075
-5043
-6771
-8171
-7155
-6350
-7803
-8842
-7538
-5675
-4087
-2504
-816
1093
2714
4193
5480
5230
3260
1726
1553
958
-190
-895
-1782
-2796
-3057
-3512
-5431
-7670
-8818
-8844
-7998
-6943
-5992
-4787
-3545
-2041
87
1522
1647
2383
4358
5795
6493
7060
6840
5936
5316
5013
4269
3231
2432
2119
2658
3329
3647
4152
4813
5572
6889
8695
8654
5863
3319
2562
1589
-1149
-3775
-5408
-7408
-8149
-6580
-6012
-7870
-8758
-6934
-4828
-3460
-2119
-864
372
2103
4221
5413
4567
2621
1573
1522
875
-505
-1683
-2724
-3655
-3874
-4059
-5557
-7810
-9089
-8832
-7904
-7171
-6389
-5241
-3874
-2016
268
1765
2007
2695
4579
6142
6748
6773
6347
5526
4954
4782
3993
2729
1880
1772
2340
2950
3420
3898
4779
6125
7680
9367
9055
6049
3567
3169
2228
-659
-3010
-4564
-6594
-7027
-5677
-5889
-8013
-8710
-7064
-5127
-3601
-2419
-1409
67
1970
3851
4722
3522
1495
913
1296
746
-525
-1751
-2838
-3319
-3419
-4337
-6310
-8187
-8937
-8125
-6725
-6135
-5636
-4254
-2561
-870
776
1565
1565
2682
4801
6112
6435
6144
5511
4917
4621
4132
3024
1984
1544
2045
3011
3413
3718
4470
5608
7050
8953
10190
8529
5518
4191
3840
1877
-1366
-3652
-5430
-6889
-6488
-5627
-6835
-8939
-8728
-6605
-5050
-4072
-2846
-1327
496
2812
4845
4905
3223
1886
1796
1742
805
-467
-1559
-2261
-2722
-3395
-4822
-6924
-8594
-9097
-8612
-8015
-7413
-6388
-5214
-3730
-1914
-515
194
1015
2686
4400
5638
6385
6435
6065
5657
5492
5124
4261
3607
3672
4261
4660
5118
5941
6565
7349
8855
10286
9447
6451
4264
3355
1714
-1071
-3478
-5471
-7436
-7692
-6681
-7224
-9080
-9421
-7698
-5885
-4426
-2935
-1584
-74
2107
4409
5192
4094
2680
2156
1935
1068
-184
-1547
-2732
-3277
-3748
-5011
-6960
-8433
-8851
-8674
-8319
-7844
-6941
-5723
-4210
-2240
-610
255
1283
3103
4848
5864
6587
6871
6585
6240
6034
5435
4410
3729
3704
4028
4205
4308
4803
5459
6174
7337
8717
8637
6393
4187
3261
2068
-323
-2657
-4375
-6074
-6706
-5866
-5807
-7286
-8048
-6837
-5019
-3636
-2379
-1076
314
1923
3749
4831
4087
2432
1631
1406
415
-1065
-2279
-3417
-4171
-4287
-4952
-6904
-8726
-9029
-8234
-7426
-7009
-6523
-5576
-4031
-1920
-117
466
749
2342
4526
5809
6337
6384
5964
5650
5669
5131
3605
2275
1946
2425
2982
2977
2913
3438
4482
5866
7542
8659
7816
5932
5047
4711
3287
859
-1247
-2878
-4061
-4089
-3916
-5182
-7009
-7304
-6069
-4831
-4097
-3442
-2439
-870
1021
2454
2571
1546
721
822
935
303
-732
-1663
-2114
-1989
-2004
-3074
-4948
-6455
-6913
-6361
-5667
-5587
-5708
-5300
-4120
-2669
-1745
-1638
-1423
-80
1756
3141
3826
3725
3405
3576
3999
3743
2705
1967
2126
2922
3651
3909
3966
4324
5530
7284
8850
10028
10174
8821
7231
6593
5544
2841
77
-1721
-3281
-4223
-4429
-5497
-7583
-8655
-8124
-7223
-6535
-5870
-4648
-2568
-310
1437
2402
2219
1479
1604
2169
1815
862
179
-202
-371
-667
-1908
-3866
-5595
-6801
-7115
-6706
-6618
-6821
-6389
-5349
-4415
-3711
-3349
-3060
-1804
177
1930
3241
3955
4191
4606
5162
4947
4051
3482
3534
4033
4445
4350
4092
4017
4412
5401
6422
7178
8297
9237
8389
6671
5760
4426
1952
7
-1343
-3191
-4408
-4374
-4921
-6508
-7622
-7646
-7190
-6586
-5618
-4126
-2482
-947
799
2050
1768
948
816
758
284
-2
-176
-596
-802
-999
-1817
-2965
-4106
-5177
-5812
-5819
-5546
-5033
-4329
-3876
-3410
-2724
-2206
-1689
-929
-33
1065
2348
3281
3585
3713
3712
3453
3199
2964
2675
2601
2800
2966
3105
3358
3654
4198
5216
6556
8142
9561
9691
8393
7090
6253
4850
2680
442
-1651
-3259
-3855
-4333
-5965
-8019
-8961
-8712
-8080
-7350
-6521
-5434
-3692
-1523
133
656
409
316
724
1254
1430
1195
917
870
1009
772
-294
-1795
-2917
-3311
-3500
-3911
-4391
-4776
-4791
-4300
-3906
-4032
-4083
-3474
-2448
-1271
-94
741
1346
2095
2959
3480
3466
3238
3186
3331
3270
3031
2970
2937
2992
3573
4375
5027
5978
7486
9201
10456
10187
8549
7209
6421
4947
2820
749
-1413
-3175
-3875
-4773
-6898
-9016
-9892
-9674
-8944
-8166
-7454
-6353
-4713
-2909
-1432
-938
-1123
-661
560
1510
1977
2197
2143
2261
2674
2298
902
-431
-1171
-1371
-1284
-1675
-2918
-4054
-4252
-4139
-4419
-4929
-5019
-4178
-2868
-1620
-650
-241
122
1071
2178
2509
2323
2527
2987
3380
3549
3251
2848
2843
3344
4017
4409
4627
5308
6783
8296
9365
9748
8539
6705
5974
5462
3740
1438
-501
-2344
-3682
-4282
-5804
-8206
-9527
-9320
-8497
-7862
-7473
-7094
-6130
-4351
-2691
-1835
-1748
-1449
-176
1102
1670
1694
1412
1353
1812
2201
1580
529
77
6
156
52
-946
-2224
-2745
-2395
-2213
-2619
-3055
-3048
-2374
-1566
-1054
-1009
-1459
-1256
-147
580
558
543
933
1463
2128
2599
2389
2306
2866
3636
4357
4767
5002
5708
6943
7955
8644
9124
8395
6965
6363
5710
3882
1779
120
-1554
-2919
-3520
-4634
-6539
-7779
-8165
-8343
-8383
-8179
-7744
-6829
-5323
-3952
-3197
-2849
-2521
-1881
-1197
-748
-411
-16
652
1537
2114
2015
1608
1349
1236
1338
1538
1372
1039
990
938
561
87
-493
-1305
-1827
-1830
-1809
-1943
-2007
-1899
-1684
-1445
-1183
-901
-548
59
838
1423
1680
1917
2314
2582
2738
2999
3229
3480
3964
4462
4819
5276
5795
5786
5079
4329
3845
3361
2788
2192
1383
297
-607
-1255
-2208
-3463
-4293
-4527
-4648
-4752
-4753
-4900
-5100
-4988
-4740
-4706
-4749
-4520
-3962
-3245
-2579
-2118
-1703
-1168
-632
-162
234
570
959
1531
2208
2674
2815
2768
2663
2512
2215
1848
1630
1547
1491
1502
1468
1145
642
361
246
15
-169
-132
-104
-257
-455
-748
-1210
-1644
-1907
-2049
-2101
-1988
-1760
-1578
-1419
-1077
-512
129
773
1507
2289
2910
3368
3721
3878
3836
3761
3683
3485
3191
2856
2426
1922
1399
827
213
-353
-813
-1206
-1507
-1750
-2035
-2330
-2549
-2757
-3007
-3133
-3038
-2897
-2816
-2670
-2450
-2336
-2221
-1940
-1663
-1502
-1219
-717
-236
160
561
882
1081
1315
1589
1768
1799
1756
1683
1595
1393
1028
583
73
-502
-1012
-1452
-1922
-2274
-2404
-2466
-2475
-2322
-2150
-2049
-1749
-1165
-547
56
694
1300
1861
2423
2915
3242
3450
3624
3792
3863
3764
3568
3370
3147
2854
2501
2083
1625
1188
789
420
60
-339
-726
-990
-1223
-1543
-1775
-1815
-1853
-1956
-2047
-2153
-2319
-2415
-2335
-2168
-2013
-1820
-1518
-1211
-988
-782
-566
-399
-190
164
521
736
878
984
934
759
515
188
-203
-542
-795
-1077
-1410
-1688
-1862
-2027
-2200
-2291
-2308
-2276
-2056
-1633
-1197
-822
-450
-79
250
539
833
1174
1530
1870
2259
2625
2805
2900
3071
3180
3139
3102
3055
2904
2756
2613
2336
1955
1547
1123
779
556
287
-51
-304
-507
-698
-819
-947
-1124
-1208
-1117
-984
-876
-795
-770
-762
-716
-663
-651
-665
-635
-501
-328
-236
-219
-256
-373
-481
-552
-714
-922
-1033
-1093
-1210
-1369
-1587
-1879
-2151
-2324
-2436
-2466
-2386
-2238
-2006
-1716
-1538
-1457
-1305
-1083
-858
-537
-117
253
597
998
1339
1499
1568
1675
1829
2015
2185
2284
2328
2316
2237
2161
2097
1992
1893
1931
2012
1982
1918
1854
1703
1530
1469
1421
1285
1147
1056
921
739
540
287
43
-138
-284
-399
-491
-648
-821
-921
-1042
-1212
-1314
-1357
-1420
-1385
-1300
-1339
-1416
-1447
-1543
-1698
-1791
-1914
-2081
-2114
-2095
-2140
-2153
-2157
-2195
-2111
-1916
-1803
-1658
-1379
-1103
-825
-432
-83
129
373
669
896
1052
1148
1180
1189
1163
1107
1056
989
875
859
946
967
968
1058
1184
1333
1533
1735
1907
2031
2095
2183
2274
2212
2096
2062
1961
1740
1621
1498
1190
942
783
487
184
23
-188
-426
-508
-576
-733
-818
-890
-1069
-1221
-1312
-1451
-1574
-1608
-1673
-1744
-1784
-1891
-2040
-2093
-2093
-2070
-1928
-1742
-1591
-1411
-1197
-1055
-953
-836
-699
-516
-275
-43
107
192
230
202
104
2
-57
-87
-58
70
169
169
205
309
390
503
717
899
1028
1186
1362
1441
1434
1402
1347
1282
1229
1220
1219
1180
1093
1072
1054
963
894
882
829
784
822
813
735
674
602
471
349
237
115
25
-46
-117
-192
-300
-448
-583
-694
-805
-879
-890
-931
-972
-980
-1036
-1145
-1221
-1256
-1301
-1300
-1268
-1252
-1249
-1252
-1304
-1406
-1532
-1619
-1625
-1572
-1489
-1391
-1270
-1113
-869
-580
-303
-43
242
540
843
1130
1365
1535
1690
1833
1885
1853
1768
1637
1511
1427
1327
1222
1151
1103
1029
925
761
536
335
219
149
73
42
25
-11
-61
-99
-165
-239
-242
-151
-3
132
251
339
413
439
445
432
364
265
236
247
183
75
-43
-189
-340
-428
-549
-734
-934
-1093
-1230
-1360
-1500
-1654
-1758
-1828
-1842
-1786
-1719
-1674
-1553
-1367
-1188
-987
-722
-464
-193
131
416
634
832
1002
1126
1272
1382
1426
1473
1542
1551
1542
1490
1344
1178
1010
828
602
369
127
-59
-191
-339
-525
-653
-760
-838
-806
-760
-730
-606
-330
-48
195
398
543
648
787
922
1026
1106
1162
1242
1312
1281
1133
1002
825
619
486
369
153
-70
-239
-474
-745
-998
-1246
-1460
-1574
-1667
-1753
-1843
-1938
-1985
-1898
-1747
-1595
-1368
-1106
-847
-555
-260
-75
100
321
554
796
1004
1096
1108
1118
1057
954
851
704
521
430
357
206
33
-120
-281
-386
-393
-399
-400
-385
-347
-250
-100
-32
17
99
161
234
366
470
480
538
640
693
715
742
713
693
729
782
826
873
888
889
879
783
639
500
355
188
54
-102
-320
-566
-802
-1047
-1252
-1367
-1451
-1469
-1423
-1335
-1219
-1083
-983
-897
-736
-517
-287
-41
173
305
410
491
507
465
414
377
401
421
394
321
205
61
-54
-117
-197
-265
-265
-227
-208
-187
-216
-304
-369
-358
-291
-196
-88
5
91
169
213
209
199
208
268
391
515
618
701
739
749
768
747
699
673
670
628
554
451
276
87
-54
-177
-300
-368
-411
-425
-428
-430
-435
-438
-411
-345
-244
-152
-85
-14
44
29
4
-13
-85
-163
-177
-195
-251
-281
-298
-353
-390
-397
-425
-441
-424
-383
-343
-299
-282
-278
-256
-255
-249
-197
-146
-83
41
144
176
213
252
227
213
260
284
319
420
493
493
497
483
425
401
398
385
397
410
384
339
253
140
52
11
-33
-46
0
21
21
45
67
45
66
138
173
220
293
299
269
244
167
64
-14
-94
-185
-255
-337
-438
-492
-536
-589
-602
-600
-616
-602
-557
-568
-587
-575
-576
-575
-519
-470
-454
-379
-284
-213
-144
-89
-81
-52
13
56
102
162
217
277
366
420
414
417
432
444
486
535
549
563
587
581
536
467
357
264
226
188
145
111
63
16
8
3
-24
-24
18
68
125
208
253
256
275
289
281
248
203
150
107
66
14
-35
-98
-167
-214
-252
-316
-387
-446
-519
-588
-626
-662
-702
-711
-689
-650
-590
-533
-495
-475
-443
-401
-366
-309
-246
-176
-93
-3
76
128
159
180
225
285
352
417
472
511
548
581
559
506
461
415
370
332
289
203
119
79
40
-11
-51
-59
-53
-27
21
58
64
75
121
167
187
193
209
222
236
259
255
201
153
141
134
96
35
-20
-86
-146
-202
-289
-395
-481
-507
-506
-505
-531
-551
-544
-538
-524
-507
-514
-513
-447
-343
-272
-234
-183
-118
-37
40
101
141
191
270
361
427
448
441
464
511
526
518
480
417
368
347
295
198
110
65
53
36
6
-63
-129
-160
-169
-167
-194
-240
-225
-145
-79
-42
-15
-5
16
73
139
152
140
163
203
240
245
190
122
64
21
-11
-56
-143
-222
-234
-234
-269
-318
-360
-399
-404
-360
-343
-360
-355
-308
-242
-180
-136
-117
-77
-26
22
75
95
93
133
220
283
325
363
387
395
421
436
388
335
310
304
296
280
225
163
109
34
-33
-99
-193
-262
-275
-273
-288
-287
-275
-278
-263
-216
-186
-165
-122
-58
1
60
101
112
125
130
120
107
74
13
-33
-54
-105
-163
-186
-214
-235
-213
-181
-167
-149
-113
-73
-28
18
54
100
141
160
178
188
163
127
120
120
102
107
128
125
131
146
147
130
119
119
121
139
153
148
147
133
100
78
38
-22
-57
-77
-111
-135
-158
-184
-209
-215
-216
-217
-203
-180
-134
-84
-44
-16
8
33
48
51
49
11
-31
-65
-114
-188
-264
-316
-364
-382
-369
-341
-299
-238
-153
-73
10
81
150
233
304
366
416
437
436
428
418
373
305
254
207
161
135
90
43
19
1
2
7
13
17
27
46
61
67
67
44
25
19
-1
-41
-77
-117
-154
-180
-212
-253
-283
-283
-273
-246
-215
-188
-147
-88
-34
11
53
83
100
119
132
112
68
16
-41
-97
-148
-194
-232
-252
-247
-231
-197
-163
-126
-84
-37
14
59
96
132
169
195
210
208
189
172
146
122
103
86
84
90
105
134
170
205
242
286
316
341
363
370
353
324
280
209
129
34
-68
-171
-273
-366
-451
-526
-592
-630
-644
-639
-610
-557
-492
-406
-310
-201
-90
6
107
193
269
320
360
375
367
344
306
260
201
151
105
65
23
-8
-26
-45
-59
-68
-63
-63
-55
-39
-21
-5
13
21
21
23
17
10
10
19
25
44
77
106
141
173
208
247
280
312
335
350
348
328
288
228
154
71
-14
-110
-192
-276
-353
-415
-469
-514
-544
-551
-547
-521
-487
-444
-390
-332
-269
-207
-145
-81
-17
38
90
135
164
193
206
211
220
218
225
230
238
248
259
269
267
266
254
247
244
239
225
213
194
162
126
76
22
-21
-67
-112
-147
-165
-181
-176
-168
-154
-122
-94
-47
3
52
106
147
180
206
206
187
161
119
72
20
-37
-92
-152
-215
-271
-324
-370
-410
-438
-452
-454
-443
-427
-396
-361
-320
-269
-215
-141
-67
-1
66
126
173
222
257
286
309
330
355
372
382
384
376
366
361
344
327
315
293
273
253
218
174
127
78
26
-30
-73
-109
-147
-168
-190
-215
-224
-233
-233
-228
-213
-188
-166
-138
-112
-91
-76
-68
-61
-57
-47
-37
-37
-30
-34
-39
-60
-81
-99
-121
-134
-156
-171
-184
-195
-199
-200
-198
-178
-157
-125
-85
-49
-6
31
55
75
93
109
125
140
158
169
178
191
194
203
208
212
228
244
256
264
264
259
247
230
209
190
163
139
117
89
55
19
-15
-56
-94
-131
-172
-200
-231
-261
-288
-310
-324
-335
-333
-319
-289
-251
-208
-160
-105
-56
-11
35
75
103
123
144
151
142
132
119
94
75
58
50
49
53
53
57
70
82
97
103
109
108
113
113
103
88
70
53
40
21
-4
-15
-33
-45
-49
-51
-60
-70
-75
-82
-82
-76
-60
-49
-36
-23
-7
-1
-5
7
1
0
-15
-26
-41
-80
-117
-158
-198
-234
-254
-252
-235
-211
-186
-149
-107
-67
-11
43
72
113
165
197
231
237
229
227
207
222
218
219
212
230
237
249
278
269
295
301
312
328
321
317
286
260
224
182
151
102
54
17
-45
-99
-125
-171
-207
-233
-244
-281
-296
-293
-317
-310
-295
-303
-283
-251
-262
-257
-221
-200
-184
-186
-175
-179
-210
-218
-243
-244
-252
-295
-282
-279
-264
-222
-201
-157
-148
-94
-29
37
99
139
178
195
218
230
255
249
274
273
296
314
313
349
330
318
314
315
337
341
326
326
277
257
240
221
202
177
165
127
84
64
38
49
27
-17
-47
-95
-28
-31
-104
-126
-135
-174
-200
-221
-269
-276
-317
-323
-341
-381
-400
-417
-409
-461
-485
-518
-523
-496
-496
-440
-436
-435
-419
-381
-339
-261
-212
-129
-33
35
62
79
79
77
136
183
249
282
304
287
296
313
315
334
361
372
337
333
350
326
278
242
215
220
198
171
164
149
158
148
127
153
145
138
127
128
167
144
144
146
158
161
132
138
116
78
86
94
80
86
46
24
16
-38
-73
-108
-120
-135
-154
-168
-193
-221
-223
-248
-266
-266
-266
-224
-236
-195
-169
-211
-174
-154
-127
-94
-68
-52
-44
-25
1
14
30
88
89
97
96
103
125
127
122
101
125
146
128
145
155
155
156
150
148
140
101
70
54
23
-5
1
48
45
61
92
70
97
114
122
176
166
175
191
181
172
175
152
151
144
120
108
78
71
25
-27
-85
-124
-122
-157
-172
-204
-220
-222
-279
-318
-313
-377
-456
-538
-629
-797
-1450
-1843
-1419
-742
-591
-309
51
832
597
85
1152
1404
138
-1162
-299
-13
-659
-774
-1188
-976
-178
-218
-529
-1388
-985
-491
-28
-612
-842
89
268
684
799
712
276
1142
1982
1758
882
1335
1752
1367
1299
1057
680
647
698
356
-309
-383
-305
-1013
-756
-680
-571
-657
-592
-96
-520
-301
251
277
463
697
877
970
963
1352
805
701
1265
703
522
625
246
-108
-232
-112
-408
-753
-625
-683
-558
-584
-555
-409
-593
-448
-375
-293
-364
-222
-216
-184
-77
24
-84
-239
-76
-64
-128
-321
-479
-319
-327
-548
-781
-703
-633
-583
-234
-617
-596
-177
-187
-265
-190
-84
-41
120
299
521
504
537
935
940
628
940
1083
772
823
912
801
591
655
530
440
359
241
219
246
147
106
8
-167
-15
-164
-350
-218
-220
-391
-458
-402
-465
-597
-531
-602
-840
-793
-876
-1006
-1161
-1218
-1141
-1209
-1235
-1176
-1219
-1207
-1141
-1039
-1123
-1071
-858
-790
-689
-611
-436
-287
-139
59
346
387
466
810
1156
1378
1622
1842
1991
2160
2336
2584
2733
2902
3125
3085
3105
3320
3396
3290
3267
3367
3266
3181
2706
1718
832
222
-449
-1327
-2307
-3125
-3717
-4132
-4436
-4929
-5432
-5506
-5134
-4731
-4455
-3977
-3499
-2843
-2055
-1636
-1387
-1148
-898
-525
-187
-183
-325
-302
-150
-105
-196
-243
-418
-416
-201
-96
-148
-178
64
446
955
1345
1503
1917
2477
3006
3526
3840
4109
4522
5085
5553
5800
6032
6430
7024
6982
5724
4144
2976
1943
760
-651
-2213
-3641
-4606
-4780
-5573
-6933
-7777
-7687
-6927
-6205
-5433
-4653
-3811
-2407
-943
-127
75
497
1434
2311
2849
2980
2628
2518
2591
1746
326
-841
-1779
-2607
-3372
-4204
-4966
-5445
-5323
-4972
-4963
-4810
-3932
-2818
-1730
-663
347
1230
2271
3399
4239
4759
5036
5588
6251
6566
6621
6550
6613
6818
7124
7315
7593
7931
6767
4838
3461
2054
295
-1519
-3039
-4653
-5969
-6133
-6482
-7693
-8700
-8438
-7444
-6611
-5470
-4092
-2842
-1216
596
1816
2110
2194
2744
3333
3623
3393
2831
2330
1964
1437
359
-1173
-3035
-4569
-5240
-5902
-6860
-7585
-7580
-6791
-5981
-5201
-4379
-3373
-1839
86
1693
2641
3470
4410
5341
6071
6105
5791
5801
5914
5844
5468
4933
4517
4465
4856
5209
5512
6117
5647
4129
2980
2001
666
-993
-2228
-3417
-4588
-4662
-4680
-5507
-6438
-6318
-5388
-4722
-3772
-2566
-1582
-360
1174
2225
2152
1867
2124
2378
2283
1813
1176
569
41
-635
-1897
-3359
-4835
-5725
-5977
-6299
-6525
-6543
-6102
-5059
-4334
-3722
-2896
-1807
-351
1110
2389
3145
3771
4559
5146
5407
5255
5050
4943
4839
4749
4346
3839
3604
3616
3806
4153
4572
5292
5241
3882
2724
1941
874
-454
-1495
-2502
-3570
-3562
-3223
-3940
-4975
-5096
-4490
-3944
-3204
-2252
-1575
-736
614
1619
1469
875
832
1091
1118
821
367
-169
-526
-874
-1858
-3417
-4883
-5581
-5669
-5763
-5947
-5976
-5609
-4714
-3786
-3154
-2581
-1627
-117
1370
2469
3239
3790
4403
5038
5453
5354
4984
4909
5085
5025
4747
4396
4153
4138
4475
4920
5334
5870
5259
3748
2795
1871
473
-939
-2105
-3211
-4100
-3874
-3809
-4764
-5574
-5391
-4666
-4129
-3400
-2417
-1689
-601
778
1530
1245
779
992
1262
1190
815
369
22
-218
-542
-1532
-3064
-4375
-5300
-5825
-6154
-6447
-6496
-6131
-5321
-4510
-3854
-3034
-1940
-662
703
1965
2974
3604
4259
4904
5361
5440
5274
5320
5413
5340
5302
5222
5121
5130
5591
6119
6595
6989
5939
4301
3302
2326
939
-719
-2201
-3452
-4281
-4124
-4416
-5566
-6316
-5987
-5096
-4468
-3772
-2946
-2204
-975
437
1122
810
431
826
1241
1115
693
274
-98
-270
-424
-1387
-3007
-4261
-5076
-5779
-6334
-6756
-6837
-6419
-5604
-4775
-4130
-3366
-2153
-765
637
1978
3135
3931
4677
5432
5905
5929
5752
5761
5764
5579
5432
5311
5081
4956
5347
5882
6319
6761
5957
4363
3307
2448
1199
-447
-1941
-3118
-3923
-3834
-4123
-5270
-6059
-5814
-5020
-4400
-3702
-2924
-2198
-1036
252
857
504
161
598
1094
1030
570
194
-64
-196
-302
-1190
-2849
-4277
-4789
-4935
-5626
-6423
-6697
-6456
-5715
-4980
-4555
-4168
-3169
-1347
405
1463
2229
3076
4025
4907
5373
5273
5072
5366
5717
5577
5176
4757
4549
4638
4987
5308
5448
6179
6607
5452
4051
3182
2207
889
-298
-1297
-2504
-2994
-2749
-3232
-4320
-4985
-4732
-4187
-3715
-3011
-2427
-1823
-829
202
432
-98
-347
-117
84
78
-189
-527
-778
-728
-899
-1740
-3274
-4857
-5381
-5374
-5580
-5925
-6235
-5780
-4880
-4076
-3426
-3188
-2479
-910
816
2025
2538
2978
3668
4395
4746
4507
4245
4265
4570
4896
4660
4148
3921
4226
4919
5297
5619
6315
6271
5359
4608
3986
2762
1361
523
-288
-1310
-1643
-1811
-2653
-3674
-4058
-4027
-4140
-4043
-3594
-3169
-2568
-1699
-1111
-1211
-1507
-1281
-996
-1029
-977
-913
-925
-716
-522
-831
-1816
-2943
-3683
-4179
-4418
-4614
-4910
-4897
-4477
-4012
-3719
-3494
-3025
-2189
-950
263
1158
1853
2453
3164
3678
3841
3957
4182
4516
4926
5133
5015
4785
4812
5052
5406
5716
6299
6966
6563
5448
4656
3816
2598
1496
560
-555
-1468
-1607
-2056
-3255
-4255
-4697
-4878
-4865
-4661
-4360
-4042
-3235
-2248
-1805
-1833
-1880
-1591
-1202
-991
-809
-782
-686
-388
-273
-654
-1460
-2163
-2628
-3075
-3477
-3889
-4181
-4157
-3949
-3867
-3864
-3558
-3034
-2150
-1154
-301
596
1428
2153
2877
3294
3591
3981
4489
4863
5040
5145
5067
5018
5008
4920
4924
5111
5557
6102
5937
5033
4042
3354
2673
1858
979
36
-803
-1028
-1231
-2214
-3356
-4019
-4270
-4302
-4241
-4205
-4178
-3736
-2949
-2526
-2529
-2662
-2497
-2106
-1776
-1517
-1467
-1352
-1029
-775
-832
-1235
-1520
-1625
-1878
-2109
-2399
-2651
-2627
-2470
-2497
-2656
-2638
-2337
-1831
-1287
-813
-285
292
904
1513
1960
2277
2733
3326
3757
4060
4186
4164
4252
4328
4255
4154
4238
4476
4764
5272
5251
4434
3958
3835
3355
2764
2264
1606
853
568
204
-879
-2024
-2766
-3254
-3583
-3864
-4196
-4489
-4446
-4151
-4066
-4166
-4326
-4279
-3896
-3475
-3210
-3029
-2727
-2216
-1741
-1479
-1333
-1213
-1036
-796
-605
-764
-890
-767
-672
-775
-931
-934
-871
-693
-324
-154
-78
297
805
1254
1548
1841
2137
2498
2870
2995
3005
3035
3026
3075
3137
3041
2851
2910
3327
3559
3664
3705
3583
3473
3491
3448
3088
2537
2157
1883
1538
948
141
-632
-1308
-1783
-2329
-3019
-3586
-3961
-4081
-4146
-4350
-4592
-4736
-4644
-4449
-4296
-4067
-3796
-3330
-2698
-2165
-1758
-1427
-1117
-870
-603
-421
-484
-456
-293
-230
-164
-125
-170
-155
45
299
441
700
999
1259
1598
1852
1949
2059
2155
2182
2214
2241
2096
1956
1930
1692
1522
1557
1548
1521
1716
1976
2049
2114
2261
2199
2074
2087
2004
1812
1652
1558
1330
1046
773
355
-137
-524
-868
-1221
-1546
-1770
-2011
-2318
-2521
-2746
-3037
-3250
-3214
-3057
-2892
-2637
-2346
-2153
-1952
-1732
-1661
-1701
-1644
-1468
-1316
-1119
-940
-892
-833
-684
-566
-465
-253
39
332
634
937
1146
1315
1436
1502
1521
1471
1425
1414
1343
1198
1077
962
836
768
799
786
831
955
1030
1095
1165
1181
1173
1263
1353
1367
1385
1376
1264
1190
1090
871
634
433
235
73
-36
-242
-519
-747
-972
-1225
-1378
-1448
-1422
-1300
-1141
-1048
-1013
-992
-1027
-1073
-1113
-1158
-1123
-999
-883
-801
-803
-820
-836
-842
-808
-699
-525
-377
-189
36
172
237
347
411
380
386
461
432
412
496
514
465
473
521
555
636
752
789
798
820
796
737
677
611
541
503
444
314
182
38
-164
-355
-507
-636
-705
-689
-630
-582
-561
-559
-563
-538
-457
-281
-30
236
491
716
860
851
756
652
546
472
460
439
366
269
157
-31
-287
-497
-620
-681
-680
-638
-609
-592
-570
-546
-517
-515
-532
-498
-440
-388
-296
-168
-93
-10
173
350
465
612
785
887
965
1056
1035
930
880
802
653
514
348
103
-124
-340
-613
-913
-1158
-1328
-1410
-1373
-1275
-1187
-1097
-1006
-904
-758
-588
-381
-80
259
553
827
1017
1034
978
965
942
903
932
967
928
888
831
631
396
241
120
14
-7
-10
-88
-162
-194
-253
-355
-446
-512
-561
-566
-524
-489
-490
-464
-364
-228
-119
-20
106
240
370
508
606
629
627
630
601
512
374
217
63
-105
-296
-522
-778
-994
-1114
-1167
-1190
-1152
-1082
-1017
-937
-821
-724
-636
-463
-262
-83
113
295
367
368
405
435
435
479
576
649
698
748
746
666
596
569
533
505
523
535
474
421
414
354
235
150
82
-1
-25
2
-24
-80
-57
3
28
45
76
102
140
211
275
298
296
298
308
282
178
47
-69
-195
-339
-481
-638
-811
-913
-941
-995
-1050
-1054
-1046
-1032
-975
-885
-809
-695
-523
-367
-253
-151
-50
4
69
183
271
337
460
599
648
667
694
672
634
645
639
571
534
523
440
325
259
195
110
56
21
-35
-77
-65
-41
-41
-7
70
162
249
320
375
384
387
406
410
378
345
349
342
274
167
54
-73
-212
-330
-424
-521
-586
-573
-563
-603
-644
-663
-695
-699
-651
-603
-554
-445
-335
-294
-267
-260
-272
-239
-158
-97
-32
82
196
266
309
312
295
322
372
393
391
385
357
318
259
154
60
15
-17
-43
-49
-78
-121
-107
-65
-56
-14
91
183
269
367
416
398
387
387
356
317
308
313
271
209
145
41
-90
-186
-248
-309
-334
-294
-244
-229
-230
-235
-254
-262
-238
-204
-171
-118
-48
-16
-35
-89
-142
-176
-173
-154
-124
-72
5
74
112
107
85
77
97
135
153
139
111
87
35
-64
-173
-267
-345
-383
-375
-404
-456
-454
-419
-395
-335
-226
-132
-20
138
262
310
350
396
413
436
476
496
504
510
492
425
336
234
136
80
49
41
63
78
58
43
21
-25
-54
-58
-50
-20
44
88
85
61
15
-33
-44
-35
-15
37
112
183
232
240
203
162
148
143
130
104
53
-10
-88
-204
-353
-501
-647
-752
-801
-841
-896
-919
-908
-897
-842
-748
-658
-538
-372
-208
-62
60
145
220
316
407
491
577
637
669
697
698
634
555
509
455
430
446
431
385
341
281
191
109
38
-27
-50
-30
-11
-11
-25
-67
-96
-102
-91
-53
24
127
235
344
408
422
429
434
432
439
440
412
363
283
154
3
-167
-356
-521
-643
-748
-834
-899
-956
-1008
-1036
-1021
-983
-930
-849
-739
-621
-505
-409
-319
-230
-136
-23
105
220
318
405
479
533
556
564
578
605
634
650
640
596
522
432
343
239
147
85
44
18
-15
-55
-110
-161
-191
-204
-181
-125
-40
57
149
227
271
298
336
370
396
430
482
500
468
414
339
237
117
17
-80
-178
-253
-315
-377
-462
-550
-611
-651
-672
-686
-699
-695
-681
-668
-662
-645
-617
-571
-481
-366
-265
-179
-75
34
129
219
327
441
544
642
723
748
723
683
627
550
470
403
347
285
201
100
-7
-115
-217
-294
-331
-325
-284
-233
-178
-130
-101
-68
-16
44
95
156
242
315
350
351
335
291
238
200
159
110
59
27
-12
-76
-154
-225
-273
-302
-321
-349
-374
-398
-428
-458
-469
-472
-471
-429
-360
-297
-241
-181
-111
-49
21
118
235
347
449
535
589
594
580
550
501
452
408
378
343
276
178
60
-52
-154
-243
-308
-333
-320
-293
-263
-246
-254
-266
-248
-209
-172
-131
-64
4
45
67
63
34
8
2
8
7
-2
-6
-7
-27
-56
-96
-129
-141
-145
-144
-155
-167
-190
-216
-233
-239
-229
-196
-136
-80
-37
5
52
96
142
203
287
383
477
552
585
578
550
514
468
420
373
344
322
281
198
85
-30
-133
-216
-273
-301
-310
-294
-268
-249
-265
-306
-323
-318
-291
-251
-202
-151
-102
-65
-51
-60
-77
-81
-63
-27
6
27
35
36
14
-17
-47
-67
-87
-108
-117
-133
-169
-213
-250
-277
-287
-261
-214
-171
-130
-86
-39
1
52
113
180
264
371
457
497
505
492
463
434
407
373
336
321
312
266
178
74
-26
-109
-156
-176
-197
-207
-184
-166
-177
-210
-242
-265
-267
-221
-171
-145
-112
-69
-43
-47
-54
-54
-61
-38
9
43
49
52
63
52
32
25
6
-20
-25
-16
-31
-65
-85
-96
-114
-103
-69
-55
-48
-18
14
28
41
76
106
132
188
240
248
236
230
204
162
140
127
96
75
86
84
37
-16
-58
-108
-137
-134
-131
-135
-120
-79
-70
-86
-107
-132
-149
-145
-115
-108
-116
-95
-68
-69
-92
-102
-126
-140
-122
-92
-86
-91
-61
-43
-40
-40
-32
-40
-38
4
37
49
60
93
123
147
186
214
219
236
273
289
275
282
285
269
265
272
256
206
168
133
80
40
9
-28
-64
-73
-63
-80
-119
-144
-166
-191
-194
-182
-180
-173
-142
-112
-115
-128
-143
-164
-173
-165
-156
-165
-170
-150
-136
-154
-177
-196
-228
-235
-217
-212
-221
-214
-195
-179
-169
-160
-157
-140
-97
-44
6
46
97
155
208
260
304
332
356
384
417
430
425
415
406
393
386
371
334
297
258
223
184
146
116
90
66
56
36
1
-26
-54
-83
-105
-117
-129
-140
-141
-135
-134
-149
-164
-177
-190
-190
-184
-182
-183
-191
-188
-189
-200
-216
-240
-257
-262
-266
-269
-287
-296
-295
-287
-277
-270
-257
-228
-188
-140
-90
-42
10
63
117
170
213
254
288
320
345
355
366
366
363
360
351
335
321
304
278
260
232
208
181
155
126
95
69
42
14
-8
-29
-45
-55
-66
-80
-90
-98
-104
-104
-108
-107
-104
-93
-85
-84
-84
-90
-100
-106
-112
-122
-132
-148
-160
-178
-195
-216
-238
-257
-262
-262
-254
-233
-214
-185
-143
-96
-48
-7
32
76
123
160
200
239
259
278
296
304
301
292
276
259
242
222
202
180
154
127
108
82
49
15
-10
-25
-46
-58
-71
-85
-94
-97
-105
-118
-127
-135
-135
-127
-120
-109
-103
-94
-74
-67
-61
-62
-60
-63
-65
-70
-75
-83
-98
-105
-118
-133
-147
-157
-160
-153
-143
-120
-94
-61
-17
25
69
104
138
169
202
231
254
271
287
295
300
300
284
262
239
215
190
170
148
129
108
88
66
47
21
-7
-32
-53
-67
-82
-102
-122
-138
-158
-182
-207
-235
-260
-273
-275
-281
-279
-273
-270
-255
-241
-222
-208
-192
-171
-149
-129
-116
-103
-96
-84
-69
-53
-40
-32
-21
-7
15
37
58
77
106
141
169
191
207
219
233
243
257
264
271
273
277
275
266
252
233
223
213
212
208
201
201
192
178
170
152
131
112
101
84
59
21
-21
-66
-118
-163
-208
-249
-290
-321
-349
-374
-394
-415
-419
-415
-397
-377
-350
-318
-291
-260
-233
-206
-178
-148
-116
-83
-52
-26
1
15
32
50
64
80
98
123
146
160
165
170
173
177
182
191
196
201
206
203
200
190
179
168
165
173
179
183
181
181
175
167
164
158
153
153
149
134
114
87
54
17
-20
-55
-83
-111
-140
-163
-193
-220
-248
-270
-281
-286
-278
-269
-256
-246
-232
-219
-217
-204
-184
-164
-144
-117
-89
-70
-58
-40
-28
-12
14
38
64
91
118
135
151
161
171
183
195
208
217
221
216
201
181
159
134
118
105
94
81
68
45
23
2
-14
-20
-24
-23
-17
-17
-23
-28
-33
-41
-49
-54
-53
-50
-48
-51
-58
-74
-88
-101
-111
-110
-114
-110
-101
-105
-112
-119
-129
-123
-120
-114
-102
-92
-78
-70
-60
-53
-43
-23
-5
19
52
77
107
132
150
169
183
199
216
236
251
257
256
244
230
211
188
167
142
120
96
67
36
3
-27
-59
-82
-101
-113
-119
-130
-139
-152
-159
-164
-168
-170
-173
-169
-164
-161
-161
-161
-166
-171
-166
-163
-155
-147
-135
-125
-128
-124
-119
-112
-96
-82
-59
-38
-20
-7
4
22
43
65
89
112
133
158
181
194
211
224
239
250
260
263
262
263
259
253
242
223
204
188
167
149
128
106
83
53
24
-2
-23
-44
-58
-74
-90
-108
-127
-141
-156
-169
-175
-183
-197
-202
-209
-219
-227
-230
-228
-229
-233
-231
-230
-223
-216
-209
-197
-188
-174
-159
-138
-115
-91
-66
-36
-10
17
44
71
105
136
161
183
207
224
242
255
268
280
290
291
284
278
266
252
242
230
216
197
172
149
134
110
82
63
37
14
-6
-23
-43
-62
-74
-92
-105
-121
-130
-140
-154
-162
-170
-177
-183
-191
-201
-208
-212
-211
-217
-224
-222
-222
-221
-217
-208
-197
-186
-169
-155
-141
-120
-93
-67
-37
-10
16
45
68
101
134
163
189
210
224
245
254
261
274
279
281
276
268
260
243
230
219
201
182
161
138
113
93
71
48
31
8
-10
-29
-50
-62
-79
-87
-101
-114
-133
-146
-155
-165
-172
-186
-194
-206
-217
-226
-230
-237
-240
-238
-235
-235
-232
-225
-219
-204
-187
-170
-152
-130
-110
-86
-55
-27
7
36
62
90
118
141
170
196
217
236
248
260
271
281
283
284
281
276
267
255
239
222
209
193
171
146
124
101
78
56
37
17
-5
-24
-47
-64
-81
-94
-109
-122
-134
-147
-157
-170
-178
-184
-190
-197
-207
-212
-219
-224
-223
-225
-218
-218
-219
-211
-201
-190
-173
-155
-140
-117
-101
-78
-56
-32
-1
21
47
65
88
116
134
154
174
189
200
211
220
231
235
238
238
237
230
220
211
201
189
175
158
138
124
105
87
69
52
34
19
4
-15
-32
-46
-57
-70
-78
-90
-103
-110
-119
-122
-129
-134
-139
-145
-152
-155
-158
-153
-153
-155
-153
-148
-145
-145
-140
-132
-127
-117
-102
-94
-81
-67
-51
-35
-21
-4
13
32
46
63
75
92
109
117
130
136
139
148
152
154
151
147
144
137
128
119
109
99
87
74
63
53
39
24
13
1
-9
-19
-25
-34
-44
-49
-52
-55
-62
-63
-65
-68
-65
-67
-65
-68
-68
-69
-69
-69
-67
-62
-66
-64
-58
-56
-53
-47
-41
-38
-33
-25
-18
-12
-1
9
16
24
31
42
51
58
65
72
80
84
90
90
91
92
92
89
81
75
68
61
55
44
35
21
9
0
-8
-19
-34
-46
-56
-63
-68
-76
-81
-86
-88
-89
-93
-90
-90
-84
-79
-75
-70
-65
-60
-55
-49
-44
-37
-29
-22
-17
-12
-6
0
6
10
17
23
29
32
38
43
46
56
65
75
77
82
89
96
103
110
117
120
123
125
128
124
121
114
107
102
90
77
64
49
35
19
-1
-18
-34
-55
-70
-82
-96
-106
-119
-128
-133
-138
-142
-141
-140
-138
-134
-129
-124
-115
-107
-102
-91
-81
-76
-67
-61
-55
-49
-47
-40
-36
-32
-26
-21
-18
-13
-12
-4
3
13
25
34
45
56
69
80
92
107
118
129
142
151
159
163
167
167
165
164
156
146
135
124
108
91
73
54
33
17
1
-21
-35
-50
-63
-72
-81
-87
-93
-98
-101
-100
-98
-94
-92
-89
-85
-81
-78
-78
-76
-70
-71
-73
-74
-76
-78
-80
-83
-83
-83
-83
-80
-78
-74
-66
-60
-49
-35
-21
-10
5
23
38
55
72
84
100
109
118
128
130
135
136
135
134
126
122
112
99
90
79
63
49
36
26
16
5
-2
-10
-19
-24
-24
-28
-33
-33
-32
-32
-31
-28
-29
-31
-31
-34
-36
-37
-40
-44
-50
-57
-60
-63
-66
-71
-74
-77
-79
-77
-75
-69
-65
-58
-52
-45
-34
-24
-11
0
9
21
33
43
51
58
67
73
78
80
80
79
78
73
69
59
53
46
40
36
25
18
11
6
0
-6
-11
-16
-19
-21
-23
-25
-28
-27
-26
-26
-29
-28
-28
-30
-30
-36
-36
-36
-41
-40
-43
-43
-46
-47
-44
-45
-44
-42
-40
-36
-33
-27
-24
-17
-12
-3
6
15
22
30
39
44
49
56
62
68
72
75
76
79
77
76
74
73
72
67
64
56
50
43
36
29
23
16
10
1
-7
-13
-20
-26
-31
-37
-43
-47
-51
-55
-57
-62
-65
-69
-72
-74
-75
-75
-79
-78
-79
-77
-74
-74
-70
-67
-64
-59
-56
-51
-44
-39
-32
-26
-18
-12
-6
2
8
16
23
31
37
43
49
54
63
67
73
78
82
84
86
87
88
88
87
87
86
81
78
73
68
64
58
52
44
37
31
24
17
10
4
-3
-7
-13
-21
-28
-34
-36
-42
-48
-52
-56
-61
-63
-66
-69
-72
-74
-73
-71
-72
-73
-71
-69
-68
-64
-62
-58
-55
-50
-45
-40
-36
-30
-24
-20
-15
-7
-2
6
11
17
23
26
32
36
40
44
48
52
55
56
59
60
59
60
61
60
59
59
56
54
52
50
44
40
36
30
26
24
18
12
8
1
-1
-5
-8
-11
-16
-20
-23
-25
-29
-30
-34
-35
-35
-37
-36
-37
-37
-36
-36
-35
-33
-32
-31
-31
-28
-26
-26
-22
-20
-16
-14
-10
-8
-8
-4
-1
1
4
6
8
9
12
15
15
14
17
16
16
15
14
17
18
18
15
16
14
14
12
10
10
10
7
7
7
6
5
4
3
2
1
0
1
1
1
0
-2
-3
-1
-2
-4
-3
-4
-3
-4
-3
-1
-1
-2
-3
-2
1
0
-2
1
0
2
3
2
4
4
6
5
4
3
3
4
2
2
2
0
2
1
-1
-1
-1
-4
-6
-5
-5
-5
-7
-8
-9
-10
-9
-10
-10
-10
-11
-13
-11
-10
-10
-11
-10
-9
-8
-8
-9
-6
-7
-7
-4
-4
-4
-2
0
0
1
3
4
5
6
5
6
8
10
10
10
10
11
10
9
11
9
12
10
10
9
10
10
8
10
7
6
7
7
6
5
3
2
2
3
1
-1
-2
-3
-4
-5
-4
-8
-8
-6
-7
-7
-8
-8
-7
-7
-8
-9
-9
-6
-6
-4
-5
-4
-4
-5
-4
-3
-2
-2
-2
-2
-1
-1
-2
-2
-1
-2
0
0
2
1
1
1
-2
-1
0
0
-1
-4
-4
-4
-4
-2
-2
-5
-5
-3
-3
-3
-2
-2
0
0
-1
0
-2
0
2
2
2
3
4
3
2
5
4
3
3
2
2
1
0
1
0
2
1
-1
1
1
1
0
2
1
-1
0
0
0
-1
0
-1
-2
-1
-1
1
1
-1
-2
-3
-2
-3
-1
-2
-1
-2
-2
0
-3
-3
-4
-2
-3
-1
-4
-3
-2
0
0
0
1
1
2
1
1
0
2
2
2
3
1
4
3
1
1
1
0
1
1
1
3
0
1
2
2
3
0
2
2
2
2
3
3
2
2
4
2
1
2
1
1
0
-1
0
0
0
0
-1
1
0
-1
-1
-1
0
0
-1
0
1
1
-1
-1
0
0
0
0
0
2
1
1
2
2
1
3
2
2
1
1
1
-2
0
1
1
0
-2
-1
-1
-1
0
1
1
0
2
1
0
-1
-1
-1
-2
-1
0
0
1
1
0
0
1
1
3
3
2
2
2
0
-1
-1
0
0
1
-1
-1
0
0
-1
0
0
0
-1
0
0
-1
-1
1
1
0
-1
-1
0
-1
0
1
1
0
1
2
1
2
0
0
1
1
1
2
1
1
1
2
1
0
0
1
-1
-1
-2
-2
-1
0
1
0
-1
-1
0
0
-1
0
0
1
-1
-1
-1
-3
-4
-3
-4
-3
-2
-2
-2
-3
-3
-3
-4
-3
-2
-3
-2
-2
-4
-3
-4
-2
-3
-3
-5
-2
-2
0
0
1
1
-1
1
0
1
2
-1
1
0
1
-1
-3
-2
-2
-1
-3
-2
-3
-4
-6
-5
-6
-4
-3
-4
-2
-2
-1
0
1
0
3
4
5
4
4
5
6
7
6
7
7
8
7
8
7
7
7
5
4
3
3
3
2
1
0
1
0
1
0
-3
-3
-1
-4
-4
-4
-6
-7
-5
-3
-3
-2
-2
-3
-2
-1
-1
-1
0
1
2
3
1
1
0
0
0
-1
-2
-4
-5
-5
-8
-6
-5
-7
-7
-7
-10
-9
-11
-10
-10
-10
-9
-9
-7
-6
-6
-5
-3
-2
-1
-1
1
3
4
5
5
6
6
6
8
8
7
8
6
8
8
9
6
8
7
8
11
9
9
9
10
11
13
13
13
14
14
14
15
16
14
14
14
15
13
12
11
10
8
7
5
2
-2
-7
-8
-11
-14
-18
-21
-23
-27
-28
-30
-32
-35
-34
-33
-35
-36
-36
-33
-31
-31
-29
-26
-24
-20
-20
-17
-14
-11
-9
-6
-2
-1
0
4
6
9
11
13
14
15
17
17
20
21
21
24
24
26
29
30
30
32
34
33
34
36
34
35
34
33
34
33
31
30
27
26
21
20
16
12
9
4
-1
-4
-10
-14
-17
-23
-27
-28
-32
-34
-37
-40
-41
-42
-42
-43
-44
-44
-44
-43
-42
-39
-37
-34
-31
-29
-26
-22
-19
-15
-11
-7
-4
-1
2
3
6
10
14
16
18
20
22
24
25
27
27
30
30
32
33
33
36
35
35
35
34
35
35
36
36
35
32
30
26
24
21
17
14
13
8
3
0
-4
-8
-13
-16
-22
-25
-27
-29
-31
-34
-34
-35
-36
-36
-37
-39
-37
-35
-37
-35
-36
-32
-29
-28
-25
-25
-23
-20
-19
-15
-13
-10
-10
-10
-7
-5
-2
-1
-2
1
4
3
2
4
6
7
8
9
11
13
14
15
15
19
19
20
22
23
23
23
23
23
23
24
25
24
21
19
15
13
12
9
7
2
1
-3
-5
-8
-11
-15
-17
-17
-18
-21
-21
-21
-21
-19
-19
-17
-16
-13
-10
-10
-6
-3
1
4
7
10
13
15
18
21
24
25
26
26
29
29
30
32
30
30
27
26
24
22
22
18
16
12
11
10
7
6
3
1
-2
-4
-5
-7
-10
-10
-12
-13
-13
-13
-13
-17
-16
-14
-15
-13
-13
-11
-10
-9
-8
-4
-4
-4
-3
-3
-1
1
0
2
3
2
3
3
3
2
2
1
1
0
-1
-1
-3
-2
-4
-7
-6
-7
-7
-7
-7
-8
-11
-10
-11
-13
-11
-11
-11
-12
-12
-12
-14
-12
-10
-9
-8
-10
-10
-10
-9
-8
-11
-12
-11
-12
-11
-14
-14
-15
-14
-12
-13
-13
-14
-14
-12
-15
-17
-16
-16
-18
-15
-15
-15
-15
-14
-11
-9
-8
-7
-5
-2
-3
-1
5
6
3
6
9
10
9
9
12
14
13
16
17
14
17
22
25
22
22
23
20
21
21
24
22
17
14
12
11
10
11
9
6
5
-1
-3
-6
-9
-9
-8
-11
-15
-16
-15
-13
-13
-9
-4
-9
-7
-4
0
2
5
12
10
9
13
20
23
22
27
30
33
35
31
33
37
38
36
35
32
27
28
27
26
15
5
8
3
2
4
1
-4
-2
6
9
13
18
20
18
18
26
23
16
17
11
3
3
5
-8
-15
-10
-5
-9
-18
-12
-10
-11
-12
-11
-12
-12
-9
-16
-24
-21
-21
-26
-36
-35
-31
-37
-39
-40
-40
-33
-25
-26
-31
-22
-14
-10
-11
-12
-7
-12
-16
-13
-11
-15
-23
-24
-21
-15
-20
-23
-21
-23
-18
-15
-15
-22
-27
-24
-20
-20
-26
-22
-20
-20
-18
-19
-8
2
-2
-8
-4
2
2
2
4
6
-5
-18
-8
-1
-7
-13
-15
-18
-28
-24
-13
-9
-13
-13
-13
-16
-3
15
18
11
8
19
26
24
23
31
36
33
34
36
41
42
37
42
46
39
33
32
27
21
23
23
17
8
11
21
16
17
24
24
22
28
35
32
30
27
26
32
36
32
14
9
17
17
10
5
1
-14
-15
-12
-20
-23
-23
-14
-17
-23
-18
-17
-17
-17
-14
-11
-6
-9
-16
-11
-12
-11
-7
-4
-2
-6
-8
-5
0
-5
-13
-9
-6
-4
-9
-9
-2
-6
-9
-8
-5
-5
-1
-7
-20
-26
-21
-13
-19
-31
-28
-31
-26
-16
-6
-12
-18
-14
-17
-21
-18
-8
-8
-24
-26
-22
-28
-33
-37
-34
-38
-39
-40
-27
-31
-39
-38
-31
-20
-13
-18
-16
-7
2
19
23
19
15
27
30
37
40
40
42
43
46
47
45
38
53
62
52
53
47
49
51
48
54
52
54
60
58
50
44
47
50
55
42
48
59
53
63
58
48
59
65
69
66
62
60
45
42
36
38
14
-1
-7
-20
-29
-36
-39
-46
-52
-54
-75
-83
-87
-84
-64
-59
-73
-74
-68
-65
-40
-22
-6
-8
-4
10
7
-9
-5
7
20
-2
4
4
0
-9
-16
-59
-156
-136
-159
-219
-259
-355
-658
-646
-113
3
-437
-955
-684
157
260
61
53
191
470
646
674
472
562
638
416
278
22
206
171
23
-60
-217
-138
-204
-408
-939
-837
-635
-506
-342
-395
-73
65
525
786
834
877
667
577
-94
-347
-127
-682
-967
-794
-652
-590
-389
-267
-85
356
609
657
778
899
919
958
811
663
374
135
152
-42
-409
-516
-350
-328
-259
-58
-130
156
388
169
208
323
188
316
315
40
-185
-44
29
-168
-245
-239
-244
-84
-101
-188
-51
-17
-73
-181
192
113
-19
64
71
-16
-78
14
-98
28
95
-48
100
-130
-41
350
181
-35
-27
1
-24
63
-80
-301
-190
-244
-447
-551
-291
4
-476
-424
-37
-101
-229
-101
78
-4
-89
-12
-101
-18
320
289
37
90
390
259
75
178
128
29
203
104
-69
-21
85
-114
-70
47
-92
-80
42
122
-109
-84
24
-64
-87
60
-46
-349
-210
-73
-126
-212
-124
-130
-251
-156
-179
-254
-275
-208
-118
-298
-260
-372
-416
-302
-329
-347
-396
-233
-211
-404
-290
-74
-231
-281
19
102
-139
-84
69
108
203
364
335
296
422
522
565
456
647
801
778
986
1115
889
938
1294
1356
1197
1377
1379
1360
1323
1633
1530
1247
1453
1626
1551
1060
708
440
167
15
-338
-860
-1315
-1706
-1909
-2387
-2799
-3094
-3285
-3267
-3253
-3338
-3463
-3265
-2944
-2626
-2286
-2087
-1841
-1465
-1006
-705
-528
-173
190
597
872
991
1096
1140
1477
1703
1839
1851
1800
1944
2034
2084
1853
1779
2051
2232
2141
2250
2389
2518
2698
2977
3255
3644
3522
2722
2062
1820
1759
1255
447
-419
-1115
-1599
-2070
-2764
-3583
-4177
-4024
-3707
-3716
-4081
-4155
-3843
-3225
-2651
-2440
-2432
-2204
-1658
-1241
-1176
-1137
-902
-316
230
410
255
119
277
584
767
595
332
199
268
270
-78
-348
-295
27
393
565
602
696
1104
1523
1948
2404
2740
3184
3692
4194
4410
4537
4937
5738
5764
4578
3266
2851
2885
2318
1040
-351
-1350
-2049
-2616
-3349
-4675
-5783
-5753
-5027
-4763
-5294
-5566
-5158
-4107
-3119
-2572
-2404
-2048
-1131
-220
54
-223
-202
476
1274
1538
993
422
281
505
686
361
-251
-708
-724
-628
-894
-1418
-1630
-1072
-344
135
190
116
491
1378
2253
2651
2892
3410
4210
4754
5030
5261
5324
5909
6585
6071
4622
2992
2608
2740
1813
99
-1358
-2232
-2864
-3495
-4374
-5607
-6452
-6138
-5137
-4889
-5454
-5740
-4958
-3524
-2538
-2043
-1837
-1240
-211
708
904
409
331
989
1794
1746
894
171
-64
226
268
-190
-918
-1372
-1307
-1239
-1453
-1954
-2089
-1433
-562
-80
-4
154
712
1774
2706
3211
3456
3850
4671
5428
5635
5438
5460
5953
6581
6115
4357
2629
2089
2258
1608
-178
-1977
-2793
-2992
-3596
-4639
-5743
-6355
-6125
-5212
-4550
-4817
-5182
-4585
-2985
-1726
-1454
-1437
-916
138
1030
1309
992
632
842
1484
1694
854
-281
-631
-312
-207
-758
-1578
-2017
-1882
-1631
-1708
-2050
-2239
-1828
-944
-190
92
184
737
1718
2637
3190
3406
3683
4283
4906
5174
5034
4959
5091
5533
5814
4943
3275
1975
1809
2087
1316
-387
-1806
-2227
-2165
-2712
-3694
-4657
-4938
-4398
-3673
-3431
-3846
-4180
-3500
-2258
-1491
-1529
-1618
-1150
-242
305
166
-303
-472
-3
547
537
-192
-1004
-1206
-981
-817
-1207
-1836
-2088
-1884
-1569
-1675
-1916
-1803
-1258
-334
418
637
637
1057
2036
2751
2915
2932
2897
3226
3707
3555
2964
2484
2765
3265
3231
2739
2036
1451
1029
894
1090
1073
505
-192
-346
-78
-192
-814
-1371
-1171
-412
-19
-441
-1073
-1260
-880
-391
-244
-500
-773
-713
-491
-461
-823
-1369
-1634
-1443
-1268
-1577
-2282
-2916
-3031
-2570
-2196
-2436
-2837
-2742
-1998
-1462
-1553
-1756
-1401
-507
261
500
412
370
691
1017
1149
1169
1115
1182
1287
1242
1041
837
785
914
1060
1031
857
783
897
1117
1272
1430
1539
1547
1653
1881
2144
2224
2173
2251
2471
2603
2471
2123
1708
1521
1575
1437
1033
546
127
-249
-601
-945
-1340
-1554
-1701
-1881
-2046
-2275
-2459
-2502
-2382
-2264
-2324
-2431
-2506
-2471
-2440
-2424
-2356
-2197
-1935
-1690
-1520
-1486
-1405
-1178
-886
-606
-450
-320
-206
-86
57
183
338
420
519
635
726
846
934
1053
1221
1459
1665
1711
1794
1882
1965
2090
2187
2277
2400
2481
2423
2242
2067
1941
1893
1833
1723
1507
1153
818
604
423
218
43
-103
-313
-530
-729
-936
-1086
-1136
-1118
-1138
-1205
-1355
-1528
-1607
-1624
-1642
-1663
-1709
-1795
-1897
-1950
-2018
-2028
-1992
-1964
-1942
-1873
-1739
-1579
-1390
-1193
-1005
-695
-388
-291
-115
195
464
582
659
915
1165
1201
1138
1130
1267
1336
1350
1349
1317
1284
1165
1087
1072
1123
1140
1025
1009
1066
1042
1061
1121
1120
1105
1259
1441
1416
1227
1013
946
1002
947
752
523
310
136
-106
-391
-655
-889
-1082
-1238
-1344
-1501
-1693
-1838
-1882
-1831
-1792
-1840
-1860
-1745
-1537
-1384
-1368
-1342
-1179
-945
-858
-866
-653
-370
-339
-401
-489
-546
-337
40
183
90
-111
-17
480
759
821
728
624
708
761
837
935
1068
1168
1091
1038
1049
1104
1132
1237
1318
1198
1159
1242
1351
1219
971
1025
1128
1058
868
683
608
399
119
-68
-77
-64
-226
-466
-682
-748
-706
-700
-813
-953
-923
-772
-731
-806
-903
-874
-776
-714
-713
-717
-757
-836
-838
-801
-794
-824
-914
-942
-927
-972
-940
-835
-612
-432
-485
-410
-205
-1
202
160
399
726
731
746
707
851
1026
988
980
896
761
677
686
496
365
455
273
212
19
-70
-69
-159
-24
-70
-146
62
316
431
395
588
826
957
867
657
762
961
1010
755
453
409
469
278
20
-117
-261
-461
-635
-789
-882
-970
-1131
-1225
-1137
-1101
-1144
-1093
-1026
-915
-769
-628
-526
-490
-563
-547
-480
-442
-374
-323
-324
-300
-360
-580
-758
-506
-38
-212
-669
-783
-271
315
158
-6
7
38
166
321
206
26
72
269
610
652
771
787
614
994
1270
1410
1569
1636
1998
2162
2099
2309
2297
1776
1364
1353
1565
1430
855
315
-92
-296
-332
-529
-831
-1210
-1346
-1328
-1431
-1551
-1683
-1658
-1514
-1273
-1106
-1061
-1100
-1063
-854
-544
-319
-249
-282
-366
-521
-747
-854
-661
-495
-646
-890
-874
-799
-814
-755
-581
-454
-438
-385
-232
-125
-195
-143
99
390
373
257
340
377
173
388
989
1050
729
755
1451
1997
1865
1564
1920
2785
3311
2864
1880
1643
2124
2401
2120
1549
994
483
88
27
-4
-563
-1365
-1661
-1460
-1343
-1679
-2223
-2396
-2106
-1705
-1614
-1751
-1956
-1947
-1635
-1205
-881
-816
-867
-890
-822
-784
-856
-893
-748
-550
-612
-802
-852
-822
-797
-694
-487
-355
-437
-372
-280
-302
-239
1
310
461
516
453
506
744
1042
1228
1276
1600
1977
2053
2220
2643
3038
3233
3447
3454
3156
2682
2396
2609
2618
1949
1064
384
74
-154
-521
-1159
-1749
-2138
-2309
-2381
-2571
-2854
-2954
-2835
-2621
-2471
-2494
-2566
-2453
-2000
-1427
-1114
-999
-819
-686
-655
-622
-500
-345
-199
-207
-449
-743
-830
-795
-630
-565
-715
-770
-684
-498
-308
-87
122
348
659
1030
1286
1356
1502
1811
2276
2644
2600
2624
3056
3391
3564
3634
3994
4264
3773
2900
2496
2694
2798
2337
1338
316
-318
-668
-959
-1303
-2055
-2849
-3179
-3100
-3196
-3538
-3849
-3791
-3356
-3041
-3096
-3167
-3004
-2606
-2084
-1667
-1438
-1319
-1166
-1014
-779
-647
-651
-501
-237
-171
-375
-538
-562
-406
-217
-251
-383
-422
-308
-31
278
517
745
955
1236
1622
2020
2337
2636
2979
3326
3493
3731
3947
4143
4513
4892
5223
4779
3640
2782
2743
3147
2937
1703
267
-738
-1009
-1199
-1621
-2357
-3208
-3578
-3669
-3769
-4139
-4483
-4357
-3816
-3352
-3367
-3714
-3787
-3294
-2480
-1916
-1834
-2010
-1993
-1627
-1181
-914
-919
-965
-779
-400
-233
-401
-628
-612
-274
17
-42
-247
-236
44
495
900
978
1027
1370
1930
2528
2915
3023
3193
3690
4189
4598
4946
5250
5696
6386
6103
4764
3703
3687
4246
4007
2340
361
-819
-1099
-1175
-1654
-2768
-4174
-4659
-4484
-4397
-4859
-5266
-5087
-4348
-3798
-3847
-4191
-4132
-3343
-2205
-1459
-1506
-1938
-1835
-1125
-548
-443
-661
-830
-671
-381
-507
-876
-1143
-1087
-706
-542
-898
-1247
-1107
-594
32
452
486
643
1196
1844
2542
3087
3432
3877
4371
4901
5367
5925
6412
7187
7682
6407
4875
4387
4994
5262
3965
1754
-87
-854
-955
-1362
-2301
-4089
-5194
-5018
-4679
-5049
-5818
-6021
-5470
-4447
-4009
-4191
-4412
-3968
-2878
-1650
-1235
-1677
-1984
-1377
-453
100
-143
-751
-952
-402
167
65
-581
-1310
-1384
-933
-770
-1059
-1313
-1245
-928
-360
-76
-18
440
1230
2253
2995
3230
3453
4058
5069
6015
6749
7068
7598
7280
5909
5183
5375
5807
5067
2976
752
-547
-853
-962
-1590
-3047
-4977
-5491
-5227
-5000
-5315
-5559
-5361
-4686
-4149
-3999
-3933
-3476
-2473
-1351
-709
-812
-1087
-956
-223
532
722
390
-293
-726
-438
-225
-353
-841
-1558
-1917
-1915
-1975
-2041
-1846
-1727
-1495
-1041
-794
-474
302
1142
2043
2724
3103
3635
4402
5201
6062
6901
7417
7972
7118
5634
5144
5766
6167
5044
2551
319
-608
-507
-680
-1666
-3578
-5425
-5514
-4981
-4807
-5279
-5504
-5230
-4352
-3821
-3720
-3643
-2904
-1725
-601
-342
-788
-1049
-555
478
1117
931
143
-711
-810
-323
-69
-361
-1109
-1897
-2245
-2239
-2347
-2311
-2118
-1962
-1680
-1380
-1210
-764
133
1152
2069
2567
2895
3396
4367
5334
6335
6954
7477
7468
6040
5221
5456
6134
5673
3601
1279
38
-155
-86
-820
-2341
-4420
-5089
-4611
-4187
-4470
-4981
-5046
-4527
-3787
-3523
-3310
-2929
-1924
-893
-436
-610
-785
-412
422
1119
977
297
-322
-558
-75
76
-368
-1014
-1753
-2098
-2111
-2236
-2491
-2392
-2294
-2265
-2003
-1808
-1472
-539
348
1056
1598
1824
2514
3541
4526
5216
5845
6247
7137
7097
5714
4890
5223
5861
5241
3187
919
-179
-127
55
-601
-2407
-4551
-4879
-4121
-3554
-3929
-4531
-4692
-4079
-3303
-2927
-2854
-2556
-1668
-717
-282
-589
-950
-660
322
1081
884
69
-773
-764
-29
168
-315
-1204
-1942
-2024
-1797
-1924
-2208
-2339
-2372
-2083
-1699
-1578
-1250
-473
318
1169
1605
1965
2606
3521
4388
5203
5802
6403
6913
5934
4841
4884
5709
5711
4047
1616
65
-110
290
24
-1354
-3689
-4892
-4347
-3517
-3515
-4198
-4607
-4312
-3443
-2972
-2853
-2756
-2049
-973
-293
-340
-770
-611
183
1014
1071
459
-110
-270
196
387
-116
-815
-1366
-1463
-1353
-1582
-2102
-2361
-2296
-2084
-1738
-1613
-1528
-1050
-398
281
872
1289
1956
2827
3636
4184
4721
5418
6648
6799
5444
4639
4952
5766
5386
3417
1323
295
415
642
-7
-1961
-4131
-4355
-3552
-3021
-3509
-4348
-4662
-3995
-3097
-2707
-2776
-2753
-1976
-938
-454
-698
-1003
-634
258
939
735
30
-405
-121
601
608
-109
-921
-1336
-1095
-903
-1263
-1862
-2140
-2121
-1828
-1565
-1583
-1413
-843
-310
221
604
1102
1953
2822
3449
3933
4455
5274
6481
6006
4702
4306
5041
5735
4733
2443
703
321
823
786
-349
-2709
-4292
-3867
-2935
-2783
-3740
-4534
-4489
-3542
-2818
-2712
-2948
-2726
-1797
-872
-668
-982
-1098
-434
350
628
232
-278
-340
210
660
278
-545
-1150
-1195
-788
-847
-1392
-1877
-2050
-1864
-1521
-1349
-1415
-1134
-600
-62
458
718
1345
2148
2890
3456
3984
4541
5588
6373
5328
4245
4415
5236
5434
3891
1647
478
459
841
479
-1015
-3361
-4119
-3399
-2724
-3000
-3881
-4405
-3977
-3035
-2598
-2666
-2798
-2283
-1229
-546
-619
-913
-731
10
644
677
140
-257
-63
615
744
67
-757
-1125
-882
-599
-961
-1603
-2025
-2015
-1675
-1349
-1411
-1459
-1043
-478
154
499
800
1478
2310
3026
3497
3940
4489
5752
6141
4878
4134
4442
5157
4938
3191
1295
412
542
704
34
-1841
-3858
-3937
-3116
-2796
-3431
-4271
-4520
-3760
-2834
-2581
-2758
-2752
-2025
-1024
-552
-681
-717
-321
269
666
539
161
53
346
771
504
-198
-743
-871
-656
-671
-1191
-1762
-2009
-1882
-1558
-1360
-1445
-1356
-902
-434
124
580
1100
1834
2534
2951
3451
4122
5071
6284
5734
4286
4051
4902
5547
4604
2417
738
446
969
880
-373
-2735
-4169
-3560
-2704
-2826
-3830
-4579
-4491
-3448
-2752
-2741
-2954
-2638
-1695
-854
-813
-1138
-831
41
714
829
276
-59
243
919
1192
545
-303
-738
-535
-299
-644
-1331
-1846
-1876
-1646
-1484
-1595
-1736
-1423
-861
-402
-74
311
980
1785
2454
2788
3310
4022
5146
6145
5245
3992
3996
4994
5434
4198
2073
650
635
1088
797
-700
-3013
-3904
-3186
-2564
-2983
-4031
-4600
-4288
-3232
-2837
-3007
-3161
-2628
-1567
-896
-1002
-1192
-786
1
643
777
377
176
396
969
1135
575
32
-304
-239
-241
-620
-1190
-1525
-1530
-1452
-1374
-1602
-1710
-1247
-770
-461
-198
198
886
1603
2157
2449
3065
3926
5095
6040
4971
3694
3911
5125
5598
4294
1999
592
745
1457
1188
-445
-2851
-3744
-2899
-2199
-2673
-3784
-4474
-4183
-3145
-2804
-3063
-3235
-2665
-1663
-1084
-1249
-1370
-993
-310
340
523
187
16
146
684
900
538
134
-180
-230
-240
-459
-918
-1197
-1293
-1308
-1193
-1314
-1356
-1060
-753
-421
25
374
825
1444
1942
2381
3035
3709
4738
5567
4615
3596
3869
4803
5100
3961
1824
609
758
1349
1025
-540
-2816
-3609
-2737
-2113
-2523
-3593
-4369
-4080
-3113
-2747
-2911
-2987
-2573
-1796
-1327
-1464
-1389
-815
-197
192
168
-72
106
475
776
723
318
37
42
78
-130
-588
-1025
-1117
-1066
-1103
-1228
-1441
-1377
-993
-608
-350
-24
304
816
1496
1942
2344
2910
3613
4678
5568
4689
3555
3825
4800
5313
4317
2047
688
893
1664
1447
-147
-2528
-3491
-2520
-1795
-2136
-3348
-4293
-4105
-3047
-2639
-2838
-3004
-2730
-2044
-1519
-1633
-1650
-1104
-437
-55
-87
-362
-188
288
578
575
212
-94
-80
22
-161
-596
-947
-1074
-1036
-1090
-1292
-1433
-1347
-978
-630
-431
-227
71
705
1316
1705
2127
2641
3477
4312
5250
4820
3714
3811
4502
5300
4659
2663
1188
1011
1629
1579
433
-1683
-3061
-2558
-1913
-1968
-2979
-3961
-4008
-3262
-2764
-2832
-2897
-2782
-2176
-1640
-1611
-1659
-1241
-563
-76
-56
-346
-297
153
478
670
362
-137
-224
-121
-123
-464
-927
-1259
-1252
-1260
-1426
-1505
-1568
-1278
-861
-566
-470
-312
292
1053
1599
1978
2287
3145
4001
4987
5131
3998
3749
4263
5312
5151
3436
1623
1141
1666
1988
1096
-858
-2682
-2601
-1808
-1577
-2486
-3687
-4102
-3514
-2721
-2579
-2679
-2836
-2456
-1809
-1497
-1428
-1139
-714
-320
-141
-87
-58
187
235
458
514
186
37
-199
-342
-484
-685
-947
-1239
-1490
-1690
-1556
-1531
-1448
-1110
-911
-728
-550
-125
593
1216
1701
1990
2583
3374
4217
5064
4455
3673
3846
4747
5311
4317
2395
1305
1408
1983
1726
212
-1849
-2744
-2020
-1386
-1783
-3089
-4009
-3867
-2934
-2470
-2517
-2874
-2844
-2284
-1853
-1762
-1509
-1143
-659
-509
-516
-478
-141
262
482
470
52
-48
46
66
-77
-490
-833
-989
-1070
-1233
-1339
-1406
-1373
-969
-733
-667
-534
-122
477
1139
1575
1898
2381
3063
3805
4702
4859
3970
3688
4307
5039
4764
3330
1783
1390
1706
1850
931
-838
-2394
-2290
-1558
-1544
-2560
-3611
-3885
-3247
-2499
-2452
-2689
-2872
-2515
-2008
-1749
-1469
-1226
-886
-685
-672
-492
-288
37
167
224
38
-109
-92
-239
-291
-537
-823
-1056
-1280
-1427
-1489
-1365
-1344
-1192
-972
-892
-599
-257
279
880
1398
1697
2049
2766
3499
4342
4908
4356
3716
3980
4717
5110
4215
2542
1513
1683
1935
1604
213
-1577
-2321
-1826
-1463
-2010
-3081
-3854
-3604
-2769
-2478
-2639
-2919
-2845
-2286
-1804
-1482
-1384
-1187
-897
-593
-435
-363
-198
-57
179
250
68
-79
-340
-347
-348
-619
-1021
-1360
-1482
-1501
-1330
-1358
-1461
-1300
-1039
-681
-404
-115
437
1126
1633
1977
2501
3180
4017
4829
4887
4203
3950
4485
5244
5021
3507
2015
1648
2012
2115
1142
-597
-2015
-2031
-1461
-1498
-2438
-3500
-3737
-3110
-2545
-2559
-2874
-3026
-2673
-2155
-1839
-1725
-1600
-1239
-844
-689
-609
-518
-328
-36
218
108
-64
-237
-374
-285
-530
-927
-1195
-1338
-1475
-1401
-1416
-1525
-1433
-1116
-815
-520
-288
62
664
1307
1741
2191
2675
3380
4120
4675
4497
3901
4105
4680
5086
4310
2831
1800
1877
2166
1831
527
-1060
-1922
-1534
-1260
-1687
-2722
-3361
-3246
-2615
-2323
-2522
-2728
-2702
-2300
-1856
-1670
-1597
-1461
-1084
-712
-560
-563
-708
-455
29
188
-11
-388
-689
-581
-441
-730
-1140
-1461
-1661
-1464
-1333
-1497
-1582
-1381
-964
-584
-317
-179
279
1065
1643
2052
2360
2933
3694
4486
4767
4181
3764
4165
4939
4948
3731
2144
1616
1952
2160
1429
-139
-1640
-1922
-1358
-1182
-1985
-3032
-3461
-3009
-2342
-2223
-2517
-2719
-2540
-2007
-1613
-1559
-1500
-1254
-670
-432
-524
-766
-614
62
436
186
-393
-807
-683
-310
-398
-997
-1590
-1818
-1624
-1351
-1508
-1753
-1752
-1342
-869
-587
-524
-253
583
1391
1808
2033
2322
3087
4108
4798
4703
3871
3614
4377
5170
4704
3136
1761
1610
2147
2135
924
-724
-1831
-1594
-933
-1195
-2335
-3178
-3196
-2490
-1997
-2238
-2642
-2651
-2311
-1784
-1570
-1613
-1582
-1119
-710
-629
-806
-861
-416
111
172
-246
-694
-853
-548
-328
-660
-1298
-1718
-1687
-1441
-1350
-1530
-1666
-1486
-1020
-668
-516
-287
256
1047
1564
1836
2176
2713
3559
4228
4674
4283
3662
3888
4480
4810
3941
2514
1703
1765
2013
1484
328
-1081
-1656
-1229
-1081
-1569
-2530
-2975
-2750
-2191
-2072
-2343
-2479
-2426
-1966
-1564
-1514
-1609
-1442
-914
-600
-591
-842
-779
-309
71
41
-424
-874
-907
-517
-473
-939
-1494
-1776
-1616
-1354
-1332
-1476
-1531
-1194
-734
-460
-303
42
695
1358
1685
1921
2312
3042
3827
4438
4371
3571
3467
4007
4627
4364
2959
1717
1471
1863
1782
868
-594
-1663
-1446
-1077
-1263
-2071
-2832
-2871
-2352
-1970
-2124
-2349
-2341
-1985
-1475
-1334
-1470
-1462
-972
-505
-358
-595
-843
-528
25
215
-100
-705
-981
-695
-399
-689
-1263
-1669
-1738
-1431
-1345
-1502
-1593
-1410
-939
-630
-485
-283
299
1050
1474
1737
2065
2601
3440
4166
4435
3862
3428
3719
4337
4496
3575
2242
1599
1684
1748
1349
137
-1121
-1485
-1229
-1137
-1620
-2427
-2810
-2587
-2147
-2096
-2243
-2366
-2179
-1773
-1526
-1520
-1497
-1192
-743
-530
-653
-796
-639
-187
82
-68
-525
-820
-720
-501
-563
-1003
-1421
-1569
-1418
-1274
-1315
-1386
-1327
-954
-665
-470
-184
266
875
1317
1594
1973
2457
3200
3900
4307
3939
3371
3583
4202
4513
3782
2391
1575
1702
1820
1512
379
-953
-1494
-1218
-1065
-1526
-2362
-2850
-2667
-2142
-2119
-2374
-2462
-2267
-1778
-1484
-1639
-1706
-1271
-665
-354
-550
-925
-769
-143
216
137
-374
-815
-681
-371
-406
-866
-1340
-1529
-1331
-1201
-1381
-1505
-1406
-1017
-678
-601
-514
-77
625
1174
1442
1672
2050
2763
3557
4078
3926
3342
3294
3866
4469
4014
2709
1705
1637
1950
1843
830
-509
-1267
-1094
-805
-1058
-1957
-2604
-2527
-2038
-1819
-2080
-2329
-2190
-1771
-1374
-1460
-1697
-1390
-717
-277
-447
-972
-989
-293
242
222
-369
-952
-865
-416
-303
-816
-1419
-1686
-1432
-1180
-1328
-1535
-1514
-1164
-737
-562
-517
-191
454
1076
1373
1548
1935
2630
3354
3870
3765
3289
3178
3591
4195
3898
2734
1674
1410
1703
1733
931
-394
-1359
-1306
-952
-945
-1700
-2517
-2644
-2196
-1769
-1766
-2095
-2184
-1877
-1336
-1179
-1355
-1303
-812
-282
-200
-559
-718
-328
176
378
-2
-569
-733
-484
-305
-554
-1114
-1483
-1411
-1217
-1252
-1385
-1424
-1152
-795
-626
-534
-226
329
926
1250
1430
1815
2434
3141
3687
3652
3165
3057
3420
4004
3762
2708
1669
1322
1542
1558
836
-372
-1342
-1414
-1145
-1192
-1731
-2428
-2608
-2357
-2031
-1975
-2075
-2029
-1751
-1457
-1418
-1446
-1133
-562
-210
-306
-585
-553
-82
370
399
9
-386
-439
-254
-211
-512
-945
-1179
-1122
-1053
-1180
-1319
-1216
-903
-661
-641
-536
-148
431
922
1112
1331
1743
2394
3063
3469
3316
2949
2974
3445
3873
3472
2415
1601
1448
1685
1542
662
-491
-1221
-1167
-975
-1137
-1757
-2364
-2475
-2198
-1958
-1971
-2129
-2026
-1674
-1442
-1553
-1576
-1203
-593
-260
-466
-782
-662
-127
381
327
-198
-537
-442
-177
-195
-583
-1055
-1181
-1057
-1006
-1173
-1360
-1237
-851
-613
-636
-531
-132
467
996
1181
1360
1768
2392
3200
3570
3247
2820
3002
3635
3970
3314
2171
1535
1641
1863
1506
464
-696
-1189
-950
-839
-1195
-1915
-2434
-2362
-2038
-1880
-1999
-2140
-2031
-1674
-1395
-1522
-1495
-1089
-605
-341
-464
-639
-409
69
368
266
-119
-345
-164
19
-192
-598
-933
-1001
-894
-930
-1144
-1242
-1082
-812
-663
-653
-525
-62
484
774
962
1227
1692
2328
2949
3184
2915
2666
2805
3395
3575
2862
1977
1420
1400
1518
1116
283
-690
-1204
-1211
-1105
-1329
-1892
-2214
-2303
-2155
-1958
-1953
-1864
-1700
-1593
-1477
-1389
-1136
-697
-329
-276
-331
-247
19
375
502
321
98
5
55
52
-201
-526
-742
-848
-922
-1012
-1095
-1091
-964
-821
-794
-691
-431
5
431
634
846
1186
1674
2266
2758
2897
2684
2581
2829
3243
3228
2530
1811
1430
1456
1408
859
-9
-779
-1056
-1017
-1157
-1566
-2071
-2218
-2095
-1990
-2017
-2124
-1982
-1651
-1497
-1503
-1448
-1103
-618
-336
-341
-349
-131
213
505
446
179
95
175
300
161
-286
-597
-658
-640
-697
-921
-1094
-1061
-844
-707
-650
-595
-378
64
456
686
931
1236
1735
2279
2684
2776
2608
2664
2895
3165
2951
2424
1819
1542
1418
1236
701
-45
-699
-959
-1066
-1258
-1646
-1952
-2148
-2070
-2046
-2082
-2016
-1928
-1711
-1623
-1561
-1366
-982
-663
-537
-454
-317
4
278
347
260
138
185
248
217
-4
-313
-478
-570
-640
-791
-933
-964
-898
-854
-856
-754
-523
-172
108
313
508
848
1304
1836
2262
2414
2513
2438
2684
2997
2952
2698
2161
1799
1643
1468
1144
550
-33
-535
-725
-918
-1266
-1535
-1779
-1874
-1911
-1913
-1952
-1872
-1775
-1695
-1545
-1404
-1167
-887
-675
-527
-338
-63
126
325
336
286
290
296
277
136
-54
-326
-456
-575
-765
-840
-946
-957
-939
-970
-949
-746
-440
-186
1
142
463
879
1331
1708
1983
2232
2388
2438
2552
2701
2645
2550
2124
1680
1492
1163
999
556
-113
-584
-880
-1028
-1255
-1507
-1816
-1887
-1892
-1941
-1827
-1846
-1768
-1632
-1478
-1275
-1081
-818
-654
-348
-129
38
265
358
477
513
500
410
376
239
29
-99
-377
-510
-626
-762
-797
-870
-892
-914
-787
-657
-437
-191
-76
186
447
786
1195
1566
1809
1967
2161
2269
2445
2568
2392
2207
1992
1735
1545
1192
740
344
28
-393
-711
-1025
-1389
-1540
-1605
-1754
-1817
-1879
-1967
-1810
-1668
-1652
-1427
-1294
-1166
-857
-670
-450
-130
25
134
304
361
408
511
420
322
191
-7
-143
-238
-405
-545
-645
-736
-767
-712
-722
-639
-479
-339
-137
46
288
566
877
1151
1448
1697
1923
2146
2254
2272
2301
2278
2236
2035
1669
1384
1088
811
505
70
-396
-742
-946
-1125
-1393
-1636
-1787
-1738
-1733
-1833
-1882
-1755
-1541
-1332
-1234
-1207
-995
-636
-302
-100
-75
-32
190
420
463
354
235
169
193
80
-169
-367
-461
-458
-512
-683
-849
-804
-665
-566
-501
-493
-342
-50
257
473
646
943
1268
1584
1730
1881
2107
2246
2257
2145
2093
1939
1781
1540
1168
852
525
239
-70
-455
-776
-982
-1133
-1371
-1540
-1646
-1661
-1620
-1631
-1576
-1510
-1329
-1111
-922
-767
-619
-362
-103
83
147
190
242
304
336
234
119
-31
-155
-267
-384
-486
-602
-679
-795
-822
-787
-726
-630
-579
-471
-332
-67
137
360
628
876
1180
1362
1504
1724
2040
2240
2127
1931
1846
1956
1955
1555
1094
743
557
335
69
-386
-799
-992
-1095
-1176
-1419
-1672
-1603
-1421
-1375
-1408
-1394
-1243
-915
-639
-562
-501
-406
-114
187
255
146
141
185
196
164
-5
-221
-372
-484
-558
-672
-852
-952
-932
-927
-912
-824
-730
-572
-396
-192
15
226
490
781
1047
1243
1388
1584
1805
2001
2135
2105
2008
1928
1890
1820
1664
1356
938
573
299
178
-43
-497
-908
-1160
-1198
-1223
-1332
-1437
-1511
-1458
-1364
-1182
-1031
-906
-757
-652
-494
-359
-170
-29
9
17
-12
-24
-70
-118
-207
-350
-508
-709
-808
-853
-879
-910
-997
-1026
-976
-805
-612
-423
-288
-134
90
390
706
926
1122
1301
1471
1651
1822
1944
1970
1929
1937
1944
1811
1569
1412
1242
1080
706
334
114
-80
-302
-573
-862
-1029
-1066
-1121
-1184
-1196
-1209
-1091
-940
-879
-767
-662
-518
-367
-260
-236
-177
-129
-115
-93
-172
-290
-353
-430
-533
-667
-828
-922
-966
-1022
-1055
-1078
-1087
-1005
-839
-696
-612
-458
-201
97
346
521
729
951
1181
1380
1544
1629
1698
1798
1833
1817
1760
1701
1652
1492
1238
986
776
623
426
129
-225
-473
-632
-661
-716
-916
-1048
-1032
-877
-717
-697
-696
-589
-406
-248
-191
-221
-224
-107
-17
-51
-229
-389
-392
-352
-417
-598
-820
-958
-947
-921
-967
-1074
-1137
-1064
-921
-831
-733
-620
-440
-174
74
226
352
588
902
1120
1171
1205
1307
1461
1554
1540
1462
1381
1343
1328
1216
1004
773
603
465
301
46
-208
-345
-452
-536
-628
-752
-745
-648
-575
-533
-505
-412
-235
-107
-86
-78
-47
14
103
48
-79
-168
-210
-236
-349
-520
-619
-665
-759
-871
-954
-996
-945
-898
-875
-837
-863
-710
-442
-262
-182
-93
94
326
519
663
808
914
947
1034
1118
1136
1138
1094
1066
998
910
839
769
621
435
313
251
154
-16
-170
-214
-227
-230
-274
-338
-319
-231
-131
-105
-125
-86
-13
38
31
7
-25
-52
-94
-162
-248
-352
-456
-539
-622
-689
-768
-862
-924
-941
-938
-885
-832
-805
-734
-663
-539
-351
-207
-117
-11
128
292
424
504
602
735
812
855
836
798
855
924
920
821
699
640
680
669
542
395
306
299
280
166
97
70
87
108
51
-14
-2
98
157
114
24
-23
27
62
24
-78
-220
-289
-313
-376
-495
-617
-705
-768
-815
-904
-975
-1004
-1003
-981
-968
-955
-896
-791
-685
-608
-512
-396
-238
-101
-22
63
167
322
465
523
541
593
682
760
807
800
774
775
821
879
862
767
706
672
636
594
547
480
425
351
289
280
290
297
260
189
150
166
195
182
106
5
-64
-86
-133
-214
-328
-437
-511
-549
-618
-710
-767
-799
-824
-879
-936
-936
-903
-869
-850
-845
-813
-738
-634
-565
-507
-451
-360
-231
-163
-132
-75
20
145
230
252
264
332
449
568
633
643
700
780
831
867
861
856
871
860
801
742
717
720
712
630
539
494
483
496
464
375
286
235
194
135
54
-41
-123
-212
-311
-385
-450
-511
-573
-638
-706
-771
-829
-872
-893
-923
-954
-973
-1002
-1000
-961
-908
-871
-831
-778
-705
-603
-505
-395
-283
-205
-122
-37
61
201
334
406
441
498
600
744
837
854
868
873
888
918
932
933
901
830
754
720
714
719
671
542
463
450
462
441
338
223
168
157
100
-14
-135
-184
-184
-252
-379
-490
-528
-512
-538
-643
-763
-814
-818
-831
-880
-955
-973
-957
-968
-990
-983
-910
-806
-728
-692
-632
-497
-329
-170
-86
-41
61
217
359
444
496
538
600
670
729
772
762
737
742
750
766
758
726
695
670
644
632
614
575
565
554
503
466
451
449
424
346
257
189
156
123
49
-68
-168
-217
-275
-359
-468
-548
-587
-639
-732
-841
-898
-898
-887
-932
-1028
-1083
-1062
-996
-939
-919
-900
-830
-708
-586
-469
-359
-245
-111
12
115
225
349
465
545
590
643
707
756
793
813
819
830
835
825
818
811
803
792
743
683
658
655
631
597
549
498
455
409
363
307
243
181
100
-6
-92
-148
-217
-318
-436
-539
-607
-668
-746
-831
-899
-938
-965
-1007
-1064
-1084
-1065
-1039
-1027
-1030
-1006
-923
-805
-720
-655
-576
-478
-347
-215
-102
-2
98
203
299
389
476
568
642
688
728
765
818
869
898
909
895
882
896
912
901
872
833
794
782
780
748
700
646
597
559
506
434
358
282
202
110
2
-102
-190
-284
-394
-520
-636
-712
-763
-825
-902
-984
-1042
-1050
-1041
-1044
-1053
-1068
-1061
-1007
-927
-864
-819
-768
-702
-615
-518
-426
-353
-279
-189
-97
-24
42
132
228
313
370
405
460
539
630
705
731
727
757
816
866
890
875
846
831
846
851
840
810
758
714
678
641
591
522
444
357
262
169
75
-22
-117
-222
-343
-457
-546
-615
-669
-734
-806
-860
-890
-900
-887
-883
-906
-907
-870
-815
-757
-717
-683
-629
-551
-470
-410
-364
-293
-208
-135
-88
-42
30
126
201
225
247
306
410
508
549
544
569
651
738
780
763
735
747
789
795
770
740
714
688
642
590
544
502
446
354
248
167
106
33
-61
-172
-275
-361
-434
-502
-563
-625
-676
-711
-752
-782
-785
-760
-749
-755
-768
-751
-694
-614
-556
-533
-507
-450
-355
-267
-199
-148
-97
-32
34
101
159
218
272
311
332
369
437
510
549
549
554
588
656
702
696
670
658
670
681
670
630
590
552
520
477
421
366
315
259
179
97
21
-30
-82
-151
-252
-344
-398
-426
-459
-525
-595
-648
-662
-662
-663
-692
-716
-717
-706
-679
-662
-628
-588
-548
-518
-487
-425
-345
-270
-232
-203
-147
-63
21
77
118
161
215
275
332
374
412
448
484
516
547
575
600
627
631
627
625
646
660
637
590
555
552
541
490
409
346
305
266
199
120
49
-17
-86
-165
-232
-291
-346
-416
-486
-556
-601
-622
-644
-682
-737
-771
-766
-727
-704
-705
-711
-688
-631
-574
-521
-486
-445
-404
-348
-286
-223
-169
-119
-62
-11
43
95
159
225
280
301
321
369
438
491
500
504
520
559
588
607
622
625
612
596
605
619
616
569
507
465
447
419
366
302
234
175
115
58
13
-27
-87
-160
-232
-275
-287
-305
-343
-412
-463
-474
-455
-449
-468
-483
-476
-449
-425
-402
-385
-352
-322
-307
-295
-266
-224
-193
-166
-146
-114
-82
-51
-9
38
78
96
111
141
191
234
258
261
274
302
336
365
370
370
363
370
385
394
380
353
324
306
289
256
215
167
126
85
37
-15
-50
-72
-109
-158
-211
-230
-223
-231
-283
-343
-363
-340
-323
-352
-389
-388
-345
-323
-331
-340
-309
-258
-236
-241
-242
-199
-144
-109
-111
-105
-65
-8
41
59
80
112
156
194
222
247
275
299
312
325
335
359
370
362
344
330
327
326
317
289
252
218
197
183
154
103
46
4
-24
-52
-93
-135
-164
-183
-211
-238
-254
-260
-271
-299
-330
-344
-329
-323
-331
-347
-348
-321
-298
-284
-271
-250
-230
-208
-192
-163
-122
-89
-66
-45
-15
33
78
107
133
157
193
233
262
279
301
325
344
349
352
358
363
356
332
311
298
292
276
241
206
182
163
139
105
66
35
6
-22
-52
-78
-90
-110
-126
-141
-150
-154
-166
-178
-192
-200
-213
-227
-233
-234
-234
-243
-251
-250
-235
-224
-229
-242
-236
-218
-201
-194
-191
-174
-143
-116
-102
-78
-47
-6
22
39
62
97
139
165
180
196
219
248
264
265
258
256
266
274
268
248
233
232
232
221
191
166
155
151
134
99
70
56
51
36
9
-6
-6
-10
-31
-64
-85
-89
-97
-125
-158
-178
-181
-184
-205
-233
-239
-232
-228
-238
-249
-246
-235
-223
-216
-209
-192
-166
-142
-123
-105
-74
-42
-10
18
47
78
107
128
145
160
181
193
197
195
194
199
202
193
177
173
173
173
163
138
121
107
90
76
59
47
33
16
7
-2
-3
-5
-18
-39
-54
-56
-64
-87
-115
-135
-143
-144
-151
-160
-167
-163
-160
-162
-156
-151
-139
-134
-130
-121
-102
-82
-70
-50
-28
-3
24
43
54
70
87
100
106
108
113
119
125
118
113
107
109
118
117
111
102
99
96
95
92
85
79
77
74
64
62
65
57
43
35
32
31
19
-6
-34
-50
-62
-74
-96
-120
-134
-148
-155
-167
-176
-181
-186
-190
-193
-196
-191
-185
-177
-161
-144
-118
-92
-69
-52
-35
-14
9
31
47
63
75
89
101
114
128
143
154
162
163
165
167
165
159
150
148
148
148
144
135
135
132
128
125
115
109
102
87
63
45
31
18
0
-24
-46
-63
-77
-95
-114
-134
-152
-165
-180
-196
-210
-218
-221
-226
-225
-212
-197
-179
-165
-150
-130
-106
-80
-59
-39
-16
4
23
40
58
77
94
101
108
115
119
118
113
107
101
97
97
92
85
83
84
85
90
99
108
114
116
115
117
114
118
117
113
106
97
91
80
64
42
24
7
-11
-34
-60
-88
-111
-128
-150
-163
-169
-172
-178
-188
-187
-179
-167
-156
-149
-140
-122
-102
-87
-73
-56
-36
-22
-7
2
14
27
34
31
31
37
42
41
34
32
37
36
40
45
50
61
66
71
78
88
97
105
114
123
133
141
143
139
134
129
124
115
103
86
64
37
17
-1
-27
-49
-71
-90
-110
-128
-143
-149
-155
-160
-161
-162
-155
-146
-139
-130
-115
-99
-83
-67
-53
-39
-29
-17
-8
3
13
23
30
31
33
39
44
46
46
44
45
45
47
47
45
44
48
54
56
59
60
65
70
73
75
82
87
89
87
81
80
78
69
55
42
34
20
0
-19
-36
-50
-68
-90
-104
-112
-121
-132
-140
-136
-128
-120
-115
-109
-93
-75
-63
-52
-33
-16
2
12
17
30
43
50
47
45
49
51
47
40
35
37
31
23
22
20
20
21
18
20
25
29
32
33
42
50
54
53
51
59
66
61
52
51
53
45
35
23
14
8
-7
-22
-38
-48
-58
-75
-90
-98
-100
-105
-115
-116
-112
-103
-95
-91
-79
-62
-47
-36
-20
-1
13
27
35
45
58
68
70
67
69
71
67
58
51
47
37
29
22
16
17
10
7
6
9
13
16
20
26
34
40
44
44
53
54
53
54
51
47
35
29
16
7
-4
-20
-32
-45
-55
-67
-77
-88
-97
-101
-102
-99
-96
-91
-85
-77
-68
-61
-45
-33
-19
-5
4
15
24
34
40
47
50
54
56
55
52
46
41
38
28
20
15
11
11
6
-1
2
2
3
4
6
16
21
24
32
42
50
55
54
57
62
66
60
51
48
40
32
15
2
-7
-18
-34
-46
-58
-68
-72
-85
-92
-93
-91
-89
-87
-82
-66
-54
-52
-41
-28
-12
2
8
16
24
30
31
23
22
20
13
6
1
-5
-14
-23
-33
-37
-35
-37
-34
-31
-24
-15
-12
-6
4
17
29
44
56
68
79
86
87
88
92
93
91
86
80
76
66
48
34
21
7
-7
-21
-32
-41
-53
-63
-71
-73
-74
-75
-72
-66
-58
-50
-41
-37
-33
-19
-10
-5
2
7
11
12
11
7
2
-3
-12
-18
-26
-34
-43
-53
-60
-66
-68
-65
-58
-53
-44
-36
-29
-17
-4
12
31
45
61
74
86
96
96
100
99
99
95
89
84
73
59
48
33
18
5
-3
-12
-24
-29
-32
-37
-40
-43
-41
-38
-30
-25
-19
-16
-9
-3
-3
2
2
7
9
9
9
6
-3
-12
-16
-22
-28
-34
-37
-41
-46
-54
-60
-63
-61
-59
-55
-49
-44
-37
-28
-18
-10
1
12
22
39
46
58
68
68
74
75
77
72
71
66
56
50
36
24
10
-4
-11
-19
-23
-32
-33
-38
-38
-38
-38
-30
-22
-14
-10
-2
3
12
19
23
22
23
27
26
23
15
9
-1
-7
-16
-25
-34
-40
-45
-49
-52
-55
-57
-57
-51
-46
-39
-34
-28
-19
-12
-6
2
11
21
29
37
40
44
46
49
54
51
48
45
42
42
36
24
17
11
5
0
-5
-12
-17
-18
-19
-21
-25
-23
-17
-11
-6
0
7
12
19
26
30
31
37
43
44
41
34
27
19
7
0
-9
-21
-26
-34
-42
-45
-50
-55
-51
-44
-39
-32
-26
-18
-5
5
9
14
18
30
34
39
41
37
36
34
30
24
19
12
7
2
-4
-11
-18
-22
-26
-25
-33
-36
-32
-29
-27
-29
-29
-23
-18
-9
-4
0
5
11
19
23
25
25
25
28
27
24
17
10
3
-2
-11
-23
-30
-34
-38
-38
-46
-49
-47
-44
-34
-31
-26
-19
-9
2
9
15
17
22
31
30
26
22
18
15
14
9
-3
-11
-15
-20
-24
-30
-37
-38
-35
-31
-30
-30
-25
-17
-9
-7
-1
4
12
22
26
30
29
34
39
41
42
38
37
33
31
26
19
12
8
5
-1
-7
-13
-17
-19
-20
-20
-21
-17
-15
-10
-5
1
4
7
17
26
29
32
37
41
43
39
33
26
25
21
12
3
