-5
0
-3
-1
0
-1
-1
2
2
5
4
0
-3
7
4
4
3
2
4
0
0
-8
-4
-5
-11
-10
-11
-11
-7
-4
-5
-7
-1
-3
-5
-6
-4
-1
-1
-4
-3
0
4
5
1
7
6
7
2
9
11
6
9
2
-1
3
6
6
2
1
1
0
-2
1
-3
-2
-3
-3
-5
-11
-3
-8
-8
-8
-9
-1
-1
2
-6
-2
-3
-5
-3
-7
-5
-3
-6
-1
0
-2
1
1
1
6
8
-6
-7
-5
-6
-6
-8
-3
-8
-13
-14
0
-5
-8
-2
-3
-3
-12
-18
-12
-12
-15
-20
-19
-14
-14
-13
-8
-10
-16
0
0
-2
-17
-14
-13
-19
0
-8
-11
-5
-20
1
15
-9
11
13
11
16
10
15
7
16
12
-3
0
-12
-26
-18
-31
-39
-4
3
17
29
32
30
30
1
-2
3
-8
-7
-10
2
4
7
-18
-10
-15
-29
26
21
22
-1
1
13
-24
-17
-9
2
-24
-35
8
-21
-9
-3
-8
-12
1
36
21
27
12
-6
-31
-12
-58
-64
25
1
-3
97
33
41
69
56
36
-20
-2
-2
-38
-13
-1
-20
-41
-2
48
45
2
11
57
-1
64
76
3
-46
-64
-46
-43
-17
-41
42
-20
-34
3
-13
-36
-16
56
-45
59
80
13
13
-40
-12
-62
-85
-87
-82
-58
-48
-15
138
35
113
65
25
20
-96
-15
-42
-45
-33
87
54
-42
-30
42
-24
-23
-30
-21
81
32
105
78
41
17
41
-61
-49
-18
-51
24
-82
-66
34
-16
83
-2
-51
50
61
78
-53
23
47
-79
-72
-25
-33
-99
112
-32
36
65
-107
195
-38
-117
202
2
-144
74
92
-206
-7
8
-255
89
105
-10
-3
84
-41
159
66
-109
-129
-37
-103
-42
76
-103
44
-43
111
-53
0
30
30
12
176
-2
-89
-18
-209
-130
-28
24
-68
206
-133
171
132
-56
-38
-68
-43
-83
152
36
-11
24
-81
58
-8
-173
-125
31
-42
-31
249
54
94
101
83
-35
36
-103
-78
15
-36
62
-99
157
12
-76
232
110
-145
85
110
9
34
-223
-116
87
-6
58
300
-138
-118
185
-154
-171
-69
-32
-128
126
-56
33
181
-131
43
32
-55
-47
42
-94
-71
-37
17
54
-171
-23
119
-127
-97
21
-91
39
49
74
90
8
42
-114
126
-60
37
-34
-109
59
112
209
89
77
-8
-186
93
12
-133
92
145
-77
21
101
37
33
-151
-8
-77
10
5
155
140
-61
80
160
124
168
262
-51
-54
262
49
52
225
-70
-89
197
-3
-108
-81
-146
-130
-17
-135
-92
95
36
89
-110
-10
47
-77
-258
-55
-187
-153
18
41
145
-16
136
146
30
-67
118
11
18
-5
-32
-53
-189
-208
-161
-87
-127
-31
9
22
-92
179
-203
-214
9
-235
-8
-79
-29
26
41
210
93
175
142
177
-58
-121
172
-60
74
-17
-96
51
-41
134
107
-273
-56
-42
75
269
265
171
-16
-271
-194
-87
-213
54
-202
53
125
102
91
199
193
-36
-150
-199
-71
-35
-131
-13
145
25
-28
-53
-261
-91
-83
-171
-89
65
-22
-248
160
-104
-88
137
-127
8
54
-50
148
-52
-272
-145
-120
119
-100
-178
269
2
67
474
304
-139
87
-104
19
-4
-211
17
-398
-23
145
-186
-33
-103
-268
-86
-91
-94
546
63
364
187
360
223
177
224
27
127
146
419
-36
233
129
110
-26
232
-17
300
153
-356
-196
-57
-45
-236
59
21
-18
-442
77
-75
-213
160
-36
-56
26
-33
-104
125
-205
132
229
235
574
137
341
234
200
-10
-153
-314
194
-463
-662
186
-159
-432
-393
165
-606
-110
174
169
-1237
-1487
-100
-656
90
292
133
349
368
723
514
170
660
758
610
235
-147
476
133
47
8
-340
-209
27
-31
-103
163
-20
316
-484
-499
-170
131
-681
-2058
-72
-767
-630
-621
-123
330
797
1322
1102
1259
534
1048
647
93
193
269
92
-338
-574
-193
-550
-591
-145
-396
-294
8
225
-144
15
159
-361
-2055
-1819
-715
-1299
-617
482
149
284
823
431
170
760
211
316
995
577
642
926
793
280
242
107
-51
-215
-185
-466
-397
-338
-995
-542
-377
-632
-287
-8
-110
-38
415
551
438
649
424
422
687
224
63
552
433
156
114
69
-322
-347
82
-43
-222
52
60
-142
94
-124
-89
-233
-313
161
368
178
276
453
320
158
-257
175
152
140
274
402
336
148
127
30
-78
-148
-69
-352
-435
-475
-547
-597
-598
-978
-870
-592
-714
-407
-346
-378
-100
113
221
115
110
139
-31
-63
-54
63
56
36
-42
193
233
-64
201
0
-79
266
-169
-146
114
26
19
63
-35
-99
213
202
-142
-83
19
-112
30
-70
-90
230
365
118
113
280
336
174
36
50
197
241
176
538
458
263
2
-80
-71
-414
-17
-4
-83
-41
-45
138
145
107
103
269
137
122
85
-21
116
87
157
227
134
-29
-194
-89
-94
-405
-351
-325
-252
-238
-152
51
-56
-179
-207
-451
-451
-411
-514
-352
-153
-128
-170
-151
-102
-41
-10
-248
-225
44
-83
-75
69
240
102
60
240
152
101
105
82
71
101
83
34
-41
-133
-233
-321
-344
-205
-99
-49
-62
-53
6
26
-76
-195
-31
92
33
90
172
302
319
303
353
412
458
364
511
496
368
359
378
388
426
460
506
762
788
779
1012
1274
1380
1369
1482
1559
1362
1300
1283
1153
951
787
708
493
363
103
-210
-586
-964
-1280
-1586
-1747
-2039
-2234
-2358
-2585
-2696
-2717
-2865
-2933
-2894
-2871
-2823
-2707
-2502
-2324
-2121
-1948
-1850
-1714
-1508
-1355
-1150
-854
-679
-360
-61
198
466
797
1269
1754
2362
3089
3687
4043
4397
4505
4390
4220
4052
3863
3710
3794
3946
4239
4653
5204
5634
6035
6303
5743
4171
2115
-8
-2299
-4649
-6437
-7804
-8853
-8940
-8286
-7350
-6270
-5044
-3937
-2874
-1819
-1036
-412
104
686
1221
1723
1913
1858
1803
1365
850
367
-200
-829
-1263
-1495
-1825
-2249
-2939
-3646
-4417
-5304
-5977
-6214
-6117
-5677
-4555
-3113
-1661
-253
1048
1999
2550
2923
2992
2801
2795
3076
3539
4095
4699
5307
5778
6103
6376
6563
6591
6643
6945
7384
7747
8152
7884
6359
4352
2179
-527
-3498
-5898
-7979
-9515
-9523
-8503
-7334
-5890
-4015
-2479
-1312
-145
420
517
790
1130
1353
1852
2294
2433
2525
2296
1665
795
-248
-1607
-2744
-3422
-4021
-4445
-4584
-4674
-4588
-4381
-4739
-5030
-4821
-4589
-4240
-3212
-1831
-768
676
2277
3150
3511
3683
3246
2435
1772
967
263
94
248
593
1337
2140
2800
3563
4349
4927
5519
6176
6731
7463
8481
8716
7506
6086
4389
1929
-884
-3172
-5481
-7755
-8347
-7937
-7531
-6781
-5241
-3978
-2841
-1402
-506
-265
22
565
804
1292
1711
1692
1706
1683
1428
969
255
-965
-1850
-2246
-3083
-3968
-4096
-4076
-4195
-3834
-3585
-4104
-4309
-3733
-3289
-2935
-2149
-1211
-264
1086
2266
2674
2790
2678
2304
1704
1192
581
148
183
556
1320
2206
3070
4021
5257
6357
7437
8666
9824
10158
9823
8846
6844
4403
1620
-1236
-4401
-6899
-8580
-9468
-9370
-8735
-7590
-6294
-4548
-3035
-1682
-471
315
947
1476
2100
2463
2734
2872
2708
2492
2010
1215
234
-738
-1749
-2712
-3340
-3953
-4333
-4399
-4369
-4519
-4502
-4044
-3779
-3399
-2833
-2018
-1348
-430
823
1733
2377
2843
3164
2886
2462
1951
1183
420
-107
-445
-668
-441
-29
478
1193
2006
2812
3781
4654
5586
6634
7606
8460
9569
10121
8872
7275
5479
2714
-631
-3246
-5938
-8763
-9659
-9462
-9225
-8403
-6606
-5159
-3726
-1895
-955
-504
130
725
896
1355
1703
1569
1719
1720
1348
922
222
-927
-1862
-2360
-3139
-3633
-3513
-3569
-3587
-3154
-2799
-2765
-2501
-2107
-2070
-1929
-1517
-1018
-268
726
1676
2330
2854
3085
3059
2694
2048
1398
724
228
-23
78
339
820
1650
2589
3491
4578
5611
6657
7826
9212
10169
9985
9167
7367
5004
2112
-880
-4168
-7302
-9269
-10444
-10678
-10263
-9067
-7673
-5866
-3930
-2454
-1266
-416
333
827
1413
1789
1982
2156
2170
2138
1951
1503
728
-39
-796
-1560
-2164
-2612
-2960
-3129
-2938
-2830
-2671
-2368
-2061
-1927
-1771
-1257
-898
-411
236
977
1477
2001
2523
2620
2486
2215
1822
1064
531
116
-171
-250
-156
41
246
648
1029
1483
1978
2600
3414
4183
4806
5658
6514
7094
7487
7660
6824
5250
3688
1578
-1031
-3407
-5331
-7379
-8498
-8470
-8251
-7775
-6676
-5325
-4291
-2957
-1842
-1319
-865
-336
85
418
798
1012
1208
1403
1323
1231
1022
468
18
-266
-703
-1383
-1586
-1812
-2134
-2042
-1947
-2092
-2432
-2246
-2197
-2020
-1649
-1163
-452
296
1331
2029
2618
2822
2990
2914
2484
2064
1599
1313
1261
1644
2128
2905
3950
5336
6863
8347
9090
9113
8270
6320
3959
1176
-1986
-5383
-7691
-9434
-10407
-10114
-9213
-8062
-6513
-4324
-2787
-1425
-217
461
969
1510
1922
1957
2236
2401
2413
2487
2138
1453
684
-104
-1025
-1769
-2430
-3220
-3592
-3714
-3790
-3640
-3243
-2917
-2514
-1937
-1421
-775
103
980
1915
2914
3588
4114
4465
4434
3955
3394
2471
1271
368
-484
-1229
-1768
-2016
-2276
-2188
-1829
-1580
-1238
-725
-177
346
1058
1760
2437
3210
4013
4597
5068
5420
5670
5622
5141
4331
3177
1899
437
-1039
-2693
-4132
-5161
-5874
-6180
-6207
-5924
-5563
-4822
-3982
-3205
-2453
-1721
-1004
-388
263
716
1045
1247
1414
1493
1474
1318
1096
780
461
222
-113
-444
-787
-1115
-1728
-2104
-2285
-2466
-2454
-2107
-1512
-896
210
1272
2073
2761
3322
3619
3648
3640
3297
2903
2696
2567
2715
3103
3838
4762
5974
6973
7312
7022
5674
3855
1479
-1242
-4359
-7162
-9251
-10662
-10759
-10246
-9079
-7482
-5288
-3155
-1271
405
1333
2074
2539
2803
2747
2736
2711
2611
2780
2771
2631
2333
1874
1210
425
-494
-1699
-2699
-3540
-4217
-4609
-4741
-4760
-4467
-3786
-3098
-2375
-1618
-850
-135
692
1358
1917
2389
2731
2911
2884
2743
2298
1788
1054
392
-192
-734
-1111
-1322
-1306
-1250
-974
-628
-229
349
970
1653
2336
3087
3870
4601
5334
5839
6284
6346
6007
5209
3955
2524
798
-915
-2696
-4120
-5282
-6044
-6269
-6217
-5850
-5302
-4515
-3788
-3008
-2290
-1794
-1321
-843
-436
-133
202
513
724
1006
1216
1293
1303
1280
1170
767
353
-65
-556
-1133
-1613
-1909
-2185
-2180
-2017
-1866
-1627
-1148
-593
-191
302
687
871
1122
1384
1512
1399
1360
1252
1161
1230
1265
1515
1862
2476
3230
4236
5346
6436
7683
8181
7803
6760
5324
3176
616
-1848
-4553
-6736
-7987
-8425
-8524
-7960
-6751
-5408
-3796
-2313
-1208
-554
-32
307
465
608
653
868
1254
1706
2157
2442
2447
2239
1932
1357
512
-395
-1400
-2310
-2979
-3470
-3795
-3896
-3807
-3594
-3196
-2818
-2453
-1895
-1267
-608
142
898
1502
2028
2438
2453
2212
1842
1292
666
109
-354
-735
-919
-822
-556
-28
596
1314
2116
3008
3925
4615
5492
6176
6867
7509
7830
7070
5622
4490
2680
555
-1537
-3410
-5486
-6484
-6353
-6505
-6246
-5411
-4249
-3374
-2174
-1355
-1112
-702
-480
-463
-539
-556
-748
-635
-322
-284
-116
62
37
159
380
298
5
-48
-222
-418
-494
-1001
-1581
-1809
-1749
-1820
-1740
-1503
-1264
-594
106
517
706
876
852
622
341
-256
-781
-1107
-1297
-1329
-1134
-797
-409
248
965
1682
2395
3017
3599
4257
4783
5207
5583
5906
6179
6475
6328
5452
4600
3519
2164
629
-831
-2549
-4008
-4679
-5289
-5672
-5780
-5491
-5109
-4274
-3430
-2895
-2257
-1731
-1269
-900
-602
-687
-739
-676
-725
-727
-685
-700
-569
-174
105
337
633
808
836
926
702
143
-320
-751
-1155
-1441
-1528
-1586
-1349
-855
-486
-121
52
64
-45
-182
-467
-824
-965
-1116
-963
-626
-269
121
684
1311
1738
2359
2847
3152
3456
3737
3845
3728
3762
3656
3435
3117
2726
2335
1765
1273
711
170
-361
-752
-994
-1333
-1446
-1490
-1420
-1347
-1145
-975
-914
-765
-766
-734
-777
-854
-1060
-1198
-1329
-1508
-1523
-1577
-1589
-1520
-1321
-1213
-1072
-788
-528
-211
44
247
387
562
602
446
193
-307
-693
-1008
-1271
-1535
-1628
-1551
-1516
-1244
-1096
-989
-1012
-982
-996
-1085
-1053
-1159
-1072
-1016
-721
-450
-206
152
466
827
1060
1444
1655
1830
2166
2477
2703
2827
3041
3089
3093
3115
2988
2916
2786
2651
2433
2195
1886
1491
1217
782
344
-99
-490
-847
-1076
-1112
-1219
-1215
-1183
-1088
-1001
-895
-785
-739
-638
-600
-543
-465
-382
-323
-256
-187
-225
-271
-312
-409
-603
-882
-1245
-1681
-2026
-2314
-2614
-2870
-3016
-3080
-2911
-2531
-2196
-1823
-1315
-871
-441
16
186
259
382
432
343
409
406
279
361
375
283
232
269
132
126
268
259
331
583
807
969
1319
1730
1964
2158
2464
2584
2673
2694
2677
2551
2410
2305
2057
1856
1574
1317
1020
784
518
170
-92
-344
-526
-672
-784
-837
-919
-843
-663
-517
-366
-273
-198
-120
-95
-202
-361
-540
-691
-758
-948
-1072
-1185
-1326
-1486
-1642
-1856
-2002
-2238
-2409
-2379
-2503
-2572
-2428
-2226
-2122
-1895
-1561
-1325
-1150
-827
-468
-380
-227
127
210
398
723
919
1128
1386
1576
1610
1737
1807
1714
1678
1561
1368
1211
1122
911
755
722
540
446
395
464
417
336
378
442
497
493
725
923
937
1120
1396
1500
1552
1749
1718
1540
1445
1311
993
608
392
-16
-405
-544
-873
-1028
-1057
-1226
-1300
-1234
-1281
-1265
-1166
-1194
-990
-901
-840
-646
-519
-519
-437
-436
-482
-475
-544
-716
-917
-892
-956
-1122
-1216
-1131
-1110
-1056
-782
-574
-480
-406
-121
108
194
383
526
499
835
1100
1080
1200
1311
1217
1175
1244
877
626
426
162
-34
-141
-297
-510
-329
-240
-195
79
167
273
426
600
722
781
803
871
894
861
847
833
715
620
485
263
184
51
-257
-473
-651
-1022
-1161
-1246
-1571
-1578
-1597
-1795
-1579
-1398
-1307
-1081
-815
-561
-291
22
134
331
504
556
644
682
728
686
757
749
721
751
626
621
517
344
273
109
-120
-198
-315
-477
-540
-533
-710
-668
-651
-658
-663
-530
-538
-588
-355
-261
-61
62
348
542
668
832
981
1032
889
977
926
735
744
660
452
326
203
95
62
-82
-219
-194
-277
-290
-340
-406
-377
-432
-302
-445
-329
-281
-316
-277
-269
-166
-181
-100
-117
75
46
153
261
75
130
221
40
-85
70
-58
-46
64
32
166
297
372
401
517
540
382
300
131
35
-167
-453
-548
-641
-751
-953
-1010
-891
-964
-921
-770
-580
-415
-130
151
182
511
655
823
900
958
1078
1101
1241
1292
1200
1250
1162
1111
904
637
706
365
159
-19
-228
-489
-661
-860
-1091
-1033
-1142
-1204
-1139
-1234
-1231
-1039
-1040
-976
-761
-477
-263
-158
125
131
121
282
294
342
405
580
782
850
859
802
875
753
423
322
192
73
-8
-153
-300
-290
-421
-630
-698
-857
-959
-883
-1025
-989
-780
-818
-497
-421
-220
-16
265
300
359
590
577
613
694
799
598
793
929
730
592
800
695
559
580
540
563
369
593
370
331
387
195
110
-33
-106
-334
-417
-663
-685
-746
-957
-864
-937
-775
-801
-689
-544
-456
-394
-374
-123
-262
56
126
194
262
236
312
174
130
26
85
-31
5
-33
-234
-216
-317
-530
-576
-486
-632
-446
-309
-409
-221
-100
-109
-59
16
89
355
383
412
766
941
913
988
1001
814
867
791
531
464
486
498
347
388
388
361
247
113
122
4
-73
-81
-163
-206
-151
-83
-168
-234
-238
-247
-317
-421
-475
-534
-541
-548
-659
-633
-562
-561
-466
-374
-532
-296
-183
-305
-149
-64
-79
-18
12
-100
-2
-19
-176
-135
-106
-119
-195
-163
-154
-303
-295
-324
-263
-269
-203
114
146
221
457
751
725
877
870
710
955
878
600
514
517
285
288
281
74
134
250
76
59
250
47
24
82
39
25
101
107
138
165
78
49
-21
-47
-126
-142
-103
-196
-218
-205
-196
-265
-407
-395
-324
-352
-381
-219
-311
-164
-172
-405
-322
-420
-415
-575
-671
-741
-700
-634
-625
-510
-570
-371
-335
-210
-170
-248
-151
57
149
352
535
680
814
962
833
976
1063
826
908
808
700
511
416
228
3
-145
-315
-340
-404
-365
-466
-409
-281
-331
-145
-181
-102
20
104
205
280
462
510
550
676
650
467
474
383
194
102
-53
-179
-242
-239
-424
-426
-382
-456
-480
-450
-376
-434
-329
-247
-220
-187
-167
-122
-163
-241
-275
-353
-385
-233
-507
-465
-388
-491
-319
-326
-236
-134
56
186
219
317
290
341
314
456
514
432
602
514
530
513
422
395
255
121
54
27
-160
-375
-393
-483
-424
-366
-330
-255
-177
-24
-10
-27
67
1
-44
112
214
237
330
487
454
581
669
725
560
665
620
458
388
359
159
18
1
-222
-313
-472
-374
-547
-666
-604
-803
-721
-671
-759
-767
-685
-492
-455
-350
-155
-19
147
287
327
387
480
509
341
330
235
184
279
196
92
13
59
-118
-114
-123
-348
-447
-529
-528
-461
-402
-381
-419
-467
-362
-129
-101
-81
77
88
211
335
463
438
476
381
378
439
491
553
401
418
341
350
359
313
313
246
274
337
401
308
346
289
89
148
81
-103
-92
-227
-434
-397
-389
-505
-528
-486
-520
-486
-412
-290
-187
-96
-84
-14
30
143
216
148
281
238
218
268
261
161
93
8
-55
-172
-173
-172
-255
-343
-287
-335
-489
-455
-465
-583
-512
-439
-391
-332
-302
-255
-227
-72
-38
-40
57
47
83
264
396
301
373
477
455
557
610
580
549
483
499
487
301
329
352
140
41
159
82
-151
-181
-106
-302
-352
-367
-457
-401
-315
-346
-222
-110
-1
145
160
120
217
308
178
187
140
177
153
87
63
77
46
-21
-105
-123
-125
-207
-144
-125
-292
-188
-120
-183
-101
-6
-4
-81
-29
32
98
-48
-41
-21
-72
-116
-211
-149
-122
-197
-129
-67
-181
-121
-54
-47
-46
-5
-24
132
195
246
367
236
215
271
245
88
127
61
-98
-55
-99
-137
-259
-285
-248
-219
-175
-209
-143
-104
-72
65
144
120
252
350
215
212
309
198
81
52
18
-68
8
12
-46
-4
104
85
-12
100
165
68
93
186
141
103
158
117
49
92
99
41
-92
-10
63
28
-84
-46
-25
-135
-87
-34
-96
-51
85
59
48
161
155
98
112
101
130
75
-3
25
-1
-14
-114
-234
-247
-316
-326
-402
-375
-416
-479
-368
-408
-379
-270
-115
-53
3
195
211
282
388
426
374
418
432
355
206
138
157
66
-75
-175
-189
-166
-138
-131
-203
-155
-62
29
-7
-17
125
151
75
66
136
221
210
185
3
2
70
-26
-86
-170
-147
-70
-91
-86
-104
-96
-170
-73
-61
-52
59
-82
-85
11
20
4
-66
-78
-168
-74
-31
-157
-187
-163
-134
-204
-135
-136
-192
-67
-94
-88
-30
-49
15
36
10
4
79
54
70
151
89
112
145
132
173
202
220
122
111
133
119
104
91
7
-17
100
90
8
24
-14
-1
38
13
-53
-72
-78
-78
31
16
-22
-27
-4
41
46
106
1
27
138
179
124
83
207
134
102
87
25
-15
-6
-55
-240
-205
-223
-278
-310
-323
-319
-303
-290
-280
-198
-102
-13
10
76
144
203
247
299
283
279
357
338
327
216
144
94
63
41
-43
-95
-163
-127
-159
-137
-101
-75
-58
-74
-27
39
76
64
46
45
124
221
271
260
192
129
116
97
50
44
-3
-95
-97
-35
-45
-86
-153
-204
-175
-148
-113
-107
-103
-126
-44
-89
-109
-74
-143
-119
-167
-154
-173
-167
-151
-198
-151
-191
-97
-100
-116
-33
-85
-5
61
68
98
81
62
35
143
149
69
124
89
148
174
166
168
148
238
60
86
161
91
91
-21
-71
-70
-18
-91
-123
-106
-203
-180
-156
-188
-175
-81
-12
-6
-81
31
126
129
146
157
120
130
241
174
82
148
166
23
-41
16
-5
-5
-125
-173
-164
-232
-225
-207
-285
-362
-284
-345
-325
-174
-55
-54
-5
129
83
170
252
260
269
262
275
220
206
216
133
94
56
-7
-24
30
114
72
75
5
77
121
163
173
62
84
12
39
-36
-18
18
-70
-143
-97
-124
-186
-122
-136
-210
-251
-190
-136
2
-31
-125
-64
-36
46
37
32
40
62
143
108
95
144
161
115
59
21
49
15
-21
6
-116
-177
-122
-147
-158
-156
-166
-91
2
-11
-5
56
132
100
110
143
83
123
130
49
58
71
64
0
-20
79
104
60
35
76
63
90
80
82
20
24
37
-75
-44
-63
-104
-81
-76
-130
-143
-102
-87
-131
-143
-172
-108
-25
-29
-59
-2
46
34
43
60
30
76
42
-4
64
-1
1
38
22
-36
-37
-46
-85
-47
-94
-87
-123
-26
-27
-45
-1
-32
59
48
47
103
154
105
144
127
96
122
92
73
-15
-55
27
8
-64
-70
-38
-31
-30
8
-38
-37
19
5
-53
17
3
-12
10
-46
-24
-22
43
30
-23
-39
-20
-5
-58
-24
-18
-29
-36
49
77
39
43
33
25
65
105
75
67
59
46
32
-25
-6
-43
-46
-8
-108
-65
-40
-57
-94
-84
-89
-128
20
10
-40
-65
11
2
3
93
-26
40
77
-11
18
95
23
-7
-16
26
62
-7
23
17
26
-90
-41
12
44
30
-1
-6
-63
27
-16
-25
-44
-66
-117
-12
-13
12
1
-105
-86
-91
-66
-53
44
-42
17
46
23
78
102
77
43
77
32
44
102
103
23
73
-15
4
43
29
31
-32
-23
-47
14
-77
-52
-23
17
-9
-73
-16
-87
-64
-9
-16
-28
43
32
24
83
37
3
3
61
26
56
62
152
125
34
68
32
39
27
76
34
32
33
-17
-21
-87
-89
-88
-107
-64
-94
-56
-21
-94
-68
-16
17
-90
14
16
-26
93
45
34
50
80
30
79
65
23
64
-10
-41
-12
-22
50
9
-49
-67
-72
-76
-117
-62
-41
-37
-18
21
37
21
5
-39
-30
-37
-82
-11
1
28
-38
-6
-8
-101
-44
-40
-21
19
-4
6
8
52
17
56
15
-1
21
-74
16
4
22
41
18
-2
29
53
10
66
33
-71
-28
2
-49
18
-10
-27
-92
-19
-16
-40
17
16
33
2
28
54
86
65
-4
2
42
23
28
-8
22
-7
0
57
14
61
17
17
40
26
-19
4
1
-77
-62
-55
-72
-52
-46
-6
-79
-49
42
35
-11
18
21
8
18
47
92
72
26
18
92
5
1
13
59
3
-50
36
20
-22
-47
-20
-44
-125
-110
-49
-19
-79
-55
-33
-35
-14
21
24
22
38
57
80
57
44
5
61
51
-14
42
-18
-45
-5
-21
-53
-86
-13
-42
40
41
-51
46
35
29
-17
-13
-11
25
26
-1
-7
-7
-4
16
-26
-68
-32
-32
33
-55
-53
-42
-43
-14
17
-6
18
-22
36
78
6
0
17
76
32
42
46
64
21
30
19
-72
-80
-30
-34
40
-13
-37
36
16
15
-3
28
-44
-34
14
29
-37
43
60
-30
-33
-33
-41
-1
-13
-78
12
39
32
72
44
-6
-1
32
7
8
-5
9
19
30
4
-2
10
-71
-5
-6
-48
-44
-26
21
-23
-30
-26
12
9
14
64
68
8
-2
55
13
23
0
-11
-23
7
18
-5
-35
-64
-20
-43
-76
-24
-13
-18
-23
-31
9
-26
-23
-17
-9
49
3
31
63
39
69
35
36
26
51
-34
-26
4
-42
8
-40
-44
12
22
23
0
-8
-27
-27
20
-33
-31
-9
-7
-24
14
-19
-18
5
5
13
-1
33
10
-4
14
0
-25
-44
2
-19
-37
-15
-13
-11
1
15
34
15
12
0
26
111
33
17
16
-15
11
3
19
-19
-9
8
-21
22
-7
-16
-58
-77
-57
-73
-33
-29
39
10
-9
-1
-6
-22
38
-6
-24
55
11
34
65
42
-32
8
-15
-12
48
1
-22
25
39
6
9
9
-38
10
10
-19
15
13
15
-11
41
-2
-48
57
-4
-45
0
37
12
-24
-3
11
-56
-9
44
2
-45
-52
-8
-14
3
-45
1
32
12
-25
-5
34
-38
-4
34
-9
-55
48
25
14
64
43
44
35
31
-56
47
23
-23
11
2
50
-63
-107
-77
0
-22
8
9
-17
31
4
7
33
32
16
40
29
9
-54
-22
-73
-75
-15
13
20
-13
25
-37
30
32
-5
6
-9
82
5
-5
-15
-37
6
-3
23
-5
85
109
-11
-26
1
-32
9
-15
-64
-18
10
-17
20
-15
-51
25
-2
-97
-50
-14
-24
52
26
49
-13
-31
-30
4
60
-1
27
3
17
1
-12
49
-15
-39
-8
-30
-83
22
-1
-51
97
29
34
41
38
11
20
35
-50
-9
-31
3
5
-78
-61
14
28
-14
63
28
30
-12
-31
-13
-52
15
-18
-17
-104
-35
14
-8
48
-19
-32
16
120
48
-39
-12
21
-11
-6
83
8
-12
-20
-77
-20
35
97
75
-49
-32
2
16
5
-1
-93
-35
29
-37
48
-10
-29
32
-27
12
75
13
26
5
-26
-15
17
19
-120
-17
-26
-25
103
48
-9
-31
-70
27
47
3
-7
6
-6
-24
10
-41
40
79
25
50
-5
-10
34
50
-52
-88
-11
-71
-25
-3
-27
40
-33
-77
35
68
12
-27
47
6
32
66
6
-15
-89
-52
14
10
9
13
22
2
-37
-73
21
19
-47
27
71
12
-10
58
-5
-20
23
48
-18
60
0
-41
51
-73
-95
-23
-17
-79
7
-9
-31
23
60
24
92
71
-33
54
34
35
-63
-85
-97
-75
26
-8
28
-23
52
21
46
41
-17
-40
-87
-59
-37
62
142
98
52
-81
-80
-55
-83
-44
-54
30
69
63
98
56
-4
-46
-65
-122
-52
-6
15
-13
9
-19
128
13
8
23
-56
46
-51
-36
-6
55
-22
11
-10
38
-26
36
10
-76
12
-46
3
30
-8
21
12
-14
67
-5
-24
-35
0
0
56
32
-15
18
-54
23
12
31
-22
-20
9
-131
-6
44
-89
35
102
57
110
-15
9
-13
-61
-23
-37
-32
-99
9
-33
2
109
0
50
27
-9
-64
-18
51
-98
45
103
-21
25
55
-79
-8
-40
-91
26
20
21
51
106
-4
-38
-34
-56
-20
39
-6
-30
-77
30
-25
17
25
47
33
9
-32
-100
23
-43
33
19
93
115
78
32
-19
-23
-97
-44
-90
-12
22
-27
-1
-25
14
25
-11
18
55
58
73
-21
1
20
8
23
-46
3
-37
-25
-69
-35
-63
-141
-26
0
118
117
159
44
6
23
-88
-15
39
28
-4
100
63
-76
-80
-94
-131
-54
20
9
12
2
29
22
19
-49
-2
52
-41
41
97
19
31
31
-18
15
-4
-27
-12
28
1
-16
68
-9
10
-75
-18
-68
8
-57
-6
105
-17
-26
-48
34
-28
-51
33
55
-46
-18
-7
-17
-6
-6
78
56
-5
40
31
-10
26
22
0
-57
-32
-9
-4
-16
-7
-63
34
-2
-78
24
-12
88
28
93
-29
16
1
-77
-116
-69
51
-31
49
7
75
136
33
-47
86
55
-41
-80
1
-50
-73
-28
-103
1
49
59
9
23
60
-41
-49
78
-5
-64
31
-60
-60
0
0
48
0
-84
81
85
-43
32
94
-38
-50
-33
33
-40
-30
-22
-124
-32
-66
45
17
72
10
37
35
-46
-21
3
67
-41
0
57
50
-32
-27
-15
-28
-23
-47
18
-23
64
-1
16
41
-131
-98
27
-37
-50
32
20
110
27
26
10
29
-98
-92
6
-44
81
52
46
14
54
-38
-66
50
-58
-22
73
0
30
84
-75
-43
17
-70
-52
-48
-47
-24
20
47
14
2
-71
-7
20
3
50
41
89
55
26
-44
-108
-70
-94
-80
-17
48
10
-4
16
69
-29
56
35
-46
16
-30
-39
-61
-64
-48
-29
51
37
71
53
53
106
65
77
40
89
47
2
16
15
-35
27
-10
-24
47
-56
58
10
63
-187
-356
-218
-308
-245
-145
48
-64
92
168
126
103
184
203
132
121
141
214
103
83
10
-26
-62
-35
16
-61
42
84
96
133
105
71
14
-15
28
57
-47
85
45
8
99
41
-5
11
24
-26
-32
-53
-89
-31
-19
-57
-17
-12
-65
-99
-18
12
10
73
34
37
115
50
75
35
-80
-45
-93
-52
-373
-526
-403
-431
-297
-193
-21
81
153
203
261
229
143
152
109
18
99
76
24
32
-22
-47
-78
-121
-48
-34
-23
-6
-30
47
67
41
15
-58
-23
32
57
39
-9
14
17
52
88
83
47
90
84
3
-3
-49
-58
-81
-85
-105
-69
-47
-94
-69
-72
-39
-53
-29
-35
-108
-67
-94
-116
-128
-112
-79
-122
-113
-65
-30
-69
-65
-71
-83
-88
-64
-78
-98
-105
-39
-8
15
69
50
1
-7
32
15
36
78
116
148
178
162
238
274
237
330
366
389
438
504
473
500
505
475
450
417
452
409
398
411
374
282
246
208
80
-34
-139
-258
-384
-486
-579
-708
-747
-810
-845
-833
-845
-844
-809
-766
-764
-735
-697
-641
-604
-545
-512
-505
-463
-431
-326
-302
-254
-163
-120
-61
-14
52
109
215
334
449
565
688
779
849
910
906
927
926
907
876
902
973
1029
1129
1226
1263
1316
1416
1384
1245
1024
684
306
-66
-448
-820
-1097
-1299
-1380
-1326
-1231
-1118
-953
-780
-659
-552
-492
-467
-489
-494
-462
-458
-462
-423
-352
-300
-204
-154
-116
-86
-52
-64
-112
-155
-280
-389
-512
-618
-734
-770
-757
-704
-588
-451
-260
-136
-19
63
123
151
137
112
70
55
50
86
159
258
380
550
749
888
1019
1147
1232
1293
1359
1434
1456
1531
1625
1684
1680
1536
1279
985
641
192
-229
-657
-1059
-1315
-1386
-1376
-1320
-1188
-1029
-835
-650
-512
-470
-453
-460
-453
-417
-396
-388
-387
-322
-244
-180
-148
-158
-181
-181
-212
-280
-396
-568
-725
-805
-859
-906
-883
-811
-667
-485
-307
-159
-8
99
182
285
293
258
238
221
202
219
254
318
426
515
634
786
907
1042
1220
1367
1501
1702
1880
2016
2085
1964
1704
1377
951
445
-72
-601
-1083
-1409
-1555
-1584
-1533
-1394
-1180
-953
-751
-593
-509
-480
-470
-446
-434
-403
-362
-284
-183
-107
-43
0
-4
-20
-23
-87
-156
-235
-355
-505
-637
-784
-927
-982
-988
-933
-820
-651
-464
-244
-31
147
282
341
368
338
277
211
143
114
160
250
356
511
683
844
1046
1247
1427
1586
1769
1957
2137
2268
2242
2067
1739
1344
876
327
-263
-829
-1300
-1616
-1741
-1768
-1719
-1576
-1339
-1098
-879
-710
-629
-598
-568
-537
-527
-495
-441
-338
-205
-70
19
69
88
77
70
16
-87
-210
-327
-452
-588
-746
-896
-985
-1006
-954
-844
-699
-517
-279
-28
177
320
404
422
403
360
287
219
189
225
311
432
567
716
893
1098
1294
1458
1613
1786
1990
2178
2270
2211
1997
1663
1235
722
123
-509
-1079
-1527
-1808
-1911
-1886
-1768
-1566
-1305
-1039
-794
-614
-523
-475
-449
-443
-454
-449
-408
-330
-207
-74
24
67
90
99
55
-45
-165
-286
-403
-484
-541
-625
-745
-816
-808
-778
-714
-598
-453
-269
-23
225
393
504
581
606
584
520
427
342
310
337
386
451
548
672
828
1018
1201
1367
1566
1806
2035
2203
2232
2064
1749
1352
840
228
-418
-1053
-1598
-1940
-2089
-2123
-2032
-1817
-1535
-1220
-916
-702
-580
-505
-460
-429
-404
-389
-364
-280
-152
-25
88
170
215
243
243
190
91
-33
-159
-259
-339
-410
-466
-516
-589
-664
-700
-711
-695
-624
-501
-345
-153
61
245
378
472
519
495
445
399
355
343
382
447
540
690
875
1070
1282
1516
1761
2022
2263
2403
2403
2232
1884
1413
851
180
-528
-1153
-1659
-2025
-2184
-2183
-2090
-1869
-1543
-1219
-956
-744
-612
-565
-552
-553
-567
-556
-488
-359
-191
-21
132
260
348
402
414
345
213
70
-74
-216
-326
-390
-415
-384
-301
-252
-277
-322
-355
-394
-433
-453
-459
-420
-300
-133
22
151
248
320
381
403
362
316
299
302
348
426
526
685
907
1149
1423
1719
1982
2235
2419
2382
2129
1785
1302
661
5
-648
-1303
-1777
-1993
-2086
-2071
-1887
-1624
-1339
-1010
-738
-618
-570
-546
-563
-574
-556
-539
-483
-344
-169
17
196
312
395
474
487
422
333
215
73
-29
-102
-170
-202
-187
-156
-127
-156
-245
-308
-354
-427
-468
-458
-444
-380
-236
-90
2
77
165
230
241
225
209
180
180
236
310
416
605
824
1048
1324
1603
1843
2105
2275
2176
1922
1599
1097
487
-94
-718
-1337
-1735
-1930
-2035
-2004
-1835
-1609
-1337
-1014
-751
-599
-506
-446
-427
-424
-397
-343
-268
-151
17
185
322
433
527
586
573
509
429
318
175
83
16
-96
-163
-127
-84
-67
-46
-97
-219
-296
-366
-483
-589
-658
-690
-630
-512
-416
-320
-190
-78
25
114
135
129
189
262
314
392
499
642
836
1058
1287
1530
1769
2005
2220
2247
2034
1756
1384
817
213
-353
-1001
-1570
-1843
-1987
-2088
-1996
-1765
-1513
-1189
-850
-642
-528
-447
-422
-425
-440
-481
-483
-394
-256
-82
117
294
465
644
769
805
779
705
587
453
323
178
26
-58
-72
-96
-134
-143
-178
-272
-371
-481
-637
-786
-891
-945
-942
-891
-786
-614
-440
-278
-89
80
179
274
363
396
441
501
532
568
657
782
943
1142
1359
1581
1793
1984
2109
2059
1827
1531
1122
561
-3
-541
-1096
-1495
-1668
-1752
-1748
-1598
-1376
-1132
-873
-676
-578
-525
-504
-503
-506
-520
-507
-421
-268
-65
149
352
552
752
903
970
949
856
719
534
326
117
-126
-346
-463
-544
-643
-684
-708
-772
-817
-852
-933
-1003
-1039
-1053
-994
-885
-759
-565
-324
-111
112
342
494
603
704
753
771
792
806
824
880
975
1103
1248
1419
1622
1784
1903
1995
1931
1690
1434
1077
553
33
-445
-972
-1385
-1596
-1753
-1818
-1716
-1538
-1320
-1053
-826
-668
-529
-428
-369
-329
-316
-291
-211
-94
54
223
386
554
714
813
832
775
660
509
308
63
-172
-399
-601
-714
-769
-835
-851
-794
-736
-677
-617
-599
-599
-580
-557
-544
-540
-542
-499
-400
-305
-206
-98
-2
100
222
308
340
368
395
407
435
462
454
460
516
582
634
688
740
759
774
792
764
704
642
585
546
518
483
473
497
518
540
561
513
420
326
198
18
-166
-354
-538
-660
-737
-796
-818
-788
-732
-645
-547
-482
-443
-415
-382
-358
-362
-388
-407
-404
-382
-339
-297
-275
-255
-226
-212
-252
-349
-471
-593
-711
-808
-870
-903
-869
-742
-543
-306
-47
203
442
664
840
945
998
1026
1046
1070
1116
1185
1269
1399
1563
1711
1807
1846
1776
1596
1337
966
492
-5
-498
-957
-1310
-1551
-1692
-1692
-1546
-1332
-1071
-789
-544
-350
-202
-118
-104
-127
-164
-184
-171
-121
-40
74
219
376
505
584
606
556
442
290
89
-149
-374
-573
-733
-819
-846
-830
-754
-637
-513
-391
-285
-217
-185
-170
-181
-205
-222
-224
-194
-134
-45
69
188
303
406
473
495
485
440
363
272
183
101
45
23
26
62
112
164
222
263
275
262
229
175
116
69
28
7
13
47
101
168
237
289
324
334
312
259
182
91
-7
-97
-175
-233
-273
-288
-272
-245
-212
-175
-141
-121
-110
-102
-108
-123
-136
-147
-153
-154
-149
-128
-106
-86
-63
-50
-45
-47
-55
-73
-96
-115
-131
-139
-141
-133
-116
-89
-54
-14
25
62
98
127
154
177
193
206
215
220
215
203
185
162
133
98
59
16
-21
-50
-72
-80
-76
-57
-28
6
47
82
116
138
151
150
146
132
117
100
86
83
81
85
90
91
85
72
48
15
-28
-79
-137
-201
-257
-307
-345
-374
-387
-383
-364
-335
-296
-253
-201
-151
-100
-54
-12
25
55
81
103
125
144
165
187
206
225
240
246
250
237
213
179
131
79
15
-43
-103
-160
-204
-238
-259
-268
-263
-252
-232
-205
-170
-132
-93
-50
-6
42
91
142
191
237
273
303
326
335
338
330
313
292
268
243
219
194
167
141
111
76
41
2
-43
-90
-139
-187
-235
-275
-302
-319
-324
-316
-291
-255
-210
-157
-99
-42
13
59
93
122
136
140
137
126
111
91
74
62
49
41
31
18
1
-18
-40
-70
-105
-145
-185
-225
-257
-284
-304
-316
-320
-313
-297
-277
-251
-221
-186
-145
-99
-51
2
57
115
170
225
279
325
363
391
416
428
431
429
416
399
376
345
311
273
229
184
130
75
16
-44
-100
-154
-201
-242
-274
-297
-306
-306
-294
-271
-237
-196
-153
-104
-59
-14
25
52
73
80
84
76
60
41
20
-4
-29
-51
-73
-92
-112
-132
-155
-177
-199
-217
-234
-249
-255
-251
-241
-222
-196
-162
-118
-70
-19
29
77
123
161
197
229
260
285
306
327
343
357
369
374
377
377
366
354
330
303
272
235
196
156
117
74
35
-8
-55
-98
-143
-188
-229
-271
-306
-336
-356
-366
-363
-350
-330
-302
-273
-242
-212
-185
-168
-156
-149
-148
-149
-149
-144
-134
-119
-95
-67
-35
-5
24
46
58
70
72
63
49
39
27
22
20
21
35
51
67
87
104
122
131
136
141
140
144
153
169
199
234
277
328
379
431
477
517
545
554
550
528
491
438
373
297
208
110
14
-83
-184
-282
-378
-462
-536
-599
-647
-680
-698
-698
-683
-661
-627
-589
-548
-505
-464
-425
-392
-359
-323
-290
-253
-218
-179
-135
-92
-47
-2
42
86
126
162
197
232
262
295
327
356
386
415
441
464
490
512
530
549
564
572
577
574
564
546
510
462
394
310
214
109
-3
-116
-217
-304
-365
-401
-410
-392
-354
-297
-233
-171
-113
-73
-55
-56
-76
-110
-156
-209
-259
-297
-324
-336
-335
-324
-305
-287
-270
-259
-257
-263
-278
-298
-317
-328
-328
-317
-288
-240
-180
-104
-21
64
145
214
271
315
345
361
365
359
347
334
322
310
299
284
270
255
236
213
185
149
107
63
18
-27
-67
-105
-136
-158
-174
-178
-178
-167
-148
-124
-99
-69
-39
-13
15
40
61
77
90
99
107
112
118
120
117
114
108
97
82
68
49
25
6
-17
-37
-55
-72
-83
-88
-94
-97
-99
-101
-105
-111
-116
-123
-129
-129
-122
-107
-86
-55
-13
30
76
121
163
199
223
237
241
234
220
201
182
159
144
135
124
116
113
102
92
76
55
24
-10
-49
-87
-125
-164
-191
-214
-224
-227
-222
-209
-192
-169
-146
-120
-93
-69
-47
-23
-4
16
34
47
55
62
59
48
34
15
-11
-36
-63
-92
-122
-147
-169
-191
-206
-217
-228
-235
-237
-237
-230
-219
-202
-178
-149
-113
-71
-22
30
79
127
172
212
246
267
280
290
291
286
273
263
251
233
217
197
178
159
141
120
97
76
57
39
21
5
-13
-28
-41
-53
-67
-75
-82
-93
-103
-109
-113
-113
-110
-102
-89
-75
-56
-36
-15
10
30
54
76
93
107
117
126
124
117
103
80
53
20
-17
-57
-95
-131
-163
-185
-202
-209
-206
-196
-181
-166
-141
-110
-88
-64
-40
-23
-8
9
22
35
49
59
70
79
84
84
84
78
67
54
41
31
17
7
3
1
3
10
24
32
42
52
57
62
62
59
53
51
49
46
47
49
53
64
73
77
85
95
106
108
109
108
102
93
83
67
49
33
9
-19
-42
-71
-103
-134
-161
-185
-208
-222
-232
-236
-229
-216
-201
-183
-156
-134
-110
-85
-66
-55
-41
-35
-34
-32
-34
-40
-45
-47
-53
-55
-52
-47
-44
-33
-17
-5
15
34
52
69
87
108
124
139
154
160
166
173
171
168
164
156
144
133
123
111
99
94
90
87
95
100
107
117
127
135
140
145
139
129
120
104
79
58
35
8
-16
-37
-60
-82
-95
-109
-122
-133
-142
-151
-160
-161
-164
-165
-165
-161
-159
-156
-154
-155
-155
-158
-164
-173
-182
-195
-212
-223
-231
-236
-232
-223
-209
-190
-160
-129
-96
-59
-21
9
40
66
85
103
121
134
143
154
162
167
180
188
190
198
204
204
205
207
207
200
196
195
189
184
179
172
164
157
146
129
114
97
74
55
37
17
2
-15
-27
-42
-46
-51
-56
-56
-59
-60
-63
-63
-59
-62
-64
-64
-70
-74
-80
-84
-92
-102
-108
-119
-130
-140
-150
-158
-166
-172
-173
-166
-157
-152
-134
-118
-99
-77
-54
-29
-7
19
42
61
80
97
110
119
131
137
135
135
131
124
118
107
94
77
60
47
32
20
9
-7
-18
-28
-38
-43
-46
-52
-49
-44
-36
-29
-19
-5
5
17
29
40
47
56
59
62
67
67
60
53
48
40
31
19
5
-7
-23
-39
-55
-64
-76
-87
-96
-101
-105
-107
-101
-94
-85
-74
-59
-44
-27
-10
4
18
32
47
63
73
85
91
94
95
95
91
85
73
59
44
21
4
-17
-37
-54
-70
-81
-93
-99
-103
-105
-102
-97
-92
-85
-75
-64
-54
-44
-34
-24
-15
-3
6
16
27
34
46
54
62
69
74
77
81
87
89
92
95
96
99
102
104
101
97
93
84
74
63
47
30
8
-12
-33
-53
-69
-83
-96
-104
-109
-110
-109
-102
-91
-81
-70
-58
-45
-32
-17
-3
10
21
30
33
38
39
34
28
15
1
-14
-32
-47
-63
-79
-89
-98
-108
-110
-111
-105
-96
-90
-80
-61
-46
-35
-21
-3
13
29
44
56
72
86
101
115
120
128
136
140
143
141
141
138
132
128
121
114
106
95
86
75
58
40
25
6
-13
-33
-51
-66
-83
-96
-106
-114
-117
-116
-112
-104
-98
-88
-75
-63
-50
-35
-24
-12
1
10
18
26
31
30
32
28
22
13
3
-7
-20
-32
-46
-59
-71
-78
-87
-92
-94
-93
-88
-84
-75
-69
-59
-43
-28
-14
3
19
35
50
64
77
84
92
96
101
106
107
106
105
102
98
92
82
74
60
47
37
26
16
3
-6
-12
-18
-24
-31
-34
-35
-36
-38
-38
-38
-37
-35
-32
-27
-18
-12
-6
1
6
14
19
19
22
21
19
13
6
-1
-9
-16
-25
-33
-42
-48
-54
-61
-66
-71
-75
-77
-78
-80
-76
-68
-59
-49
-38
-26
-13
1
11
24
35
40
47
51
53
58
60
59
59
56
54
52
49
46
39
35
28
21
16
10
4
-2
-7
-7
-6
-8
-11
-11
-12
-13
-12
-11
-10
-9
-6
-3
0
4
9
12
15
21
22
23
21
19
18
13
10
4
-1
-7
-12
-17
-23
-30
-35
-38
-41
-45
-46
-51
-53
-51
-51
-44
-40
-32
-25
-17
-8
-2
7
13
16
23
28
30
33
34
36
36
37
35
34
33
31
29
24
19
14
10
4
2
0
-2
-5
-3
-2
0
1
3
4
2
1
1
1
-1
-1
-1
-2
-1
2
4
6
6
4
6
6
4
3
1
1
-1
-3
-4
-5
-7
-10
-10
-9
-9
-12
-13
-17
-18
-17
-18
-18
-16
-15
-13
-8
-6
-3
2
3
7
7
8
12
12
13
13
13
13
14
12
11
7
5
4
1
-2
-2
-5
-6
-9
-10
-11
-10
-9
-8
-6
-5
-5
-2
-2
-1
-2
-5
-2
-2
-2
-2
-1
0
-2
-3
-1
0
0
1
1
0
-2
-1
1
0
2
1
1
1
1
2
0
0
0
0
-1
-2
-2
-4
-4
-4
-1
-1
0
-1
-1
0
-2
0
1
-1
1
0
0
3
4
6
4
3
3
0
0
-1
-3
-2
-5
-6
-4
-4
-2
-3
-5
-5
-5
-3
-2
-3
-2
-2
-2
0
0
0
1
1
3
4
1
0
3
1
1
2
0
1
-1
-1
-2
-1
2
-1
0
1
0
1
3
2
1
-1
1
2
4
1
2
2
2
2
-1
-1
-3
-2
-2
-2
-3
-3
0
-1
-2
-2
0
0
1
1
2
1
1
0
0
1
1
1
-1
-2
-1
-2
-2
-2
0
0
-2
-2
0
1
-1
1
2
-1
1
2
2
1
3
2
1
1
-1
1
1
1
2
1
1
1
-1
-1
1
-2
-1
-1
-2
-2
-1
0
0
1
0
1
-1
-1
-2
-2
0
-1
0
1
0
0
0
2
2
2
2
1
-1
-1
0
-1
-1
1
1
1
2
0
1
2
1
1
1
2
3
1
-1
0
0
0
1
0
2
1
2
3
3
3
2
1
3
3
3
3
2
2
0
-1
1
0
-2
1
2
3
1
1
3
1
1
1
1
0
-1
-2
-1
-2
-2
-2
-4
-3
-3
-3
-4
-4
-2
-2
-2
-2
-3
-4
-2
-3
-3
-2
-2
-1
-1
0
2
0
2
1
2
1
2
1
0
-1
-1
0
-1
-1
-3
-3
-2
-1
-1
-1
-1
-1
-2
-1
-1
0
0
1
2
0
1
1
3
3
3
5
7
6
5
5
6
7
5
4
6
5
3
3
4
1
0
1
0
1
1
1
0
-1
-2
-2
-4
-3
-1
-2
-3
-2
1
-1
0
-1
-3
-1
-2
-3
-2
-2
-3
0
-1
0
-1
-1
0
-1
0
-1
0
2
0
0
0
-2
-1
-1
1
2
2
2
1
1
2
3
3
1
-1
0
-1
0
-1
-1
-1
-1
-2
-1
1
1
1
0
0
0
0
1
2
3
2
1
1
2
1
1
-1
1
2
0
0
0
1
0
-1
1
1
1
0
0
3
2
1
1
-1
0
0
2
0
-2
-2
-2
-2
-2
-1
1
0
-1
-1
-4
-2
-2
-3
-2
-4
-3
-3
-4
-3
-3
-3
-3
-3
-4
-4
-5
-5
-3
-3
-3
-3
-3
-2
-2
-1
-3
-2
-3
-4
-3
-5
-4
-3
-6
-4
-3
-5
-4
-4
-5
-6
-5
-5
-4
-3
-6
-6
-6
-7
-7
-9
-6
-7
-7
-2
-6
-9
-7
-7
-8
-7
-7
-6
-3
-4
-3
-3
-2
0
1
2
1
1
3
2
3
3
1
2
3
4
5
6
4
4
4
5
6
5
7
6
8
8
8
8
8
6
7
7
6
6
8
6
6
7
7
9
9
6
4
6
5
4
4
5
7
5
4
6
7
8
9
8
9
9
9
9
8
8
7
7
5
6
6
5
3
5
5
5
5
6
4
4
4
6
6
4
6
5
4
3
4
2
2
2
2
2
-1
0
0
-1
-1
-1
-1
-1
-2
-2
-3
-3
-3
-2
-1
-3
-3
-1
0
-2
-4
-6
-4
-5
-3
-5
-5
-6
-6
-5
-6
-5
-8
-8
-7
-9
-10
-10
-9
-10
-11
-9
-10
-10
-11
-13
-12
-10
-10
-11
-12
-12
-10
-10
-8
-9
-7
-8
-9
-8
-9
-8
-8
-7
-6
-6
-5
-6
-7
-8
-7
-6
-5
-5
-4
-3
-4
-3
-5
-4
-4
-5
-5
-4
-6
-5
-4
-2
-2
-1
0
-1
1
1
1
2
3
3
4
6
6
7
6
6
8
7
8
7
6
7
7
7
6
7
6
7
7
7
7
5
6
5
7
5
3
5
4
4
5
7
6
8
8
8
9
8
9
10
10
8
8
6
7
6
6
4
5
5
3
4
3
4
5
3
3
1
2
2
1
2
1
3
4
2
3
2
3
5
3
4
4
3
2
3
2
1
3
2
-1
-1
-1
-1
0
1
0
-1
-1
-3
-3
-2
-4
-2
-4
-3
-4
-3
-2
-2
-2
-2
-3
-3
-4
-4
-2
-4
-4
-4
-4
-4
-4
-3
-4
-3
-4
-3
-5
-6
-4
-4
-4
-4
-3
-3
0
-1
-2
-1
-1
-1
-2
-2
-1
-2
-4
-1
-3
-6
-4
-4
-3
-3
-4
-2
0
-1
1
1
1
-1
-1
1
0
1
1
0
0
2
2
1
1
1
1
1
1
1
0
-2
-3
-3
-4
-2
-3
-2
-3
-5
-4
-5
-4
-4
-4
-2
-2
-2
-1
0
-1
-4
-3
-2
-4
-3
-2
-3
-4
-3
-3
-3
-2
-1
-1
-3
-1
-2
-3
-3
-2
0
0
1
-1
-1
0
0
0
0
0
0
1
1
1
1
0
1
2
2
3
4
3
5
4
6
7
5
4
5
7
6
5
5
3
4
4
2
4
2
1
2
3
2
3
1
-1
0
0
-1
-2
-2
-1
-4
-2
0
-1
-2
-1
-2
-3
-3
-5
-4
-3
-5
-4
-4
-4
-5
-6
-4
-4
-3
-3
-3
-3
-1
-2
-2
-2
0
0
-1
1
1
2
2
4
2
3
5
5
4
6
7
8
9
8
9
10
8
10
9
7
7
6
7
6
5
3
2
3
1
1
1
1
2
0
-3
-4
-4
-7
-5
-5
-6
-8
-11
-9
-9
-10
-11
-11
-10
-10
-10
-10
-10
-10
-9
-8
-8
-6
-3
-2
-1
1
4
5
4
5
5
8
10
11
10
10
11
12
10
10
9
9
9
7
8
9
10
10
8
7
8
7
4
2
2
0
-2
-1
-3
-2
-4
-6
-7
-7
-9
-11
-13
-13
-13
-13
-12
-13
-13
-13
-13
-11
-10
-10
-8
-7
-8
-4
-5
-5
-4
-2
-1
0
-1
0
3
5
4
4
4
6
8
8
8
9
8
10
10
10
11
10
8
10
10
8
9
8
8
7
5
5
5
4
3
3
1
1
1
-1
1
-2
-4
-5
-5
-5
-6
-8
-8
-9
-11
-10
-10
-9
-8
-6
-5
-6
-6
-6
-3
-3
-1
2
1
2
1
2
4
6
7
7
6
7
9
10
9
11
11
11
13
10
11
10
10
8
8
6
6
5
3
2
2
0
0
-1
-1
-3
-3
-4
-6
-7
-8
-9
-9
-10
-12
-12
-10
-13
-14
-14
-14
-13
-14
-13
-11
-13
-13
-11
-12
-11
-11
-10
-8
-6
-4
-4
-3
-3
-1
-1
2
2
5
6
8
11
12
12
14
15
15
18
18
18
20
19
17
17
18
18
18
16
15
14
12
14
11
8
9
6
3
3
2
-2
-2
-5
-6
-8
-10
-9
-12
-10
-12
-14
-15
-16
-17
-16
-17
-18
-16
-19
-17
-18
-20
-17
-16
-16
-13
-15
-13
-11
-12
-10
-8
-9
-6
-4
-4
0
-3
-1
2
-1
2
4
4
6
7
7
10
10
9
11
8
11
12
11
13
12
12
17
15
14
16
12
13
12
10
14
11
10
11
9
8
9
6
7
6
3
4
2
2
3
-1
1
-1
-4
-3
-3
-5
-4
-6
-9
-8
-10
-11
-10
-12
-10
-11
-13
-10
-11
-12
-10
-11
-10
-9
-11
-9
-10
-14
-9
-10
-12
-10
-10
-7
-7
-10
-8
-7
-6
-3
-3
-5
0
-3
-3
0
-1
3
2
0
6
4
4
11
7
11
14
11
14
12
11
15
12
13
18
13
15
15
11
15
15
12
13
11
10
13
8
8
10
5
7
6
5
7
4
3
5
1
0
-1
-5
-2
-4
-6
-6
-10
-8
-6
-9
-8
-9
-13
-11
-13
-15
-13
-17
-16
-13
-17
-15
-14
-17
-14
-14
-13
-10
-13
-12
-10
-11
-8
-5
-4
-3
-2
-5
-3
-4
-5
0
-3
1
0
1
5
1
2
7
2
4
8
6
8
8
8
9
7
8
9
7
8
9
7
8
9
7
7
6
6
7
4
4
6
5
7
5
4
4
4
5
5
2
2
3
1
0
-2
-4
-2
-5
-5
-3
-7
-6
-8
-9
-7
-8
-9
-7
-10
-9
-6
-10
-7
-8
-8
-6
-7
-7
-6
-7
-7
-4
-5
-5
-4
-4
-3
-4
-4
-3
-4
-3
-1
-1
0
1
0
1
2
3
4
5
5
6
5
4
6
5
6
6
9
7
8
7
7
8
8
9
8
7
7
7
7
5
6
4
2
5
4
4
5
4
3
2
1
0
0
0
-3
-1
-4
-2
-1
-4
-3
-3
-4
-3
-2
-3
-4
-3
0
0
-1
0
0
0
-1
0
1
2
2
1
1
1
3
3
1
0
-1
-2
-2
0
0
1
1
0
3
2
2
3
3
0
0
0
-2
-1
-2
-1
-1
0
-2
0
-2
-2
-2
-1
-1
-2
-2
-2
-3
-2
-1
-3
-3
-4
-3
-2
-1
-2
-2
0
1
3
1
4
3
4
6
7
6
5
4
3
4
2
1
2
2
0
0
-2
0
-2
-4
-1
-2
-3
-4
-4
-3
-5
-4
-3
-3
-4
-5
-4
-2
-3
-2
-1
-1
-2
1
0
1
1
-1
0
0
1
1
3
0
3
2
1
2
-2
1
-2
-3
-6
-4
-5
-3
-7
-7
-6
-9
-6
-8
-8
-9
-8
-8
-5
-6
-5
-3
-4
-3
-3
-1
1
1
2
2
2
4
5
6
6
9
6
9
9
7
7
5
5
1
1
1
2
1
0
0
-3
-1
-4
-5
-4
-2
-5
-5
-4
-7
-4
-6
-4
-6
-4
0
-2
1
5
3
4
9
4
8
8
10
10
12
12
11
11
12
10
7
9
5
6
4
0
-3
1
-2
-6
-5
-6
-8
-8
-8
-10
-11
-8
-7
-10
-7
-8
-7
-6
-3
-3
0
2
1
6
4
8
5
7
10
6
8
10
7
6
11
6
4
8
3
4
4
5
1
2
0
0
-6
-4
-4
-9
0
-6
-6
-7
-4
-5
-2
-2
-4
-2
-3
1
-2
2
2
0
2
6
2
3
7
4
6
10
5
7
9
6
3
4
5
0
5
4
1
-1
2
-5
-9
-2
-8
-6
-8
-6
-12
-9
-9
-10
-11
-9
-5
-9
-1
-4
-8
-4
-6
-3
2
8
3
8
7
7
4
7
8
5
9
9
6
5
14
5
4
8
2
-1
6
-4
-5
-3
-3
-2
-6
-1
-6
-7
-4
-3
-7
-6
-12
-8
0
-4
-5
-4
1
-1
-5
2
7
-5
3
5
-1
5
5
0
4
8
-3
10
14
7
2
2
-7
-6
8
-3
-2
-3
-2
-4
-6
6
-6
-7
-3
-6
-12
1
1
-6
6
5
-7
-8
8
8
-3
-3
0
-2
10
1
7
-2
7
13
-1
13
-4
0
4
9
-6
-6
10
-10
8
12
-2
-8
-6
-8
5
-7
-3
-22
-5
-6
-2
3
-3
3
-10
9
-11
-6
15
-2
-7
-4
-12
13
2
19
14
0
14
-14
-1
3
-7
-13
-6
19
18
9
13
3
-11
-11
-3
-10
-13
10
0
-5
12
-8
6
8
-24
-5
-2
-23
1
-2
-9
-6
-1
-1
8
11
-11
4
-14
-1
-14
10
-10
7
-12
23
23
-27
20
-37
1
7
-10
24
-1
-3
-6
-12
3
-11
-11
-3
9
7
10
2
-14
-4
-16
-1
5
-21
4
31
0
7
12
-1
-19
-5
-3
-19
10
-3
3
15
15
11
-9
24
-1
-19
8
-15
-2
16
8
4
1
14
25
13
-10
-27
-17
-17
18
-6
17
37
-18
13
9
9
-14
-9
-23
-22
13
-7
29
27
13
-10
-26
6
2
0
17
-22
-22
44
30
28
2
-27
-14
-2
14
18
1
-13
-14
10
6
19
-5
-38
24
3
6
9
9
-9
-9
10
23
-17
3
-5
-5
9
-10
32
-13
9
-18
-11
15
-19
-28
-27
-15
-9
25
29
39
6
-7
-7
-38
-2
-67
-5
-11
-26
39
4
-2
10
-21
-33
-11
-34
-15
-4
6
-21
-2
6
2
-15
-2
-18
-25
-25
-41
10
-26
-1
-2
4
-5
-17
2
0
-56
-22
-2
-2
-2
-9
30
-3
15
16
6
-6
-35
-12
-18
44
18
-48
-23
-6
14
8
52
-43
8
47
6
35
-28
-6
-23
17
-33
-6
37
-6
25
-21
30
35
10
12
-3
16
-31
10
7
32
42
-27
46
-24
-4
32
5
27
9
46
22
15
25
19
18
34
15
-71
-4
13
47
56
6
-13
46
41
-3
33
-27
-21
12
43
12
-20
13
36
47
-10
30
-32
-76
11
15
29
27
2
38
42
7
-26
-30
18
-59
-34
-5
7
41
11
-14
28
49
10
7
-26
-28
3
-46
-20
-59
-51
87
-19
-50
-13
-8
20
16
-5
-4
36
18
-10
6
15
-37
-36
-51
-58
-45
-10
2
-17
17
-16
72
-27
-65
-2
37
23
-12
-59
-14
29
-64
-37
16
14
-8
-48
-78
-36
-9
-3
-5
-33
-23
41
-30
-44
-74
-5
-3
-16
-52
-76
88
9
-7
21
-3
-11
-77
-28
-106
-37
20
-10
55
-64
-27
36
78
65
40
10
-43
-42
-20
2
18
9
-4
10
-59
15
20
-19
-3
29
-25
-39
112
20
45
59
-42
41
33
68
-5
-12
7
63
114
-26
-32
11
-7
49
62
-29
-1
-58
-22
10
93
37
-35
-14
-15
3
125
112
-34
36
12
47
47
8
-26
1
-27
-37
-58
3
15
81
20
-46
62
49
37
52
37
27
78
-77
-94
-42
-69
-77
-3
-122
-151
-17
25
-33
20
68
8
94
32
0
-23
21
-12
-21
38
-56
76
16
20
80
-40
-47
-21
15
-11
-12
89
119
20
-5
-73
-4
31
-27
20
-52
-54
-10
0
54
-97
-60
61
64
-15
70
-19
14
67
-110
-8
-8
89
-45
34
-78
-177
104
-9
-96
-42
69
-49
49
33
-186
60
32
-83
6
-54
-106
26
-34
-87
-8
-130
-93
-42
31
94
15
124
31
29
72
-34
56
35
-88
-110
21
-125
61
73
-45
-56
-113
105
42
7
-13
-21
-112
-91
9
63
71
62
133
24
46
103
79
87
-9
-27
19
-39
-148
7
-4
-101
177
72
2
169
193
121
79
40
-129
49
3
-99
1
53
70
78
6
-131
50
-33
13
75
-70
-44
59
-18
-97
143
-54
-94
102
-77
8
-426
-623
-178
-197
-250
174
38
-8
411
254
224
328
252
114
220
73
-44
-1
-108
-224
-718
-747
-390
-395
-719
-428
-293
-108
286
395
396
455
443
397
420
164
56
75
-28
-107
-156
-93
-197
-157
-102
-132
-109
83
36
-70
-172
-377
-229
-317
-66
71
141
176
327
389
367
352
224
234
179
64
-24
62
49
-38
13
47
-8
73
70
-46
7
28
44
83
71
9
62
-17
-91
-15
38
17
-35
-1
55
-12
-32
-36
-115
-34
-5
6
-43
-110
-22
60
-67
-62
-24
16
73
108
122
113
25
22
-24
-145
-58
-157
-114
-64
-29
-45
-64
5
-5
-44
24
55
156
138
79
144
176
29
113
246
-131
40
22
-65
27
-220
-286
-249
-314
-204
-87
-179
-56
90
-45
43
36
-95
16
53
-54
-72
-14
33
87
-21
-64
-56
50
31
39
30
38
37
110
75
16
14
-32
-43
-81
-136
-114
-26
-20
130
102
82
170
146
55
7
98
-32
-73
55
5
-21
-8
-52
-38
19
54
11
17
60
66
42
-14
-30
-49
-84
-109
-55
-10
1
89
94
77
136
126
83
101
113
42
54
-2
-29
10
-57
-76
-92
-56
-65
-76
-68
-91
-54
-76
-66
-51
-62
-126
-94
-98
-87
10
21
23
28
51
38
96
70
-34
-6
-28
-44
-23
-2
-10
-51
-42
-83
-129
-138
-111
-124
-121
-103
-94
-88
-58
-1
-4
-3
10
38
37
45
-18
-19
5
-48
-67
-74
-73
-98
-30
-12
-17
14
24
67
54
90
106
115
155
140
130
142
149
176
155
166
177
178
229
282
359
449
580
655
687
715
687
674
654
570
564
589
488
435
443
383
374
270
88
-21
-222
-442
-673
-914
-1236
-1456
-1617
-1818
-1896
-1906
-1884
-1759
-1577
-1377
-1123
-894
-738
-517
-360
-325
-287
-286
-353
-385
-422
-512
-503
-476
-379
-223
-38
210
477
803
1122
1379
1634
1798
1847
1859
1820
1744
1778
1816
1914
2069
2338
2676
2956
3333
3576
3776
3970
3341
1927
524
-945
-2798
-4369
-5211
-5943
-6193
-5496
-4226
-2973
-1650
-393
603
1388
1913
2030
1930
1701
1313
978
677
156
-427
-949
-1563
-2128
-2551
-2910
-3390
-3396
-3306
-3096
-2545
-1959
-1309
-611
146
717
1201
1500
1672
1736
1608
1371
1071
679
212
-167
-395
-575
-570
-462
-161
279
814
1452
2109
2763
3289
3792
4243
4589
4886
5203
5601
5840
4844
3226
1402
-644
-3138
-5147
-6414
-7547
-7802
-6895
-5185
-3584
-1794
-131
1178
2173
2809
3094
3059
2824
2528
2240
1835
1110
272
-724
-1905
-2944
-3821
-4399
-4768
-4576
-4154
-3788
-3082
-2591
-2128
-1510
-849
-271
389
1205
1897
2506
2824
2897
2589
1916
1084
129
-733
-1426
-1822
-1809
-1513
-910
-176
555
1255
2084
2760
3416
4000
4511
5093
5558
6108
6661
7330
6262
4020
1896
-520
-3667
-6401
-7706
-9036
-9427
-8092
-5732
-3704
-1556
592
2087
3207
4036
4268
4072
3732
3391
2938
2350
1330
92
-1311
-2960
-4388
-5497
-6208
-6507
-5906
-4850
-3465
-2210
-1169
-286
225
683
905
1057
1223
1548
1936
2188
2147
1787
1194
259
-649
-1486
-2209
-2525
-2429
-1936
-1164
-229
634
1386
2029
2584
3208
3636
4221
4775
5436
5914
6573
7120
7725
7183
4499
1975
-643
-3826
-7167
-8496
-9448
-10048
-8706
-5972
-3495
-1365
1052
2714
3839
4829
5124
4893
4454
3927
3215
2317
1005
-839
-2619
-4516
-6143
-7177
-7585
-7457
-6406
-4735
-2881
-1163
292
1194
1510
1732
1700
1483
1351
1397
1528
1568
1311
911
271
-630
-1470
-2128
-2562
-2566
-2199
-1515
-563
397
1251
1895
2406
2814
3238
3610
4036
4536
5133
5660
6186
6685
7097
7314
5261
2240
-261
-3063
-6527
-8640
-9101
-9859
-9317
-6792
-3813
-1716
667
2807
3912
4866
5532
5437
4860
4286
3529
2452
1118
-774
-2817
-4765
-6539
-7735
-8141
-7799
-6798
-4921
-2856
-704
1096
1934
2344
2338
2042
1517
1067
895
828
823
688
386
-183
-914
-1685
-2232
-2367
-2320
-1821
-1017
-116
902
1706
2323
2624
2866
3034
3346
3654
4111
4623
5205
5620
5842
6076
6153
6441
4213
1234
-1007
-3531
-6839
-8636
-8665
-9379
-8692
-6116
-3175
-1149
1181
3173
4039
4896
5441
5159
4473
3672
2683
1384
-68
-2150
-4183
-6014
-7527
-8327
-8172
-7323
-5950
-3799
-1610
613
2429
3351
3396
3201
2652
1709
994
565
245
-4
-214
-448
-865
-1393
-1812
-2007
-1950
-1683
-1051
-272
490
1286
1948
2387
2561
2731
2971
3264
3631
4086
4585
4950
5268
5410
5546
5550
5816
4028
956
-1229
-3644
-6716
-8740
-8742
-9160
-8468
-5945
-2853
-630
1594
3519
4376
5111
5539
5184
4374
3387
2267
910
-659
-2788
-4872
-6611
-8069
-8642
-8190
-7007
-5329
-3028
-649
1532
3356
4313
4114
3762
2954
1749
716
-38
-656
-1070
-1287
-1377
-1514
-1757
-1768
-1656
-1471
-1050
-368
292
947
1582
2183
2486
2677
2822
2978
3177
3350
3465
3712
3862
3938
4068
4118
4269
4572
5201
3166
462
-1540
-4017
-7178
-8566
-8271
-8748
-7602
-4689
-1599
470
2733
4166
4488
4975
5105
4428
3534
2710
1615
259
-1202
-3278
-5306
-7037
-8208
-8373
-7604
-6184
-4370
-1909
422
2539
4147
4654
4348
3556
2488
1376
317
-526
-1142
-1527
-1721
-1893
-1946
-1976
-1905
-1685
-1146
-348
463
1195
1789
2468
2796
2920
2927
2790
2783
2814
2824
2817
2869
2941
2867
3041
3159
3663
4094
4844
3928
1257
-923
-3311
-6038
-8102
-8129
-8255
-7572
-5077
-1945
283
1990
3424
3756
3961
4153
3831
3162
2364
1559
485
-847
-2714
-4736
-6462
-7716
-7956
-7224
-5782
-3886
-1444
965
3021
4520
5144
4830
3818
2860
1700
445
-455
-1220
-1781
-2199
-2372
-2316
-2212
-2029
-1530
-783
-17
812
1347
1805
2114
2155
2208
2130
2046
2051
2089
2209
2254
2266
2151
2146
2228
2717
3218
3876
4450
5343
4897
1869
-578
-2857
-5911
-8639
-8417
-8138
-7706
-5196
-1873
119
1495
3015
3118
3077
3541
3588
3197
2912
2491
1355
-63
-1982
-4280
-6247
-7719
-8093
-7356
-5622
-3440
-825
1590
3361
4594
5010
4561
3752
2865
1766
727
-349
-1266
-2129
-2793
-3109
-3077
-2816
-2280
-1400
-430
510
1289
1901
2067
2065
1999
1768
1557
1389
1288
1295
1300
1194
1234
1349
1666
2231
2677
3417
3976
4492
4849
5547
4097
879
-1479
-3718
-6443
-8070
-7263
-7028
-6167
-3635
-809
551
1588
2474
2576
2922
3602
3757
3369
2882
1978
537
-1152
-3275
-5463
-7028
-7658
-7050
-5541
-3615
-1609
476
2072
3246
4038
4088
3481
2774
2428
1694
663
-233
-1193
-2079
-2639
-2815
-2734
-2362
-1879
-1015
-129
629
1125
1108
1047
1067
1034
986
927
931
1067
1196
1270
1436
1417
1540
1723
2099
2488
2999
3496
4084
4614
5464
4940
1830
-695
-2850
-5386
-7414
-6972
-6485
-6093
-4055
-1407
89
922
1925
2091
2329
3176
3690
3610
3189
2512
1259
-322
-2306
-4450
-6024
-6774
-6522
-5365
-3791
-2172
-429
1049
2178
3093
3539
3094
2713
2529
2098
1303
271
-692
-1701
-2337
-2736
-2672
-2475
-2141
-1574
-965
-335
-48
70
80
395
718
952
1123
1267
1335
1440
1591
1565
1480
1655
2030
2438
2872
3333
3548
3767
4343
4916
5349
3351
373
-1607
-3591
-5674
-6366
-5807
-5875
-4919
-2795
-881
-95
535
1027
1219
2216
3240
3622
3515
3138
2202
817
-788
-2887
-4945
-6175
-6390
-5718
-4594
-3226
-1877
-424
865
2023
2972
3320
3305
3232
3210
2536
1458
241
-1074
-2135
-2930
-3165
-3229
-3117
-2699
-2054
-1499
-972
-559
-342
82
578
969
1317
1513
1600
1676
1737
1853
1939
2148
2366
2652
3020
3198
3323
3372
3698
3978
4493
4931
3069
382
-1422
-3371
-5488
-5960
-5539
-5636
-4824
-2877
-1253
-535
270
855
1272
2356
3587
4049
3900
3422
2227
508
-1385
-3381
-5167
-6174
-6206
-5420
-4246
-3042
-1804
-536
655
1982
2947
3378
3515
3419
3081
2040
705
-613
-1913
-2983
-3421
-3515
-3474
-3313
-2893
-2173
-1609
-974
-414
22
574
1122
1517
1735
1810
1928
2086
2106
2202
2451
2449
2666
2903
3011
2953
2997
3193
3246
3647
4199
4399
2483
279
-1538
-3549
-5201
-5457
-5041
-5039
-4021
-2462
-1178
-445
296
756
1293
2371
3338
3622
3314
2541
1185
-451
-2029
-3539
-4741
-5241
-5088
-4325
-3389
-2329
-1297
-294
758
1913
2780
3047
3198
3223
2611
1277
2
-1272
-2509
-3264
-3391
-3264
-3062
-2719
-2164
-1644
-1167
-642
-326
33
624
1189
1533
1752
1943
1982
1897
1936
2019
1994
1980
2083
2315
2516
2604
2664
2861
3018
3428
3937
4447
3541
1229
-620
-2312
-4070
-4807
-4421
-4534
-4200
-2958
-1765
-1129
-611
-147
197
1149
2327
2884
2858
2549
1681
404
-742
-1912
-3070
-3771
-3852
-3524
-3001
-2396
-1861
-1135
-185
821
1647
2267
2299
2124
1527
193
-713
-1551
-2253
-2485
-2364
-2230
-2089
-1950
-1594
-1299
-1132
-671
-355
53
573
929
1150
1232
1271
1344
1401
1619
1890
2027
2156
2474
2770
2894
2986
3025
3215
3243
3665
4014
4406
4035
1995
54
-1621
-3362
-4536
-4352
-4410
-4435
-3636
-2582
-1926
-1502
-890
-350
616
1864
2771
3166
2924
2259
1211
50
-1143
-2258
-3083
-3571
-3575
-3303
-2977
-2690
-2041
-1249
-338
633
1400
1416
1237
932
114
-463
-799
-1138
-1332
-1304
-1250
-1174
-1318
-1241
-1148
-1049
-801
-614
-401
-181
2
193
430
703
1001
1278
1571
1989
2201
2414
2801
3188
3317
3340
3315
3355
3505
3653
3974
4176
4295
2852
869
-724
-2362
-3823
-4164
-3930
-4170
-3901
-3121
-2517
-2210
-1652
-1049
-233
1122
2308
2861
2853
2366
1564
507
-448
-1362
-2219
-2866
-3102
-3129
-3058
-2966
-2585
-1945
-972
31
801
958
659
472
-54
-394
-476
-552
-687
-621
-473
-454
-599
-749
-794
-933
-911
-883
-1022
-1084
-1051
-900
-623
-226
277
699
1254
1781
2243
2659
2921
3267
3593
3626
3681
3509
3532
3538
3605
3787
4189
4141
2344
696
-802
-2378
-3777
-3817
-3925
-4366
-4056
-3447
-2927
-2603
-1865
-1088
54
1386
2442
2704
2594
2202
1464
589
-194
-969
-1719
-2307
-2609
-2750
-2879
-2924
-2485
-1791
-960
-184
352
249
-287
-515
-654
-600
-230
-15
170
230
136
50
-262
-700
-951
-1183
-1314
-1480
-1767
-1896
-1792
-1428
-861
-246
336
997
1637
2309
2855
3359
3757
4169
4433
4425
4307
3982
3773
3559
3715
3809
4149
3106
1120
-304
-1856
-3291
-3879
-3661
-4146
-4259
-3779
-3154
-3034
-2614
-1862
-955
368
1718
2354
2408
2287
1867
1197
642
101
-735
-1530
-1951
-2287
-2646
-3001
-2921
-2598
-2137
-1483
-915
-948
-777
-524
-279
86
398
597
584
623
614
385
-56
-447
-832
-1132
-1525
-1974
-2228
-2307
-2127
-1606
-980
-285
422
1113
1906
2599
3019
3452
3786
4163
4352
4375
4293
3848
3644
3494
3544
3576
3986
3871
2133
516
-670
-2231
-3475
-3486
-3731
-4513
-4497
-3927
-3874
-3760
-3011
-1909
-596
978
2031
2365
2391
2219
1755
1220
811
141
-694
-1309
-1708
-2189
-2794
-3102
-2936
-2370
-1958
-1590
-1473
-1516
-1228
-729
-199
239
584
663
769
925
746
327
-157
-421
-692
-1193
-1730
-2112
-2306
-2157
-1688
-1042
-487
28
653
1358
2144
2650
3133
3570
4000
4321
4261
4040
3619
3456
3451
3661
3881
4034
4320
3179
1446
222
-1361
-2952
-3358
-3386
-4323
-4749
-4586
-4478
-4509
-3793
-2639
-1359
168
1520
2116
2342
2380
2089
1656
1383
941
181
-521
-1064
-1739
-2458
-3026
-2994
-2587
-2205
-1951
-1681
-1445
-1445
-1030
-446
-93
218
430
611
741
560
419
255
52
-86
-476
-979
-1373
-1733
-1858
-1649
-1329
-822
-344
213
892
1452
1901
2362
2845
3309
3732
3961
3987
3854
3673
3636
3749
3927
4008
4144
3834
2151
612
-607
-1897
-2836
-2953
-3509
-4467
-4695
-4660
-4561
-4330
-3486
-2326
-949
357
1336
1790
2001
2039
2038
1968
1751
1143
326
-351
-1041
-1747
-2476
-2713
-2603
-2368
-2231
-1895
-2079
-2276
-1779
-1246
-692
-311
-14
149
403
782
965
841
736
603
272
-287
-928
-1433
-1635
-1603
-1311
-962
-730
-344
188
737
1376
2040
2570
3176
3824
4122
4060
3897
3678
3536
3487
3632
3839
4073
4085
2917
1198
-4
-1148
-2213
-2445
-2798
-4010
-4631
-4564
-4544
-4550
-3938
-2958
-1841
-672
393
1018
1360
1683
1989
2170
2138
1641
802
52
-594
-1305
-1904
-2276
-2306
-2123
-2139
-2118
-2344
-2767
-2588
-2019
-1370
-852
-499
-215
90
616
980
985
963
923
675
225
-342
-850
-1164
-1177
-942
-650
-546
-351
9
426
998
1575
2090
2551
3111
3537
3590
3530
3439
3346
3439
3684
4052
4253
4424
3720
2073
823
-104
-1104
-1724
-2050
-3179
-4167
-4566
-4598
-4743
-4504
-3767
-2660
-1564
-446
352
776
1255
1693
2038
2094
1851
1283
680
147
-383
-1047
-1553
-1791
-1906
-2214
-2512
-2577
-2869
-2737
-2176
-1718
-1407
-1101
-782
-399
11
441
640
762
889
856
537
174
-189
-459
-527
-552
-471
-505
-407
-147
162
581
1008
1402
1808
2358
2774
3021
3160
3348
3474
3668
3906
4099
4337
4658
4297
2852
1637
600
-387
-1169
-1610
-2685
-3884
-4409
-4432
-4512
-4486
-4051
-3248
-2235
-1282
-439
75
491
1024
1573
1870
1849
1465
950
534
46
-442
-1000
-1336
-1459
-1551
-1897
-2255
-2560
-2799
-2436
-1976
-1707
-1585
-1384
-983
-448
108
508
776
907
961
830
499
110
-135
-203
-174
-108
-123
-208
-143
102
387
689
1014
1539
2015
2358
2735
2826
2893
3181
3487
3671
3884
4251
4599
4142
2761
1699
862
96
-426
-972
-2060
-3212
-3845
-3960
-4113
-4284
-4011
-3336
-2633
-1907
-1283
-834
-321
366
1002
1380
1444
1143
847
659
456
187
-173
-497
-660
-1003
-1479
-1797
-2187
-2286
-2394
-2361
-2278
-2239
-1889
-1303
-882
-493
-110
235
607
756
817
789
609
505
405
311
327
247
290
348
382
486
668
916
1347
1677
2065
2447
2468
2667
2919
3225
3474
3891
4343
4558
3737
2622
1846
1231
618
276
-534
-1877
-2782
-3343
-3693
-3979
-4012
-3918
-3392
-2919
-2395
-1933
-1446
-809
-48
561
945
967
730
709
745
565
404
92
-210
-626
-903
-1242
-1655
-1946
-2292
-2202
-2218
-2364
-2189
-1883
-1519
-946
-469
-119
147
305
591
773
774
703
601
537
458
382
407
496
462
491
597
693
951
1199
1564
2006
2177
2400
2604
2996
3208
3570
4055
4576
4332
3343
2518
1719
1077
599
199
-951
-2132
-2892
-3262
-3685
-3874
-3849
-3593
-3292
-2828
-2335
-1972
-1468
-698
-72
448
673
541
439
568
593
538
362
6
-228
-517
-775
-995
-1274
-1673
-1893
-1801
-1868
-1932
-1773
-1419
-1126
-794
-502
-218
-55
145
550
707
699
686
623
613
558
572
687
724
671
621
672
838
1096
1383
1731
1906
2135
2340
2678
3088
3438
3818
4257
3988
2910
2069
1272
777
582
15
-979
-2008
-2716
-3072
-3145
-3365
-3365
-3162
-2943
-2641
-2330
-2006
-1479
-861
-357
6
101
-25
65
305
494
531
261
-73
-268
-579
-800
-876
-1008
-1145
-1250
-1415
-1550
-1550
-1278
-812
-540
-433
-380
-279
-97
125
401
634
702
746
727
599
490
486
737
897
928
896
808
875
1121
1420
1707
1940
2092
2406
2719
3056
3418
3795
4020
3353
2136
1440
892
389
110
-521
-1602
-2411
-2768
-2860
-3063
-3229
-3013
-2732
-2586
-2361
-2121
-1948
-1416
-781
-460
-380
-426
-494
-260
69
245
170
-56
-173
-140
-277
-525
-645
-766
-838
-776
-971
-1190
-1127
-862
-552
-422
-409
-341
-195
44
270
388
458
539
670
730
654
577
617
693
786
831
852
917
1022
1312
1640
1848
2061
2309
2656
2915
3231
3564
3791
3302
2407
1693
1053
510
183
-342
-1336
-1963
-2348
-2542
-2692
-2817
-2834
-2602
-2494
-2271
-2065
-1945
-1631
-1086
-827
-687
-698
-776
-685
-406
-254
-180
-230
-294
-382
-466
-453
-493
-505
-545
-678
-844
-928
-773
-433
-304
-272
-138
-95
14
196
302
424
545
581
652
610
568
667
771
857
813
728
668
776
1067
1329
1516
1700
1866
2110
2441
2762
3014
3342
3497
2983
2202
1606
1069
621
300
-459
-1427
-2035
-2333
-2439
-2548
-2669
-2682
-2621
-2453
-2183
-1993
-1821
-1437
-1082
-961
-867
-809
-809
-634
-414
-434
-506
-520
-387
-188
-270
-483
-505
-525
-508
-525
-747
-890
-711
-362
-149
-174
-206
-105
120
374
511
463
486
618
831
920
825
845
897
974
1004
956
846
898
1102
1365
1536
1683
1858
2128
2437
2762
3104
3190
2821
2157
1697
1382
1199
703
13
-980
-1756
-2096
-2198
-2398
-2641
-2798
-2751
-2624
-2473
-2243
-1918
-1583
-1219
-1010
-989
-930
-833
-574
-380
-350
-534
-623
-606
-607
-466
-462
-528
-555
-592
-710
-720
-658
-445
-226
-124
-134
-117
-18
250
517
555
559
606
698
821
981
1032
1085
1106
1056
975
893
880
1001
1202
1281
1368
1425
1548
1867
2177
2551
2793
2762
2234
1704
1456
1298
1105
636
-10
-835
-1399
-1661
-1866
-2139
-2331
-2424
-2406
-2494
-2436
-2220
-1904
-1547
-1221
-1101
-1088
-951
-669
-389
-324
-387
-454
-509
-474
-539
-581
-716
-792
-764
-778
-863
-838
-724
-495
-190
-123
-106
7
217
519
746
790
801
810
867
994
1115
1197
1213
1181
1123
1007
982
1020
1035
1158
1246
1298
1414
1544
1776
2110
2447
2555
2381
1678
1227
1068
928
686
128
-693
-1374
-1623
-1794
-1819
-2029
-2304
-2382
-2329
-2309
-2162
-1906
-1718
-1459
-1288
-1317
-1179
-922
-610
-322
-223
-332
-447
-463
-472
-348
-341
-486
-618
-782
-1002
-997
-842
-635
-349
-185
-184
-108
137
522
952
1163
1184
1129
1130
1223
1444
1576
1499
1387
1299
1214
1220
1253
1257
1327
1361
1373
1415
1553
1760
2186
2448
2418
1867
1285
1052
899
770
294
-472
-1348
-1762
-1998
-2176
-2295
-2487
-2535
-2439
-2447
-2428
-2193
-1936
-1595
-1279
-1295
-1343
-1205
-981
-732
-435
-438
-412
-327
-354
-273
-253
-354
-374
-369
-595
-734
-806
-842
-678
-513
-398
-257
-60
249
644
994
1221
1397
1604
1792
1931
2001
1958
1897
1835
1670
1611
1536
1493
1535
1595
1598
1542
1561
1654
2012
2241
2202
1734
1286
985
799
696
291
-402
-1143
-1610
-1973
-2175
-2425
-2693
-2829
-2832
-2871
-2743
-2544
-2327
-1983
-1697
-1597
-1435
-1212
-1084
-867
-654
-579
-520
-460
-418
-277
-223
-250
-224
-281
-467
-542
-535
-586
-524
-419
-434
-383
-230
-14
311
640
864
1147
1440
1681
1971
2149
2207
2272
2305
2211
2151
2067
1991
2014
2042
1972
1897
1869
1947
2147
2235
1863
1308
1002
800
731
405
-181
-921
-1352
-1592
-1715
-1994
-2432
-2680
-2736
-2802
-2758
-2679
-2640
-2478
-2236
-2100
-2059
-1848
-1571
-1272
-1037
-890
-860
-765
-507
-292
-128
-166
-263
-252
-267
-317
-297
-378
-473
-379
-333
-333
-233
-118
79
389
588
761
1014
1344
1684
1962
2098
2176
2323
2481
2616
2723
2708
2631
2605
2622
2568
2594
2675
2662
2450
1848
1344
1018
817
616
210
-541
-1282
-1737
-2002
-2065
-2261
-2535
-2723
-2854
-2904
-2744
-2630
-2468
-2244
-2114
-2104
-1992
-1874
-1746
-1520
-1350
-1241
-1198
-1132
-969
-672
-492
-392
-305
-334
-353
-247
-126
-139
-114
-177
-256
-225
-96
137
401
594
668
774
938
1263
1666
1909
2020
2014
2027
2099
2333
2568
2696
2741
2779
2816
2864
3019
3059
2958
2597
2148
1743
1426
1035
557
-69
-744
-1259
-1683
-2027
-2371
-2630
-2904
-3015
-3117
-3147
-3052
-2860
-2658
-2479
-2315
-2196
-1964
-1728
-1516
-1299
-1199
-1164
-1066
-981
-846
-718
-701
-680
-585
-565
-530
-427
-380
-288
-137
-29
46
146
284
484
680
831
1013
1279
1542
1754
1896
1945
2056
2236
2442
2605
2692
2676
2657
2750
2832
3019
3118
3078
2700
2261
1932
1777
1614
1208
620
-194
-780
-1199
-1409
-1762
-2187
-2655
-2929
-3099
-3157
-3108
-3088
-3026
-2920
-2835
-2749
-2574
-2382
-2100
-1789
-1632
-1526
-1349
-1092
-805
-600
-519
-507
-518
-503
-483
-464
-485
-469
-422
-396
-346
-213
27
278
554
748
923
1206
1522
1811
2003
2102
2169
2281
2480
2655
2788
2850
2903
3035
3203
3361
3434
3339
3002
2594
2332
2046
1735
1271
636
-27
-594
-980
-1305
-1623
-2073
-2392
-2629
-2848
-2955
-2986
-2965
-2925
-2825
-2783
-2741
-2658
-2474
-2224
-1974
-1808
-1691
-1546
-1349
-1129
-936
-859
-837
-799
-790
-754
-677
-668
-661
-610
-579
-537
-363
-103
147
350
535
792
1115
1466
1770
1989
2116
2245
2422
2614
2753
2883
2965
3038
3160
3346
3488
3487
3221
2835
2582
2471
2293
1834
1235
539
34
-329
-644
-1134
-1625
-2024
-2260
-2440
-2698
-2855
-2853
-2815
-2753
-2699
-2747
-2746
-2558
-2311
-2117
-1979
-1889
-1676
-1389
-1187
-1046
-938
-887
-787
-669
-699
-811
-851
-849
-784
-738
-769
-699
-528
-320
-92
166
414
756
1142
1454
1716
1938
2139
2413
2671
2849
2935
3035
3168
3356
3560
3567
3344
2953
2683
2555
2424
2056
1479
852
308
-19
-297
-677
-1135
-1519
-1784
-1973
-2139
-2242
-2276
-2294
-2305
-2353
-2416
-2414
-2327
-2199
-2131
-2110
-2049
-1863
-1616
-1363
-1222
-1151
-1077
-959
-845
-782
-798
-820
-791
-743
-687
-681
-611
-458
-258
-76
80
249
471
747
1024
1270
1416
1557
1791
2049
2284
2490
2689
2933
3191
3455
3548
3397
3115
2953
2851
2629
2217
1638
1061
563
217
-127
-597
-1083
-1451
-1708
-1906
-2049
-2125
-2146
-2166
-2169
-2145
-2143
-2053
-1891
-1801
-1757
-1708
-1647
-1495
-1319
-1199
-1157
-1181
-1195
-1111
-1058
-1076
-1088
-1121
-1124
-1060
-989
-949
-848
-683
-464
-233
-20
226
552
889
1190
1451
1639
1825
2061
2266
2394
2505
2624
2795
2985
3056
2948
2726
2529
2448
2365
2110
1708
1243
832
529
246
-111
-550
-949
-1232
-1446
-1658
-1797
-1860
-1876
-1889
-1936
-1990
-1979
-1892
-1745
-1626
-1602
-1575
-1477
-1317
-1129
-987
-907
-836
-789
-777
-781
-818
-850
-855
-883
-946
-1030
-1079
-989
-805
-620
-416
-195
49
372
706
987
1244
1507
1788
2051
2239
2382
2561
2787
3048
3240
3185
2913
2716
2634
2541
2345
1951
1364
838
457
144
-195
-657
-1111
-1376
-1610
-1795
-1822
-1844
-1859
-1777
-1780
-1808
-1712
-1584
-1437
-1314
-1338
-1333
-1205
-1098
-979
-904
-942
-933
-860
-890
-939
-988
-1065
-1088
-1063
-1099
-1129
-1114
-1030
-854
-633
-445
-225
28
278
550
824
1052
1291
1563
1794
1999
2213
2443
2707
2971
3086
2981
2779
2630
2556
2471
2219
1774
1265
807
464
207
-113
-527
-871
-1133
-1360
-1495
-1562
-1595
-1569
-1560
-1587
-1585
-1544
-1430
-1234
-1100
-1036
-964
-882
-779
-641
-547
-516
-523
-578
-683
-791
-889
-982
-1069
-1173
-1296
-1383
-1387
-1317
-1165
-970
-766
-550
-306
-56
235
553
872
1160
1396
1596
1818
2083
2367
2624
2825
2856
2710
2579
2530
2458
2341
2087
1635
1175
789
472
217
-127
-555
-867
-1152
-1393
-1458
-1524
-1623
-1591
-1560
-1534
-1403
-1314
-1239
-1056
-897
-733
-543
-495
-469
-356
-307
-262
-202
-309
-474
-587
-741
-870
-939
-1070
-1196
-1258
-1335
-1337
-1235
-1111
-917
-673
-493
-317
-82
196
543
904
1174
1400
1649
1909
2205
2491
2639
2637
2586
2497
2362
2231
2057
1759
1384
967
548
208
-90
-388
-644
-922
-1210
-1349
-1402
-1438
-1370
-1291
-1284
-1229
-1145
-1078
-912
-716
-573
-421
-353
-352
-251
-146
-105
-26
-31
-140
-210
-323
-476
-518
-581
-689
-745
-855
-968
-909
-801
-699
-556
-486
-422
-242
-69
100
324
492
648
875
1076
1272
1509
1664
1751
1829
1832
1792
1764
1671
1487
1268
1001
705
443
190
-66
-288
-519
-747
-887
-988
-1065
-1046
-1019
-1049
-1026
-982
-970
-871
-735
-611
-456
-363
-315
-197
-100
-35
68
81
-2
-68
-181
-321
-413
-531
-644
-705
-797
-858
-815
-728
-587
-402
-241
-78
109
291
481
667
831
988
1133
1250
1356
1460
1537
1537
1487
1414
1294
1162
1011
767
485
223
-40
-255
-453
-692
-861
-960
-1039
-1045
-1031
-1006
-879
-738
-649
-529
-438
-378
-230
-92
-19
44
57
71
140
142
82
29
-78
-162
-199
-314
-480
-621
-738
-770
-739
-752
-766
-731
-662
-512
-315
-169
-28
150
304
448
603
745
936
1144
1270
1360
1456
1530
1632
1706
1626
1470
1320
1138
959
714
351
32
-245
-552
-808
-1055
-1322
-1443
-1485
-1545
-1529
-1501
-1450
-1257
-1060
-906
-681
-476
-286
-25
162
303
495
611
674
728
656
556
514
398
238
76
-169
-384
-520
-668
-767
-815
-887
-885
-803
-727
-597
-407
-233
-28
192
381
618
873
1074
1253
1390
1459
1546
1637
1662
1613
1480
1279
1096
904
661
408
128
-167
-431
-667
-903
-1084
-1214
-1307
-1346
-1373
-1384
-1339
-1259
-1168
-1042
-898
-740
-553
-392
-269
-148
-22
122
274
364
391
394
374
358
333
272
196
109
1
-100
-186
-251
-275
-272
-268
-261
-239
-186
-93
-1
78
173
307
465
608
703
768
840
948
1091
1205
1244
1220
1157
1088
1003
867
682
461
223
-23
-277
-538
-779
-974
-1119
-1203
-1258
-1293
-1280
-1220
-1114
-962
-795
-626
-455
-304
-165
-35
71
175
274
324
330
294
232
191
153
82
-6
-118
-239
-317
-363
-387
-377
-362
-336
-280
-212
-112
32
175
306
427
515
598
695
779
862
920
926
919
902
873
857
821
733
604
428
232
62
-104
-281
-452
-631
-795
-914
-990
-1018
-996
-948
-876
-777
-668
-537
-389
-261
-158
-68
20
118
212
275
305
313
323
343
356
339
286
212
132
43
-53
-152
-238
-302
-354
-397
-424
-420
-374
-282
-159
-43
67
169
266
376
485
580
658
705
726
729
720
702
675
626
546
444
312
152
-11
-175
-333
-483
-616
-735
-834
-912
-958
-950
-896
-803
-675
-547
-439
-332
-214
-86
47
165
260
334
381
411
437
450
455
461
439
380
296
202
118
48
-29
-112
-186
-254
-291
-286
-261
-219
-150
-67
37
137
213
288
352
402
453
493
508
505
478
433
384
327
263
207
137
38
-88
-239
-386
-506
-595
-665
-736
-818
-874
-874
-817
-712
-595
-472
-338
-205
-76
49
155
249
338
411
446
446
422
404
395
378
361
322
257
191
136
87
39
-12
-57
-90
-115
-129
-117
-91
-56
1
67
124
172
209
243
268
276
287
286
261
217
176
146
121
98
80
43
-17
-81
-139
-194
-256
-326
-399
-473
-538
-580
-593
-580
-537
-472
-394
-315
-233
-127
-9
105
202
275
326
363
396
414
421
418
404
384
345
282
203
132
81
36
-24
-108
-203
-276
-310
-304
-283
-264
-253
-224
-171
-98
-20
56
132
204
260
297
311
306
313
325
327
292
226
151
86
32
-15
-67
-132
-204
-263
-301
-335
-362
-371
-363
-349
-332
-302
-264
-219
-163
-95
-30
22
82
146
205
247
280
298
313
326
329
324
290
246
198
157
119
84
56
13
-33
-77
-109
-121
-131
-140
-155
-177
-194
-188
-175
-171
-172
-170
-160
-148
-134
-122
-108
-88
-63
-36
-14
-4
13
43
69
84
84
74
65
63
57
37
-1
-45
-75
-78
-74
-68
-63
-56
-37
0
49
106
167
219
258
281
291
298
312
325
326
301
260
214
180
150
118
79
31
-22
-63
-95
-135
-178
-218
-253
-277
-284
-289
-295
-299
-299
-280
-247
-225
-209
-193
-179
-159
-130
-114
-113
-125
-131
-124
-113
-106
-106
-108
-102
-80
-42
-9
12
34
61
95
132
166
189
206
219
229
241
248
251
262
273
281
286
291
290
287
295
299
302
300
286
267
241
209
175
143
102
60
21
-33
-97
-161
-222
-278
-315
-350
-387
-422
-457
-479
-483
-476
-464
-445
-424
-402
-363
-328
-295
-252
-206
-161
-111
-72
-42
-2
41
77
106
121
122
126
135
145
157
165
164
166
171
178
192
217
244
270
291
298
309
328
349
367
371
358
345
336
326
315
298
266
217
171
128
90
59
23
-35
-101
-167
-224
-263
-295
-334
-375
-418
-459
-485
-508
-523
-520
-506
-483
-460
-437
-410
-366
-305
-240
-187
-144
-110
-72
-28
16
54
80
91
99
122
140
158
182
195
203
208
215
222
239
256
270
279
280
284
298
315
329
344
358
367
369
377
381
381
368
339
302
262
222
183
141
77
-4
-82
-153
-211
-270
-325
-379
-425
-463
-492
-506
-521
-522
-511
-492
-464
-441
-419
-393
-357
-319
-285
-244
-198
-157
-115
-78
-41
-6
25
57
95
117
125
138
150
151
158
171
185
200
215
234
254
279
304
338
372
387
393
402
411
417
415
407
381
341
292
248
217
180
143
96
39
-25
-79
-121
-158
-191
-232
-276
-308
-341
-371
-393
-410
-417
-423
-424
-415
-397
-379
-358
-327
-297
-277
-247
-202
-161
-129
-107
-86
-69
-54
-33
-2
23
40
56
74
90
111
142
180
212
231
248
263
281
299
316
336
342
335
333
328
326
329
332
324
299
265
231
205
182
157
120
74
19
-38
-82
-121
-159
-198
-240
-276
-306
-331
-352
-364
-366
-369
-375
-371
-360
-348
-339
-321
-299
-285
-266
-236
-202
-177
-153
-120
-87
-58
-29
9
48
71
87
112
130
143
163
189
207
215
217
226
240
256
278
304
322
326
331
333
339
344
344
341
322
293
256
219
188
158
122
79
37
-11
-60
-100
-125
-152
-183
-213
-237
-260
-291
-309
-317
-325
-336
-342
-337
-333
-332
-324
-304
-287
-277
-257
-228
-207
-189
-170
-146
-128
-106
-78
-49
-26
-13
6
27
49
75
106
134
157
170
186
202
224
247
264
278
281
277
273
274
280
283
284
286
281
264
249
241
235
221
194
168
138
100
56
19
-14
-51
-88
-121
-147
-180
-206
-220
-225
-234
-240
-234
-233
-232
-228
-219
-212
-207
-198
-180
-170
-168
-161
-153
-144
-137
-126
-114
-107
-105
-103
-97
-89
-75
-59
-39
-18
1
17
37
65
89
114
136
156
171
178
187
202
215
222
228
229
227
218
208
206
192
174
155
138
112
79
54
35
16
-6
-17
-27
-39
-51
-61
-66
-71
-81
-87
-90
-96
-106
-109
-108
-108
-107
-101
-97
-96
-97
-96
-99
-104
-107
-110
-113
-115
-122
-125
-122
-116
-104
-96
-77
-59
-45
-31
-12
8
24
40
56
73
87
102
121
137
151
160
170
171
166
160
151
141
121
98
77
55
34
14
4
-8
-21
-24
-27
-27
-29
-31
-29
-28
-31
-30
-31
-32
-37
-38
-36
-41
-45
-47
-51
-55
-65
-73
-81
-87
-93
-101
-107
-112
-110
-109
-103
-96
-87
-73
-60
-47
-33
-17
2
17
34
51
69
87
102
116
128
137
143
145
143
137
128
118
98
82
68
53
39
26
17
10
4
-4
-4
-3
-4
-5
-2
0
0
0
-1
1
-1
-5
-8
-13
-20
-26
-38
-51
-57
-65
-78
-85
-93
-100
-105
-114
-116
-120
-121
-119
-117
-110
-101
-88
-73
-59
-43
-18
6
28
53
73
91
105
116
123
125
124
122
113
108
100
91
80
69
59
51
46
39
33
23
13
9
5
2
5
9
12
16
21
27
33
33
30
28
22
15
3
-7
-18
-30
-42
-55
-61
-68
-75
-82
-90
-98
-107
-114
-120
-124
-122
-122
-118
-106
-94
-75
-54
-33
-9
10
30
46
57
65
74
79
77
78
74
69
68
66
63
59
56
48
47
42
34
26
20
15
12
10
10
13
23
28
36
44
49
54
57
58
55
50
39
27
18
6
-4
-14
-22
-30
-42
-51
-59
-69
-82
-92
-102
-108
-109
-109
-106
-99
-91
-75
-61
-47
-33
-18
-3
9
17
27
30
32
35
36
39
38
40
41
37
36
32
28
24
18
12
9
4
0
3
3
7
12
21
27
31
41
50
54
58
59
61
60
59
58
51
45
39
34
28
20
10
-1
-14
-23
-36
-45
-51
-60
-67
-71
-74
-70
-66
-62
-54
-48
-39
-34
-27
-18
-14
-9
-3
0
5
5
7
8
8
9
6
3
-3
-6
-12
-17
-23
-29
-31
-29
-25
-21
-19
-12
-6
2
12
19
30
40
46
52
55
61
64
68
70
70
68
66
59
53
44
34
21
11
2
-9
-18
-26
-33
-36
-35
-36
-36
-32
-33
-29
-23
-21
-21
-18
-17
-16
-12
-6
-3
-1
0
-1
-3
-8
-12
-19
-26
-31
-35
-42
-46
-50
-51
-50
-52
-49
-43
-38
-31
-24
-18
-6
0
4
11
20
27
32
40
46
52
56
58
57
53
49
45
38
30
26
18
10
6
3
0
-2
-2
-1
-2
-1
-3
-3
-5
0
2
1
3
4
7
8
10
