-15
15
-22
-22
25
-20
-11
21
-33
-7
9
-17
-6
-2
-22
14
-2
-36
16
-10
-20
1
-5
3
-4
-3
-4
-3
-8
2
-9
-13
6
-23
-5
23
-14
2
27
-1
5
23
-12
16
6
-20
21
5
-21
19
-13
-6
20
-23
2
34
-5
5
27
10
-4
20
11
-17
1
3
6
-18
6
4
-20
1
-4
-6
-8
-16
13
-12
-22
13
-10
-8
15
-12
-19
12
-12
-22
16
-24
-15
5
-49
1
8
-50
7
-1
-33
22
-22
-21
37
-44
-15
37
-36
-13
34
-33
-2
16
-33
18
-5
-22
22
-25
-10
19
-25
7
22
-17
18
15
-13
30
1
-6
47
-18
-4
27
-17
-1
7
-11
8
19
-3
12
9
14
10
-8
28
-3
-10
23
5
-13
19
-4
-7
45
-21
-13
39
-27
-14
20
-16
-5
15
-4
-21
9
-14
-9
-5
-21
1
-7
2
-14
2
0
-5
-5
10
-28
26
-7
-19
36
-7
-24
8
33
-58
6
20
-17
20
-2
-4
30
13
-17
14
45
-10
3
23
1
22
27
8
11
8
1
12
21
-35
14
29
-33
23
6
-38
20
18
-50
44
4
-14
27
27
-30
43
23
-31
41
13
-1
3
8
-20
10
4
-16
11
21
-4
13
-12
1
51
-10
-1
48
-12
39
17
-37
51
-5
-36
26
-9
-14
-15
-34
19
-15
-46
3
-1
-34
-19
8
-37
-19
-14
-30
-36
-20
-25
3
-37
-3
5
-42
26
-26
-32
-5
-38
-9
30
-49
23
17
-67
59
9
-23
54
-27
-13
34
-41
-13
25
-19
-35
10
-9
-22
4
-1
-42
18
12
-32
21
25
-26
30
-9
-4
34
-29
8
25
-36
-16
38
-23
7
7
-31
8
6
-14
31
23
-7
24
9
3
-7
18
-12
7
15
-42
15
10
-41
28
5
-35
38
8
-17
38
-14
-29
10
-39
-40
24
-59
-6
24
-63
-14
11
-70
-18
21
-45
6
0
-28
4
-6
12
-1
-29
37
12
-38
38
39
-65
53
35
-48
63
-2
-30
49
-10
-22
44
-29
-1
47
-35
3
24
-13
-11
48
-4
-3
38
-10
-3
46
7
12
33
46
25
0
39
-2
-3
-5
-3
14
-40
-17
23
-34
-27
27
-13
-52
23
-13
-13
32
-18
2
-6
-14
-14
-9
-5
3
-4
7
4
30
8
-28
70
2
-15
63
13
-18
58
13
-1
69
-42
12
58
-34
50
42
-8
48
38
16
41
28
27
28
-7
26
-20
-23
6
-15
-21
17
13
-11
15
-6
33
2
-12
16
15
-24
26
28
-47
37
21
-39
14
-15
-35
18
-23
-50
38
-42
-36
54
-75
-3
26
-64
18
17
-45
17
16
-21
4
-2
-26
5
-28
-4
-11
-26
31
-14
-24
7
9
-10
15
-8
-9
5
-18
-23
-25
-12
-28
-8
-3
3
-25
0
4
-39
5
10
-20
-35
21
-22
-49
0
-17
-8
0
-21
-2
-1
-23
25
-25
-25
21
0
-10
20
12
-7
23
-15
20
-3
-22
16
18
-37
11
-6
-7
6
1
-16
21
5
-8
23
21
-13
1
25
13
7
-2
32
-30
11
0
-21
13
-26
11
9
-23
26
-3
-36
43
-8
-6
56
-12
-6
25
4
-1
-4
1
-9
-6
-31
-35
28
-46
-64
40
-61
-51
40
-38
-49
27
-31
-25
44
-5
-14
26
-21
-9
23
-10
9
33
-10
24
40
-23
39
28
-14
19
27
-6
-5
35
3
-3
-5
33
-17
-35
19
2
-16
-25
13
-23
2
2
-47
-4
42
-37
-14
82
-39
-3
43
-56
30
49
-58
39
40
-55
37
28
-25
26
12
-15
39
27
-25
46
36
-8
46
4
9
69
6
-24
66
5
-39
23
1
-15
13
-34
4
14
-3
19
-9
13
19
-14
-8
31
-52
-9
6
-38
-6
-16
-16
17
12
-25
40
-15
-4
22
-17
-6
26
-13
-5
31
-15
-20
22
9
-42
38
22
-28
38
17
-18
31
-11
-14
46
-29
-20
45
-41
15
-10
-19
9
-10
-7
-13
-20
-16
5
-43
-8
30
-47
-2
-2
-82
15
-39
-44
32
-51
-38
56
-49
-36
52
-95
-20
61
-73
18
42
-70
30
5
-32
24
-24
-6
-2
-40
-19
4
-25
-22
0
8
-15
-6
5
9
3
-5
19
14
-7
-5
34
-6
-4
7
-6
5
14
6
5
29
-6
-12
48
-1
-24
36
-10
-17
25
-36
7
39
-49
11
52
-23
25
52
-47
7
31
-37
-15
11
-47
5
27
-46
-1
26
-34
11
-11
-54
40
-3
-25
11
2
-15
21
-24
-1
38
-20
4
19
-1
4
-2
-6
15
13
4
4
-5
2
5
7
-1
-28
11
-23
-24
27
-4
-7
16
-4
12
-8
8
19
39
29
-18
39
39
-22
40
58
-17
25
60
5
12
11
30
23
-3
24
34
2
-10
26
-8
-22
1
-4
-19
-15
29
-30
4
32
-5
-6
19
-26
10
7
-43
27
-18
-31
25
-7
-31
30
-1
-14
21
23
10
-2
37
-7
17
43
-22
8
22
-59
-9
-3
-47
-23
-26
-14
-24
7
-15
-17
-6
18
15
-10
11
42
-2
-4
45
-7
-10
17
20
-36
43
-6
-17
31
-22
-8
20
-37
-1
16
-42
31
11
-30
64
36
-40
87
8
-26
57
-23
14
24
-33
24
14
-29
41
2
-41
55
0
-52
32
5
-36
35
9
-28
33
-33
-8
14
-47
18
-2
-47
-14
27
-44
12
3
-49
6
9
-18
-7
27
5
-23
-18
47
-67
24
15
-61
20
-10
-49
30
-25
-43
52
-29
-2
46
-21
21
24
-33
-14
32
-48
-12
2
-61
12
-23
-32
-4
1
-3
-10
5
-13
9
-16
-15
15
-13
-29
39
6
-61
50
4
-54
34
-19
-17
49
-24
3
33
-21
-2
18
-17
-6
25
-16
-12
7
-40
-4
7
-18
8
-28
-5
22
-35
-15
17
-14
-22
11
0
-26
-6
23
-17
-30
46
-30
-17
37
-53
-7
25
-22
10
17
0
13
4
8
-14
0
28
-22
-3
33
-38
23
-2
-67
47
-2
-66
62
9
-36
51
22
12
47
-24
-20
64
5
-38
42
31
-43
48
5
-21
37
-3
-7
50
5
-29
31
14
-13
13
4
-11
23
-13
-18
16
-2
-15
16
-12
-17
13
9
-16
18
9
-7
-18
9
-7
-12
18
-13
19
16
7
3
16
31
29
1
25
28
-4
11
23
-3
12
-1
-6
39
-3
6
10
-8
2
9
-28
11
12
-36
3
-1
-35
5
-16
-44
2
-50
-32
9
-69
-16
3
-38
14
19
-62
40
18
-56
50
-14
-1
30
-40
20
29
-66
53
22
-36
34
30
-24
22
25
-36
24
-13
-31
11
1
-28
28
-22
-6
34
-28
-7
38
13
-27
37
15
-5
30
26
-36
36
-9
-26
33
-40
-19
18
-53
-31
-13
-46
-12
-41
-59
6
-46
-13
7
-15
26
17
-19
6
-18
-21
-1
-43
-7
-10
-51
11
11
-42
-3
8
13
12
-27
10
35
-55
21
20
-28
33
-16
-27
13
-29
-2
-19
-13
24
-15
6
-4
15
5
-5
19
9
-2
13
6
3
28
14
-7
4
12
13
9
18
29
-2
0
51
-13
-5
8
18
28
-13
34
0
6
34
-16
21
24
-4
-8
12
0
-4
-20
-31
45
-49
-19
40
-23
-1
4
-10
-9
8
-14
-6
-10
8
11
-13
12
2
3
11
-1
-19
2
8
-28
8
0
1
7
4
-17
5
5
-5
-4
-3
28
-28
15
9
-11
-3
40
1
-21
28
-4
12
4
23
14
-13
8
25
-23
-8
40
-24
25
23
-29
28
28
-15
13
19
-26
14
26
-17
6
6
-35
13
13
-28
24
13
-15
32
19
-33
0
20
-12
-5
26
10
-11
6
-14
-5
-11
-7
6
15
-9
8
20
-23
5
3
-45
26
10
-24
53
-22
-38
30
2
-31
35
5
-42
31
-20
-15
62
-26
29
40
-23
16
32
8
-15
1
11
-4
-16
16
-35
6
14
-8
12
-13
-4
-1
8
-23
-11
9
-25
24
8
-29
23
20
-5
19
-6
7
35
-2
-2
7
1
-3
-6
1
6
-5
-9
-1
1
-9
-11
-11
-14
-5
-25
-30
-4
-19
-30
-2
-17
-19
12
-36
-2
12
-38
-5
6
-26
-4
11
-40
-5
23
-15
-6
13
12
-10
22
3
13
17
22
31
-5
-2
23
-8
-12
47
-19
-21
19
1
-7
3
15
-10
-6
13
-19
-21
-2
-38
-49
-5
-33
-61
8
-31
-13
32
-26
5
32
17
11
8
19
-24
26
-11
-46
43
-42
-41
34
-49
-27
47
-65
-18
43
-58
19
46
-36
33
23
-3
8
-3
-10
-11
15
-34
-8
32
-22
6
-7
-35
28
-11
-42
22
3
-7
8
-4
-23
15
11
-47
15
-2
-16
6
14
-33
13
11
-32
47
-23
6
49
-3
-33
68
-23
-4
41
-26
43
33
-49
55
55
-62
45
27
-18
39
-9
-24
72
-40
-6
49
-23
37
19
-6
42
-13
4
71
-62
22
64
-35
40
38
-29
24
16
-26
18
-11
15
6
-7
0
17
-6
-16
17
16
-38
-5
55
-34
-12
30
-7
-19
40
-5
-51
53
-1
-34
27
-1
-11
6
-18
-3
15
-17
-13
-11
2
-20
-1
2
-58
58
-19
-19
41
-16
-46
34
-16
-34
33
-60
-21
14
-63
-7
26
-57
31
-10
-3
12
-13
1
3
4
21
2
-3
3
-18
33
6
-36
31
22
-40
23
10
-24
16
0
-22
26
1
-15
6
-14
-4
3
-34
16
39
-10
-6
28
-12
17
9
-21
37
16
-4
21
-6
5
5
-27
6
0
-42
32
-8
-41
59
-34
-15
35
-40
4
5
-35
1
-6
-39
48
-1
-50
42
2
-47
42
-20
-14
27
-10
13
18
15
-10
15
14
5
13
-21
10
31
-26
-20
22
-17
-15
22
-23
-21
39
-26
2
28
-24
10
18
-20
25
15
-24
49
15
-7
52
-8
9
38
-27
-6
28
-46
3
4
-47
-13
18
0
-2
19
-18
14
45
-11
-12
35
-19
-12
9
-10
-15
10
0
-5
-39
-2
-15
-35
-18
-21
-5
2
-27
-2
10
-28
-7
18
-9
-14
30
2
-19
-3
0
23
-18
-31
-7
-3
-14
5
-8
6
41
-37
25
18
-27
38
-1
-13
18
-15
-10
4
-17
-30
10
8
-12
14
15
7
24
5
20
4
-17
24
-21
10
-14
-11
25
-62
27
30
-64
12
30
-56
55
6
-52
47
-6
-18
8
17
1
-9
-8
-19
-4
-5
-17
10
12
-18
20
19
-31
39
16
-39
49
4
-30
58
-8
-2
51
-11
32
57
-41
59
44
-34
38
42
-23
4
24
-28
-4
-23
-16
-20
-9
-16
-34
7
-11
-24
21
-2
1
24
-16
41
25
-20
19
23
-20
14
45
-12
3
20
-18
8
22
-30
25
45
-2
18
28
23
13
-12
4
15
-33
-18
-6
-5
0
-35
-1
10
-42
44
-7
-36
55
-39
-19
42
-29
-3
14
-41
3
3
-43
40
-26
-12
27
-48
28
25
-13
11
37
-5
6
22
-36
43
21
-27
64
-2
-13
66
-28
-3
48
-7
-9
23
-11
-12
14
10
13
4
0
8
-10
3
0
-21
-10
-1
-21
6
2
-10
-10
-18
3
-24
-14
5
5
-34
-19
7
-5
-8
-21
-16
9
-5
-54
32
-27
-53
34
-21
-30
23
-15
-10
34
-15
21
25
-34
31
11
-25
-6
21
-1
1
35
-5
13
5
13
2
-17
3
0
-7
6
-5
-23
29
-19
5
3
-7
-2
-2
13
-21
19
8
-36
5
21
-36
15
-17
-21
15
-19
-27
1
-9
-7
9
-34
19
18
-26
1
-15
-2
11
-15
-13
-22
11
-15
-47
16
-16
-25
-6
21
-46
-12
13
-24
-3
-4
-10
-10
-10
-19
25
-24
12
16
-2
30
-12
-21
45
-13
-35
13
1
23
-22
5
33
2
-26
28
17
-6
40
0
18
55
2
21
51
1
9
27
27
2
25
-7
24
36
-23
4
12
44
-9
9
9
9
12
13
11
10
17
34
-6
24
57
-44
21
10
-18
8
-37
-22
20
-22
-46
23
30
-46
56
17
-31
46
-2
-18
62
-28
-26
34
-42
-17
11
-34
-17
28
-31
-11
14
-1
-26
-6
12
-26
-6
25
-40
-18
21
-29
24
-9
10
17
13
10
10
0
34
30
-2
32
36
1
3
6
13
-4
10
-1
0
-13
-14
35
-29
-13
22
-13
-9
9
25
12
-1
31
14
-14
6
-7
-18
19
-23
6
17
-15
8
-4
-2
3
-18
-13
-11
-46
22
-8
-63
41
-10
-26
4
-18
-4
-2
8
-19
-23
3
-6
-7
39
-14
2
21
-37
42
9
-39
57
11
-26
61
-14
-31
68
-35
-26
54
-46
-19
54
-79
9
38
-89
31
12
-28
27
-17
-27
16
-13
-52
22
-4
-42
3
-6
-38
3
-17
-13
-5
-44
31
3
-26
23
5
-17
52
-17
-15
64
-16
19
26
-31
23
11
-40
37
-20
-23
58
-27
-18
28
-14
-4
8
-16
10
3
-21
3
-8
-7
-45
-15
5
-38
1
2
-21
27
-12
-24
46
-35
-18
28
-25
-4
40
-26
0
61
-46
19
31
-41
17
11
-22
40
5
-51
74
3
-27
36
1
-15
54
-31
4
36
-45
16
17
-27
8
25
-29
13
20
-15
5
25
-15
-4
20
6
1
46
-8
-22
40
18
12
27
-11
29
27
-15
2
33
1
-40
19
-8
-41
-6
-34
-35
7
-21
-28
-3
8
-22
-23
15
-54
-16
-3
-43
6
-17
-26
10
-10
1
-19
-2
17
-5
-5
19
2
-5
25
-28
-12
3
17
-18
9
-5
-10
25
-35
-5
7
-22
30
-10
6
47
-15
16
23
2
15
-17
0
4
-32
23
10
-32
19
3
-29
22
-19
-5
0
-32
-1
23
-25
2
21
-10
-1
14
-13
-12
14
-12
-39
20
5
-21
26
2
32
5
-8
36
33
1
22
23
-15
28
16
-40
15
-11
-44
30
-7
-22
37
-17
-12
52
-17
17
8
-19
11
-25
-31
24
-33
-30
50
-45
-55
14
-43
-13
-26
-12
30
-25
-25
11
-11
-27
15
-22
-7
24
-10
-19
16
26
-20
28
-9
-15
32
18
-23
-8
30
-19
13
6
7
0
21
43
6
16
6
34
39
-23
34
64
-13
14
44
15
29
16
-26
47
2
-24
25
8
-5
8
-1
3
25
-8
5
18
26
-27
41
15
-11
28
2
-13
-11
26
-21
-7
24
-24
-11
19
-31
-20
32
-52
-5
27
-54
33
12
-54
59
13
-30
38
41
-3
2
33
-9
31
-3
-4
16
-56
42
5
-41
46
13
1
21
-15
18
2
-25
34
1
-45
36
1
-23
40
-29
-49
47
-44
-33
40
-25
9
6
-17
18
21
-41
27
9
-46
46
-18
-21
16
0
-3
-2
0
-4
24
-7
-23
15
1
-34
3
-13
-15
0
-18
-17
-10
-33
-15
7
-39
-19
0
-28
5
-21
-20
23
-28
-33
19
-32
15
5
-59
10
16
-47
-16
0
-6
-17
-15
10
5
-25
11
4
-13
29
-35
-10
14
-41
2
3
-23
8
-21
-15
12
-13
11
4
5
21
-27
37
-5
-22
48
17
-15
33
-2
-15
29
-17
-1
13
-14
-13
19
-4
-21
36
17
-20
45
-5
12
21
-22
17
17
-31
28
-2
-16
34
-22
3
30
-3
14
7
-2
4
-14
-1
-2
-18
-20
-7
-33
2
-19
-39
16
10
-22
6
11
-2
-8
-18
5
-30
6
21
-17
-9
18
10
12
25
-10
38
35
7
27
9
-13
-20
41
-20
-44
21
9
-17
12
-15
-3
35
-12
15
33
-14
14
27
-9
14
-6
-55
34
14
-60
33
-6
-32
33
-22
-9
44
-27
9
13
-16
15
9
-7
11
48
-18
28
27
-22
41
-2
-14
37
16
-29
52
10
-22
42
18
-23
28
8
-11
21
-21
-10
17
-24
-29
5
-41
14
-36
-10
-1
-12
-21
0
9
-25
-24
-9
4
-24
1
-8
8
-8
-6
-9
-16
-16
-13
-19
-22
20
-41
8
27
-2
-17
28
11
-29
-16
16
15
-44
35
1
-10
10
-15
-16
0
25
-28
14
21
-39
15
12
-30
27
-7
-22
38
-16
-5
-1
-6
13
-17
-23
2
-3
-21
2
0
-16
-21
0
-11
-34
-3
-12
-31
-6
-7
-17
-12
-34
-3
-17
-43
43
-28
-17
26
-31
1
7
3
8
-20
-2
16
8
-12
-7
15
7
-10
26
-7
-9
48
-7
-19
43
20
-31
46
1
-23
63
-27
-25
61
-12
-8
20
-3
4
35
10
-3
34
-7
-6
39
10
-37
65
-8
-31
71
-39
-18
64
-64
-25
23
-51
9
35
-54
13
40
-51
17
17
-21
17
8
-47
58
-49
-18
34
-53
21
18
-56
4
17
-40
24
-21
-35
54
-34
-31
54
-19
10
13
-32
44
45
-42
57
33
-32
44
-23
-4
15
-34
14
8
-43
23
4
-34
15
7
-31
11
-8
-1
20
-27
20
24
-5
44
-14
1
39
-27
6
22
-18
22
26
-33
79
3
-31
117
-30
4
63
-5
11
-3
24
-14
-6
28
-18
-6
28
-42
-3
3
8
-13
-19
17
25
-9
-18
16
-26
8
-35
-20
16
-60
-10
2
-28
19
0
-10
31
25
-45
30
6
-44
5
2
-32
-4
-9
-30
37
-50
17
25
-47
25
16
-13
-15
24
2
-13
21
-35
7
27
-20
3
21
-15
-15
15
-12
-3
7
-33
8
5
-34
3
-2
-34
-21
20
-11
3
3
5
17
-11
-10
-7
-2
-41
50
-41
-22
23
-29
15
29
-39
-6
44
-29
4
-9
8
-6
-9
-12
2
-5
-26
9
-23
-1
21
-19
2
49
-16
-14
18
7
-14
3
6
-42
-27
1
2
-27
-14
-5
-7
12
22
-30
15
45
-29
4
18
-18
3
8
-30
5
21
-12
20
12
-26
21
2
-13
34
-12
13
74
0
15
44
18
4
0
-12
-44
-20
-34
-48
14
24
20
11
16
63
57
12
98
79
-20
49
62
-11
34
-20
-52
41
-48
-72
68
63
9
55
-19
-56
-84
-52
-17
-19
-23
-28
-50
-43
-8
-30
-41
-8
37
-36
-38
-54
-99
-73
-120
-160
-50
-15
-138
-106
-16
-106
-153
-64
-39
-27
59
93
53
-8
49
153
123
80
107
61
-25
125
259
60
-59
157
99
-80
90
-25
-188
23
100
-24
10
133
133
104
41
43
-6
-2
113
93
30
18
33
38
-10
-116
-59
-20
-138
-30
27
-248
-197
126
-59
-231
95
22
-419
-212
-19
-411
-404
-114
-308
-455
-122
-216
-610
-335
-73
-485
-467
-59
-317
-444
47
-12
-340
-20
105
-65
178
258
19
166
416
198
202
525
501
411
673
739
388
510
789
410
250
813
822
438
710
911
657
817
1258
1114
872
1149
1286
1115
1366
1608
1308
1358
1688
1475
987
925
892
238
-293
-478
-1026
-1762
-2128
-2622
-3357
-3714
-3996
-4476
-4668
-4641
-4899
-4968
-4468
-4027
-3791
-3430
-2931
-2419
-2098
-1877
-1535
-1133
-904
-704
-246
144
351
761
1380
1924
2574
3432
3926
4214
4968
5367
5313
5761
6238
6320
6683
7379
7954
8473
9017
9480
10009
10554
9663
7364
5498
3593
422
-2655
-4704
-7036
-9125
-9737
-10238
-11487
-12044
-11776
-11686
-10836
-9095
-7992
-6920
-4413
-2123
-1646
-1178
-199
-269
-1013
-1378
-2035
-2888
-2791
-2420
-2637
-2655
-2335
-2590
-2973
-2479
-2050
-2184
-1970
-1119
-183
515
1144
2102
3479
4715
5723
7050
8402
9425
10509
11523
11958
12622
13739
14466
15341
17114
16809
13023
9741
7681
3012
-2878
-6103
-8774
-11959
-12986
-12725
-14383
-15956
-15681
-15718
-15639
-13196
-10851
-9360
-5358
-209
1484
1740
3411
4234
3783
4480
5438
4959
5038
6043
5199
2620
111
-3072
-6676
-8580
-9206
-10835
-12151
-11581
-10510
-9923
-9027
-8130
-6669
-3547
146
2738
5034
7870
10046
11361
12553
13020
12720
13295
14356
15026
15762
16342
16404
17829
19526
16690
10904
7455
4348
-1967
-7279
-10053
-13824
-17171
-16816
-16519
-18379
-18589
-17178
-16405
-13594
-9047
-6906
-4482
1671
6249
6202
6784
8115
7076
6328
7657
7381
6089
6359
6153
3823
1671
-1206
-6140
-10574
-12105
-13328
-15628
-16848
-16308
-15206
-13814
-12000
-10111
-7283
-3112
1382
4742
7771
10621
12286
13188
14889
15753
14862
14626
15686
16098
16254
16241
15367
15996
18248
16057
9296
5475
2828
-4198
-11043
-13421
-16815
-20862
-20498
-18325
-18995
-18375
-15906
-14419
-11242
-5423
-2680
-972
5024
10792
10920
10580
11615
10186
8120
8551
7931
5757
5579
5409
2092
-841
-2749
-7324
-12633
-14343
-15151
-17524
-18697
-17740
-16460
-14738
-12289
-10004
-6950
-2320
2233
5372
8570
11892
13478
13640
14513
15335
14609
13677
13929
14040
13778
14123
13776
13287
15615
16977
11541
5624
3990
-323
-8950
-13311
-15019
-19179
-21086
-18184
-17262
-17724
-15076
-12562
-11040
-5943
-989
70
3664
10800
13370
11807
12143
11811
8927
7539
7337
4918
3292
3981
2655
-1218
-3848
-6716
-12044
-15891
-16372
-17386
-19391
-18908
-16710
-14768
-12619
-10109
-7744
-3857
1292
5186
7667
10795
13534
13984
13581
14060
13712
12272
11835
12281
12093
11543
11506
11267
11644
13732
14680
10299
5574
4170
546
-7206
-11782
-13670
-16819
-18543
-16137
-14825
-15001
-12922
-10337
-8320
-4048
-341
871
4614
11139
13579
11855
11356
10907
8673
6929
5911
3544
2033
2015
760
-1645
-3700
-7433
-12347
-14627
-14851
-16842
-18982
-18463
-16764
-14970
-12914
-10789
-8593
-4908
250
3989
6630
9686
11351
11604
12472
12690
11232
9929
9827
9545
9578
9166
8229
8156
9327
10786
12691
13334
9972
6735
5658
1355
-5687
-9118
-11177
-13758
-14122
-11486
-11124
-11117
-8858
-6757
-5315
-2166
164
1867
5796
10788
11402
9426
9177
8443
5879
4033
3120
952
-164
544
-317
-2623
-4462
-7432
-11829
-14339
-14740
-16814
-18798
-17497
-15289
-13485
-11566
-9138
-6419
-2968
1452
4593
6804
9458
10993
10809
11081
11236
9662
7738
7660
7819
8022
7670
7706
8570
9843
11747
14308
13933
9815
7440
6116
456
-5498
-7683
-10974
-13548
-12630
-10591
-11522
-11118
-9016
-7564
-5387
-2064
-785
1294
5830
9552
9001
7836
7892
6501
4363
3499
2756
885
648
1380
155
-1717
-3764
-7471
-11061
-12460
-13378
-15574
-16438
-15105
-13705
-11821
-10509
-8748
-5849
-2242
1522
4308
6637
8642
9375
9769
10186
9558
8085
7303
7885
8378
8732
8057
8146
9532
10734
12207
14474
13789
9513
7376
5838
-515
-6289
-8313
-11647
-13823
-12399
-10926
-12051
-11006
-8832
-7927
-5698
-2608
-1703
788
5721
8676
7889
7571
7832
6074
4213
3704
2894
1409
1678
2309
744
-1050
-3234
-7294
-10909
-12245
-13675
-16086
-16277
-14335
-13084
-11634
-10077
-7935
-5323
-2176
1269
3855
6230
8515
9396
9927
10481
9818
8270
7919
8664
8624
8467
8094
8382
9546
10345
11122
12968
12803
8963
6504
4962
-611
-5960
-8060
-10962
-12926
-11905
-10724
-11439
-10287
-8460
-7871
-5969
-3006
-1531
1027
5254
8290
8330
8005
7825
6336
4666
4107
3427
2073
2117
2483
907
-893
-2866
-6629
-10476
-12376
-13726
-15847
-16440
-15336
-14385
-13087
-11521
-9323
-6736
-3842
-323
2862
5474
7943
9316
9602
9958
9990
8830
8016
8312
8135
7952
7759
7648
8099
8665
9337
11270
12660
10096
7345
6121
2395
-2963
-5693
-8213
-10523
-10326
-8533
-8677
-8282
-6883
-6206
-5141
-2553
-854
623
3691
7003
7792
7069
6625
5425
3755
2955
2650
1261
736
1121
318
-1446
-3035
-6024
-9796
-12080
-13090
-14737
-15671
-15309
-14339
-12828
-11062
-9199
-6983
-4236
-867
2322
4923
7222
8484
8792
9148
9449
8465
7365
7081
7059
6976
6991
6452
6507
7433
8165
9521
12205
11988
8718
7109
5641
1320
-2901
-4838
-7105
-8216
-7226
-6598
-7365
-6775
-6276
-5862
-4221
-2115
-1543
124
3413
5402
4871
4149
3453
2239
1454
1331
590
-30
576
866
-23
-1202
-3119
-6641
-9380
-10371
-11662
-13285
-13665
-13266
-12152
-10529
-9232
-7996
-5719
-2509
674
3263
5585
7004
7328
7872
8684
8300
6929
6637
7115
7341
7235
6946
6238
6720
7907
8630
9931
12120
11458
8817
7481
5513
994
-2816
-4572
-6229
-6872
-6374
-6186
-6548
-6192
-6096
-5968
-4993
-3564
-2694
-1070
1478
3191
2822
2102
1750
1046
433
324
153
422
1298
1374
552
-507
-2632
-5650
-7938
-9406
-10875
-12245
-12991
-12794
-11706
-10616
-9713
-8027
-5385
-2582
233
2683
4546
5916
6699
7253
7896
7828
7067
7033
7570
7620
7237
6975
6896
7441
8198
8862
10006
11563
11658
10031
8407
6440
3138
-296
-2324
-3818
-4776
-5002
-4953
-5423
-5727
-6011
-6303
-5967
-4844
-4113
-3226
-1240
563
667
112
-53
-384
-713
-608
-365
-101
499
719
180
-923
-2773
-5357
-7686
-9125
-10261
-11553
-12434
-12013
-10948
-10049
-9062
-7466
-5487
-2997
-287
1867
3548
5111
6114
6834
7687
8045
7668
7631
8105
8242
7888
7632
7580
7860
8284
8699
9245
10151
10643
10019
8571
6636
4270
1759
-107
-1299
-2091
-2819
-3192
-3518
-3963
-4668
-5304
-5485
-5059
-4626
-4157
-3333
-2452
-2042
-2068
-2308
-2660
-2619
-2284
-1952
-1480
-810
-572
-840
-1327
-2297
-4025
-5920
-7385
-8538
-9398
-9862
-9890
-9385
-8373
-7314
-6309
-4839
-2834
-867
855
2529
4010
5030
5745
6336
6686
6671
6450
6337
6441
6591
6577
6514
6692
7092
7373
7497
7949
8747
9175
8635
7741
6698
5054
3226
1872
790
-206
-1022
-1817
-2392
-2794
-3306
-4034
-4459
-4519
-4704
-4813
-4363
-3707
-3587
-3838
-3772
-3519
-3356
-3276
-3104
-2609
-2006
-1726
-1930
-2353
-3047
-4180
-5357
-6240
-6843
-7421
-7717
-7348
-6605
-6095
-5612
-4647
-3280
-1867
-607
580
1806
2916
3734
4254
4606
4893
4875
4778
5027
5408
5392
5347
5728
6026
6079
6103
6119
6378
6955
7428
7816
8046
7907
7441
6841
6178
5158
3705
2380
1535
749
-95
-1125
-2411
-3550
-4498
-5461
-6241
-6576
-6726
-6649
-6163
-5746
-5705
-5631
-5382
-5148
-4673
-4187
-3971
-3709
-3308
-3339
-3731
-4183
-4725
-5108
-5218
-5011
-4930
-4746
-4283
-3891
-3422
-2750
-2244
-1582
-582
451
1335
2058
2856
3338
3819
4457
4643
4713
5314
5686
5779
6155
6228
5657
5578
5736
5229
5337
5731
5714
6044
6798
6901
6532
6272
5892
5009
4284
3866
2787
1719
1059
69
-1347
-2393
-3319
-4604
-5279
-5172
-5708
-6200
-5606
-5591
-5834
-5237
-5209
-5534
-5079
-4665
-4765
-4518
-4283
-4465
-4519
-4317
-4372
-4567
-4426
-4190
-4098
-4056
-3555
-3348
-3034
-2155
-1506
-1244
-308
404
642
1536
2331
2640
3136
4325
4319
4837
5633
5292
5096
5375
4621
4362
4376
3443
3776
3127
3207
3615
3115
3170
3770
3150
3545
4325
3571
4208
4285
3917
3538
3368
2175
1477
1043
-38
-489
-1066
-1734
-2260
-2440
-3265
-3402
-3890
-4392
-4354
-4626
-4753
-4771
-5065
-5364
-5113
-5444
-5474
-4928
-5117
-5029
-4191
-4253
-4191
-3091
-2920
-2614
-1316
-1078
-779
-96
72
417
705
1088
1921
1962
2472
3513
2833
3017
3599
2603
2682
3070
2413
2334
2390
2238
2053
1765
2124
2033
1425
2557
2443
1892
3036
2929
2337
3176
3136
2141
2668
2230
1696
1597
1398
1034
603
572
405
-192
-561
-557
-1551
-1782
-1824
-2286
-2863
-2794
-2875
-3670
-3369
-3158
-4081
-3765
-3172
-3851
-3313
-2558
-2803
-2449
-1519
-1697
-1377
-1046
-1036
-1017
-600
-464
-110
121
223
1020
432
1026
1077
678
1117
1421
876
1820
1558
1034
2150
1178
1677
1890
1428
1920
2140
1628
2458
1948
1777
2456
1169
1679
1447
383
792
779
-159
319
158
-561
-280
-459
-919
-968
-986
-1430
-1258
-1136
-1760
-1720
-1721
-1995
-1649
-1601
-1385
-1387
-1147
-785
-802
-696
-248
-191
-119
482
618
402
142
764
-72
-131
995
-291
86
1018
137
298
817
-51
123
325
304
818
50
989
644
49
956
599
-39
959
1056
234
1889
1109
1060
1756
1028
895
1486
415
309
1186
-338
327
144
-839
-638
-577
-1896
-1360
-1320
-2591
-1566
-1701
-2871
-2093
-2020
-3162
-1802
-1883
-2337
-1396
-1042
-1672
-316
-280
-914
491
468
55
1279
1255
108
1805
673
777
1617
961
986
1676
1606
1110
1679
1106
1164
790
1456
991
1197
1150
793
1259
434
353
453
388
-264
1061
804
518
1671
829
513
1170
713
-16
1064
289
281
796
-323
-7
-556
-1375
-1278
-1362
-2633
-1256
-1539
-2946
-1269
-2593
-2685
-2097
-2707
-2509
-1708
-2293
-1360
-1242
-1805
-17
-1515
-496
82
-470
245
573
393
498
1130
331
1259
768
1093
1658
1582
1615
1626
2030
1155
2090
1441
1589
1916
1317
1330
1434
1194
115
1138
-12
121
568
83
611
838
422
296
980
-214
573
189
307
630
183
418
183
-144
-552
-704
-1339
-1108
-1638
-1104
-1494
-1614
-1515
-1832
-1717
-2064
-2113
-1668
-1538
-1846
-1028
-1429
-947
-1198
-911
-819
-891
-194
-664
-301
289
-77
-188
745
-158
573
1029
1007
1328
1008
1636
1726
1016
1594
1988
1059
1836
1572
970
1342
924
247
716
270
420
246
74
1103
-73
351
878
-119
130
828
-186
568
551
-129
807
-131
103
-24
-519
-580
-467
-888
-792
-563
-1052
-628
-883
-755
-1049
-976
-646
-1038
-783
-691
-804
-851
-738
-966
-901
-716
-999
-949
-805
-707
-1110
-595
-579
-786
410
-302
387
805
137
1158
881
505
1350
1325
854
1676
639
1209
726
118
747
-115
570
88
168
459
532
-78
716
279
-33
848
30
458
406
577
26
703
227
-261
475
-262
-326
-210
60
-920
272
-246
-632
463
-457
-312
278
-210
-357
666
-610
54
266
-714
-173
-127
-953
-516
-601
-1309
-690
-1002
-1056
-658
-497
-615
-180
-198
-69
102
145
342
307
624
610
384
657
184
188
229
-145
-20
96
-97
-163
228
-130
-121
395
-252
250
492
-59
400
453
36
319
443
-259
409
-2
-243
167
-250
-401
26
-396
-324
18
-190
-59
230
222
304
676
444
608
642
675
505
668
526
267
534
-82
-18
-122
-652
-59
-788
-79
-432
-429
88
-490
-85
64
-273
45
474
-423
736
12
-145
466
-326
-59
13
-341
-312
-112
-550
-361
-415
-643
-548
-459
-621
-502
-426
-555
-289
-548
-156
-548
-170
-298
-434
96
-447
16
-117
-114
-42
97
-106
324
266
441
852
613
1009
873
818
949
752
679
866
460
645
530
157
129
119
-372
-139
14
-635
367
-258
-109
453
-240
312
283
154
427
590
253
749
503
397
622
247
321
88
36
-120
-190
-440
-518
-611
-944
-786
-1071
-1141
-834
-1312
-817
-960
-1074
-830
-919
-924
-746
-529
-904
-78
-584
-159
-85
-197
163
23
551
275
979
581
915
891
767
784
659
691
314
727
233
316
261
-40
-5
-42
-249
-107
-162
-128
-31
15
48
87
231
154
389
366
532
449
739
607
602
819
443
733
437
502
383
280
285
-95
104
-294
-249
-397
-518
-519
-642
-570
-956
-628
-1072
-1055
-831
-1327
-875
-996
-985
-704
-691
-592
-444
-181
-258
218
284
300
870
512
995
783
817
842
578
776
289
724
97
428
36
29
10
-440
-68
-639
-205
-533
-279
-378
-214
-242
-167
-17
-153
237
41
391
389
563
518
744
514
682
686
429
696
408
532
299
378
44
102
-98
-343
-168
-689
-412
-810
-821
-920
-1110
-1051
-1210
-959
-1146
-743
-847
-548
-359
-353
36
61
381
573
793
876
1150
1028
1107
1015
919
774
753
598
471
505
59
303
-272
-197
-432
-556
-479
-660
-336
-615
-223
-519
-235
-347
-291
-26
-218
267
119
377
311
452
292
333
277
191
330
104
326
53
191
-142
-28
-359
-313
-383
-658
-293
-843
-430
-850
-680
-845
-794
-641
-717
-269
-466
87
-119
260
314
426
639
723
923
928
1127
857
1104
652
771
520
405
395
108
294
-183
84
-476
-289
-526
-642
-336
-739
-105
-552
-53
-299
-143
-27
-255
262
-134
496
108
472
362
251
386
33
247
-50
138
-72
38
-133
-127
-260
-418
-406
-545
-549
-650
-508
-719
-536
-720
-682
-619
-659
-525
-432
-286
-125
-39
183
218
395
457
565
740
664
948
718
924
758
621
743
360
594
242
351
238
60
166
-227
99
-364
1
-223
-214
126
-317
203
-255
114
-139
15
46
-98
248
-156
243
-114
28
-105
-149
-159
-184
-161
-196
-138
-277
-185
-312
-288
-432
-283
-508
-282
-468
-373
-290
-498
-206
-453
-145
-329
9
-115
109
123
203
246
253
344
263
395
257
420
212
430
154
349
214
158
323
35
397
4
378
100
294
215
140
418
41
438
65
327
162
129
167
-43
127
-160
40
-218
-123
-194
-270
-254
-283
-282
-321
-196
-346
-152
-348
-172
-376
-312
-320
-498
-242
-628
-182
-623
-259
-377
-388
-44
-479
290
-358
418
24
314
407
148
669
3
609
69
364
257
87
409
-108
444
-99
279
112
59
360
-19
456
73
330
264
209
326
68
420
-51
340
50
101
129
-49
131
-182
155
-261
105
-202
-15
-90
-142
58
-264
168
-323
150
-309
-95
-274
-374
-272
-708
-327
-842
-461
-807
-618
-628
-690
-421
-588
-173
-327
10
102
121
408
296
509
400
520
421
483
444
414
396
381
320
274
265
197
258
111
272
108
196
161
62
273
-77
280
-73
192
-28
82
85
-108
241
-216
212
-118
106
63
-27
155
-61
148
-42
120
-21
11
11
-151
-107
-271
-320
-377
-576
-534
-701
-722
-690
-857
-670
-846
-622
-624
-496
-260
-261
117
4
398
275
534
499
505
672
457
700
419
613
344
487
213
299
216
130
250
48
232
52
163
107
110
214
44
299
35
340
72
266
175
37
296
-144
294
-149
248
-155
128
-151
-84
13
-365
162
-455
65
-396
-126
-376
-340
-367
-633
-300
-842
-349
-759
-554
-585
-750
-407
-786
-162
-541
-20
-73
60
311
106
662
112
765
277
594
560
376
610
255
495
105
373
54
215
215
34
340
13
297
114
230
213
310
250
358
358
295
425
182
259
115
85
-25
79
-162
-3
-242
-176
-214
-335
-243
-349
-250
-378
-220
-439
-255
-382
-416
-365
-537
-346
-521
-393
-399
-508
-377
-461
-383
-388
-204
-287
-67
-37
-7
195
99
246
252
194
367
290
277
413
249
327
175
345
100
395
121
360
322
251
439
256
463
332
480
360
536
413
466
429
327
294
151
113
79
-97
-41
-250
-179
-364
-314
-431
-364
-378
-515
-225
-576
-177
-499
-227
-416
-327
-317
-388
-203
-449
-140
-449
-254
-374
-382
-239
-437
-208
-301
-209
-159
-151
-29
-80
113
-74
274
-14
305
192
196
349
181
345
285
436
252
561
274
519
410
448
526
406
535
432
518
369
556
283
435
212
234
184
58
70
-97
-28
-314
-83
-421
-214
-335
-408
-261
-463
-264
-466
-216
-462
-239
-368
-320
-202
-478
-82
-481
-222
-351
-370
-303
-380
-281
-386
-258
-374
-142
-283
-146
-33
-158
116
0
210
179
194
329
245
358
317
435
362
467
360
444
422
348
516
240
529
284
408
358
302
389
240
372
159
316
171
185
128
98
4
-23
-16
-230
-23
-272
-194
-220
-336
-250
-334
-370
-313
-419
-400
-334
-469
-327
-478
-395
-398
-466
-382
-391
-415
-279
-364
-324
-167
-296
-66
-139
-39
88
48
212
209
273
319
338
338
399
354
417
378
384
423
270
399
312
287
363
194
317
272
185
309
163
242
227
162
239
142
166
143
67
83
36
-78
14
-149
-131
-141
-301
-152
-350
-294
-278
-434
-301
-386
-450
-330
-462
-387
-384
-454
-350
-401
-380
-302
-376
-235
-196
-292
-31
-189
-7
53
-40
189
111
200
199
299
267
331
283
358
299
299
374
189
398
163
299
233
153
309
131
237
198
175
206
196
160
209
154
162
183
54
189
37
-5
88
-136
-56
-104
-207
-182
-250
-267
-272
-310
-348
-299
-361
-304
-356
-309
-297
-342
-210
-330
-189
-215
-239
-118
-177
-136
-67
-125
-30
4
-69
104
11
102
158
103
234
199
188
267
201
244
228
189
308
146
278
229
164
336
139
250
260
137
260
194
162
270
119
188
187
29
176
-16
-12
8
-151
-73
-209
-189
-196
-316
-201
-321
-299
-253
-359
-262
-278
-319
-238
-255
-271
-148
-275
-122
-155
-188
-68
-174
-67
-150
-66
-97
-90
-39
-49
-5
-4
51
31
116
61
151
147
144
242
181
266
252
285
312
290
321
313
325
300
315
269
290
275
234
286
199
232
182
138
145
68
73
-34
-10
-94
-133
-117
-222
-207
-211
-263
-288
-241
-361
-288
-328
-347
-298
-344
-315
-291
-287
-315
-261
-291
-252
-275
-263
-224
-235
-215
-189
-147
-134
-92
-83
-26
-18
53
70
64
177
155
202
264
293
298
371
382
381
387
421
397
406
429
337
416
406
318
388
326
302
321
216
247
191
118
120
32
29
-5
-78
-54
-153
-130
-170
-237
-196
-325
-310
-337
-402
-367
-429
-408
-420
-470
-414
-458
-462
-441
-489
-404
-430
-415
-326
-372
-260
-245
-243
-115
-121
-59
-43
16
88
58
178
198
206
353
293
352
394
364
471
372
442
473
407
484
427
459
474
403
473
386
370
404
258
321
239
192
208
89
159
55
-20
57
-123
-75
-135
-284
-179
-334
-357
-317
-465
-373
-437
-505
-414
-520
-494
-484
-523
-483
-487
-466
-445
-382
-394
-306
-255
-323
-167
-157
-197
-37
-88
-31
53
12
148
151
158
277
250
309
341
322
400
376
411
432
396
488
450
451
499
443
440
451
398
389
372
321
307
289
226
196
183
75
113
27
-87
-27
-176
-180
-167
-354
-265
-288
-422
-309
-410
-432
-367
-481
-401
-409
-483
-362
-403
-403
-310
-375
-299
-246
-293
-210
-218
-221
-118
-156
-111
-38
-74
17
41
8
145
102
154
234
167
309
281
270
413
327
391
473
346
476
455
345
498
401
351
421
307
330
314
237
226
199
132
84
71
-12
-55
-75
-132
-182
-174
-244
-238
-265
-298
-258
-339
-289
-320
-352
-257
-393
-312
-243
-440
-194
-326
-391
-116
-442
-238
-144
-459
-76
-245
-342
57
-347
-86
61
-332
200
-15
-122
387
-66
207
426
-48
549
277
159
717
105
466
623
81
685
331
195
711
39
381
476
-89
503
104
-34
441
-200
124
197
-320
226
-139
-239
164
-387
-74
-42
-447
17
-301
-324
-22
-466
-201
-171
-493
-121
-345
-421
-146
-440
-299
-235
-443
-217
-294
-355
-163
-276
-222
-98
-204
-104
-8
-98
58
105
6
207
186
144
367
205
289
444
196
423
403
216
502
237
272
502
92
392
305
47
447
63
85
371
-121
215
158
-178
277
-115
-102
205
-295
44
-4
-322
114
-276
-203
29
-454
-99
-175
-470
-44
-427
-337
-133
-552
-178
-327
-467
-59
-447
-262
-66
-417
-44
-144
-222
101
-185
20
129
-82
231
108
93
327
116
268
304
176
381
255
249
369
230
310
303
246
262
230
253
170
236
178
124
203
76
113
123
-20
123
-10
-46
103
-157
-23
-26
-238
-1
-211
-210
-71
-359
-137
-218
-400
-114
-367
-301
-155
-449
-177
-266
-372
-109
-326
-193
-110
-288
-12
-130
-137
77
-128
81
78
-23
192
70
160
224
134
270
193
227
290
189
302
211
253
304
136
343
197
176
345
59
290
216
22
330
15
97
223
-138
187
-25
-116
186
-239
-6
15
-347
82
-242
-285
39
-440
-110
-167
-462
-8
-391
-318
-54
-503
-100
-221
-419
23
-382
-185
-8
-404
55
-151
-251
185
-249
-8
138
-225
203
41
-76
288
-35
165
258
-12
324
188
131
346
133
263
306
145
328
233
176
313
173
201
260
105
214
186
42
188
97
7
132
-20
0
44
-125
-1
-57
-179
-24
-203
-158
-72
-307
-116
-194
-313
-91
-327
-252
-121
-394
-163
-203
-351
-85
-277
-219
-88
-253
-81
-146
-141
-18
-166
-8
-27
-78
106
-61
77
112
-10
208
48
129
236
35
268
177
106
324
101
232
266
101
300
131
180
273
42
256
154
60
265
-23
136
161
-118
209
-41
-59
186
-192
42
29
-224
106
-166
-153
55
-311
-29
-106
-294
10
-255
-169
-42
-312
-54
-139
-268
16
-226
-133
15
-243
-18
-55
-174
69
-113
-63
77
-97
49
47
-47
111
37
0
151
40
83
139
40
132
128
55
168
89
63
188
42
120
152
9
157
75
17
156
-5
66
105
-64
110
15
-64
107
-87
-1
41
-129
52
-59
-100
60
-131
-42
23
-163
34
-63
-139
51
-156
-38
8
-182
41
-77
-121
63
-127
-25
47
-122
77
-19
-74
112
-70
2
79
-73
81
30
-32
110
-31
33
80
-51
87
30
-7
88
-16
30
64
-35
73
31
-28
96
-27
8
76
-52
33
15
-41
63
-23
-12
44
-40
25
2
-44
39
-32
-6
13
-48
21
-6
-40
22
-23
-19
9
-45
26
-10
-41
37
-17
-11
32
-34
17
26
-31
25
-11
-6
9
-19
5
-15
-13
9
-33
-1
2
-27
16
-10
-15
25
-10
-6
11
-16
-8
-5
-5
-19
-1
-1
-13
6
4
-13
4
-5
-17
14
-21
8
10
-34
1
15
-49
12
-1
-31
12
-28
-4
-9
-15
12
-17
-11
1
-31
9
-4
-24
34
-26
7
33
-37
30
7
-24
43
-19
-19
41
-44
16
8
-23
35
-30
-6
43
-44
23
7
-26
55
-35
10
46
-42
35
14
-42
67
-34
-10
60
-65
40
4
-68
68
-36
-38
62
-75
14
44
-94
67
-9
-69
82
-64
-9
49
-76
36
4
-67
47
-35
-25
34
-53
17
9
-44
50
-23
-23
55
-56
24
20
-47
63
-30
-12
60
-64
29
19
-64
66
-27
-27
69
-68
27
34
-82
77
-25
-51
90
-63
12
56
-83
72
4
-41
94
-65
31
79
-93
81
10
-60
109
-55
0
82
-90
67
10
-74
103
-67
-4
91
-107
83
6
-72
117
-52
-13
78
-87
50
7
-87
92
-75
-19
66
-94
69
-6
-65
103
-67
-8
72
-93
57
15
-78
91
-44
-26
84
-71
31
24
-49
58
-24
-22
55
-42
26
17
-39
48
-15
-9
33
-28
10
18
-31
26
-11
-7
24
-24
21
-1
-14
22
-19
11
17
-19
13
-4
-7
25
-15
8
21
-18
16
14
-24
21
13
-19
17
5
-2
27
1
2
32
-3
24
17
-5
33
-4
6
28
-18
18
6
-19
20
-16
4
20
-22
6
4
-23
21
-7
-13
19
-19
0
-3
-18
6
-23
-5
11
-29
7
-6
-26
21
-33
-17
15
-39
-6
-4
-30
5
-12
-23
-5
-18
-12
-15
-10
-11
-27
-2
-19
-13
7
-32
-6
13
-30
20
2
-12
29
-11
15
20
-9
36
15
2
41
12
25
17
21
34
0
34
22
-7
52
8
-3
49
-24
26
29
-26
50
-10
-6
52
-30
17
31
-30
38
-1
-8
39
-34
33
1
-29
48
-40
-5
26
-57
17
-21
-49
31
-51
-21
21
-64
12
-16
-45
30
-45
-5
29
-42
31
4
-37
51
-20
-9
36
-37
25
8
-37
36
-27
-12
21
-36
13
-5
-34
25
-22
-16
24
-24
6
18
-9
19
10
0
28
3
22
22
5
29
6
15
21
-4
12
1
-26
15
-28
-35
3
-52
-33
-23
-62
-39
-48
-68
-34
-65
-55
-21
-66
-40
-11
-44
-10
-16
-17
18
-2
11
33
9
40
34
14
50
30
25
39
18
26
28
5
26
6
0
7
-9
-7
-17
-19
-20
-30
-23
-36
-33
-24
-40
-31
-12
-39
-32
-18
-35
-22
-21
-24
-10
-27
-12
-9
-32
1
-16
-6
21
-4
23
25
19
44
42
42
61
52
61
79
61
79
86
75
86
81
71
78
69
61
56
43
42
34
25
19
3
10
9
-10
4
-6
-16
9
-6
-18
9
-10
-7
2
-20
-1
-1
-15
-16
-10
-29
-32
-30
-47
-40
-54
-63
-57
-58
-75
-65
-66
-73
-60
-67
-53
-44
-48
-37
-24
-17
-11
-2
8
14
29
33
39
59
59
68
79
81
92
95
96
106
108
108
108
108
104
107
107
88
96
89
73
72
60
46
36
25
1
-6
-17
-45
-53
-75
-101
-107
-131
-146
-158
-173
-178
-200
-202
-196
-213
-205
-201
-209
-197
-191
-188
-172
-164
-161
-134
-136
-114
-87
-86
-64
-41
-29
-5
25
35
72
106
118
149
193
204
231
274
282
300
333
334
343
358
342
346
335
302
291
265
218
181
144
89
46
-4
-65
-98
-153
-208
-238
-276
-319
-339
-367
-392
-389
-409
-411
-402
-407
-393
-372
-361
-343
-311
-302
-260
-228
-207
-167
-126
-96
-56
-13
34
75
133
175
226
282
309
374
406
439
496
504
524
558
550
552
548
519
504
461
411
368
296
236
176
91
28
-29
-111
-158
-219
-274
-303
-349
-370
-387
-399
-400
-386
-383
-361
-331
-317
-282
-252
-219
-182
-154
-121
-88
-69
-34
-17
-4
19
22
35
47
45
53
53
54
59
56
49
56
52
50
56
50
50
52
47
47
43
38
40
35
27
31
27
18
21
14
10
9
8
2
5
4
0
2
3
6
0
8
8
4
13
20
6
19
17
6
17
15
11
16
9
6
12
3
3
5
-4
-8
-7
-16
-18
-23
-32
-29
-37
-38
-38
-39
-42
-39
-38
-34
-29
-33
-23
-20
-18
-14
-10
-5
2
1
-1
8
8
7
12
12
14
20
19
21
23
24
23
26
27
28
35
32
43
50
44
59
61
61
75
73
79
89
81
94
90
85
92
79
81
81
67
66
64
49
39
38
16
7
3
-25
-28
-34
-53
-54
-59
-69
-70
-75
-85
-83
-89
-98
-96
-105
-113
-109
-125
-130
-132
-147
-146
-140
-149
-140
-127
-128
-107
-94
-95
-73
-62
-57
-33
-22
-3
16
32
52
71
91
102
127
138
150
177
189
200
214
227
231
244
243
233
239
230
216
203
189
167
142
115
75
35
-3
-52
-100
-141
-187
-228
-269
-303
-329
-356
-376
-383
-387
-389
-379
-366
-353
-329
-308
-280
-248
-218
-179
-143
-104
-61
-32
1
42
58
86
127
145
176
213
235
268
294
313
338
353
364
397
403
407
439
426
421
410
366
329
276
204
149
83
22
-35
-88
-131
-181
-230
-261
-304
-328
-340
-355
-340
-318
-300
-262
-232
-211
-173
-159
-134
-108
-84
-59
-27
-4
22
42
42
45
35
26
15
11
4
13
18
19
27
24
22
11
5
-4
-8
-7
1
7
15
23
25
33
31
28
38
49
57
81
99
109
129
132
129
128
119
108
105
96
89
88
79
74
65
42
27
11
-8
-22
-33
-40
-46
-54
-61
-67
-81
-84
-93
-95
-94
-93
-78
-74
-60
-56
-57
-51
-56
-61
-59
-60
-55
-46
-41
-32
-28
-21
-15
-14
-4
1
8
19
26
36
41
42
45
41
36
38
31
25
25
21
13
14
5
-2
-5
-13
-18
-21
-22
-24
-25
-24
-28
-24
-33
-34
-35
-40
-41
-45
-48
-57
-63
-69
-85
-85
-83
-86
-70
-59
-42
-13
5
26
51
64
83
102
115
133
153
166
181
192
199
198
191
190
187
179
179
174
169
157
138
112
65
31
-15
-64
-96
-130
-157
-170
-188
-196
-208
-219
-222
-237
-236
-233
-227
-207
-181
-161
-135
-111
-95
-73
-64
-58
-45
-40
-37
-32
-35
-41
-47
-63
-79
-87
-94
-101
-90
-76
-54
-21
9
48
90
126
158
198
228
262
295
322
358
385
403
427
440
428
403
374
322
258
201
127
51
0
-71
-122
-162
-227
-254
-291
-331
-334
-353
-356
-331
-321
-298
-256
-237
-204
-162
-136
-100
-57
-18
25
65
105
142
155
168
176
163
153
139
115
108
88
73
66
45
21
1
-28
-58
-85
-114
-129
-143
-152
-149
-144
-137
-123
-114
-105
-89
-83
-71
-57
-41
-28
-11
2
13
24
28
33
40
44
49
60
69
82
96
99
111
109
104
100
95
85
89
90
90
97
93
91
84
68
49
35
13
-5
-18
-32
-44
-55
-68
-78
-91
-106
-116
-122
-118
-116
-106
-96
-80
-72
-63
-56
-51
-46
-44
-40
-36
-33
-31
-29
-28
-31
-30
-30
-33
-30
-26
-23
-15
-7
0
7
16
20
24
36
41
45
54
57
64
73
75
80
87
91
92
101
100
105
108
109
113
114
115
111
105
96
84
68
50
29
10
-5
-18
-29
-38
-44
-46
-54
-60
-62
-64
-67
-70
-70
-69
-67
-61
-57
-55
-45
-38
-28
-19
-8
3
10
13
14
12
1
-5
-15
-28
-32
-36
-37
-33
-27
-25
-19
-19
-22
-18
-24
-27
-22
-22
-17
-10
-7
-2
1
0
3
-2
-4
-2
1
8
13
22
27
29
28
28
24
21
25
26
30
36
33
26
11
-24
-59
-97
-142
-165
-181
-185
-159
-130
-92
-47
-14
18
49
64
85
109
128
162
192
220
243
251
257
248
230
216
199
191
184
175
163
142
108
59
-6
-76
-144
-202
-248
-273
-281
-281
-265
-255
-249
-241
-252
-253
-258
-258
-245
-227
-199
-159
-129
-98
-69
-52
-35
-20
-6
18
41
68
95
115
129
133
134
124
120
116
118
131
144
164
182
194
203
204
193
184
172
160
158
149
151
152
143
141
128
108
91
58
26
-5
-48
-88
-126
-168
-198
-221
-243
-247
-241
-229
-204
-174
-151
-122
-96
-80
-60
-48
-43
-31
-33
-25
-20
-28
-22
-28
-32
-32
-34
-35
-32
-27
-28
-28
-27
-34
-39
-40
-46
-41
-27
-13
7
41
60
84
108
114
138
136
139
156
144
151
162
150
156
150
134
134
119
96
93
77
57
47
31
17
3
-13
-24
-37
-47
-57
-57
-56
-59
-55
-49
-49
-50
-44
-43
-42
-42
-36
-38
-34
-32
-40
-38
-37
-56
-57
-50
-73
-73
-66
-81
-85
-77
-84
-79
-71
-74
-58
-37
-38
-30
3
1
1
28
26
21
38
34
28
48
35
24
41
29
9
23
22
-1
8
10
0
8
1
3
17
13
4
24
28
18
28
36
38
34
27
40
41
22
26
24
16
8
-1
-4
-8
-23
-40
-30
-37
-64
-53
-49
-76
-73
-66
-83
-78
-74
-89
-70
-59
-88
-60
-32
-70
-46
-15
-39
-22
7
-13
12
34
4
38
61
24
47
81
47
56
88
61
74
94
63
87
107
62
88
114
69
84
102
75
84
86
63
79
72
41
56
60
22
24
41
9
6
10
-14
-3
-9
-39
-10
-11
-54
-20
-13
-52
-24
-30
-53
-18
-42
-62
-13
-41
-70
-24
-43
-69
-39
-54
-65
-38
-65
-68
-32
-59
-74
-25
-43
-62
-15
-30
-31
5
-23
-3
39
4
19
71
38
36
97
58
58
113
56
70
121
38
59
120
21
35
96
1
20
66
-35
2
51
-69
-29
40
-89
-61
22
-103
-78
6
-120
-90
0
-139
-101
-1
-150
-115
-5
-145
-126
-15
-141
-116
-23
-135
-107
-5
-119
-104
24
-81
-82
50
-40
-52
74
2
-17
104
38
11
136
72
25
149
112
25
147
118
27
140
95
20
122
80
0
91
67
-26
57
52
-37
22
28
-45
16
2
-68
33
-22
-74
31
-37
-52
18
-44
-39
12
-44
-22
0
-36
-5
2
-27
-4
8
-23
15
10
-43
42
24
-49
41
31
-36
47
16
-41
55
8
-49
46
-1
-56
31
-4
-72
20
-5
-61
-2
-15
-42
-7
-16
-43
4
1
-39
6
4
-21
11
10
-17
25
16
0
17
17
15
6
26
6
-6
30
6
-2
16
1
7
25
-3
-4
34
11
-13
45
31
-20
56
44
-19
61
29
11
49
2
27
43
-5
13
32
-11
-10
33
-19
-49
46
-15
-86
57
-26
-76
63
-38
-66
63
-18
-52
51
-2
-35
57
3
-43
67
21
-65
57
14
-56
51
-15
-59
29
-30
-58
-4
-59
-55
5
-86
-69
-2
-74
-61
-21
-67
-31
-22
-52
-9
-18
-26
21
-15
-14
36
12
-9
43
24
-2
59
16
1
66
10
17
62
2
31
72
-3
42
63
20
48
60
46
56
62
60
81
44
45
116
24
25
113
6
16
94
-26
8
54
-45
-4
2
-56
-24
-30
-77
-60
-39
-98
-74
-54
-114
-68
-51
-128
-56
-48
-117
-29
-64
-102
2
-69
-80
5
-61
-56
14
-62
-43
16
-53
-26
7
-48
-6
20
-44
3
43
-26
13
50
-4
33
67
9
50
83
27
73
81
35
99
75
46
92
67
52
84
50
51
68
38
43
37
24
27
20
7
10
18
-10
-1
11
-22
-11
1
-17
-19
-16
-19
-19
-27
-21
-23
-37
-24
-31
-37
-37
-30
-43
-47
-26
-54
-45
-28
-59
-42
-34
-51
-36
-39
-48
-24
-40
-36
-21
-29
-19
-21
-15
-14
-16
-4
-11
-10
5
-6
-6
15
-6
10
20
-1
21
20
17
23
19
26
32
24
31
37
33
36
38
37
38
41
42
39
41
41
36
39
34
34
37
29
26
30
24
23
24
15
22
15
5
12
8
1
0
0
-7
-6
-9
-15
-10
-13
-21
-17
-19
-28
-18
-23
-31
-22
-29
-34
-27
-31
-34
-27
-34
-33
-27
-34
-30
-30
-30
-24
-28
-29
-21
-22
-21
-17
-15
-17
-13
-8
-10
-4
-7
0
3
-2
7
9
6
14
11
13
22
19
19
27
28
26
31
31
33
37
35
33
40
38
32
40
35
30
39
28
32
36
21
31
29
18
27
20
13
21
10
4
15
-1
-1
2
-7
-4
-8
-10
-13
-15
-15
-22
-24
-24
-32
-27
-34
-34
-28
-37
-37
-35
-37
-40
-34
-41
-41
-37
-40
-38
-38
-39
-36
-34
-34
-32
-25
-27
-23
-20
-19
-16
-13
-9
-11
-4
-2
-1
9
5
6
11
17
13
18
23
22
30
30
29
36
37
34
42
39
35
40
37
38
39
37
38
36
38
35
31
31
27
24
27
22
19
18
14
12
7
4
2
0
-7
-6
-8
-12
-11
-15
-17
-15
-25
-26
-23
-30
-29
-33
-37
-31
-39
-36
-36
-42
-38
-36
-41
-38
-31
-41
-33
-33
-35
-27
-30
-27
-21
-24
-23
-14
-17
-14
-9
-11
-4
-2
-3
2
6
6
9
16
16
16
24
20
27
27
23
35
30
26
38
29
31
43
30
36
36
31
37
34
31
36
29
28
32
21
25
21
18
21
12
13
15
5
7
5
-1
2
-4
-6
-3
-6
-12
-8
-12
-18
-14
-20
-19
-18
-22
-24
-19
-27
-26
-22
-30
-25
-24
-29
-23
-19
-25
-21
-20
-23
-17
-15
-20
-13
-15
-16
-12
-10
-12
-11
-10
-10
-4
-2
-6
1
5
4
8
8
9
15
12
13
16
17
19
19
19
23
24
24
26
22
25
28
23
25
25
23
23
22
19
22
23
18
20
19
14
17
16
8
13
10
6
7
0
3
-1
-4
-4
-8
-8
-10
-11
-14
-16
-11
-20
-18
-14
-22
-19
-22
-20
-18
-24
-20
-20
-22
-23
-23
-20
-22
-20
-19
-20
-17
-17
-17
-14
-15
-11
-8
-10
-10
-5
-3
-2
0
0
6
4
7
8
9
14
14
17
18
22
17
24
26
23
24
25
27
24
27
28
25
27
27
24
23
26
21
21
22
17
18
17
14
14
15
7
13
6
4
8
-2
4
3
-6
0
-5
-9
-6
-12
-13
-13
-17
-19
-18
-23
-25
-24
-26
-32
-28
-29
-31
-30
-29
-29
-31
-30
-29
-28
-25
-25
-28
-24
-20
-20
-22
-19
-16
-17
-14
-10
-12
-9
-6
-10
-4
-4
-5
1
-3
-1
4
0
4
4
2
6
9
8
9
11
11
12
13
9
13
10
10
11
8
7
9
6
4
6
5
5
5
6
8
3
2
5
1
-3
1
-4
-2
-2
-7
-4
-4
-8
-6
-7
-8
-5
-7
-4
-3
-6
-4
-3
-5
-5
-2
-5
-2
-2
-3
4
3
1
6
6
5
9
7
11
13
7
14
16
14
18
15
18
17
21
15
20
27
14
20
23
15
22
22
15
22
17
17
22
13
21
20
10
17
11
8
13
6
8
8
3
4
5
2
4
-2
0
-1
-5
-3
-7
-7
-5
-9
-9
-7
-12
-7
-10
-14
-6
-9
-15
-8
-9
-17
-8
-10
-13
-6
-8
-9
-7
-10
-10
-8
-12
-5
-10
-9
-7
-6
-7
-9
-5
-7
-6
-5
-5
-8
-8
-5
-8
-8
-6
-10
-10
-4
-11
-11
-8
-13
-9
-8
-14
-12
-10
-13
-12
-12
-14
-12
-11
-12
-13
-7
-15
-14
-6
-12
-12
-4
-15
-8
-6
-16
-7
-8
-12
-8
-6
-9
-4
-4
-8
2
-2
-2
2
0
1
4
4
3
9
4
6
12
6
11
11
9
14
12
12
17
16
14
19
16
17
17
15
16
15
19
17
13
18
17
14
18
14
15
15
11
12
17
12
13
13
11
15
14
9
16
9
8
15
6
11
9
4
12
5
4
10
0
2
10
0
2
4
-1
4
-2
0
3
-4
-3
-1
-4
-2
-2
-4
-3
-4
-4
-4
-4
-4
-2
-2
-7
-6
-3
-7
-7
-6
-8
-7
-6
-13
-6
-9
-11
-6
-13
-8
-7
-12
-11
-11
-13
-11
-12
-15
-13
-14
-13
-14
-15
-15
-15
-14
-12
-11
-14
-10
-14
-14
-11
-15
-13
-11
-16
-11
-11
-15
-8
-9
-13
-5
-9
-11
-5
-6
-8
-4
-7
-5
-3
-5
-3
-3
-3
-1
-2
-2
2
4
0
3
7
2
5
6
0
10
4
5
10
3
9
8
2
6
7
3
6
6
6
8
9
6
10
9
5
10
10
7
11
11
9
12
10
8
15
12
11
13
13
15
15
13
13
14
11
11
14
14
13
13
15
10
13
13
10
12
13
11
12
17
13
14
14
15
12
13
13
12
15
11
10
14
11
10
11
8
12
9
9
13
8
10
11
8
9
11
9
6
11
6
3
6
9
3
2
7
-1
1
0
-6
0
-1
-5
-1
-3
-4
-4
-5
-3
-4
-8
-6
-4
-6
-7
-8
-7
-8
-10
-9
-5
-10
-11
-12
-10
-10
-12
-11
-10
-13
-16
-14
-16
-13
-19
-18
-16
-19
-19
-19
-19
-20
-21
-19
-17
-21
-18
-19
-20
-15
-18
-16
-16
-17
-14
-19
-14
-16
-19
-15
-15
-15
-15
-13
-11
-13
-13
-9
-11
-10
-8
-8
-9
-9
-9
-7
-6
-8
-3
-4
-4
-2
1
-1
-2
2
-2
2
3
-5
5
3
-4
5
0
-3
7
2
-1
11
-1
2
7
-2
5
3
2
5
3
5
4
3
8
5
5
9
7
9
10
5
12
8
6
10
7
8
13
8
9
16
11
12
16
13
11
14
13
12
15
10
13
13
11
13
12
12
13
17
12
14
14
16
15
14
12
12
13
10
12
10
7
9
8
9
8
4
9
7
7
7
7
8
5
9
5
4
10
5
2
5
3
2
4
2
0
1
-4
0
-2
-3
0
-5
-4
-2
-6
-6
-5
-6
-3
-8
-4
-8
-9
-4
-10
-6
-9
-12
-6
-11
-9
-8
-12
-11
-10
-10
-13
-8
-13
-14
-7
-15
-12
-10
-14
-8
-10
-12
-9
-12
-8
-11
-10
-9
-12
-7
-13
-11
-7
-12
-6
-9
-11
-5
-9
-10
-4
-9
-7
-5
-10
-5
-3
-11
-1
-3
-11
4
-11
-5
2
-12
2
-3
-7
8
-7
2
5
-4
7
0
1
5
-2
7
-1
1
7
-1
8
4
1
8
2
6
5
2
6
4
3
3
8
2
3
5
-3
6
1
-2
8
-4
3
6
-5
8
2
-1
10
-2
4
7
-2
10
3
1
11
0
7
8
-2
12
3
2
11
-5
8
8
-5
11
1
1
12
-5
10
7
-4
10
-1
2
10
-3
6
6
-4
8
0
0
10
-7
5
9
-7
11
-2
-7
18
-13
5
11
-17
17
-6
-9
14
-20
9
1
-18
20
-21
2
11
-28
20
-11
-15
18
-26
11
2
-23
22
-17
-2
14
-19
14
-3
-7
16
-12
5
3
-5
12
-5
1
10
-2
6
5
-1
8
0
-1
4
-1
4
7
-2
5
1
-4
11
-5
3
8
-7
13
3
-8
15
-6
-1
16
-12
5
10
-14
16
2
-10
22
-7
3
15
-9
15
-2
2
21
-14
18
8
-16
24
-15
3
19
-27
30
-7
-20
24
-30
20
-11
-28
34
-28
-6
13
-34
34
-25
-17
39
-44
36
-9
-26
42
-33
11
11
-36
28
-15
-14
13
-19
17
-18
-7
19
-55
24
-26
-28
35
-60
13
9
-41
21
-25
-7
20
-43
38
-32
0
37
-58
53
-24
-5
57
-64
48
-27
-31
73
-76
5
58
-72
41
-10
-42
55
-55
24
-7
-31
60
-52
22
6
-11
32
-50
70
-16
-17
74
-67
60
9
-60
90
-63
29
-1
-19
47
-48
67
7
-18
67
0
26
56
-19
91
-19
60
70
-81
152
-14
-12
74
-49
30
-8
-43
42
-96
37
3
-143
137
-143
-54
107
-236
42
20
-318
147
-166
-296
136
-307
-42
57
-250
229
11
-38
287
1
128
183
33
93
85
18
26
-26
4
3
-133
40
13
-123
75
35
-48
107
30
10
103
-54
115
-57
-2
61
-64
32
-14
2
28
10
-7
122
-85
153
-23
-83
255
-173
22
139
-103
38
29
-77
34
-23
-87
59
-110
5
33
-73
-11
27
-18
-27
-17
49
-20
-82
98
-77
-25
45
-48
-40
73
-36
-137
153
-106
-98
119
-219
60
-6
-213
40
63
-224
31
83
-183
122
-42
-57
115
-17
-24
74
13
47
24
-33
66
-24
20
9
-49
59
0
-53
58
-49
-25
155
-204
90
124
-219
138
94
-116
142
26
-9
195
-107
153
103
-99
205
-15
-75
198
-94
-29
194
-212
137
97
-233
240
-132
-117
212
-160
-60
151
-88
-53
59
-46
-52
-1
-8
-72
9
-68
33
-4
-69
63
-37
-134
55
-21
-222
54
-25
-142
13
-11
-73
-30
-16
-57
-96
-60
30
-77
-90
133
-80
-70
174
-81
-53
176
-23
-20
213
-26
45
214
46
113
78
45
172
-28
15
130
-75
53
159
-46
-42
160
33
-135
168
68
-109
134
47
-73
32
-26
-86
-18
-96
-43
-58
-98
-84
-139
-178
-186
-199
-241
-231
-236
-366
-310
-213
-372
-273
-165
-343
-170
-102
-304
-163
-84
-207
-51
28
-107
128
105
63
247
270
315
453
483
592
731
660
794
886
862
964
1071
1058
1122
1255
1155
1228
1266
955
705
572
229
-14
-100
-436
-637
-864
-1099
-1257
-1436
-1544
-1552
-1602
-1546
-1421
-1474
-1365
-1246
-1317
-1349
-1248
-1278
-1265
-989
-878
-746
-609
-485
-304
-140
3
140
253
297
432
367
441
598
671
749
970
1060
1104
1465
1561
1765
2079
2231
2463
2691
2754
2860
2471
1864
1555
1095
683
359
5
-537
-1009
-1391
-1697
-1969
-2213
-2238
-2241
-2200
-2105
-2013
-1977
-1919
-1648
-1434
-1157
-798
-585
-423
-65
198
350
636
861
908
837
631
264
34
-238
-376
-536
-790
-1029
-1186
-1298
-1239
-1102
-1017
-756
-443
-192
65
369
678
967
1393
1842
2186
2535
2893
3189
3536
3797
3906
3729
3004
2485
2090
1391
804
375
-439
-1161
-1725
-2182
-2642
-3094
-3214
-3234
-3272
-3087
-2851
-2805
-2627
-2277
-1925
-1499
-946
-526
-231
231
726
1013
1331
1688
1858
1727
1577
1166
611
179
-151
-515
-898
-1338
-1702
-2016
-2137
-1993
-1881
-1600
-1158
-758
-388
30
515
954
1426
2065
2589
2993
3556
3996
4366
4651
4714
4523
3800
3144
2611
1877
1049
461
-410
-1453
-2298
-2848
-3470
-3987
-4120
-4159
-4169
-4012
-3663
-3395
-3119
-2637
-2083
-1587
-884
-262
155
686
1239
1608
1926
2276
2480
2295
2019
1582
978
421
-46
-499
-1047
-1611
-2041
-2389
-2567
-2487
-2347
-2068
-1614
-1132
-689
-218
364
917
1516
2217
2832
3339
3931
4494
4917
5174
5215
4777
4043
3507
2882
2026
1187
420
-657
-1767
-2578
-3165
-3938
-4425
-4524
-4610
-4660
-4407
-4045
-3760
-3347
-2710
-2107
-1488
-698
-51
482
1130
1750
2159
2546
2936
2951
2556
2163
1682
1072
525
59
-556
-1334
-1940
-2326
-2647
-2746
-2640
-2502
-2271
-1850
-1363
-917
-380
295
895
1580
2363
2968
3530
4215
4824
5262
5499
5367
4673
3985
3473
2755
1911
1183
222
-1022
-2049
-2726
-3414
-4117
-4392
-4541
-4701
-4653
-4346
-4070
-3826
-3362
-2753
-2141
-1406
-679
-105
532
1230
1794
2271
2722
2992
2855
2612
2325
1789
1197
664
64
-645
-1315
-1815
-2203
-2531
-2652
-2610
-2474
-2212
-1841
-1399
-923
-340
260
888
1609
2282
2856
3543
4257
4798
5202
5421
5189
4492
3957
3413
2639
1852
1174
166
-998
-1943
-2677
-3446
-3999
-4209
-4413
-4586
-4527
-4277
-4047
-3760
-3282
-2766
-2193
-1476
-789
-190
443
1074
1594
2096
2571
2849
2841
2730
2391
1842
1295
773
182
-465
-1056
-1586
-2048
-2386
-2545
-2543
-2418
-2205
-1893
-1473
-1045
-546
-2
603
1210
1804
2398
3035
3657
4212
4690
4977
4852
4340
3853
3329
2700
2048
1437
590
-425
-1371
-2127
-2817
-3346
-3611
-3772
-3929
-3982
-3822
-3624
-3430
-3096
-2674
-2197
-1580
-937
-412
102
653
1120
1585
2048
2335
2387
2361
2193
1813
1313
835
303
-292
-791
-1198
-1598
-1944
-2198
-2300
-2256
-2122
-1868
-1514
-1129
-709
-242
280
841
1374
1899
2476
3049
3542
4029
4428
4507
4188
3717
3227
2710
2194
1718
1131
325
-573
-1339
-1972
-2493
-2819
-3002
-3172
-3324
-3337
-3255
-3147
-2972
-2728
-2410
-1959
-1450
-1024
-636
-207
184
569
1009
1384
1560
1655
1692
1527
1171
796
418
44
-274
-529
-814
-1142
-1404
-1553
-1585
-1503
-1342
-1158
-919
-608
-256
70
418
806
1197
1577
1980
2365
2663
2892
3136
3278
3120
2753
2420
2068
1640
1284
1011
540
-95
-564
-884
-1225
-1466
-1549
-1689
-1872
-1905
-1807
-1749
-1695
-1590
-1458
-1286
-1044
-822
-656
-484
-300
-152
5
179
282
313
329
274
86
-153
-326
-483
-658
-781
-865
-967
-1061
-1087
-1049
-977
-879
-704
-473
-238
-28
161
344
524
689
867
1041
1172
1249
1286
1312
1290
1234
1236
1318
1379
1321
1161
955
727
571
542
549
500
387
233
98
7
-32
-41
-19
2
13
56
94
67
6
-50
-94
-129
-168
-227
-305
-425
-578
-707
-826
-928
-963
-945
-946
-988
-1062
-1129
-1180
-1218
-1217
-1159
-1080
-985
-850
-726
-654
-592
-483
-345
-193
-53
44
101
142
191
212
195
166
148
190
270
349
373
352
359
460
633
817
981
1094
1148
1192
1270
1345
1387
1414
1444
1458
1429
1351
1231
1090
964
851
733
565
376
186
30
-87
-209
-367
-522
-637
-694
-698
-699
-729
-800
-869
-905
-918
-929
-936
-956
-996
-1028
-1059
-1096
-1115
-1119
-1095
-1078
-1072
-1079
-1070
-1039
-977
-905
-856
-814
-752
-664
-541
-398
-271
-154
-21
140
311
481
630
747
840
945
1047
1132
1217
1282
1339
1406
1454
1479
1472
1456
1441
1423
1390
1332
1235
1111
993
881
781
684
570
451
344
249
177
107
24
-65
-165
-251
-326
-414
-516
-650
-814
-967
-1096
-1200
-1282
-1374
-1481
-1586
-1667
-1702
-1692
-1660
-1613
-1558
-1490
-1390
-1252
-1083
-903
-719
-549
-388
-220
-66
96
253
377
479
540
570
611
655
706
756
763
746
707
671
668
689
713
731
738
737
748
782
831
894
962
1020
1083
1134
1175
1195
1188
1162
1114
1055
978
876
740
570
374
192
23
-137
-289
-463
-646
-813
-957
-1059
-1142
-1228
-1298
-1366
-1401
-1403
-1387
-1348
-1295
-1230
-1152
-1072
-997
-914
-832
-724
-609
-516
-444
-401
-364
-301
-216
-125
-42
-2
23
53
85
144
215
285
368
439
503
558
602
648
715
803
900
995
1051
1067
1057
1025
1005
1006
997
969
901
784
650
529
435
359
278
190
87
-15
-102
-181
-253
-311
-343
-351
-345
-351
-381
-422
-448
-445
-413
-387
-387
-400
-424
-444
-455
-486
-537
-583
-609
-612
-600
-608
-641
-664
-668
-627
-572
-524
-481
-444
-371
-256
-127
-17
65
123
190
293
415
544
644
700
723
720
719
732
754
768
751
691
605
508
428
373
322
270
202
119
43
-27
-89
-134
-176
-210
-220
-233
-254
-288
-331
-359
-361
-341
-319
-305
-315
-335
-351
-360
-356
-341
-323
-303
-279
-263
-251
-228
-192
-144
-86
-39
-5
24
66
128
202
260
285
290
278
291
333
379
419
422
392
355
329
315
322
329
319
291
251
210
173
157
149
145
138
119
89
58
21
-4
-26
-40
-60
-83
-125
-190
-251
-313
-359
-391
-426
-458
-491
-535
-579
-615
-651
-658
-643
-612
-563
-519
-484
-440
-381
-310
-224
-147
-65
16
105
200
277
327
355
369
401
463
527
565
569
540
495
479
481
502
523
514
487
447
406
388
390
406
421
421
394
366
331
292
270
253
226
192
145
71
-3
-82
-165
-227
-290
-356
-416
-487
-562
-626
-681
-722
-749
-769
-786
-787
-774
-747
-695
-643
-591
-536
-492
-433
-357
-281
-188
-103
-44
6
38
68
113
163
222
278
316
329
336
340
360
403
451
495
523
526
522
530
562
602
640
663
659
634
607
571
536
505
467
423
365
285
179
72
-31
-115
-172
-234
-303
-378
-463
-534
-582
-606
-611
-614
-610
-601
-585
-554
-511
-458
-400
-357
-320
-289
-260
-216
-178
-147
-131
-144
-162
-176
-185
-178
-173
-177
-184
-190
-188
-169
-134
-83
-25
36
94
148
217
294
385
486
572
641
690
713
728
734
727
714
683
638
576
484
374
257
137
45
-26
-105
-176
-259
-342
-398
-429
-432
-422
-408
-383
-347
-293
-228
-160
-90
-34
15
57
83
108
125
127
119
91
31
-33
-106
-175
-222
-276
-332
-396
-458
-502
-519
-512
-474
-431
-392
-341
-290
-211
-116
-6
125
238
331
402
450
489
530
561
580
587
562
508
438
344
249
166
90
20
-48
-130
-205
-266
-310
-316
-317
-309
-292
-266
-220
-149
-70
10
80
139
196
237
281
309
328
333
320
298
247
177
102
26
-40
-96
-157
-226
-302
-364
-395
-411
-401
-381
-365
-343
-311
-265
-199
-110
-18
76
154
209
243
263
286
315
343
351
334
284
216
143
71
11
-44
-102
-160
-219
-274
-314
-331
-334
-332
-319
-296
-261
-205
-133
-64
3
69
123
184
237
281
308
318
321
319
311
289
246
183
118
62
15
-27
-72
-120
-165
-195
-210
-210
-196
-184
-161
-131
-97
-53
7
73
141
197
233
248
252
254
265
282
275
245
192
120
51
-7
-67
-124
-181
-247
-296
-331
-369
-377
-381
-386
-368
-347
-309
-249
-193
-126
-58
-3
56
109
159
205
231
244
253
257
258
249
218
176
127
77
44
12
-20
-54
-94
-119
-132
-140
-136
-130
-123
-110
-94
-76
-43
-5
36
81
106
108
101
97
113
137
153
148
123
86
49
26
9
-10
-34
-56
-73
-90
-106
-113
-116
-107
-92
-74
-56
-37
-8
25
58
86
106
122
133
146
147
136
125
106
85
61
27
-20
-59
-98
-129
-149
-179
-207
-229
-244
-241
-224
-210
-192
-174
-156
-134
-100
-64
-17
39
82
103
111
107
108
132
156
177
182
160
129
100
74
58
46
37
28
11
-9
-27
-45
-50
-39
-26
-9
6
13
30
51
76
108
123
142
165
174
181
175
167
156
142
126
99
61
23
-17
-48
-79
-115
-153
-192
-213
-221
-231
-232
-233
-242
-242
-238
-224
-191
-157
-120
-91
-80
-78
-77
-59
-29
14
47
62
58
42
39
44
57
71
79
81
81
73
62
58
58
63
74
83
81
81
80
83
95
106
115
124
136
144
150
150
146
144
144
142
137
114
88
68
40
17
-6
-41
-71
-97
-118
-137
-152
-172
-192
-203
-214
-211
-200
-186
-158
-144
-137
-132
-128
-114
-82
-49
-19
-2
-5
-7
-7
1
24
44
54
56
53
48
42
42
49
58
66
66
59
55
53
58
73
79
85
88
93
102
112
120
125
131
128
133
133
124
119
104
83
62
36
6
-24
-56
-82
-113
-141
-173
-200
-220
-237
-242
-243
-240
-228
-213
-206
-184
-165
-142
-98
-61
-23
13
35
56
80
99
132
157
168
174
171
162
154
146
132
125
108
83
61
43
25
14
9
-2
-11
-16
-20
-14
-1
7
18
23
28
36
45
53
62
58
45
36
19
-5
-10
-24
-44
-61
-87
-111
-128
-145
-149
-152
-158
-159
-158
-156
-149
-138
-123
-102
-85
-62
-43
-25
-4
12
33
54
72
90
103
112
114
120
123
121
122
117
110
102
93
82
73
61
51
42
35
25
26
30
31
34
26
20
17
17
25
30
23
12
-7
-25
-38
-51
-56
-64
-81
-99
-119
-134
-139
-136
-131
-120
-113
-113
-100
-91
-74
-50
-30
-9
5
15
27
39
51
64
71
80
76
72
74
65
67
63
53
50
45
39
36
36
38
41
41
44
46
50
59
66
82
88
91
95
87
81
78
70
68
54
35
12
-22
-52
-72
-91
-103
-116
-140
-158
-178
-186
-187
-179
-163
-155
-147
-136
-130
-115
-93
-70
-49
-28
-13
1
19
31
45
63
75
85
99
104
113
125
126
129
131
119
126
118
110
110
89
78
66
42
38
30
17
16
7
1
-1
-18
-15
-19
-23
-10
-16
-11
-9
-20
-21
-26
-30
-23
-29
-28
-25
-40
-44
-53
-54
-46
-49
-42
-39
-45
-40
-42
-41
-30
-34
-26
-21
-24
-17
-15
-13
-2
2
9
11
11
16
10
9
3
-7
-3
-4
-4
1
-2
4
6
3
16
14
20
33
23
26
25
15
22
17
18
21
9
11
5
-4
0
-7
-8
-1
-8
1
4
-4
3
-5
-6
4
6
22
31
33
36
27
23
22
13
15
14
3
4
-8
-15
-14
-20
-10
-5
1
8
2
-4
-6
-12
-11
-5
-2
0
-3
-11
-27
-41
-53
-62
-64
-70
-73
-73
-83
-80
-78
-69
-47
-32
-10
13
17
39
47
46
60
50
55
66
55
68
69
59
69
50
40
42
15
18
11
-13
-8
-33
-42
-38
-59
-47
-43
-55
-41
-51
-56
-41
-51
-28
-3
3
34
38
42
61
53
67
84
69
70
55
24
12
-14
-29
-32
-52
-47
-50
-65
-58
-77
-79
-70
-78
-57
-42
-38
-14
4
19
46
60
78
96
96
102
115
118
127
130
107
96
79
39
25
0
-27
-32
-56
-69
-80
-106
-111
-121
-123
-111
-109
-85
-54
-37
-1
35
47
79
94
107
126
126
132
124
98
85
65
40
39
-5
-39
-109
-226
-349
-635
-791
-907
-1088
-953
-793
-565
-77
258
603
1005
1089
1176
1179
894
722
460
83
-61
-298
-458
-396
-442
-281
-90
38
302
443
532
593
501
399
222
-5
-192
-387
-489
-557
-561
-453
-369
-198
-14
103
235
283
292
282
210
126
57
-22
-80
-87
-69
-75
-3
41
-9
72
56
-43
-4
-88
-207
-200
-259
-288
-264
-230
-187
-168
-40
1
-13
154
128
88
186
38
92
179
44
189
220
158
310
87
-33
-13
-280
-212
-110
-206
74
190
136
369
276
141
219
31
-145
-128
-238
-232
-93
-82
138
242
285
355
286
337
182
-5
-167
-293
-402
-595
-559
-444
-349
-215
-102
-8
147
149
15
66
-48
-213
-322
-376
-474
-460
-337
-330
-170
53
97
273
521
395
512
497
415
268
60
134
-55
-328
-220
-174
-379
-170
-12
-124
39
129
59
217
163
0
148
51
-62
129
42
-59
299
97
144
421
219
175
312
269
51
228
130
-210
-67
-72
-230
-106
-202
-258
-88
-187
-170
-70
-153
-122
-42
-208
-63
18
-266
85
-11
-99
54
-75
56
90
67
77
207
-60
34
149
-226
11
76
-141
57
122
-166
-12
14
43
125
-115
20
216
-73
32
391
-49
-29
326
-21
-101
45
188
-37
47
362
11
125
250
-37
108
271
-92
-129
288
-409
-20
108
-560
106
-235
-309
-66
66
-157
-15
437
-311
50
216
-358
-152
177
-238
-434
465
-523
-344
520
-661
-61
411
-469
59
250
-230
-97
351
-467
23
381
-676
185
32
-392
361
58
7
477
19
-168
639
10
-104
570
-48
-100
360
-39
-298
268
-177
-81
60
-228
345
-57
-15
361
80
-215
386
71
-574
662
-199
-276
500
-599
108
347
-659
309
308
-425
356
213
-432
413
200
-770
278
-168
-547
32
-367
-298
-59
-153
-360
17
240
-446
197
246
-171
268
207
-131
343
264
-432
307
116
-347
156
211
-194
267
58
-137
332
-185
100
223
-271
61
27
-331
184
-11
-523
313
-195
-139
264
-159
67
390
-340
132
444
-182
33
238
-237
101
259
-166
211
-163
-34
142
-147
-170
62
-244
-257
362
-433
-177
182
-432
119
88
-210
277
88
-204
501
-71
-244
510
-70
-183
404
-308
-277
543
-348
136
468
-309
-18
444
-392
217
580
-807
412
288
-789
176
105
-662
215
248
-616
251
177
-479
783
-90
-158
544
-307
24
36
-166
-341
65
-214
-400
-1
-396
-236
242
-190
-142
408
-58
-122
106
-91
125
197
-143
42
326
-224
389
144
-155
490
431
-168
145
324
-289
249
332
-411
-185
282
-329
-266
152
-251
61
302
-352
167
39
230
305
-272
259
193
27
-173
280
130
50
295
-497
280
-136
4
451
-588
89
35
-508
-111
69
-603
99
-206
-555
110
-144
-309
-119
-123
-306
481
-630
216
357
-341
301
-139
-16
251
-74
-145
255
-93
45
209
-62
366
350
-81
629
-35
-302
803
-327
-313
542
-692
-207
-217
-100
-68
-197
95
-10
349
-35
532
528
-73
486
187
179
61
125
185
-399
339
-214
-459
219
-396
191
-224
192
-204
-197
312
-513
247
-328
-111
263
-559
-196
211
-753
-4
256
-637
21
417
-397
108
416
-280
349
188
-401
265
9
-362
43
-30
-648
204
-53
-487
345
42
-145
252
202
-198
487
194
-311
634
-221
126
529
-487
530
83
-203
416
31
5
288
36
-143
325
-105
-37
265
-458
188
148
-507
202
128
-388
94
46
-278
20
188
-439
104
237
-578
344
-107
-323
396
-207
-149
328
28
-497
523
-441
-94
192
-621
480
-454
-177
-35
-330
-12
-84
-265
307
-67
-276
494
-304
146
566
-72
69
480
169
-379
629
-3
-132
490
-222
37
366
-167
-51
473
-368
5
162
-291
103
96
-303
216
99
-247
-166
449
-178
-233
518
-423
46
141
-498
327
-182
-551
222
-81
30
-57
-40
-200
162
-170
-333
426
-250
2
196
-410
153
176
-372
9
260
-366
144
248
-342
510
-140
-9
287
-350
282
217
-217
501
4
-250
301
-167
380
-49
82
166
-112
529
-393
220
92
18
186
-185
73
48
-68
-124
198
-422
227
-55
-391
295
-232
-93
-55
21
-95
-1
143
-390
-93
84
-463
161
-443
197
-136
-327
244
-303
163
-91
-84
123
-18
33
18
-5
-87
77
-62
-107
166
81
-122
425
324
-339
543
119
-265
334
-21
-165
469
-454
-89
330
-484
61
383
-211
169
249
-58
187
363
-364
341
207
-513
597
-491
-30
298
-369
-9
243
-251
98
109
-332
308
-102
-260
-88
-26
-381
-143
26
-445
281
-202
-130
202
-75
217
-73
-117
157
64
-191
-26
11
-146
-233
382
-397
209
325
-346
369
-78
73
110
4
118
43
-27
-73
264
-257
-55
401
-120
-156
398
-99
-148
547
-223
-30
153
-168
73
26
-244
44
312
-562
355
276
-697
680
-75
-347
531
-427
-35
360
-402
92
-39
-356
153
-150
-188
305
-181
-100
195
-89
71
-76
14
-243
79
-164
-23
318
-570
455
-70
-257
652
-527
582
211
-445
636
-199
-188
197
-85
-160
491
-329
147
460
-599
489
-85
-109
260
-204
149
8
-111
-170
282
-382
133
47
-504
638
-532
95
133
-166
-67
74
-141
-121
478
-670
458
-205
-415
684
-553
127
197
-315
20
235
-431
127
125
-481
398
-269
-44
360
-441
-23
425
-205
-168
473
-268
138
170
-207
348
13
-168
374
-111
-82
303
-241
174
276
-287
301
112
-320
492
-110
6
-47
67
-96
39
-15
-253
314
-228
-44
81
54
-164
-28
146
-369
215
-222
33
58
-225
70
-107
145
-438
415
-225
-57
71
-180
184
-234
0
-38
38
-192
153
-200
197
-247
-59
352
-521
404
-6
-280
284
-10
-140
320
-95
158
111
-54
99
237
-242
-94
210
-187
10
-4
57
-121
221
-99
120
40
-54
73
199
-325
148
137
-307
218
-99
44
171
-149
-86
157
29
-78
5
112
-67
-1
-130
-16
137
-200
-170
95
-73
-23
-16
-215
246
-132
20
71
24
137
-73
58
79
-43
24
-58
-25
131
-195
145
-170
131
-85
-273
649
-558
81
234
-190
5
210
-341
164
367
-623
568
-165
-88
9
241
-531
494
46
-584
754
-410
13
81
48
-176
333
-140
-317
615
-537
307
-16
-184
220
-212
225
-352
205
69
-206
293
-224
64
-23
-18
77
-5
52
-113
203
-360
390
-362
19
457
-764
650
-72
-370
453
-313
-71
360
-191
-12
345
-468
283
16
-303
304
75
-364
216
285
-730
576
-107
-377
592
-321
-31
370
-402
107
470
-502
346
208
-215
72
194
-112
-176
362
-554
147
83
-332
278
-106
-280
470
-239
-265
491
-424
187
5
-124
499
-519
204
145
-413
387
-256
-112
202
-122
-326
473
-325
-94
389
-577
689
-360
-103
274
-198
-146
213
-222
-115
292
-436
238
-23
-107
43
142
27
167
111
-62
123
27
-70
-82
-104
-11
12
-239
58
-49
-239
168
-231
89
190
-65
28
6
154
-117
-37
127
-119
-84
-107
-111
209
-422
121
226
-426
371
-91
-78
232
-169
115
27
-248
17
220
-685
582
-61
-683
857
-433
-200
642
-340
-64
539
-405
316
168
-203
422
-175
-165
322
-63
-387
582
-215
-219
384
-132
140
98
-30
86
-31
-84
-60
227
-201
238
112
-297
372
67
-230
178
-159
230
-264
-170
386
-320
47
242
-307
182
29
-124
62
-61
54
-231
72
10
-99
126
93
-177
543
-526
233
309
-644
529
41
-484
321
0
-238
252
-247
-8
275
-180
45
299
8
-55
408
-290
64
438
-584
294
40
-446
338
-168
-119
184
-191
-24
401
-448
382
13
-316
145
-233
110
-78
-131
59
126
-446
218
-174
-153
254
-476
287
2
-336
319
-211
-191
445
-515
73
55
-231
22
9
-19
-341
298
-105
-421
438
-275
28
397
-423
247
262
-520
378
138
-650
609
-371
-345
506
-405
25
223
-295
165
167
-240
209
118
-375
549
-200
-397
529
-117
-362
187
153
-571
420
-212
-97
466
-322
-180
606
-427
-419
982
-783
176
433
-845
643
-13
-669
712
-189
-318
416
-310
235
194
-296
220
156
-104
-31
201
-24
-23
15
-96
220
-28
-116
391
-155
-45
295
-147
61
227
69
-244
490
-418
276
254
-504
434
113
-222
280
109
-212
344
-354
-2
213
-462
205
80
-342
401
-123
-13
375
-121
34
213
-198
-74
280
-419
281
-334
-63
158
-163
14
108
67
-104
292
-295
338
-13
-259
441
-342
21
284
-406
273
112
-264
333
-56
36
254
-29
-215
285
-237
-102
435
-683
513
-36
-417
591
-205
-109
499
-336
-29
479
-551
261
167
-578
458
-277
-218
253
-235
-35
-90
159
-378
148
66
-391
749
-494
-296
697
-537
-229
298
-304
-172
215
-551
408
-5
-746
699
-378
-260
163
-67
-112
83
-47
-124
315
-202
-20
258
-450
140
44
-651
490
-392
-13
263
-546
656
-324
-155
549
-413
225
247
-496
377
252
-703
469
176
-783
787
-376
-435
729
-485
28
208
-223
273
282
-288
408
243
-569
467
-159
-340
284
-336
161
111
-295
259
71
-296
719
-418
148
360
-494
538
-509
75
436
-666
233
245
-542
532
-94
-308
518
-253
-167
666
-597
318
222
-558
409
-157
-133
13
87
-191
187
58
-33
8
187
-126
-110
420
-513
525
-176
-75
330
-273
30
93
77
-201
119
62
-41
-126
103
200
-179
242
61
-3
172
-219
424
-215
-33
84
-226
116
64
-273
45
253
-66
65
-201
274
-2
-246
422
-199
56
206
-326
263
-215
-7
212
-447
194
41
-249
120
-135
84
-169
264
-224
-26
290
-263
251
-236
166
-139
-201
-23
69
-404
99
113
-307
308
-294
140
65
-148
226
-159
36
294
-411
-214
591
-616
-89
450
-657
264
175
-621
534
-11
-502
840
-547
51
480
-529
37
259
-312
-66
247
-449
367
-82
-5
191
-23
-112
338
-195
-359
739
-573
-23
436
-509
95
372
-654
434
317
-632
744
-367
-108
463
-503
-163
716
-852
201
784
-1031
767
130
-587
577
-108
-626
752
-453
-232
750
-863
403
285
-672
528
18
-250
413
-300
-164
406
-510
152
182
-443
569
-280
-184
712
-617
-15
612
-679
304
242
-727
745
-119
-376
488
-360
-51
433
-415
-33
426
-397
-13
419
-506
53
515
-752
464
245
-678
548
19
-365
368
-54
-272
459
-216
-115
290
-235
-22
-23
-18
148
-43
-100
234
-217
98
-77
-171
355
-253
-18
265
-134
-142
356
-214
-140
472
-417
-195
534
-399
-130
547
-476
93
375
-587
350
248
-716
568
-144
-298
454
-391
44
412
-515
247
103
-362
408
-305
-58
322
-492
-1
565
-562
236
328
-349
274
17
-324
343
-27
-387
515
-463
-67
549
-665
138
396
-521
461
-365
9
490
-506
314
73
-147
171
29
-164
123
52
15
-135
231
11
-218
310
-101
-44
100
10
-172
291
-251
-72
252
-216
-51
190
-135
-40
269
-364
124
195
-292
377
-131
165
110
-307
357
-202
-232
216
261
-488
316
280
-512
590
-255
-326
627
-403
-273
619
-605
-117
575
-791
394
285
-605
608
-28
-134
181
-166
65
195
-365
253
-43
-129
254
40
-176
174
54
-197
61
-68
-35
-30
-134
-59
99
-127
-119
206
-132
32
124
-115
62
153
-142
98
-71
-11
241
-200
-66
170
-70
-212
166
-153
62
93
-360
337
-164
-384
538
-403
-47
414
-424
75
315
-407
279
9
-352
265
8
-455
284
-132
-324
411
-374
155
285
-269
232
100
-80
363
-239
-66
316
-215
-193
4
-150
-85
56
-314
94
232
-328
97
283
-291
262
-47
-347
625
-356
-298
624
-391
-84
405
-194
36
222
-213
272
-131
-79
230
-171
-36
29
-8
-138
242
-248
-76
496
-515
161
236
-414
262
12
-231
247
31
-109
185
103
-12
196
-41
-60
271
-55
-165
199
75
-246
233
-131
-209
285
-301
150
-3
-111
118
132
-198
177
102
-281
279
46
-235
164
183
-252
249
-124
-66
365
-193
-30
365
-277
-10
174
-292
54
100
-71
-162
176
118
-207
170
-38
113
-188
58
133
-230
86
-2
-123
171
-84
-174
311
-67
-37
18
-165
311
-128
-275
237
-45
-180
131
44
-293
389
4
-262
290
-130
31
45
-149
-153
278
-417
-184
466
-527
49
136
-291
342
103
-428
639
-139
-386
607
-47
-469
453
-122
-324
443
-664
194
341
-681
272
332
-717
369
346
-698
578
-25
-368
400
-190
-120
335
-278
-39
111
-254
263
-57
-220
278
103
-287
208
57
-338
302
-16
-291
204
-41
-83
92
-61
73
-103
45
53
-31
19
-24
-51
93
-81
52
82
-61
106
112
-118
-16
69
-113
-8
28
23
-217
255
-93
-146
236
-194
-19
307
-89
-78
112
86
14
-193
83
67
-60
-114
53
121
-184
80
170
-206
-22
281
-364
16
349
-273
-121
318
-147
-222
471
-376
76
412
-533
203
231
-352
199
144
-392
323
96
-538
437
65
-322
417
-160
-30
251
-332
230
-192
-226
446
-522
10
520
-713
348
235
-400
253
42
-78
83
62
-112
128
-183
-37
519
-315
-246
711
-521
-101
481
-714
273
172
-378
369
-142
49
177
-246
112
334
-486
-119
573
-614
64
291
-497
287
160
-371
255
24
-95
381
-215
96
400
-377
21
363
-469
-76
124
-226
15
13
-243
133
296
-382
256
161
-208
379
-197
-155
239
-128
-281
390
-268
-126
620
-393
-68
397
-275
30
148
-187
270
-209
88
230
-323
45
259
-193
-250
307
-41
-387
273
32
-356
266
-82
-94
194
73
-39
89
155
-105
67
59
-25
34
-23
-80
-34
-133
-75
72
-213
67
159
-126
51
127
83
-54
-63
198
-120
-308
272
-217
-134
13
-4
-50
170
28
-21
269
-71
11
152
-167
65
129
-400
306
44
-492
173
128
-334
380
-240
-60
375
-208
-54
27
107
-69
-55
-100
167
-2
-359
359
36
-203
349
-163
-1
275
-225
40
81
-72
50
-42
-233
388
-153
-279
393
-244
-155
230
-247
-166
335
-219
-36
181
-199
193
153
-328
418
143
-471
403
-26
-305
446
-295
-306
498
-327
-231
365
-236
24
211
-253
214
92
-214
161
98
-299
127
115
-430
283
49
-253
301
-195
42
340
-504
134
151
-355
131
56
-172
340
145
-432
547
0
-454
422
-94
-376
329
-135
-289
408
-302
-98
310
-360
195
153
-351
294
47
-273
230
3
-241
252
-20
-105
249
-188
26
74
-176
202
-29
-198
232
-29
-217
191
-161
-78
142
-83
-44
-31
107
108
-109
132
206
-406
269
46
-204
93
-36
-47
182
-161
-108
347
-155
-102
205
-80
-172
180
-106
-43
239
-162
-19
201
-115
-16
114
-83
-81
146
-171
19
-62
-147
163
-14
-72
149
83
-66
-11
60
51
-112
17
27
-8
-80
113
37
-91
86
-154
181
-82
-119
181
-205
130
117
-239
139
110
-145
64
-49
-90
-1
-44
-97
43
88
41
7
213
16
-49
202
-84
-45
-94
-6
-61
-140
-76
-30
52
-15
-55
121
57
-95
189
84
-282
319
22
-522
461
1
-435
414
-55
-331
371
-134
-14
163
-280
143
193
-281
55
284
-382
97
275
-339
100
121
-182
139
-21
-86
153
-156
33
177
-280
109
163
-293
256
71
-295
169
-62
-60
134
-152
98
258
-410
244
191
-410
233
2
-217
233
-60
-257
356
-142
-124
140
-246
181
8
-204
154
220
-206
50
229
-240
124
-88
-165
61
27
-60
-208
131
186
-202
-41
252
-34
18
25
64
192
-145
-157
173
-85
-295
109
9
-171
-5
39
-86
157
43
-156
268
149
-136
272
10
-222
189
-139
-259
79
-3
-141
133
-60
12
254
-197
20
209
-163
111
-14
-183
266
-116
-118
161
-3
-222
220
75
-246
189
-136
28
76
-200
118
232
-101
-119
258
-109
-175
98
-138
-80
50
-105
-23
198
-73
241
48
-85
230
-75
-66
-73
43
-136
-87
27
-77
86
-20
-126
199
-90
-3
176
42
-74
-3
37
-97
97
-87
20
16
-108
-5
1
-57
86
-32
-151
178
28
-12
28
-38
232
-62
-131
210
-69
-91
59
-218
83
42
-81
-112
34
141
-74
105
88
-75
201
-66
-130
219
-180
-23
-26
-20
153
-20
-121
142
28
-120
117
-1
-194
85
64
-170
186
-193
-52
162
-25
-89
148
81
-60
164
-67
-53
142
-224
-180
354
-264
7
230
-335
-43
283
-197
-126
290
-14
-43
46
47
81
-32
-61
-33
38
-117
-30
105
-180
51
91
-87
27
98
-22
52
39
-65
42
79
0
-108
88
-10
-96
53
-79
66
-139
-14
63
-148
28
96
-172
103
9
-133
87
-11
45
-91
160
-75
-4
49
-39
188
-72
6
221
-37
-70
231
-80
-178
106
-83
-291
95
-79
-163
165
-143
-78
140
-107
94
99
-94
101
28
-124
69
-170
14
180
-134
56
132
-32
96
116
-135
232
-150
-99
211
-52
-210
57
36
-202
196
-118
-51
156
-89
-42
195
-245
13
192
-389
169
43
-227
58
-72
20
185
-79
-65
249
-38
-119
271
-56
-6
156
-70
6
96
-178
65
41
-204
76
113
-256
237
-12
-243
289
-157
-91
78
-96
37
7
-62
-22
19
87
-97
70
21
116
-85
31
16
-119
-15
-86
43
-60
-58
109
97
-65
126
23
-26
161
68
-43
115
-78
-112
-50
-49
-59
-120
50
-118
150
-66
-176
210
-164
-26
39
-42
7
41
48
73
119
-62
-33
206
10
15
221
-127
92
-73
-166
94
-161
41
220
-241
164
123
-120
145
128
-10
-167
193
59
-319
-30
50
-274
6
-35
-226
47
79
-24
105
89
10
132
-80
-26
262
-102
3
279
-93
-128
22
-68
-70
92
39
-182
101
22
-217
49
-8
-59
80
-57
106
22
-199
212
-19
-217
148
-50
-155
71
8
-40
-13
69
94
-96
-3
118
-85
-87
115
-45
-148
71
-92
-152
129
-114
2
163
-53
111
127
-50
25
69
-123
73
99
-161
58
69
-192
186
105
-199
262
120
-249
108
103
-234
54
-21
-121
81
-62
-67
227
-42
-134
386
-197
-277
410
-318
-105
339
-265
-33
225
-104
45
187
-65
96
194
-84
41
112
-75
40
168
-275
-101
72
-340
32
86
-205
107
163
-93
196
61
-70
60
155
-61
-58
16
-35
48
-252
17
-57
-188
26
128
-75
-58
140
-29
-23
101
6
17
-34
-41
-30
-201
-46
-18
-148
-48
232
-131
-51
281
-22
-36
209
-52
-58
94
-51
-48
-91
36
-5
-149
-32
112
-98
-56
130
-12
-100
92
94
-157
80
238
-182
-33
102
-148
-97
-64
-74
-65
-155
11
107
-81
6
208
50
-45
234
110
-207
177
73
-255
41
69
-160
-15
185
-180
29
191
-71
166
131
-84
193
51
-139
145
-5
-162
79
-63
-295
127
-11
-199
225
126
-141
175
85
-153
10
8
-118
133
15
-190
146
123
-91
71
142
-27
65
-9
-23
71
-233
-15
95
-296
-23
74
-99
103
93
-60
172
-12
-54
191
-88
-12
97
-54
-29
71
-133
-136
110
-143
-103
223
-100
-61
207
-152
-98
123
-46
-44
67
-37
53
-103
-139
-11
-207
-44
-30
54
72
124
143
-44
106
64
-93
8
25
-18
80
-100
-68
48
-34
-74
104
-42
56
128
-94
178
-135
-80
147
-73
-38
8
-65
-41
29
-61
-122
18
-87
-142
113
-56
-10
113
-53
136
210
-70
91
293
-12
-44
125
-15
-69
11
-122
-137
-47
-166
-70
153
-161
6
298
-95
-16
294
95
-41
195
-18
-19
-61
-251
-93
-43
-196
64
71
-245
97
123
-157
144
162
-170
288
-1
-170
119
-40
-129
82
53
-142
177
55
-71
-36
-29
-40
-34
-55
131
193
-165
36
128
-304
-48
124
-126
15
78
-24
-50
-60
-67
65
-5
0
171
85
-65
24
96
-142
14
89
-177
59
-51
-94
119
-99
-53
66
-20
-71
144
90
-32
104
29
0
51
-18
3
13
-96
-25
1
-87
-11
-2
-93
-26
3
-66
-55
-30
34
32
16
96
6
11
157
124
57
150
72
-43
60
-78
-145
-120
-181
-34
-33
-100
110
46
47
150
31
33
-1
12
23
-48
-7
-78
-97
54
-63
-33
24
57
6
-25
128
87
97
54
-15
91
11
-70
39
-9
-23
-37
-34
2
-22
-57
116
113
19
72
53
-36
-33
-32
-33
-29
-83
-63
-91
-32
1
-10
63
72
43
137
31
4
54
5
-47
-35
-79
-60
27
-40
-15
169
0
-82
105
-67
-109
-69
-52
-75
-7
42
77
60
-41
86
77
-41
18
-40
-78
-74
-100
-86
-82
-30
-60
16
-51
-136
-75
-67
-18
-31
34
14
-43
-52
-28
32
-43
4
94
62
26
51
89
-7
31
134
-29
-44
4
-85
-12
-33
-55
33
19
-95
46
45
-131
-16
-14
-106
26
-2
-99
88
-2
-113
39
-3
-191
5
-11
-39
66
21
40
131
59
2
136
15
6
117
30
3
64
-84
-45
13
-14
1
2
24
59
18
-33
58
37
-3
119
122
10
106
53
-8
34
32
16
-11
22
10
-31
-59
-21
-34
-15
69
78
9
46
75
-11
-9
24
-4
-68
1
102
2
-28
140
57
-72
11
109
-35
-22
93
75
12
-69
9
28
-25
11
137
21
-46
80
18
-84
38
-14
-83
-13
-47
-116
-28
-29
-89
40
29
-69
23
5
-75
31
-17
-69
20
23
7
78
32
-73
34
-34
-133
3
-24
-80
-49
16
-34
-55
-26
-4
11
-86
-36
13
-125
-113
9
23
-67
-25
108
42
-27
28
65
-49
-59
47
23
27
41
70
78
10
-41
28
-53
-137
-41
-22
-94
-65
-22
1
-14
-85
-40
-42
-101
-104
55
13
-64
45
34
-60
-70
-38
-37
-94
12
38
11
63
66
18
29
67
-13
-12
63
59
31
32
9
-7
-105
-103
-24
-76
-70
131
85
37
156
137
7
70
152
48
69
93
52
-33
-77
-122
-139
-176
-121
-36
-26
-2
24
21
-24
-16
-14
-5
41
93
63
117
127
76
83
148
142
112
165
135
52
27
37
-10
-31
-12
63
14
-12
48
18
-41
-51
-29
-58
-80
-61
-50
-34
-65
-93
-47
-103
-132
-78
-54
-74
-23
19
-2
9
0
-8
28
40
23
82
105
44
40
65
21
-25
12
44
14
4
-5
-14
-77
-149
-111
-68
-118
-74
77
73
-4
80
96
-23
-20
48
30
-1
37
46
-5
-61
-98
-100
-111
-143
-68
11
-4
27
90
64
45
73
83
108
153
160
161
186
104
37
40
-14
-72
-36
-12
-41
-39
-27
-62
-80
-88
-103
-71
-80
-96
-58
-60
-98
-79
-56
-62
-44
-9
2
21
27
6
29
25
-2
34
70
53
50
75
41
-15
-21
-30
-40
-24
-3
42
48
4
13
9
-61
-77
-6
-14
-27
58
74
23
43
37
-21
-38
-50
-63
-70
-69
-64
-24
-14
2
69
98
89
130
126
72
56
59
22
20
73
46
37
54
2
-50
-35
-61
-64
-29
-5
-9
6
-3
-32
-32
-38
-33
-2
20
11
26
0
-47
-84
-102
-137
-122
-98
-87
-57
-41
-58
-60
-40
-47
-31
14
38
13
24
13
-32
-57
-48
-40
-47
-37
-12
-22
-38
-34
-37
-35
-52
-38
-19
-30
-25
3
6
-7
-8
5
-17
-20
8
24
40
56
70
63
48
29
21
23
21
30
57
53
36
35
27
7
11
34
44
48
69
67
39
28
25
21
20
38
51
40
21
10
-5
-31
-37
-3
-5
-8
21
18
-8
-5
10
11
17
33
45
41
35
24
22
1
-17
-17
-15
-25
-24
-12
0
-4
-7
1
0
1
2
28
32
25
33
33
11
-5
8
14
2
19
40
28
20
19
23
11
3
20
32
27
42
60
54
39
39
36
23
27
45
50
38
29
19
-3
-23
-20
-11
-4
4
14
14
-2
-12
-12
-16
-13
-7
-4
-2
-8
-10
-8
-25
-37
-44
-59
-63
-56
-51
-42
-44
-57
-67
-81
-85
-76
-59
-36
-29
-25
-31
-52
-73
-72
-63
-55
-46
-28
-32
-55
-63
-63
-70
-71
-48
-35
-29
-28
-24
-23
-34
-29
-13
-8
-9
8
13
6
4
0
-3
-15
-9
5
9
11
23
33
21
19
24
23
21
26
33
29
26
29
33
28
23
30
32
28
34
42
38
31
20
9
-2
-11
0
10
17
27
32
24
13
6
4
9
9
15
22
9
-5
-13
-19
-24
-16
0
9
9
7
3
-9
-18
-13
-9
-6
4
12
13
13
11
13
11
10
21
23
19
23
21
12
9
15
20
25
31
36
43
38
41
47
39
40
41
35
27
25
27
31
34
40
43
37
38
41
42
43
48
49
42
35
31
24
12
12
11
6
4
3
-4
-9
-13
-11
-15
-20
-19
-17
-22
-27
-23
-31
-37
-42
-49
-57
-63
-64
-66
-70
-70
-67
-71
-67
-61
-61
-58
-60
-59
-56
-59
-58
-51
-56
-53
-49
-49
-44
-42
-36
-27
-22
-21
-18
-16
-18
-13
-8
-5
2
8
11
16
21
18
25
32
34
41
43
41
45
42
41
39
40
48
50
48
52
56
53
53
54
50
48
50
44
41
43
35
36
33
27
29
22
21
25
16
13
12
7
4
-1
-7
-14
-17
-20
-24
-27
-25
-31
-33
-32
-37
-41
-40
-39
-42
-41
-42
-48
-49
-56
-57
-55
-56
-53
-47
-49
-48
-46
-48
-44
-43
-39
-33
-32
-30
-26
-26
-30
-28
-27
-19
-9
-1
2
6
7
6
10
11
14
18
19
23
24
26
24
23
28
32
37
42
47
50
49
49
46
43
47
41
39
42
42
38
38
38
35
35
30
32
33
29
30
28
23
16
12
5
0
0
-1
1
0
-2
-2
-5
-7
-12
-15
-15
-17
-18
-21
-24
-28
-33
-31
-33
-32
-27
-24
-22
-21
-23
-26
-29
-34
-31
-30
-32
-26
-25
-30
-25
-25
-26
-19
-15
-11
-7
-8
-9
-10
-13
-13
-12
-12
-8
-3
2
3
4
7
6
11
12
15
15
17
16
17
15
15
15
11
15
17
20
22
24
24
22
19
17
16
13
14
12
12
13
10
10
10
8
11
9
10
13
9
7
5
1
-2
-3
-5
-4
-3
1
2
-1
0
-3
-7
-5
-6
-7
-5
-7
-9
-6
-12
-13
-11
-11
-9
-7
-4
-5
-6
-10
-7
-9
-10
-11
-9
-8
-9
-7
-9
-7
-4
-5
-2
-1
-1
-2
-1
-5
-3
1
-3
0
2
0
4
4
2
7
3
3
3
3
3
2
3
2
0
1
5
5
4
5
4
6
3
2
2
1
-2
-3
-4
-5
-3
-3
-2
0
0
3
3
0
-1
-1
-2
-3
-6
-6
-4
-3
0
2
3
4
5
6
4
5
4
3
4
2
-2
-1
-3
-2
2
-2
2
2
-2
1
1
-3
0
-2
-4
-2
-2
-4
-2
-2
-2
-2
0
1
-1
1
2
0
-1
-2
-3
-5
-2
-1
-3
0
-1
0
5
3
5
4
1
2
-1
0
1
0
-3
0
0
1
2
3
5
4
4
6
6
8
5
4
4
3
4
5
7
5
6
6
6
5
4
5
3
0
0
0
-2
-2
-2
0
-2
0
2
4
3
3
3
3
2
2
2
0
1
-3
-1
-1
-2
1
1
2
4
2
3
3
1
4
2
-1
4
3
2
3
3
4
5
6
5
5
2
2
3
3
3
2
4
4
1
2
3
2
1
1
0
1
-1
-1
-2
-2
-1
0
-1
-1
-2
-3
-2
-2
-4
-3
-4
-6
-3
-6
-7
-6
-8
-8
-9
-8
-8
-8
-7
-8
-10
-9
-10
-10
-8
-10
-10
-8
-8
-9
-6
-7
-3
-1
-5
-3
-4
-5
-2
-5
-5
-4
-6
-3
-3
-6
-3
-2
-6
-4
-2
-3
-2
1
-2
0
-1
-3
-2
-1
0
-4
-1
-2
0
0
1
-1
-1
-1
-2
0
0
-1
1
0
1
1
2
2
2
3
3
3
3
3
3
3
3
4
4
5
4
4
4
4
4
6
5
5
5
3
5
6
4
5
6
4
4
4
2
5
2
2
4
2
2
4
4
3
4
3
4
5
