4
4
6
7
3
6
-2
0
-1
3
5
-1
5
3
4
1
-3
2
5
5
-1
1
4
10
8
4
3
1
0
-5
-2
-6
-6
-3
2
1
-2
-8
-6
-4
-2
5
1
6
1
-4
4
6
-1
-5
-6
-6
-3
1
-3
-11
-7
-5
-7
-11
-13
-6
-3
-3
-11
-8
-3
-2
-3
1
0
2
-8
-6
-2
-10
-5
-15
-12
-9
-8
-11
-3
-7
-9
6
-1
-2
-1
0
4
12
12
13
15
6
10
12
17
17
15
17
18
12
16
19
19
17
17
20
20
25
16
10
9
13
16
9
6
5
13
8
5
4
4
2
-6
-6
-3
-5
-8
-9
0
-7
-15
-13
-13
-9
-15
-14
-13
-14
-13
-12
-5
-5
-6
-7
-1
1
-2
3
6
7
11
10
9
5
8
12
4
11
15
9
6
2
6
5
4
0
6
10
10
6
3
-2
2
4
2
-1
-1
3
-1
-8
-4
-2
-5
-2
-9
-9
-4
0
8
5
7
6
5
12
7
8
13
11
3
4
6
4
9
11
10
13
14
4
8
5
0
1
-2
1
1
0
-5
-5
-8
-10
-5
-4
3
-4
-4
0
-13
-3
3
-12
-7
5
-13
-5
-2
-19
-14
-1
-6
-15
4
0
-12
0
12
-5
0
20
3
-2
20
10
-10
3
-5
-13
-6
-10
-10
-5
-20
-7
13
-13
-6
9
-17
-16
11
-3
-21
4
11
-1
10
3
-7
11
-6
-6
19
-8
-15
22
-5
-20
7
-6
-12
-5
-14
-16
-17
-27
-8
-14
-32
-18
-15
-13
-13
-24
-19
-16
-26
-17
-2
-28
-24
11
3
-24
-13
12
1
-17
13
38
-24
-16
57
-5
-35
38
22
-28
1
24
10
-23
-4
48
-13
-36
48
43
-20
-6
50
26
-57
40
92
-82
-20
127
-26
-63
90
24
-47
19
37
9
-35
0
72
-24
-87
75
41
-122
27
112
-110
-62
140
-29
-109
74
27
-93
-8
38
-23
-54
-5
53
-28
-76
70
48
-105
24
107
-88
-58
136
-9
-120
74
54
-95
9
74
-22
-44
25
58
-26
-57
69
42
-87
12
92
-54
-74
91
46
-115
1
109
-67
-98
80
37
-128
-12
129
-63
-130
122
58
-160
28
125
-94
-72
104
17
-107
-8
106
-29
-130
103
94
-175
17
180
-126
-108
173
-2
-159
66
104
-97
-72
125
24
-175
37
163
-146
-94
200
-33
-194
128
116
-208
-26
214
-81
-173
165
75
-213
37
191
-125
-130
170
50
-193
34
171
-123
-105
186
21
-199
79
163
-151
-75
198
-19
-164
125
101
-159
-5
161
-60
-121
123
55
-159
35
149
-120
-74
171
-28
-158
108
84
-177
-6
186
-110
-133
215
21
-220
142
137
-219
6
216
-96
-145
191
83
-202
66
207
-160
-106
230
4
-213
92
175
-160
-107
230
-27
-275
152
161
-255
-8
253
-129
-170
212
56
-240
52
212
-163
-126
217
14
-213
88
181
-162
-104
231
-2
-229
148
174
-218
-6
268
-117
-188
251
81
-290
91
252
-219
-93
313
-54
-247
205
129
-267
15
232
-145
-141
222
11
-219
96
152
-172
-63
182
-46
-132
138
84
-160
22
170
-116
-85
167
-41
-139
149
24
-157
97
36
-125
79
27
-132
63
68
-126
23
108
-64
-62
96
60
-153
-12
186
-107
-153
217
-7
-240
201
82
-290
93
173
-228
-8
221
-135
-98
228
-24
-190
140
77
-223
62
163
-199
-39
238
-114
-130
196
-40
-151
142
-7
-129
84
61
-106
15
94
-72
-92
122
23
-159
77
104
-119
27
74
-80
-2
89
-68
-72
122
7
-161
117
152
-241
-10
254
-168
-161
227
-14
-197
131
58
-175
79
82
-174
30
128
-177
-31
203
-101
-123
178
7
-165
94
63
-151
53
94
-125
10
127
-115
-49
171
-86
-152
160
37
-202
85
124
-151
-6
139
-74
-81
34
6
-64
-51
55
8
-114
91
79
-197
97
173
-241
52
264
-208
-11
329
-137
-72
282
-32
-94
189
25
-96
129
84
-73
47
117
-48
-35
113
-4
-73
48
44
-26
-6
23
-14
20
-50
-81
37
-66
-122
62
-13
-153
52
25
-147
19
41
-160
-16
142
-145
-95
208
-35
-211
153
84
-262
20
132
-182
-58
123
-152
9
86
-187
19
92
-207
43
78
-179
74
91
-183
82
123
-228
32
204
-162
-61
241
4
-96
200
74
-36
171
57
-7
216
100
-23
205
185
-20
80
177
63
-10
75
118
-14
61
110
-18
39
133
-74
-45
187
-83
-149
207
3
-236
141
20
-232
36
-4
-226
-37
-1
-170
-69
-36
-104
-48
-85
-166
32
-32
-282
47
139
-346
-91
216
-250
-193
129
-173
-188
94
-185
-157
84
-100
-161
-4
36
-127
-121
109
-38
-156
134
-11
-124
183
-95
-88
274
-110
-91
343
-60
-53
359
14
38
374
20
61
438
11
29
469
33
-29
454
86
-131
339
215
-188
126
290
-82
-118
270
39
-226
182
64
-231
78
36
-234
-19
-8
-218
-120
-21
-161
-221
-31
-122
-263
-70
-132
-209
-23
-183
-180
142
-239
-215
189
-185
-228
112
-132
-156
105
-203
-90
118
-173
-182
55
1
-193
-58
137
-30
-97
93
46
67
4
-101
226
117
-241
150
307
-159
14
247
-19
79
92
-3
201
146
-50
221
274
-6
142
252
87
36
181
129
-30
197
78
-84
212
13
-229
202
47
-355
117
109
-301
-33
137
-320
-33
59
-447
-1
83
-540
-81
217
-576
-142
171
-415
-207
21
-272
-107
-34
-300
105
-5
-366
185
65
-390
177
142
-411
214
204
-416
178
242
-372
105
241
-334
146
237
-260
217
190
-187
251
116
-234
337
41
-256
319
36
-138
176
34
-36
242
-96
-9
420
-113
-12
457
64
-35
375
80
167
163
30
277
113
15
190
95
120
147
-195
286
172
-359
237
169
-282
127
45
-154
148
-130
-107
249
-250
-85
296
-224
-121
277
-93
-152
211
-83
-45
191
-147
1
295
-186
-2
307
-204
111
200
-272
249
129
-385
279
153
-493
296
73
-401
201
-20
-225
150
-118
-64
145
-199
11
213
-308
66
264
-408
105
241
-395
78
237
-463
133
190
-416
109
110
-229
100
-60
-126
220
-169
-177
238
-106
-251
137
-153
-227
101
-268
-306
227
-339
-306
281
-425
-34
216
-428
52
298
-399
-3
192
-120
-102
-90
72
-39
-286
31
106
-301
15
78
-103
-13
91
-125
86
-45
-19
-46
-159
67
-140
-275
31
-93
-301
104
-210
26
64
-188
264
14
-197
550
-126
-246
633
-152
-265
418
-79
-109
180
-118
118
88
-90
171
154
-94
232
45
-5
107
120
-97
47
112
-76
-8
-26
192
-68
-72
310
116
-135
262
276
-44
16
366
40
-122
225
220
-255
142
281
-200
77
265
-34
9
162
119
12
-65
342
-52
-298
517
-36
-499
500
120
-480
203
299
-290
2
250
-110
15
48
81
-32
-20
101
15
-61
27
93
-59
19
16
111
-15
-111
328
-108
-164
355
-62
-240
164
105
-266
-63
111
-122
-205
35
6
-201
-79
129
-116
-193
225
2
-275
146
117
-196
-109
186
-70
-263
63
129
-305
-53
151
-147
-136
93
-48
-102
95
-121
-30
-53
9
-133
-167
12
-103
-162
-154
-31
24
-326
59
156
-283
92
126
-73
47
9
64
64
-136
32
49
-75
-139
29
-36
-119
90
-178
55
88
-124
87
52
-96
206
-4
-291
317
104
-476
180
301
-489
55
266
-283
-37
240
-89
-125
286
72
-205
164
324
-226
-115
464
-66
-404
389
79
-359
169
150
-268
130
116
-178
194
-47
-2
213
-94
-114
348
-50
-312
310
48
-351
166
53
-330
176
98
-403
182
190
-286
100
51
81
-1
-128
215
61
-248
129
147
-270
-21
200
-200
-145
277
-129
-187
262
47
-268
137
362
-338
-29
388
-156
-168
209
-4
-185
74
-25
-91
19
-29
-33
-2
28
-32
35
32
19
62
-78
144
1
-83
56
69
-62
-107
175
-115
-28
116
-70
-60
160
-42
-59
119
-17
90
-1
-90
211
-54
-115
132
-66
32
-52
9
21
-24
-23
56
11
-73
103
34
-58
24
86
-2
-64
78
17
-107
110
-57
-106
153
-103
-29
85
-128
105
3
-178
308
-188
-16
205
-162
7
133
-115
-60
166
-141
-56
58
25
-48
-177
243
41
-349
297
181
-352
67
441
-381
-208
611
-263
-378
467
64
-438
282
61
-204
150
-59
0
13
42
-39
-41
15
-6
73
-231
46
284
-288
-129
449
-241
-188
299
-101
-96
91
-38
46
-50
-75
196
-226
41
188
-234
47
281
-268
-12
253
-163
-193
233
-63
-261
192
49
-237
70
154
-110
-41
38
235
-249
15
229
-155
-63
57
15
-31
-80
63
109
-153
103
42
-78
72
12
-104
137
-37
-125
155
-147
40
68
-201
162
79
-276
283
1
-322
385
-269
-91
205
-280
118
-46
-18
3
-79
189
-132
-128
322
-88
-193
165
110
-240
-106
216
-6
-393
343
135
-443
328
243
-447
148
444
-470
43
358
-220
-223
387
-179
-280
405
-108
-319
427
53
-451
509
-126
-265
356
-190
-196
304
-115
-285
359
-182
-51
105
-118
184
-128
4
229
-264
-35
314
-357
-157
414
-227
-227
272
97
-324
242
78
-203
208
-50
-51
-20
152
-208
30
43
-86
55
-2
-57
118
163
-292
215
175
-272
106
128
-194
126
5
-131
90
-9
-15
-46
40
128
-79
8
110
-50
-5
-63
-115
161
-165
-134
258
-180
37
99
-145
131
173
-250
27
401
-261
-270
485
-70
-471
423
14
-270
340
-145
29
229
-172
2
222
-138
-154
297
-255
-121
231
-160
-213
229
42
-210
92
173
-115
-5
8
-38
-22
-121
66
-100
41
33
17
51
-32
191
44
-339
379
140
-370
209
181
-169
0
55
-52
93
-86
79
-55
81
63
-160
-13
78
27
-201
6
56
-6
-212
-65
198
-171
-84
95
151
-265
132
244
-343
-115
602
-333
-456
799
-139
-532
552
80
-571
504
81
-613
513
238
-731
352
291
-470
6
154
-179
-91
49
-84
0
68
-78
-126
176
-164
-90
50
-91
6
68
-56
-47
189
-76
-101
216
-8
-108
286
-149
-66
417
-343
61
194
-179
277
-232
-106
462
-409
-161
572
-467
39
542
-745
383
239
-633
222
61
-263
169
34
-294
526
-182
-154
406
-176
-135
282
-192
-228
485
-276
-141
542
-238
-101
548
-316
-190
531
-311
-202
348
-341
-20
269
-396
25
376
-297
-151
285
-97
-272
129
-162
-127
193
-170
-87
295
-117
-157
355
-190
-132
249
-24
-133
156
46
17
102
-135
215
102
-244
159
44
-111
71
-117
158
-83
54
141
-212
165
9
-290
105
68
-318
-9
183
-144
-203
320
57
-379
214
96
-323
84
100
-330
325
77
-267
374
-7
-55
158
-75
59
123
-47
74
80
-11
167
-4
-278
232
145
-418
139
128
-315
299
-136
-185
504
-126
-458
567
-80
-622
589
-250
-229
354
-5
-204
426
12
-195
302
67
-140
-32
310
-239
35
299
-368
236
279
-439
220
386
-517
283
174
-506
649
-211
-600
748
-241
-537
469
-117
-256
354
-231
-28
304
-419
185
122
-294
65
225
-441
317
77
-387
340
111
-363
134
343
-594
275
49
-289
4
165
-252
63
185
-350
56
231
-303
-99
259
-322
161
-51
-214
240
-146
-163
227
-91
-252
110
45
-243
67
-66
-182
180
-117
-274
291
124
-391
310
107
-166
142
-80
29
88
-190
84
177
-251
285
163
-482
347
233
-606
161
310
-445
3
259
-205
-12
183
76
-87
31
104
47
-210
54
364
-365
104
248
15
21
40
44
279
-132
-153
290
-80
36
76
-204
190
272
-514
183
327
-363
201
99
-321
397
168
-547
377
207
-460
174
-21
-155
125
-60
-125
286
-80
-115
307
145
-419
339
159
-598
376
48
-593
367
-37
-329
291
-197
-21
244
-132
-214
194
-164
13
-151
-192
212
-57
-365
208
307
-428
131
295
-266
-90
250
-433
84
144
-537
150
72
-400
169
-66
-221
179
-406
82
354
-769
173
507
-610
1
389
-440
147
314
-627
334
271
-516
146
398
-389
-4
230
-243
125
57
-295
222
193
-264
187
-13
76
377
-283
-142
646
-157
-377
655
-64
-301
702
-246
-165
752
-512
56
500
-408
35
347
-278
263
99
-218
417
31
-201
154
351
-371
22
378
-353
-29
402
-341
-82
392
-126
-192
-45
397
-165
-205
70
155
-71
-78
65
-262
371
-193
-293
162
92
-346
-25
168
-344
109
-201
-50
149
-264
-82
241
-240
-168
351
-289
-183
415
-356
-291
670
-389
-335
387
-21
-71
-122
-53
292
-108
-128
93
-40
130
41
-468
471
109
-488
218
154
67
-128
78
117
200
-140
35
114
146
-244
59
260
-199
175
-145
200
221
-154
-141
333
-206
-77
124
-375
208
-58
-147
31
222
-138
40
78
100
-66
-95
169
-300
2
282
-391
-244
391
-185
-66
-62
-180
307
-109
-424
235
139
-551
162
162
-391
230
-148
-144
396
-352
-180
303
-165
-231
47
-28
85
-285
69
375
-282
81
192
12
39
57
51
-90
85
94
-45
-14
170
-1
80
135
-42
305
-226
154
297
-252
-3
386
-134
-97
343
45
-101
107
262
-174
-77
357
-319
-195
556
-442
-200
601
-433
8
440
-413
131
97
-70
-1
-172
-149
387
-586
-13
420
-600
92
187
-279
-118
244
-358
-23
49
-153
-65
-106
-22
-41
155
-325
-14
211
-132
-258
125
40
-394
134
172
-341
80
145
-154
370
-220
-3
402
-217
-24
380
-316
153
188
-301
537
-190
-106
417
26
-114
225
27
25
250
-187
167
294
-213
52
330
78
-191
224
44
86
-33
-246
576
-397
-181
676
-456
-129
648
-434
-21
610
-420
117
203
-110
40
159
-417
252
111
-616
319
-12
-468
134
3
-238
69
-84
-84
16
-22
-49
-195
56
-100
-276
39
-7
-455
150
64
-378
198
-46
-42
9
101
-70
2
110
-26
56
-36
150
47
117
-181
312
193
-469
450
41
-414
354
129
-535
416
151
-417
383
21
-200
335
-172
-150
334
-298
-144
290
-449
152
93
-372
342
-247
44
327
-422
151
241
-290
248
8
-162
290
-35
-10
16
-51
238
-301
-187
435
-351
-255
43
98
-140
-338
241
-150
-105
156
-346
64
136
-354
120
-189
-43
142
-459
16
192
-147
-324
120
211
-79
-78
284
261
-190
469
52
32
241
-108
223
-5
-208
191
113
-371
419
-60
-23
310
-22
71
177
110
-291
343
-118
-273
186
-57
-183
-27
138
52
-150
119
311
-340
364
167
-520
594
134
-501
442
172
-258
412
-104
31
428
-170
-67
464
-207
-218
594
-448
-220
369
-255
-248
214
-413
153
166
-712
365
80
-361
-101
-71
48
-244
-384
-24
54
-459
-144
116
-215
-68
43
-21
60
81
-103
-46
227
-61
-370
236
-37
-218
28
-15
-53
68
12
-39
137
-86
131
-93
-71
3
136
-340
-140
275
-212
-227
106
-100
4
110
-281
70
272
-22
-351
457
408
-602
296
695
-600
491
-51
-32
725
-674
167
872
-778
292
707
-750
590
336
-573
504
305
-462
427
85
-241
417
105
-386
376
186
-301
197
-52
65
27
-140
65
187
-206
-54
392
-413
177
204
-437
199
219
-424
104
162
-370
277
-159
-130
138
-169
34
-137
-157
259
-243
-287
202
54
-334
-30
171
-170
-202
168
-139
-101
138
-280
38
181
-344
162
-75
-104
128
-143
-126
22
25
-152
-151
159
-156
-129
251
-502
404
-12
-464
350
-55
-136
126
-207
157
104
-241
108
198
-151
-113
344
-94
-152
177
189
-245
48
352
-174
-64
291
-217
180
10
-38
-88
178
104
-313
186
192
-209
103
81
-109
375
-420
110
528
-695
233
339
-404
136
-46
-158
308
-352
-215
449
-423
58
49
-262
315
-101
-217
266
-6
-61
21
-38
204
4
-113
109
190
38
10
-75
270
163
-390
246
53
-50
-111
-63
-25
47
-217
-117
118
-159
-144
63
43
-310
55
334
-229
-108
368
-54
124
-136
128
256
-265
68
45
-91
97
-45
-353
289
139
-560
168
443
-729
409
198
-485
400
137
-158
86
306
-146
216
53
-49
99
195
-155
-34
228
-211
120
-99
-180
150
-147
-338
224
-204
-333
351
-353
-263
527
-286
-193
265
36
140
-260
268
183
-73
104
-81
294
135
-322
98
344
-314
157
-178
118
65
-199
26
171
-80
-211
361
-108
-27
-25
97
197
-319
127
162
-170
-14
86
-82
126
-99
-111
277
-312
105
-32
-172
103
-37
-207
134
63
-243
236
-199
17
153
-239
64
84
-54
91
79
-71
155
142
-121
-67
303
-160
-143
202
-16
-55
-33
55
71
-257
87
58
-264
149
-200
105
-23
-118
146
-221
57
139
-282
5
154
-89
-67
129
-57
145
-109
14
77
-71
196
-282
92
186
-52
-74
75
-80
141
-27
-287
257
120
-358
265
253
-357
170
183
-248
138
65
-332
330
38
-380
262
131
-170
-154
8
266
-427
117
46
-184
251
-34
-335
399
-151
-197
327
-455
256
85
-280
207
18
-30
4
-15
61
-145
10
161
-193
-110
488
-400
26
375
-404
49
242
-216
-17
18
74
138
-336
185
289
-527
139
325
-534
265
35
-338
392
13
-409
368
-93
-224
338
-414
15
403
-399
39
309
-262
-80
309
-178
-222
228
12
-164
188
-295
282
308
-826
457
420
-709
153
430
-532
184
385
-535
197
279
-349
76
226
-286
85
104
28
133
-459
444
208
-398
-91
428
-110
-244
337
-131
67
-11
72
-19
-26
78
-175
177
41
-151
37
-4
181
-167
-72
211
-164
-146
441
-387
-135
464
-327
66
-3
-83
77
77
-208
113
-62
121
-67
-118
258
-225
138
-36
-129
236
-191
-12
169
-182
45
56
5
-44
-123
220
-5
-136
79
-72
200
-52
-257
340
-88
-197
270
-63
-167
230
-178
96
131
-209
99
-27
212
-202
-7
149
27
-112
-51
227
-99
-123
190
-38
-137
281
-432
429
-51
-422
344
113
-247
-130
295
-84
-74
-1
-51
232
-159
-334
500
53
-655
344
317
-433
106
-41
38
115
-262
44
272
-219
-256
494
-206
-94
163
-269
127
295
-424
5
307
-195
-73
261
-228
-82
331
-302
80
-66
178
-106
-300
574
-320
-208
350
-254
220
-263
102
132
-253
103
97
-177
8
258
-480
358
-73
-66
16
-30
287
-378
170
135
-180
210
-177
-133
455
-120
-493
571
-114
-150
192
-388
578
-333
-236
429
-93
-212
125
-90
101
-36
-163
223
-281
182
76
-270
51
141
-73
-151
77
114
-198
-8
178
-187
-34
255
-328
55
259
-311
99
-24
99
-47
-210
344
-43
-287
212
118
-86
-148
158
203
-370
127
258
-248
-82
295
-209
63
14
-78
311
-388
146
296
-399
90
311
-312
88
93
42
-133
51
109
-77
-56
110
5
-105
128
-87
26
15
58
-119
6
161
-79
-150
195
-64
-96
234
-280
161
57
-106
52
-33
174
-153
-95
207
94
-354
158
152
-142
64
-140
198
7
-66
-37
201
-131
0
185
-231
-9
215
-135
-373
612
-270
-485
884
-433
-293
688
-528
56
521
-780
443
157
-615
506
-190
-118
256
-310
129
329
-460
144
276
-403
326
-141
-130
282
-419
272
-8
-267
143
78
-122
24
-2
78
-109
136
20
-361
639
-458
-8
278
-269
157
4
-159
277
-109
-177
428
-264
13
156
-12
-8
-176
373
-189
-224
378
-132
-139
89
64
-70
24
-125
273
-166
-21
105
-59
137
-127
13
76
-85
-61
213
-365
81
240
-458
252
124
-433
471
-182
-187
545
-373
-147
393
-311
-45
291
-585
168
323
-332
-16
102
108
4
-127
351
-230
-119
375
-321
24
68
-388
510
-291
-351
849
-630
-70
761
-578
43
456
-553
295
20
-417
493
-581
60
573
-616
-49
596
-300
-42
440
-420
127
270
-151
-331
307
19
-307
120
13
114
-185
139
62
62
0
-73
168
-98
27
-50
-25
-7
-88
62
11
-89
57
22
-22
187
-251
127
133
-187
4
166
-162
45
-21
-59
178
-193
43
66
8
-85
179
-95
-91
170
98
-245
106
170
-101
-23
91
21
-66
-36
129
-36
-68
57
89
-136
235
-75
-65
151
-57
86
-84
-46
43
45
-307
361
-244
-145
436
-299
41
281
-237
2
462
-486
23
463
-679
343
98
-600
538
-47
-573
714
-210
-369
742
-473
-87
562
-509
-25
260
-178
-94
24
31
-30
68
-123
169
-29
102
-124
90
27
-98
100
-197
86
29
-145
-80
312
-303
107
163
-281
401
-274
72
113
-223
213
-8
-433
439
60
-579
608
-317
63
160
-233
169
11
-79
71
7
-187
373
-327
52
127
-75
118
-178
181
-12
-44
174
-223
99
153
-146
-19
4
47
44
-90
-207
448
-201
-361
589
-331
-104
274
-212
-6
163
-241
165
-17
-213
262
-102
-137
93
29
-115
-9
142
-254
62
254
-332
-6
308
-228
-85
213
-136
56
-97
-3
142
-261
79
94
-177
41
81
-182
206
-204
-1
268
-376
168
128
-314
251
72
-422
454
-60
-327
393
-79
-113
93
89
-5
-208
332
-143
-64
150
-105
114
-54
-46
5
213
-289
156
37
-150
259
-218
0
230
-169
-14
89
17
-42
-17
58
29
-199
261
-87
-183
262
-173
144
-201
155
-8
-25
-36
8
139
-136
6
3
237
-385
264
72
-195
145
-4
55
-94
31
128
-88
-113
344
-305
18
316
-398
206
140
-292
103
197
-312
92
199
-392
300
-64
-230
263
10
-314
214
126
-412
307
-24
-211
191
-77
-129
123
-84
-67
75
66
-275
223
89
-341
255
-27
-103
100
-34
-104
265
-242
71
150
-183
188
-143
86
156
-271
302
20
-121
229
-109
127
121
-227
131
346
-451
102
409
-493
259
89
-350
432
-141
-228
422
-124
-223
482
-301
-49
414
-446
176
115
-338
118
204
-540
155
247
-496
147
64
-187
111
-14
-208
142
35
-197
-130
281
-221
-150
265
-232
32
51
-102
20
7
-144
184
-145
-50
163
-239
181
-145
-5
0
42
-16
-77
146
-4
-67
94
10
-54
65
96
-87
157
9
119
59
-116
350
-212
137
-23
107
-63
37
44
-154
127
-7
-247
95
247
-537
508
-96
-394
643
-350
-158
311
-172
-26
58
-197
269
-137
-279
323
-211
-151
79
-80
22
-192
174
-173
-143
261
-397
-79
301
-421
61
113
-288
252
-195
-40
138
-142
108
92
-138
275
117
-122
268
-21
4
209
-201
117
23
-13
-55
1
39
-52
25
-22
150
-20
174
-2
238
51
-38
259
-132
95
40
-100
87
-22
-69
90
-36
-99
88
-98
-30
91
-175
63
22
-175
-14
-83
-84
-55
-50
-96
-17
46
-25
-164
89
21
-208
88
-61
-45
78
-28
62
23
-12
125
-31
-115
205
-85
-217
274
-296
-91
45
-129
-171
31
99
-37
115
170
262
-70
319
184
-77
171
163
-166
96
129
-278
180
1
-303
390
-182
-100
429
-230
55
296
-199
-6
154
-196
-22
48
-229
219
-110
-88
127
-118
205
-227
-38
276
-186
-42
84
-145
141
-108
-148
101
-104
28
-64
-128
73
-15
-158
-63
-128
-4
-50
-231
64
184
-180
27
330
-147
28
319
-126
-20
335
-215
-63
281
-380
46
174
-380
109
189
-253
143
57
28
161
-45
16
105
84
2
-162
185
197
-267
120
37
12
61
-45
-75
329
-175
-68
315
-368
301
-71
-323
389
-236
-167
253
-292
17
209
-453
177
115
-398
248
-133
1
86
-114
62
-91
171
-85
-156
250
-105
-29
-80
97
-112
-108
28
-34
-19
-263
347
-272
-108
366
-331
68
211
-167
-61
317
-320
239
115
-301
345
-125
-13
71
45
-139
260
-94
-124
202
11
-108
23
228
-220
66
26
59
-120
10
130
9
-224
152
142
-313
149
106
-133
4
151
-224
136
-27
-66
39
-38
31
52
-253
90
188
-274
-15
65
99
-175
-65
164
-183
99
96
-359
222
176
-456
260
97
-327
354
-161
-148
199
-61
-63
85
-116
202
-186
69
78
-188
233
-171
13
178
-208
-16
269
-288
99
151
-239
234
-119
-16
65
-114
192
-198
30
136
-196
159
-108
-10
175
-272
247
-183
24
117
-232
105
140
-270
43
236
-323
117
3
31
-38
-41
71
-5
-76
23
169
-355
292
86
-420
327
-31
-108
18
30
-86
68
-142
-86
212
-226
14
70
-197
136
-116
-11
108
-150
134
-2
-98
75
-24
17
102
-236
230
-44
-209
276
-216
-96
290
-286
-11
52
-115
101
-28
-84
16
222
-8
-146
83
406
-390
149
194
-223
301
-177
-25
260
-180
70
174
-241
346
-74
-206
431
-154
-61
253
-25
8
-25
137
45
-81
131
3
61
-6
12
326
-195
86
471
-243
135
263
-198
331
-20
-207
359
-123
-79
144
-52
262
-134
-47
370
-188
64
165
-232
194
-32
-163
159
-210
186
23
-164
281
-37
-117
389
-86
-128
382
-165
54
34
-67
181
-245
-101
218
-377
11
-18
-287
-54
-11
-101
-198
115
-4
18
19
-31
85
120
-144
77
33
-201
85
-91
-342
244
-199
-480
307
-257
-343
173
-209
-172
99
-268
113
-214
-68
188
-309
-7
23
-181
-32
82
-256
179
-37
-155
214
-254
115
45
-279
126
-98
-233
82
-162
-127
-8
-166
33
-109
-223
197
-95
-203
64
-49
-10
-65
-94
200
-146
-129
353
-283
41
225
-108
25
35
63
25
-98
115
48
-244
171
-96
-105
-22
-12
-16
-66
93
-33
8
223
72
-103
256
132
-71
157
106
72
63
93
214
-110
282
158
-102
310
-8
-73
300
-192
-50
350
-164
-133
194
24
5
187
-99
145
247
-36
-46
420
-20
74
215
80
171
29
95
121
56
-172
161
-190
-161
188
-153
-141
32
129
-94
64
136
151
-85
145
189
-168
199
6
-108
206
-200
37
17
-113
228
-241
81
161
-80
-120
284
-33
-5
4
-98
204
-201
-27
-92
-58
-40
-168
-106
-103
69
-152
50
-63
-173
304
-332
161
9
-322
231
-114
-247
46
-58
-103
-9
-267
13
36
-157
-131
-24
2
-63
-199
44
-92
74
-117
-193
315
-323
95
87
-242
292
-128
-248
459
-372
33
321
-613
374
44
-636
544
-225
-357
467
-466
-17
194
-337
173
-38
-341
366
-153
-256
432
-271
106
120
-157
146
-90
184
-92
-146
231
-43
-191
157
178
-250
145
134
-88
189
-40
-15
261
-77
-125
309
-165
114
181
-197
133
220
-192
100
187
-161
135
1
16
-81
57
30
5
-66
-114
246
-128
-63
-1
117
-173
93
-35
-194
374
-249
-67
151
-15
-192
229
-107
-74
184
-166
86
84
-88
135
155
-209
138
223
-145
-4
249
-121
35
91
-145
152
85
-169
151
-14
-133
278
-197
1
202
-246
134
29
-220
188
-50
-166
162
-269
11
202
-339
59
116
-175
-34
125
-62
-84
41
153
-86
-163
131
213
-209
-57
244
-110
7
125
-61
30
288
-322
312
15
-151
347
-87
-135
347
-207
43
224
-299
130
193
-346
41
268
-294
176
-176
131
-43
-120
60
-26
-123
99
-82
-264
250
-152
-119
11
-58
-78
28
-22
-216
292
-164
-43
196
-369
224
121
-242
-132
412
-343
-16
236
-370
280
-11
-162
210
3
-178
313
-39
-309
388
-148
-169
387
-463
129
192
-400
133
90
-295
217
-16
-232
233
-159
-33
198
-245
-59
239
-326
64
56
-153
39
58
-109
-30
141
-53
94
47
-32
137
14
-51
42
165
-107
-8
113
29
-6
-66
151
120
-93
5
198
85
-135
122
103
-7
-66
45
144
-184
142
-55
-4
95
-49
41
42
-134
251
-69
-215
439
-206
-163
394
-368
145
56
-163
315
-224
132
29
-31
124
112
-173
176
195
-210
146
-160
321
-116
-186
341
-214
61
95
-117
123
32
-87
142
-107
5
61
-131
154
-45
-198
234
-156
-146
287
-271
16
291
-319
31
154
-262
59
51
-177
55
33
-178
-4
-9
-77
40
-117
-13
153
-244
24
76
-129
20
11
-193
41
15
-262
106
18
-152
-81
172
-210
-107
134
-160
138
-94
-199
48
196
-595
155
265
-505
170
-52
-135
130
-273
-62
392
-430
-73
375
-455
61
185
-376
1
302
-398
-6
177
-255
170
14
-93
18
165
-234
205
-127
7
303
-372
138
207
-285
24
214
-70
8
264
-310
244
226
-363
191
158
-3
38
-62
-19
379
-523
338
21
-222
452
-283
15
388
-287
266
94
-278
478
-126
-258
500
-143
-194
527
-261
-127
393
-81
-156
349
-76
37
196
-212
-19
161
-78
-17
38
-46
212
-104
-65
356
-84
-64
397
-165
39
157
-5
-33
42
-12
-88
39
-74
178
-163
-43
306
-150
-28
132
-231
259
111
-446
332
91
-273
122
-149
6
116
-107
-98
401
-238
0
212
-138
105
-54
-29
137
-199
-96
46
-227
52
-240
-4
-20
-123
105
-93
79
190
-195
-27
234
-159
6
-13
-56
39
20
-350
165
11
-248
260
-168
14
58
-66
-245
208
-219
-267
175
-42
-227
73
20
-147
425
-365
143
306
-135
199
10
-273
206
214
-619
236
32
-444
501
-428
-112
356
-184
-205
256
-64
-262
427
-226
-58
138
-189
-21
118
-131
-37
230
-136
166
35
33
91
153
23
-119
249
-205
-16
-33
-186
-98
-158
-19
-174
-27
199
-135
65
259
-34
226
48
86
82
70
29
-234
89
-21
-73
-162
-43
94
-210
206
-139
-30
118
35
-267
176
43
-308
275
-165
37
-219
259
-12
-125
88
77
139
-168
236
-15
21
154
-137
3
14
19
-161
-119
53
-199
-26
-142
-53
48
-41
-7
-15
164
-39
270
-188
191
203
-273
298
14
-81
146
-2
88
-45
-96
300
-218
-54
231
-213
-186
340
-322
-28
190
-278
109
181
-135
8
435
-350
294
90
-278
472
-91
-145
270
-126
-75
162
-233
59
25
-250
136
-159
-260
259
-213
-153
90
-55
-26
24
68
51
-8
-9
159
-228
145
127
-164
125
-110
92
198
-479
223
318
-532
180
74
-217
126
-242
-132
341
-468
-149
421
-187
-14
107
88
190
16
71
182
143
50
37
118
-103
237
12
-216
202
-126
148
-85
-165
79
129
-172
-32
-125
344
180
-495
446
67
-68
28
-204
224
205
-395
54
80
-148
328
-523
-7
392
-508
-38
1
-277
100
-333
-48
35
-569
276
-49
-342
122
-62
-130
186
22
-122
297
123
167
51
-21
321
-89
191
37
-178
199
169
118
-134
-104
509
86
-536
566
-18
-193
550
-389
178
415
-207
142
284
-279
273
69
-309
284
-34
-75
-140
206
-208
-197
122
-165
-249
-123
-332
-143
68
-442
-219
264
-327
-260
63
-176
-139
126
-291
-166
531
-548
275
291
-297
469
56
-247
189
314
-457
398
-277
118
223
-412
506
-271
213
187
-350
317
291
-367
359
76
79
249
-195
480
53
-420
670
-119
-242
271
7
26
-120
161
-223
61
-96
-137
-73
-151
-327
75
-106
-335
221
-399
2
461
-869
176
486
-598
148
78
-142
38
387
-422
67
446
-383
81
-184
-83
266
-444
-149
402
-506
-10
276
-374
253
-49
-195
160
179
-250
227
82
13
140
-58
376
-352
540
-252
49
385
-251
312
-19
-26
267
-10
-332
554
-402
-35
381
-637
325
107
-255
18
318
-241
-39
226
29
109
-176
118
233
-179
-139
212
40
-250
138
-93
-395
270
-348
-352
7
3
-221
-428
385
-305
-181
564
-711
247
464
-704
477
187
-434
703
-454
8
654
-809
649
131
-433
640
161
-382
292
-84
-4
123
-319
223
-151
63
39
-365
389
-70
-411
386
192
-318
290
305
-335
377
-82
-229
499
-335
-261
660
-547
-270
366
-508
174
-97
-259
11
437
-702
-54
700
-783
409
-185
-122
563
-270
-384
1034
-650
-242
1063
-879
395
588
-1116
1031
379
-1001
1147
-664
-252
649
-834
-120
470
-635
493
-63
-483
562
-529
222
4
-644
432
253
-740
928
30
-59
61
148
540
-697
32
498
-568
-683
516
-169
-398
198
232
-243
292
314
-777
513
322
-1010
612
84
-132
387
-75
-82
486
-327
18
351
-679
640
244
-447
199
408
-539
232
141
-639
337
-279
-374
408
-679
-16
306
-338
296
-132
38
572
-157
-801
1328
-303
-655
1215
-309
-536
994
-437
-400
830
-1042
416
71
-971
872
21
-866
924
277
-881
984
-160
-95
739
-750
249
368
-674
75
431
-1048
399
286
-654
904
-530
125
560
-499
-339
639
-501
-47
70
-136
235
-409
-218
475
-430
-127
343
-717
701
-62
-401
321
-103
-26
509
-434
441
429
-1010
1001
206
-1014
685
99
-550
19
262
-130
-595
206
221
-149
243
-442
129
1124
-160
-440
200
-203
108
36
-1356
163
420
-806
337
111
-224
375
-37
-175
-163
139
47
-209
-42
343
360
194
-394
215
1107
-961
155
486
-502
117
-632
-215
567
-576
-507
950
-339
-99
702
-607
20
421
-410
213
347
-211
-242
512
-261
-368
135
-803
-487
852
-795
-544
759
-1093
224
260
-862
-30
61
222
-108
-569
1051
150
-1035
1171
415
-617
585
190
-293
643
499
-755
138
818
267
-4
274
750
-445
-123
1405
-37
-1041
1386
-61
-812
848
-234
-258
121
620
94
-325
139
739
-733
-378
1232
-1153
-611
1449
-1037
-800
881
-214
-436
374
135
-532
202
83
-424
-482
536
-303
-927
531
441
-325
-123
747
111
-284
524
205
-764
-235
648
-715
-823
211
-969
-547
-389
-699
-386
181
-179
-89
60
198
377
-124
879
460
-169
147
136
139
36
-739
11
799
-5
-360
236
595
210
403
282
209
439
-229
165
642
-211
464
573
-119
530
-74
-227
720
42
-279
99
37
-238
252
238
-261
-450
170
117
-259
-322
-162
-48
-60
-393
-336
-241
-714
-252
-451
-380
121
-297
-479
-436
-178
-354
-844
-353
-424
-778
-182
-382
-885
-582
-579
-400
-196
-442
-135
16
-104
35
376
-300
-72
532
-203
-14
204
73
721
753
113
880
941
399
698
661
1047
924
700
1098
512
494
631
642
593
309
725
934
587
610
679
466
807
916
539
327
571
423
312
390
-19
-235
158
118
-397
-365
-456
-873
-816
-681
-840
-1181
-1270
-1245
-1400
-1287
-1375
-1657
-1692
-1632
-1589
-1736
-2029
-1743
-1739
-1673
-1301
-1400
-1676
-1181
-888
-1331
-550
-317
-586
14
182
316
487
354
1027
1337
1418
2145
2562
2681
3463
4110
4525
4892
5326
5709
5438
5942
6538
6294
6665
7224
7041
6969
6054
3842
1702
378
-1465
-3717
-4919
-5992
-7693
-8967
-9281
-9912
-10838
-10767
-9964
-9417
-8403
-7221
-6630
-5804
-4394
-3977
-3809
-3020
-2383
-1841
-1060
-326
-50
354
832
1016
1168
1312
1249
1095
988
1300
1742
1517
1949
2736
3139
4107
4945
5971
7205
8141
9298
10522
11250
12553
13861
14759
15830
13340
9095
6833
4791
772
-2349
-3924
-6569
-9792
-11292
-11948
-14134
-15951
-15185
-14177
-12899
-10218
-8549
-7613
-5533
-2698
-1904
-1113
1096
2864
3537
5170
6489
5917
5570
5674
4794
2642
780
-1531
-4099
-5638
-6832
-8208
-9479
-10197
-9966
-9353
-8282
-6669
-5197
-3362
-823
1057
2489
4352
5574
6889
8524
9915
11229
11954
12641
13426
14202
15095
15988
16701
18102
19111
15731
10088
6312
3467
-1674
-6538
-8216
-10520
-14926
-16740
-16367
-18130
-19534
-17698
-15272
-12698
-8477
-5386
-3737
-936
2405
3768
4310
6614
8618
8539
9187
9965
8831
6797
5573
3617
592
-1315
-3220
-7197
-10866
-12762
-14782
-17152
-17950
-16403
-15039
-13479
-10571
-7180
-4139
-893
2546
5312
8063
10411
11291
12126
13521
14349
14102
13436
13757
13967
14027
14252
15053
15880
16982
17312
12126
5478
2948
-295
-7316
-10844
-10963
-14639
-19360
-18901
-17364
-18953
-18856
-14943
-11230
-7231
-2313
464
2084
5485
8062
7697
8167
10345
10456
9065
9205
8724
6179
3524
1918
-149
-2529
-4826
-7926
-11781
-14696
-16190
-17959
-19302
-18378
-16508
-14530
-11902
-8472
-4406
-1040
2300
6081
8945
11067
12314
12438
13141
13965
13411
12391
11399
11150
11212
10633
10691
12077
13064
14719
15350
9796
3704
1517
-1979
-8027
-10237
-9896
-13727
-17745
-16120
-14423
-16272
-15820
-11439
-7377
-3450
1040
3669
5031
7522
8905
8146
8745
10387
9489
7845
7576
6484
3543
641
-838
-2370
-4039
-6544
-9850
-12441
-15339
-17871
-18971
-19132
-17561
-15521
-13681
-10181
-6495
-3145
613
4142
7833
10804
12265
13229
13691
13564
13326
12560
11602
10871
10099
9696
9356
9982
11293
12030
14532
14673
8050
2885
1359
-2966
-8795
-9568
-9770
-14149
-16693
-14667
-14248
-15904
-14157
-9734
-5944
-1817
2277
4086
5278
7480
8313
7623
8726
9685
8257
6960
6683
5043
2375
-18
-1353
-2628
-4294
-6524
-9789
-12820
-14785
-16568
-18245
-18071
-16559
-14802
-13038
-9748
-5615
-2606
286
4152
7770
9911
10984
11536
12024
12048
11912
11177
10069
9378
8815
8258
8543
9738
10623
11732
14326
14389
8374
3536
2111
-1770
-6487
-6671
-7564
-11942
-13973
-12227
-12225
-13670
-11648
-7845
-4586
-1092
2364
4104
4768
6140
6894
6446
7291
7787
6157
5004
4699
3048
674
-1177
-2334
-3256
-4527
-6278
-8267
-10627
-14022
-15585
-16218
-17415
-16580
-14960
-13146
-10086
-6997
-3802
-713
2300
5995
8706
10012
10926
11259
11347
11590
11019
10149
9394
8719
8574
8794
9621
10739
11804
14221
15251
10624
5593
3431
-13
-4118
-5392
-6157
-9738
-12615
-12122
-11935
-13040
-12232
-9034
-5666
-2443
869
2953
3533
4711
5534
5599
6396
7141
6412
5227
4829
3519
1410
-92
-1124
-1812
-2648
-4203
-6115
-8038
-10419
-13152
-14574
-15267
-15565
-14819
-13616
-11037
-8379
-6458
-3501
-170
2654
5409
7366
8395
9079
9470
9378
8849
8242
7550
6866
6553
7090
7762
8510
9739
11774
14116
13367
9458
6045
3780
1249
-1288
-2801
-4434
-7373
-9746
-10437
-10399
-10733
-10290
-7594
-4199
-1447
549
1465
2108
3069
4165
4763
5528
5949
5105
4153
3339
2579
1127
-270
-675
-1182
-2285
-3974
-5961
-7730
-9519
-11102
-12696
-14265
-14461
-13655
-12521
-10764
-8248
-5789
-3486
-417
2874
5063
6398
7659
9104
9910
9558
8920
8145
7357
6681
6493
6555
6812
7519
8661
10695
12687
11728
7503
4007
2629
840
-1447
-2807
-4557
-7685
-9994
-10174
-9858
-10109
-9248
-6329
-3033
-787
803
1704
2221
3953
5436
6069
6859
6859
5536
4388
3904
2939
1403
471
-79
-1002
-2392
-4287
-6337
-8255
-9546
-10546
-12161
-13184
-13395
-13580
-13503
-12041
-9301
-7252
-5179
-1761
963
2639
4385
6295
7736
8600
8912
8545
7895
6953
6350
6057
6308
7082
7512
8323
9935
11535
12186
10544
7496
5497
4155
2303
327
-1119
-3570
-6563
-7831
-8001
-8177
-8277
-7257
-4983
-3362
-2237
-1158
-253
1006
2314
3044
3590
3994
3352
2412
2258
2014
1238
512
-35
-547
-1449
-2779
-4419
-5840
-7025
-8254
-9063
-9502
-9740
-11254
-12616
-11660
-10138
-8522
-6470
-4463
-2176
-679
1201
3600
4986
6148
7006
7266
7433
6973
6233
6482
7191
7814
8076
8550
9621
10823
12047
13139
12230
9255
6960
5317
3116
1161
-581
-3321
-6047
-7341
-8042
-8814
-9075
-8470
-7065
-6057
-4848
-3122
-1984
-1010
581
1728
2002
2547
2899
2670
2805
2948
2472
1980
1679
1189
-176
-1676
-2935
-4516
-6096
-7156
-7921
-8875
-9830
-10685
-11561
-11704
-10561
-8967
-7304
-5055
-2673
-1112
898
2921
4189
5394
6403
7062
7585
7342
7223
7442
7448
7578
7737
7986
8615
9647
11125
12205
11628
9184
6261
4524
2978
1262
-241
-2320
-5034
-6844
-7752
-8215
-8521
-8552
-7673
-6247
-4795
-3522
-2164
-1165
-266
858
1826
2622
3125
2867
2807
3004
2803
2455
2007
1032
-88
-1346
-3002
-4135
-5156
-6317
-6998
-7481
-8313
-9472
-10962
-11558
-10613
-8886
-7018
-5320
-3675
-2246
-1003
841
2821
4215
5674
6910
7588
7692
7270
7047
7191
7470
7781
7923
8281
8999
9839
10808
11644
10959
8370
6328
5336
3622
1634
-47
-2357
-4614
-5911
-6766
-7780
-8846
-9178
-8372
-7019
-5592
-4445
-3852
-3126
-1831
-769
137
1168
1647
1776
2351
2658
2217
1798
1214
507
-10
-859
-2020
-3178
-4283
-5052
-5703
-6644
-7267
-8134
-9268
-9269
-8500
-7542
-6516
-5595
-4049
-2626
-1135
1025
2690
3893
5374
6386
7111
7406
7184
7292
7570
7776
8081
8066
8205
8819
9643
10821
11706
11408
9254
6733
5415
3759
1707
401
-1577
-3912
-5891
-7574
-8876
-9819
-10166
-9412
-8147
-7035
-6349
-5592
-4521
-3067
-1686
-445
884
1535
1646
2139
2483
2288
2175
1962
1575
1172
285
-997
-2021
-3088
-4079
-4741
-5278
-5842
-6335
-6693
-7476
-7857
-7830
-7618
-6280
-4514
-3035
-1472
-337
1046
2576
3903
5595
6805
7375
7767
7772
7702
7575
7529
7666
7653
8173
8740
9224
10155
10647
9634
7650
6038
4815
3262
1710
184
-2135
-4520
-6282
-7700
-8757
-9452
-9782
-9054
-8162
-7328
-6233
-5277
-4032
-2805
-2092
-1059
6
417
739
1376
1735
1480
1443
1454
1078
412
-183
-667
-1344
-2095
-2711
-3181
-3752
-4273
-4576
-5472
-6557
-6877
-6841
-6051
-4637
-3568
-2679
-1790
-680
755
2173
3631
4985
5936
6485
6644
6458
6199
6206
6617
7060
7377
7610
7689
8176
9212
9838
9617
8245
6564
5354
3924
2401
666
-1801
-4091
-5530
-6664
-7748
-8823
-9530
-9231
-8462
-7663
-6676
-5906
-5206
-4019
-2957
-2002
-1157
-794
-536
356
1100
1098
1195
1384
1311
1362
1416
1091
495
-191
-615
-973
-1450
-2010
-2761
-3655
-4043
-4523
-5118
-4933
-4625
-4262
-3627
-2907
-1683
-748
270
1898
2673
3247
3998
4210
4621
4956
5326
5915
6083
6199
6308
6554
7466
8479
9570
10298
9609
7843
6301
4923
3284
1864
389
-1736
-3533
-5092
-6812
-8295
-9316
-9592
-9026
-8340
-7618
-6902
-6529
-5872
-4775
-3998
-2994
-1910
-1421
-668
243
740
1225
1807
2469
2963
3110
2790
2268
1836
1454
1215
814
82
-645
-1611
-2320
-2848
-3774
-4705
-5051
-4889
-4505
-3928
-3396
-3028
-2443
-1524
-305
752
1673
2699
3363
4054
4716
5141
5546
5837
6385
6991
7420
8147
8697
9271
9728
9329
8137
6846
5532
3706
1861
254
-1762
-3467
-4844
-6504
-7877
-8977
-9805
-9592
-8982
-8416
-7675
-7129
-6397
-5279
-4634
-3710
-2586
-1777
-580
886
1694
2019
2325
2581
2944
3464
3495
3247
2987
2525
2090
1369
434
-518
-1357
-1594
-1636
-2325
-3644
-4824
-5566
-5751
-5189
-4655
-4068
-3142
-2423
-1318
-133
767
1912
2923
4117
5226
5595
5853
6146
6487
6831
6937
7156
7414
7915
8700
8843
8187
6798
5178
3818
2451
1207
-103
-2014
-3471
-4760
-6325
-7386
-8379
-9010
-8532
-8040
-7445
-6805
-6485
-5784
-4971
-4231
-3218
-2462
-1928
-1086
3
682
1156
1667
1933
2257
2643
2815
2960
2797
2423
2146
1823
1356
876
453
-41
-722
-1695
-2841
-3762
-4328
-4544
-4272
-3805
-3499
-3031
-2280
-1535
-620
296
1281
2483
3342
4025
4491
4537
4734
4913
5076
5223
5240
5683
6357
7052
7587
7123
5840
4789
4038
3118
2321
1317
-490
-2088
-3292
-4454
-5206
-6068
-6782
-6721
-6735
-6648
-6248
-6226
-5846
-5061
-4656
-4014
-3359
-2885
-1956
-1045
-384
72
497
1128
1655
2335
2843
2812
2844
2661
2465
2325
1878
1565
1293
1018
462
-485
-1391
-2444
-2882
-2944
-3296
-3215
-3326
-3330
-2582
-1995
-1223
-542
-165
733
1512
2000
2364
2422
2698
3152
3636
4011
3952
4110
4683
5330
6140
6614
6263
5510
4882
4327
3498
2555
1617
545
-270
-1131
-2425
-3670
-4745
-5334
-5260
-5225
-5251
-5289
-5350
-4921
-4449
-4302
-4055
-3824
-3316
-2350
-1465
-902
-667
-404
140
661
1110
1427
1682
1946
2118
2344
2186
1682
1517
1534
1573
1519
1141
471
-438
-1074
-1602
-2379
-2889
-3124
-3071
-2693
-2491
-2363
-2309
-2170
-1563
-799
-12
890
1421
1699
2118
2557
2873
3149
3520
3974
4305
4704
5267
5574
5426
4967
4221
3316
2596
2010
1399
1092
637
-66
-735
-1629
-2385
-2887
-3121
-2838
-2697
-2738
-2794
-3162
-3407
-3579
-3701
-3548
-3507
-3292
-2717
-2234
-1839
-1638
-1578
-1397
-1146
-560
298
974
1508
1618
1515
1461
1358
1515
1842
2194
2360
1906
1359
425
-735
-1179
-1569
-1745
-1685
-1875
-1879
-2025
-1984
-1632
-1552
-1116
-507
-36
561
750
650
602
510
621
941
1375
1638
1795
2161
2555
3054
3869
4266
4356
4583
4273
3948
3937
3458
3216
3002
2272
1759
872
-189
-842
-1835
-2384
-2722
-3470
-3731
-4130
-4747
-4989
-5386
-5347
-5055
-4811
-4101
-3794
-3445
-2607
-2124
-1344
-521
-47
691
1231
1692
2225
2358
2584
2869
3002
3151
3148
2953
2715
2499
2216
1694
932
135
-722
-1393
-1853
-2431
-2773
-3021
-3383
-3355
-3346
-3317
-3108
-3015
-2562
-2008
-1603
-969
-549
-208
148
616
1222
1801
2614
3357
3993
4779
5281
5715
6009
5878
5835
5613
5074
4420
3490
2438
1261
178
-677
-1578
-2307
-2943
-3479
-3686
-4065
-4276
-4205
-4365
-4114
-3788
-3664
-3254
-3001
-2600
-1935
-1527
-924
-327
189
850
1264
1735
2165
2463
2952
3284
3314
3028
2564
2410
2157
1845
1651
1034
442
-71
-753
-1188
-1829
-2592
-2956
-3423
-3819
-4001
-4292
-4178
-3914
-3593
-3076
-2750
-2288
-1806
-1335
-570
-88
279
928
1461
1987
2285
2577
2841
2868
3335
3446
3394
3626
3100
2722
2835
2287
1871
1629
1292
1180
777
431
47
-568
-864
-886
-807
-786
-830
-926
-958
-806
-630
-469
-151
149
358
733
967
979
979
977
1032
968
905
919
714
462
267
-54
-340
-599
-877
-1090
-1472
-1785
-2113
-2420
-2492
-2568
-2586
-2522
-2452
-2359
-2313
-2098
-1819
-1777
-1429
-1140
-1022
-744
-573
-305
-145
67
455
703
921
920
815
741
549
414
528
462
387
244
29
40
-61
-233
-90
143
168
391
545
598
642
666
1030
1259
1481
1720
1816
2111
2295
2419
2615
2568
2386
2479
2372
2239
2197
1915
1737
1484
1143
796
412
-7
-202
-288
-432
-667
-975
-1381
-1680
-1801
-1903
-1685
-1630
-1692
-1670
-1815
-2050
-2086
-1839
-1774
-1433
-1259
-1297
-1007
-1054
-920
-653
-560
-494
-348
-332
-182
-377
-574
-489
-634
-482
-534
-560
-495
-670
-601
-293
-378
-210
-163
-192
223
178
253
509
579
727
1019
1177
1145
1125
1123
1295
1370
1327
1296
1160
1034
949
966
896
731
669
585
524
661
508
367
513
300
152
233
183
118
274
205
113
102
-115
-129
6
-35
-23
-34
-217
-259
-324
-549
-415
-590
-746
-747
-976
-1188
-1346
-1339
-1389
-1374
-1378
-1381
-1408
-1351
-1196
-966
-794
-602
-399
-120
47
75
419
518
730
1063
1128
1177
1132
929
1051
1021
854
1029
773
580
481
132
-31
-195
-344
-333
-133
-227
-391
-387
-538
-412
-171
13
311
367
333
451
395
465
604
643
773
880
849
802
641
553
471
295
335
201
-7
-189
-523
-785
-1061
-1318
-1411
-1538
-1570
-1550
-1615
-1589
-1472
-1395
-1246
-940
-703
-394
-191
50
259
380
575
811
955
1148
1322
1339
1349
1369
1302
1172
1147
1030
943
786
590
356
112
-78
-342
-360
-550
-658
-711
-861
-818
-801
-763
-480
-337
-289
-32
1
31
258
310
529
726
676
928
856
811
859
737
738
689
571
547
339
-70
-47
-406
-747
-741
-984
-1168
-1117
-1199
-1193
-1151
-1274
-1166
-1134
-918
-758
-642
-566
-415
-394
-238
35
52
407
549
799
996
1131
1227
1252
1258
1270
1351
1257
1232
1112
907
724
412
247
-115
-255
-323
-663
-641
-834
-1071
-1156
-1330
-1413
-1256
-1399
-1205
-947
-996
-745
-670
-300
-113
-65
435
540
559
949
920
1057
1062
1006
1115
961
1139
1079
774
775
810
532
459
494
257
7
-225
-269
-406
-835
-945
-1144
-1572
-1484
-1487
-1669
-1430
-1331
-1284
-902
-775
-488
-83
-20
541
909
797
1227
1349
1067
1505
1587
1329
1551
1297
1138
1068
920
903
581
358
250
-184
-397
-571
-901
-1001
-1239
-1295
-1398
-1543
-1493
-1512
-1469
-1330
-1164
-987
-960
-778
-612
-480
-280
-72
192
353
575
686
779
1049
1204
1279
1498
1530
1431
1409
1281
1165
1126
879
631
477
86
-202
-426
-661
-695
-804
-880
-837
-977
-972
-794
-807
-473
-309
-275
-122
-44
169
110
345
529
371
464
497
511
491
481
497
459
401
343
279
143
-60
-67
-160
-381
-409
-471
-772
-756
-804
-965
-917
-1066
-1037
-1088
-1064
-931
-999
-858
-606
-534
-206
-46
119
413
394
747
909
975
1242
1147
1217
1446
1168
1061
1093
701
623
601
435
410
309
87
31
-19
-204
-153
-181
-109
-10
-139
-36
-121
-231
-142
-68
-101
-14
-93
-275
-175
-142
-140
-66
10
-77
-71
-151
-78
-175
-198
-85
-251
-227
-323
-488
-619
-675
-694
-613
-686
-718
-744
-837
-801
-752
-611
-473
-282
-191
-29
158
202
296
416
528
751
844
834
1027
882
700
750
720
545
503
436
347
360
169
145
155
-83
-34
-18
-12
53
4
12
61
87
132
204
216
191
207
163
186
176
115
197
238
214
183
82
-76
-186
-138
-165
-139
-206
-381
-496
-666
-802
-842
-851
-932
-905
-885
-957
-977
-1023
-958
-752
-604
-357
-193
-109
3
48
246
377
504
640
764
858
880
827
713
743
614
585
652
627
464
378
309
161
95
-40
-59
-83
-182
-159
-123
-222
-184
-240
-172
-63
-81
-9
42
161
74
162
243
177
268
282
338
346
313
293
252
245
254
171
108
30
-64
-189
-286
-359
-509
-594
-699
-778
-803
-915
-883
-803
-835
-736
-593
-702
-516
-378
-307
-84
-93
56
178
242
365
495
582
624
658
721
799
761
744
855
797
790
756
503
457
279
121
178
52
-51
-174
-293
-319
-480
-553
-571
-566
-550
-507
-399
-509
-500
-451
-424
-191
-92
-24
85
88
297
295
352
549
437
545
601
497
409
294
163
120
14
-47
-144
-337
-476
-518
-536
-645
-611
-583
-586
-532
-492
-469
-448
-392
-269
-137
15
109
224
286
342
551
586
684
836
902
922
902
931
820
711
768
608
482
441
200
61
-64
-242
-302
-465
-582
-596
-756
-780
-868
-923
-821
-856
-794
-668
-669
-595
-497
-360
-222
-141
118
154
216
338
357
385
359
449
451
393
435
325
168
154
113
63
42
110
-17
-37
-59
-141
-101
-189
-150
-147
-121
-100
-119
-143
-125
-67
12
170
230
298
396
416
474
604
641
654
642
707
657
541
491
387
255
183
185
7
-134
-246
-375
-542
-541
-602
-740
-748
-820
-830
-831
-877
-881
-790
-764
-590
-474
-524
-347
-303
-272
-53
-26
100
205
214
344
363
393
399
475
501
553
625
549
551
524
472
461
392
273
290
175
103
76
-53
-112
-120
-166
-135
-101
-115
-84
-5
81
99
194
202
272
325
331
364
357
282
290
304
148
172
80
-29
-47
-168
-224
-287
-451
-479
-522
-610
-576
-711
-727
-699
-767
-749
-650
-689
-602
-508
-515
-369
-312
-312
-155
-50
8
198
233
335
405
430
517
607
607
638
728
640
600
612
512
428
371
316
257
216
145
20
5
-46
-129
-76
-57
-91
-30
-46
-32
43
-21
88
74
92
181
129
144
131
100
100
86
104
15
-5
15
-125
-141
-167
-213
-301
-277
-326
-377
-412
-472
-447
-512
-454
-434
-501
-429
-378
-447
-351
-305
-275
-166
-87
10
28
112
211
213
263
383
369
401
417
429
389
335
317
271
227
213
224
143
145
125
67
83
66
23
88
88
81
161
110
92
111
94
115
173
165
206
196
175
196
94
47
104
47
-29
5
-61
-197
-270
-298
-378
-440
-433
-418
-473
-471
-489
-554
-536
-539
-477
-415
-361
-269
-256
-196
-148
-90
19
106
268
348
405
503
460
497
540
499
568
587
492
487
450
272
243
223
106
133
87
-2
1
-100
-164
-171
-225
-226
-234
-241
-254
-293
-277
-277
-265
-201
-181
-114
-67
-60
11
11
36
132
131
118
178
161
72
104
118
39
48
32
-49
-78
-134
-198
-183
-241
-277
-249
-309
-351
-342
-382
-348
-288
-282
-184
-118
-110
-13
40
65
203
285
314
439
456
461
453
497
494
480
514
537
495
420
431
357
274
248
174
153
47
-59
-81
-249
-323
-356
-471
-446
-518
-525
-518
-546
-527
-500
-463
-400
-370
-282
-261
-222
-130
-148
-86
-28
6
19
76
86
123
123
127
187
135
174
156
159
172
111
160
138
70
131
81
59
88
65
93
70
74
131
81
88
136
108
156
95
211
192
155
255
220
237
269
243
261
277
187
234
124
104
66
-85
-63
-150
-283
-276
-357
-451
-419
-537
-500
-508
-532
-465
-497
-436
-405
-390
-349
-274
-247
-229
-170
-91
-82
-22
94
94
121
255
220
296
395
322
436
436
375
467
394
363
401
286
282
270
148
162
135
16
42
26
-61
-41
-43
-77
-39
-51
-24
25
17
92
109
107
180
154
171
210
157
176
129
99
74
-23
-34
-110
-157
-204
-234
-313
-278
-368
-367
-337
-427
-328
-411
-359
-345
-406
-343
-339
-404
-295
-365
-354
-226
-334
-192
-187
-152
-29
-28
102
183
194
316
389
391
520
491
573
535
603
571
492
590
455
424
437
333
291
280
128
188
94
13
77
-85
-39
-36
-143
-95
-102
-124
-134
-110
-120
-112
-134
-79
-121
-116
-100
-102
-131
-129
-102
-184
-113
-150
-211
-131
-216
-222
-161
-298
-255
-231
-394
-294
-352
-457
-307
-486
-406
-354
-445
-308
-290
-240
-135
-94
31
108
184
302
363
422
547
518
618
627
601
665
592
596
545
516
422
392
329
261
197
113
92
-20
-49
-92
-131
-168
-236
-180
-267
-241
-236
-256
-231
-234
-225
-187
-211
-178
-158
-189
-94
-177
-97
-111
-101
-95
-90
-47
-161
-37
-67
-144
-79
-54
-174
-93
-139
-149
-126
-228
-88
-176
-186
-108
-129
-127
-41
-64
-22
41
29
85
119
143
182
208
170
316
198
272
314
229
307
300
282
251
338
228
235
246
197
192
152
109
97
82
-29
-7
-8
-132
-104
-105
-196
-149
-170
-233
-172
-210
-244
-166
-204
-221
-93
-246
-170
-68
-196
-101
-88
-67
-99
-17
-40
-58
21
-11
-43
2
9
-36
4
-34
27
-8
-80
57
-57
-19
0
-20
-4
16
37
20
52
84
98
52
141
159
123
139
252
110
248
207
178
242
183
220
119
198
115
81
81
8
21
-45
-103
-80
-122
-222
-130
-235
-265
-167
-303
-267
-191
-263
-229
-188
-188
-129
-109
-108
-9
-10
15
72
85
131
152
167
162
201
235
154
191
215
108
187
82
99
55
29
-3
-58
-14
-118
-112
-151
-134
-136
-180
-162
-103
-156
-100
-76
-66
19
-37
44
91
62
150
168
113
234
189
172
222
184
180
143
134
84
87
-7
-29
-58
-116
-149
-213
-202
-294
-208
-356
-299
-223
-372
-248
-250
-268
-139
-228
-124
-14
-132
107
25
66
207
142
219
263
248
314
290
256
356
225
262
270
171
228
133
67
114
31
-30
-25
-75
-87
-108
-173
-109
-157
-176
-146
-133
-143
-101
-100
-93
4
-69
27
19
-1
98
61
42
139
64
100
70
30
90
-12
-10
-17
-75
-87
-105
-168
-143
-208
-204
-194
-242
-195
-203
-228
-156
-156
-141
-91
-97
6
-27
51
100
71
213
176
159
286
248
229
307
238
277
267
200
242
201
156
133
109
87
18
20
-37
-37
-96
-97
-88
-153
-121
-137
-150
-114
-145
-107
-73
-125
-51
-24
-91
-1
27
-39
64
17
6
110
-26
18
112
-66
49
-19
-49
50
-159
-36
-39
-197
-53
-162
-151
-90
-239
-85
-141
-199
-67
-141
-115
-4
-123
-26
83
-97
134
62
41
203
59
166
212
93
210
200
124
221
136
189
152
95
201
35
98
98
-6
61
-9
-41
2
-53
-114
-2
-114
-115
-35
-154
-75
-103
-134
-83
-78
-108
-82
-41
-66
-61
-34
4
-49
14
-5
-19
-1
11
-20
11
3
-74
42
-82
-41
22
-112
-51
7
-159
10
-55
-109
28
-127
27
-42
-54
56
-6
-9
102
22
76
104
53
190
78
120
187
95
156
167
87
166
145
54
130
85
49
69
11
35
21
-30
-51
13
-85
-118
-5
-145
-97
-66
-139
-94
-49
-149
-70
-63
-115
-40
-65
-67
-51
-11
-85
7
-41
-60
0
-33
-55
-9
-5
-94
12
-13
-46
-18
-4
3
-8
-25
47
38
-7
55
49
57
22
61
69
46
62
91
29
75
95
11
109
65
47
100
26
84
72
-9
128
33
-14
141
-14
34
51
12
24
-14
46
-4
-9
12
-49
22
-57
-58
13
-95
-52
-49
-86
-69
-41
-137
-67
-48
-128
-84
-70
-84
-86
-73
-66
-53
-59
-45
-28
-26
5
0
15
14
64
31
18
102
32
62
54
69
57
30
46
17
10
12
-10
-11
-19
-14
-19
-59
-5
-25
-29
-43
2
4
-36
26
12
15
33
17
42
48
47
22
87
18
90
43
18
91
39
18
34
80
-24
37
18
17
-20
8
19
-55
9
-23
-64
-10
-45
-59
0
-91
1
-33
-50
-10
-10
9
-33
31
7
-2
32
18
-27
55
1
-53
27
-31
-51
-29
-87
-41
-63
-145
-57
-99
-122
-75
-111
-81
-89
-66
-69
-51
-2
-40
11
41
13
87
75
16
184
41
94
146
78
133
92
117
105
115
57
140
25
110
81
-11
106
13
9
28
-14
13
-41
-46
17
-72
-36
-21
-30
-50
-7
-37
-30
19
-46
37
-11
-8
31
-24
10
8
-44
-6
-13
-93
-31
-79
-72
-100
-131
-69
-126
-136
-94
-117
-89
-103
-106
4
-129
8
-18
-48
94
-30
8
135
25
38
155
30
154
69
53
204
22
92
122
19
149
-2
46
137
-7
12
83
5
30
12
-8
78
-75
39
12
-6
42
-11
2
83
-11
16
79
20
32
55
27
67
5
24
43
17
-9
-37
32
-38
-89
-18
-82
-72
-114
-118
-21
-174
-84
-83
-114
-79
-96
-88
-55
-48
-90
-12
-46
-18
4
-62
56
8
-43
61
-6
23
-6
-2
49
-25
2
16
0
-35
37
-46
1
-10
-26
24
-92
53
-33
-21
4
12
10
-15
74
-4
52
75
77
45
115
126
36
171
101
90
189
69
139
115
97
109
58
130
27
30
104
-25
-25
61
-50
-86
9
-81
-77
-66
-121
-54
-120
-126
-97
-96
-148
-102
-105
-148
-86
-117
-119
-113
-53
-98
-125
-33
-72
-73
-49
-67
3
-76
-3
-19
-31
60
-68
51
2
58
8
33
84
26
105
1
135
53
63
129
33
102
126
43
80
129
51
101
26
87
104
-29
60
68
8
-4
18
13
-48
13
-51
-2
-54
-35
0
-116
9
-26
-82
-18
-26
-25
-26
-26
17
-1
-16
12
29
-4
41
29
8
51
46
-11
23
51
12
-36
24
33
-65
-1
-22
-58
-18
-76
-47
-77
-46
-85
-82
-59
-54
-76
-107
-12
-47
-117
-15
-15
-77
-8
-15
-28
22
-19
23
24
47
10
46
73
37
76
68
79
81
67
72
117
57
45
143
38
47
113
29
81
29
37
76
9
22
47
-9
26
15
-45
29
-1
-62
-16
-11
-38
-56
-48
-17
-65
-35
-64
-36
-34
-50
-76
-12
-48
-56
-23
-79
30
-55
-68
29
-22
-53
17
-22
-5
25
-37
22
29
-30
31
11
-20
56
-24
2
40
-21
24
9
-22
47
-25
0
28
-33
34
-19
-6
37
-35
15
15
-19
26
-3
4
27
-5
21
20
4
20
31
7
6
45
12
8
44
12
26
24
15
35
8
19
13
16
-3
12
4
-26
33
-54
-11
21
-64
-3
-18
-32
-11
-38
-30
-6
-40
-37
-16
-20
-35
-28
-14
-17
-28
-1
-23
-12
14
-20
-4
29
-6
-1
37
-1
26
26
13
17
53
-15
34
39
-11
46
18
8
20
12
13
-1
-8
26
-26
-6
-9
-4
-32
-22
-18
-23
-17
-59
12
-21
-69
10
-15
-49
12
-23
-18
9
-17
-1
20
-17
18
19
-20
36
15
10
13
36
16
3
48
6
21
40
-24
51
18
-32
58
-11
1
17
-17
-13
35
-54
-10
23
-51
4
-38
-6
-18
-29
-19
-19
-8
-41
-23
3
-28
-23
1
-24
0
-10
-18
10
7
-32
14
16
-11
17
-12
28
15
-9
15
29
10
-3
26
25
-5
11
31
-15
30
3
-7
23
-5
3
0
-1
-8
14
-22
-19
34
-43
-10
10
-25
-13
-15
-4
-24
-5
-20
-6
-12
-15
-17
-4
-6
-18
8
4
-10
21
6
-10
50
-17
24
20
13
33
11
27
27
13
15
29
0
26
0
8
9
-1
8
-10
3
-12
3
-16
-21
10
-15
-39
30
-44
-34
37
-59
-6
15
-55
26
-9
-42
55
-31
-17
54
-22
4
33
-3
13
2
30
5
7
10
8
29
-20
9
26
-2
-30
29
-9
-16
24
-43
20
8
-36
3
17
-11
-5
0
6
16
-16
-7
39
-22
-2
25
-7
22
-27
29
4
-16
22
-8
2
8
-9
-3
-3
-5
14
-31
-8
23
-28
-11
-17
20
-9
-43
23
1
-7
-17
5
22
-4
-10
18
11
-6
22
-11
17
25
-9
12
11
16
-6
5
3
4
-8
-2
1
-14
-4
-22
2
-15
-25
4
-32
-5
-2
-29
6
-15
-5
-3
-7
-8
17
-2
-15
29
10
-3
8
6
19
6
-21
38
-6
-15
30
-27
10
15
-44
20
-25
-8
0
-40
7
-17
-14
-18
-9
1
-6
-13
-7
11
-3
-11
0
28
-1
-6
24
12
2
8
29
0
6
27
2
12
13
13
10
-7
21
5
-25
23
1
-21
4
0
-13
-1
-2
-17
17
-26
7
11
-24
24
5
-20
20
12
-6
0
17
-2
17
-3
-9
37
-6
-27
25
11
-28
1
7
-13
-13
-12
-12
-8
-35
-5
-3
-43
-13
-1
-29
-18
-3
-16
-8
-13
-9
13
-21
10
8
-5
16
7
-4
32
-10
8
33
-19
21
16
2
7
11
5
11
-3
11
-2
-1
23
-30
34
-9
-20
48
-26
2
38
-17
32
-5
-11
82
-38
-9
89
-39
33
25
-31
73
-22
3
49
-44
53
0
-55
63
-17
-28
21
-25
14
-7
-46
22
4
-65
24
-7
-45
12
-32
-1
-6
-37
-1
13
-34
-4
0
-8
-3
-9
-8
-4
6
-10
-13
-17
40
-41
-25
30
-18
-1
-23
-1
36
-51
-12
64
-56
-17
55
-28
-13
7
16
25
-57
32
62
-64
25
63
-47
44
12
3
36
-32
57
30
-60
76
16
-26
64
-36
34
32
-26
23
-9
40
9
-53
48
18
-28
8
-9
27
3
-41
29
-6
-12
-4
-27
39
-46
-20
44
-70
9
8
-65
42
-56
-19
29
-68
13
-9
-36
2
-19
-21
-11
-23
4
-32
-18
-11
-1
-10
-36
3
7
-23
-19
15
-19
16
-16
-13
27
-7
-2
16
-20
18
21
-9
-2
17
37
-19
22
8
4
54
-42
23
55
-17
21
15
10
38
1
-1
38
10
-14
39
11
-27
41
0
-11
6
5
8
-11
-6
-4
0
-1
-24
-8
18
-19
-23
16
-20
2
5
-41
49
-12
-53
53
-2
-56
48
-20
-14
13
-37
18
-13
-25
-2
-16
-7
-15
-28
6
-31
2
-19
-31
27
-32
10
-23
-13
52
-32
-22
58
-11
-5
48
-19
31
24
16
5
11
53
1
-4
45
3
-7
32
-19
15
13
-33
27
-37
12
9
-69
31
3
-41
7
-12
14
22
-47
44
20
-10
39
-11
22
70
-29
0
87
-22
10
33
1
19
-11
15
-23
-10
13
-42
-36
18
-22
-83
29
-41
-44
-2
-47
-1
-35
-9
13
-49
7
48
-52
34
21
3
39
0
45
14
-6
74
1
-34
66
4
-26
29
-17
-21
19
-14
-39
-32
27
-31
-52
6
-8
-31
3
-25
-9
25
-29
34
9
-7
65
-8
8
79
-32
53
27
-8
53
1
-10
22
17
-15
-36
-1
28
-73
-10
-6
-48
-14
-30
-39
-33
-1
-25
-27
-31
26
2
-40
30
14
7
24
9
27
37
22
7
13
52
4
-24
50
-8
-1
9
-37
3
17
-34
-43
-1
-23
0
-43
-45
28
-34
-18
-8
-36
40
9
-51
20
44
-11
12
16
10
53
-14
15
30
-1
11
11
-7
-4
45
-65
-5
60
-57
-27
15
9
-19
-49
24
12
-40
1
-1
-1
14
-16
8
3
26
-18
1
30
-6
4
5
17
0
-6
10
15
-17
16
10
-37
46
-9
-45
61
-19
-35
41
-29
2
17
-54
28
18
-41
-20
38
5
-51
14
3
3
11
-53
32
54
-81
29
44
-51
38
1
-22
33
-16
2
27
-48
28
14
-41
15
19
-16
-31
53
-8
-47
40
14
-32
25
4
-35
58
-15
-12
28
-3
25
11
-28
37
25
-28
35
3
7
-2
13
10
-7
11
-6
23
-23
-5
34
-50
17
18
-49
42
-24
-1
23
-42
28
9
-40
31
16
-49
25
1
-5
-21
5
3
-27
20
-17
-26
13
16
-64
32
3
-37
25
2
-16
6
1
7
25
-31
17
26
-7
3
24
-32
29
18
-55
58
-28
-18
31
-18
-10
-13
-5
23
-36
-22
38
-30
5
-6
-3
27
-38
30
34
-51
38
7
-9
42
-48
21
55
-59
11
42
-59
35
-17
-16
21
-30
1
9
-14
1
-1
-30
54
-24
-29
41
-1
-10
8
17
-21
27
-2
-12
22
-25
-3
31
-25
-23
25
-22
-14
22
-43
-2
26
-37
15
-8
-29
37
6
-38
27
-7
13
-3
-4
15
-17
27
-20
10
-18
10
-13
-4
18
-53
22
5
-5
-18
-12
34
-16
-19
35
-30
-2
46
-66
56
7
-42
58
-4
0
11
-27
31
27
-78
46
6
-42
20
-3
-15
-12
20
-25
3
-1
-2
-9
20
15
-38
32
6
22
-10
-11
26
27
-21
-21
45
-29
10
4
-10
18
-16
3
9
-3
-22
-6
-7
-3
-9
-35
9
13
-7
-33
27
12
-7
11
-25
39
-3
-8
6
2
8
5
-10
-2
29
-19
-34
39
5
-38
4
4
32
-35
-19
59
-24
29
-43
32
44
-65
27
5
-9
13
-34
23
25
-26
13
8
14
-9
6
2
-3
5
-24
5
0
-20
11
-20
1
4
-7
8
-1
6
14
-2
15
18
-19
20
-5
17
-14
-23
22
-1
-10
-43
37
-9
-3
-14
2
18
-12
19
-29
20
3
-3
2
-29
2
20
-39
-12
15
-11
-14
15
-9
16
-5
-3
35
-20
11
-17
10
6
-40
0
14
-17
-7
20
-10
27
-4
-1
53
-21
-6
28
15
-28
-6
32
-8
-29
17
11
-14
-37
35
17
-58
21
19
6
-9
4
13
32
-37
16
4
-39
47
-51
-18
24
-33
0
36
-45
40
30
-48
62
-32
1
32
-46
5
0
-36
6
4
-26
7
-4
12
-12
8
21
-49
50
7
-56
37
0
-16
17
-44
27
-21
-42
34
-27
-17
-2
28
1
-33
38
33
-13
19
14
19
12
-47
24
-27
-18
26
-31
25
35
-56
23
94
-45
30
39
-15
73
-51
6
37
-68
39
-23
-51
35
-26
-3
26
-82
72
3
-48
35
1
-48
34
33
-102
61
-50
-37
40
-7
-56
62
-32
9
31
-72
100
-16
-29
99
-39
16
41
-51
111
-47
-13
102
-44
45
-11
-31
98
-59
-3
80
-18
-30
-1
46
-30
-92
80
-80
6
-23
-95
97
12
-152
107
1
-117
222
-163
14
109
-108
55
3
-46
74
-43
25
72
-81
80
-31
-45
70
-100
69
-24
-56
133
-73
-84
118
-70
-38
91
-215
124
-14
-203
120
-50
-15
47
29
25
36
71
-18
92
-41
-3
43
42
54
-150
161
-44
30
13
-98
155
-92
-100
134
-79
-114
95
-8
-35
-45
-19
-7
-10
-7
-46
-154
32
10
-151
3
66
-111
61
88
-173
94
15
-47
71
-95
61
103
-78
-1
133
-127
104
246
-157
96
34
110
28
15
153
4
93
102
64
-207
179
-11
-398
242
-222
-295
-42
-57
-250
-23
-78
-26
144
-309
432
-38
-169
494
-194
-109
539
-263
-246
512
-222
-104
105
-61
115
-139
-23
146
57
-154
57
220
-283
83
170
-387
31
289
-483
-28
292
-495
191
103
-253
253
-76
-109
272
7
-191
380
-146
-52
304
-191
-8
412
-228
-215
451
-117
-243
153
-143
-22
89
-229
48
7
-42
53
-68
59
171
-95
-103
237
-146
-182
209
-92
-103
50
-82
81
-81
-16
140
-84
89
38
-75
59
155
-58
-11
176
60
-16
190
-1
-89
222
30
-61
34
57
-6
-9
50
105
-33
-61
124
-142
-90
-10
-212
-82
1
-99
-77
-87
-50
100
-152
133
36
-227
140
65
-270
-77
11
-141
117
-32
13
131
-104
18
201
-88
26
243
-85
-118
170
23
-229
-105
-3
77
27
-26
-118
-13
12
-26
35
-101
80
101
-6
24
9
-42
52
135
94
-38
43
18
66
212
24
7
43
72
14
-26
7
76
-68
-155
19
4
-46
-122
4
-51
-60
54
15
-81
-78
263
91
11
109
61
10
-69
-12
45
5
-100
139
19
-69
117
-66
25
95
8
-57
38
-41
-90
-41
-72
31
-110
-58
75
4
-91
-56
-23
-164
-56
58
-44
-29
-7
-26
-50
-33
0
57
-13
53
5
-64
-51
-48
-11
-70
-26
-80
-190
-68
-100
-289
-152
-72
-173
-117
-70
-15
11
61
75
78
138
121
259
270
59
180
224
116
112
179
19
49
128
-44
80
100
74
215
218
127
205
205
175
228
159
89
197
81
-20
37
-40
8
53
77
35
-25
-45
32
93
42
6
-21
-84
-96
-79
-188
-240
-224
-312
-380
-370
-569
-676
-629
-705
-739
-786
-776
-829
-832
-806
-775
-792
-696
-604
-592
-477
-401
-336
-304
-147
-42
62
206
422
481
580
887
1062
1121
1294
1463
1539
1676
1863
2067
2256
2433
2590
2707
2803
2920
3129
3214
2522
1608
1074
588
-77
-613
-1055
-1776
-2717
-3187
-3224
-3536
-3885
-3707
-3529
-3479
-3179
-2824
-2616
-2269
-1901
-1624
-1267
-980
-788
-989
-1001
-581
-365
-258
116
196
10
47
128
212
364
355
276
272
317
338
500
798
1273
1654
1786
2150
2632
2931
3239
3803
4266
4678
5298
5858
5202
3733
2849
2346
1424
787
540
-571
-2331
-3387
-3626
-4270
-4783
-4651
-4478
-4752
-4681
-4132
-3757
-3470
-2791
-2193
-1762
-924
-284
-206
205
935
1436
1749
2278
2566
1968
1409
1224
792
272
-73
-657
-1431
-2046
-2392
-2759
-2849
-2560
-2273
-2129
-1833
-1292
-1001
-580
226
1142
1756
2247
2814
3257
3684
4290
5018
5583
6203
6678
7248
6901
5406
4186
3360
2311
1190
697
-401
-2521
-4244
-4929
-5454
-5978
-5976
-5740
-5975
-6109
-5568
-4770
-4069
-3237
-2386
-1754
-972
-73
465
865
1753
2500
2746
3178
3514
3054
2261
1860
1340
515
-180
-962
-1966
-2795
-3287
-3692
-3759
-3503
-3135
-2805
-2412
-1874
-1188
-627
105
1295
2083
2636
3345
3843
4200
4831
5522
6058
6771
7230
7723
7289
5632
4470
3731
2500
1382
830
-465
-2712
-4497
-5137
-5772
-6314
-6191
-5972
-6255
-6447
-5892
-5068
-4303
-3348
-2471
-1824
-1099
-231
285
822
1837
2573
2794
3169
3423
2677
1833
1565
1153
674
249
-613
-1728
-2604
-3206
-3394
-3263
-3033
-2808
-2706
-2457
-1782
-1003
-392
565
1647
2234
2818
3531
4018
4527
5145
5738
6394
7057
7484
6629
5071
4195
3467
2331
1769
1356
-174
-2301
-3724
-4320
-4883
-5223
-5215
-5251
-5712
-5850
-5305
-4670
-4063
-3358
-2789
-2127
-1208
-466
-135
367
1100
1645
2059
2667
2664
1852
1333
1120
1009
883
414
-353
-1230
-2070
-2552
-2547
-2574
-2604
-2523
-2509
-2227
-1603
-1075
-554
315
1157
1852
2697
3404
3949
4431
4979
5673
6389
6915
6398
5245
4389
3718
2792
2241
1904
734
-807
-1988
-2703
-3418
-3983
-4186
-4295
-4686
-4930
-4685
-4412
-4114
-3681
-3316
-2881
-2114
-1378
-976
-405
181
518
981
1705
2137
1928
1624
1342
989
799
658
348
-172
-817
-1502
-1840
-1947
-2015
-1994
-1987
-1863
-1585
-1354
-1040
-428
143
634
1313
1974
2388
2723
3116
3417
3911
4410
4762
4806
4140
3447
2994
2482
1930
1681
1131
288
-402
-957
-1550
-2006
-2231
-2490
-2597
-2696
-2701
-2562
-2496
-2360
-2227
-2064
-1638
-1195
-834
-520
-347
-281
-81
254
589
689
678
457
-22
-367
-504
-593
-808
-942
-1243
-1685
-1802
-1748
-1749
-1631
-1388
-1277
-1129
-831
-504
-217
8
351
760
1000
1308
1538
1570
1632
1828
2106
2178
2318
2428
2454
2392
2204
2016
1831
1562
1355
1388
1229
891
579
316
79
-21
-9
3
-58
-266
-368
-323
-347
-278
-233
-335
-430
-430
-663
-823
-774
-864
-889
-905
-960
-1255
-1534
-1580
-1577
-1594
-1629
-1644
-1837
-2058
-1940
-1752
-1573
-1355
-1200
-1162
-1075
-802
-548
-398
-197
34
80
169
320
335
318
372
480
576
697
815
864
847
876
1041
1251
1438
1635
1733
1727
1720
1753
1827
1915
2027
2100
2110
1992
1793
1583
1458
1385
1383
1285
992
638
238
-27
-176
-171
-240
-435
-703
-1076
-1343
-1479
-1506
-1501
-1552
-1579
-1795
-2060
-2218
-2275
-2236
-2146
-1888
-1816
-1852
-1848
-1789
-1697
-1482
-1190
-1000
-898
-789
-662
-678
-547
-368
-213
34
309
497
444
434
496
653
953
1251
1373
1278
1171
1119
1175
1337
1541
1624
1640
1707
1688
1638
1594
1647
1681
1706
1809
1679
1400
1092
912
815
822
871
750
488
183
-6
-119
-113
-75
-96
-237
-472
-695
-901
-1049
-1134
-1190
-1268
-1446
-1655
-1856
-2039
-2165
-2197
-2189
-2151
-2100
-2103
-2103
-2113
-2000
-1809
-1512
-1162
-862
-672
-561
-404
-209
74
396
692
841
896
910
901
950
1080
1221
1285
1326
1321
1208
1104
1094
1111
1172
1267
1320
1251
1122
1036
987
1046
1213
1337
1375
1316
1217
1104
1031
1038
1030
1001
902
727
469
192
-37
-193
-299
-393
-555
-839
-1084
-1294
-1420
-1438
-1432
-1515
-1655
-1729
-1792
-1825
-1751
-1654
-1609
-1516
-1385
-1293
-1229
-1137
-1002
-857
-656
-439
-316
-250
-208
-115
15
207
401
494
515
535
586
644
806
978
1077
1103
1131
1137
1093
1125
1171
1219
1280
1297
1254
1117
951
811
734
734
727
651
477
245
56
-58
-125
-145
-184
-269
-373
-457
-514
-584
-605
-594
-564
-521
-502
-510
-554
-583
-544
-471
-402
-352
-345
-393
-446
-450
-435
-459
-478
-498
-540
-562
-554
-543
-550
-517
-457
-405
-310
-213
-143
-86
35
175
269
357
436
494
509
578
717
791
811
824
815
768
727
745
741
695
646
552
424
309
210
124
59
32
-46
-161
-230
-310
-388
-436
-425
-417
-437
-434
-429
-466
-493
-457
-401
-371
-340
-314
-348
-364
-319
-302
-307
-312
-321
-343
-335
-266
-251
-263
-253
-220
-166
-99
-20
29
33
71
182
299
388
425
432
426
472
611
749
813
771
676
609
605
663
714
703
594
448
328
256
212
176
118
37
-16
-73
-148
-235
-310
-359
-372
-327
-307
-354
-450
-536
-580
-573
-514
-481
-509
-576
-642
-688
-699
-678
-651
-646
-632
-600
-591
-584
-558
-507
-429
-307
-161
-74
-33
18
90
204
358
528
627
654
675
713
774
864
961
1006
978
936
901
862
835
823
798
744
668
592
503
398
310
250
201
137
68
-6
-106
-204
-264
-294
-327
-377
-419
-468
-530
-574
-596
-613
-639
-659
-669
-681
-693
-716
-729
-718
-687
-646
-604
-570
-559
-566
-520
-437
-359
-298
-246
-211
-200
-143
-33
60
119
184
242
288
352
446
516
556
608
662
695
724
746
747
731
752
778
774
750
713
649
569
516
477
402
321
256
174
71
-31
-121
-212
-280
-305
-319
-357
-421
-493
-534
-538
-502
-460
-449
-468
-487
-481
-434
-374
-333
-318
-307
-302
-289
-269
-267
-284
-301
-301
-288
-291
-318
-357
-388
-383
-340
-287
-255
-254
-246
-194
-111
-11
84
149
189
252
358
475
574
642
686
719
760
809
840
815
767
727
676
627
573
489
364
250
169
92
15
-64
-154
-242
-298
-310
-316
-339
-367
-398
-403
-381
-317
-254
-217
-190
-172
-158
-143
-123
-105
-101
-96
-96
-116
-152
-220
-294
-351
-375
-369
-364
-368
-404
-462
-481
-447
-351
-238
-146
-81
-49
-3
95
244
393
494
565
589
599
642
691
720
697
641
576
504
445
379
298
193
79
-6
-91
-163
-217
-284
-336
-355
-351
-353
-355
-340
-326
-281
-203
-116
-41
4
43
71
93
126
153
179
181
176
161
104
35
-34
-99
-137
-153
-168
-210
-258
-306
-346
-322
-267
-209
-153
-115
-83
-45
25
117
203
268
295
306
295
288
304
305
281
232
167
85
5
-37
-76
-122
-161
-212
-269
-306
-312
-292
-268
-242
-220
-200
-172
-128
-54
11
64
114
149
183
221
254
258
241
228
200
181
161
115
58
-13
-70
-114
-147
-173
-212
-235
-234
-202
-154
-120
-87
-60
-21
67
182
289
355
394
404
391
402
425
428
401
353
275
162
53
-49
-137
-202
-258
-302
-374
-470
-542
-583
-583
-528
-447
-391
-377
-367
-351
-303
-196
-63
58
136
173
183
180
202
247
310
365
370
331
247
156
94
61
57
61
34
-44
-138
-221
-267
-249
-180
-114
-75
-72
-82
-73
-21
82
188
279
329
339
326
300
297
305
307
298
265
192
86
-11
-80
-124
-134
-136
-175
-235
-302
-335
-323
-272
-213
-170
-155
-160
-144
-105
-51
13
70
111
129
134
126
111
106
117
136
144
115
52
-27
-99
-131
-123
-110
-131
-183
-248
-305
-319
-289
-236
-182
-152
-132
-113
-81
-26
52
136
205
261
295
299
289
289
295
294
289
266
214
144
72
15
-25
-56
-71
-87
-123
-161
-178
-185
-174
-138
-95
-66
-41
-13
15
44
78
117
150
168
187
201
200
186
175
163
140
119
97
54
4
-37
-75
-114
-153
-192
-233
-268
-284
-288
-289
-294
-297
-288
-271
-237
-183
-129
-84
-47
-15
14
43
83
127
165
187
186
165
141
132
134
138
127
98
55
14
-10
-7
2
-1
-15
-31
-41
-34
-8
16
38
54
66
88
107
129
150
167
183
202
210
204
186
160
141
134
122
101
61
3
-58
-100
-127
-147
-171
-201
-231
-263
-281
-285
-279
-262
-233
-194
-164
-144
-134
-118
-87
-39
15
61
75
63
45
38
49
71
90
87
58
22
-6
-19
-17
-1
9
0
-7
-12
-7
7
27
53
74
90
113
126
130
141
154
168
177
177
169
150
123
105
90
64
34
2
-32
-65
-96
-116
-143
-174
-186
-194
-198
-198
-198
-200
-195
-175
-142
-113
-99
-88
-72
-47
-7
35
59
63
65
81
107
136
153
155
138
121
123
131
134
131
112
77
51
39
35
27
11
-4
-17
-30
-39
-41
-48
-50
-37
-15
0
2
-3
-11
-11
9
38
54
47
15
-17
-38
-45
-39
-41
-64
-100
-137
-166
-185
-195
-205
-214
-210
-204
-195
-197
-202
-195
-166
-112
-51
0
25
29
38
76
137
205
255
274
267
255
252
270
295
305
298
272
236
201
177
158
141
119
89
63
39
15
-9
-34
-55
-62
-61
-55
-63
-83
-109
-132
-135
-123
-111
-116
-130
-153
-173
-180
-177
-172
-177
-177
-176
-176
-172
-176
-177
-165
-143
-109
-81
-70
-71
-72
-61
-30
12
47
59
57
51
59
79
106
128
137
140
140
140
147
154
161
166
176
188
197
197
184
170
160
168
184
193
181
144
100
60
46
49
51
29
-19
-83
-134
-153
-158
-155
-161
-187
-217
-239
-247
-242
-225
-203
-181
-159
-142
-137
-136
-123
-83
-34
6
34
26
10
6
28
67
96
98
73
47
33
43
62
73
74
64
52
49
57
60
65
64
69
92
102
100
85
70
58
70
92
114
105
67
22
-6
-5
11
19
0
-41
-89
-114
-129
-104
-91
-108
-134
-153
-153
-148
-132
-127
-118
-107
-86
-70
-52
-39
-50
-32
4
33
58
52
31
26
45
82
95
85
71
57
34
59
81
74
53
28
39
51
76
83
66
53
44
66
96
113
117
90
54
56
61
68
73
51
29
8
4
15
5
-28
-55
-97
-125
-117
-123
-151
-177
-182
-199
-185
-158
-154
-164
-174
-159
-130
-92
-55
-54
-69
-53
-16
14
46
59
38
57
79
116
146
152
138
102
80
86
99
93
81
61
55
58
67
32
16
0
-21
14
19
36
44
27
15
10
55
82
82
89
55
44
51
51
53
55
17
-26
-44
-55
-33
-34
-24
-39
-71
-71
-72
-85
-79
-63
-40
-50
-46
-46
-96
-104
-89
-54
-4
28
2
-20
-29
-16
23
47
64
49
18
-10
-20
-7
-2
-18
-38
-59
-49
-66
-91
-94
-107
-98
-88
-65
-21
-30
-36
-21
-11
45
85
115
122
133
147
156
190
220
214
182
151
132
144
121
116
105
59
47
27
3
-21
-42
-63
-89
-91
-86
-98
-122
-124
-108
-87
-50
-55
-58
-65
-80
-60
-4
12
5
4
-34
-39
-73
-66
-57
-81
-82
-100
-94
-119
-117
-148
-154
-146
-134
-105
-130
-116
-112
-87
-58
-23
50
95
112
132
184
209
209
239
232
228
220
218
215
181
188
169
168
162
133
93
41
8
2
-9
-13
-21
-57
-63
-78
-80
-43
-32
-52
-69
-86
-53
-20
-9
16
23
13
21
43
33
37
52
25
-6
-37
-45
-57
-67
-82
-74
-80
-91
-41
-63
-56
-120
-85
-474
-1033
-968
-1339
-1494
-1100
-996
-411
284
563
1228
1548
1530
1727
1308
919
793
153
-94
-188
-661
-558
-465
-516
-185
-41
58
486
464
642
590
957
1104
-222
365
-47
-1076
-236
-1013
-1032
30
-773
-90
582
-204
890
685
41
967
72
-161
370
-581
-463
-314
-887
-535
-494
-489
-140
-193
-79
-214
-472
-509
-657
-561
-515
-413
73
193
394
665
614
680
439
193
161
-38
-15
-2
-35
118
41
-37
30
-40
18
42
1
228
112
88
276
-1
-12
-58
-226
-108
-144
-93
173
235
340
622
412
497
610
170
321
196
-119
64
-153
-314
-110
-292
-442
-111
-262
-326
-207
-351
-169
-127
-197
-74
72
61
207
259
386
361
-314
-724
-1028
-1381
-1355
-1156
-685
-114
397
830
1065
1028
888
571
243
367
110
-7
444
385
170
52
-8
-286
-418
-326
-256
120
222
468
465
551
661
64
98
251
-213
80
-78
104
117
5
370
204
-31
190
129
-96
-33
-272
-160
-354
-283
-40
-396
-165
-91
-355
-53
-431
-517
-254
-330
-248
-140
-305
187
175
-153
189
282
126
56
13
-78
38
50
-191
-31
195
-264
-130
180
52
-209
84
134
321
119
-68
407
-15
-17
-11
-141
218
-12
-237
144
-149
-48
-195
-433
268
-186
-236
304
-51
197
246
-409
298
471
-271
193
230
-202
195
-17
-405
272
-94
-488
130
-95
-55
430
-374
-128
330
-284
-131
383
-268
-234
232
-756
57
148
-483
-38
124
-296
457
314
-538
829
-223
-201
718
-141
232
241
280
168
57
-32
103
238
12
-28
-294
221
168
-105
-311
452
81
-92
284
-257
-122
28
-251
3
104
-556
69
128
-513
88
-127
-244
330
-315
-305
108
195
-249
-168
-76
-327
-103
213
-495
-71
265
-476
374
-51
-302
546
351
-134
148
11
163
558
-390
179
961
-379
25
509
-55
341
117
155
-15
-41
64
-145
-98
438
86
-132
319
-170
272
-83
-161
545
-300
-164
-25
-284
55
-118
-106
-428
61
71
-361
-167
308
-174
-136
238
-513
305
3
-564
661
-398
-316
286
-482
93
-265
-605
196
-11
-167
-195
-412
193
-67
-335
-1
207
-65
-149
398
236
-258
505
121
-196
452
-356
198
539
-354
434
361
-151
511
67
140
540
56
-63
449
-334
104
33
-481
333
-110
-142
101
447
-8
92
640
-338
53
187
-446
87
-76
-590
41
-408
-320
102
-608
-123
419
-396
-455
389
-384
-201
288
-200
-27
153
126
-237
-31
348
-186
76
-224
104
-183
28
352
-321
-170
166
388
-424
544
-159
-358
548
-88
-134
-270
113
270
-248
-57
321
233
-381
207
383
-298
68
559
-169
216
569
-450
411
106
-282
196
-127
-237
73
-145
-1
307
-185
-214
231
-78
4
-80
-112
-28
16
-172
-272
49
-248
32
-197
-16
-522
134
-279
21
269
-54
521
-333
211
419
-675
-166
536
-513
181
134
-295
165
279
-259
-127
79
-87
348
-345
240
589
-60
-236
219
618
-514
750
88
-474
367
162
-79
-143
565
-486
164
-93
133
-66
-207
208
-375
245
-840
402
-141
-654
815
-645
-357
38
-212
-237
71
-79
74
12
81
418
16
-7
240
-103
107
-15
-501
-158
277
70
-691
54
536
-679
163
455
-722
429
-87
-365
538
-224
-204
442
52
-85
796
-383
34
1105
-382
111
631
28
-209
657
-149
21
625
-963
587
-81
-856
712
-455
-613
1123
-775
-232
1034
-954
257
478
-804
450
491
-927
252
84
-876
129
-163
-697
317
-151
-476
565
-153
-239
601
-441
170
172
-286
-56
210
-315
-194
93
-334
164
-518
313
55
-376
571
36
-68
265
-28
40
524
-251
-75
547
-108
70
394
134
196
23
164
31
127
102
-402
248
83
-57
108
232
34
16
-15
-129
641
-89
-243
494
-176
-190
-68
-279
24
49
-504
-164
298
-243
136
-169
-68
-31
-233
-437
-87
223
-1063
196
53
-350
-170
3
183
-44
217
-168
601
-558
420
375
-572
380
-106
-38
215
-188
-181
198
-66
-57
-440
345
-74
-15
293
-137
519
76
-219
702
148
-337
1051
-449
156
834
-608
429
331
-576
574
-988
12
203
-895
229
-579
-118
141
-311
-64
628
-591
722
-225
-282
968
-920
578
-49
-565
668
-316
-33
-75
-316
386
-380
-268
577
-603
-210
523
-666
75
-87
-172
406
-459
594
-104
-148
905
-384
346
413
-4
246
160
130
277
-364
-1
463
-421
363
-65
260
-307
348
245
-617
321
32
-388
-369
10
-449
-207
-420
-59
-455
-301
263
-211
-265
293
-22
49
-255
-97
116
-336
224
-183
-34
353
-512
478
119
-249
1006
-413
382
359
-676
577
9
-631
628
-513
-182
443
-499
266
152
76
217
192
-83
290
282
26
198
77
341
22
321
15
154
549
-112
-90
304
-13
-370
112
-152
-344
-107
-263
-88
188
-737
-189
277
-564
52
-107
-201
263
-164
-378
69
92
-589
290
-243
-218
179
-292
-220
25
118
-404
25
-213
297
-81
-300
207
-12
20
-326
184
59
-86
202
110
-12
385
297
-238
347
479
158
176
379
462
279
-10
292
490
-198
324
139
-13
354
-360
-65
-14
-511
432
-647
-104
555
-610
-400
162
-67
-578
372
-454
-129
497
-719
254
12
-321
457
-171
-223
90
64
-305
240
-229
-20
75
-115
-184
167
-44
-16
100
-474
424
-81
-492
302
-203
-274
443
-510
-133
452
-631
189
658
-480
442
194
-187
518
-147
222
211
189
158
131
199
-122
134
76
-242
21
-308
210
-14
-249
200
26
-424
118
653
-684
-58
762
-668
235
77
-455
581
-317
241
-79
206
-352
466
-211
-393
628
-528
11
-76
102
-179
35
-275
99
-380
-23
329
-673
311
130
-430
327
-139
-120
211
-487
376
248
-634
469
69
-527
956
-232
-407
782
-43
-21
42
212
-207
263
-363
609
-253
-368
616
-366
50
-496
615
-532
148
378
-136
181
-67
397
-606
50
197
-313
86
-144
13
-92
-281
-82
142
-47
-362
240
125
-93
-82
-540
678
-319
-457
1041
-733
225
534
-476
229
-22
-425
436
-108
-352
652
-286
-97
125
-226
126
78
-66
-202
349
168
-555
372
386
-287
189
286
-210
325
-196
233
189
-223
89
119
12
-169
458
-291
-161
354
1
-413
-135
186
-329
-82
-61
-225
196
-166
-592
551
-478
21
469
-624
455
-36
-401
265
463
-584
394
186
-576
715
-423
-21
402
-128
-469
726
-526
-106
552
-730
607
-172
-300
207
-36
203
-171
241
152
121
257
85
-19
-5
167
215
41
-308
485
-494
42
559
-582
58
406
-464
171
-226
-169
215
-186
-391
318
-4
-972
738
-367
-202
357
-736
185
148
-193
99
215
-111
240
31
-413
614
-322
-149
151
-185
375
-45
-342
306
-240
98
228
-482
103
-66
73
225
-379
170
300
-105
466
-200
38
588
69
101
88
-65
427
-333
9
209
-49
-158
-106
74
-119
72
-268
356
-560
450
138
-770
470
-188
-397
371
-653
-44
420
-995
725
55
-945
668
-163
-157
438
-679
830
397
-804
759
-93
-429
381
-507
-132
260
-748
240
52
-500
470
-219
-93
707
-401
-212
990
-754
330
220
-413
791
-395
75
251
77
-112
539
-54
-6
607
-311
-143
475
-543
122
92
-662
274
-49
-601
571
31
-642
718
-230
-392
431
-177
-189
19
-83
-27
-23
175
-86
83
-42
195
-250
81
-80
-214
355
-456
-7
315
-596
24
385
-526
249
-80
-443
375
-270
-186
474
-256
145
168
-301
291
140
-263
309
144
-35
388
-101
62
381
-113
175
5
29
226
-174
56
-32
-139
-153
49
-202
-46
45
-49
-199
237
326
-477
458
196
-189
-2
-181
158
32
-432
-79
352
-441
-5
248
18
-215
193
148
-614
484
-146
-362
401
-563
-115
56
-323
282
-163
-97
365
48
-350
478
-17
-193
420
-171
124
-48
-323
445
-229
-58
520
-307
-44
543
-204
8
478
-564
575
-147
-150
382
-372
71
80
-196
170
-175
-239
339
-455
245
-134
332
-167
194
416
-524
265
-55
65
-61
38
-232
200
-266
-195
435
-704
57
492
-749
329
167
-521
313
176
-160
-40
171
-257
496
-218
-205
167
-35
-262
220
-157
-245
486
-439
187
235
-242
94
75
122
-16
62
63
-16
186
-179
-47
244
-417
234
108
-548
384
-183
-53
175
33
-162
183
-39
-135
486
-386
129
-12
36
33
-247
138
-5
55
-254
169
143
-49
-215
161
40
-191
59
-393
299
-49
-249
244
-192
165
-81
-156
189
244
-375
220
80
-72
159
104
-14
-111
142
142
-22
-408
357
-396
-138
172
-156
46
22
164
64
-40
-33
221
-258
79
-6
47
-25
-31
34
-76
5
-79
204
35
-271
249
-165
-102
398
-437
250
117
-267
134
107
-421
441
-129
-416
555
-416
-176
521
-361
389
-278
-154
226
-200
153
-60
218
-287
388
-84
-38
335
-328
503
-591
36
281
-393
216
-130
-166
122
81
-326
521
-102
-43
196
-267
121
-82
-190
158
-161
155
-115
-16
302
-268
260
-15
-2
-53
107
-223
276
-157
-49
104
-512
523
-182
150
20
-311
356
-75
-2
-160
-68
272
-274
-54
176
-136
-51
294
-90
-10
137
-56
216
-130
83
-98
142
35
-164
141
-262
53
-7
-153
193
265
-231
-45
119
-57
-18
-201
166
-3
109
-66
-2
-32
55
-227
-64
215
-288
263
-122
95
271
-237
111
194
-77
-184
343
-216
-42
219
-279
-115
-30
-87
-122
209
-437
308
-34
-181
358
-129
202
-138
268
-39
-137
337
-248
65
-36
-83
-145
-39
-142
175
-42
-178
563
-540
344
-107
-178
167
-182
307
-149
-29
251
-33
-179
192
-215
337
-402
85
220
-269
173
-110
-92
272
-134
-40
192
-276
103
-121
3
249
-167
146
87
-51
126
-2
-128
132
-156
-85
-33
-21
-54
-214
125
46
42
-37
-60
291
32
-276
557
-218
-44
231
-400
286
-143
-165
182
-298
-18
81
-365
234
77
-171
499
-186
-148
342
80
-173
-53
197
-182
-33
0
76
-132
54
85
-26
-10
-26
-1
24
-98
-131
111
-168
115
60
-150
290
94
-261
462
-111
-239
397
-400
-77
347
-543
145
313
-629
314
285
-545
550
-143
-120
216
-280
224
-97
-130
208
15
-355
213
64
-296
182
64
118
55
-73
258
-77
-8
-155
18
-43
-49
-244
-81
116
-87
72
2
202
-11
89
116
128
-44
125
-170
111
-100
-291
190
-305
122
-61
-167
47
57
32
200
49
-160
299
-118
81
35
-59
147
-364
83
156
-118
-202
176
-281
-19
222
-392
435
82
-211
311
22
-261
226
-134
-41
150
-188
129
-62
-36
-108
154
-84
-60
210
-384
26
239
-3
-265
379
63
-350
450
-320
168
-35
-499
626
-380
117
98
-98
16
82
39
-175
-88
-92
425
-470
6
154
-308
285
-50
83
201
-67
291
-159
-14
-36
65
-22
-201
-28
0
57
-116
103
-100
-86
43
35
-76
32
302
-73
122
-14
-100
218
-247
-60
324
-73
-222
215
-25
-34
57
104
-140
-130
196
-298
126
-120
-111
109
-125
200
-91
-125
173
422
-450
9
447
-175
-218
192
34
-110
158
-95
-36
70
-17
25
-144
-1
267
-201
-308
512
-216
-398
550
-339
129
-19
-378
416
-59
-290
436
-115
-34
544
-675
281
249
-452
216
-141
179
-187
-34
297
-133
-73
153
-333
232
-41
-254
593
-489
-43
489
-450
36
182
-217
112
64
-79
-21
-77
-147
454
-341
147
232
-221
217
-268
384
-204
-112
168
-374
316
5
-306
414
-22
-257
153
87
-198
325
-523
108
446
-598
234
95
-404
98
85
-350
395
169
-400
342
246
-314
226
20
-143
261
-165
-83
260
-228
-51
164
-174
-133
139
-407
241
161
-423
203
-90
73
51
-172
192
59
-22
5
93
285
-287
42
251
-156
23
130
-187
207
279
-520
154
128
-417
385
-275
-239
546
-578
269
181
-418
254
-241
79
11
34
36
-86
23
99
-85
17
344
-368
314
131
-587
467
-263
-41
211
-301
52
-281
211
-246
-143
216
-345
35
53
-50
202
157
-364
491
37
-176
159
-134
61
94
-175
-89
127
-23
67
-186
253
66
-122
108
-85
312
-22
-262
335
-180
-40
233
-334
118
201
-270
22
130
-105
99
79
-39
183
35
-180
123
81
-10
257
-81
-11
-158
295
-196
-84
173
-239
214
-211
41
109
-95
-208
102
-188
-16
139
-415
309
9
-317
404
-170
-7
39
-72
-49
33
-327
138
126
-272
132
-232
281
-7
-100
16
20
54
-110
-161
129
-75
-274
184
-67
-126
118
48
-115
224
-129
-45
268
-191
146
58
-61
47
229
-87
107
238
-109
88
47
-127
-109
130
49
-110
168
67
-173
171
51
-74
152
-8
33
27
-120
206
-148
214
-41
-192
232
-176
118
39
-210
141
37
-142
-56
203
-267
7
268
-341
80
-83
-155
233
56
-296
266
-169
-223
158
-297
59
130
-306
53
40
-211
94
-90
62
59
-142
124
-103
68
32
-58
-109
137
122
7
-128
58
130
-231
49
-15
21
-59
26
-67
151
-65
-148
196
77
-247
470
-170
-57
384
-41
79
127
-97
180
156
-294
46
33
21
-358
126
150
-183
179
198
-293
357
-275
217
420
-569
508
-18
-367
255
-66
-712
435
-254
-250
437
-424
243
195
-303
164
342
-274
115
-191
71
46
-327
40
58
129
-105
-39
161
-304
-51
221
-257
127
-102
-243
227
-29
-51
66
-158
154
-8
-236
453
-77
-209
281
-128
-113
201
-124
127
108
-230
262
57
-4
194
-58
117
-98
30
53
-154
275
-17
-311
428
-13
-62
348
-157
196
112
32
175
-50
-29
311
-57
-351
142
-91
-152
-262
-17
-60
-80
-67
-167
189
-38
-97
175
60
182
43
-108
249
-174
-141
35
-263
-49
-2
-301
39
-20
137
130
-43
327
-19
-85
174
210
-505
88
190
-506
33
1
-294
-37
76
-274
176
-216
-167
382
-555
126
274
-503
-30
183
-301
79
241
-144
276
94
167
166
-169
302
-62
-225
127
-129
73
-110
-45
242
-268
86
156
-128
160
-6
-169
211
-242
85
115
-524
332
-115
-352
283
-132
-182
234
-294
-69
262
-274
-5
171
-146
155
165
-229
269
-7
-66
361
-209
121
276
87
13
67
118
-25
47
-142
87
170
-268
87
-117
-17
-112
-193
18
-110
84
-189
54
82
-116
84
177
-260
249
198
-339
327
-138
89
142
-216
196
-22
-96
92
172
-154
211
159
13
131
114
276
41
80
14
-91
21
-120
-85
106
-35
-108
65
-146
209
-291
-45
272
-383
106
-76
24
-51
-14
-39
22
-70
102
-91
-89
482
-482
206
77
-218
465
-203
-72
637
-306
204
418
-398
480
-144
-352
171
20
-197
-217
-78
-58
-192
-279
6
-143
-121
-49
-194
211
-63
-292
219
-26
-149
182
-49
-61
149
-51
-114
211
-55
-133
204
-28
-139
99
135
67
134
30
-99
138
-98
-21
206
-221
-56
285
-319
-79
266
-205
128
-68
-134
88
-275
-63
130
-278
10
-15
-176
191
-36
78
31
-111
234
-272
56
205
-180
75
149
-86
94
143
-27
292
45
78
154
-115
82
84
-27
-101
122
-72
-254
111
-212
-87
94
-156
-133
-52
234
-196
-264
362
-246
-101
174
-303
-33
163
-346
159
-102
-298
495
-227
-194
473
-103
-59
291
-103
129
206
57
11
134
4
60
218
-255
147
-54
-81
230
-217
20
130
56
-234
113
230
-154
169
-249
175
67
-140
-49
160
-43
-158
140
-321
135
-21
-207
326
-132
-239
313
-224
-109
265
-376
298
80
-359
587
-107
238
200
-227
535
-143
-57
106
-169
61
-168
-157
121
-240
-55
167
-310
190
87
-339
55
-58
-77
-125
-266
220
-69
-358
222
12
-96
-78
165
-3
-255
204
-30
-55
-82
23
-125
-97
89
12
12
152
470
-36
146
172
226
79
10
285
-179
-116
98
61
-365
-81
209
-207
-76
235
-96
-43
242
-7
-121
30
114
2
-354
93
335
-680
31
323
-332
-55
37
96
-20
-157
192
104
-269
148
324
-268
179
192
-87
121
287
-21
-204
345
24
-147
89
-60
-125
88
-37
-43
-120
-91
48
40
-324
-73
208
-433
57
171
-438
69
240
-452
29
388
-479
96
185
-290
175
80
-172
199
144
-255
301
85
-192
441
16
-65
456
-25
-86
401
-54
-117
247
-141
-50
57
-226
-15
94
-279
75
125
-239
279
39
-331
287
40
-340
271
-6
-239
115
-55
-244
61
-197
-175
7
-175
91
-54
-58
94
120
-88
84
219
-25
116
92
192
-114
264
44
-178
317
-20
-188
128
-125
-110
73
-304
-79
54
-335
142
-106
-279
198
-145
-200
137
3
-164
197
19
-49
7
-58
115
-93
-40
9
-35
-85
51
54
-88
131
52
92
7
30
209
-143
7
169
-126
13
63
-180
100
73
-214
40
134
-32
-42
8
-50
89
15
-188
99
97
-216
193
10
-206
107
32
29
-64
-41
86
43
-110
75
130
-15
-114
48
-6
-102
96
-137
-35
80
-100
64
108
-40
159
35
55
101
-115
20
180
-95
-70
119
-213
42
-106
-69
84
-258
161
33
-264
215
142
28
82
141
-21
-33
118
-96
-12
152
-105
17
93
-91
198
57
-70
193
-150
-88
162
-160
-83
158
-137
-199
99
-9
-49
-9
-100
-22
15
-97
125
-8
-99
195
10
-86
183
-79
-192
179
-157
-108
97
-29
28
12
93
52
33
59
208
-51
-43
216
-49
-190
32
36
-240
11
-3
-148
-9
-79
20
45
-32
26
-22
-78
102
-35
-124
31
-69
-42
8
97
-14
-20
171
13
-60
35
31
-107
-83
-88
-3
-104
-34
18
22
84
65
116
48
228
22
97
92
11
-137
-55
24
-197
-79
-33
-99
42
25
-45
72
40
90
-71
27
133
-126
-95
29
-3
-126
-11
70
-150
-61
199
-20
-130
201
-107
19
86
36
42
-96
20
83
-37
-161
168
-68
-123
146
-19
50
91
-18
77
3
99
-4
-100
147
-49
-71
-17
-6
-43
-91
57
-46
-105
-8
60
-102
-40
120
-53
-84
129
133
6
56
38
77
-4
-29
104
12
-74
-98
14
-154
-1
136
-271
34
29
-128
98
53
-82
129
60
3
106
-14
57
101
-22
-74
25
-165
-33
79
-39
-111
48
-15
-52
67
26
-13
73
-3
-22
71
-82
-17
37
-111
-67
-24
-163
65
11
4
79
-50
34
205
193
-1
87
33
-21
27
-181
-61
-68
-168
-69
-84
-122
-32
131
16
5
-18
46
199
38
59
13
-31
2
40
-38
42
-8
-61
109
-76
-36
64
-57
-42
-68
-45
41
-5
-8
-88
48
54
-97
57
3
56
15
-14
114
30
-121
167
34
-90
132
-3
-59
49
27
-107
9
-75
-39
43
-101
-22
-17
-139
37
111
-69
4
102
-28
67
190
-78
-77
63
-10
-99
-1
-34
-85
-10
-50
62
-55
-23
129
19
-17
22
-29
-22
73
-2
-99
-14
-5
32
1
11
-50
-22
59
2
10
62
97
-25
71
109
23
-21
109
26
32
-16
-109
73
-81
-42
29
-38
-8
71
44
13
33
-5
78
43
-36
61
30
-74
-21
16
-64
-85
-83
8
-25
-52
38
105
8
-44
72
-1
-14
28
-81
-28
-39
-108
-85
-39
-70
-24
34
-56
29
119
-66
79
42
-77
27
-46
-36
-29
-27
-102
-99
-63
-89
-27
-27
-17
70
23
-2
104
15
-37
36
32
-12
-39
1
66
-29
0
89
-69
75
79
-60
105
39
21
67
35
75
8
2
84
66
-90
63
115
-64
27
118
81
-15
59
28
-26
32
93
-35
-61
41
-48
-79
-14
3
-27
-28
35
47
-117
-48
17
-37
-88
3
-103
-31
121
-41
-48
33
43
-76
-8
-18
-148
-30
-69
-62
-58
-108
27
-44
-52
124
-3
8
160
-47
-48
16
-42
-140
-26
-34
-120
-43
-78
-9
-14
-54
77
-8
-110
155
15
-56
217
71
-4
173
137
-38
61
68
-14
-88
-70
41
-36
-147
50
146
-17
75
145
29
80
144
-17
45
117
57
-53
28
85
-45
68
102
28
-30
12
-35
-34
-84
-46
30
-144
-12
-37
-46
-10
38
30
-22
49
33
44
11
-20
-64
-54
-41
-65
-35
-74
-16
-3
-82
-60
-46
-43
-9
29
-58
-52
-16
-34
-26
-32
-56
58
51
-63
67
-13
-68
54
-82
-85
2
-14
27
-9
13
60
-2
-10
35
-25
12
67
-54
39
75
38
6
68
99
-25
48
113
37
74
54
0
7
-9
16
15
12
-32
82
-38
-73
135
21
-18
110
42
34
59
18
65
55
-62
-76
-79
-66
-70
-87
-9
-28
-10
-37
12
50
-41
8
53
-25
-64
32
-39
-44
33
-54
16
-18
-80
-59
-51
-71
-90
-48
-8
-45
3
9
-18
53
-2
-3
101
38
-72
-17
-29
-4
-17
-15
-5
-31
-16
50
6
-4
74
22
31
36
29
27
18
60
34
-42
-23
8
-4
-34
22
56
9
17
69
76
74
41
7
67
17
-65
7
-28
-32
-4
-38
-3
-36
-15
48
-25
-39
63
-29
-23
37
-14
-58
-30
21
-59
-35
17
-8
-3
-21
-4
-17
-16
23
8
-1
-9
20
-31
-18
3
-72
-60
-50
-60
-45
-25
32
12
-36
-3
1
-33
-28
2
-31
-21
30
-12
22
42
16
-4
54
62
18
85
79
53
47
28
0
-1
12
69
29
17
49
-3
-45
-68
-66
-53
-38
-3
-7
19
46
38
0
12
54
15
37
43
61
31
16
58
-34
-41
5
-27
-43
4
-6
-42
-40
-70
-79
-42
-38
-5
38
-11
34
-4
-68
1
34
1
-1
34
12
-18
-92
-102
-96
-108
-48
-67
-68
26
13
-27
9
-27
-57
-12
27
32
76
117
66
46
41
22
32
-17
59
119
31
56
71
3
18
75
67
18
32
46
29
17
-16
-14
-21
-15
-14
-27
32
31
-23
-26
8
2
-43
-14
48
46
4
28
74
24
11
26
12
17
45
21
-16
13
-15
-75
-89
-58
-80
-88
-38
-34
-30
-45
-16
-41
-58
-53
-42
-25
-48
-25
-16
-29
-51
-58
-58
-51
-93
-38
2
-18
10
3
17
-3
-9
-8
11
-1
12
51
9
-9
9
22
-16
-20
42
37
37
65
58
58
57
67
71
86
88
79
76
26
42
18
1
34
1
13
54
35
-11
-15
-27
-68
-89
-16
-9
-22
32
49
11
10
75
46
32
31
69
14
-27
38
-17
-47
-39
-36
-26
-22
-11
8
-6
-20
-14
-36
-29
-18
-6
-12
-24
-45
-88
-74
-77
-115
-86
-71
-73
-75
-61
-32
-40
-29
-6
8
-22
-16
35
5
1
8
-8
19
2
-21
34
38
32
39
36
14
1
-1
9
36
17
37
75
61
44
56
53
42
50
36
56
30
-4
3
-37
-19
-8
-38
24
23
-8
34
38
25
26
30
25
16
34
18
-8
9
-16
-15
-5
-13
16
-2
-12
23
26
12
43
38
4
-5
-29
-55
-44
-53
-63
-44
-36
-45
-52
-23
-23
-21
-17
-10
-28
-38
-13
-19
-26
-37
-10
5
-22
-10
9
-19
-10
-18
-32
-14
-21
-2
4
-2
17
30
26
26
26
34
19
14
32
5
6
22
5
8
8
-4
1
5
-1
3
-1
15
13
2
36
26
6
12
14
12
-3
2
15
9
-5
2
12
-5
9
10
0
4
14
14
-7
-1
-1
-14
-1
11
0
5
22
4
-2
11
2
-3
-19
-11
-14
-43
-29
-25
-44
-42
-27
-20
-27
-8
15
11
29
37
27
35
28
19
21
15
22
20
0
5
-8
-34
-36
-29
-35
-39
-32
-25
-30
-25
-6
5
15
20
37
56
46
43
52
38
8
5
-4
-22
-17
-28
-29
-13
-12
-2
-1
7
15
-5
-4
18
1
-12
1
1
-20
-27
6
5
-18
15
22
7
8
10
14
-7
-13
-1
-19
-33
-20
-25
-37
-23
-15
-6
7
20
27
23
33
21
17
27
17
13
6
11
10
-3
3
3
-14
-23
-20
-19
-30
-25
-7
-6
-10
-4
8
11
-3
1
10
-1
-9
1
-1
-11
-4
3
6
9
16
25
17
12
17
12
5
8
0
-20
-13
-21
-32
-20
-12
-2
-7
6
17
5
13
6
0
4
-4
-1
-1
-9
2
-4
-12
2
-13
-16
-2
-16
-15
-6
-4
3
-3
7
10
-1
11
16
11
21
15
8
6
-8
-2
-6
-16
-10
-19
-25
-16
-23
-24
-10
-11
-10
0
7
9
0
2
9
-2
4
13
8
12
8
7
10
-2
3
2
-12
-2
-5
-7
7
5
5
12
9
12
8
6
18
9
2
5
-4
-6
-15
-19
-10
-20
-15
-4
-11
-1
-6
-8
-2
-4
2
6
7
13
15
14
22
21
15
21
13
12
6
-3
3
-6
-10
-8
-13
-11
-8
-11
-5
-6
-8
-4
-7
-4
-1
-7
-1
-2
-4
3
-2
-3
-1
-5
2
4
0
7
1
0
3
-3
3
6
2
7
7
6
12
10
12
13
6
10
5
0
5
-4
-3
-2
-7
-3
-6
-5
0
-6
-6
-3
-7
-2
-1
-2
4
2
4
8
5
8
7
2
7
0
-1
3
-4
-2
-1
-4
1
0
-3
4
0
2
6
-1
2
0
-7
-3
-7
-8
-5
-12
-7
-5
-6
0
-1
0
5
2
6
7
5
10
7
7
11
6
8
5
1
3
0
-2
0
-5
-5
-3
-6
0
3
2
8
6
8
9
5
6
2
-3
-4
-10
-12
-13
-17
-13
-14
-14
-5
-5
-2
3
1
7
11
8
12
13
11
12
9
7
6
3
2
-2
-4
-5
-10
-10
-12
-15
-11
-11
-9
-4
-3
0
1
1
4
2
0
2
-1
-2
-2
-7
-6
-5
-7
-5
-6
-5
-1
-3
-1
2
-1
3
3
3
6
4
5
6
3
4
1
-3
-2
-6
-8
-8
-12
-9
-10
-9
-4
-5
-2
1
1
1
2
3
2
0
0
-1
-2
0
0
1
3
2
5
7
9
11
11
10
11
8
4
6
2
1
-1
-2
-2
-2
-5
-3
-4
-4
-4
-2
-1
-1
1
1
2
0
0
-1
-3
-5
-5
-4
-4
-5
-4
-5
-3
0
-1
2
4
4
4
5
4
2
2
1
-1
1
0
-2
0
-2
-2
-1
0
1
1
0
0
0
-1
0
0
1
1
3
3
4
4
4
2
1
3
1
1
-1
0
-1
0
-1
-2
-1
0
2
4
2
4
2
3
1
1
0
-1
-2
-5
-5
-4
-4
-3
-3
-1
1
1
3
4
5
7
7
