8
11
9
2
2
-4
-6
-6
-5
-5
0
-3
-3
-1
2
2
0
-1
-1
2
8
6
11
11
6
10
9
11
9
8
7
6
7
5
4
8
9
16
17
17
10
17
16
14
17
8
7
3
9
10
9
6
1
-8
-10
-7
-5
-5
-13
-11
-13
-19
-16
-9
-13
-14
-7
-7
0
4
1
-1
0
-3
-2
-6
-5
1
-2
-5
0
-4
-9
-1
1
1
5
3
7
4
4
8
2
7
9
18
16
11
14
16
23
16
19
23
23
23
20
21
15
15
19
8
8
10
5
11
5
-3
-4
2
0
-4
-9
-5
-11
-7
3
-3
-2
-6
-4
0
-4
-5
-7
-7
-6
-7
-11
-11
-8
-2
-9
-12
-7
-1
-4
-1
1
-2
1
-2
-1
1
-3
-7
0
-4
-3
-3
-2
-6
-7
-10
0
8
-3
0
-4
0
9
11
12
9
15
15
13
9
0
0
5
2
1
-1
-4
1
0
-6
-6
-5
-8
-7
-4
-4
-5
-6
-5
-5
-6
-3
-8
-2
6
7
13
14
9
7
12
13
8
3
7
4
4
0
-3
-2
-4
-2
-1
1
4
0
1
6
5
7
4
-6
-3
-7
-9
-6
-7
-2
-6
-8
-5
-1
-5
-3
-1
-4
-8
-9
-7
-9
-7
-7
-7
-3
-7
-5
-3
-3
-3
-10
-8
-5
-1
4
-6
0
-1
0
0
5
12
6
4
0
-3
0
4
2
6
12
13
15
14
11
15
12
11
20
12
11
7
5
11
14
10
8
10
6
10
5
-1
3
-3
-6
-3
1
-1
-7
-9
-7
-8
-5
-6
-2
1
1
-1
-3
-7
-8
3
1
-5
0
9
8
-3
1
0
0
-1
1
-2
-4
3
-5
-8
-2
-9
-19
-16
-19
-27
-13
-17
-20
-15
-22
-24
-25
-22
-19
-14
-25
-18
-10
-21
-10
1
-6
-7
7
7
3
10
6
12
13
10
13
9
10
9
6
-6
1
7
-11
-10
14
-9
-20
17
8
-21
7
26
-15
-13
15
1
-16
1
10
-3
-4
-9
-12
0
-1
-21
-16
-1
-13
-24
6
12
-27
-20
19
5
-27
-2
19
-12
-24
2
3
-12
-9
5
-13
-10
13
-10
-22
20
14
-20
20
38
-15
0
43
-5
-8
42
7
-7
26
-7
-13
20
7
-24
-5
27
-6
-20
29
15
-25
13
16
-25
10
29
-15
0
30
-1
-6
27
1
-15
15
27
5
-22
14
53
-24
-42
75
24
-84
30
86
-55
-43
86
13
-79
42
57
-53
-15
48
2
-36
25
39
-56
-15
70
-43
-71
63
18
-96
3
59
-71
-38
78
-34
-68
77
17
-78
39
57
-51
-5
65
-22
-26
46
17
-5
7
20
21
-24
5
38
-35
22
53
-73
19
89
-88
-23
100
-64
-55
107
-30
-105
80
50
-110
-7
91
-36
-84
52
64
-109
-37
130
-53
-125
125
64
-148
17
149
-79
-107
150
34
-164
64
127
-122
-54
102
-11
-73
9
51
-15
-46
34
32
-49
5
46
-41
-20
43
-33
-10
45
-71
-13
77
-66
-39
71
-29
-44
2
-23
5
-8
-60
-6
34
-58
-60
70
11
-105
9
70
-40
-67
24
65
-52
-47
81
-22
-44
96
-46
-59
157
-6
-132
126
71
-154
70
106
-138
29
126
-104
0
97
-72
-10
33
-35
3
6
-35
10
44
-50
-54
90
24
-118
33
79
-61
-29
18
26
38
-43
-60
74
28
-130
20
80
-99
-9
42
-89
63
49
-181
70
165
-198
-102
237
-23
-215
139
61
-170
99
47
-168
95
107
-172
-13
158
-15
-119
38
111
-61
-60
89
26
-66
70
25
-158
107
191
-235
-66
338
-88
-240
217
139
-175
-21
176
-7
-86
84
17
-68
126
3
-215
142
209
-254
-106
351
-14
-311
167
184
-164
-20
110
-60
-18
114
-47
-145
145
183
-271
-66
341
-115
-230
256
67
-273
100
157
-194
16
195
-167
-76
290
-101
-285
277
222
-360
-76
406
-75
-342
181
230
-221
-125
145
29
-82
-54
11
36
1
-99
-62
89
-25
-85
24
-30
-37
78
-44
-110
107
66
-117
-50
82
3
-34
3
-36
25
19
-4
11
-73
52
207
-188
-160
394
-31
-337
305
142
-370
156
264
-313
27
276
-194
-61
201
-128
-75
206
-83
-145
168
54
-205
45
202
-139
-115
123
12
-69
1
-34
20
54
-177
-33
231
-215
-233
408
-94
-520
379
194
-530
112
322
-295
-92
237
-74
-129
105
18
-137
32
0
-109
82
-62
-155
108
27
-147
-21
47
65
-42
-193
150
163
-284
10
314
-190
-175
338
-4
-271
216
206
-218
-24
265
-89
-137
277
37
-236
219
219
-276
70
358
-208
-167
482
-12
-458
385
352
-478
1
487
-167
-239
274
173
-280
-35
358
-202
-331
462
81
-667
322
532
-704
-95
765
-422
-466
769
-137
-762
579
249
-840
150
518
-634
-237
489
-259
-405
285
-22
-458
134
246
-377
-191
301
-42
-198
36
7
29
-22
-105
24
27
-91
-85
39
90
-162
-140
288
34
-315
223
289
-257
12
398
-138
-164
466
31
-304
400
242
-344
232
417
-254
-64
409
90
-289
98
429
-177
-234
508
106
-421
321
382
-269
-38
351
50
-143
51
306
16
-394
190
516
-457
-452
764
-66
-990
566
469
-1195
-4
978
-828
-731
991
-69
-1020
428
625
-840
-342
779
-244
-791
359
306
-818
-96
611
-621
-492
733
-246
-806
595
255
-922
248
695
-692
-296
933
-178
-715
742
287
-703
353
506
-608
32
737
-452
-400
857
42
-775
626
571
-765
210
792
-473
-234
834
-142
-475
783
72
-595
713
379
-750
469
600
-716
167
639
-574
-234
740
-307
-548
608
40
-585
181
403
-286
-336
241
260
-375
-157
399
-306
-253
415
-199
-483
245
109
-538
-149
315
-422
-532
476
-108
-755
231
360
-560
-233
407
17
-426
-86
341
-148
-341
73
126
-222
-274
295
-27
-431
316
253
-570
173
608
-516
-97
618
-147
-156
605
-74
-190
659
165
-254
407
256
-237
394
260
-316
85
500
-29
-252
233
284
-21
-136
267
145
-111
68
77
72
75
-20
2
294
-64
-97
210
24
-125
-106
122
9
-334
-180
432
-333
-647
553
47
-754
177
380
-661
-42
425
-591
-267
333
-290
-429
269
-175
-437
137
-59
-287
-276
-22
-12
-276
-180
146
-13
-415
204
305
-363
-175
607
-10
-667
622
394
-722
139
508
-281
88
237
-169
382
70
-287
471
184
-327
171
406
32
29
177
68
173
152
-66
228
175
-211
356
343
-240
108
265
-74
76
196
-215
145
363
-331
-120
558
-153
-415
470
-149
-401
470
-26
-817
149
423
-675
-231
284
-217
-345
-16
100
-272
-478
98
34
-651
143
339
-669
-56
547
-421
-283
467
-354
-480
589
128
-731
102
603
-385
-399
610
-10
-700
504
328
-803
172
614
-663
-348
883
-107
-794
565
561
-822
10
961
-460
-514
980
345
-747
511
928
-599
-107
1087
-97
-622
895
612
-785
233
1105
-494
-568
1015
161
-976
380
810
-742
-341
777
-199
-662
378
230
-636
-63
313
-367
-204
54
-371
-39
67
-336
74
-86
-249
413
-244
-492
484
69
-570
310
307
-469
92
278
-170
-295
196
137
-381
-149
484
-302
-868
743
129
-1286
380
667
-1048
-126
817
-497
-399
506
-81
-349
358
227
-450
162
637
-205
-184
533
179
-298
467
478
-381
106
636
7
-188
534
139
-197
455
285
-220
46
426
-304
-229
478
-247
-399
389
-162
-418
434
-283
-501
359
-49
-556
209
241
-570
56
644
-486
-356
519
-177
-12
-48
-342
564
28
-582
569
106
-411
399
-12
-222
170
-27
-99
-151
-8
168
-606
-44
536
-706
-455
434
-424
-772
258
40
-698
38
341
-344
-258
571
-122
-590
709
376
-800
311
1063
-568
-309
1146
205
-681
647
646
-508
292
360
-275
236
281
-253
155
194
-125
-43
60
-100
-172
-19
-134
-269
-103
10
-187
-86
63
-88
-105
218
-16
-194
359
-55
-355
423
198
-474
179
416
-214
-117
241
129
-96
-42
144
376
-154
-260
440
196
-567
-16
482
-544
-408
419
-40
-684
153
211
-548
78
129
-404
-115
209
-559
-240
637
-340
-622
872
292
-854
679
355
-684
586
232
-638
540
437
-690
252
822
-382
-205
748
174
-178
119
63
66
-5
-434
98
224
-654
-130
160
-317
-150
-156
-49
151
-97
-343
272
200
-440
51
564
-272
-448
740
197
-495
211
318
-22
56
189
88
13
217
19
-95
256
-125
-180
381
-205
-116
121
-287
179
-43
-512
207
-26
-574
235
21
-355
211
81
-167
262
217
-238
177
114
-274
166
-24
-199
180
39
-195
210
-104
102
100
-489
528
-2
-531
496
233
-644
261
563
-585
17
551
-284
-258
391
-80
-550
290
149
-416
-28
360
-29
-604
434
605
-689
-86
878
-129
-592
363
230
-449
-271
200
-111
-533
369
220
-979
475
784
-1019
91
742
-296
-165
86
-199
127
-9
-724
164
156
-429
-220
49
-70
-219
154
-215
-398
344
-97
-535
139
156
-147
-401
330
326
-547
150
286
-373
63
113
-510
253
152
-580
278
176
-229
188
-31
73
267
-210
53
510
-120
-151
232
242
-29
-135
105
263
160
-141
140
486
9
-293
521
429
-423
58
532
-82
40
204
-130
235
270
-203
165
325
-279
161
291
-339
223
281
-326
179
431
-318
147
299
-171
109
169
-94
66
25
76
373
-576
24
661
-529
-231
277
-92
89
-98
-275
150
33
-197
-63
-176
188
7
-326
246
-110
-60
62
-334
2
385
-312
-269
257
258
-19
-526
193
754
-403
-783
1017
389
-1225
428
718
-788
-106
511
-356
0
239
-602
513
345
-945
411
609
-557
296
-29
-26
525
-621
-130
505
-393
-401
249
-255
-31
-81
-281
108
-30
-26
-33
-81
203
76
-495
266
260
-850
14
348
-663
-217
73
-211
-175
-281
8
-51
-275
-194
194
-250
-220
154
-192
-29
68
-214
-303
419
7
-754
24
575
-584
-436
389
-85
-198
-249
335
34
-309
241
40
30
338
-110
-293
659
39
-451
241
166
151
-173
-3
354
100
-76
-10
140
407
-61
-364
683
128
-127
98
46
640
-245
-290
845
42
-462
670
45
-330
578
-136
-171
524
12
-504
533
266
-520
68
423
-87
-245
263
152
13
-41
70
-16
208
104
-365
249
291
-338
-119
192
-118
-290
104
-38
-211
3
160
-77
-188
183
-94
97
88
-309
163
278
-328
28
4
-319
555
-311
-548
565
124
-377
-62
231
166
-330
-27
492
-328
-28
446
-297
96
299
-323
202
215
-290
26
306
-154
-318
433
-112
-483
348
255
-494
-100
428
-72
-278
121
160
2
-28
33
70
193
-127
-289
255
4
-450
-82
310
-445
-294
339
-176
-162
16
134
-200
-32
282
-160
-84
19
-81
184
-101
-288
115
109
-125
-131
-114
165
-83
-359
256
-133
-270
125
115
-146
-165
238
31
96
-117
-106
332
-16
-210
-8
54
-75
165
-269
-108
287
-222
138
-100
-298
561
-180
-592
847
-36
-727
878
-74
-491
763
-103
-598
560
131
-557
136
137
-100
-121
-106
169
199
-341
74
362
-399
222
321
-611
192
473
-492
-136
563
-294
-172
279
-96
-85
44
-40
-113
63
-30
-232
113
335
-393
-196
703
-200
-393
598
-214
-239
464
-152
-320
314
-38
-96
153
-265
90
97
-161
49
-166
54
53
-143
132
-170
198
111
-536
643
107
-874
670
61
-527
338
-290
172
207
-750
472
437
-856
266
358
-505
115
66
-290
159
-4
-203
126
-59
-28
120
-27
-123
-133
340
-264
-261
454
-708
114
629
-982
150
595
-647
136
211
-322
187
4
-32
56
-135
35
326
-376
-151
559
-500
-170
487
-288
-506
602
-131
-479
557
-148
-150
217
-2
0
177
-66
-79
184
-144
206
-33
-496
648
-71
-592
682
24
-804
758
254
-736
280
244
44
-99
108
112
-77
314
140
-539
445
261
-296
-179
350
156
-563
514
76
-301
339
165
-198
267
159
-81
183
-18
235
-99
77
289
-427
311
329
-488
434
-138
-218
657
-123
-320
183
499
-276
103
243
-164
54
324
25
-530
442
253
-424
-61
361
-47
-320
366
-103
-283
641
-390
-359
713
-269
-239
198
-53
-67
42
-45
-16
-305
343
-96
-476
555
-301
-373
394
-15
-332
-4
82
-46
-60
-198
368
-388
-269
773
-576
-497
957
-555
-422
624
-434
-160
298
-265
-245
60
148
-113
-573
313
154
-369
-17
-40
-59
133
-262
-113
322
-422
-29
278
-290
-252
360
-360
18
4
-293
267
-243
-195
248
-42
-412
235
117
-279
149
-230
229
-5
-316
140
242
-572
159
328
-636
225
125
-388
61
261
-338
233
-81
-142
473
-304
83
162
-390
423
321
-959
611
340
-698
490
76
-535
570
369
-1008
756
407
-695
479
99
-38
246
-24
-175
417
117
-400
293
94
-188
157
90
-293
445
-165
-194
711
-225
-338
777
-179
-33
354
-75
-197
394
132
-490
255
115
-72
-180
259
102
-353
472
-152
52
232
153
-298
237
269
-170
-10
80
107
-339
432
-143
-376
453
-116
-157
351
-357
192
251
-278
88
236
-174
13
113
-39
-215
274
-125
-268
269
-138
-189
333
-625
212
539
-978
410
234
-509
362
-73
-324
507
-407
-163
548
-527
-243
364
-238
-105
-84
90
-236
68
164
-202
16
86
-36
161
-147
-317
623
-325
-407
465
-121
-332
215
-123
-256
307
-254
-114
7
68
36
-357
254
50
-238
139
-1
-107
47
-27
-253
315
-235
-215
167
-68
150
-439
260
309
-479
255
168
-352
525
-193
-787
1238
-412
-805
741
30
-383
234
-73
77
257
-597
657
209
-787
385
553
-662
183
430
-766
474
388
-793
322
285
-420
261
5
-208
391
-296
-134
598
-325
-290
455
-184
14
175
-349
167
236
-379
150
20
-3
39
-245
109
340
-478
-65
365
-102
-97
-74
144
120
-166
33
-111
313
-345
-149
454
-382
-134
333
-338
151
195
-569
698
-113
-493
628
-230
-102
209
-446
427
-45
-613
559
190
-788
505
290
-496
376
-161
62
251
-225
-153
356
4
-504
458
111
-423
142
29
392
-620
-42
719
-469
-151
355
-286
218
197
-552
346
172
-237
154
-131
-280
504
230
-1174
473
938
-1336
396
457
-775
759
-35
-1080
1247
-47
-922
811
-240
-374
990
-1017
-279
1304
-1005
-174
896
-715
-144
947
-984
235
666
-802
133
492
-377
-9
237
-601
690
-35
-559
144
303
-103
-86
27
-47
192
-285
549
-820
327
762
-1112
313
579
-564
-38
271
-210
195
-64
-185
71
255
-382
-113
317
-12
-489
304
310
-506
322
-131
132
47
-155
-68
143
-67
-134
157
-490
398
297
-842
386
810
-1081
324
869
-1078
1
965
-835
-69
193
-68
117
-147
-137
331
102
-480
452
-144
-48
306
-539
229
743
-1174
77
1244
-968
-176
799
-235
-264
100
116
165
-521
117
767
-585
-499
1044
-282
-502
771
-567
-69
866
-692
-439
970
-359
-315
758
-751
68
821
-907
246
493
-1071
889
11
-1059
1294
-763
-242
1379
-1334
143
954
-1283
740
63
-1075
1244
-491
-640
979
-484
-205
716
-596
120
288
-298
216
-307
-28
339
-170
-307
430
-92
-58
202
-34
-57
-28
223
-282
74
262
-591
283
445
-669
91
324
-96
95
-323
-50
625
-188
-696
605
161
-455
248
-46
-142
165
169
-214
41
-181
40
549
-467
-319
688
42
-620
327
169
-251
-17
-156
598
-184
-784
824
186
-777
678
4
-567
525
71
-755
709
-171
-504
598
-349
234
-279
-167
824
-742
-97
885
-758
-469
1250
-634
-387
677
-341
216
-56
-132
289
-57
-281
651
-281
-566
790
-245
-389
575
-701
255
566
-956
286
368
-326
-107
145
-109
272
-103
-131
286
-255
224
-104
-17
-26
-253
447
-282
-166
250
137
-179
83
-24
142
-97
-459
487
110
-600
12
657
-544
97
368
-632
563
243
-833
214
341
-88
-306
29
447
-104
-82
15
34
307
-138
25
-27
217
41
-600
210
256
-348
-323
283
-14
-303
406
-87
-179
280
121
-167
-116
-84
138
130
-596
531
77
-535
834
-474
-225
785
-558
-124
463
-409
-115
203
-215
325
-78
-281
122
295
-169
-486
525
280
-426
-161
478
59
-423
-46
700
-329
-598
764
-114
-609
897
-255
-343
810
-552
94
351
-448
442
-391
-238
782
-913
-168
722
-664
87
198
-377
442
-119
-125
325
-14
127
-67
-135
323
-314
70
-129
-50
472
-789
78
629
-631
137
208
-573
499
-218
-527
826
-398
-268
684
-209
-131
195
-140
135
-52
-386
422
-241
-465
818
-187
-326
676
-298
95
520
-846
135
757
-896
293
300
-529
593
-57
-332
200
173
-200
-156
106
-275
35
139
-41
24
236
-127
79
194
-101
203
-94
60
68
-444
39
227
-378
-267
306
198
-368
-128
716
-95
-195
496
-187
-6
115
-516
246
60
-370
376
-282
114
588
-646
124
833
-424
-144
385
-445
282
205
-817
464
64
-301
-121
-339
364
21
-443
371
106
-297
309
-16
67
-29
-66
214
-193
-225
343
-64
21
75
-20
289
2
107
-58
25
346
-133
-281
166
-289
-205
56
-237
-169
-78
73
169
-45
82
112
42
229
-332
95
177
-576
344
236
-819
680
228
-577
679
-203
-103
741
-438
46
356
-476
382
-103
-404
582
-542
-295
815
-602
-492
599
-346
-84
-59
-191
423
-365
-122
439
131
-250
95
349
-200
30
249
-124
171
91
-187
50
293
-90
-34
32
-378
192
-120
-389
253
-77
-691
908
9
-787
978
-175
-392
449
-336
49
-53
-597
325
98
-544
510
-248
-20
653
-652
553
739
-719
216
691
-416
-65
29
-198
-70
-455
56
378
-888
256
652
-603
380
-94
39
391
-565
173
471
-400
-116
377
-515
247
84
-449
693
-89
-375
310
-91
153
419
-487
-259
689
-594
-640
788
-513
-278
500
-692
173
113
-282
637
-196
-285
664
-264
-140
320
-33
194
16
183
-485
10
435
-389
81
242
-217
64
109
-31
398
-688
-10
813
-984
-351
564
-617
69
429
-716
245
443
-384
-4
-243
136
646
-270
-28
58
28
423
-67
210
596
-491
415
334
-618
921
-545
-157
451
-812
-494
56
-259
-424
-17
36
-583
-84
675
-118
-186
20
176
348
-309
-306
371
-633
107
549
-629
74
212
-189
280
200
-567
785
713
-656
296
173
-95
22
160
-352
-561
-226
-218
-196
-698
25
82
-441
222
-198
-102
339
390
112
58
698
-434
114
954
-303
-503
1128
-274
-629
1145
-60
-600
525
-11
-119
213
-362
78
-334
88
268
-301
133
800
-131
-677
410
1017
-697
-467
1388
-1041
-366
605
-823
588
231
-848
820
220
-978
1179
181
-331
785
-259
272
91
-284
-180
524
-4
-934
111
-437
-448
496
-23
-488
112
4
-471
636
11
-492
419
-8
-98
-146
-237
68
266
-702
160
485
-1142
-211
860
-361
-464
263
-232
62
257
-31
-224
414
506
191
153
449
496
18
473
638
-266
99
1356
-135
-377
826
-566
-660
828
12
-368
384
8
125
-108
-82
205
-507
-14
456
-982
-294
513
-284
-521
69
232
-187
-405
33
568
-33
-221
507
-143
-596
532
80
-780
-19
56
-347
-457
-93
148
-443
-143
151
-373
-305
-59
-218
-633
-160
-102
-838
-693
84
-167
-602
-47
248
-379
-394
365
-153
-148
-10
-147
-492
-214
-94
-240
-110
-4
221
164
89
305
328
301
559
93
78
415
-94
61
237
-628
144
449
-566
390
532
-329
654
816
514
454
754
703
-103
512
314
22
9
-112
231
3
-296
-44
299
-302
-6
165
-369
-160
-170
-193
-171
-377
27
-68
-576
170
130
-172
210
87
-50
-47
314
-10
-418
-10
223
-179
-41
243
14
64
199
507
77
-79
538
280
22
534
172
-72
438
359
218
-182
301
540
-617
150
480
-550
-119
394
-137
-160
381
187
-56
87
392
282
-323
-150
368
-341
-213
301
-653
-513
71
-633
-713
-396
-690
-895
-773
-656
-943
-940
-602
-486
-848
-748
-666
-952
-484
-446
-933
-724
-529
-716
-711
-538
-532
-608
-472
-282
-174
-78
149
482
563
1053
1467
1482
2032
2575
2528
2623
3324
3104
3007
3468
3398
3398
3633
3790
3593
3798
3590
3167
2883
2046
988
-193
-1198
-2112
-3474
-4375
-4963
-5861
-6236
-6203
-6439
-6653
-6257
-5873
-5628
-4910
-4458
-4146
-3191
-2537
-2290
-1726
-1322
-1161
-652
33
290
129
563
879
535
791
894
779
1195
2088
2574
3031
3729
4334
4720
5241
5704
5811
6327
6769
7618
8338
8553
9327
9260
7350
5609
4222
2082
-776
-2615
-3688
-5639
-6760
-6459
-7178
-8968
-8660
-8204
-9022
-7979
-6571
-6129
-4248
-1814
-951
-595
543
1253
616
1156
2377
1689
1798
3311
2960
1865
1730
235
-2029
-2812
-3695
-5535
-5919
-5430
-5896
-5850
-4879
-4834
-4644
-3153
-1745
-474
1339
3111
4417
5712
7085
7595
7638
8462
9189
9268
10044
11137
11466
12367
12270
9547
6870
5167
2123
-1795
-3699
-5437
-8245
-8968
-8194
-9760
-11548
-10577
-10131
-10456
-8690
-6631
-5770
-3021
588
1365
1733
3622
3809
2948
4272
4848
3374
4003
5253
4219
2739
1796
-200
-2931
-4427
-5782
-7858
-9124
-8920
-9132
-9298
-8317
-7916
-7231
-5053
-2712
-821
1259
3677
5606
7194
8637
9399
9709
10293
10903
11269
11667
12158
12515
12883
13077
10900
7152
4679
2097
-2076
-5479
-7494
-10229
-12331
-11656
-11941
-13514
-13133
-11685
-10903
-9175
-6045
-4398
-2150
1898
4351
4818
6086
7119
6174
6299
7366
6187
5127
5981
5416
3175
1634
-348
-3920
-6592
-7798
-9796
-11673
-11795
-11630
-11408
-10403
-9088
-8013
-6237
-3356
-614
1786
4393
6552
8102
9887
11103
11120
11121
11787
12094
12091
12628
12842
12645
12588
11253
7919
4332
1369
-2322
-6293
-8766
-10970
-13425
-13827
-13205
-13862
-14140
-12459
-10989
-9353
-6259
-3445
-1061
2375
5659
6922
7976
9068
8690
7976
8460
7941
6541
6312
5871
4268
1664
-1462
-4211
-7135
-10266
-12044
-13259
-14342
-14000
-12848
-11951
-10695
-8970
-6690
-4058
-1060
1867
4065
6718
9296
10381
11133
12021
12087
12004
12465
12765
12504
12757
13253
13047
11997
9237
5294
2020
-1190
-5155
-8739
-11091
-13066
-14266
-13931
-13682
-14303
-13445
-11318
-9530
-7058
-4107
-1482
1514
5090
7413
8075
8678
9381
8738
8165
8408
7180
6059
6179
5327
3109
436
-2870
-6237
-8929
-11495
-13439
-14657
-14950
-14053
-12837
-11707
-10031
-7992
-5424
-2208
723
3369
5704
8231
10137
10994
11404
11402
11406
11474
11545
11363
11284
11376
11669
11702
10684
7759
3824
1040
-1917
-5842
-9188
-11153
-13031
-14133
-13168
-12978
-13550
-12170
-9718
-7710
-5052
-1807
535
3407
7214
8979
9135
9900
9965
8867
8625
8262
6493
5314
5197
4018
1617
-578
-3742
-7506
-9577
-11292
-14454
-15867
-15227
-15138
-14290
-12218
-10600
-9085
-5672
-1973
502
3173
5918
7717
9746
11131
10979
10595
10910
11086
10473
10210
10119
9533
9552
10333
10250
8674
5684
2995
994
-2199
-5869
-8393
-10432
-11893
-11617
-10931
-11409
-11130
-9093
-6923
-4959
-2503
-500
1416
4912
7700
8218
8441
8984
8170
7284
7182
5649
3803
3419
3019
1544
-201
-2471
-5010
-7193
-9557
-12018
-14042
-15142
-14947
-14157
-12898
-11187
-9380
-6758
-3580
-713
1909
4416
6525
8621
10037
10516
10605
10379
9971
9474
8836
8021
7549
7524
7876
8407
8865
8605
6482
3707
2062
-373
-4380
-6784
-7907
-10033
-10660
-9387
-9674
-10318
-8351
-6547
-5760
-3443
-1102
123
3053
6333
6644
6668
7503
6848
5482
5765
5234
3112
2868
3307
2052
620
-642
-3110
-5012
-6390
-9465
-12134
-12840
-13325
-13571
-12526
-11295
-10287
-8053
-4828
-2327
-299
2250
4493
6315
8221
8732
8314
8741
8854
8162
7647
7375
6989
6995
7793
8409
8328
8754
9792
8624
5693
3989
1972
-1708
-4153
-5146
-7835
-9626
-8367
-8268
-9421
-8256
-6964
-6839
-4854
-2323
-1583
41
3084
3837
3764
4972
4710
3191
3817
4288
2672
2439
3172
2404
1520
1081
-566
-2585
-3635
-5870
-9128
-10408
-11190
-12428
-11987
-10781
-10291
-8632
-5791
-3706
-1800
432
2434
4237
5967
6824
6767
7109
7460
7018
6639
6674
6332
6098
6903
7356
7344
8017
8820
9685
9185
6365
4167
3041
233
-2709
-3870
-5743
-7804
-7035
-6314
-7561
-7518
-6290
-5806
-4596
-2584
-2338
-1618
1125
2447
2255
3003
3302
2307
2745
3704
2546
1734
2458
2268
1563
1063
-507
-2658
-3995
-5861
-8834
-10551
-11413
-12387
-11983
-10789
-10047
-8754
-6479
-4292
-2168
-46
1691
3666
5500
6586
7100
7352
7759
7620
7184
7060
6603
6125
6136
6196
6315
6404
6754
7421
8327
8102
5936
4558
3907
1521
-839
-1515
-3133
-4718
-3816
-3378
-4529
-4727
-4174
-4149
-3729
-2698
-2852
-2322
-93
626
342
928
987
79
294
706
-729
-1414
-601
-625
-1065
-1322
-2511
-3748
-4558
-6466
-8296
-9151
-9805
-10038
-9251
-8338
-7747
-6424
-4572
-2850
-1175
687
2287
3950
5740
6516
6677
6932
6729
6086
5684
5283
4677
4378
4565
4763
4835
5029
5494
6082
6824
7738
7435
6505
6259
5492
3712
2576
1271
-1193
-1916
-1435
-2231
-2754
-2536
-2732
-2973
-2541
-2916
-3930
-3620
-3119
-3105
-2881
-2663
-3032
-3178
-2665
-2947
-3496
-3190
-2611
-2055
-1262
-1188
-2315
-3195
-4068
-5490
-6401
-6970
-7507
-6987
-5746
-4816
-3995
-2955
-1753
-313
1188
2133
2789
3496
4345
4836
4443
3990
3580
3059
2825
2922
2916
2885
3282
3830
4238
4279
4139
4476
5087
5627
5985
6286
6489
6287
6114
6040
5236
4304
3720
3250
2566
1635
740
-325
-1275
-2064
-2879
-3761
-4507
-4790
-5019
-5120
-5150
-5248
-5311
-5121
-4804
-4789
-4660
-4334
-4172
-3967
-3836
-4243
-4552
-4456
-4450
-4609
-4533
-4424
-4093
-3539
-3112
-2659
-2184
-1644
-1274
-603
164
313
742
1884
2073
1937
2680
2692
2501
3421
3497
2669
3612
4015
3181
4057
4518
3736
3939
4592
4500
4627
5113
5215
5514
6088
6152
5686
5417
5444
4769
3871
3768
2734
1338
1046
-162
-1425
-1722
-2636
-3395
-3470
-3764
-4221
-4105
-3984
-4281
-4325
-4286
-4597
-4682
-4461
-4727
-4804
-4603
-4504
-4215
-4071
-4271
-3797
-3551
-3806
-3075
-2708
-2792
-2386
-1882
-1644
-1453
-1384
-772
128
-508
218
1680
1059
1703
2626
2143
2516
3299
2765
2952
3214
2981
3043
2876
3200
3434
2824
3180
3286
3132
3802
3059
3040
3421
3487
3208
2437
2941
2569
1455
1767
1327
119
224
320
-330
-835
-304
-297
-1619
-988
-756
-1962
-1654
-1645
-2151
-2187
-2560
-2545
-2408
-2975
-2537
-2624
-3395
-2898
-2594
-3076
-2994
-2505
-2450
-2566
-2847
-2549
-2195
-2725
-2203
-1186
-1886
-1060
370
-514
417
1675
196
1158
2348
874
1168
2531
2317
1499
2650
3779
2132
2003
4545
2639
1552
3743
2353
1580
2161
1559
1043
995
365
10
-423
-724
-184
-1572
-582
301
-1692
-387
138
-1409
-301
-286
-1288
97
-833
-1093
571
-779
-774
341
-525
-571
-679
-995
-434
-883
-1648
-535
-327
-2079
-653
-695
-2113
-861
-342
-1418
-755
446
-548
78
988
817
195
1026
1983
872
1322
2883
2004
1578
3097
2184
1693
2599
1739
1592
1941
1057
1146
1237
148
452
171
-706
-109
-903
-1674
-1005
-1184
-2072
-1559
-1443
-2228
-1740
-1892
-1974
-1130
-1907
-1819
-389
-1422
-1567
-399
-1240
-1116
-471
-1109
-835
-508
-1219
-175
-121
-1462
-120
139
-595
-780
259
187
-898
621
530
-277
1055
1596
105
1401
2730
1366
1149
2482
2778
1514
1623
2312
1371
1214
1552
509
856
1507
147
660
888
266
622
170
-186
462
81
-160
-94
-99
-491
-470
-370
-1173
-922
-1009
-659
-705
-1307
-570
-494
-1332
-1032
-1107
-1638
-1565
-1385
-1745
-2173
-1508
-1247
-2189
-2041
-1585
-1906
-1703
-1398
-1233
-957
-196
-37
-178
443
884
511
1103
1621
1300
1785
2361
2412
2262
2022
2810
2229
1430
2169
1462
924
1133
1045
412
373
72
264
-149
-456
305
-626
-66
-144
-325
712
114
190
968
754
914
933
379
994
690
118
521
1
-584
-337
-424
-1089
-1439
-1835
-1462
-1933
-2952
-1860
-2148
-3423
-1997
-2109
-2913
-1648
-2151
-1944
-1119
-777
-679
-748
432
651
405
954
1674
1441
1095
1610
2208
1182
1112
2041
1241
842
1836
939
614
1285
725
396
184
250
370
8
-99
234
304
49
1053
181
285
1495
608
626
1698
1101
790
1687
1056
1080
973
334
979
305
-690
162
-166
-1216
-1119
-870
-1590
-1645
-1680
-2714
-2035
-1565
-3051
-2777
-1465
-2472
-2085
-1054
-1593
-1081
-699
-690
30
197
-523
451
1204
487
801
1186
1359
966
959
816
1045
1093
-122
696
1263
-57
417
761
30
221
272
63
-144
283
616
66
556
1123
269
939
1372
293
862
875
928
920
546
1054
1005
68
638
866
-448
136
-283
-582
489
-876
-1193
-18
-800
-1556
-1102
-1050
-1605
-1561
-963
-1002
-1111
-640
-656
-685
-334
-543
-614
-601
-314
-197
-371
56
-55
-140
338
7
86
238
-235
527
217
35
502
245
129
-2
252
-192
-24
38
40
244
290
386
966
717
400
895
1311
563
178
1747
563
268
1368
566
536
946
-70
70
268
-460
-75
-725
-624
-62
-1052
-537
-345
-1294
-816
-817
-974
-616
-884
-631
-231
108
-201
-263
351
216
-337
333
815
-519
607
956
-266
640
607
-524
111
488
-570
-263
217
-67
-437
191
150
-478
-381
541
-292
-792
494
16
-317
-9
-16
-372
268
604
-612
-50
1060
173
125
647
-131
217
938
-54
-75
384
-45
282
157
-655
-766
-108
-251
-1276
-440
-102
-1129
-112
521
-904
-530
820
-193
25
686
-116
494
1030
13
-63
614
36
-264
221
28
-19
213
305
270
361
151
-58
846
250
50
342
847
1103
-177
626
1104
-202
336
359
-708
93
67
-927
-286
-421
-735
-403
-752
-825
-143
-681
-785
-43
-515
-687
-86
-332
-1189
-183
-6
-1270
-352
-208
-616
-63
-345
-183
512
-189
38
923
94
208
1107
-36
354
1561
-263
197
1163
110
95
199
278
-129
-140
-25
-112
38
-400
-367
821
-551
-354
1296
-523
506
1075
-116
1398
385
24
1738
115
188
1100
-198
938
114
-569
1161
-911
-661
544
-1274
-177
-347
-1498
386
-735
-1551
133
-1177
-1286
155
-1732
-585
135
-1529
72
147
-1044
195
651
-755
705
1052
-457
1143
1207
-467
855
948
-919
459
610
-974
232
161
-761
314
-50
-1222
-17
120
-1112
-60
122
-763
373
623
-603
692
907
-327
851
1127
350
737
1067
702
663
1045
270
-16
982
-97
-374
511
-462
-218
178
-949
9
-253
-1059
-23
-636
-786
-330
-648
-331
-818
-499
49
-818
-128
-54
-257
92
114
352
182
207
621
617
-118
900
222
21
761
-377
303
-154
-57
-93
-491
-351
-43
-621
-608
-5
-643
-351
-3
-361
-244
238
114
-1
274
432
295
611
359
495
584
429
355
638
123
295
376
-51
237
77
-329
-216
191
-594
-350
85
-937
-119
-103
-1197
-3
-372
-1345
-66
-346
-1103
328
-514
-577
762
-492
132
750
-362
975
359
449
1325
164
762
996
331
446
318
249
338
-453
325
30
-346
-177
-463
-108
-601
-545
-212
-654
-584
96
-428
-374
136
-349
99
105
-38
117
398
497
89
371
654
488
230
89
728
10
51
600
-467
223
202
-879
394
-92
-1299
40
-324
-873
-638
-424
-442
-1003
-300
-124
-658
-110
-76
-234
450
1
471
438
371
894
228
940
815
-110
535
1105
-199
188
439
-175
549
-348
-328
216
-390
-401
-127
-600
-140
17
-859
42
-25
-517
143
-480
74
300
-79
210
41
446
537
-95
-49
547
16
-29
416
-18
-266
547
-9
-430
130
-208
-422
-51
-23
-618
162
-179
-446
75
-566
-16
-294
-695
252
101
-448
160
360
-111
292
231
-136
446
449
48
256
511
524
114
169
304
223
-161
230
227
-189
-95
205
217
-432
-53
-31
-332
162
-226
-437
282
-13
-396
95
21
-21
-332
-61
299
-184
-395
124
212
-290
-287
37
128
-276
-38
40
-147
-52
150
-86
-307
53
67
-168
-150
32
-144
-250
-65
-26
-137
-232
-3
55
29
132
174
-126
427
423
-21
346
587
164
169
653
393
-108
308
386
24
87
-70
330
-140
-173
63
-40
-82
-263
-67
-272
259
-149
-655
484
-65
-417
-181
54
135
-691
43
473
-406
-400
450
-161
-589
340
-357
-305
78
-354
-294
61
-450
-426
120
-899
32
-1
-937
229
22
-304
71
-236
468
67
-478
713
418
-41
392
585
410
396
459
281
288
514
206
-3
417
104
124
207
-335
53
405
-500
-150
269
-198
85
149
-221
176
322
-190
219
-34
184
195
-80
181
90
195
-27
-49
299
-13
-338
258
-181
-446
41
-247
-812
-254
-190
-793
-677
-601
-132
-999
-680
18
-705
-433
9
-104
-179
180
86
281
255
403
240
410
787
173
439
601
450
273
97
350
77
-39
256
-266
-295
283
-197
-277
3
-331
-145
348
-316
-59
450
-137
290
556
109
68
384
445
267
308
44
402
605
-73
206
342
158
-87
-96
107
-67
-364
-532
-110
-552
-529
-662
-571
-560
-832
-307
-339
-814
-325
108
-209
-310
264
297
48
377
307
438
386
330
222
535
364
33
498
29
6
238
-259
-31
-94
-551
110
-140
-533
-73
38
-297
-215
55
-82
25
99
59
226
219
317
59
183
408
13
66
218
176
114
163
-71
137
333
-325
-128
23
-236
-67
-437
-341
-46
-516
-342
-110
-512
-367
42
-459
86
184
-447
440
298
85
352
308
166
409
519
72
249
307
249
248
43
118
189
93
-211
235
-23
-359
221
47
-432
274
218
-453
277
270
-248
69
216
-192
198
4
-254
257
-176
-300
-34
-201
-443
13
-296
-481
85
-183
-355
-162
-213
-220
-302
-403
-179
-177
-505
-308
18
-340
-282
-171
-289
109
56
-159
53
268
382
137
-11
456
310
-139
386
335
127
-35
293
471
62
14
243
276
318
173
104
516
160
411
352
174
453
372
260
321
364
326
46
284
285
-179
112
-81
-273
39
-389
-546
-28
-450
-562
-175
-381
-334
-374
-210
-99
-492
-250
-184
-376
-242
-348
-291
-446
-249
-72
-460
-524
-21
-123
-366
47
-194
49
152
-91
117
108
-186
12
287
-113
-111
25
258
83
-47
81
195
289
50
203
459
365
361
400
585
361
646
474
146
960
251
366
528
229
427
247
120
-110
267
33
-243
-185
18
23
-497
14
-117
-258
-192
-106
-103
-477
-61
-201
-325
-294
-259
-467
-228
-278
-634
-86
-433
-463
-144
-274
-154
-321
-68
-61
-7
-199
-71
159
-315
40
49
-81
-73
-85
141
-23
-123
136
-94
-59
223
-24
227
15
153
328
316
279
70
285
625
455
-90
434
717
207
41
429
295
161
87
-30
180
223
-97
-160
48
351
-340
-226
267
-383
67
-183
-301
179
-581
-46
88
-681
89
-61
-639
202
78
-548
78
182
-14
-138
199
72
-53
285
21
-190
203
128
-221
187
-194
-177
303
-287
-169
-41
-50
-170
-126
12
-108
-101
18
96
15
182
-149
93
469
61
-120
179
402
61
-116
246
50
-218
220
-216
-231
162
-277
-361
-108
146
-398
-433
56
16
-400
-186
63
-294
-17
-55
26
-50
-145
192
166
20
29
243
76
339
85
190
352
-38
514
70
-77
647
-195
58
326
-11
80
-33
182
-93
180
27
-95
113
76
-69
278
116
-290
432
227
-1
-118
267
270
-308
61
281
-328
-231
256
-353
-334
-51
-357
-413
-149
-268
-680
-198
-165
-469
-326
-309
-110
-388
-345
115
-298
-472
160
173
-370
-140
325
8
-98
125
60
227
69
-121
431
237
-133
189
395
117
119
52
270
308
-8
99
430
222
-213
490
517
-151
201
436
232
250
198
347
213
101
557
98
-24
173
220
29
-225
117
-136
-273
-126
-83
-498
-368
-21
-661
-355
-169
-563
-492
-221
-286
-491
-337
-336
-234
-298
-321
-355
-91
-231
-406
153
-442
-145
197
-497
73
67
-319
174
21
-130
249
-161
443
117
-337
750
229
-193
351
619
50
7
526
566
-25
183
648
293
187
308
271
462
330
-55
361
530
100
-89
213
432
-182
-124
241
-4
-145
-150
266
-197
-287
78
-128
-84
-119
-89
-327
13
183
-408
-294
141
-243
-116
-32
-312
-158
21
-13
-387
-53
133
-448
68
150
-352
205
-171
37
320
-141
-3
386
81
190
241
58
533
116
30
414
457
31
170
478
180
272
271
123
267
335
17
218
320
45
-105
235
187
-93
-298
79
203
-504
-89
71
-384
-335
100
-484
-325
-214
-377
-228
-482
-228
-364
-464
-212
-362
-548
-200
-116
-577
-360
-78
-179
-429
-301
48
-406
7
-99
-178
-152
-112
324
-217
-199
344
-137
175
177
-118
378
-127
120
479
-185
71
262
151
187
53
93
165
306
-40
13
400
163
-218
191
417
-169
-55
176
50
-17
-7
92
-36
-130
-8
226
-184
-341
206
50
-337
-30
-44
-250
46
-252
-232
0
-183
-145
-173
-106
54
-255
-214
140
-64
-316
93
138
-223
8
208
25
-6
170
172
107
189
407
43
224
508
165
249
253
488
198
252
401
300
400
37
463
402
100
243
286
291
96
231
112
30
139
156
-78
-188
201
61
-302
-89
-2
-178
-93
-192
-233
-274
7
-253
-437
-162
-100
-377
-428
178
-535
-395
187
-349
-283
-165
-198
-71
-216
-239
1
-210
-88
-76
-125
16
-131
-91
92
120
-162
42
179
80
32
78
93
94
140
117
170
-93
277
188
26
163
29
283
51
138
184
-92
249
135
-239
322
-93
-115
240
-221
84
-109
-79
83
-219
-166
40
-51
-380
-64
-20
-144
-462
-85
145
-528
-169
63
-247
-252
-1
-185
-87
70
-472
108
166
-273
-61
-89
218
-12
-108
-119
282
284
-194
31
250
406
-57
89
202
159
472
-98
35
406
152
167
122
45
255
250
77
31
123
389
-184
31
194
116
-144
-133
146
56
-147
-274
226
-236
-85
56
-265
-74
-192
68
-55
-509
104
-178
-165
14
-431
-35
-5
-172
-196
-76
32
-180
-83
89
-134
-60
49
54
-139
17
213
-124
24
144
19
104
177
-16
84
422
-172
132
509
-241
70
544
-62
-89
370
118
-27
188
159
-19
174
162
-93
155
124
-73
108
-199
107
207
-362
-210
326
-270
-131
1
-400
298
-190
-385
99
-59
-265
-152
-80
-138
-102
-257
-232
149
-187
-395
170
-69
-233
-21
190
-289
21
168
-179
151
-43
39
-97
328
-25
-56
124
168
256
-264
460
77
-51
370
36
209
-122
330
120
-99
352
-203
218
385
-306
134
414
-191
199
-148
109
393
-638
124
285
-441
53
-130
-166
29
-154
-274
34
-210
-226
97
-323
-134
-50
-175
-173
-30
-145
-377
107
-10
-155
-335
220
68
-263
46
-211
305
-139
-266
185
156
-92
-93
166
130
121
-166
254
226
-98
344
122
-11
259
280
-64
212
261
-148
355
171
-35
-3
286
234
-328
344
204
-205
316
-264
298
130
-550
270
5
-198
-181
-152
-77
-144
-249
57
-390
-41
112
-397
99
-114
-147
-122
17
-18
-191
-303
192
-38
-309
-54
-149
80
-181
-27
35
-140
147
68
-229
308
-201
-7
337
-228
185
161
-20
206
182
19
190
168
111
169
201
200
69
131
109
250
-91
-21
272
-118
-52
280
-149
-150
337
-255
158
95
-251
122
-9
100
-204
-295
204
19
-368
-40
21
-77
-67
-254
268
-265
-232
357
-460
34
-24
-369
120
-157
-247
52
-118
-129
232
-324
-6
167
-139
0
-42
-172
234
39
-274
114
61
184
53
36
154
350
282
21
148
201
59
56
16
-172
131
-32
-23
24
-21
106
109
-125
243
196
-303
362
-34
-131
214
-152
-205
185
-35
-277
123
142
-378
149
255
-483
237
-22
-232
-18
-33
-235
-184
29
-292
-77
-31
-188
-41
60
-277
249
-57
-268
224
-57
-15
96
-137
-36
232
17
-60
33
107
119
118
-4
-48
245
46
-102
150
213
-282
196
330
-322
212
130
-249
192
161
-199
-46
216
86
-214
228
-5
-246
328
-21
-217
206
80
-189
144
76
-257
-59
127
-332
-166
169
-381
-135
6
-153
-110
-95
-5
-58
-115
287
-114
-222
503
-167
-55
282
-141
78
100
-61
-36
30
112
-147
-77
332
-179
-43
299
-46
89
71
153
160
-74
174
243
-138
89
132
-109
36
11
-31
-73
24
117
-111
48
10
35
63
-136
116
169
-308
39
288
-347
-52
120
-131
-85
84
-82
-77
38
-80
-161
-106
-55
-193
-159
-101
-17
-283
-90
34
-220
-78
-74
-58
14
-15
-37
32
86
-71
70
67
-118
73
17
-19
69
47
97
101
141
83
157
149
86
209
89
154
266
57
209
249
-20
213
165
40
117
34
7
81
-10
-90
72
-59
13
95
-113
15
84
-130
-48
-48
-138
-55
-162
-117
-248
-197
-222
-307
-231
-262
-300
-222
-176
-246
-190
-214
-146
-177
-144
-98
-192
-187
-69
-129
-270
-71
-33
-152
-62
46
-136
-36
56
-108
-12
100
48
68
229
177
149
183
264
276
255
406
303
383
660
433
480
689
639
662
821
843
733
779
884
844
510
710
591
369
419
182
88
-185
-201
-450
-646
-771
-1001
-1010
-1194
-1285
-1424
-1485
-1466
-1539
-1527
-1457
-1378
-1309
-1199
-1058
-921
-796
-735
-546
-337
-252
-121
42
99
301
532
503
750
1046
1051
1261
1477
1459
1447
1622
1662
1615
1914
2039
2023
2281
2291
2136
2023
1721
1288
863
602
114
-309
-651
-920
-1245
-1624
-1835
-2150
-2256
-2210
-2166
-2108
-1805
-1595
-1426
-1163
-1004
-931
-820
-501
-394
-150
108
164
379
487
493
465
380
420
258
169
97
-348
-669
-976
-1304
-1531
-1670
-1691
-1702
-1361
-1082
-1009
-655
-407
-196
314
683
924
1354
1736
1994
2325
2458
2533
2854
3082
3228
3378
3391
3055
2817
2401
1759
1107
506
33
-475
-802
-1232
-1593
-1983
-2261
-2413
-2650
-2673
-2592
-2400
-2066
-1712
-1511
-1360
-1070
-853
-596
-278
-10
345
698
1015
1172
1133
1032
901
723
524
306
60
-69
-291
-686
-1047
-1379
-1967
-2281
-2206
-2411
-2296
-1912
-1780
-1442
-924
-756
-445
130
376
1008
1557
1790
2264
2555
2718
3033
3114
3134
3494
3575
3503
3569
3189
2495
2087
1443
584
72
-567
-1105
-1402
-1751
-2162
-2523
-2684
-2876
-2807
-2673
-2534
-2170
-1737
-1282
-933
-731
-541
-283
-53
199
478
636
910
1188
1194
1211
967
709
512
243
-9
-305
-527
-778
-1011
-1216
-1549
-2054
-2184
-2201
-2239
-2043
-1827
-1616
-1227
-767
-557
-264
49
409
933
1385
1701
2027
2329
2579
2838
2854
2926
3126
3221
3361
3432
3120
2699
2314
1699
1075
416
-235
-730
-1017
-1356
-1707
-2083
-2389
-2544
-2651
-2623
-2605
-2364
-1950
-1473
-1074
-900
-622
-478
-318
-29
102
283
567
846
1058
1059
857
645
428
223
-24
-260
-438
-581
-664
-959
-1343
-1672
-2177
-2284
-2175
-2275
-2088
-1696
-1424
-1004
-629
-529
-207
205
575
1023
1495
1771
2118
2496
2600
2660
2717
2782
3060
3284
3371
3489
3363
2964
2581
2038
1250
603
65
-391
-874
-1154
-1553
-2031
-2286
-2589
-2797
-2840
-2752
-2527
-2079
-1685
-1280
-1107
-842
-649
-540
-297
-84
220
504
797
1030
1067
849
719
443
184
-31
-248
-316
-497
-641
-842
-1170
-1510
-1913
-2212
-2219
-2234
-2170
-1824
-1584
-1334
-921
-658
-422
-5
363
785
1358
1674
1985
2371
2556
2630
2809
2833
2927
3208
3366
3507
3586
3410
2995
2601
1959
1256
611
7
-465
-935
-1327
-1720
-2138
-2578
-2803
-2965
-3077
-2901
-2647
-2295
-1864
-1498
-1315
-1084
-907
-756
-520
-276
11
351
682
844
924
855
654
507
287
61
-22
-152
-211
-296
-602
-908
-1040
-1426
-1755
-1748
-1844
-1764
-1435
-1237
-1078
-734
-500
-239
143
395
689
1200
1524
1784
2082
2087
2242
2439
2362
2526
2703
2807
3122
3344
3267
3101
2731
2161
1675
1034
322
-146
-557
-1038
-1293
-1707
-2252
-2588
-2790
-2993
-3013
-2823
-2691
-2253
-1831
-1645
-1396
-1319
-1213
-891
-692
-410
-89
241
637
855
864
807
673
576
445
373
258
128
127
-24
-247
-617
-882
-1142
-1386
-1486
-1594
-1638
-1434
-1279
-1149
-921
-749
-464
-89
247
556
952
1275
1622
1886
2005
2128
2284
2408
2555
2729
2894
3121
3359
3415
3215
2866
2338
1828
1283
594
24
-434
-937
-1273
-1680
-2242
-2654
-2899
-3081
-3115
-3017
-2870
-2505
-2096
-1777
-1588
-1416
-1247
-1033
-686
-424
-129
249
604
851
947
851
765
643
505
421
308
206
132
58
-141
-474
-794
-1042
-1416
-1512
-1579
-1716
-1528
-1339
-1265
-989
-761
-611
-192
132
496
933
1252
1589
1901
2033
2130
2217
2231
2310
2433
2549
2764
3010
3161
3156
2979
2589
2110
1650
1111
515
11
-470
-909
-1251
-1739
-2212
-2580
-2846
-2998
-3045
-2960
-2767
-2486
-2114
-1882
-1743
-1554
-1408
-1158
-861
-612
-297
94
452
704
830
810
717
719
664
613
585
523
534
448
311
77
-284
-570
-828
-1022
-1114
-1183
-1139
-1017
-902
-758
-654
-539
-300
9
312
615
861
1050
1281
1392
1392
1431
1394
1450
1660
1804
2004
2302
2524
2762
2843
2585
2270
1964
1514
1048
591
8
-471
-794
-1216
-1701
-2091
-2475
-2677
-2672
-2736
-2673
-2471
-2295
-1992
-1790
-1753
-1593
-1377
-1137
-792
-515
-240
137
507
741
860
912
883
938
1001
920
863
809
684
647
402
80
-264
-661
-878
-1056
-1231
-1253
-1242
-1145
-946
-833
-740
-551
-306
-52
284
513
705
922
1048
1162
1183
1051
1084
1213
1319
1536
1777
1998
2305
2604
2729
2613
2367
2140
1810
1374
966
473
-43
-311
-666
-1141
-1516
-1843
-2102
-2198
-2245
-2382
-2369
-2169
-2057
-1934
-1823
-1865
-1685
-1436
-1235
-962
-774
-486
-101
131
317
432
463
606
721
765
709
685
644
591
563
202
-173
-334
-586
-715
-746
-875
-854
-693
-549
-463
-360
-284
-117
112
258
385
467
591
696
702
747
665
643
880
987
1088
1383
1531
1759
2149
2185
2175
2232
2064
1852
1669
1284
950
634
283
-12
-400
-681
-985
-1296
-1476
-1682
-1843
-1879
-1894
-1827
-1789
-1748
-1650
-1584
-1442
-1310
-1125
-904
-669
-448
-184
-18
70
221
260
315
365
378
374
347
295
194
-41
-244
-394
-533
-603
-606
-540
-468
-340
-261
-199
-181
-154
-78
-43
-7
80
180
145
251
286
139
214
331
336
457
668
796
1019
1240
1384
1500
1674
1794
1834
1899
1881
1803
1646
1524
1313
1017
784
484
254
23
-369
-703
-903
-1168
-1419
-1584
-1726
-1767
-1667
-1626
-1618
-1504
-1461
-1368
-1236
-1173
-1043
-887
-660
-431
-267
-92
75
151
239
371
364
289
414
475
336
345
308
137
36
34
-105
-284
-227
-268
-377
-364
-373
-535
-602
-512
-565
-640
-548
-410
-360
-317
-140
60
13
173
550
570
730
1135
1132
1291
1563
1492
1491
1522
1526
1449
1398
1318
1137
1004
889
654
355
163
21
-143
-375
-426
-523
-676
-695
-754
-847
-889
-857
-848
-843
-765
-730
-706
-600
-520
-451
-407
-270
-160
-123
-21
23
0
41
73
-22
-25
-4
-123
-158
-103
-292
-432
-330
-489
-680
-627
-576
-728
-744
-563
-572
-512
-445
-361
-139
-125
-53
264
238
319
646
475
615
914
666
695
988
826
770
839
777
746
630
552
468
374
278
221
86
60
-6
-109
-75
-246
-233
-172
-248
-238
-97
-170
-86
29
-203
76
39
-169
129
94
-37
203
169
-11
199
148
-31
80
87
-19
-68
10
-11
-132
-141
-173
-219
-340
-383
-310
-477
-479
-425
-518
-460
-420
-633
-489
-270
-506
-416
-191
-230
-294
-69
-116
-235
47
32
-110
110
148
27
317
182
97
454
243
196
438
350
229
421
531
225
387
473
243
291
366
227
199
339
251
188
149
275
59
39
270
5
69
131
105
78
45
117
-24
96
175
-72
27
188
-16
82
75
-104
78
-98
-136
-105
-247
-181
-294
-269
-349
-421
-359
-562
-486
-342
-645
-477
-325
-657
-362
-436
-541
-330
-393
-363
-231
-245
-230
-8
-159
6
114
77
121
205
264
106
315
322
222
338
322
338
346
388
474
359
468
534
501
353
429
528
150
319
381
77
62
229
-54
-38
73
-85
-24
-30
72
-3
-58
-63
71
142
-96
-108
225
47
-193
341
-139
-195
438
-86
-168
140
-80
-116
38
-249
-268
-164
-438
-384
-422
-694
-442
-514
-754
-414
-598
-788
-277
-575
-602
-128
-486
-208
39
-317
-81
202
-134
65
461
-5
151
773
261
229
879
299
322
969
283
212
698
349
207
360
113
21
155
-118
-116
-53
-215
-11
48
-311
59
103
-325
182
162
-161
247
430
100
310
552
228
336
624
418
237
596
505
234
322
307
104
-65
-11
-330
-357
-251
-605
-671
-479
-735
-878
-744
-882
-881
-820
-716
-673
-628
-427
-349
-454
-195
0
-274
76
332
-60
420
548
16
601
602
4
657
632
37
537
697
43
302
503
-92
-13
110
-287
-140
-60
-514
-188
17
-498
-320
59
-355
-109
306
-175
218
622
177
416
665
389
596
799
461
553
875
652
296
632
525
86
283
35
-128
-32
-332
-449
-391
-647
-647
-800
-873
-811
-926
-796
-796
-776
-607
-627
-409
-388
-426
-18
-117
9
177
188
324
326
332
450
406
354
527
341
498
393
283
495
169
151
251
-5
-124
-115
-149
-251
-409
-358
-353
-392
-325
-441
-302
-145
-130
-82
-54
157
250
221
301
346
509
442
435
596
427
503
615
337
373
494
237
165
207
48
-101
-30
-169
-317
-314
-332
-446
-422
-539
-547
-409
-571
-453
-396
-512
-242
-167
-346
-174
-1
-14
-78
86
245
40
237
315
124
274
247
209
230
191
249
192
75
245
90
-162
112
-128
-355
-101
-300
-346
-224
-439
-307
-150
-469
-274
-84
-241
-73
14
70
116
185
211
234
306
238
282
429
313
354
452
249
393
378
92
206
249
42
76
140
-87
22
26
-232
-115
-90
-345
-160
-93
-333
-102
-78
-233
-124
-56
-140
-119
39
-50
9
192
61
50
201
68
80
121
-50
121
122
-76
62
-12
-63
-97
-262
-99
-202
-413
-159
-198
-345
-228
-219
-305
-168
-161
-258
-36
-52
-9
184
35
126
347
131
143
369
204
183
360
281
185
253
253
90
97
131
5
-9
-17
36
-23
-133
-55
-42
-138
-178
-41
-103
-157
-25
57
-136
4
61
-88
128
4
-68
149
195
1
119
175
61
167
54
-51
136
64
-95
36
-31
-70
-36
-167
-150
-188
-133
-190
-338
-51
-102
-330
-90
-54
-214
-55
-112
-101
111
-43
-15
183
150
90
147
198
190
165
229
183
192
242
141
186
95
27
121
-27
-88
0
-135
-64
-99
-204
-137
-166
-174
-222
-183
-96
-164
-184
70
-60
-120
71
40
49
48
112
153
126
187
224
84
180
202
-9
153
121
-69
32
56
-56
-103
-133
-129
-155
-248
-214
-228
-268
-148
-213
-265
-139
-151
-165
-71
-75
-83
94
85
61
206
190
181
247
284
226
217
334
251
212
257
205
123
87
125
-38
-123
22
-111
-236
-140
-195
-227
-279
-252
-189
-331
-181
-138
-245
-42
-41
-125
126
35
-25
241
115
137
241
175
264
227
115
203
166
90
26
42
76
-130
-70
-34
-256
-165
-165
-332
-225
-193
-287
-227
-195
-153
-142
-127
-118
-32
71
-22
54
222
122
178
305
170
241
352
213
203
366
278
112
260
308
38
72
174
12
-42
-25
-51
-124
-130
-120
-216
-212
-121
-246
-256
-95
-160
-229
-79
-24
-83
-68
45
50
38
83
103
155
150
124
211
136
103
199
60
55
86
-36
29
-59
-145
-98
-174
-213
-224
-290
-235
-183
-376
-230
-111
-316
-200
-43
-182
-84
21
-20
93
95
78
219
233
105
251
341
138
246
318
129
221
263
74
121
178
49
3
5
2
-41
-161
-84
-59
-211
-95
-152
-174
-37
-179
-139
-6
-49
-72
10
51
-2
90
79
35
178
119
34
233
133
5
243
78
3
159
24
-8
24
-24
-82
-108
-104
-113
-235
-128
-180
-249
-119
-247
-201
-162
-156
-130
-149
-70
-25
-42
-27
28
89
55
58
170
145
118
149
205
141
126
178
124
150
99
36
94
103
-89
-33
56
-104
-107
-86
-68
-73
-175
-99
-20
-126
-73
-9
-3
20
1
84
84
54
119
125
101
150
131
127
109
113
102
44
73
84
-29
-29
77
-146
-73
-52
-187
-110
-144
-220
-125
-167
-225
-103
-234
-149
-41
-175
-138
3
-54
-68
-18
-31
20
42
15
-18
113
58
3
54
19
90
37
-35
69
59
-76
35
1
-131
3
-6
-179
-45
-6
-139
-87
-40
-47
-94
-17
36
-26
11
130
40
21
190
125
69
189
163
149
193
125
194
211
87
179
191
87
131
134
65
96
4
66
38
-50
-9
7
-65
-41
-31
-81
-14
-25
-9
-36
3
4
76
13
-62
157
76
-69
116
53
2
52
-50
10
-51
-53
-42
-167
-65
-58
-247
-116
-107
-228
-154
-177
-142
-146
-207
-103
-123
-144
-93
-78
-44
-75
26
7
-56
97
80
-23
133
77
112
128
38
232
32
97
227
6
137
152
83
81
91
143
16
21
216
-44
-47
211
-37
-70
125
-14
-96
86
-68
-14
-22
-57
5
-49
-56
-47
1
-49
-24
-28
-21
-24
12
-46
-70
23
-11
-157
-3
-10
-207
-39
-80
-177
-111
-107
-165
-119
-134
-144
-120
-123
-64
-155
-73
-13
-118
-20
27
-77
54
20
32
90
10
101
127
94
14
185
127
39
132
81
91
91
60
8
86
26
-11
-20
-3
16
-64
-80
5
-10
-126
-9
-18
-58
-8
-36
-52
68
-25
-48
109
-12
41
137
-28
82
192
-4
112
129
75
150
54
93
135
48
74
73
11
66
-15
-18
32
-53
-34
-22
-14
-45
-49
8
-22
-38
9
41
-15
11
73
-3
53
10
33
66
-21
22
6
4
-1
-60
-24
-34
-83
-61
-78
-101
-93
-85
-145
-89
-102
-161
-47
-139
-133
-17
-126
-100
37
-97
-51
74
-37
20
37
83
47
46
173
49
68
222
58
121
183
75
189
107
108
175
79
109
106
69
66
58
69
-26
12
44
-92
-26
-22
-78
-71
-77
-72
-59
-108
-61
-56
-93
-21
-71
-57
-19
-13
-60
-38
-9
-38
-24
-57
-75
8
-60
-169
14
-93
-174
-29
-121
-190
-60
-107
-230
-78
-127
-165
-101
-161
-95
-73
-127
-58
-48
-49
33
-26
18
93
77
61
115
176
111
148
183
178
144
189
180
147
184
120
172
125
97
146
79
55
100
51
15
53
-21
47
9
-69
39
-15
-41
6
-16
-56
26
46
-102
24
114
-99
4
111
-56
-12
66
-2
-45
8
1
-81
-28
-22
-137
-36
-85
-166
-62
-132
-151
-134
-115
-159
-142
-108
-180
-99
-63
-176
-84
4
-136
-42
13
-66
10
63
4
20
129
82
44
161
119
111
150
117
170
111
126
173
102
97
153
84
59
113
70
43
27
77
12
0
54
-35
15
18
-40
24
-25
-34
59
-54
-12
51
-73
49
13
-48
39
-6
19
-13
-12
25
-57
12
-3
-114
17
-43
-114
-6
-114
-100
-38
-145
-75
-97
-166
-33
-114
-166
-62
-72
-121
-92
-47
-49
-86
-23
35
-60
-9
84
27
-9
109
72
33
131
79
67
118
116
60
94
94
95
65
32
100
39
41
54
-11
45
53
-33
-3
31
23
-31
-13
30
-22
10
6
-30
19
26
-35
17
25
-6
23
-26
27
39
-55
14
36
-48
-26
9
-38
-66
8
-43
-104
8
-51
-109
-14
-72
-87
-22
-71
-77
-38
-43
-34
-59
-30
15
-56
2
8
17
-9
0
78
1
12
59
31
23
74
1
35
54
17
35
0
36
28
10
-16
15
22
-35
1
8
-17
-21
21
-4
-21
11
2
22
-12
22
29
5
31
16
27
25
15
28
38
-19
26
59
-42
-1
41
-17
-34
-2
-15
-41
-23
-34
-59
-26
-17
-54
-53
-17
0
-53
-37
11
-5
-19
-5
23
18
5
35
39
25
53
35
24
68
35
19
49
29
26
6
-1
15
-1
-31
-11
-24
-29
-19
-65
-27
-39
-54
-19
-57
-51
6
-43
-48
13
-17
-27
19
6
-14
44
23
-3
51
51
10
43
44
32
47
10
25
39
13
-22
16
23
-50
7
-22
-62
2
-24
-65
-48
-5
-37
-58
-29
-11
-32
-13
-2
-30
19
15
-4
20
23
19
32
46
10
43
48
7
31
46
3
0
54
-9
-21
28
-12
-28
0
-23
-32
-20
-20
-17
-49
-23
7
-40
-28
-7
-7
-4
-20
-4
17
-3
-3
25
-2
13
26
7
6
29
9
-1
12
13
-3
-17
17
-18
-15
6
-26
-16
2
-18
-28
-4
-18
-7
-4
-35
15
11
-37
7
21
-10
2
15
7
-1
13
4
3
20
-4
-2
18
-1
10
0
-18
45
-17
-27
32
-7
-3
2
0
0
11
9
-16
10
43
-13
-6
45
5
15
20
14
20
25
21
-4
37
24
-11
17
8
-3
10
-15
-10
13
-33
-15
-4
-44
-8
-19
-50
-8
-20
-40
-16
-27
-26
-8
-28
-23
3
-16
-23
-1
10
-18
-3
25
-17
10
15
-3
12
2
8
16
-15
13
27
-19
12
13
1
13
15
-9
19
29
-16
10
38
13
-8
41
27
6
31
30
15
31
31
26
31
23
37
20
19
43
11
6
46
3
-4
29
-3
3
-11
4
1
-36
0
-9
-43
-14
-17
-41
-25
-37
-20
-34
-56
-12
-25
-63
-22
-21
-53
-23
-29
-26
-43
-14
-19
-45
-8
-4
-34
-20
11
-27
-12
1
-8
-21
14
1
-21
24
9
5
2
25
24
5
27
30
15
26
44
11
42
25
23
54
11
41
44
39
18
37
51
17
26
32
39
9
25
38
-6
17
41
-23
5
47
-32
-8
20
-29
1
-18
-27
-8
-33
-26
-27
-35
-34
-19
-53
-30
-34
-39
-31
-55
-26
-26
-43
-57
-1
-39
-60
-3
-34
-42
-19
-13
-42
-3
-6
-35
5
-13
-4
4
-13
6
17
-1
12
29
12
15
30
26
20
25
35
29
30
30
25
50
16
27
43
21
22
35
20
18
34
8
29
11
24
18
3
22
7
15
4
1
-1
18
-8
-18
9
3
-24
-19
9
-28
-11
-5
-41
5
-9
-35
-19
-15
-8
-28
-47
3
-2
-61
-7
-11
-27
-19
-21
-20
-18
9
-37
-21
33
-15
-34
25
0
-13
11
-10
15
2
-4
19
-12
19
20
-26
24
28
-15
15
29
7
14
18
22
5
16
48
-23
18
72
-49
19
66
-48
26
41
-47
31
31
-43
28
16
-20
6
3
9
-20
-7
19
-16
-19
18
-1
-29
3
10
-20
-20
25
-12
-31
30
-20
-19
16
-14
-13
6
-5
-9
0
-9
0
-9
-6
-3
0
-12
-10
3
-10
-9
-2
-3
-5
-9
-5
8
-14
-2
3
-10
1
8
-7
-1
15
-14
1
10
-5
4
1
-4
10
11
-20
19
19
-32
16
12
-15
7
7
-5
2
-1
3
11
-21
17
11
-22
9
16
-8
-13
16
3
-8
-3
10
-5
-17
18
-11
-20
24
-13
-22
26
-15
-9
5
-17
20
-14
-20
23
-15
-18
20
-16
8
3
-25
36
-14
-8
21
-16
13
1
-16
24
-3
-12
25
-14
1
19
-11
1
10
8
-15
10
14
-29
24
7
-32
30
2
-31
15
3
-6
-8
-11
26
-27
-8
22
-29
8
12
-21
3
6
1
-6
-15
37
-7
-26
38
-1
-3
16
-8
22
1
-11
28
-12
1
23
-10
-4
18
-2
-5
4
2
15
-16
-1
21
-3
-9
0
18
-9
-7
18
7
-15
18
16
-27
17
12
-8
-4
3
13
-9
-14
11
15
-30
-7
32
-26
-16
28
-24
-8
18
-22
2
12
-14
6
6
-11
-5
25
-12
-20
29
5
-21
7
6
-6
9
-13
-4
19
-4
-15
-7
31
1
-40
30
25
-38
10
10
-10
10
-14
6
2
0
4
-29
19
8
-45
27
5
-35
21
0
-13
-7
12
7
-31
21
8
-30
15
12
-18
8
5
-6
11
-19
7
13
-17
-1
2
14
-14
-30
31
17
-45
17
22
-23
6
11
-8
-1
21
-12
-18
32
0
-15
6
-1
17
-16
-17
36
-23
-4
23
-43
29
10
-43
20
7
-20
-3
5
-5
-22
20
-9
-42
40
0
-53
42
-7
-30
35
-17
-23
25
3
-20
6
10
16
-8
-16
27
22
-38
5
49
-28
-10
39
-16
-4
27
-21
23
8
-30
46
-11
-17
29
-6
0
0
-5
14
-5
-17
13
-2
-11
-5
5
1
-7
2
8
-1
-6
13
3
-1
1
4
14
-15
-7
24
-18
-1
14
-12
3
9
-1
-3
-6
17
6
-41
19
32
-33
-24
31
0
-18
-7
-12
28
-5
-34
6
26
-14
-27
9
-5
9
-15
-23
15
15
-25
-10
9
1
2
-14
-8
18
6
-23
0
12
12
-8
-3
4
17
10
-33
24
23
-29
17
11
-15
19
7
-16
19
2
-12
25
-11
-17
40
-14
-21
31
-25
1
25
-52
14
34
-42
-1
13
-2
2
-21
-9
31
-21
-33
32
4
-28
11
10
-18
7
15
-15
-4
20
6
-21
-3
34
-8
-22
21
0
-3
7
-8
5
11
8
-20
-4
36
-18
-22
28
1
-14
16
-8
-2
22
-8
-7
20
14
-22
21
17
-21
24
-4
-2
10
-14
17
2
-24
25
2
-19
12
-2
5
-13
8
10
-18
22
-7
-23
35
-15
-23
32
-15
-1
6
-12
15
-4
-16
7
-6
1
12
-32
14
15
-26
4
8
1
-12
12
-8
-5
18
-22
7
19
-29
10
26
-27
-2
14
-5
4
-7
-6
25
1
-29
17
23
-17
-5
14
-8
11
-1
-21
30
12
-35
10
32
-23
0
19
-2
4
-5
16
7
-21
13
17
-19
4
13
-15
11
9
-18
10
7
-12
-9
2
11
-14
-9
11
1
-16
2
9
-15
6
4
-8
-8
17
-4
-29
33
5
-27
12
14
-10
1
-3
1
7
-21
13
4
-24
21
-15
-13
24
-33
15
6
-44
37
-13
-29
41
-25
-15
40
-34
5
18
-24
37
-32
-4
45
-43
16
18
-27
30
-9
-15
28
-17
5
0
-3
15
-18
16
3
-12
13
-5
0
9
-14
11
-1
-10
9
-13
5
9
-18
-10
29
-16
-16
20
-15
2
-2
-4
0
7
-12
-5
21
-35
17
13
-28
20
0
-4
-1
7
-2
-14
29
-8
-40
47
-6
-43
38
-20
-9
16
-29
6
-2
-4
-5
-25
20
5
-41
13
23
-30
-3
11
-1
-6
-5
11
-5
-10
13
-6
-15
16
-10
-10
13
-15
2
13
-19
5
10
-6
5
1
9
6
-4
13
6
-5
20
0
-10
18
7
-19
11
21
-27
14
20
-25
21
-6
-3
24
-22
-3
24
-11
-16
8
1
2
-20
-5
13
-7
-14
-1
8
-6
4
-13
-2
15
-11
-13
6
12
-16
-1
9
5
-3
-5
22
-6
-3
5
15
-9
-12
32
-10
-15
17
6
-14
11
8
-17
17
5
-25
15
16
-16
0
16
-12
4
10
-15
14
3
-11
18
-8
2
9
-9
12
-4
-6
8
7
-7
-2
20
-6
-18
22
5
-11
-1
-5
12
-10
-4
16
-17
9
14
-27
16
14
-17
12
13
-14
5
19
-17
-8
26
-12
1
19
-28
16
17
-44
20
25
-37
18
-4
4
17
-40
19
22
-33
7
8
-6
8
-23
13
11
-31
30
-15
-2
31
-48
36
14
-38
31
-10
1
25
-26
14
19
-17
5
-5
4
14
-31
-1
41
-35
-10
18
-7
10
-26
3
11
-19
13
-9
-15
12
-1
-9
9
-15
1
14
-19
11
-12
1
18
-15
11
-11
7
19
-29
27
4
-32
32
4
-20
10
-11
3
22
-24
-20
26
5
-20
9
-10
5
9
-25
9
10
-16
-1
12
3
-12
-9
18
-4
-6
3
-11
21
-9
-8
16
1
11
-29
19
29
-44
13
25
-21
13
7
-23
12
16
-10
-14
8
11
-28
0
19
-34
-3
6
-9
8
-30
-8
31
-20
-19
11
-13
1
12
-19
-2
15
-9
-2
3
-7
2
-8
15
8
-18
-3
11
24
-25
-21
47
-1
-37
26
2
-8
10
-30
31
7
-40
30
-3
-12
20
-19
-4
17
-20
-2
15
-20
1
10
-8
4
-2
-13
-2
21
-5
-24
14
8
-6
14
-17
-11
26
-12
8
1
-33
33
10
-28
22
-1
-14
37
-11
-8
18
-9
29
3
-13
9
10
9
-12
2
6
-7
16
0
-19
28
-16
-23
39
-19
-22
9
11
-4
-22
15
2
-17
13
-8
-3
13
-22
9
9
-18
15
-5
1
8
-7
12
-21
12
29
-25
4
9
4
3
-9
22
-12
-13
38
-13
-3
5
-12
45
-24
-27
43
-7
0
10
-16
15
15
-15
3
18
-2
-16
16
13
-17
-1
7
18
-5
-17
18
15
-9
-6
7
-3
9
1
-22
17
8
-28
2
18
-12
-21
15
9
-16
-9
-1
11
-6
-22
-4
12
-3
-16
-12
14
3
-24
14
-10
-5
17
-27
-3
19
-14
-9
3
-10
18
-19
-17
30
-12
-6
0
4
-2
0
3
-16
17
10
-19
9
18
-24
22
6
-22
35
-14
1
17
-15
1
15
-13
-19
31
-11
-9
4
-14
19
-1
-23
10
7
-11
1
-25
13
5
-33
13
-19
15
12
-45
17
28
-30
-15
22
3
-14
-11
16
-7
-12
4
-2
1
-25
27
-5
-37
31
1
-23
18
1
-10
16
-15
3
8
-2
4
-13
9
2
0
-5
-10
24
-2
-23
18
16
-19
7
12
-9
12
0
-11
17
10
-23
11
15
-29
21
3
-19
12
1
-3
-9
8
7
-7
-13
18
13
-27
4
26
-11
-21
32
-4
-9
10
0
11
-20
7
8
-13
4
3
-4
6
-11
3
8
-18
10
-1
-3
2
-1
2
-5
-6
18
-8
-23
36
-4
-17
12
7
-2
1
-4
6
12
-15
6
5
12
-12
-6
16
-7
2
-6
3
11
-14
-13
26
-14
-11
21
-17
6
9
-17
3
16
-14
-1
4
2
0
-14
1
25
-17
-20
42
-18
-2
7
-9
28
-14
-1
22
3
0
12
-2
17
2
-7
27
-22
24
8
-27
31
-8
-16
18
-9
-10
16
-13
-4
-2
-8
9
-14
-13
19
-6
-14
1
10
1
-16
6
0
3
-11
-1
8
-5
-9
13
-12
-12
36
-36
6
15
-5
9
-34
50
-8
-46
54
2
-51
45
12
-43
25
9
-4
-8
-5
17
-8
-15
-2
22
-18
-11
14
-8
4
-7
-10
14
0
-29
25
-2
-21
22
-14
14
0
-16
28
-13
-9
9
2
-3
-2
-8
11
15
-30
3
23
-1
-26
-1
29
-8
-22
-17
46
-11
-56
32
22
-35
-10
-1
12
-4
-39
15
29
-48
6
12
-19
11
-18
-7
29
-32
-4
31
-26
-4
13
0
-15
1
17
-13
-24
40
-21
-3
19
-27
36
-14
-19
33
-1
1
-2
10
27
-32
8
35
-34
22
9
-32
56
-40
-2
33
-38
28
-14
-25
54
-30
-38
65
-28
-14
12
-7
32
-47
17
43
-61
28
29
-52
45
-1
-38
34
-7
-5
-8
-5
27
-22
-10
7
30
-35
-21
54
-28
-28
24
1
-13
-2
-1
16
-29
-9
57
-60
18
15
-10
-12
18
25
-50
50
-25
39
-9
-17
36
-24
27
-22
-4
11
2
-41
36
-5
-6
15
-25
39
-13
19
-19
16
8
7
-8
-38
64
-18
-50
24
42
-69
24
21
-33
13
31
-48
15
39
-58
50
-37
11
54
-80
37
62
-46
-11
85
-71
9
57
-66
12
-16
1
5
-18
-19
55
-19
-1
34
-1
43
-50
36
22
-43
69
-61
-31
77
-27
-29
-6
-9
52
-1
-74
41
55
-43
-37
61
-33
0
13
-96
94
-11
-89
58
43
-32
-27
93
-23
-35
62
-54
-24
66
-126
53
11
-162
182
4
-149
110
64
-51
67
-70
41
63
-101
74
-44
-42
89
-63
-40
48
-11
-5
-38
20
87
-143
133
-3
-93
104
-26
-19
-15
-70
79
-28
-127
92
-31
-9
59
-115
111
46
-125
68
45
-93
3
83
-120
29
52
-54
21
3
4
-28
28
-4
-49
18
28
-59
-15
126
-120
-9
124
-109
75
-56
-46
178
-180
-33
238
-178
-19
183
-210
95
117
-263
133
9
-122
167
-163
17
194
-194
80
127
-121
8
106
-38
-37
38
29
-87
53
82
-174
132
-41
-48
66
-70
50
-56
-55
137
-32
-119
95
51
0
-103
118
47
-154
166
-16
-66
66
32
-22
-17
21
50
-153
37
157
-292
72
208
-203
44
198
-62
41
81
73
12
-10
93
-47
-20
12
-9
-99
-16
58
-54
-39
7
-31
20
113
-145
48
157
-129
123
119
-185
89
172
-112
-26
70
10
-57
-46
119
-95
-78
157
-141
-145
179
-89
-219
115
13
-131
71
70
-72
76
112
11
-55
84
49
-136
46
52
-194
4
55
-179
49
47
-101
-43
142
6
-98
169
-39
-77
105
41
-157
19
115
-144
-63
63
-35
-157
43
-34
-225
-2
65
-204
-93
167
-123
-64
139
-39
-29
51
107
13
-22
74
-24
-100
40
-12
-106
-30
-9
-41
-45
12
-38
10
10
-37
19
83
-8
49
81
-93
12
-15
-34
-16
-92
99
13
-137
84
11
-6
48
-104
75
52
-21
83
35
37
114
-4
69
186
-100
28
173
-14
-22
113
9
18
164
95
55
82
101
116
77
-4
74
16
-111
84
81
-130
71
50
-123
-27
-53
-72
-103
-32
-16
-127
-84
-67
-170
-122
-113
-157
-110
-132
-159
-188
-183
-173
-219
-231
-87
-174
-202
-93
-160
-144
-84
-3
-89
-24
66
-39
22
71
93
109
147
219
248
295
347
417
541
610
583
678
848
933
926
993
1022
966
1074
1186
1154
1134
1136
1053
916
699
292
-113
-361
-640
-963
-1265
-1622
-1968
-2264
-2426
-2499
-2638
-2634
-2556
-2479
-2280
-2046
-1859
-1628
-1312
-1057
-803
-453
-276
-131
189
404
543
718
888
985
1146
1326
1497
1656
1673
1662
1766
1901
1988
2100
2241
2411
2593
2882
3221
3340
3061
2337
1584
1171
751
165
-288
-925
-1791
-2414
-2662
-2894
-3339
-3377
-3127
-3016
-2681
-2240
-2095
-2005
-1611
-1118
-733
-284
99
201
379
783
975
1084
1345
1518
1336
1244
1049
43
-762
-939
-1265
-1561
-1610
-2050
-2521
-2565
-2288
-1872
-1430
-1043
-604
-167
254
793
1174
1412
2016
2545
2879
3328
3620
3710
4171
4743
5186
5645
5144
3716
2809
2329
1393
521
3
-1123
-2692
-3457
-3690
-4391
-5086
-4942
-4642
-4544
-3908
-3137
-3098
-2937
-2104
-1355
-661
313
822
800
1252
1946
2101
2270
2724
2565
2018
1936
1445
119
-840
-1219
-1805
-2480
-2790
-3227
-3897
-3928
-3341
-2764
-2157
-1378
-764
-324
388
1227
1774
2340
3174
3678
3918
4382
4702
4859
5334
6000
6503
6151
4659
3253
2625
1604
509
-50
-1224
-3195
-4497
-4830
-5443
-6178
-6081
-5664
-5578
-4935
-3851
-3383
-3102
-2155
-1035
-212
940
1806
1753
1996
2664
2989
3168
3658
3505
2634
2100
1413
282
-606
-1216
-1966
-2827
-3515
-4022
-4548
-4743
-4222
-3520
-2932
-1964
-1116
-692
74
1207
1972
2827
3761
4296
4622
4994
5330
5685
6181
6589
7032
6372
4535
3314
2539
1251
231
-350
-1846
-3877
-5054
-5544
-6274
-6718
-6382
-6066
-5959
-5239
-4126
-3544
-2989
-1777
-658
206
1458
2242
2314
2646
3222
3503
3794
4106
3787
2770
1781
1188
297
-703
-1237
-1965
-3238
-3904
-4199
-4752
-4760
-4285
-3794
-3036
-2188
-1583
-867
-6
900
2090
3060
3785
4473
4803
5082
5775
6384
6615
7149
7284
5795
4119
3427
2549
1117
332
-572
-2488
-4352
-5122
-5541
-6401
-6557
-6051
-6069
-6050
-5100
-4205
-3772
-2763
-1451
-707
228
1434
1879
2108
2824
3312
3492
3905
4042
3432
2367
1535
864
32
-574
-1025
-2110
-3392
-3911
-4283
-4532
-4156
-3716
-3517
-2897
-2181
-1563
-646
299
1141
2173
3032
3702
4287
4616
5096
5860
6442
6770
7268
6631
4775
3604
3246
2269
1114
419
-1164
-3320
-4632
-4953
-5457
-6011
-5898
-5801
-6023
-5704
-4721
-4035
-3376
-2153
-1097
-458
485
1408
1692
2272
3180
3577
3834
4116
3841
3063
2359
1696
919
253
-406
-1264
-2443
-3434
-3894
-4255
-4309
-3942
-3728
-3596
-3025
-2425
-1760
-738
234
1027
1925
2631
3169
3758
4238
4830
5608
6088
6401
6875
6034
4237
3480
3257
2287
1446
860
-966
-3083
-4067
-4325
-4772
-5076
-5039
-5291
-5664
-5336
-4452
-3787
-3156
-2148
-1385
-898
30
801
1094
1789
2590
2957
3288
3625
3234
2535
2112
1564
882
356
-173
-1142
-2223
-3000
-3326
-3636
-3680
-3357
-3269
-3123
-2644
-2132
-1524
-649
215
1010
1882
2480
2898
3369
3906
4557
5262
5699
6016
6335
5388
3960
3452
3206
2331
1733
1123
-611
-2326
-3129
-3480
-3925
-4184
-4248
-4581
-4980
-4853
-4260
-3773
-3250
-2428
-1929
-1567
-858
-264
71
747
1423
1752
2183
2554
2357
1893
1670
1422
909
658
409
-364
-1262
-1812
-2114
-2417
-2396
-2272
-2332
-2294
-2104
-1861
-1409
-802
-177
481
1106
1631
1985
2325
2747
3271
3761
4213
4529
4729
4405
3520
2952
2778
2423
1872
1628
746
-540
-1313
-1599
-1932
-2198
-2250
-2539
-2940
-3133
-3042
-2821
-2628
-2304
-1979
-1793
-1552
-1192
-946
-670
-254
87
412
767
879
703
573
513
321
224
219
-31
-485
-885
-1089
-1292
-1365
-1223
-1133
-1110
-1072
-1006
-849
-556
-183
272
679
916
1073
1262
1471
1746
2001
2105
2209
2232
2146
2240
2355
2024
1639
1525
1316
1026
967
736
270
-82
-343
-484
-513
-675
-886
-1003
-1080
-1097
-970
-916
-957
-962
-981
-910
-720
-643
-615
-535
-538
-471
-377
-366
-362
-347
-331
-330
-357
-439
-603
-725
-815
-868
-851
-887
-865
-862
-922
-871
-788
-665
-456
-283
-214
-139
-44
52
179
303
359
378
439
506
659
822
894
963
1056
1192
1372
1493
1520
1511
1461
1441
1428
1416
1289
1168
1062
951
838
708
538
364
278
243
214
112
-28
-147
-270
-341
-352
-387
-474
-569
-635
-673
-664
-626
-629
-688
-779
-868
-952
-1058
-1150
-1216
-1348
-1493
-1505
-1544
-1587
-1553
-1472
-1462
-1437
-1256
-1109
-956
-789
-690
-661
-525
-338
-151
53
249
352
418
587
757
917
1108
1244
1286
1310
1333
1330
1336
1433
1530
1566
1599
1577
1486
1372
1356
1402
1438
1453
1396
1214
1004
863
777
730
646
515
343
153
-40
-171
-240
-364
-511
-629
-760
-947
-1080
-1215
-1376
-1500
-1548
-1607
-1692
-1735
-1804
-1869
-1858
-1764
-1688
-1574
-1470
-1418
-1350
-1210
-1032
-829
-589
-380
-263
-173
-67
49
184
348
507
570
561
552
539
539
647
784
832
840
834
804
821
934
1075
1182
1284
1355
1386
1374
1399
1463
1521
1573
1624
1597
1456
1308
1173
1021
906
815
670
467
217
-28
-254
-439
-577
-704
-853
-1031
-1212
-1380
-1512
-1563
-1577
-1611
-1618
-1624
-1657
-1657
-1601
-1514
-1407
-1281
-1146
-1041
-926
-830
-735
-610
-480
-354
-253
-185
-138
-95
-29
67
161
222
272
318
352
396
494
594
660
752
852
912
933
958
1011
1083
1169
1271
1325
1286
1209
1145
1101
1095
1113
1094
986
827
662
524
443
387
312
184
20
-142
-269
-357
-416
-478
-555
-617
-674
-713
-749
-783
-814
-822
-803
-768
-730
-718
-764
-822
-828
-808
-774
-742
-741
-779
-817
-797
-727
-668
-621
-560
-483
-408
-305
-183
-95
-28
74
212
326
406
476
534
588
678
804
897
917
894
861
834
837
874
900
860
760
632
520
444
401
356
271
132
-26
-157
-237
-283
-319
-375
-454
-525
-562
-559
-548
-537
-528
-510
-458
-369
-294
-278
-292
-289
-247
-172
-85
-32
-57
-106
-104
-69
-48
-39
-30
-36
-34
1
34
10
-48
-69
-42
3
47
75
63
40
59
135
231
295
323
327
330
350
407
483
530
532
509
482
459
435
412
376
310
226
145
70
-15
-103
-196
-295
-382
-440
-481
-528
-590
-653
-700
-696
-632
-566
-540
-539
-547
-536
-478
-363
-245
-181
-149
-117
-100
-86
-41
40
119
188
250
272
237
196
194
231
287
353
400
403
368
338
347
400
479
553
589
574
523
489
510
561
604
622
607
549
471
405
366
328
282
231
153
36
-91
-207
-304
-380
-440
-503
-585
-680
-769
-832
-852
-840
-833
-839
-850
-856
-853
-814
-740
-661
-597
-533
-475
-453
-433
-366
-261
-153
-49
29
50
42
61
120
193
267
326
370
395
418
446
486
548
622
689
734
740
717
710
746
794
821
815
773
697
619
573
539
491
420
332
220
95
-14
-106
-176
-241
-305
-375
-457
-532
-580
-584
-561
-542
-552
-585
-607
-600
-554
-480
-410
-380
-384
-382
-377
-380
-373
-346
-311
-284
-279
-300
-355
-412
-416
-373
-321
-286
-275
-275
-259
-206
-106
22
143
250
339
421
495
585
701
827
924
972
973
938
885
842
822
799
736
622
470
300
145
27
-51
-118
-195
-283
-384
-472
-531
-530
-473
-395
-337
-315
-321
-321
-268
-161
-20
93
137
127
98
74
64
78
92
80
34
-48
-156
-277
-388
-452
-474
-491
-527
-579
-640
-683
-680
-608
-492
-375
-273
-190
-112
-20
110
281
444
568
635
660
659
649
656
673
667
618
523
398
255
128
41
-20
-71
-130
-203
-279
-346
-379
-361
-301
-230
-170
-134
-115
-84
-17
84
199
290
334
335
319
302
291
292
298
280
217
126
22
-80
-158
-208
-251
-307
-378
-440
-484
-508
-506
-477
-424
-366
-301
-224
-146
-60
45
171
286
359
394
405
405
414
435
438
401
319
211
104
10
-60
-114
-174
-247
-323
-392
-439
-455
-438
-395
-345
-301
-261
-221
-161
-72
34
135
213
262
292
314
339
362
378
382
373
339
279
202
128
74
44
14
-42
-128
-227
-295
-309
-289
-266
-261
-275
-283
-256
-185
-87
14
97
164
209
235
255
278
307
343
374
372
319
228
132
57
21
7
-17
-76
-174
-274
-351
-379
-363
-324
-289
-277
-284
-288
-270
-215
-121
-15
64
99
96
85
95
135
184
222
234
215
170
113
60
26
17
21
11
-35
-117
-213
-270
-264
-213
-164
-153
-179
-215
-209
-144
-43
60
133
170
190
207
232
264
300
336
363
365
333
269
192
131
98
88
75
34
-41
-128
-196
-222
-213
-184
-155
-147
-152
-158
-147
-111
-50
16
60
77
69
52
50
66
85
98
94
65
18
-27
-70
-96
-113
-126
-149
-193
-249
-301
-326
-310
-266
-228
-214
-227
-236
-209
-133
-24
70
126
143
144
159
204
263
317
344
340
316
280
241
201
166
141
116
93
55
-2
-60
-107
-120
-99
-65
-38
-31
-43
-51
-32
8
64
114
137
136
120
100
97
106
120
127
118
86
36
-19
-61
-86
-96
-105
-131
-177
-232
-274
-290
-281
-262
-246
-246
-259
-262
-246
-198
-126
-59
-6
14
21
38
76
137
198
237
242
221
194
174
167
159
142
112
77
42
12
-17
-47
-70
-82
-75
-54
-41
-37
-33
-29
-5
32
76
112
127
128
124
126
138
160
179
182
163
123
77
41
18
2
-13
-45
-90
-143
-188
-216
-231
-239
-244
-253
-263
-269
-263
-239
-198
-146
-93
-50
-25
-3
30
76
138
186
206
202
182
165
162
162
157
129
91
60
34
15
-7
-38
-66
-81
-76
-56
-37
-28
-28
-25
-5
30
75
112
127
125
125
134
153
175
185
172
137
93
53
24
-1
-29
-67
-113
-159
-196
-227
-253
-274
-287
-290
-286
-270
-252
-234
-205
-164
-121
-71
-30
7
40
80
119
146
163
164
156
153
157
156
141
117
91
72
67
67
62
39
11
-10
-12
3
23
31
26
21
21
34
54
69
78
81
86
92
100
103
97
81
64
45
31
18
-5
-37
-76
-108
-130
-140
-147
-160
-180
-198
-210
-203
-187
-164
-144
-130
-118
-103
-87
-69
-42
-13
21
47
55
47
36
36
50
78
97
96
75
57
54
76
105
119
113
93
81
90
105
115
115
99
85
80
83
79
61
34
14
8
15
23
16
-12
-46
-75
-84
-77
-64
-66
-87
-115
-135
-136
-124
-107
-98
-93
-97
-95
-88
-76
-63
-52
-40
-28
-22
-22
-31
-36
-28
-4
24
37
29
6
-11
-3
24
52
61
52
39
43
68
101
115
107
99
98
117
140
151
140
115
98
96
109
118
105
75
42
22
27
36
37
16
-18
-52
-75
-85
-91
-97
-114
-137
-156
-167
-167
-161
-155
-152
-144
-120
-96
-83
-77
-73
-62
-37
-8
9
8
-3
-7
7
34
57
56
36
18
18
33
50
50
33
20
20
39
60
56
40
25
25
47
74
86
73
52
42
49
71
91
96
85
71
66
71
86
97
95
78
56
31
13
-1
-20
-39
-64
-84
-101
-115
-130
-143
-148
-141
-121
-105
-98
-102
-109
-101
-72
-42
-22
-22
-31
-34
-15
18
41
46
32
24
33
48
55
47
27
10
9
19
20
7
-21
-41
-40
-23
-1
3
-9
-23
-24
-10
20
47
56
60
63
64
76
91
98
102
93
79
58
39
23
3
-13
-30
-48
-65
-78
-94
-105
-104
-90
-69
-56
-57
-65
-70
-53
-23
8
23
19
4
4
26
57
74
74
61
46
46
56
54
34
10
-16
-31
-29
-38
-60
-79
-91
-90
-76
-53
-41
-44
-38
-24
2
39
67
82
89
93
98
109
119
119
107
88
63
37
9
-18
-36
-58
-78
-92
-112
-128
-144
-155
-148
-126
-100
-80
-79
-81
-72
-46
7
57
81
85
86
94
116
150
176
172
155
141
128
114
92
67
40
12
-7
-24
-47
-77
-105
-115
-111
-98
-85
-76
-69
-63
-36
-3
28
72
95
108
130
136
145
162
170
170
159
138
106
71
39
14
-5
-19
-34
-62
-91
-123
-156
-157
-140
-126
-121
-133
-145
-145
-129
-87
-49
-33
-25
-27
-12
13
31
53
75
85
82
87
82
40
14
1
-29
-38
-51
-92
-124
-151
-170
-171
-172
-168
-156
-143
-110
-74
-57
-28
10
40
80
126
154
168
186
211
224
226
215
196
174
147
146
138
103
73
32
-13
-40
-68
-82
-74
-87
-107
-110
-115
-131
-111
-74
-56
-37
-24
-20
-6
12
34
54
62
61
58
50
21
-9
-24
-43
-57
-65
-81
-112
-153
-174
-177
-176
-179
-183
-182
-172
-156
-129
-99
-74
-61
-41
9
48
72
109
141
159
179
189
175
167
155
137
146
153
133
94
61
51
16
-9
9
6
-2
1
3
5
-11
18
56
66
93
80
42
39
42
69
86
94
93
51
35
30
8
8
6
-17
-21
-30
-66
-102
-129
-145
-137
-128
-134
-124
-138
-135
-96
-91
-70
-45
-41
-16
12
35
49
48
70
88
98
101
80
54
39
30
48
55
22
-12
-34
-39
-40
-40
-34
-31
-35
-17
11
38
66
81
100
140
147
131
135
134
128
131
129
96
78
61
27
12
6
-27
-42
-94
-133
-150
-229
-260
-256
-274
-302
-286
-279
-257
-189
-141
-203
-172
-369
-998
-979
-1027
-1530
-1134
-780
-740
158
622
809
1567
1472
1316
1461
921
622
353
-107
-230
-422
-454
-338
-262
-19
63
293
499
465
630
545
400
386
99
18
-106
-279
-139
-193
-149
73
103
227
331
453
596
155
-75
-159
-719
-888
-806
-923
-601
-191
-57
423
645
590
803
574
301
253
-160
-326
-403
-658
-581
-574
-509
-294
-173
9
157
195
307
273
235
401
-40
-392
-205
-471
-661
-246
-293
-145
402
264
470
720
451
601
446
81
107
-154
-203
-128
-248
-71
29
96
268
314
448
473
467
564
442
390
254
66
59
-189
-271
-218
-390
-315
-229
-312
-199
-146
-162
-56
-95
-117
-36
-142
-112
-24
-79
-61
-25
-45
-44
-39
-47
-84
-197
-141
-358
-691
-539
-529
-733
-414
-148
-145
277
422
380
673
562
416
459
275
161
77
-101
-396
-549
-545
-839
-894
-623
-722
-440
24
78
508
848
826
901
822
614
378
163
47
-110
-180
-90
-94
-23
131
219
385
286
21
-73
-157
-430
-813
-827
-835
-975
-650
-478
-335
187
221
404
792
601
656
733
529
560
364
263
341
86
-110
-103
-145
-313
-301
-17
4
3
307
167
-12
210
5
-143
-56
-216
-213
-18
-107
-319
-3
25
-208
14
99
-14
187
144
17
67
-157
-205
-5
-95
-253
61
121
-130
129
206
-306
-74
142
-213
-13
46
-252
67
207
-313
-157
130
-282
-95
314
-106
126
614
-59
44
821
162
33
245
192
300
-24
243
194
-330
-43
94
-208
49
-31
-67
624
-5
-374
219
69
-340
-40
428
-126
-127
234
-38
-111
105
-199
-108
414
-309
38
426
-284
-112
252
-496
-547
91
-174
-477
62
30
-82
-376
-495
-97
-587
-549
55
-196
-365
334
-2
-175
-135
11
15
-165
401
305
-264
177
356
-248
181
18
-222
389
12
11
377
-213
-145
663
-309
-437
460
-207
-60
783
-223
-12
759
-421
452
342
-774
570
622
-410
311
446
-170
221
-60
156
194
-42
232
-89
-156
63
-349
-110
283
-301
-366
-169
83
-403
-349
10
127
-215
-306
25
-13
-374
-95
251
-562
143
44
-296
298
37
-551
302
290
-534
149
72
-477
198
-48
-329
202
-361
-177
131
-361
-4
617
-370
96
525
-242
417
484
-291
437
492
-241
291
192
-23
-310
158
647
-516
267
482
-439
695
68
-465
720
-300
97
385
-539
290
-98
-422
473
-269
-545
496
-259
52
118
-188
183
-126
108
-296
-374
561
-264
-521
431
-680
-210
497
-588
174
-37
-304
177
-420
72
311
-700
198
238
-420
244
-138
-95
202
-257
114
180
-216
279
168
-214
237
152
-132
388
510
-405
25
283
-595
402
321
-829
576
308
-781
743
44
-571
917
-342
-318
539
-397
28
553
-405
-151
767
-431
-332
586
133
-52
171
100
1
-25
-242
79
-34
-294
-138
-193
-437
-46
45
-654
133
291
-389
151
358
-402
175
332
-534
68
384
-282
-52
229
-428
271
279
-462
211
332
73
60
191
-51
-99
335
-173
-129
162
25
-72
44
-35
-105
35
-168
645
-144
-587
752
112
-81
306
-319
34
12
-216
207
-122
-138
258
-184
-102
55
-118
14
-117
31
-443
-233
256
-321
-79
-200
-332
69
74
-345
261
354
-446
343
130
-497
434
212
-422
54
258
-21
-8
148
228
-189
81
700
-326
-167
677
-338
-333
656
-190
-498
188
466
-111
-3
762
-397
-240
927
-623
-560
894
-111
-537
-121
198
-215
-377
275
-3
-337
446
179
-751
270
273
-532
-174
386
-65
-527
323
351
-514
83
448
-526
-215
711
-248
-607
539
266
-857
-107
646
-700
-318
429
-123
-394
347
523
-838
155
856
-411
55
403
-178
351
217
-346
382
63
254
42
-235
493
-148
215
315
-355
270
508
-362
-110
349
-79
-381
334
-212
-553
764
-694
-821
659
-371
-639
227
-174
-208
-136
190
384
-896
-168
931
-422
-731
888
-154
-446
837
-369
-290
754
-313
16
444
-614
630
147
-414
505
-1
-394
574
251
-623
147
539
-333
-291
478
-354
300
641
-389
-224
839
99
-592
210
271
-251
-150
208
-443
-73
293
-183
-15
386
-242
13
88
54
86
-386
305
-69
-592
-3
257
-636
-155
458
-733
-50
418
-645
-146
298
-522
-144
192
-598
213
-6
-405
614
-350
-219
726
-207
-218
757
30
-121
846
-195
-271
1003
-208
-344
440
260
-72
-118
-78
592
183
-661
1127
-192
-555
942
-96
-351
375
86
-358
541
1
-146
114
194
72
-249
-68
-515
202
-86
-603
20
-162
-166
121
-111
-349
-5
-104
-222
-416
-224
-239
-201
-31
-401
-148
-19
-159
141
-346
112
181
-431
344
175
-114
399
-66
137
473
-351
-130
491
-213
-12
147
-310
356
69
-171
290
183
87
414
-24
427
388
31
145
169
340
-281
325
249
-317
283
-208
-73
371
50
-346
314
-64
5
146
-235
153
-38
-228
-191
31
-475
-120
-194
-453
288
-194
-632
309
48
-616
437
-202
-377
447
-342
-257
181
-307
-175
187
-189
-48
325
-570
-24
457
-395
86
-10
14
356
163
-559
237
249
-360
201
165
-53
-235
806
-128
-166
731
21
-244
546
272
-319
393
218
-227
105
275
-430
304
261
-568
401
141
-221
365
-366
-105
559
-420
-307
327
-25
-549
421
127
-702
160
337
-221
-143
140
-99
24
-217
-98
109
-271
-83
-17
151
15
-556
343
-158
-314
304
-238
-169
110
-111
-121
110
35
-96
-133
182
169
4
-26
278
301
-139
39
197
-9
-11
-138
-153
149
-132
-127
69
14
157
193
-313
197
697
-583
-38
1083
-692
-317
811
-601
-311
468
-598
-9
633
-649
282
398
-533
558
-109
-332
488
-37
-482
266
-128
-334
421
-186
-260
76
244
-357
161
118
-447
446
24
-404
76
348
-409
-69
417
-28
-99
296
100
-464
809
-123
-707
719
-222
-499
567
-33
-365
373
-181
16
181
-350
314
70
-401
-38
318
-289
-59
251
-220
312
-49
-31
-139
349
241
-663
250
279
-417
-169
2
67
-20
-323
164
-14
-371
717
-453
-401
913
-517
-420
739
-168
-540
747
-153
-323
476
-209
-81
298
77
-305
149
-14
62
191
-433
52
349
-271
-160
599
-326
-24
671
-229
-308
568
-76
-290
657
-493
-403
543
-311
-405
366
-364
37
307
-343
414
-128
-97
427
-104
-421
493
156
-623
272
-15
-333
-107
123
-266
-17
256
-335
-24
5
-97
-149
306
-9
-254
383
128
-243
-90
322
49
-111
172
56
-52
-271
87
316
-93
-489
422
112
-498
380
130
-265
108
294
-276
20
303
-256
6
214
6
-161
133
132
-441
236
349
-501
-95
467
-203
-407
3
293
-26
-391
180
310
-360
-135
278
-184
-2
198
-247
132
127
-322
-157
335
24
-433
136
473
-261
-274
309
-355
65
317
-475
97
425
-81
-46
91
-26
310
-141
-250
397
43
-432
338
116
-451
498
-130
-548
636
-51
-512
265
212
-211
-48
145
123
-149
97
466
-328
246
192
-261
0
26
47
-324
-322
181
-64
-447
212
78
-222
179
148
-212
-3
436
13
-437
373
296
-558
79
526
-360
-265
588
-374
-472
795
-380
-688
573
174
-326
-95
325
36
-25
199
146
-165
46
154
112
-350
79
169
-420
196
241
-489
15
468
-217
-174
278
183
-306
85
205
-217
-169
161
64
-487
326
46
-437
271
369
-121
-192
174
135
-41
-345
328
-30
-122
-95
-270
272
-118
-161
-198
341
115
-141
101
197
46
-288
389
-59
-58
232
-176
70
36
-265
33
34
-161
83
33
-115
-228
273
55
-437
364
53
-381
768
-315
-171
676
-265
-55
106
-169
-277
318
-551
187
196
-659
373
154
-130
-211
359
66
-64
333
-219
48
175
-139
-89
-157
98
-2
-531
262
351
-657
284
528
-628
174
729
-816
-75
829
-515
-416
351
100
-467
-97
566
-214
-294
448
67
-516
275
241
-290
-62
134
353
-396
-75
279
-118
-117
180
-88
-88
308
-306
-108
482
-120
-488
266
312
-430
-68
320
126
-91
-128
212
-142
35
114
-158
22
26
71
-249
119
445
-494
-145
748
-466
-332
436
-351
221
80
-326
230
54
16
74
-361
104
381
-374
-22
394
-366
-77
227
-95
242
-194
-192
401
-133
-13
127
-299
189
113
-338
209
124
-284
47
260
-298
-316
583
-178
-386
454
44
-172
134
192
-140
-258
284
-4
-614
477
174
-581
356
91
-226
264
101
-269
191
168
-96
79
-175
54
189
-225
-249
316
71
-489
300
180
-468
326
197
-664
454
245
-566
280
242
-298
249
79
-306
246
60
-8
84
24
-101
15
-141
-256
193
-84
-154
298
-56
-52
194
-66
11
43
102
-59
-12
-15
65
-58
123
-17
-348
120
128
-107
-176
94
26
-70
165
166
-186
153
50
-170
332
-355
-175
353
-166
26
-163
-159
285
-136
-290
126
42
-41
150
-200
150
112
-35
19
-30
218
-144
-189
342
231
-421
-19
406
-259
-315
252
130
-486
247
104
-274
224
-61
-96
-119
164
283
-251
-170
511
-53
-204
147
-117
2
5
-92
14
-194
-48
201
-150
97
200
-361
231
324
-69
-131
-192
491
-328
-248
501
-623
-4
500
-745
84
532
-664
423
203
-494
539
48
-434
376
67
-249
105
-187
3
258
-385
-253
642
-259
-246
562
-47
-180
346
-3
-260
81
21
-58
-282
74
114
-364
91
369
-242
-153
313
-123
41
169
-238
212
164
-192
159
-207
-77
405
-237
-361
339
-99
-228
144
39
-39
32
482
-340
-288
491
-131
-432
144
168
-343
6
12
73
143
-287
321
254
-636
271
650
-784
250
568
-712
380
255
-497
187
223
-211
86
-61
-13
157
-272
276
-27
-337
251
59
-178
-35
55
34
-185
-51
271
-80
9
238
-23
-123
172
-160
-84
171
153
-58
-231
44
75
-69
-312
237
-103
-83
115
-172
21
-18
-60
-106
166
-75
-224
109
177
-113
9
182
28
182
-167
162
217
-375
279
157
-379
215
166
-344
192
149
-110
-25
88
57
-85
107
-28
-65
43
-58
-61
76
-141
-47
-79
154
198
-166
-43
217
159
-370
183
307
-323
-195
267
-33
-363
65
40
-361
-87
177
-83
-258
107
186
-228
-59
177
-126
76
44
-148
355
-54
-306
260
80
-158
106
165
5
16
91
-171
19
174
-378
331
69
-356
468
68
-214
248
-230
200
323
-474
278
235
-415
121
243
-319
15
68
130
-148
-228
266
-294
-3
365
-355
-170
480
-212
-179
157
-187
139
-287
-64
348
-489
82
352
-655
294
163
-649
162
223
-257
-143
139
7
31
-6
-41
169
-129
13
-15
-50
3
213
-11
-204
603
-193
-417
589
20
-293
351
141
-153
-129
239
346
-640
60
520
-410
-224
570
95
-306
144
217
-17
-341
186
60
-347
180
253
-349
121
205
-300
224
-24
-396
312
-220
-289
301
-331
102
496
-494
-115
779
-541
-132
436
-530
-10
82
-306
-95
-178
-230
177
-301
-53
496
-219
213
540
48
19
531
88
-170
219
-192
-134
-63
-134
-100
-310
33
33
-125
78
80
76
100
240
28
-119
287
101
-303
300
-131
-140
216
-117
36
124
-2
100
-18
1
119
-289
-31
126
-200
-442
86
160
-408
101
402
-355
131
297
-282
195
80
-178
-8
-95
-182
209
-321
-78
461
-409
273
297
-216
59
76
76
-190
-123
64
31
-131
74
106
72
109
-17
41
31
28
-126
-138
246
-215
-209
201
-302
141
117
-244
290
145
37
187
-1
-13
49
-67
-30
-53
71
-20
-284
90
130
-227
-34
123
-85
27
-156
-178
262
-56
-124
4
172
109
-68
160
96
1
167
-78
-16
110
-260
162
-111
-388
329
-131
-328
453
-134
-237
414
-326
63
309
-367
151
-35
-236
215
-13
-296
231
169
-178
146
116
-14
53
121
-370
-17
401
-444
-225
340
-24
-140
69
7
12
-106
-65
159
-23
21
-37
-249
-10
291
30
-251
271
-13
-152
242
20
-133
1
-115
203
140
-307
209
-134
44
70
-353
166
192
-195
70
-143
-25
240
-272
28
168
-301
52
86
-1
177
7
40
221
237
-236
90
1
-360
193
-30
-416
78
45
-347
288
90
-143
31
233
146
-288
337
-78
-196
208
-72
-123
78
-181
68
-21
-277
233
-69
-181
135
317
-429
83
471
-310
195
427
-343
-118
261
-248
82
-118
-146
23
-279
57
11
-216
119
101
-80
246
-12
-136
312
-135
-144
319
-88
-108
145
104
-15
-50
39
88
-56
-133
-66
152
-31
-360
-11
129
-105
-259
178
-37
-123
366
-86
-35
313
-42
32
318
-59
179
15
-252
39
-254
-58
-77
45
-13
-81
147
-151
-235
299
70
-412
324
0
-77
407
-142
-97
144
-199
-93
104
-34
-73
-22
79
82
-112
87
34
30
196
-98
92
-60
-93
236
-168
-218
223
-235
-108
401
-219
-311
157
55
40
-41
35
284
-127
-220
442
61
-209
182
-128
46
267
-185
-240
267
-102
-166
42
32
89
-167
26
132
-105
-172
104
-90
-142
90
-86
-168
166
38
99
394
-57
28
115
100
47
-66
133
-72
-170
63
25
-406
-33
-74
-306
18
-14
-15
18
99
175
305
-142
-98
381
-56
61
-39
-256
247
28
-179
163
-216
-122
355
-304
-58
175
-306
214
149
-73
100
-99
-51
-20
-283
84
218
-402
168
322
-210
18
255
-56
-33
194
-256
30
136
-233
283
-106
-306
348
-36
-110
267
-236
-68
264
-113
-38
-43
-185
70
169
-352
-109
265
-147
-4
174
-32
-132
319
303
-279
-3
170
-89
250
-136
-147
251
-119
-55
-110
-92
157
-109
-369
183
-57
-326
277
29
-442
-8
604
-249
-288
573
-198
-334
422
196
-25
46
144
211
-321
-21
310
-468
-165
535
-370
-496
646
-133
-389
298
-308
-217
327
-32
-180
-139
99
194
-384
223
617
-453
148
748
-211
35
346
-89
-317
147
-31
-426
-43
-25
-234
-157
-2
41
-82
-103
355
-70
-251
254
18
-124
251
-19
-124
198
-13
-130
276
144
-166
143
239
-15
-13
-168
-51
97
-439
84
17
-420
36
28
-160
-32
58
-65
218
193
4
141
145
73
-44
86
39
-110
-41
-35
128
-34
-34
86
-229
-80
113
-162
-67
81
-116
-1
111
-205
26
34
-146
214
105
-160
160
207
-184
162
247
-204
-71
129
-191
-50
156
-54
-146
-265
219
45
-408
407
162
-460
295
252
-230
106
310
42
-228
203
68
-554
6
486
-360
-408
389
-51
-362
110
113
13
-84
162
228
-126
17
158
-80
-49
109
-47
-78
-4
50
-33
-23
143
-278
-65
465
-290
-411
316
-37
-446
23
293
-299
-95
199
-184
135
50
-83
367
118
-57
224
-124
111
340
-467
-143
336
-487
-92
383
-495
-32
390
-348
-27
65
1
431
-248
-131
681
-173
-389
523
24
-358
416
31
-499
375
246
-329
277
151
-313
-16
53
-95
-22
-138
231
297
-397
81
326
-419
-113
250
-276
-147
76
96
-26
-320
237
193
-465
213
255
-370
139
311
-253
-177
112
105
-68
-178
-49
-134
-54
-13
-57
-313
-165
190
-172
-133
309
70
-386
316
257
-450
153
416
-87
101
266
-67
-125
26
84
-68
-85
-50
74
-235
-19
310
-273
-106
423
65
-131
504
151
-40
447
136
-376
100
279
-241
60
23
-72
-28
-93
182
-19
-139
169
103
-192
135
182
-38
-121
-107
32
-77
15
-16
-140
-113
-126
-78
60
-96
-71
1
-59
50
-69
-83
121
-171
52
84
-294
111
7
-312
-148
-12
-172
-67
145
67
-163
-79
158
-84
95
235
-38
-92
174
131
-241
4
79
27
27
-123
150
63
-60
283
54
-44
299
-73
-18
344
-24
83
71
-173
97
107
-34
147
93
131
231
-122
-223
261
-132
-403
325
-39
-200
241
-180
-202
363
-13
-62
464
-120
-274
331
-142
-312
144
2
-244
-272
-167
-230
-49
-5
-287
-99
30
-82
105
148
-77
180
-48
-327
197
35
-216
344
-52
-394
157
-71
-302
184
146
-383
49
302
-104
29
156
-183
22
258
-152
118
113
-192
127
57
-53
213
73
-15
398
50
-77
203
-51
-87
161
23
-102
143
115
-207
0
203
-124
-276
112
111
-157
65
190
-53
-153
113
-57
-144
141
104
-211
124
120
-204
-30
52
47
-113
-76
46
-139
-126
137
-160
-123
156
-99
-275
75
111
-300
-44
282
-25
-96
162
146
-58
-22
63
-164
-181
109
-14
-144
-46
-10
56
148
47
-51
53
-25
76
173
-3
-39
112
-164
-62
219
-140
-119
263
-58
-223
143
-14
-187
160
96
-75
200
126
-7
129
84
-226
50
-36
-281
272
164
-295
158
228
-294
66
178
-181
-23
-16
-61
28
-116
-93
61
-36
79
129
-59
14
199
-73
-208
12
82
-144
10
257
-50
-22
159
-13
-267
68
105
-349
-69
267
-164
-308
132
116
-70
32
134
18
69
200
-61
-29
58
-103
44
27
-240
-23
87
-202
-17
133
-35
81
51
-124
78
-11
-132
272
76
-191
111
-95
-136
116
-96
-110
242
135
-123
224
109
-209
60
196
-124
-159
-61
-162
-99
-18
19
-54
-4
158
141
-148
155
212
-227
104
251
-183
-114
90
-50
-5
41
-43
-247
-137
17
-210
-204
43
79
8
142
229
84
-66
77
109
-35
153
-10
-135
140
-55
-116
-38
-140
-184
-162
-104
48
85
69
141
103
41
-51
72
127
39
-20
-25
-90
-44
27
12
112
119
-67
-73
60
-200
-218
38
-69
-154
162
32
-6
186
-41
41
214
-31
-44
73
-111
28
150
-123
-33
79
-148
-97
-19
-135
-100
102
14
25
220
5
-128
111
119
-9
67
25
-82
-78
-69
-102
44
90
30
106
-38
-65
-70
-150
31
22
-180
-2
20
-89
161
161
-42
105
186
34
103
74
-8
-34
-159
-56
-4
-117
-74
-29
-59
-29
81
-21
-69
90
51
-46
19
119
17
15
84
-27
-9
75
-16
4
146
9
-106
-65
31
-75
-147
-38
20
-19
-5
171
66
-59
57
108
-99
-39
156
-16
-60
-13
-83
-69
-47
-43
-47
-11
48
-25
-29
43
-49
-36
78
32
72
82
106
142
-7
-39
25
-59
-123
-10
-21
-110
6
-63
-207
90
116
-128
17
207
17
-131
68
-4
-103
38
80
-33
-24
86
69
-17
44
108
-62
-66
7
-67
-57
-43
9
-19
-70
124
3
-137
79
91
-153
-22
135
-43
6
125
-34
-41
70
-63
-62
35
27
-21
-28
34
20
-42
32
122
56
-42
-21
19
-74
-101
64
-1
-94
90
65
-104
-19
-12
-118
12
-33
-83
69
102
37
89
84
-61
-20
24
-104
-17
47
-126
28
48
-123
46
90
-66
48
121
-19
-1
21
-15
-61
-24
-29
-47
-62
-96
-17
-42
-66
49
74
24
21
84
90
11
35
-13
-7
21
-51
-21
56
24
-44
70
49
-106
-83
46
-12
-39
8
-29
-37
0
2
-64
-62
1
96
141
76
32
80
3
-48
5
-21
-92
-42
-38
-55
6
-5
14
63
72
-9
-19
-15
-31
-23
24
-8
-50
-38
29
63
-26
-13
34
-16
-76
-53
10
-22
-55
69
59
-58
37
100
-36
-11
95
11
7
110
56
-8
16
10
-29
-22
-13
-60
-40
-36
-48
-7
-84
-60
83
-39
-73
80
-15
-38
100
72
47
19
22
41
29
49
66
24
-29
46
-9
-116
-75
-16
-82
-73
36
-2
-32
38
25
-65
3
-20
-70
-29
9
114
67
17
141
77
-21
54
42
-59
-56
-12
-36
-37
-59
-66
0
3
-47
31
10
-62
4
50
15
2
15
5
88
39
-7
50
-35
-20
13
-68
-14
14
-33
23
44
5
-14
-39
13
50
-11
-8
26
12
2
-16
-60
-22
4
-29
22
17
-13
8
-34
-20
3
-53
-33
19
36
22
12
44
49
34
26
35
6
1
81
21
-21
32
-51
-104
-36
-73
-100
-41
-30
2
-4
-33
41
42
-14
95
117
-16
-3
87
-2
-67
22
11
-48
-8
4
-11
0
-10
-4
3
-39
-62
-29
-68
-69
-5
-52
-54
40
21
-4
90
93
55
75
77
38
20
2
-11
0
-26
-40
-21
-45
-43
-34
-54
-20
-18
-16
8
-10
2
24
-12
13
60
16
20
44
27
34
20
12
33
-2
-13
0
-48
-38
-19
-57
-44
-23
-32
-58
-23
16
-5
-2
26
26
-17
2
38
-12
-5
62
17
-44
40
39
-73
-10
50
-55
-64
29
-11
-53
-8
46
0
-38
45
25
-41
-9
29
-17
-56
-10
36
-18
-25
58
10
-20
58
26
-21
23
35
-22
-21
20
-30
-55
2
17
-7
23
10
11
35
-1
-6
2
-5
6
26
6
18
45
-7
-34
20
-2
-59
-19
7
-16
-8
9
2
17
27
13
19
8
8
24
-14
-10
32
-1
-42
9
32
-41
-30
28
-21
-27
28
-4
-9
32
3
-10
5
-12
9
2
-39
19
33
-36
4
45
-6
3
32
-8
13
12
-37
-3
11
-27
-3
24
-12
12
31
-15
5
27
-21
-24
14
-11
-19
7
0
6
20
5
5
20
0
-18
0
-7
-9
8
1
13
34
-2
1
23
-30
-30
6
-32
-35
6
-6
-14
10
20
16
6
13
24
4
-19
-5
4
-33
-32
4
-12
-24
-4
4
1
9
17
28
33
21
21
14
0
-6
-15
-19
-25
-4
0
-21
3
34
12
-4
39
30
-4
13
15
-14
-11
-2
-30
-8
14
-21
-11
19
-3
-19
-2
3
-11
-10
0
6
-11
-5
12
-11
-13
10
-1
-22
-3
9
-10
-12
17
23
0
10
26
-4
-19
-1
-21
-30
-6
-5
-11
9
17
5
15
14
5
7
3
-12
-19
-17
-18
-28
-26
-5
0
-8
10
22
16
14
5
11
10
-17
-11
-2
-22
-24
-10
-11
-6
4
7
20
14
10
16
5
-9
-2
4
-14
-6
6
-4
-2
10
5
1
8
2
2
-3
-6
1
-8
-11
-6
2
7
1
5
21
9
-2
13
6
-9
-10
-10
-5
-3
-9
0
15
-1
-4
18
7
-11
6
5
-15
-7
-6
-10
-11
-16
-7
2
-11
-8
18
0
-15
5
4
-12
-8
6
-1
-1
7
5
5
-3
-7
5
3
-10
-1
7
-2
-6
8
5
-3
0
4
2
-4
-3
0
0
-7
2
13
7
2
15
10
-8
-2
0
-7
-3
3
8
11
7
7
17
6
-1
6
3
-5
-3
4
2
2
5
13
12
5
7
8
-5
-13
-8
-13
-13
-9
0
8
7
11
14
8
-5
-5
-7
-18
-13
-8
-7
-2
3
6
11
8
4
9
1
-6
-7
-8
-14
-11
-6
2
7
7
15
15
11
6
6
-2
-5
-5
-5
0
0
3
8
10
4
7
8
1
4
4
1
-1
-1
-3
-1
-2
-1
5
1
1
-2
-1
-3
-4
-3
-2
1
0
5
-1
-2
-6
-10
-7
-7
-6
1
9
5
7
10
4
5
5
0
-2
1
-2
0
-1
-5
1
7
4
8
11
7
7
0
-4
-3
-6
-5
-1
1
-3
3
3
2
2
0
1
-1
-2
-3
1
-4
-7
-3
-6
-5
2
2
1
6
0
0
1
-4
-2
-1
-3
-2
3
0
1
2
-2
0
3
1
2
6
0
1
3
-3
-2
1
-1
-4
1
-2
-3
-2
-3
-5
-5
-3
-4
-2
-1
-1
0
0
-5
-4
-1
-3
-2
-2
-4
-3
1
-3
-3
0
-1
2
6
-1
-4
-1
-4
-4
-3
-5
-4
-1
-1
-3
-3
-1
-3
-3
-3
-4
-4
-3
-5
-4
0
0
-1
-1
1
0
4
2
-2
1
0
-1
-1
0
0
