8
4
7
9
17
17
14
10
17
19
13
15
13
11
7
5
8
8
9
13
15
10
3
7
6
5
2
10
19
7
5
0
-5
-5
-2
-1
-5
0
1
-7
-10
-6
-4
0
-2
-7
-8
-6
-8
-5
-7
-10
-9
-6
-11
-4
-7
-8
-4
-4
-4
-1
-1
-4
3
0
-1
3
2
3
-2
-4
-5
-4
-7
-5
0
2
-2
-8
-9
-7
-8
-8
-2
-2
-3
-5
-9
-4
-6
-7
-7
-9
-12
-6
-4
-4
1
4
-3
2
8
10
7
-3
-4
-5
-2
-5
-5
-4
2
-2
-5
-7
-11
-4
-7
-10
-13
-14
-12
-10
-10
-15
-10
-2
-1
1
0
-5
1
-1
2
0
-5
-5
-5
-3
-2
-4
-6
0
-2
6
0
2
6
0
3
2
4
2
6
7
10
15
9
11
11
9
16
15
16
19
19
13
14
11
13
12
10
13
8
9
7
3
1
-2
-2
-4
-6
-1
0
3
-1
-4
4
5
4
1
-4
0
4
2
1
-2
4
5
4
2
2
11
6
8
10
5
2
6
6
6
9
10
6
4
4
8
4
1
4
-1
0
-3
-3
0
-8
-3
6
4
-1
-6
-3
-12
-10
-13
-13
-7
-14
-1
-1
-4
-3
0
5
3
2
1
-1
2
4
7
4
3
1
-3
-2
-7
-11
-10
-10
-8
-5
-8
-6
-7
-16
-12
-6
-8
-3
-5
-3
-1
-3
-1
0
-2
-1
-4
0
16
12
6
11
10
20
7
13
25
10
19
18
4
-2
-1
-1
-1
-11
13
-8
-18
7
1
1
-4
0
-5
-11
-4
-5
-11
-3
-10
-24
-5
0
-25
-6
1
-22
-3
-13
-14
-9
-18
-26
-25
13
-14
-34
20
-4
-36
20
25
-24
3
30
-32
-20
24
-4
-34
-10
23
-22
-10
30
20
17
8
9
46
15
-25
38
11
-38
10
12
-45
15
35
-45
1
53
-10
-46
47
24
-49
-4
35
-41
-41
28
-28
-37
30
6
-27
11
40
-2
4
27
-13
-7
3
-35
-3
-11
-26
12
-32
8
37
-54
51
17
-26
57
-22
3
33
-22
-11
16
-17
-28
31
17
-64
19
78
-84
-21
82
-39
-41
8
-32
-9
4
-57
-35
48
0
-75
24
40
31
-38
-87
136
26
-206
72
109
-150
-9
27
-25
52
-59
4
98
-10
5
-2
41
77
-61
-28
76
43
-103
-50
198
-44
-156
196
30
-73
45
11
55
-39
-8
-5
-16
47
-83
-14
62
-28
-56
47
-2
-47
78
-41
-104
117
-2
-178
38
111
-162
-68
131
-87
-21
68
-116
82
33
-136
68
26
-121
14
70
-138
-33
160
-182
-15
177
-165
20
142
-107
-49
153
-32
-189
120
97
-183
-14
125
-23
-81
16
55
29
-90
-18
119
-99
-68
65
-8
-94
-17
111
-93
-41
83
55
-70
33
141
-53
36
26
1
67
-63
22
17
-48
20
17
-95
-11
157
-100
-131
189
46
-264
107
227
-360
35
262
-296
-47
231
-74
-170
229
7
-218
209
34
-227
154
145
-275
56
278
-300
33
225
-201
44
96
-31
-40
48
122
-185
36
193
-219
-64
233
-138
-185
228
28
-313
166
250
-271
-6
230
19
-234
-35
339
-215
-254
342
-35
-214
142
127
-75
2
196
20
-209
141
240
-388
-45
395
-367
-187
304
-26
-389
248
297
-457
46
420
-307
-65
284
-134
-25
148
-105
70
166
-197
146
189
-218
60
127
-138
-49
109
-172
-119
108
-65
-250
101
240
-305
-19
480
-224
-244
565
-15
-385
320
134
-211
-35
14
144
-159
-79
93
-2
-32
-101
46
145
-214
-86
273
-277
-26
242
-193
-50
231
88
-345
313
178
-277
159
29
-68
-32
48
-31
-70
45
152
-171
-79
348
-162
-182
338
-66
-268
222
8
-264
284
-120
-141
266
-143
-129
129
126
-312
132
290
-470
65
460
-382
-134
418
-89
-225
188
-18
-61
196
-229
120
180
-201
85
218
-189
24
379
-288
-192
491
-144
-443
369
171
-493
-72
570
-448
-298
576
-171
-403
390
128
-530
340
402
-637
244
496
-651
200
555
-768
122
838
-1098
75
878
-896
-212
759
-509
-449
530
-247
-187
137
-108
261
-67
-132
318
97
-174
56
328
-211
-165
143
19
-112
-263
287
-92
-183
103
-41
132
-137
77
32
-151
196
-198
-110
358
-183
-140
295
-23
51
-135
8
372
-403
-142
293
-80
-262
167
82
-156
134
-90
162
-69
-72
417
-281
-36
346
-404
-35
421
-479
-54
378
-317
-44
171
0
-167
43
221
-119
-252
168
232
-359
-274
411
38
-467
154
340
-200
-319
623
61
-496
115
644
-194
-777
820
422
-1102
169
980
-767
-742
1350
-123
-1480
1212
157
-1043
254
358
-53
-552
123
909
-536
-351
790
95
-127
-340
526
206
-687
314
210
-187
-435
248
402
-824
352
412
-777
385
-2
-413
467
-380
-102
633
-374
-272
674
185
-811
521
654
-1209
670
438
-1062
766
-9
-584
402
25
-419
95
344
-320
-218
670
29
-318
-107
616
116
-1117
777
426
-985
414
114
-529
451
-490
-198
761
-460
-256
654
241
-539
-92
897
-315
-682
974
-89
-596
531
-15
-447
-59
-17
121
-257
-97
214
101
-79
100
97
100
93
54
-153
-90
128
-160
-9
-296
-62
551
-538
-248
865
-304
-422
766
32
-620
654
185
-863
645
31
-837
541
220
-760
5
626
-783
378
410
-1094
1058
217
-1145
867
104
-923
898
125
-656
345
288
-119
-96
-440
446
-27
-618
319
-222
-27
34
-487
355
91
-852
875
-71
-602
683
-222
-305
634
-255
-72
190
-179
367
-219
-575
534
244
-692
36
455
-117
-164
138
207
-375
81
192
-54
-86
-289
831
-104
-761
962
137
-913
430
701
-839
-365
1340
-283
-1010
990
548
-991
75
730
67
-914
443
840
-1028
-355
1116
-379
-1081
978
586
-1205
115
1057
-691
-530
561
25
-609
283
226
-206
69
326
-341
234
-2
-137
16
-186
-7
-129
-34
-186
-135
249
-519
-135
537
-461
42
72
28
0
-27
-146
222
-451
162
-200
-319
328
-537
153
24
111
252
-501
721
369
-1014
859
118
-626
198
175
237
-504
30
797
-982
377
689
-1139
562
674
-230
-517
266
849
-520
-342
874
-185
-13
464
-315
-19
552
155
-760
368
1091
-927
-179
1338
-1002
76
898
-838
41
708
-407
-693
872
143
-1570
972
498
-1494
800
512
-1342
626
891
-1700
82
1375
-1263
-839
1407
-621
-1387
1285
-14
-1278
495
749
-1018
-131
826
-559
-323
361
23
-492
170
-88
-143
135
-150
-163
112
600
-825
-289
1439
-735
-832
1497
-388
-890
1122
439
-1211
923
952
-1733
838
1703
-1924
83
2152
-1051
-982
1993
-188
-1396
1530
463
-1033
437
1104
-712
-364
1168
-593
-473
1063
-598
-851
1306
-340
-694
861
-88
-521
164
935
-1385
-87
1906
-2257
-225
2498
-2075
-990
2049
-538
-1761
1105
838
-2467
998
1525
-2954
966
1821
-2602
-324
1832
-983
-1261
1434
-314
-1342
787
651
-1640
391
571
-559
-105
341
263
-617
606
88
-292
431
-122
80
246
-506
574
512
-834
323
619
-246
25
498
109
94
-236
666
238
-731
743
723
-1394
804
977
-1668
776
855
-759
-189
1635
-664
-1000
1751
-79
-993
256
1078
-840
-563
1069
-626
-90
284
-566
41
489
-649
-547
826
-376
-606
182
-127
-328
-51
200
-642
301
123
-1159
277
678
-907
-843
1362
32
-1455
790
678
-1251
382
720
-1401
943
519
-1909
956
1014
-1373
-218
892
-347
-541
546
-158
-457
644
-194
-753
720
402
-927
254
986
-797
196
369
-360
-56
647
-352
-243
1034
-639
133
656
1
-29
179
194
-108
228
-7
-594
770
-183
-425
308
-79
-80
-273
436
-165
-489
682
-271
-568
1218
-1001
-425
1402
-940
-801
1128
397
-1697
811
1499
-1399
-439
1506
-104
-1234
1065
363
-674
436
220
-154
-321
678
165
-1370
806
890
-1185
-71
626
374
-1096
38
1353
-1408
-129
1308
-1256
556
167
-705
821
-729
417
-229
-373
1192
-623
-211
709
-45
49
-194
96
337
-196
-83
-9
465
-135
-595
838
-31
-1045
847
-67
-817
440
109
-612
-164
759
-633
-680
829
-134
-453
15
106
78
-432
-499
952
-42
-1833
1883
414
-2463
2001
912
-2582
1662
854
-2115
601
1478
-1779
-281
2037
-1666
53
805
-540
-134
49
177
-262
-151
9
219
-406
-6
169
-128
-184
256
-94
-358
608
48
-268
-98
444
81
-737
783
-218
-56
922
-1143
792
599
-882
489
322
-210
-291
803
-385
-477
972
-644
-251
760
-662
-121
620
-435
126
-21
357
-274
-308
752
-531
-43
446
-267
64
-88
275
-134
-373
699
-279
-280
575
-532
756
-9
-547
464
470
-316
-759
1292
-504
-965
937
180
-1033
142
829
-944
337
78
-629
670
-272
-483
14
628
-899
-276
1482
-1412
-238
1537
-1065
-570
1323
-534
-689
971
-637
99
501
-978
846
65
-931
691
256
-1005
372
632
-1120
-153
1350
-1155
-548
1908
-1088
-631
1608
-707
-169
450
-446
623
-365
-494
76
619
-522
-958
1163
-262
-685
550
379
-419
170
663
-34
-237
328
436
-878
390
432
-1188
401
104
15
-681
337
600
-897
598
0
36
202
-199
700
-593
374
242
-1110
983
-109
-922
245
611
-373
-665
1165
213
-1315
1630
134
-1740
2020
-446
-1286
1094
94
-1070
-7
690
-532
-282
452
-226
234
-47
60
459
-358
432
138
-49
-257
215
149
-284
-427
-2
544
-861
77
325
-97
-16
-250
394
136
-540
531
250
-710
839
-200
-257
442
-138
204
-442
176
259
-405
-72
61
-49
-218
-246
476
-564
-34
671
-590
322
119
355
-194
-149
1280
-1072
142
926
-1040
633
-531
-293
766
-1286
346
89
-470
352
-220
53
348
169
-47
-338
912
227
-1108
877
99
-400
103
-367
163
223
-999
552
243
-1415
1582
-468
-813
1174
-194
-282
362
-71
196
104
-525
429
-73
-465
435
-103
-470
279
247
-320
-448
864
-226
-393
278
155
190
-660
658
228
-953
582
117
-787
520
-53
-633
577
182
-939
534
601
-742
60
551
-277
-126
541
-577
491
-40
-419
692
-659
-9
701
-819
-122
907
-745
-125
485
-152
-179
161
94
-316
252
215
-229
-132
264
142
-227
-51
409
-328
-213
884
-897
-74
682
-712
-55
386
-315
-233
422
-33
-617
989
-465
-396
1137
-826
327
280
-335
110
439
-633
-109
843
-1072
242
573
-944
327
553
-922
457
367
-571
390
92
-273
238
1
-6
-47
127
0
-247
452
-144
-360
569
-131
-408
730
-460
-306
739
-358
-564
614
-177
-499
448
-193
127
-222
-26
544
-314
-35
320
35
-85
-84
352
-113
-481
434
275
-905
360
409
-846
336
238
-488
214
82
-99
23
249
-288
-42
517
-471
-5
376
-345
279
-3
-375
385
192
-604
81
605
-848
252
425
-1116
776
-120
-503
461
-274
282
-209
-38
588
-309
-384
1139
-843
48
1114
-1452
615
467
-846
572
-367
-189
462
-227
-243
-31
299
-226
64
166
-508
516
433
-922
344
694
-527
-149
574
-231
-70
233
-338
416
-365
-153
326
24
-525
248
177
-324
197
-201
389
-402
149
597
-786
353
378
-389
34
252
-25
-233
328
-276
34
287
-568
112
73
87
-489
158
-177
-28
257
-763
329
264
-589
207
318
-653
393
35
-306
-10
117
-146
-124
-255
68
136
-701
304
-276
281
-306
-335
508
-176
-170
-34
134
128
-231
77
234
-279
146
389
-590
154
810
-787
221
542
-317
-115
363
135
-480
454
8
-165
381
-268
143
425
-382
-29
979
-872
281
696
-926
807
-185
-524
599
-35
-644
252
545
-1111
26
1192
-1444
-291
1751
-1602
-123
1137
-1103
289
141
-690
682
-338
-281
322
-252
265
-424
236
66
-186
144
63
-99
13
433
-609
450
143
-89
158
-41
511
-270
247
341
-291
585
-21
-183
911
-521
91
663
-361
380
-154
281
328
-416
549
-91
-65
332
-238
482
-408
35
694
-558
-209
825
-617
11
573
-812
479
360
-889
367
523
-914
362
243
-611
470
-102
-266
180
-137
237
-455
292
-113
-154
316
-361
38
-63
214
-333
-32
389
-711
465
63
-581
258
65
-116
-556
688
-121
-1042
888
1
-1021
615
-90
-573
230
231
-828
62
483
-733
-248
431
-354
-609
827
-905
45
463
-1238
734
4
-701
204
-126
194
-326
-66
-73
22
158
-327
122
-28
9
134
-207
95
328
-631
769
36
-757
1105
-375
-207
804
-387
-127
614
-76
-227
468
-32
-172
323
-65
-15
302
-409
231
370
-564
339
-223
82
150
-288
-6
-109
179
-360
22
39
-519
388
-221
-297
102
-227
-215
353
-481
-308
757
-993
497
218
-1222
1197
-494
-512
854
-524
-187
552
-165
-309
666
-386
1
801
-563
282
498
-649
1055
-64
-787
1394
-3
-634
1048
121
-147
456
290
198
320
43
97
960
-314
-79
817
168
-276
615
371
-455
599
519
-450
164
650
-245
39
558
-612
653
246
-969
1149
-331
-560
907
-635
79
222
-723
581
-439
-286
207
-328
112
-201
-323
115
70
-850
402
-186
-743
608
-578
-571
499
-550
-396
135
-327
20
-117
-551
424
-11
-1001
580
34
-989
760
-164
-704
531
74
-285
-214
515
-40
-317
394
-106
410
-492
263
560
-661
508
27
-208
739
-161
-632
1327
-441
-435
856
-434
95
375
-596
542
195
-589
435
0
73
-134
-338
482
-104
-787
524
-331
-321
381
-982
450
225
-937
110
-77
102
-568
-479
484
-662
-353
208
-925
138
-47
-624
203
-347
-202
328
-798
272
-145
-675
669
-790
139
-41
-342
462
-776
486
160
-546
479
-7
-45
230
-183
204
281
-237
258
65
226
290
-243
653
143
-211
820
-214
-137
794
155
-444
816
7
368
267
-386
839
306
-216
44
776
-7
-445
692
210
-648
628
507
-942
1083
-215
-137
691
-684
713
-376
-22
431
-786
429
94
-549
271
198
-622
575
-161
-473
642
-478
-144
247
-276
-112
-40
69
-224
-267
346
-162
-172
-45
285
-91
-280
43
328
-168
-297
312
-116
132
-495
774
-339
-397
962
-820
382
76
-414
713
-398
-87
489
-347
101
-43
324
-358
65
518
-492
166
41
96
-249
-4
-45
119
-259
-34
614
-799
221
479
-666
281
-36
-161
116
-450
610
-783
1
524
-791
470
-659
443
182
-925
746
77
-746
42
864
-1126
-181
814
-628
-189
81
144
-93
-517
353
194
-344
-75
186
126
-408
60
170
-226
-96
57
-43
-92
47
-8
84
-182
133
-280
302
75
-767
430
359
-708
308
58
-208
251
-303
156
-154
438
-659
376
33
-319
652
-754
244
341
-296
-332
466
444
-971
573
527
-699
291
242
-314
333
307
-689
766
-601
505
805
-1494
1185
146
-540
670
-56
-152
215
549
-428
-424
888
179
-986
1130
145
-1118
1037
-20
-105
-205
-44
727
-604
-259
782
-413
-388
1148
-1056
-167
992
-1228
606
205
-705
549
-547
288
-11
-104
101
-662
691
-368
-526
604
-306
-446
405
-104
-507
598
-88
-688
578
189
-762
224
353
-776
530
-246
-196
600
-487
-83
584
-205
-300
623
-445
-50
516
-354
-187
381
-67
-157
340
-83
-145
714
-444
-205
1025
-732
125
319
-437
169
158
-283
324
356
-1009
852
465
-1150
1194
-502
-592
1046
-740
-155
718
-636
-280
915
-521
-99
235
-92
233
-562
678
-516
-497
812
-347
-303
40
214
-266
115
37
-194
-15
109
-23
-561
518
32
-658
703
-295
-214
130
-49
406
-586
56
460
-22
-329
-169
778
-592
54
362
-400
290
-368
392
164
-217
-199
478
-218
-59
332
-367
425
-106
-105
441
-446
112
727
-755
-133
934
-509
-376
744
-288
-361
666
-105
-629
616
73
-413
325
-195
268
-320
12
323
-667
879
-381
-577
1134
-666
-97
663
-788
204
299
-479
4
44
128
-287
-154
478
-356
-120
343
-391
93
83
-472
517
-264
-220
280
-396
573
-391
-337
771
-416
-108
178
-77
20
-9
83
-451
408
6
-506
438
0
-201
346
-239
453
113
-725
1020
-326
-476
738
-509
213
90
-330
652
-300
66
327
-264
360
-220
-189
297
-22
-246
-52
376
-118
-262
378
110
-70
-181
268
80
-368
79
30
25
-401
196
156
-73
-246
67
279
-425
410
-385
-345
524
-417
-52
206
-350
282
76
-282
128
159
-414
170
143
-382
163
106
-382
238
57
-149
81
-331
327
-193
140
-62
-288
453
-45
21
-116
-76
437
-308
128
142
-135
258
-34
-6
419
-139
-162
439
-307
92
303
-677
431
273
-571
478
-236
227
294
-548
202
594
-608
-80
322
-307
340
-324
-145
707
-462
27
176
-102
14
-35
21
-433
249
-121
-215
62
113
1
14
-66
267
-37
-505
667
-488
-217
743
-841
142
553
-551
184
139
-145
-92
210
-114
-315
325
-215
152
87
-286
296
76
-238
66
355
-201
-113
109
191
-119
19
129
-165
145
58
-196
-21
248
-419
260
227
-450
504
-346
53
440
-685
359
322
-597
335
29
-152
108
-49
140
33
-275
172
335
-559
37
100
58
-73
-422
750
-374
-39
429
-428
367
-136
-170
-28
68
-136
11
40
-190
289
167
-78
-186
297
19
-474
540
-325
-360
396
-12
-282
261
108
-661
694
-113
-455
617
-535
-248
868
-458
-468
726
-491
29
328
-474
128
283
-453
274
87
-381
363
-428
146
47
-80
85
-305
170
322
-532
103
487
-564
528
52
-364
553
-336
-82
534
-557
82
323
-476
539
-331
-198
787
-674
231
523
-879
774
-100
-324
623
-544
450
13
-486
666
-540
36
378
-563
454
-167
-313
516
-395
-75
534
-986
638
191
-1164
980
-98
-750
738
-226
-250
428
-691
220
215
-673
447
-20
-633
675
-228
-555
924
-888
86
1024
-1278
412
648
-1021
574
252
-759
838
27
-963
1215
-211
-925
1073
-355
-393
774
-330
-123
642
-274
9
630
-440
47
494
-343
-158
664
-618
81
911
-1013
266
546
-589
247
-8
-86
118
-190
271
-102
-334
477
-259
-255
401
-321
-313
60
72
-148
-274
367
-311
-437
718
-346
-591
492
-320
-133
449
-704
154
259
-539
211
172
-390
170
-177
94
-117
-316
331
-407
-166
474
-312
-123
274
-100
55
-95
401
-277
83
250
-336
361
71
-464
595
-358
-217
1036
-1010
413
581
-626
727
28
-111
438
-138
297
-193
402
378
-958
893
196
-332
368
-406
677
-120
-349
535
-310
333
-237
26
416
-53
-280
298
109
-440
682
-588
47
473
-595
228
154
-320
129
-78
-69
240
-89
-241
192
-3
10
-11
2
28
-99
126
94
-308
-238
517
-651
-371
705
-585
-329
365
-432
320
42
-561
314
185
-519
720
-280
-323
618
-74
128
-102
115
121
-65
-77
490
-749
372
301
-516
230
158
-62
-242
374
-135
-35
106
-140
60
221
-389
394
-40
-284
576
-488
206
472
-696
350
255
-233
26
13
64
-71
129
-371
248
75
-433
-40
346
-389
-456
714
-791
225
3
-520
302
-210
-178
-315
420
-628
93
-231
56
2
-848
471
-224
-232
-306
113
-382
-22
69
-558
481
-656
320
-45
-428
383
-389
85
-51
20
-253
220
164
-699
684
-86
-296
526
-380
213
4
411
-557
614
-88
-180
655
-439
342
160
-114
38
640
-600
615
247
-487
915
86
-291
670
294
-140
327
147
507
-274
142
452
-150
63
281
-196
120
-71
118
112
-460
424
-315
240
-158
-48
307
-415
206
173
-400
253
54
-397
258
-27
-125
-9
-121
44
-56
-163
55
-97
-197
15
139
-259
-56
-106
174
102
-681
491
-57
-527
506
-389
-432
660
-302
-565
648
-168
-603
833
-397
53
17
319
-6
-150
633
-514
796
-485
371
593
-427
127
500
102
-179
409
-231
503
-205
-172
580
-403
212
-101
-178
291
-151
-96
-248
594
-631
185
393
-940
495
268
-838
421
288
-718
493
-228
-352
663
-747
-141
465
-453
-215
-17
-202
-396
199
-374
-570
359
-443
-273
137
-429
-110
-110
-160
68
-155
-628
391
-28
-391
43
-412
86
-105
308
-733
273
578
-1077
1202
-248
-813
1446
-946
312
724
-925
761
111
-97
373
70
302
290
-216
459
707
-506
329
376
-339
771
-266
-280
641
20
-85
386
-174
112
399
-538
1033
-226
-651
1223
-430
312
-40
-287
1054
-635
-549
1434
-600
-726
1150
-660
289
-97
-771
841
-860
118
-113
-541
294
-795
94
-175
-639
238
135
-689
379
-161
-455
413
-441
-202
437
-521
-129
122
-282
259
-680
109
426
-674
345
-279
51
292
-599
640
-59
-825
965
-321
-148
569
-477
316
91
92
-282
389
147
-59
188
517
-416
-11
1036
-914
400
796
-988
919
-112
-172
1096
-797
496
517
2
210
268
-49
507
231
-434
680
-584
-10
781
-965
135
746
-913
166
524
-969
720
-107
-962
1261
-732
-633
1074
-954
90
294
-698
568
-667
73
335
-372
194
-207
-42
21
-413
33
58
-1092
1051
-623
-1259
1255
-1170
-231
665
-633
-89
350
-316
-432
807
-782
-172
839
-1183
453
371
-1092
551
571
-974
328
885
-880
157
900
-408
-38
793
-600
95
578
-685
948
-291
157
703
-625
639
178
30
473
-330
435
200
-272
77
-598
274
382
-590
-323
592
-636
607
426
-1110
910
543
-348
337
136
-375
660
-75
-700
727
-492
83
317
-294
-86
-150
594
-754
-160
548
-669
197
-696
-459
311
-941
-102
-103
-512
435
-441
-521
863
-354
-252
359
-63
258
-871
291
634
-1383
482
962
-1157
565
520
-497
765
34
-88
783
-569
313
636
-660
311
279
-488
129
-31
-398
148
259
-592
832
49
-383
905
-253
286
750
-615
64
629
-349
-13
-234
79
51
-78
210
-33
-425
455
94
-671
98
1
-916
-54
664
-1330
518
65
-1025
1104
-215
-521
637
-149
246
-209
-28
59
-593
-100
515
-343
-549
498
-390
24
41
-328
315
-53
10
420
-232
-265
725
-205
-392
850
-88
-541
769
542
-509
456
536
-4
-270
683
134
-846
722
94
-592
92
262
-207
155
-152
325
278
-582
334
-205
-356
617
-241
-98
122
-163
6
138
-569
120
97
-696
583
-468
-496
431
-44
-39
159
99
124
-27
-155
264
-51
-417
365
95
-586
539
59
-244
483
-271
428
-43
-687
629
-335
-529
-65
-215
-495
-236
148
-605
-86
133
-170
-353
138
177
-198
150
435
66
-17
612
-132
347
552
-259
100
439
-507
159
314
-486
413
-10
41
70
-211
111
175
22
264
31
79
88
32
292
-61
-58
437
0
-162
485
-515
-71
589
-421
-134
255
-444
-27
89
-780
73
-135
-677
354
-285
-540
176
-340
-425
362
-596
-283
3
-172
60
-631
46
-88
-432
265
-101
-308
236
70
-65
219
248
163
-4
270
528
-96
425
510
167
579
694
276
318
862
510
467
551
713
572
605
623
522
611
729
496
315
320
340
261
-87
-128
-99
-361
-600
-804
-946
-1216
-1186
-1480
-1850
-1617
-1782
-1881
-1978
-1800
-1992
-1736
-1453
-1755
-1399
-1103
-1148
-938
-666
-601
-552
-252
27
80
452
1000
911
1444
2217
2158
2428
3081
3307
3026
3653
3864
3437
3893
4431
4112
4264
4616
4172
4072
3423
2492
1701
584
-130
-1131
-2168
-3000
-3192
-4128
-4770
-4760
-5664
-5692
-5203
-5142
-4854
-4138
-3649
-2973
-2353
-1674
-1472
-1056
-552
-38
428
584
1131
946
1177
1039
359
-408
-1188
-1869
-2414
-2705
-3095
-3266
-3228
-2850
-2788
-2422
-1872
-1497
-325
801
1653
2550
3717
4254
4868
5812
5954
6590
7390
8013
8581
9117
8774
8598
7611
5753
4688
2807
786
-533
-1785
-3165
-4197
-5026
-6292
-7316
-7631
-8108
-8094
-7365
-6697
-5572
-4229
-3194
-2366
-1628
-873
-139
777
1621
2442
3421
4101
4298
4402
3933
3088
2521
1613
515
-759
-2022
-3192
-5124
-6094
-7128
-8264
-8126
-7895
-7224
-5991
-4501
-3432
-1741
-151
996
2799
4361
5498
7075
8452
9089
10176
10837
10774
11333
11255
10743
10264
8907
6691
4929
2960
-17
-2011
-4001
-6046
-7292
-8244
-9096
-10275
-10340
-10258
-10174
-9004
-7985
-6723
-4583
-2727
-1003
601
1638
2859
3741
4704
5309
6049
6315
6547
6625
5613
4748
3350
1475
-331
-1450
-3212
-5150
-6561
-7525
-8793
-10037
-10211
-10521
-10337
-8519
-7168
-5584
-3171
-1553
610
2987
4369
5998
7778
8972
10456
11736
11988
12725
13013
12580
12453
11585
10208
8358
5923
3496
943
-2076
-4737
-6981
-8989
-10449
-11170
-11838
-12323
-11999
-11141
-10114
-8557
-6687
-4838
-2282
188
2129
3990
5353
6354
7233
7627
7901
7793
7498
7044
6372
5080
3343
1781
-94
-1906
-3645
-5330
-7185
-8683
-9603
-10841
-11439
-11468
-11537
-10796
-9138
-7366
-5585
-3007
-783
1230
3847
5466
7068
8845
9797
10781
11572
11715
11643
11881
11600
11190
10962
9905
8870
7494
4532
1799
-467
-3584
-6267
-7845
-9674
-11141
-11235
-11344
-11844
-11272
-10236
-9335
-7218
-4842
-2875
-117
2435
4352
6045
6924
7437
7750
7688
7501
7314
6653
5742
4866
3434
1359
-554
-2391
-4363
-5952
-7216
-8438
-9794
-10465
-10915
-11476
-11039
-10274
-9421
-7478
-5244
-3274
-745
1457
3050
5207
6613
7533
8861
9506
9718
10267
10320
9657
9713
9429
8813
8678
8211
7271
6330
4548
1577
-310
-2703
-5504
-6802
-8148
-9431
-9528
-9084
-9303
-8972
-7795
-6958
-5248
-3095
-1460
842
3055
4743
6104
6750
6724
6747
6458
5814
5535
4750
3518
2886
1766
-301
-2082
-3698
-5614
-6913
-7710
-8663
-9398
-9579
-9670
-9519
-9109
-8613
-7434
-5965
-3861
-1813
86
2043
3686
5044
6014
6565
6688
7021
7002
6946
6690
6145
5720
5448
5164
5100
5594
5552
5915
6154
5767
4341
2394
1017
-1090
-2950
-3905
-4900
-5837
-5618
-5433
-5811
-5659
-5363
-4979
-3855
-2414
-1185
376
2033
3173
3824
3940
3438
3092
2603
2180
2090
1557
1032
714
29
-1388
-2466
-3783
-5175
-5589
-5905
-6398
-6347
-6163
-6427
-5987
-5590
-5661
-4789
-3421
-2247
-636
948
1887
2805
3637
3889
4045
4197
4268
4605
4939
4912
4827
4586
4289
4162
4249
4577
5234
6212
6623
6888
6156
4197
2803
1010
-1253
-2469
-3465
-4342
-4343
-4311
-4799
-5490
-5545
-5771
-5323
-4239
-3263
-1635
52
1548
2596
2690
2341
2104
1843
1580
1681
1810
1541
1611
1231
-179
-1547
-2915
-4260
-4924
-5059
-5408
-5363
-5052
-5072
-4988
-5204
-5058
-4790
-3925
-2277
-1051
326
1629
2228
2824
3289
3071
3298
3548
3606
4271
4412
4113
3909
3362
2832
2807
2664
2835
3943
4936
6225
7078
6603
5441
3926
2636
924
-661
-1627
-2453
-2804
-2980
-3504
-4650
-5414
-5551
-5564
-4781
-3944
-2851
-1308
405
1344
1610
1569
1082
1071
983
905
1037
970
961
1004
103
-1221
-2376
-3304
-3889
-4145
-4090
-4056
-3872
-3579
-3614
-3831
-4004
-4056
-3382
-2473
-1718
-520
368
1023
1800
1911
1948
2113
2362
2816
3346
3606
3420
3390
2978
2628
1953
1181
1279
1414
2061
3064
3926
4868
5987
6630
6856
6380
4883
4182
3276
1551
481
-708
-2276
-2974
-3776
-5075
-5864
-6317
-6385
-5702
-5057
-4480
-3396
-2483
-1559
-858
-803
-897
-562
-202
-94
309
357
135
525
384
-164
-632
-1081
-1232
-1174
-1139
-1455
-1660
-1815
-2020
-2084
-2301
-2610
-2388
-2003
-1449
-941
-750
-463
-41
420
797
1259
1636
2195
2968
3543
3789
3654
3550
3556
3445
3369
3326
3409
3951
4794
5544
6155
6537
6416
6028
4773
3121
1926
-60
-1479
-2442
-3915
-4856
-5541
-6226
-7050
-7411
-7372
-7107
-6226
-5119
-3889
-2529
-1314
-460
130
420
605
861
977
1419
1755
1751
1986
1789
1113
608
-62
-769
-1134
-1338
-1557
-1752
-1809
-2085
-2317
-2411
-2537
-2404
-1856
-1449
-894
-306
-103
395
593
719
1088
1370
1805
2417
2829
3004
3014
2832
2598
2416
2131
1870
1852
1941
2244
2362
2766
3188
3566
4430
4968
5125
4506
3550
2905
1488
-156
-1356
-2779
-3818
-4101
-4640
-5334
-5703
-5963
-5960
-5541
-5246
-4703
-3544
-2322
-1013
-207
166
452
586
532
634
894
806
1317
1899
1819
1521
1144
541
-9
-126
-563
-760
-599
-643
-636
-761
-1272
-1660
-1726
-1631
-1458
-1508
-1021
-577
-410
12
-104
-71
417
659
1254
1624
1633
1920
2003
1910
1810
1551
1275
1713
1920
2187
2868
3263
3909
4743
5257
5322
5126
4106
3038
2203
554
-993
-2036
-3377
-4236
-4625
-5463
-6070
-6176
-6191
-5781
-5083
-4500
-3528
-2190
-1087
-82
572
803
1246
1584
1663
1917
2134
2029
2411
2604
1973
1596
1103
435
98
-197
-693
-916
-924
-1213
-1259
-1524
-2033
-1986
-1827
-1590
-1261
-903
-584
-318
-89
-429
-627
-591
-670
-377
43
267
547
878
889
870
689
563
710
916
1228
1636
2203
2784
3507
4198
4813
5209
5495
5471
4580
3728
2854
1291
70
-987
-2435
-3343
-3816
-4510
-5107
-5242
-5418
-5294
-4554
-3987
-3215
-2043
-1264
-427
366
478
787
1108
972
1303
1609
1469
1852
2038
1654
1633
1417
846
700
518
69
-89
-215
-625
-829
-1180
-1730
-1906
-2268
-2459
-2417
-2500
-2328
-2181
-2179
-1915
-1621
-1463
-1035
-642
-314
120
385
542
734
852
947
1107
1267
1376
1577
2026
2537
3238
4063
5028
6054
6660
7016
6548
5366
4605
3335
1552
446
-841
-2186
-2771
-3448
-4486
-5219
-5647
-5951
-5662
-5190
-4707
-3691
-2764
-1925
-1069
-750
-554
-61
160
575
1352
1569
2049
2749
2733
2588
2487
2002
1644
1579
1242
873
593
84
-542
-1176
-2023
-2873
-3523
-3793
-3909
-3960
-3782
-3787
-3680
-3450
-3283
-2991
-2524
-1877
-988
-54
531
1088
1592
1863
2252
2478
2659
3282
3964
4776
5660
6401
6977
7528
7955
7980
7489
6087
4974
3934
2010
494
-1021
-2887
-4000
-4733
-5805
-6687
-7070
-7267
-6919
-6264
-5790
-4851
-3746
-2693
-1462
-780
-283
452
1012
1573
2237
2503
2738
3493
3589
3287
3188
2554
1934
1680
1140
447
19
-658
-1291
-1753
-2724
-3634
-3948
-4584
-5106
-4812
-4994
-4944
-4342
-4215
-3715
-2995
-2489
-1482
-613
199
1225
1720
2269
2885
3077
3451
3972
4142
4605
5194
5575
6108
6566
6896
7262
7579
7455
6967
5614
4156
2949
866
-850
-2232
-3855
-4730
-5151
-5939
-6616
-6749
-6975
-6779
-6038
-5516
-4667
-3288
-2065
-1087
-263
140
578
1058
1414
1884
2260
2618
3256
3615
3439
3235
2622
1935
1583
1024
367
-93
-618
-1287
-1823
-2512
-3428
-4299
-4930
-5042
-5193
-5124
-4645
-4443
-3775
-3127
-2729
-2028
-1485
-632
300
1105
1781
2411
2854
3331
3837
3995
4374
4756
4836
4968
5293
5093
5195
5515
4814
5033
5396
3826
2850
2223
424
-1009
-1451
-2490
-3697
-3414
-3440
-3686
-3603
-3838
-3644
-3594
-3065
-2515
-2432
-1706
-940
-629
-262
173
-85
-66
527
506
414
1044
1278
1160
1550
1447
841
717
637
242
105
-69
-555
-940
-1074
-1713
-2455
-2574
-2888
-3199
-3094
-3093
-3330
-3392
-3187
-3067
-2958
-2410
-1700
-1063
-108
499
897
1498
1866
2186
2498
2902
3042
3237
3668
3690
3511
3575
3624
3719
4093
4472
4789
4682
4561
4679
3459
2221
1689
372
-185
-453
-1309
-1644
-1916
-2091
-2483
-3131
-3194
-3244
-3073
-2528
-2394
-2375
-1871
-1632
-1559
-1421
-1434
-1263
-843
-209
43
200
531
750
735
618
401
60
5
-65
-387
-716
-1104
-1591
-2197
-2833
-3454
-3990
-3982
-3868
-3781
-3498
-3032
-2621
-2173
-1518
-1022
-480
313
747
1158
1669
1781
1986
2084
2180
2261
2401
2535
2567
2754
2914
2931
3005
3246
3165
3325
3596
3573
3801
3853
3987
4095
4004
3569
3200
2714
1997
1416
503
-71
-733
-1452
-1727
-2192
-2798
-2761
-2880
-3155
-2924
-2946
-2823
-2396
-2229
-1894
-1539
-1446
-1118
-889
-858
-641
-508
-378
-33
14
31
158
12
-28
-227
-667
-1273
-1758
-2183
-2957
-3334
-3872
-4302
-4149
-4091
-3711
-3334
-2826
-2182
-1659
-1027
-577
-332
41
748
811
1163
1698
1455
1769
2433
2262
2088
2783
3351
2779
3294
4233
3183
3023
3806
2824
2465
2975
2336
1910
2052
2038
1150
1050
1320
486
566
674
439
359
230
324
356
-179
-189
474
-188
-127
974
161
127
1073
376
-88
644
112
-586
149
-629
-976
-634
-1613
-1860
-1675
-2526
-2852
-2097
-2955
-3292
-2504
-3332
-3443
-3438
-3830
-3720
-3699
-3134
-2845
-2776
-2000
-1486
-888
-1124
-310
684
-98
906
2145
1051
1512
2871
1056
2218
2472
366
2645
2107
800
2605
1568
1058
1990
1071
1297
800
322
1652
70
428
1395
-702
861
795
-676
910
189
217
1294
580
810
1884
883
1553
1931
1543
1950
1397
1756
1746
1210
984
1149
398
-143
557
-380
-833
-730
-1395
-1189
-1897
-2030
-1955
-2688
-2341
-2087
-2800
-2717
-1986
-2742
-2314
-1624
-2279
-1629
-1238
-1033
-805
-614
-161
86
331
376
815
830
599
1042
821
407
673
453
-15
477
228
-121
362
-418
338
445
-456
498
363
-567
1480
50
-722
1605
-93
266
328
45
1110
201
450
1155
796
977
1361
1094
1285
1483
1188
1275
1171
1428
769
828
816
47
633
-247
-219
37
-1040
-104
-146
-1306
-397
-553
-1277
-798
-831
-1192
-1233
-883
-1044
-831
-1026
-639
-472
-1265
-104
-413
-932
216
127
-184
-7
842
57
-206
552
61
-589
-449
502
-257
-986
328
-74
-663
-239
-440
-416
-637
-593
-111
-838
-529
73
-1034
-203
279
-1133
274
1060
-529
796
1710
97
1349
1795
554
1795
1216
739
2273
1480
310
1625
1842
-217
813
1334
-871
126
648
-749
-530
200
-442
-720
-530
-455
-75
-1029
-556
-255
-426
-975
-374
-511
-1522
86
-973
-1218
196
-1070
-498
633
-912
-401
750
-614
233
575
-655
724
403
-506
494
150
-810
368
-251
-386
-161
-207
-387
-644
-102
-1004
-927
-556
-889
-656
-1131
-473
353
-1232
39
803
-783
670
1268
-175
1279
1399
1046
1148
1679
1882
441
2052
1968
47
1817
1740
-164
1403
1169
-305
495
1037
-301
-793
999
-405
-1407
833
-770
-1695
695
-1294
-1555
150
-1236
-1107
-412
-1000
-480
-920
-880
-288
-101
-1297
-218
949
-390
-703
1361
139
-1012
1134
-375
51
-33
-645
622
-225
-739
40
-596
-579
-893
-637
-236
-1599
-709
417
-1926
-341
279
-1786
257
-13
-610
663
-25
319
1316
153
1194
836
706
1673
318
1475
833
1031
1212
772
1879
342
1081
2016
28
967
1892
-624
965
1433
-550
359
505
-299
241
-665
-451
-205
-818
-704
-1011
-776
-1113
-992
-1202
-1408
157
-1521
-1411
590
-523
-1143
244
-439
-392
395
-945
16
659
-673
-499
636
132
-1175
75
-48
-530
-184
-715
30
-301
-375
-124
-479
-198
-227
-300
-207
-35
-258
154
192
195
866
-377
847
926
-330
1023
391
165
1246
-44
808
1358
-435
994
1415
-535
876
1369
-39
634
1028
846
188
869
570
162
820
93
270
243
415
-404
195
-170
-1070
358
-803
-1312
-445
-536
-1257
-888
-849
-1464
-357
-1206
-1560
-343
-340
-2055
-91
353
-1994
436
-92
-974
713
-437
228
940
-242
996
689
427
660
702
436
336
746
86
245
490
-363
0
93
-210
-441
-450
103
-760
-658
-55
-456
-956
178
-280
-263
329
-511
1093
300
-400
1934
337
80
1782
741
224
1158
946
161
676
870
-95
873
228
-379
527
-211
-933
39
-533
-965
-244
-1023
-418
4
-1367
-772
661
-1135
-969
994
-717
-623
714
53
-135
-43
581
-215
425
80
190
877
-383
983
188
-305
696
-241
-86
-135
-460
489
-637
-385
519
-1199
359
75
-951
281
-459
-215
-196
-202
-49
-810
231
230
-990
255
139
-722
79
199
-223
-219
-69
11
-25
55
-274
-155
384
54
-31
440
241
830
321
239
1369
-183
329
949
81
130
566
188
-24
494
-304
232
-65
-375
172
-489
25
-77
-752
152
-174
-114
-239
-97
433
-45
438
379
-103
969
463
-251
811
436
-26
308
481
-179
-268
541
-168
-370
-27
-195
263
-548
-805
149
-841
-514
-457
-1063
-257
-486
-813
-382
-456
-777
-169
-604
-318
-625
-177
56
-839
273
152
-587
436
413
-201
606
486
553
641
203
1045
165
288
876
-239
337
683
-372
313
210
-670
594
-93
-1019
706
-331
-348
294
-904
439
331
-889
863
-5
126
1138
-354
771
823
110
419
501
711
227
133
474
329
-154
-38
115
-42
-565
67
270
-697
-184
-500
-260
-211
-991
-42
-499
-782
79
-269
-1023
106
-408
-755
252
-764
-28
-362
-149
376
-555
354
391
-223
299
794
-150
341
940
-183
397
427
175
183
25
13
129
-54
-131
128
-556
-183
-5
-462
-104
-544
-368
151
-558
-347
225
-571
48
376
-428
818
164
-153
1079
72
310
752
8
497
382
139
360
149
-181
167
13
-251
299
-736
74
192
-967
205
-81
-653
192
-372
-347
510
-654
-301
210
-137
-239
-56
202
-166
150
31
332
201
-72
403
288
65
238
111
351
50
-120
460
-120
1
195
-250
-118
393
-321
-219
203
-273
-306
-2
-323
-273
-508
-73
-264
-835
521
-497
-913
862
-593
-194
779
-857
363
531
-435
348
124
-309
607
20
-366
495
1
-208
47
161
-219
-187
405
-272
-267
706
-269
-250
888
-305
-126
876
-255
177
762
-331
634
580
-292
379
558
-84
-83
384
156
-243
308
-421
29
354
-899
373
164
-706
317
140
-275
182
-72
-114
318
35
-48
-161
77
-69
-459
-84
-194
-715
99
-146
-847
394
-340
-680
272
-462
-308
165
-594
-256
217
-475
-171
-46
-208
-126
-111
-16
5
180
-137
149
150
-93
393
11
389
-178
178
994
-637
448
628
-768
846
563
-361
607
83
398
780
-602
445
538
-373
396
83
175
118
-2
118
-28
203
-263
115
66
-187
308
122
-353
384
-52
-52
13
-260
273
-570
-105
124
-688
-17
-183
-171
-211
-489
550
-343
-453
346
-191
-110
-90
-124
235
-389
-96
149
-269
-128
106
-464
-53
492
-935
156
489
-999
272
195
-615
483
-375
-206
658
-883
369
383
-736
578
83
394
37
80
616
-19
526
-34
62
810
-209
89
763
-181
68
85
-131
-3
-458
-86
89
-782
144
-51
-362
12
-662
308
-146
-661
411
84
-381
304
33
16
456
-173
112
505
215
239
272
85
506
239
-289
559
88
-52
360
-424
340
316
-726
252
203
-724
292
-275
28
-160
-202
3
55
-83
-393
-2
133
-370
-58
210
-147
-179
247
-188
-121
150
-254
-300
188
367
-1095
462
591
-821
82
130
36
-357
-322
93
-83
-639
91
33
-466
-41
-290
-89
-223
50
-461
-245
807
-853
165
315
-394
511
-261
463
197
36
567
264
460
65
715
314
213
721
382
213
463
543
164
279
18
449
-121
-160
621
-592
64
270
-473
-259
-67
-112
-504
-257
149
-595
-56
148
-511
-239
237
-388
-263
180
-351
13
-151
32
-262
53
91
-611
274
-191
-427
-75
-459
-403
-278
-412
-626
-283
-503
-532
-369
-374
-511
-335
-14
-441
-181
353
-306
304
508
-78
733
455
510
524
829
676
510
1153
335
1018
760
153
1371
0
509
1094
-281
491
425
65
116
-42
77
-276
-49
-67
-296
-345
-223
-63
-107
-647
168
-139
-438
317
-767
410
-150
-632
374
-267
-186
-148
-302
-49
16
-601
123
-278
-422
239
-738
-221
-162
-708
-48
-761
-329
-473
-627
-374
-495
-649
-593
133
-1374
383
-268
-817
805
-573
65
721
-326
518
544
-100
1132
335
113
1233
270
372
1145
-66
813
650
146
827
224
450
508
-53
472
295
-301
531
-209
-3
145
-113
67
-125
-17
74
-209
189
-65
-154
263
-121
53
204
-312
130
138
-308
53
-123
226
-439
-91
522
-510
-394
972
-1020
-169
770
-953
-102
62
-452
-240
-409
-214
-395
-776
-125
-467
-343
-696
-323
263
-914
-106
258
-419
-184
191
5
90
-46
238
561
-511
419
775
-490
76
829
-275
-37
631
-220
139
20
93
163
-396
248
-132
-10
35
-73
56
17
17
335
-193
-74
1026
-598
138
939
-120
131
302
427
314
-292
561
338
-266
429
70
56
260
-88
126
18
-123
317
-374
-85
324
-478
-69
108
-540
-22
-197
-332
-190
-254
-215
-199
-299
-43
-125
-421
165
-69
-358
260
-107
-143
198
61
-16
-51
99
249
-304
259
52
-392
641
-387
-205
321
-174
-153
-205
156
-293
-205
342
-464
-342
563
-151
-496
400
-59
-131
237
131
-167
106
526
-299
136
568
-323
175
483
-91
133
323
39
183
271
17
100
285
89
-206
178
426
-541
60
341
-429
-19
-141
-96
-18
-405
-45
-98
-261
176
-502
-102
209
-304
44
-318
312
177
-873
926
-29
-644
712
-132
-46
104
43
177
-219
104
117
-227
176
10
-474
379
-203
-204
287
-408
-48
253
-215
-76
59
89
8
-190
304
271
-461
494
225
-477
731
93
-213
386
135
224
174
-135
514
152
-321
424
163
-42
-95
75
69
-153
-83
18
-251
-278
47
-136
-548
113
-274
-322
-107
-317
179
-500
-288
287
-340
-255
288
-257
-237
163
101
-36
-334
378
38
-311
436
-47
-173
161
313
-214
-145
452
-8
-260
55
442
-361
30
328
-305
184
43
-114
210
147
-377
333
342
-251
138
326
-1
39
492
-83
232
172
-76
690
-145
-167
640
-294
260
207
-572
543
-112
-369
224
-338
-80
-2
-429
-42
-250
-127
-238
-272
-99
-259
-180
-237
-73
-319
-77
-121
-251
10
-116
-198
-35
70
-109
-139
232
-272
224
150
-293
335
45
4
216
-23
98
219
28
81
67
153
156
-160
245
59
-22
80
71
31
17
88
119
-4
26
276
-109
281
80
-22
402
-30
141
235
-56
361
-13
-45
293
70
-84
-49
117
40
-268
38
-17
-351
124
-189
-261
-115
-163
-115
-295
-127
-112
-308
-132
-55
-278
-52
-206
-190
121
-203
-212
57
18
-186
176
-221
26
259
-128
-95
278
131
-285
425
-51
-3
244
-93
90
142
-103
115
54
-118
115
70
-87
32
-57
195
-11
-178
328
-118
65
357
-240
165
346
-25
189
39
247
176
80
207
28
137
236
-41
3
247
-122
-85
301
-265
-39
23
-169
63
-309
-14
-108
-201
-138
-81
-189
-145
-68
-202
-52
-83
-154
26
-111
-34
-25
-52
65
-62
-20
52
33
-110
141
-147
43
27
-155
47
-90
-51
-54
-71
-128
36
-91
-179
6
90
-181
-22
46
-54
138
5
-124
312
13
-38
361
-211
360
192
-230
509
5
-40
422
-116
161
198
-37
192
-34
124
124
-171
209
3
-163
190
-102
-125
164
-217
-17
45
-269
182
-144
-192
164
-207
65
-42
-195
208
-155
-2
79
-193
85
95
-195
-18
137
-216
-25
21
-103
-122
-36
-57
-228
111
-186
-181
65
-123
-59
-80
-32
-34
-51
18
20
-85
62
63
-53
28
117
-42
16
97
56
4
27
78
32
117
13
-59
328
-89
-33
290
-21
-1
169
26
33
160
-130
198
90
-208
264
-43
-57
146
-135
46
113
-184
119
13
-229
371
-274
1
200
-267
201
-37
-143
154
-118
10
34
-194
182
-159
-139
203
-175
-187
193
-116
-204
200
-192
-35
140
-286
121
87
-272
100
38
-90
-86
70
0
-151
63
8
-102
3
60
-124
68
-40
13
62
-152
202
-18
-125
276
-81
-90
303
-119
-11
256
-230
162
167
-258
241
-45
-19
116
-115
150
-92
-11
143
-72
-24
41
11
66
-78
-12
120
-35
-77
115
-37
-34
79
-76
25
45
-91
32
22
-66
60
-57
-13
50
-56
-11
30
-14
-57
-12
98
-84
-108
125
-30
-65
8
-24
88
-127
-24
147
-137
-12
86
-66
-41
110
-57
-118
168
-68
-41
21
-19
40
-32
-55
65
41
-149
49
145
-195
42
48
-62
79
-104
60
-11
19
3
-23
1
66
-51
7
-2
-13
119
-198
104
79
-157
47
110
-134
13
51
-34
70
-93
-31
150
-62
-74
53
9
-32
30
-13
-56
115
-66
-52
161
-143
6
141
-140
13
139
-174
86
61
-167
134
-16
-75
33
41
24
-190
217
-4
-259
337
-209
-4
205
-279
113
119
-153
4
72
-14
-70
35
78
-128
17
161
-187
107
6
-113
212
-126
-34
133
-106
49
46
-117
133
-70
-19
103
-139
50
121
-223
133
29
-129
164
-140
-6
133
-157
75
-14
-115
191
-156
61
-1
-58
86
-39
48
-15
-94
134
52
-123
46
-40
143
-63
-100
205
-170
82
88
-171
117
-16
-11
-6
17
71
-173
116
76
-185
101
-22
-23
-15
18
-31
-16
30
-74
98
-57
-35
90
-62
-1
65
-71
-7
99
-71
-2
41
-12
44
-17
-26
54
36
-43
-14
92
-64
18
13
31
-79
-8
114
-136
15
-25
43
-27
-95
120
-51
-79
84
-5
-61
-34
111
-95
-47
146
-123
-2
90
-27
-9
-5
97
-39
-15
68
-2
31
10
-5
16
70
-34
-28
62
-42
7
1
-15
-76
92
-18
-146
201
-156
-14
90
-76
-52
56
-51
-80
121
-162
55
46
-129
114
-63
6
74
-52
-58
173
13
-193
204
25
-95
54
69
-79
43
6
-10
37
-128
211
-169
-3
163
-178
66
36
-134
80
4
-125
41
-13
-21
9
-117
120
-57
-88
152
-82
-79
123
42
-159
112
91
-194
197
2
-229
362
-179
-91
314
-305
157
100
-203
129
95
-193
168
-45
-149
306
-327
46
180
-256
57
65
-157
54
79
-178
56
43
-77
115
-203
159
26
-121
114
-37
71
-139
204
-22
-192
241
51
-247
220
99
-249
265
-33
-154
213
-8
-181
42
160
-197
-40
146
-208
83
0
-56
-38
-20
94
-153
31
64
-156
92
-10
-127
229
-245
-7
307
-347
63
231
-302
190
115
-270
240
54
-113
58
109
-68
-7
110
-97
64
-12
-69
200
-175
-55
269
-219
-63
282
-252
-57
305
-290
88
36
-112
122
-117
81
-97
-35
216
-259
127
52
-142
221
-130
30
105
-159
129
37
-259
281
-98
-216
301
-82
-184
186
1
-109
67
-6
-34
-14
61
-65
-38
90
-11
-63
50
37
-55
92
-75
26
102
-153
203
-74
-126
277
-162
25
58
-133
124
-1
-129
52
35
-87
-6
63
-71
-123
142
-70
-71
116
-188
139
28
-66
44
-41
78
-19
-109
109
-39
-191
186
-70
-97
166
-162
94
116
-91
69
13
12
65
28
-85
89
2
-22
53
-4
-57
72
34
-75
113
-47
-26
68
3
-32
-34
57
-101
16
25
-101
18
14
-49
13
21
-97
69
-64
-63
38
-115
34
-85
-90
113
-96
-39
57
-13
-21
49
20
-52
43
11
57
-53
81
36
-51
176
-6
-8
106
56
-11
55
122
-87
20
109
-60
27
2
-36
6
25
-4
-55
32
21
-81
25
11
-60
-67
-16
9
-131
16
-26
-105
42
59
-100
-41
150
-65
-136
165
8
-205
67
60
-50
-49
0
103
-89
35
109
-92
62
114
-36
31
142
-26
9
128
11
14
58
-6
73
8
-8
94
-32
-1
88
-50
11
44
-60
50
32
-91
27
70
-31
-60
57
24
-32
-66
-2
-28
-64
-3
-30
-94
-2
73
-56
-38
1
36
-27
-61
22
8
-63
51
1
-71
68
-41
-20
52
-28
19
-22
-35
25
-12
-47
3
3
-71
-8
-31
-70
-23
-90
-39
17
-35
-55
2
38
-62
-4
0
-87
26
-55
-42
15
-50
-39
36
-32
-94
6
-9
-89
-47
-31
-56
-100
-61
4
-104
-58
22
-42
-84
26
-36
-97
51
16
-5
98
68
33
54
116
58
23
131
102
43
115
115
28
74
89
81
80
84
102
23
108
151
59
85
119
74
7
108
118
35
95
115
54
64
93
10
43
19
-11
-26
-87
-78
-188
-190
-128
-203
-261
-200
-281
-295
-292
-343
-328
-347
-368
-372
-373
-386
-378
-351
-389
-318
-303
-278
-205
-157
-66
-47
58
56
163
230
241
379
463
555
633
739
790
828
906
955
938
1009
1111
1088
1157
1191
1190
1234
1247
1248
1230
1094
690
457
180
-341
-572
-917
-1268
-1456
-1515
-1671
-1834
-1792
-1887
-1792
-1586
-1487
-1298
-1021
-783
-504
-288
-225
-112
4
54
194
255
197
222
239
143
-22
-182
-387
-572
-672
-859
-1053
-1128
-1237
-1230
-1092
-1037
-867
-544
-195
201
618
894
1221
1474
1682
1870
1976
2072
2215
2396
2456
2634
2652
2710
2681
2315
1814
1295
747
111
-422
-945
-1442
-1806
-2045
-2306
-2571
-2671
-2719
-2586
-2264
-1968
-1512
-1073
-535
-71
224
492
690
848
1026
1227
1339
1398
1378
1343
1147
856
486
46
-298
-583
-919
-1221
-1497
-1796
-2098
-2161
-2359
-2499
-2327
-2104
-1708
-1240
-860
-415
39
444
935
1236
1473
1790
2061
2222
2382
2360
2208
2255
2193
2087
2099
2072
2073
2136
2202
1758
955
553
-8
-771
-1160
-1572
-2076
-2186
-2019
-2150
-2332
-2272
-2204
-1911
-1397
-1033
-606
-48
515
953
1185
1197
1134
1108
1051
1086
1015
726
588
533
36
-390
-763
-1359
-1652
-1738
-1948
-2067
-2081
-2180
-2129
-2034
-1939
-1784
-1406
-846
-355
150
619
951
1235
1525
1637
1728
1820
1870
2002
2010
1974
1879
1798
1744
1697
1710
1742
1898
1979
1809
1304
686
153
-598
-1190
-1574
-1932
-2126
-2044
-1921
-2037
-2030
-1928
-1766
-1390
-993
-551
12
503
973
1224
1236
1179
1002
949
902
868
765
589
546
242
-221
-610
-1151
-1703
-1809
-1970
-2213
-2156
-2159
-2216
-2003
-1846
-1768
-1395
-908
-353
219
655
958
1227
1413
1520
1543
1486
1448
1549
1535
1480
1406
1210
1116
1120
1133
1144
1355
1663
1976
2260
2014
1237
820
348
-407
-760
-1084
-1549
-1559
-1358
-1517
-1741
-1867
-1859
-1674
-1269
-910
-564
-7
489
857
1012
851
681
594
521
579
567
358
268
241
-107
-553
-930
-1465
-1848
-1746
-1828
-1965
-1803
-1806
-1765
-1488
-1400
-1322
-885
-412
82
626
859
1021
1221
1226
1257
1243
1094
1143
1238
1226
1218
1101
956
925
1011
1072
1232
1566
1865
2331
2573
2204
1508
1005
461
-200
-567
-946
-1383
-1447
-1364
-1619
-1950
-2105
-2194
-1948
-1522
-1186
-707
-224
260
630
720
595
534
491
528
684
635
471
415
274
-105
-546
-985
-1396
-1693
-1697
-1673
-1814
-1789
-1684
-1664
-1508
-1344
-1270
-798
-234
180
717
989
1078
1321
1379
1307
1351
1303
1230
1374
1321
1092
950
785
663
734
830
943
1267
1629
2036
2370
2498
1867
1211
1047
360
-266
-543
-1064
-1490
-1460
-1542
-1963
-2224
-2332
-2229
-1772
-1436
-1128
-611
-120
277
671
600
446
557
512
508
657
486
198
291
135
-336
-679
-1001
-1402
-1459
-1403
-1512
-1532
-1496
-1456
-1318
-1189
-1153
-910
-479
-8
438
755
951
1084
1217
1223
1153
1155
1064
1073
1166
1036
791
662
506
394
472
485
626
989
1320
1739
2090
2415
2494
1770
1421
1278
374
-182
-388
-1051
-1507
-1431
-1659
-2159
-2199
-2250
-2152
-1737
-1558
-1237
-670
-266
122
483
376
331
469
317
338
522
240
136
405
105
-368
-516
-869
-1197
-1113
-1151
-1294
-1188
-1163
-1185
-949
-907
-928
-579
-177
168
553
800
872
986
1062
994
988
963
893
1006
1091
940
757
646
468
432
458
410
607
831
1003
1293
1621
1791
2083
2346
1669
1172
1125
327
-316
-515
-1214
-1765
-1640
-1741
-2149
-2179
-2245
-2236
-1816
-1653
-1377
-856
-495
-30
472
404
264
481
321
250
539
311
94
368
222
-228
-272
-566
-973
-862
-856
-1028
-969
-928
-962
-714
-640
-720
-402
-103
155
569
789
789
969
1123
1022
1118
1072
948
1084
1124
940
763
610
431
360
367
296
345
521
718
1025
1334
1515
1736
1953
1361
895
859
56
-538
-645
-1301
-1740
-1622
-1809
-2164
-2162
-2216
-2180
-1720
-1562
-1272
-645
-303
68
544
474
372
628
467
368
633
409
264
555
389
-39
-105
-392
-782
-630
-661
-897
-726
-714
-745
-460
-550
-651
-302
-110
111
549
661
678
912
946
837
894
797
687
823
874
672
536
387
201
156
40
9
112
263
501
721
864
950
1217
1480
1712
1567
919
822
527
-206
-523
-971
-1603
-1684
-1565
-1733
-1872
-1867
-1884
-1532
-1249
-1166
-761
-393
-48
479
642
511
557
482
338
513
450
115
272
316
14
-119
-324
-731
-797
-672
-799
-730
-660
-674
-374
-246
-341
-225
-21
153
457
664
673
765
828
733
714
605
391
391
411
337
245
118
33
-16
-41
-62
-70
35
214
459
702
901
1083
1360
1622
1808
1593
1057
888
528
-54
-368
-806
-1277
-1373
-1365
-1527
-1699
-1771
-1752
-1442
-1201
-1022
-644
-306
46
458
540
453
489
418
367
516
406
197
338
308
61
-37
-243
-529
-507
-455
-497
-437
-432
-434
-269
-205
-338
-262
-102
16
311
405
341
403
337
280
306
146
18
105
177
135
110
-54
-226
-252
-256
-246
-187
-29
132
354
566
653
743
899
1146
1432
1547
1641
1582
1334
1048
622
145
-346
-714
-907
-1051
-1148
-1261
-1381
-1388
-1368
-1278
-1157
-933
-624
-308
57
253
305
329
337
317
269
267
294
330
386
379
300
159
13
-73
-136
-190
-232
-223
-234
-271
-309
-412
-503
-486
-470
-435
-316
-246
-189
-88
-88
-134
-136
-184
-149
-33
5
46
138
138
124
169
155
180
277
402
561
715
833
931
1033
1117
1236
1367
1387
1352
1231
963
656
233
-258
-669
-979
-1220
-1367
-1409
-1435
-1437
-1372
-1284
-1145
-1003
-755
-394
-115
170
437
546
581
607
542
495
514
482
506
535
445
347
221
27
-131
-264
-370
-428
-491
-555
-607
-671
-759
-801
-794
-757
-654
-532
-416
-289
-204
-136
-62
-4
76
170
259
371
449
482
543
511
425
437
425
378
420
438
388
408
409
349
352
355
335
409
467
474
528
524
476
477
439
338
260
152
-8
-104
-210
-402
-498
-556
-664
-663
-669
-751
-731
-639
-587
-460
-309
-237
-80
81
133
220
258
250
305
304
281
224
105
3
-114
-256
-396
-523
-620
-682
-717
-723
-759
-776
-702
-625
-539
-380
-230
-63
157
350
505
659
833
973
1086
1188
1269
1327
1392
1457
1482
1505
1506
1440
1252
844
410
8
-547
-1006
-1305
-1610
-1724
-1641
-1651
-1648
-1551
-1475
-1235
-929
-701
-290
168
502
879
1084
1025
1011
1005
873
818
777
630
604
563
330
71
-205
-513
-693
-774
-879
-909
-867
-860
-786
-720
-790
-721
-525
-373
-102
188
311
465
613
606
579
529
444
456
498
467
410
309
161
11
-158
-335
-454
-513
-510
-451
-431
-464
-483
-476
-478
-414
-295
-168
42
261
416
526
571
572
563
575
584
553
557
551
490
390
236
77
-88
-220
-290
-369
-431
-447
-457
-482
-490
-482
-470
-380
-247
-117
50
188
293
380
437
460
445
459
467
445
422
349
262
146
6
-101
-219
-326
-381
-409
-427
-445
-456
-456
-433
-388
-344
-289
-200
-110
-27
73
115
134
194
210
246
271
235
261
268
231
217
174
109
94
101
72
65
68
40
72
100
72
70
81
90
108
115
68
23
2
-53
-72
-112
-185
-175
-146
-135
-118
-107
-115
-90
-22
-26
-23
9
-4
38
76
18
-15
-20
-49
-46
-37
-75
-69
-36
-20
7
-11
-48
-48
-23
-9
-24
-11
9
34
82
77
46
26
9
4
5
-17
-59
-57
-45
-58
-85
-133
-151
-146
-121
-79
-44
17
77
153
210
203
205
202
206
216
199
172
132
95
30
-68
-150
-250
-318
-323
-325
-318
-280
-234
-188
-126
-77
-41
29
108
193
268
317
348
358
361
340
314
292
269
271
250
218
185
109
39
-13
-86
-151
-187
-230
-260
-278
-328
-365
-386
-411
-412
-390
-356
-325
-273
-212
-186
-138
-98
-68
11
64
111
188
224
247
281
277
253
249
223
196
194
145
89
59
-2
-65
-110
-160
-212
-228
-245
-280
-275
-274
-274
-216
-163
-117
-37
43
115
204
282
334
397
459
491
525
531
502
484
454
393
349
295
230
195
145
72
3
-84
-166
-232
-301
-361
-410
-443
-466
-494
-516
-535
-548
-531
-494
-444
-377
-305
-226
-145
-90
-39
5
35
85
120
140
164
157
149
131
93
67
41
29
50
56
65
87
97
103
118
118
113
125
132
133
132
127
110
95
96
90
95
114
124
149
174
172
178
182
171
184
193
185
190
189
174
166
156
126
108
102
68
34
-2
-74
-136
-197
-283
-344
-396
-455
-478
-496
-530
-541
-536
-530
-494
-432
-370
-291
-190
-114
-47
26
67
111
176
215
265
322
339
357
358
312
275
242
196
180
171
145
133
122
86
46
17
-18
-37
-9
15
37
81
92
92
104
79
67
82
79
103
126
116
102
73
17
-35
-79
-119
-138
-132
-121
-124
-125
-138
-170
-182
-198
-208
-185
-165
-137
-100
-85
-78
-74
-81
-72
-49
-22
21
71
113
134
144
136
112
97
89
76
85
95
103
112
106
93
81
68
73
85
98
122
136
138
127
95
45
-10
-63
-105
-148
-185
-215
-252
-281
-311
-336
-338
-328
-284
-219
-149
-61
18
82
144
181
199
219
217
209
192
151
100
37
-30
-94
-154
-194
-215
-212
-186
-152
-109
-59
-19
36
89
124
173
217
243
272
280
262
248
226
198
172
152
130
110
98
83
67
51
34
24
22
10
3
5
-12
-21
-29
-58
-77
-83
-102
-115
-122
-142
-164
-176
-199
-227
-243
-268
-286
-292
-307
-317
-313
-313
-297
-257
-223
-170
-98
-30
37
110
167
210
258
293
312
328
325
302
283
243
188
144
95
50
25
5
-10
-5
-1
4
25
39
58
95
129
158
195
215
216
220
205
174
143
113
75
46
13
-32
-75
-125
-179
-220
-258
-292
-306
-313
-320
-313
-319
-324
-321
-315
-296
-262
-218
-171
-114
-62
-22
19
52
79
112
141
170
201
221
230
230
217
191
172
148
129
127
125
128
129
117
104
92
76
66
67
69
77
87
86
75
64
36
8
-11
-30
-40
-43
-52
-62
-74
-98
-121
-140
-158
-164
-159
-154
-141
-128
-125
-125
-120
-122
-116
-96
-74
-51
-23
-6
3
13
10
3
3
1
2
13
15
14
19
11
1
3
0
6
31
53
76
110
133
145
167
182
190
207
214
214
214
198
167
134
92
36
-11
-62
-111
-148
-187
-228
-250
-273
-296
-297
-292
-280
-247
-210
-173
-125
-79
-37
7
45
80
115
147
172
196
207
211
211
204
189
174
156
132
115
92
67
43
17
-10
-33
-53
-73
-85
-92
-95
-95
-92
-84
-75
-65
-51
-39
-23
-4
14
25
36
40
40
37
31
20
8
-6
-18
-30
-45
-61
-75
-90
-102
-101
-103
-100
-91
-85
-76
-62
-45
-35
-16
1
20
43
66
90
107
122
133
139
135
137
133
123
115
98
81
57
36
12
-5
-21
-30
-35
-33
-22
-16
-8
4
20
25
37
47
47
49
45
34
14
-6
-37
-63
-89
-113
-129
-146
-158
-165
-168
-172
-161
-153
-141
-116
-93
-70
-42
-11
7
32
54
72
91
107
125
136
148
153
156
148
137
127
108
90
72
55
33
13
-11
-35
-53
-69
-83
-85
-81
-80
-66
-57
-40
-26
-12
8
19
35
53
69
79
91
96
91
84
75
60
41
27
-2
-31
-60
-91
-122
-158
-190
-217
-236
-249
-245
-244
-234
-204
-176
-143
-93
-42
5
66
122
174
219
257
283
297
301
292
275
247
219
184
141
98
57
10
-33
-62
-94
-111
-116
-119
-114
-100
-89
-77
-62
-49
-34
-23
-10
1
2
1
-3
-11
-26
-38
-55
-69
-79
-91
-104
-112
-113
-120
-118
-115
-103
-89
-74
-49
-23
3
26
53
70
86
104
112
119
128
130
125
120
104
90
75
61
49
40
32
28
24
19
22
20
17
18
18
11
11
10
-3
-10
-23
-37
-53
-69
-77
-85
-88
-85
-77
-75
-66
-56
-50
-44
-31
-20
-14
3
10
13
13
6
-3
-11
-19
-28
-27
-28
-24
-17
-12
-8
-1
10
25
47
62
86
106
118
127
131
127
116
106
91
79
62
45
26
-1
-24
-48
-71
-86
-93
-97
-98
-92
-84
-76
-61
-46
-31
-11
8
29
50
65
75
78
72
61
47
25
9
-10
-28
-48
-69
-93
-114
-123
-133
-133
-125
-108
-85
-64
-36
-10
14
38
59
81
102
122
136
141
143
136
120
103
82
60
42
27
10
-4
-15
-31
-46
-57
-63
-63
-61
-52
-42
-33
-25
-17
-16
-16
-14
-6
2
11
17
21
25
21
18
11
7
2
3
4
1
-2
-12
-20
-34
-46
-58
-65
-67
-71
-70
-68
-66
-59
-58
-53
-42
-31
-16
3
20
36
48
57
65
69
71
73
74
79
82
77
69
61
49
38
29
18
13
10
7
5
2
-4
-10
-11
-13
-11
-8
-3
4
9
9
9
1
-7
-9
-17
-21
-29
-34
-45
-55
-62
-75
-82
-89
-87
-85
-75
-63
-51
-40
-30
-21
-13
-2
7
17
25
33
37
33
28
21
13
8
4
-1
-2
0
1
3
0
-1
2
6
13
18
25
34
40
46
47
47
49
51
54
60
68
72
72
73
68
62
55
50
43
35
27
16
2
-13
-32
-50
-67
-81
-92
-101
-107
-111
-111
-108
-104
-98
-89
-78
-64
-50
-33
-18
-6
3
9
15
20
23
24
23
21
17
10
3
-4
-15
-22
-25
-26
-23
-22
-16
-11
-2
10
22
33
49
63
77
89
97
105
108
110
102
97
88
77
65
50
37
23
12
-1
-11
-17
-23
-22
-20
-19
-14
-8
0
3
6
7
9
2
-5
-11
-25
-37
-53
-71
-87
-105
-122
-133
-143
-145
-147
-146
-138
-126
-107
-90
-67
-43
-18
5
30
54
75
91
106
117
125
130
128
124
117
112
101
91
78
66
56
50
44
37
34
30
27
25
25
25
24
23
21
17
14
11
3
-1
-8
-14
-20
-26
-34
-42
-47
-50
-50
-51
-50
-51
-51
-52
-49
-45
-45
-45
-44
-47
-50
-51
-53
-56
-58
-60
-65
-68
-68
-64
-58
-48
-39
-27
-12
4
24
41
61
79
94
112
123
132
136
139
137
131
121
109
94
78
63
42
21
1
-18
-33
-49
-59
-71
-74
-79
-82
-81
-79
-78
-73
-67
-64
-60
-56
-53
-48
-43
-41
-37
-33
-32
-29
-28
-25
-21
-17
-11
-8
-1
5
10
14
17
23
27
29
30
33
32
29
27
27
24
18
14
14
13
9
9
10
11
16
21
26
34
40
45
49
57
64
69
74
75
76
76
70
65
60
52
44
35
26
14
3
-7
-18
-29
-36
-46
-54
-63
-67
-68
-76
-78
-77
-75
-72
-68
-63
-57
-52
-44
-34
-27
-18
-10
-3
4
10
15
18
25
27
26
24
22
16
11
2
-6
-13
-21
-28
-35
-37
-40
-40
-40
-38
-31
-26
-15
-5
8
22
33
43
51
59
66
72
75
76
74
71
65
57
47
39
28
17
8
-1
-11
-17
-19
-24
-26
-27
-27
-23
-21
-15
-8
-5
-1
0
1
1
-1
-5
-9
-18
-24
-33
-45
-53
-62
-68
-77
-84
-88
-89
-86
-85
-81
-76
-70
-60
-50
-39
-31
-22
-13
-5
2
7
11
14
15
12
12
9
4
-1
-4
-10
-15
-17
-19
-14
-10
-7
-2
6
16
26
35
45
56
64
72
78
82
84
83
81
79
77
71
61
53
45
37
28
22
15
10
8
9
8
11
14
19
23
29
33
36
43
47
48
49
45
41
36
32
25
13
6
-4
-15
-26
-36
-47
-58
-63
-70
-72
-76
-76
-73
-72
-68
-61
-52
-44
-35
-28
-19
-11
-5
2
8
12
13
15
16
15
13
10
9
8
6
4
1
2
1
0
1
3
6
6
10
10
12
16
18
23
25
27
29
32
32
32
32
32
31
29
31
29
25
25
24
25
22
20
17
14
12
11
10
7
5
0
-2
-6
-10
-13
-21
-27
-31
-34
-41
-48
-50
-56
-59
-61
-64
-64
-65
-65
-65
-66
-63
-61
-57
-52
-47
-42
-37
-32
-28
-25
-19
-13
-11
-6
-4
-3
-2
1
1
2
0
-2
-1
0
0
0
1
1
4
9
12
16
18
21
25
29
34
38
43
45
50
53
53
56
57
54
53
51
47
44
39
35
28
25
19
15
9
4
2
-2
-4
-3
-3
-4
-4
-2
1
-1
0
0
0
2
1
1
-2
-3
-6
-8
-12
-17
-22
-25
-27
-30
-33
-37
-39
-38
-39
-38
-39
-37
-32
-28
-24
-21
-15
-11
-7
-2
4
7
9
13
15
19
19
20
19
18
17
16
16
15
15
13
11
13
13
15
14
11
12
12
12
13
15
15
16
15
17
17
18
20
18
17
17
16
15
14
13
12
10
7
6
3
1
-3
-4
-5
-7
-9
-11
-10
-13
-14
-13
-15
-17
-17
-17
-17
-20
-20
-20
-19
-21
-21
-20
-20
-18
-17
-17
-15
-15
-13
-9
-8
-5
-4
-3
-1
0
1
2
2
2
3
1
2
3
2
2
4
1
1
0
0
2
3
8
8
8
11
15
14
19
21
19
21
24
23
25
27
27
24
22
20
19
16
12
10
3
2
-3
-9
-13
-13
-14
-15
-12
-13
-15
-11
-12
-11
-9
-5
-3
-2
0
-1
0
-1
-1
0
-3
-4
-3
-7
-11
-10
-13
-17
-16
-18
-20
-20
-20
-19
-21
-18
-15
-15
-10
-8
-9
-2
1
1
5
7
7
8
11
13
11
12
14
10
10
13
7
6
11
6
4
9
3
0
7
3
-1
7
5
3
9
9
9
10
13
13
12
15
14
10
12
13
8
9
10
4
8
7
4
0
1
-1
-3
-4
-3
-5
-9
-5
-8
-9
-5
-9
-11
-5
-9
-12
-9
-10
-10
-7
-10
-11
-9
-11
-9
-9
-11
-7
-4
-8
-4
-1
-5
-3
-1
-3
-4
0
2
-2
0
1
-2
-1
0
-2
-2
2
2
1
0
1
0
-1
1
2
-1
3
5
2
5
3
2
2
3
3
2
3
4
3
1
2
1
1
-1
-2
-1
-3
-2
1
-3
-5
0
-4
-6
0
-3
-3
1
-2
-2
-1
-4
-1
0
-4
-1
-3
-6
-2
-3
-7
-4
-2
-2
-2
-2
1
-4
-3
3
-1
-1
2
-2
-1
1
-2
1
-1
0
3
-2
-1
3
1
0
4
0
-2
5
0
-3
1
-3
0
-4
-2
1
-6
-4
4
-1
-8
3
2
-6
2
6
-4
-2
6
-6
-6
6
0
-5
2
5
-7
-2
8
-6
-3
6
1
-5
2
6
-4
1
7
-1
-2
5
1
-5
8
1
-4
9
0
-5
4
1
-7
0
2
-9
2
7
-12
0
10
-12
-9
13
-1
-11
8
4
-8
3
5
-2
3
4
3
1
2
12
-5
-4
16
-2
-8
10
4
-4
-2
3
2
2
-4
0
6
-5
3
2
-2
9
-3
-8
10
9
-4
-6
13
8
-14
-2
19
0
-13
11
6
-3
1
-4
6
4
-8
8
1
-9
12
-7
-10
20
-11
-7
22
-13
-11
23
-4
-21
18
13
-20
0
18
4
-19
2
22
-22
1
14
-25
14
6
-30
26
7
-33
24
8
-28
22
16
-23
7
26
-11
-19
25
10
-24
7
17
-14
-5
15
1
-18
10
24
-37
3
50
-41
-10
50
-18
-17
19
9
-8
-8
21
5
-26
24
19
-36
20
33
-35
6
38
-28
-7
31
-10
-11
7
20
-10
-19
42
-15
-24
44
-34
-10
47
-47
-10
44
-36
-12
13
-16
12
-29
-9
37
-37
-7
18
-20
12
-11
-19
27
-12
-14
22
-18
3
16
-32
4
22
-18
-20
21
6
-28
14
1
-8
6
-10
5
4
-6
-7
14
-8
-27
41
-10
-49
52
-3
-54
54
-11
-43
60
-26
-37
54
-18
-28
16
-4
-2
3
-29
2
44
-52
-27
66
-31
-38
36
-12
-9
18
-42
14
38
-60
17
29
-42
19
0
-19
22
-8
-27
28
2
-34
27
-2
-28
25
-13
-16
28
-29
-10
35
-33
-4
26
-23
4
17
-18
0
28
-33
-4
43
-45
11
32
-50
42
4
-53
66
-8
-38
55
-25
-7
42
-40
20
36
-50
33
22
-43
41
2
-21
44
-18
0
47
-40
19
43
-44
31
18
-31
51
-22
-22
72
-47
-6
65
-55
29
37
-56
50
16
-38
44
1
-16
37
-12
-5
32
-6
-6
21
-5
-1
18
-23
9
29
-46
18
18
-42
32
-9
-12
16
-22
25
-16
-17
38
-32
-9
27
-29
-2
17
-25
3
4
9
-6
-29
44
3
-51
24
33
-38
-9
30
-17
-2
-5
-2
8
-16
6
-6
-13
16
-1
-44
41
-4
-56
55
-30
-26
39
-44
-11
35
-43
-19
49
-52
-3
38
-58
29
7
-46
41
-11
-32
41
-36
5
31
-74
55
13
-88
76
-21
-47
58
-44
8
17
-30
28
-40
23
36
-94
58
40
-111
73
20
-97
93
-28
-62
91
-59
-9
55
-66
44
3
-57
73
-39
-31
77
-63
0
64
-69
22
37
-52
48
-12
-23
57
-55
37
12
-56
88
-59
-8
89
-101
68
29
-80
104
-40
-11
64
-53
54
-8
-29
77
-54
13
72
-92
64
43
-108
93
6
-65
60
7
-36
25
26
-27
15
4
4
14
-36
35
5
-29
40
-33
6
52
-82
21
68
-93
16
63
-64
3
42
-41
10
-2
-4
15
-50
52
-7
-57
72
-37
-17
32
-21
6
1
-4
7
-6
2
3
-8
4
-2
-2
-3
13
-23
10
18
-37
10
30
-53
22
19
-53
52
-33
-13
46
-66
34
25
-70
42
35
-79
35
50
-107
80
15
-108
110
-19
-94
113
-46
-80
140
-94
-64
166
-118
-43
140
-108
-6
85
-92
26
43
-80
68
-18
-61
104
-44
-73
128
-51
-76
138
-79
-33
104
-76
8
41
-63
71
-17
-82
121
-39
-81
114
-50
-35
85
-67
-1
79
-89
21
74
-105
38
80
-133
72
47
-126
119
-31
-86
151
-95
-33
149
-148
37
122
-180
92
83
-192
160
-13
-136
187
-97
-62
171
-150
18
125
-180
109
24
-146
168
-74
-77
170
-145
14
107
-142
78
24
-99
103
-46
-49
116
-108
25
57
-97
87
-47
-29
76
-55
-10
42
-21
-17
32
-44
44
-29
-14
67
-105
62
36
-101
67
23
-78
74
-4
-82
127
-52
-52
106
-55
-5
31
3
-9
-15
53
-8
-55
77
-9
-29
39
-23
29
-3
-17
39
-21
5
30
-45
37
-7
-11
11
-15
5
-2
-9
20
-47
11
51
-90
29
39
-65
25
6
-61
65
-45
-33
41
-32
-1
-44
17
20
-86
32
20
-57
-9
15
3
-54
-5
58
-76
-10
67
-87
15
36
-76
40
2
-58
59
-27
-42
49
-18
-27
38
-43
35
22
-86
79
27
-116
114
16
-116
120
13
-78
78
20
-49
82
-18
-24
69
-36
42
-10
-23
94
-42
-27
94
-23
-35
82
-10
-32
48
13
7
-15
1
66
-27
-21
42
20
-23
24
-14
32
-3
-31
64
-62
36
25
-66
55
3
-66
58
11
-103
80
6
-95
54
-4
-29
-30
13
8
-73
32
-2
-60
17
8
-55
7
6
-36
1
-14
-12
-5
-15
-9
-19
-9
19
-33
-16
38
-24
-27
40
-20
-14
18
-5
8
-13
9
23
-24
8
35
-38
5
72
-59
6
59
0
-35
57
2
3
26
-9
52
-15
2
63
-38
2
74
-55
39
16
-26
59
-22
-22
99
-59
-34
124
-49
-33
53
-1
46
-80
36
86
-119
77
28
-108
127
-28
-74
77
-21
-10
15
-27
-9
38
-9
-60
15
68
-92
-19
58
-60
9
-25
-11
0
1
-54
-4
26
-27
-53
4
38
-53
-23
-24
73
-100
-5
66
-135
95
-20
-118
111
-7
-128
112
-9
-93
88
-19
-56
72
-65
47
-22
-54
108
-49
-64
88
-1
-72
104
-79
58
44
-105
93
1
-37
68
-67
32
88
-123
76
29
-30
22
-7
65
-21
-39
117
-14
-60
62
22
21
-65
24
105
-111
13
115
-134
70
36
-64
52
-16
19
4
-26
7
8
-14
-7
-50
95
-70
-87
166
-101
-37
94
-43
-38
56
34
-108
37
72
-124
28
71
-142
84
6
-119
82
21
-97
27
67
-75
2
48
-76
55
0
-91
58
22
-78
32
-25
2
39
-122
129
-7
-122
151
-34
-71
70
-5
-21
10
-22
41
-58
24
70
-147
85
76
-147
142
-21
-50
133
-99
20
68
-54
18
8
-46
86
-69
2
56
-97
141
-114
25
157
-186
19
234
-254
25
199
-216
95
18
-107
150
-129
26
90
-166
170
-24
-165
199
19
-195
69
157
-150
-77
221
-181
24
144
-264
180
62
-261
272
-88
-140
262
-125
-97
171
-54
-64
56
63
-71
-42
124
-37
-62
62
20
-7
-7
-46
121
-27
-133
156
-17
-129
152
-34
-95
103
0
-86
71
-48
20
26
-88
72
20
-99
10
97
-60
-65
43
79
-68
-39
16
94
-84
-76
149
-47
-72
73
-55
28
23
-119
115
20
-95
19
43
37
-63
-78
135
-6
-113
63
27
-49
37
-82
45
96
-167
82
64
-102
26
75
-82
2
35
-27
4
26
-94
37
113
-181
51
124
-173
106
79
-202
106
121
-202
49
128
-188
92
33
-97
48
16
-4
-76
71
75
-144
41
198
-259
78
148
-210
126
26
-130
52
98
-140
17
96
-121
26
144
-154
-52
270
-233
11
174
-211
121
2
-60
-14
-5
111
-146
-15
158
-139
-10
166
-158
-4
157
-84
-53
70
-18
-50
110
-63
-139
237
-101
-121
200
-76
-32
9
112
-84
-45
142
-158
34
167
-252
79
174
-280
154
62
-207
180
63
-196
124
47
-109
112
-77
-52
149
-73
-92
85
55
-138
66
84
-183
155
46
-200
178
-10
-151
172
-37
-114
133
-19
-83
82
-1
-115
146
24
-195
168
7
-119
136
-58
-95
199
-134
21
69
-178
176
-52
-94
149
-105
-20
128
-93
-56
85
44
-76
27
47
-100
75
37
-125
83
9
-50
43
-44
33
-14
-81
181
-77
-80
141
-90
22
75
-149
82
75
-147
101
-14
-102
101
14
-73
84
-35
-37
85
-71
21
14
-24
22
-15
-9
-2
9
-47
30
34
-32
-15
41
-22
5
17
-76
110
-30
-67
46
37
-64
-12
53
12
-66
53
-1
-70
124
-93
-48
158
-96
-57
88
-33
7
-46
18
16
3
-46
23
41
-89
34
0
2
39
-66
-17
95
-45
-58
67
-15
-18
21
17
-44
-27
103
-79
4
83
-98
95
-11
-97
153
-93
-47
151
-127
0
55
-70
32
-3
-36
81
-48
-30
103
-83
46
21
-45
73
7
-97
109
-31
-48
88
-63
-3
44
5
-97
116
-65
-24
101
-151
102
32
-179
156
2
-186
235
-98
-97
144
-74
12
18
-58
83
-45
-18
45
-23
8
17
-19
24
-8
-11
72
-78
26
33
-12
-63
32
72
-119
3
110
-119
-22
137
-147
38
58
-47
7
12
-33
81
-42
-35
118
-96
16
69
-100
64
65
-161
75
86
-154
64
1
-27
55
-71
41
-1
-53
133
-117
-15
111
-24
-115
95
41
-146
176
-86
-71
121
-38
-17
69
-95
97
-35
-1
22
-22
68
-88
-10
114
-72
-82
81
12
-32
-64
69
-9
-42
24
0
23
-38
7
52
-86
81
20
-96
102
-37
-46
67
-7
-42
33
-30
-2
-15
15
28
-107
82
23
-103
102
-39
-55
92
4
-98
95
-45
-18
95
-142
116
-6
-119
120
-30
-43
88
-55
1
55
-103
116
25
-160
127
24
-109
63
-14
-24
23
-12
-43
18
44
-126
85
24
-110
85
24
-95
28
101
-77
-3
95
-78
-26
130
-82
-4
45
-63
54
-2
-89
110
-26
-77
43
22
-16
-36
-8
87
-98
19
106
-237
209
-24
-200
275
-191
-26
182
-226
136
1
-94
114
-36
-74
99
-16
7
-23
-33
91
-52
-19
9
15
-53
63
-56
-45
81
-24
-75
99
-53
-41
183
-199
73
166
-141
37
84
1
-7
42
55
4
-28
17
157
-119
-60
272
-208
31
203
-224
121
88
-129
111
-20
16
0
-52
153
-132
-43
176
-188
70
-24
-59
120
-163
48
77
-170
113
-2
-84
91
-107
53
18
-60
1
-61
68
-91
-27
36
-106
-4
46
-115
55
-11
-68
88
-92
97
0
-81
66
37
-9
-56
8
73
-36
-117
120
-17
-90
84
-24
-101
157
-31
-107
93
8
-55
-24
48
-38
-65
-51
114
-155
-35
93
-128
-20
124
-102
-87
209
-89
-29
59
41
-45
22
70
-62
-40
149
-77
-66
161
-142
100
-3
-59
151
-150
101
44
-89
76
-20
8
67
-132
76
51
-93
24
-12
23
-45
-22
44
-63
0
31
-101
75
-2
-132
160
-152
32
41
-112
44
8
-116
6
87
-125
8
-3
-3
-31
125
-137
52
148
-139
114
92
-73
68
80
-63
174
-121
83
53
-17
77
-52
82
18
44
18
5
80
0
33
92
-107
78
78
-105
82
-14
-52
45
-6
-16
31
-93
106
-22
-34
39
-30
79
-73
42
6
-65
113
-139
54
-34
-25
-6
-65
36
-52
-35
26
-2
-71
115
-112
73
-30
25
22
-26
-1
-75
150
-103
-107
171
-126
-52
141
-165
122
-58
-103
203
-128
-44
113
-119
44
-52
-45
89
-202
77
-10
-112
29
16
-58
-73
157
-66
-92
235
-157
12
155
-140
82
1
-57
88
-22
-106
177
-123
28
63
-55
109
-81
42
31
-43
48
-15
-54
90
-88
27
11
-36
16
28
-56
33
54
-63
-50
101
-22
-78
97
-66
-2
25
-31
36
-73
63
-47
-45
71
-43
-62
-18
61
-43
-47
27
-12
-26
19
22
-61
66
1
-47
44
17
29
1
-23
32
72
-69
5
64
-42
-10
110
-108
26
64
-75
134
-71
-27
112
-62
4
-2
-15
24
-44
27
-21
-30
62
-65
42
46
-72
65
21
28
-77
76
32
-117
170
-62
-96
156
-65
-63
90
-57
10
3
-61
92
-91
0
68
-55
67
-97
83
76
-164
80
12
-39
0
-61
20
1
-23
12
-33
18
64
-7
19
-13
43
75
-94
29
-21
41
-5
-154
126
-11
-154
140
-19
-126
226
-119
-46
162
-76
50
-63
12
108
-138
-1
91
-82
-28
40
21
-56
15
50
16
-60
70
-2
12
-4
-12
40
-95
124
-55
-111
137
-121
43
-13
-64
54
9
-84
55
78
-182
168
-3
-76
123
-58
10
19
-37
26
-12
9
-21
-7
-24
37
39
-68
31
24
47
-86
54
-5
-63
63
-35
-3
-30
43
-37
-10
47
-17
-2
7
4
-14
-4
40
-54
-9
42
28
-51
31
54
-39
-4
13
70
-32
-100
72
17
-67
76
-52
-7
16
-3
37
-44
-31
96
-133
37
119
-223
158
-32
-91
169
-98
2
56
-78
57
15
-12
-29
-44
88
-21
-4
-29
44
93
-164
114
46
-134
28
34
-109
57
-39
-51
51
-66
91
-28
-18
81
-37
-5
24
21
-40
-61
129
-84
-14
33
-21
29
-55
66
-42
-9
62
-31
-79
91
-16
-46
80
-108
37
69
-31
-52
62
-26
-15
-15
65
-94
-14
128
-136
35
73
-42
0
41
-54
37
-13
32
-77
35
15
-8
46
-64
78
-33
2
62
-55
5
14
-47
90
-152
61
89
-168
63
7
-2
9
-31
-5
71
-60
13
9
-13
21
-76
104
-47
-41
94
-53
18
4
18
-23
-6
21
-65
52
38
-73
-36
131
-32
-78
87
-62
63
-17
-36
63
-12
-9
25
28
-33
17
0
4
-8
-11
54
-115
95
-12
-70
67
-44
7
61
-110
74
42
-71
63
-13
-44
68
-23
-60
66
-21
-6
-14
68
-68
24
54
-77
30
11
-22
11
-8
14
-29
13
10
-5
1
-50
57
5
-42
40
0
-58
122
-83
-71
176
-154
34
26
-61
78
-38
-22
64
-41
7
13
-36
91
-97
19
92
-61
7
30
-13
-5
20
-35
18
14
-16
-27
36
17
9
-67
60
67
-74
-13
47
58
-69
6
27
-5
30
-69
34
17
-43
61
-51
63
-31
-8
63
-99
72
-33
-53
76
-79
17
30
-65
56
-20
-45
75
-23
-88
123
-43
-52
18
30
-64
-19
12
-73
67
-104
2
71
-113
38
29
-88
46
-15
-28
64
-115
61
27
-97
98
-81
-20
16
-15
23
-127
119
-22
-84
153
-110
21
76
-114
72
-50
-45
126
-144
39
104
-137
151
-66
-13
149
-133
67
63
-115
74
20
-87
35
36
-3
-39
42
73
-101
71
27
-52
79
-26
-20
53
-10
-43
63
17
-28
54
-4
10
-1
-11
12
-76
81
-28
-37
30
-55
75
-74
24
30
-84
88
-36
-70
104
-68
-65
143
-42
-62
85
-55
-6
44
-95
60
4
-36
8
50
-17
-44
30
-12
96
-105
-16
127
-69
-5
56
-24
17
38
-7
-20
9
95
-89
15
107
-51
32
-27
11
-5
-8
13
-82
110
-46
-3
120
-117
111
2
-20
26
-32
16
-5
-66
70
-10
-45
40
-21
21
7
-39
19
17
-16
-31
6
23
-112
25
13
-79
27
-31
-32
34
-4
-1
-29
43
-9
-54
47
-42
-88
71
-52
-32
-15
6
-22
-24
63
-70
-43
73
-12
-118
96
-37
-9
-16
-37
103
-112
13
67
-54
41
28
-35
-20
95
-82
9
32
-48
56
-75
19
45
-48
27
50
-12
12
23
3
-36
4
31
-72
70
11
-40
92
-49
54
-5
-13
123
-93
-38
96
-84
24
-16
-72
132
-84
-31
135
-111
36
40
-47
47
-14
3
-47
18
14
-3
-2
-12
32
19
-42
-23
-7
27
22
-130
124
7
-68
88
-74
61
22
-114
44
55
-77
19
48
-72
129
-72
35
65
-135
56
39
8
-88
62
79
-70
28
15
-32
-18
35
-45
30
57
-67
39
6
33
-31
21
-28
25
48
-111
87
-9
-13
73
-49
56
-36
-78
84
-36
-33
15
-53
81
-23
-6
44
13
-26
7
49
-61
-28
4
-26
8
5
18
19
-64
39
99
-128
39
22
-99
95
-48
-34
31
-29
26
-27
-31
40
30
-31
-14
-15
45
-34
-64
118
-81
11
13
0
16
-41
-60
125
1
-126
184
-151
98
-32
-14
49
-111
72
-42
-36
128
-101
-14
189
-106
-12
58
-88
31
79
-142
11
75
-79
35
26
-45
97
-12
-39
43
-29
14
-68
16
41
-78
54
-25
-39
95
-76
1
64
-83
35
36
-31
7
8
18
-90
62
42
-145
104
-17
-98
164
-69
-81
88
38
-53
-12
-3
-26
66
-47
31
81
-43
25
-53
73
-25
-75
125
-30
-99
151
-99
-40
176
-179
61
119
-87
-12
26
23
17
-72
49
15
-23
-6
2
-4
11
23
-94
121
-9
-100
22
81
-8
-102
126
-39
9
-49
65
10
-190
170
-79
-35
216
-122
-79
105
87
-182
63
55
-191
187
-54
-95
133
-96
-56
195
-142
-16
222
-278
109
22
-6
-3
-94
171
-96
-61
84
-28
-10
-68
49
10
-80
101
-115
68
-54
0
107
-109
32
98
-110
64
-39
-50
53
-157
54
27
-147
110
-98
-9
87
-165
126
-134
12
135
-254
151
-83
-64
106
-154
192
-175
-46
199
-175
90
51
-150
164
-1
-129
155
-32
36
78
-11
153
-103
15
117
-192
123
38
-77
149
-129
148
7
-176
230
-168
0
112
-184
108
-33
-90
130
-101
-55
258
-230
31
100
-111
107
-97
129
-64
13
70
-28
157
-209
131
126
-178
143
-49
-87
119
-80
5
53
-170
213
30
-136
124
101
-30
8
90
22
-52
51
-8
32
-14
-29
-59
22
71
-229
214
-80
-134
319
-176
-29
251
-229
107
54
-171
157
-151
-71
183
-145
-92
195
-174
150
-74
7
126
-148
33
11
52
-130
15
-21
33
-48
-43
90
-183
98
-150
-11
78
-170
226
-123
-40
55
-106
56
-171
-16
13
-91
4
-37
-27
-66
143
-68
57
33
-51
124
57
63
33
136
46
44
-56
31
-100
-110
145
-265
5
87
-53
29
-38
184
-97
-7
113
-125
53
-73
35
93
-143
64
65
-172
122
66
-320
211
35
-205
204
-112
-45
176
-61
-42
106
-62
40
76
-102
133
-54
-33
117
-95
175
-132
-24
210
-176
203
-73
-83
221
-62
-59
32
51
-52
33
-67
80
79
-82
62
-39
76
-6
-55
94
-70
-23
112
-107
-103
24
-12
-111
-114
26
-82
-71
35
66
-184
75
103
-206
171
-89
-68
67
0
32
-95
108
43
-127
136
-34
-123
149
-87
-125
127
-52
-46
115
-5
80
63
14
152
-62
57
79
-103
13
-39
-51
-35
-84
35
9
89
15
-1
122
52
104
-52
108
61
-154
116
2
-120
-38
-21
-74
26
-55
-67
97
-29
95
20
-16
23
-41
62
16
-64
-86
6
-55
-198
-12
-48
-248
97
-15
-165
95
-48
42
71
-32
47
-25
7
83
-50
-65
74
-18
-38
99
-42
-52
138
68
-6
94
14
-2
120
72
19
9
117
65
-96
73
-38
-81
-57
-84
16
-95
-24
75
-55
0
86
-28
31
-3
4
41
-23
2
9
-10
10
14
-16
57
46
-100
42
2
-73
53
-51
8
-23
-30
34
-51
-50
30
-84
-43
50
-120
6
70
-9
43
32
74
-33
19
170
-78
93
85
-58
51
-10
18
42
-66
24
33
-70
59
-23
-76
39
17
-5
-30
-56
-23
-2
-9
66
31
-44
17
118
-6
-39
-12
-49
-40
-98
0
-106
-110
-15
-48
-25
-49
-6
1
-22
117
0
-6
87
-44
58
79
32
67
36
98
60
40
104
7
92
63
-19
64
-34
-43
-29
-53
-36
-45
-64
-89
2
-128
-43
8
-97
-1
-17
3
-48
19
53
-47
12
23
-73
-24
12
-55
-1
-29
-5
7
-16
-8
-46
-20
-52
-54
-39
-70
-101
-90
-49
-43
-75
-50
-27
-56
-2
-30
-18
-69
-40
-30
-98
-47
-39
-55
-99
-65
-80
-134
-92
-61
-78
-25
6
-49
50
36
-4
109
58
30
79
78
64
55
69
72
128
102
132
176
194
283
333
448
462
525
590
647
749
789
858
890
995
1007
1068
1065
1036
1068
946
792
491
102
-399
-923
-1247
-1614
-1945
-2184
-2419
-2506
-2551
-2517
-2395
-2168
-1891
-1605
-1281
-966
-721
-532
-297
-67
90
218
304
425
482
542
645
650
695
787
791
824
860
880
926
955
1087
1205
1345
1604
1855
2103
2378
2603
2970
3355
3786
3813
2733
1990
1538
349
-387
-900
-1746
-2514
-2987
-3096
-3602
-3943
-4102
-3977
-3386
-2790
-2172
-1801
-1302
-644
-316
45
481
699
855
1122
1466
1418
1036
834
544
193
99
-312
-860
-1107
-1380
-1734
-1928
-2062
-2124
-2068
-1835
-1497
-1201
-906
-487
52
635
1106
1313
1550
1828
2138
2343
2482
2618
2599
2650
2724
2832
2968
3023
3296
3700
4170
4575
3120
1514
1118
-318
-1562
-2018
-2765
-3687
-4300
-4091
-4277
-4705
-4676
-4286
-3306
-2121
-1014
-474
66
879
1409
1634
1868
2120
1931
1733
2171
1891
1060
629
-19
-705
-1055
-1449
-2282
-2807
-2897
-3137
-3421
-3546
-3449
-3274
-2772
-1981
-1269
-646
59
805
1577
2253
2538
2668
2837
3044
3027
2859
2594
2359
2195
1992
1938
1849
1799
1982
2269
2569
3031
3523
4063
2830
1134
854
-400
-1880
-2316
-2549
-3345
-4012
-3672
-3614
-4027
-3893
-3318
-2402
-1271
-222
337
720
1442
1817
1641
1707
1966
1617
1126
1284
1041
145
-512
-1021
-1737
-2225
-2745
-3500
-4017
-3959
-3946
-4029
-3556
-2893
-2372
-1621
-700
172
954
1577
2264
2893
3151
3110
2927
2702
2560
2309
1943
1694
1526
1232
1059
1017
1098
1267
1361
1791
2585
3154
3891
4500
2857
1374
1175
-221
-1438
-1637
-1979
-2819
-3245
-2769
-2957
-3596
-3634
-2926
-2000
-963
-23
392
641
1211
1580
1274
1383
1596
1067
765
1079
659
-461
-1049
-1561
-2155
-2412
-2794
-3472
-3925
-3866
-3914
-3844
-3450
-2803
-2115
-1409
-392
529
1077
1609
2342
3004
3144
2937
2704
2362
2145
1824
1453
1124
840
644
435
529
602
852
1119
1689
2465
3168
3855
4531
5519
4261
2343
1962
641
-859
-1365
-1655
-2638
-3639
-3394
-3708
-4365
-4345
-3796
-2879
-1863
-544
129
439
1021
1498
1471
1545
1987
1593
1113
1347
1005
-106
-843
-1456
-2214
-2644
-2821
-3214
-3701
-3884
-3997
-3920
-3603
-2991
-2285
-1590
-666
338
1070
1574
2256
2724
2811
2811
2601
2284
1816
1538
1321
980
756
509
345
411
779
1217
1591
2161
2894
3360
4145
4939
5906
5849
3488
2351
1693
-160
-1416
-2001
-2761
-4143
-4518
-4239
-4719
-5178
-5020
-3862
-2645
-1377
-267
278
736
1510
1962
1860
2139
2189
1483
1309
1375
587
-640
-1419
-2129
-2634
-2897
-3269
-3713
-3938
-3921
-3702
-3343
-2898
-2190
-1516
-930
242
1238
1626
2169
2793
3120
3092
2833
2495
2014
1602
1326
1028
641
266
-80
-246
47
468
762
1212
1878
2601
3180
3991
4851
5797
6317
4334
2615
2105
313
-1532
-2310
-2857
-4240
-5019
-4678
-4878
-5442
-5375
-4197
-2823
-1449
-155
650
1143
1891
2417
2252
2293
2434
1662
1193
1238
493
-723
-1601
-2266
-2835
-3124
-3448
-3819
-3845
-3626
-3303
-3121
-2931
-2364
-1594
-753
410
1491
2012
2365
2975
3425
3333
2777
2343
1994
1544
1192
717
248
-214
-455
-295
-77
256
712
1296
2066
2955
3620
4121
4899
6023
6819
4913
2735
2121
210
-1884
-2656
-3161
-4573
-5530
-5086
-5142
-5709
-5778
-4633
-3126
-1743
-237
717
1182
1862
2542
2494
2533
2716
1900
1426
1501
961
-180
-1215
-1957
-2673
-3079
-3395
-3664
-3697
-3666
-3265
-2948
-2831
-2424
-1741
-947
138
1420
1949
2110
2730
3005
2883
2461
2057
1693
1341
1107
872
491
-132
-335
-295
-113
298
820
1368
2028
2788
3345
3481
3981
4902
6066
7164
5278
2621
1645
-307
-2289
-3040
-3432
-4908
-6071
-5463
-5368
-5943
-6335
-5177
-3302
-1856
-233
1065
1526
1916
2612
2878
2842
2767
2022
1567
1644
1119
-107
-1487
-2600
-2992
-3069
-3229
-3302
-3207
-3332
-3268
-2641
-2285
-2072
-1285
-270
797
1843
2116
2067
2578
2899
2818
2593
2102
1678
1178
781
523
14
-697
-1006
-826
-502
-160
199
642
1360
2071
2497
3002
3789
4725
5794
7172
6333
3113
1602
471
-1446
-2514
-3057
-4214
-5859
-5816
-5302
-5832
-6406
-5670
-3761
-2243
-613
837
1319
1630
2448
3090
3024
3030
2606
1971
1979
1658
543
-864
-1873
-2284
-2260
-2496
-2820
-3029
-3330
-3269
-2568
-2100
-1818
-1232
-532
307
1208
1684
1853
2168
2662
2787
2446
1789
1190
706
254
58
-172
-756
-1274
-1226
-942
-658
-354
150
850
1624
2411
3003
3529
4272
5084
5974
6916
5481
2615
1502
385
-1527
-2867
-3497
-4688
-5967
-5677
-5259
-5704
-6116
-4979
-3068
-1660
-244
1137
1872
2293
3133
3528
3253
3104
2620
2127
1812
1142
54
-1108
-1890
-2281
-2542
-3029
-3366
-3313
-3324
-3044
-2418
-2036
-1723
-1030
-333
366
1336
1829
2170
2644
2923
2790
2265
1838
1431
911
408
-102
-652
-1272
-1663
-1673
-1529
-1343
-1012
-438
321
1320
2169
2729
3374
4015
4906
5712
6680
6579
3895
2012
1101
-739
-2571
-3583
-4251
-5524
-5720
-5260
-5333
-5817
-5634
-3929
-2250
-767
811
1855
2255
2805
3487
3306
3124
2886
2282
1970
1647
912
-284
-1410
-2229
-2575
-2875
-3208
-2982
-2928
-2978
-2488
-2216
-1997
-1311
-467
307
1305
1965
2078
2149
2342
2281
2030
1666
1201
620
-49
-652
-1053
-1468
-1861
-1902
-1787
-1524
-1011
-445
167
1041
1788
2327
2965
3811
4498
5274
5996
7005
6321
3362
1998
858
-1164
-2765
-3216
-3835
-5236
-5350
-5137
-5357
-5895
-5349
-3398
-1902
-532
942
1889
2073
2546
3148
3025
3050
2733
2210
1927
1296
496
-601
-1642
-2266
-2326
-2493
-2814
-2710
-2913
-3119
-2684
-2296
-1834
-1083
-435
173
935
1301
1403
1879
2213
2324
2138
1594
962
319
-320
-735
-928
-1290
-1685
-1804
-1704
-1387
-1001
-581
67
961
1906
2750
3414
4013
4481
5135
5907
7196
6968
3886
2304
1426
-532
-2219
-2846
-3459
-4985
-5338
-4915
-5079
-5928
-5947
-4153
-2639
-1389
114
1222
1444
1956
2805
2917
2933
2611
2184
2152
1851
1186
215
-881
-1801
-1863
-1924
-2375
-2490
-2621
-2766
-2409
-2015
-1852
-1522
-1149
-502
372
761
988
1273
1590
1570
1438
1155
515
182
-36
-306
-513
-1026
-1559
-1709
-1468
-1117
-694
-186
286
1278
2215
2848
3403
3934
4480
5294
6187
7112
7125
4401
2422
1638
-187
-2038
-2958
-3389
-4846
-5499
-5213
-5336
-6037
-6380
-4627
-2922
-1935
-473
929
1508
1824
2800
3032
2823
2501
2169
2343
2096
1586
741
-331
-1378
-1854
-1970
-2353
-2385
-2284
-2490
-2324
-2184
-2111
-1994
-1643
-1030
-223
378
549
884
1177
1117
1027
995
852
683
556
235
-129
-626
-1219
-1286
-1020
-754
-485
-76
330
902
1601
2335
3013
3440
4004
4622
5455
5943
6675
6279
3442
2022
1166
-643
-2321
-3096
-3700
-5129
-5473
-5126
-5154
-5845
-5885
-4053
-2550
-1569
-219
1072
1487
1688
2418
2599
2469
2057
1947
2276
1982
1219
427
-440
-1324
-1359
-1151
-1509
-1733
-1873
-2127
-2163
-2179
-2135
-2055
-1899
-1414
-690
-332
-329
-8
536
757
839
938
844
571
246
25
-93
-462
-817
-496
-212
-240
-118
211
628
1232
2107
2796
3180
3449
3846
4419
4975
5329
6147
5441
2970
1903
905
-972
-2544
-2990
-3488
-4466
-4587
-4454
-4485
-5197
-5159
-3535
-2389
-1678
-433
953
1265
1357
1782
1975
1968
1556
1718
2185
1754
1023
765
235
-789
-978
-879
-1108
-1244
-1398
-1565
-1731
-2042
-2098
-1950
-2196
-2242
-1625
-1189
-1004
-528
-69
-92
-63
411
697
642
430
462
686
389
219
481
297
-25
296
925
1199
1467
1925
2266
2502
2725
3192
3714
4226
4715
5646
5135
2712
1387
499
-894
-2068
-2386
-2716
-3554
-3960
-3801
-3632
-4412
-4719
-3313
-2164
-1636
-541
665
689
465
900
1258
1234
721
813
1423
1230
780
813
498
-373
-490
-130
-259
-600
-783
-789
-964
-1513
-1799
-1864
-2313
-2520
-1816
-1329
-1428
-1168
-635
-493
-335
142
493
557
532
759
1106
924
661
666
601
449
658
1023
1133
1331
1599
1929
2191
2229
2496
2959
3422
3884
4721
4836
2971
1603
989
4
-1228
-1854
-1903
-2537
-3033
-2911
-2631
-3264
-4141
-3643
-2788
-2312
-1593
-418
131
-164
-136
122
222
-133
-108
741
1190
1182
1361
1379
645
98
327
517
357
208
41
-363
-1108
-1634
-1891
-2479
-2942
-2723
-2100
-1865
-1709
-1240
-1073
-897
-508
56
519
659
844
1230
1348
1028
831
843
734
729
924
1143
1131
1159
1457
1815
2036
2236
2685
3158
3649
4325
4982
4078
2543
1811
1150
94
-897
-1214
-1650
-2309
-2550
-2422
-2744
-3900
-4276
-3509
-2904
-2424
-1538
-876
-971
-1031
-567
-141
-130
-280
259
1054
1414
1657
1868
1554
937
871
1061
963
541
63
-389
-919
-1653
-2272
-2770
-3387
-3597
-2941
-2298
-2008
-1644
-1163
-743
-542
-62
433
644
726
1041
1474
1407
1072
913
737
482
588
946
1198
1448
1780
2106
2320
2383
2518
2852
3342
4017
4878
4517
3117
2002
1074
103
-781
-1144
-1463
-1879
-2145
-2260
-2570
-3506
-4175
-3916
-3248
-2673
-1896
-1262
-1121
-1080
-833
-429
-228
-252
105
835
1346
1606
1892
1766
1263
1007
972
766
366
-43
-405
-693
-1126
-1682
-2295
-2958
-3268
-2854
-2120
-1635
-1262
-964
-727
-445
-190
36
265
416
651
1107
1278
975
620
417
342
523
896
1291
1566
1806
2054
2375
2472
2466
2636
2995
3558
4214
4325
3355
2168
1213
399
-320
-906
-1348
-1692
-1974
-2152
-2258
-2725
-3460
-3711
-3432
-3067
-2493
-1881
-1489
-1137
-886
-508
-233
-286
-320
120
803
1305
1805
1938
1587
1207
951
848
671
368
7
-130
-299
-719
-1218
-1873
-2490
-2599
-2236
-1828
-1499
-1356
-1140
-851
-639
-484
-325
-223
-41
359
730
785
613
424
387
507
809
1140
1433
1636
1820
2129
2328
2323
2284
2400
2660
3031
3507
3728
3099
2165
1440
808
107
-594
-1043
-1301
-1470
-1604
-1725
-2181
-2943
-3435
-3337
-2931
-2545
-2065
-1690
-1368
-1064
-830
-574
-518
-493
-106
603
1080
1355
1496
1371
1168
1002
896
722
407
60
-184
-476
-1030
-1509
-1821
-2096
-2139
-1809
-1455
-1301
-1180
-994
-771
-615
-456
-274
-109
19
246
532
554
471
468
519
647
820
1026
1230
1478
1726
1927
2119
2125
2110
2219
2478
2692
3019
3280
2871
2211
1542
956
380
-197
-547
-834
-1195
-1555
-1748
-2045
-2657
-3009
-2998
-2806
-2507
-2124
-1730
-1411
-1095
-817
-432
-253
-233
94
628
1051
1288
1467
1364
1088
887
797
596
187
-353
-682
-930
-1323
-1553
-1725
-1921
-1917
-1635
-1291
-1105
-1013
-922
-733
-519
-385
-194
-17
119
315
553
584
467
462
540
753
1036
1281
1511
1621
1672
1765
1879
1823
1854
1995
2217
2491
2787
2886
2347
1689
1150
714
279
-190
-583
-943
-1244
-1522
-1729
-2025
-2429
-2599
-2477
-2227
-1966
-1631
-1345
-949
-575
-298
-78
-12
1
203
548
759
868
959
836
673
502
203
-116
-492
-860
-1139
-1269
-1478
-1630
-1609
-1656
-1545
-1297
-1042
-821
-665
-591
-432
-274
-254
-137
-35
31
155
294
332
378
502
655
907
1214
1435
1591
1717
1761
1838
1998
2033
2062
2221
2347
2595
2873
2634
1986
1433
969
563
85
-444
-885
-1175
-1489
-1639
-1746
-2153
-2450
-2415
-2171
-1849
-1382
-1041
-715
-331
-93
100
225
112
96
324
496
539
553
416
165
-41
-268
-575
-961
-1352
-1563
-1597
-1752
-1910
-1793
-1722
-1607
-1331
-955
-669
-489
-342
-126
100
94
94
157
212
157
240
380
378
463
608
836
1049
1219
1382
1624
1815
1907
2165
2274
2294
2376
2540
2731
3007
3078
2484
1876
1272
696
139
-479
-893
-1168
-1391
-1695
-1686
-1944
-2408
-2466
-2218
-1794
-1376
-896
-520
-198
-50
53
228
99
-65
52
216
224
260
248
-57
-289
-547
-871
-1165
-1499
-1722
-1782
-1862
-1929
-1792
-1719
-1696
-1445
-1053
-683
-417
-226
-55
36
35
34
117
89
14
98
298
411
475
657
796
1010
1246
1544
1962
2170
2304
2479
2582
2596
2639
2811
3028
3366
3275
2563
1854
1107
426
-237
-820
-1201
-1443
-1620
-1817
-1801
-2106
-2453
-2420
-2090
-1638
-1202
-644
-268
50
162
223
275
51
-128
-70
15
-38
-12
-83
-335
-625
-1008
-1344
-1619
-1791
-1890
-1859
-1836
-1836
-1668
-1586
-1494
-1230
-867
-498
-177
126
263
257
186
166
257
232
245
329
455
525
669
907
968
1036
1213
1518
1902
2213
2417
2585
2697
2768
2987
3182
3477
3597
2964
2181
1585
879
-46
-848
-1336
-1719
-1940
-2081
-2010
-2137
-2556
-2558
-2262
-1926
-1574
-901
-357
85
390
452
423
124
-216
-255
-80
-93
-113
-68
-342
-731
-1072
-1450
-1871
-2127
-2098
-1886
-1652
-1687
-1601
-1401
-1427
-1195
-737
-313
-26
360
628
673
499
227
246
262
231
363
561
563
543
728
832
881
1057
1353
1794
2268
2590
2857
3038
3032
3227
3543
3890
3964
3217
2468
1666
785
-196
-1120
-1640
-2154
-2366
-2539
-2456
-2694
-2982
-2775
-2489
-2047
-1618
-911
-347
181
458
468
433
36
-183
-169
-113
-193
-269
-416
-818
-1080
-1481
-1954
-2255
-2431
-2265
-1953
-1709
-1507
-1164
-955
-749
-332
-25
324
684
952
1073
968
676
398
306
172
128
205
261
319
434
605
697
892
1078
1412
1832
2123
2467
2755
3014
3217
3583
4019
4251
3681
2652
1933
1044
106
-802
-1398
-1882
-2330
-2542
-2661
-2722
-3103
-2934
-2372
-1890
-1436
-812
-242
133
450
528
455
145
-250
-269
-220
-485
-738
-887
-1264
-1588
-1725
-1976
-2300
-2380
-2199
-1830
-1518
-1426
-1041
-526
-254
177
668
872
1002
1266
1366
1228
865
462
331
202
6
10
13
-124
-74
194
380
531
826
1245
1715
2148
2393
2721
2977
3145
3598
4167
4595
3993
2868
1920
928
-82
-1182
-1819
-2316
-2599
-2684
-2731
-2764
-3267
-3093
-2511
-1771
-1069
-366
301
632
922
809
607
177
-335
-379
-326
-547
-953
-1160
-1607
-2027
-2219
-2415
-2475
-2431
-2094
-1636
-1332
-1283
-1040
-449
-129
308
884
1261
1443
1573
1600
1368
961
497
395
295
73
50
75
-25
-105
41
180
421
793
1310
1919
2301
2546
2827
3156
3344
3582
4098
4510
3871
2598
1594
467
-781
-1909
-2517
-2801
-3089
-3088
-2867
-2774
-3124
-2837
-2014
-1344
-597
317
1124
1448
1439
1167
797
241
-417
-541
-624
-1112
-1563
-1744
-2160
-2640
-2914
-3093
-2929
-2570
-2077
-1452
-1087
-932
-505
89
413
776
1218
1531
1803
1915
1727
1319
799
342
193
112
-83
-91
-37
-82
-18
141
251
521
1033
1600
2185
2590
2801
3155
3392
3604
3913
4345
4449
3409
2187
1093
-121
-1409
-2557
-3065
-3366
-3501
-3430
-3168
-3096
-3163
-2398
-1416
-589
85
960
1636
1898
1862
1389
926
210
-406
-655
-1037
-1690
-2226
-2422
-2787
-2996
-3138
-3205
-2961
-2488
-1873
-1335
-897
-612
62
749
998
1311
1533
1654
1710
1703
1379
899
428
77
18
-212
-464
-443
-293
-117
109
333
485
924
1565
2161
2655
2893
3059
3375
3634
3758
3978
4367
4156
2852
1587
497
-786
-2066
-3061
-3343
-3511
-3631
-3494
-3184
-3111
-2992
-1935
-837
-45
708
1536
2043
2092
1756
1285
804
18
-537
-806
-1440
-2332
-2818
-3073
-3486
-3627
-3511
-3173
-2591
-2002
-1297
-677
-362
1
790
1367
1467
1646
1766
1726
1543
1253
825
382
4
-132
-66
-263
-424
-281
-51
149
382
601
842
1274
1864
2388
2746
2908
3109
3397
3758
4038
4454
4527
3201
1714
761
-356
-1768
-2927
-3453
-3715
-3763
-3740
-3384
-3197
-3193
-2172
-848
-1
567
1459
2032
2118
1945
1326
728
10
-604
-1022
-1498
-2343
-2940
-3013
-3326
-3402
-3324
-3137
-2580
-1885
-1190
-602
-200
160
700
1278
1430
1509
1595
1608
1533
1365
984
426
107
-132
-179
-279
-352
-183
67
249
427
635
749
1131
1738
2231
2597
2808
3104
3335
3537
3808
4198
4500
3480
2020
986
-162
-1400
-2498
-3117
-3501
-3731
-3714
-3379
-3005
-2988
-2234
-986
-152
477
1218
1729
1836
1640
1114
568
-32
-800
-1257
-1764
-2522
-3119
-3253
-3366
-3437
-3306
-3041
-2458
-1748
-1151
-598
-130
246
787
1350
1481
1467
1545
1520
1447
1229
842
441
178
46
16
-14
-114
62
315
521
692
868
1124
1407
1837
2227
2481
2673
2907
3181
3372
3541
3983
4289
3325
1800
734
-260
-1397
-2509
-3003
-3262
-3533
-3545
-3236
-2914
-2835
-1997
-695
169
654
1165
1668
1652
1306
727
175
-455
-1155
-1566
-2092
-2823
-3469
-3550
-3455
-3379
-3046
-2613
-1987
-1319
-779
-274
42
256
649
1208
1405
1386
1413
1347
1230
1021
760
502
344
282
327
377
327
426
639
744
821
1098
1401
1669
1950
2183
2391
2492
2663
2924
3225
3468
3910
3885
2631
1293
385
-597
-1742
-2560
-2913
-3079
-3216
-3274
-2961
-2738
-2407
-1398
-270
234
667
1269
1510
1320
793
154
-457
-1091
-1744
-2164
-2647
-3284
-3443
-3319
-3315
-3176
-2636
-2016
-1365
-783
-379
-3
247
402
646
830
823
916
1138
1132
994
880
751
677
668
669
775
896
968
1049
1102
1044
1153
1448
1693
1915
2114
2417
2574
2676
2819
2954
3229
3692
3918
2953
1485
535
-362
-1448
-2393
-2909
-3029
-3119
-3177
-2911
-2656
-2422
-1571
-465
30
285
803
1044
951
478
-171
-668
-1217
-1915
-2334
-2678
-3156
-3215
-2987
-2932
-2825
-2458
-1969
-1380
-922
-632
-267
-11
105
236
345
352
504
769
894
968
1034
1028
1035
1022
992
1133
1348
1514
1613
1554
1410
1390
1548
1724
1953
2188
2379
2551
2710
2759
2805
3019
3398
3730
3063
1688
759
-108
-1298
-2191
-2658
-2868
-2926
-2945
-2924
-2763
-2517
-1884
-861
-256
-80
471
721
468
105
-402
-957
-1280
-1749
-2263
-2572
-2922
-3023
-2772
-2726
-2718
-2240
-1705
-1273
-875
-589
-339
-40
137
105
132
109
182
452
584
635
807
975
1031
992
997
1144
1393
1686
1838
1861
1777
1709
1727
1820
1921
2095
2420
2519
2574
2722
2873
3110
3507
3628
2861
1783
925
19
-1102
-2018
-2418
-2528
-2682
-2935
-2869
-2761
-2459
-1814
-1025
-593
-265
229
379
89
-451
-878
-1180
-1501
-2078
-2466
-2633
-2838
-2803
-2548
-2464
-2370
-1892
-1348
-955
-755
-566
-235
34
95
114
201
131
112
275
357
439
673
920
1049
1047
1066
1277
1515
1710
1903
2037
2040
1991
1975
1943
1952
2104
2351
2494
2502
2520
2621
2876
3247
3280
2525
1626
996
162
-901
-1733
-2138
-2274
-2427
-2645
-2731
-2628
-2342
-1749
-1205
-936
-544
21
141
-159
-664
-1127
-1423
-1698
-2247
-2677
-2813
-2845
-2747
-2655
-2619
-2417
-1870
-1349
-949
-654
-416
-96
111
115
140
291
407
427
432
407
445
674
924
1042
1088
1193
1390
1576
1691
1860
2014
2142
2176
2111
2052
2057
2171
2289
2375
2478
2597
2655
2821
3189
3134
2352
1552
1065
300
-749
-1492
-1773
-2001
-2350
-2604
-2571
-2480
-2241
-1675
-1185
-1057
-833
-362
-232
-525
-935
-1238
-1450
-1841
-2363
-2696
-2856
-2910
-2800
-2634
-2502
-2292
-1857
-1387
-1082
-787
-472
-120
-9
-86
13
257
438
476
505
509
560
671
899
990
997
1120
1402
1615
1671
1828
2003
2113
2133
2174
2173
2213
2280
2341
2418
2392
2391
2512
2700
2996
3060
2477
1730
1201
498
-426
-1092
-1373
-1643
-1985
-2298
-2460
-2368
-2217
-1849
-1402
-1149
-906
-517
-483
-781
-1036
-1254
-1452
-1759
-2212
-2521
-2630
-2693
-2730
-2664
-2533
-2317
-1899
-1504
-1246
-940
-625
-320
-179
-203
-91
160
355
424
470
521
617
747
913
1001
1045
1162
1367
1533
1664
1839
1992
2106
2165
2169
2138
2153
2220
2292
2345
2394
2386
2429
2556
2770
2810
2352
1719
1221
547
-194
-754
-1094
-1401
-1794
-2054
-2231
-2229
-2067
-1828
-1519
-1248
-978
-688
-711
-973
-1184
-1332
-1477
-1743
-2125
-2365
-2440
-2471
-2547
-2560
-2440
-2232
-1940
-1528
-1257
-1025
-768
-569
-431
-364
-178
118
281
400
494
585
666
743
927
1076
1150
1312
1476
1547
1626
1778
1961
2065
2145
2182
2154
2162
2188
2198
2256
2318
2311
2342
2425
2599
2612
2208
1658
1186
564
-65
-494
-781
-1129
-1507
-1728
-1948
-2008
-1946
-1785
-1546
-1342
-1110
-862
-859
-1058
-1265
-1402
-1548
-1764
-2032
-2219
-2219
-2246
-2331
-2338
-2261
-2157
-1983
-1625
-1334
-1116
-855
-692
-567
-522
-384
-82
131
309
465
603
673
724
890
991
1058
1211
1350
1469
1550
1670
1836
1933
1946
1966
1979
1989
2017
2004
2016
2072
2080
2091
2158
2312
2376
2218
1850
1441
970
472
94
-180
-508
-885
-1189
-1453
-1584
-1661
-1640
-1576
-1411
-1286
-1104
-1081
-1180
-1329
-1443
-1559
-1701
-1907
-2039
-2063
-2063
-2087
-2056
-1979
-1915
-1802
-1603
-1360
-1171
-955
-767
-657
-622
-495
-309
-117
45
215
370
496
604
786
926
966
1066
1155
1212
1273
1399
1540
1634
1610
1570
1579
1591
1607
1619
1654
1690
1727
1757
1793
1860
1923
1917
1800
1554
1232
935
673
433
198
-124
-451
-678
-859
-993
-1089
-1162
-1138
-1096
-1094
-1121
-1184
-1275
-1370
-1417
-1514
-1574
-1628
-1666
-1678
-1664
-1605
-1510
-1437
-1396
-1325
-1201
-1106
-1018
-955
-945
-916
-804
-683
-583
-498
-410
-306
-201
-54
119
299
382
493
602
667
749
888
1060
1234
1339
1374
1391
1407
1455
1494
1560
1578
1619
1643
1679
1752
1816
1886
1928
1882
1781
1673
1558
1445
1257
958
621
353
123
-107
-420
-665
-801
-906
-1081
-1234
-1384
-1460
-1521
-1599
-1721
-1801
-1824
-1802
-1835
-1898
-1844
-1754
-1686
-1659
-1611
-1536
-1442
-1371
-1346
-1313
-1259
-1126
-967
-866
-775
-624
-474
-341
-175
54
285
499
646
736
844
932
1049
1199
1298
1377
1459
1473
1463
1474
1459
1492
1532
1538
1585
1650
1734
1796
1848
1867
1877
1849
1764
1688
1578
1412
1156
804
459
244
11
-274
-553
-767
-890
-1041
-1261
-1420
-1504
-1524
-1509
-1579
-1691
-1710
-1681
-1663
-1687
-1664
-1574
-1461
-1392
-1365
-1358
-1317
-1293
-1317
-1317
-1320
-1223
-1099
-1043
-998
-904
-792
-643
-497
-326
-79
182
385
498
605
717
880
1059
1165
1227
1288
1342
1377
1397
1394
1400
1443
1461
1484
1539
1625
1700
1769
1816
1854
1925
1949
1901
1796
1652
1488
1267
942
626
357
90
-179
-449
-671
-882
-1082
-1279
-1416
-1508
-1511
-1523
-1578
-1635
-1671
-1651
-1618
-1598
-1569
-1495
-1399
-1321
-1298
-1291
-1305
-1315
-1314
-1320
-1281
-1203
-1111
-1025
-952
-879
-767
-604
-435
-223
-5
185
345
451
551
682
846
979
1062
1098
1122
1144
1170
1203
1227
1266
1312
1345
1383
1433
1469
1542
1607
1660
1782
1899
1953
1920
1824
1686
1568
1350
1074
788
517
260
13
-257
-547
-780
-990
-1175
-1315
-1402
-1444
-1443
-1512
-1592
-1625
-1605
-1559
-1531
-1524
-1478
-1404
-1328
-1307
-1347
-1390
-1393
-1390
-1360
-1328
-1263
-1165
-1092
-994
-899
-770
-586
-376
-180
0
170
328
430
522
685
847
987
1059
1083
1106
1142
1178
1240
1280
1291
1325
1352
1388
1406
1439
1464
1495
1579
1698
1801
1830
1783
1711
1636
1494
1294
1033
761
509
267
9
-265
-537
-758
-964
-1135
-1271
-1357
-1381
-1411
-1502
-1554
-1564
-1513
-1470
-1459
-1451
-1417
-1338
-1282
-1300
-1340
-1338
-1343
-1326
-1316
-1283
-1197
-1126
-1050
-948
-845
-687
-485
-341
-202
-50
117
258
346
456
612
777
882
935
962
1016
1088
1169
1230
1260
1294
1312
1320
1342
1386
1424
1463
1510
1587
1683
1763
1792
1756
1682
1601
1489
1320
1089
838
573
318
49
-200
-452
-684
-864
-1008
-1156
-1261
-1322
-1398
-1461
-1527
-1532
-1490
-1468
-1481
-1479
-1458
-1417
-1386
-1392
-1407
-1402
-1385
-1361
-1343
-1310
-1232
-1125
-1038
-935
-802
-613
-431
-295
-189
-56
109
260
394
500
637
769
860
899
937
998
1088
1157
1194
1216
1237
1242
1250
1273
1294
1330
1396
1459
1519
1575
1648
1691
1653
1563
1475
1382
1244
1063
825
559
271
14
-229
-469
-667
-797
-913
-1046
-1166
-1242
-1274
-1320
-1356
-1356
-1332
-1309
-1302
-1311
-1344
-1361
-1345
-1341
-1364
-1372
-1356
-1343
-1350
-1336
-1259
-1165
-1062
-943
-787
-621
-461
-329
-223
-99
73
265
416
534
643
741
807
856
925
1016
1101
1154
1176
1169
1165
1177
1209
1207
1206
1260
1341
1400
1428
1467
1518
1547
1531
1488
1435
1348
1211
1032
804
533
266
10
-242
-459
-631
-750
-880
-1016
-1135
-1183
-1192
-1186
-1187
-1193
-1190
-1167
-1141
-1161
-1204
-1236
-1245
-1257
-1269
-1290
-1303
-1328
-1339
-1309
-1249
-1163
-1051
-925
-795
-677
-544
-420
-300
-172
-3
170
322
439
527
602
673
767
872
977
1048
1098
1116
1109
1107
1132
1150
1155
1188
1249
1315
1355
1379
1415
1441
1449
1441
1448
1432
1353
1210
1015
793
575
343
102
-121
-317
-469
-615
-770
-923
-1023
-1051
-1039
-1031
-1041
-1050
-1046
-1038
-1044
-1055
-1074
-1110
-1151
-1190
-1219
-1255
-1295
-1327
-1325
-1297
-1233
-1149
-1058
-956
-856
-744
-626
-513
-393
-267
-127
16
143
243
326
416
523
630
735
824
902
960
990
1010
1016
1017
1028
1068
1114
1167
1216
1255
1292
1323
1347
1356
1365
1387
1398
1338
1206
1042
874
688
493
308
126
-52
-221
-382
-542
-696
-786
-813
-829
-857
-876
-871
-876
-903
-917
-910
-924
-968
-1027
-1083
-1143
-1194
-1236
-1266
-1280
-1257
-1206
-1146
-1087
-1018
-922
-814
-711
-608
-506
-402
-277
-152
-41
53
147
259
378
489
589
676
759
821
870
894
896
891
906
941
985
1027
1056
1087
1113
1131
1145
1172
1209
1235
1226
1182
1113
1019
898
766
642
522
397
256
95
-67
-223
-342
-435
-511
-580
-631
-663
-693
-737
-772
-782
-778
-793
-842
-903
-962
-1014
-1070
-1115
-1145
-1159
-1155
-1136
-1109
-1087
-1056
-988
-892
-800
-720
-631
-543
-457
-366
-261
-156
-57
49
165
273
364
453
538
606
663
713
747
764
782
824
876
916
949
978
991
997
1028
1077
1107
1101
1088
1076
1044
976
892
815
740
664
580
469
333
201
94
-3
-110
-221
-311
-381
-443
-504
-563
-604
-626
-646
-681
-724
-765
-811
-866
-915
-955
-988
-1015
-1036
-1054
-1066
-1073
-1055
-1015
-959
-888
-814
-747
-691
-629
-550
-453
-355
-253
-153
-53
40
126
205
281
359
437
503
553
592
637
690
756
818
866
897
925
963
1013
1053
1070
1073
1075
1074
1047
996
934
882
835
776
696
608
517
433
350
258
148
41
-48
-133
-222
-306
-374
-431
-493
-552
-598
-635
-675
-723
-767
-809
-847
-890
-936
-979
-1014
-1033
-1046
-1057
-1047
-1009
-956
-908
-869
-818
-749
-669
-584
-494
-397
-292
-190
-103
-32
36
113
193
267
330
388
447
509
574
644
706
750
785
826
877
920
940
944
949
959
963
944
903
861
829
799
755
695
634
583
532
467
385
298
217
139
64
-11
-85
-163
-252
-338
-410
-463
-513
-566
-617
-650
-672
-702
-748
-799
-835
-861
-889
-923
-950
-952
-932
-912
-896
-876
-840
-784
-720
-649
-570
-483
-394
-310
-235
-164
-95
-30
33
105
184
264
335
403
478
557
622
668
702
742
787
815
817
808
805
822
839
837
820
802
786
764
729
689
648
605
563
511
448
380
301
223
158
102
41
-35
-125
-204
-264
-318
-386
-461
-516
-544
-558
-576
-610
-646
-670
-692
-717
-749
-779
-794
-801
-802
-800
-796
-783
-765
-734
-684
-623
-565
-510
-455
-387
-316
-253
-203
-149
-73
19
110
186
260
337
415
480
531
573
616
655
679
683
678
682
693
712
735
754
764
762
746
726
703
677
644
605
570
534
484
411
334
269
216
161
96
27
-31
-75
-126
-192
-269
-334
-383
-414
-443
-475
-507
-532
-555
-572
-590
-610
-632
-654
-667
-671
-674
-689
-704
-704
-684
-654
-627
-603
-570
-520
-462
-412
-373
-328
-264
-187
-106
-32
35
99
165
231
292
345
384
411
430
448
462
476
489
511
547
587
617
630
635
639
643
640
625
602
582
567
541
500
448
396
348
304
262
222
185
146
106
62
11
-41
-90
-137
-178
-213
-250
-290
-326
-355
-376
-396
-420
-444
-460
-470
-482
-502
-525
-543
-548
-545
-544
-547
-545
-539
-520
-499
-473
-444
-407
-356
-299
-238
-185
-136
-88
-34
21
66
90
105
121
144
171
195
217
246
287
332
375
406
429
449
469
483
486
478
468
463
460
454
441
419
396
377
364
350
327
297
268
239
212
180
140
99
65
35
2
-33
-77
-116
-146
-171
-191
-213
-233
-251
-266
-280
-300
-322
-343
-360
-379
-398
-420
-439
-448
-447
-437
-423
-405
-374
-339
-297
-260
-228
-202
-174
-152
-139
-133
-131
-123
-102
-74
-45
-14
16
52
96
138
173
203
226
242
255
264
263
256
259
272
289
301
309
313
320
329
339
344
341
335
325
314
298
273
244
217
197
179
163
140
115
95
76
61
41
14
-11
-33
-51
-71
-97
-128
-162
-192
-223
-251
-274
-294
-312
-321
-327
-331
-329
-322
-311
-292
-278
-269
-268
-276
-282
-293
-298
-295
-283
-259
-231
-203
-174
-144
-111
-73
-41
-11
13
34
50
57
60
65
75
95
120
141
168
193
220
246
271
298
320
338
353
362
362
351
336
320
311
307
307
308
307
301
291
273
250
221
193
170
147
123
92
55
17
-19
-49
-74
-99
-121
-145
-171
-199
-228
-252
-269
-277
-281
-283
-290
-308
-328
-357
-379
-390
-391
-379
-369
-350
-332
-316
-297
-278
-254
-226
-196
-170
-149
-136
-128
-124
-115
-101
-78
-51
-19
11
40
74
108
144
182
223
260
293
319
331
331
328
329
334
345
354
368
374
372
362
348
330
315
302
289
273
252
227
198
168
142
120
102
83
63
39
10
-20
-49
-75
-91
-104
-120
-139
-165
-200
-236
-272
-299
-318
-334
-342
-346
-347
-347
-346
-348
-342
-327
-312
-292
-279
-275
-270
-272
-272
-271
-261
-243
-223
-201
-175
-149
-118
-81
-42
3
50
91
128
158
179
194
209
225
249
273
295
316
328
334
336
337
333
331
331
329
323
313
302
289
278
269
259
251
243
234
224
210
195
179
163
144
123
96
65
27
-13
-55
-96
-132
-164
-192
-217
-239
-255
-270
-285
-295
-304
-310
-314
-316
-319
-321
-328
-336
-348
-358
-365
-367
-363
-353
-332
-311
-285
-252
-222
-189
-154
-116
-84
-54
-23
4
28
55
80
107
137
164
185
202
219
232
242
247
252
256
260
265
264
268
271
274
277
279
286
295
304
314
320
323
317
306
288
267
247
223
194
161
125
86
52
19
-7
-33
-55
-75
-97
-118
-143
-164
-183
-200
-213
-228
-244
-266
-289
-311
-328
-339
-346
-344
-340
-336
-328
-322
-314
-300
-284
-263
-244
-223
-202
-185
-166
-143
-116
-92
-67
-42
-20
6
29
48
63
76
87
97
106
115
126
136
145
154
164
177
196
219
245
272
292
305
313
316
320
319
318
313
300
282
264
242
220
203
187
173
158
140
120
94
69
46
20
-2
-25
-50
-78
-109
-138
-164
-187
-204
-220
-233
-246
-257
-266
-276
-284
-289
-293
-295
-296
-295
-291
-286
-279
-268
-254
-237
-219
-199
-176
-152
-132
-111
-96
-83
-71
-60
-50
-38
-24
-16
-5
4
18
37
63
93
124
154
183
207
231
249
269
288
303
315
317
316
311
306
304
302
303
299
292
280
270
253
235
215
198
179
152
123
91
60
31
1
-25
-51
-74
-95
-119
-137
-155
-173
-193
-213
-229
-247
-264
-276
-287
-292
-297
-301
-302
-296
-287
-272
-255
-237
-221
-206
-193
-186
-178
-168
-158
-148
-140
-134
-129
-123
-113
-91
-68
-40
-9
19
45
69
93
120
147
171
191
207
221
232
238
248
258
268
279
291
298
301
305
303
299
291
280
268
254
234
213
188
165
142
118
96
69
44
22
1
-25
-50
-73
-100
-126
-148
-171
-190
-206
-223
-238
-248
-257
-261
-256
-250
-241
-233
-226
-219
-215
-209
-202
-199
-194
-187
-183
-180
-179
-174
-164
-147
-125
-104
-81
-58
-35
-13
10
35
57
76
89
103
119
132
145
156
169
186
203
219
231
238
247
254
256
253
251
245
236
227
216
202
191
176
158
140
121
104
82
60
36
12
-11
-39
-61
-84
-103
-118
-131
-148
-162
-175
-184
-191
-194
-194
-195
-195
-194
-196
-195
-193
-192
-187
-183
-183
-181
-179
-177
-166
-155
-139
-123
-106
-85
-64
-44
-23
-1
13
28
42
55
64
70
82
95
107
123
138
151
167
179
190
197
205
207
207
208
207
205
202
197
188
180
172
162
152
136
122
105
84
64
45
26
7
-10
-27
-43
-57
-71
-82
-94
-105
-115
-126
-135
-146
-153
-160
-165
-168
-172
-174
-174
-174
-173
-172
-170
-168
-166
-158
-147
-138
-126
-113
-98
-83
-68
-53
-39
-26
-15
-8
1
8
14
22
32
44
57
74
90
106
122
135
146
156
164
169
172
172
171
170
170
169
162
155
149
142
132
121
108
95
79
64
46
32
20
9
0
-9
-16
-24
-32
-41
-47
-56
-67
-76
-86
-96
-105
-114
-118
-123
-128
-131
-132
-132
-131
-128
-126
-121
-113
-108
-101
-94
-87
-78
-70
-62
-52
-45
-42
-40
-39
-38
-36
-33
-25
-14
-2
11
23
40
54
67
78
85
93
98
103
106
109
111
114
115
116
117
116
115
113
109
104
95
87
78
70
60
53
45
41
38
33
30
25
19
10
2
-8
-20
-31
-44
-53
-59
-65
-69
-76
-81
-88
-93
-96
-97
-98
-99
-101
-98
-96
-94
-87
-83
-82
-82
-78
-76
-75
-73
-72
-70
-72
-68
-63
-55
-47
-33
-20
-7
7
17
27
33
37
44
53
59
69
77
83
94
100
104
106
105
106
102
98
96
92
92
88
84
79
76
76
75
71
68
63
59
52
42
33
25
14
4
-1
-5
-12
-18
-28
-34
-43
-56
-65
-72
-77
-83
-87
-87
-88
-85
-83
-85
-85
-84
-87
-87
-88
-88
-84
-82
-80
-76
-73
-68
-63
-57
-50
-43
-37
-29
-25
-20
-14
-3
3
10
20
32
42
53
62
64
70
73
70
70
69
70
73
77
80
82
86
89
89
88
83
80
80
78
74
71
65
60
54
53
49
44
39
30
19
7
-4
-13
-28
-38
-45
-51
-52
-54
-56
-57
-59
-58
-61
-64
-68
-73
-75
-76
-75
-74
-71
-70
-66
-66
-61
-60
-60
-55
-54
-48
-42
-35
-31
-26
-17
-11
1
11
17
24
32
37
38
38
40
41
43
44
46
53
57
59
59
60
56
54
51
48
46
48
46
45
46
46
43
39
36
28
22
15
7
2
-7
-11
-19
-24
-30
-35
-36
-40
-45
-45
-44
-47
-50
-53
-54
-51
-51
-49
-49
-46
-42
-39
-37
-37
-35
-35
-32
-31
-28
-24
-19
-11
-9
-3
5
10
16
20
26
32
35
39
41
40
44
46
46
48
46
45
45
42
40
38
34
32
27
24
21
18
18
14
10
7
4
0
-3
-7
-11
-17
-26
-31
-34
-36
-36
-39
-43
-45
-48
-48
-52
-53
-51
-50
-48
-46
-45
-42
-39
-34
-30
-30
-25
-24
-18
-12
-11
-7
-2
3
9
15
20
25
31
36
42
45
50
52
52
54
52
57
57
57
54
49
48
47
48
42
39
34
29
26
23
17
15
10
8
6
0
-3
-7
-12
-17
-20
-23
-27
-30
-33
-36
-42
-42
-44
-45
-46
-48
-50
-49
-46
-45
-45
-43
-41
-37
-35
-31
-28
-27
-24
-20
-19
-14
-8
-3
1
6
11
12
16
20
24
27
34
35
35
37
37
39
41
44
45
47
47
45
46
47
44
43
41
37
35
32
26
24
17
14
9
3
-3
-7
-12
-16
-19
-20
-22
-22
-23
-26
-25
-29
-26
-29
-30
-27
-25
-29
-32
-35
-35
-35
-35
-36
-35
-33
-31
-28
-27
-25
-22
-19
-16
-15
-11
-8
-5
-1
0
3
7
9
12
14
18
20
20
22
22
24
27
30
32
36
40
42
47
46
48
46
42
38
35
29
25
18
13
9
2
-1
-3
-7
-12
-16
-22
-25
-28
-27
-25
-25
-24
-23
-21
-22
-20
-15
-13
-11
-10
-10
-12
-11
-11
-11
-12
-13
-12
-8
-7
-5
-2
1
1
0
0
-2
-5
-6
-5
-5
-10
-11
-13
-12
-13
-13
-13
-16
-15
-13
-8
-4
-2
2
9
15
24
30
31
33
34
36
34
31
26
22
20
13
11
9
6
0
-5
-5
-10
-12
-14
-16
-16
-18
-19
-20
-19
-18
-15
-14
-12
-9
-6
-6
-7
-3
-4
-1
0
2
9
12
17
18
20
24
27
26
24
20
18
12
7
4
-1
-4
-8
-14
-17
-20
-24
-26
-33
-33
-34
-34
-32
-29
-23
-16
-9
-4
5
11
13
17
17
17
20
18
17
14
14
13
11
14
10
10
10
9
9
7
3
0
-1
-3
-4
-3
-7
-6
-6
-10
-10
-13
-15
-13
-13
-12
-13
-9
-5
-1
4
12
17
23
28
29
30
32
30
28
25
21
14
5
0
-6
-9
-15
-16
-20
-25
-26
-27
-29
-30
-30
-29
-25
-20
-17
-13
-9
-5
-3
-4
-2
-4
-6
-9
-9
-9
-8
-7
-4
2
7
11
15
19
23
25
27
26
24
24
22
20
19
15
13
11
8
4
0
-3
-4
-7
-9
-14
-12
-8
-2
3
6
15
20
24
26
27
28
27
24
19
15
10
9
3
-3
-4
-8
-9
-10
-16
-20
-24
-25
-24
-23
-21
-23
-22
-19
-16
-14
-14
-15
-13
-15
-16
-20
-22
-23
-25
-22
-21
-17
-13
-9
-3
-3
3
8
11
13
14
17
19
21
22
21
21
21
21
21
20
18
14
11
10
8
9
9
9
12
14
19
23
27
28
27
27
25
21
17
15
8
2
-3
-8
-13
-13
-14
-21
-23
-26
-28
-29
-30
-32
-31
-28
-27
-25
-23
-23
-20
-19
-19
-20
-20
-21
-22
-22
-25
-25
-27
-24
-22
-20
-13
-9
-4
0
3
7
8
10
12
13
17
22
22
24
26
28
27
29
26
24
21
17
13
9
11
12
14
14
19
20
21
25
24
26
26
22
19
16
10
8
5
-1
-1
-4
-10
-12
-15
-18
-21
-24
-26
-30
-28
-27
-27
-22
-22
-20
-17
-15
-14
-15
-16
-15
-14
-12
-15
-18
-18
-17
-18
-15
-12
-11
-10
-8
-4
0
1
4
6
11
17
17
20
24
24
26
27
24
23
21
20
19
19
19
16
12
15
14
16
17
18
19
18
20
20
20
19
18
17
16
14
13
11
6
3
-1
-7
-11
-14
-18
-20
-20
-20
-18
-16
-13
-11
-10
-12
-9
-8
-12
-14
-16
-15
-17
-17
-19
-18
-18
-17
-16
-18
-15
-14
-13
-14
-13
-10
-6
-1
-2
3
5
7
8
13
15
16
13
13
14
10
8
9
9
9
9
11
15
15
16
15
14
14
13
13
11
10
10
10
9
6
4
5
6
4
1
0
-3
-6
-8
-9
-9
-10
-10
-7
-7
-6
-1
-1
-2
-2
-3
-6
-6
-8
-10
-13
-17
