11
15
17
14
12
12
6
2
-3
-3
-1
-4
-5
-7
-9
-9
-6
-1
0
4
5
0
-1
3
3
0
-5
-5
4
4
2
0
0
-4
-2
-1
-4
1
0
1
1
-4
-2
-3
-7
2
-3
0
1
-1
-2
-3
-2
1
5
-2
-2
-3
-3
-5
-3
-3
-3
-7
-8
-3
-9
-6
-15
-15
-19
-17
-15
-13
-15
-12
-10
-15
-7
-8
-9
-13
-13
-6
-12
-13
-6
-8
-8
-13
-14
-14
-9
-5
-6
-12
-6
-5
-11
-2
1
-1
-2
2
1
5
8
7
4
3
5
11
9
4
1
1
0
5
7
10
8
0
0
5
3
1
3
1
2
-5
-3
-2
-7
0
-1
-7
-7
-9
-8
-7
-9
-7
-8
-5
-4
-2
-4
-5
-3
-3
-6
-11
-5
-6
-1
-3
-9
-6
-4
3
5
2
1
5
4
6
5
7
8
9
15
12
10
11
10
11
15
17
15
11
9
9
4
7
1
3
8
7
8
7
5
6
4
2
4
-3
1
8
7
6
5
0
1
1
5
5
6
5
3
4
1
2
1
2
5
7
9
12
7
10
6
7
6
-1
2
-3
2
4
5
4
3
0
-4
-6
-3
-8
-6
-4
-5
-5
-8
-10
-14
-13
-11
-10
-11
-9
-3
-4
-1
0
-3
5
3
-3
6
2
5
-3
-6
9
4
13
12
5
9
10
17
8
15
4
-4
1
-3
-1
-8
-10
-17
-6
-19
-31
-30
-38
-27
-38
-53
-37
-23
-19
-24
-29
-3
14
12
30
32
-3
-3
5
8
25
17
19
18
13
24
7
-9
21
28
45
36
24
32
19
34
16
5
6
21
17
0
2
-3
-7
5
7
2
9
4
14
8
20
52
58
74
63
46
99
93
91
83
90
97
97
74
40
28
40
45
4
4
-18
-20
-26
-28
-27
-51
-39
-40
-87
-82
-75
-67
-30
-50
-44
-15
8
-4
-34
-66
-88
-23
-68
-128
-101
-99
-102
-75
-87
-98
-69
-73
-55
-27
5
33
65
64
57
83
75
74
91
92
99
57
19
32
51
24
-16
7
-17
-25
52
4
10
82
39
86
128
85
85
118
97
87
103
85
49
-44
-51
-35
-37
-46
-33
-74
-96
-169
-269
-405
-359
-474
-370
-823
-1747
-1198
-859
-1590
-1838
-1044
-950
-928
-468
-281
395
979
938
1406
1986
1915
1956
2155
1802
1512
1492
1287
816
586
492
-149
-194
54
-194
-396
-460
-332
-573
-475
-452
-609
-533
-420
-453
-654
-473
-372
-325
-38
24
210
346
329
143
130
270
15
-180
-216
-262
-1240
-1241
-908
-871
-930
-1024
-607
-134
28
185
273
665
1103
1076
727
615
934
762
539
2
-231
-111
-78
-213
-482
-621
-508
-82
-53
-234
-298
117
252
66
216
266
186
526
532
270
158
364
431
529
711
418
331
634
472
370
644
644
264
277
647
252
-83
216
-12
-461
27
50
-564
-800
-489
-482
-740
-759
-901
-789
-675
-460
-407
-546
-443
-453
-95
94
-148
-164
-143
163
264
-257
-227
-24
-328
-280
-81
-417
-676
-388
-332
-311
-474
-644
-657
-239
51
-224
-449
-122
263
232
323
401
445
532
884
1104
758
574
1036
959
807
1034
943
609
563
806
822
463
363
491
519
581
575
331
193
379
406
92
-140
-56
-122
-354
-442
-468
-740
-976
-1042
-1092
-1189
-1398
-1538
-1510
-1478
-1539
-1594
-1531
-1512
-1542
-1363
-1130
-1077
-1117
-888
-544
-490
-455
-224
-101
5
240
305
276
254
468
683
630
678
796
810
900
1119
1331
1534
1664
1790
2050
2239
2261
2451
2616
2704
2762
2891
2974
2745
2677
2837
2634
2268
1957
1364
606
-19
-531
-1177
-1996
-2542
-2862
-3400
-3834
-4083
-4352
-4444
-4203
-3852
-3524
-3198
-2777
-2197
-1689
-1234
-825
-426
-9
205
232
337
329
110
-186
-437
-590
-826
-1103
-1229
-1349
-1555
-1568
-1458
-1333
-1245
-1128
-932
-615
-231
69
416
864
1447
2027
2541
3103
3512
3887
4362
4874
5219
5447
5710
6025
6306
6422
6399
6113
5167
3712
2518
1694
527
-1056
-2237
-3165
-4238
-5042
-5565
-6406
-7257
-7217
-6588
-5808
-5180
-4586
-3791
-2785
-1701
-852
-71
625
1252
1933
2589
2812
2725
2594
2443
2347
2214
1633
870
277
-377
-1117
-1869
-2574
-3422
-4059
-4321
-4449
-4574
-4497
-4268
-3914
-3278
-2534
-1873
-1228
-653
56
911
1609
2024
2345
2646
2829
2933
2983
2941
2893
3055
3330
3540
3715
3878
4089
4527
5068
5566
6074
6573
6663
5633
4046
3131
2657
1328
-253
-1176
-2118
-3470
-4288
-4710
-5754
-6854
-6844
-6081
-5286
-4804
-4560
-4003
-2937
-2107
-1554
-812
-226
68
661
1500
1812
1650
1496
1502
1711
1833
1474
922
488
-93
-768
-1160
-1586
-2412
-3099
-3497
-3707
-3815
-3822
-3876
-3733
-3206
-2564
-2012
-1573
-1246
-756
-22
618
1034
1412
1726
1938
2306
2749
3102
3425
3906
4515
5165
5786
6264
6758
7372
8045
8658
8459
6949
5025
3947
3053
1370
-475
-1846
-3244
-4639
-5462
-6146
-7399
-8421
-8335
-7248
-6097
-5545
-5186
-4279
-3037
-2135
-1355
-427
223
632
1316
2122
2507
2368
2035
1936
2197
2177
1627
1122
925
664
231
-369
-1222
-2048
-2543
-2949
-3206
-3245
-3411
-3759
-3598
-3041
-2705
-2558
-2238
-1690
-945
-258
142
458
891
1158
1348
1817
2184
2166
2233
2718
3313
3727
4021
4329
4870
5597
6193
6703
7288
7677
7169
5800
4446
3582
2597
1068
-472
-1600
-2664
-3789
-4760
-5605
-6526
-7220
-7254
-6616
-5883
-5599
-5435
-4698
-3578
-2779
-2276
-1591
-816
-183
428
1132
1741
2007
2065
2249
2608
2739
2476
2202
2204
2287
2076
1483
720
-57
-837
-1572
-2008
-2244
-2642
-3154
-3355
-3239
-3179
-3254
-3252
-2973
-2429
-1827
-1283
-792
-397
-109
222
709
1155
1416
1674
2123
2685
3166
3525
3838
4217
4711
5243
5734
6139
6464
6484
5865
4691
3532
2725
1926
844
-314
-1361
-2313
-3113
-3846
-4740
-5644
-6069
-5936
-5491
-5006
-4659
-4415
-3926
-3177
-2476
-1879
-1280
-690
-39
710
1409
1865
2087
2127
2221
2476
2625
2496
2265
2120
2021
1887
1623
1056
320
-336
-806
-1132
-1461
-1911
-2329
-2480
-2492
-2560
-2685
-2813
-2822
-2611
-2193
-1735
-1398
-1245
-1182
-952
-517
-83
221
418
644
1057
1619
1985
2109
2259
2521
2821
3151
3442
3527
3371
3187
3166
3370
3472
2974
2056
1554
1560
1406
859
197
-325
-563
-659
-932
-1456
-1950
-2249
-2337
-2200
-2033
-2070
-2126
-1970
-1654
-1337
-1119
-1049
-989
-761
-376
42
330
443
484
595
763
848
805
731
698
673
564
297
-80
-520
-993
-1356
-1524
-1646
-1856
-2092
-2235
-2285
-2304
-2257
-2184
-2054
-1764
-1358
-958
-640
-439
-295
-27
295
547
732
887
1001
1119
1251
1303
1222
1121
1048
1023
1104
1215
1197
1093
998
933
890
822
764
789
865
932
971
1009
1019
976
948
1025
1138
1195
1209
1207
1178
1151
1126
1076
939
752
630
549
458
328
111
-132
-335
-535
-752
-986
-1224
-1446
-1706
-1968
-2162
-2298
-2423
-2543
-2617
-2612
-2572
-2508
-2341
-2119
-1885
-1628
-1334
-1027
-756
-511
-283
-36
256
450
532
666
843
881
837
802
776
820
932
1017
1086
1132
1113
1116
1287
1559
1742
1855
1946
2004
2092
2143
2124
2123
2072
1847
1612
1488
1380
1167
849
521
306
195
85
-111
-319
-468
-533
-463
-395
-504
-641
-662
-617
-567
-582
-715
-918
-1099
-1198
-1249
-1352
-1575
-1897
-2152
-2211
-2210
-2276
-2385
-2494
-2460
-2219
-1988
-1965
-1977
-1789
-1419
-1025
-748
-639
-534
-221
163
365
387
344
497
890
1116
912
625
588
737
833
747
626
666
751
744
664
623
741
917
852
637
631
870
1097
1211
1220
1150
1166
1434
1754
1785
1537
1384
1591
1934
1986
1712
1342
1136
1196
1249
949
444
129
92
105
-173
-769
-1251
-1366
-1393
-1589
-1867
-2074
-2137
-2037
-2005
-2195
-2366
-2230
-2007
-1895
-1765
-1516
-1269
-1174
-1128
-905
-600
-465
-535
-481
-173
124
78
-145
-145
107
147
-105
-197
154
490
296
-96
45
569
863
743
552
701
1240
1674
1736
1622
1610
1804
2094
2277
2315
2225
2192
2341
2462
2253
1793
1478
1381
1262
1175
1088
801
482
346
275
129
-182
-549
-659
-540
-485
-607
-936
-1294
-1418
-1384
-1436
-1672
-1930
-2066
-2027
-1917
-1972
-2213
-2281
-2102
-1960
-1889
-1738
-1553
-1372
-1170
-924
-682
-458
-370
-437
-381
12
475
536
259
204
458
602
526
367
92
-45
234
524
280
-207
-451
-431
-242
-45
-208
-583
-536
-89
187
29
-251
-207
224
743
996
909
922
1374
1899
2093
1981
1909
2240
2852
3146
2834
2351
2313
2625
2561
1878
1100
790
907
865
306
-483
-1012
-1176
-1254
-1554
-2089
-2540
-2601
-2398
-2342
-2542
-2702
-2612
-2314
-2038
-1979
-2000
-1751
-1234
-821
-639
-462
-223
-67
14
148
261
171
-81
-245
-212
-102
-134
-407
-723
-748
-498
-343
-410
-490
-534
-480
-177
100
3
-152
-102
45
304
625
761
754
913
1345
1777
1993
2186
2430
2682
3116
3634
3782
3500
3192
3008
2713
2261
1779
1288
875
606
303
-153
-659
-1140
-1566
-1881
-2049
-2045
-1976
-1903
-1874
-1907
-1934
-1912
-1902
-1932
-1888
-1728
-1453
-1099
-887
-906
-961
-856
-655
-460
-302
-160
37
354
670
775
663
545
530
591
637
575
462
421
387
233
-5
-239
-472
-714
-916
-1070
-1273
-1515
-1694
-1807
-1832
-1716
-1557
-1456
-1351
-1088
-696
-382
-231
-137
80
481
887
1122
1209
1325
1611
1903
1973
1897
1962
2210
2447
2540
2520
2488
2537
2648
2638
2379
2094
2038
2061
1880
1462
957
500
90
-362
-858
-1313
-1665
-1945
-2190
-2430
-2614
-2666
-2635
-2593
-2502
-2272
-1873
-1395
-993
-720
-507
-221
173
501
600
569
592
702
743
597
323
0
-317
-640
-988
-1398
-1853
-2276
-2558
-2630
-2580
-2542
-2525
-2421
-2153
-1704
-1172
-709
-332
88
616
1156
1597
1905
2101
2262
2528
2889
3185
3333
3440
3670
4022
4397
4667
4726
4546
4139
3511
2710
1864
1097
363
-489
-1429
-2203
-2721
-3214
-3878
-4595
-5019
-4970
-4553
-4048
-3644
-3239
-2615
-1783
-1006
-469
-83
350
925
1568
2094
2371
2442
2426
2356
2161
1802
1337
873
491
172
-151
-564
-1092
-1647
-2076
-2312
-2406
-2391
-2259
-2050
-1805
-1510
-1183
-913
-697
-421
-12
474
933
1273
1415
1443
1454
1446
1400
1320
1207
1062
938
804
535
86
-368
-679
-839
-992
-1237
-1502
-1582
-1360
-1049
-856
-757
-546
-126
418
888
1117
1218
1425
1765
2018
2026
1824
1578
1384
1214
968
606
240
-50
-271
-447
-608
-780
-953
-1067
-1115
-1121
-1070
-950
-774
-557
-293
-34
183
396
587
760
980
1212
1377
1418
1385
1331
1217
1039
804
534
278
81
-128
-415
-737
-1024
-1258
-1443
-1567
-1621
-1602
-1498
-1354
-1227
-1105
-934
-706
-462
-202
88
380
655
890
1041
1110
1117
1095
1079
1039
972
872
742
569
348
115
-99
-258
-380
-445
-460
-462
-457
-449
-415
-339
-221
-77
121
381
671
924
1118
1300
1504
1716
1892
2037
2130
2117
1906
1466
887
257
-375
-1025
-1687
-2303
-2795
-3129
-3381
-3631
-3845
-3911
-3747
-3380
-2915
-2409
-1861
-1245
-594
8
505
885
1202
1485
1717
1878
1932
1868
1694
1394
965
430
-147
-688
-1161
-1573
-1952
-2278
-2528
-2695
-2757
-2715
-2511
-2124
-1560
-891
-209
448
1080
1678
2239
2755
3206
3611
3961
4235
4419
4523
4568
4564
4540
4503
4395
4104
3510
2605
1528
449
-566
-1550
-2528
-3410
-4049
-4413
-4641
-4895
-5123
-5132
-4736
-3952
-2971
-1970
-1015
-72
864
1703
2317
2685
2857
2966
3078
3133
3012
2636
2028
1314
599
-92
-770
-1433
-1996
-2410
-2682
-2893
-3118
-3318
-3385
-3226
-2847
-2300
-1650
-958
-249
409
993
1474
1836
2139
2424
2686
2851
2832
2618
2236
1769
1281
823
381
-43
-422
-744
-1028
-1323
-1614
-1848
-1958
-1904
-1693
-1372
-1005
-638
-272
113
506
870
1209
1529
1815
2065
2216
2229
2093
1844
1529
1173
783
352
-114
-584
-1020
-1428
-1826
-2201
-2492
-2650
-2660
-2541
-2338
-2095
-1821
-1464
-1012
-548
-111
311
747
1175
1540
1807
1948
1982
1934
1823
1672
1447
1162
832
465
70
-340
-719
-1026
-1278
-1483
-1615
-1676
-1650
-1551
-1395
-1191
-929
-604
-201
272
759
1179
1481
1731
1986
2215
2347
2341
2230
2062
1869
1600
1161
495
-250
-879
-1319
-1684
-2031
-2329
-2485
-2466
-2325
-2144
-1992
-1818
-1495
-973
-357
171
542
811
1063
1280
1421
1449
1393
1338
1335
1356
1294
1073
745
440
196
-2
-202
-409
-561
-632
-668
-702
-748
-785
-787
-697
-517
-328
-186
-68
44
133
165
155
158
174
179
203
244
254
201
134
77
25
-20
-37
-15
-17
-44
-70
-74
-66
-77
-60
8
125
269
393
482
528
570
625
695
750
766
741
708
653
530
319
91
-122
-303
-469
-620
-761
-917
-1065
-1153
-1184
-1183
-1171
-1089
-922
-725
-542
-369
-205
-55
102
291
497
647
754
844
902
905
838
753
677
585
472
334
175
-14
-222
-439
-642
-819
-955
-1033
-1058
-1070
-1074
-1065
-1004
-889
-756
-618
-459
-266
-56
151
349
514
630
734
852
953
988
952
892
806
705
616
520
395
247
129
68
13
-93
-215
-306
-328
-310
-263
-220
-181
-143
-82
-6
46
49
54
80
144
229
281
313
341
350
348
346
342
341
341
342
360
368
351
309
268
217
166
133
122
89
24
-50
-116
-180
-265
-340
-404
-477
-545
-591
-619
-673
-750
-796
-821
-835
-857
-883
-915
-941
-940
-893
-824
-758
-661
-518
-356
-201
-56
100
274
467
672
862
1007
1131
1242
1322
1338
1312
1263
1214
1179
1128
1061
990
925
869
806
721
632
555
495
450
433
430
433
408
336
211
55
-127
-310
-475
-613
-711
-766
-794
-814
-853
-907
-929
-867
-742
-616
-497
-382
-274
-193
-164
-185
-238
-301
-333
-328
-341
-402
-494
-590
-672
-735
-765
-783
-801
-774
-693
-603
-555
-534
-494
-417
-308
-181
-24
123
230
322
412
491
525
513
522
536
559
571
548
494
400
308
230
144
23
-124
-261
-350
-406
-444
-455
-446
-382
-230
-50
88
175
282
431
572
661
708
731
735
706
644
528
348
165
42
-30
-120
-249
-359
-410
-428
-449
-471
-467
-437
-353
-232
-139
-92
-57
0
70
117
127
137
163
193
217
210
163
84
14
-25
-74
-154
-223
-238
-220
-194
-163
-105
-32
53
162
282
380
452
525
604
669
710
747
783
798
786
766
734
659
540
422
323
237
147
62
-15
-101
-168
-206
-228
-262
-295
-286
-235
-171
-105
-36
27
93
182
275
322
304
258
204
116
-29
-211
-402
-597
-801
-1003
-1169
-1313
-1434
-1509
-1523
-1506
-1473
-1388
-1254
-1094
-941
-772
-587
-404
-233
-91
45
165
293
425
529
593
629
654
681
706
760
860
969
1072
1156
1211
1228
1206
1167
1156
1182
1239
1315
1374
1318
1098
778
432
95
-255
-606
-898
-1102
-1225
-1327
-1467
-1664
-1831
-1855
-1724
-1508
-1285
-1043
-750
-423
-112
109
211
273
398
606
814
916
898
838
788
720
577
371
159
-6
-81
-126
-211
-370
-559
-703
-777
-804
-827
-819
-744
-608
-433
-277
-164
-72
42
215
432
636
792
886
943
959
946
896
794
684
594
526
439
293
89
-122
-306
-431
-518
-579
-619
-633
-603
-554
-503
-466
-405
-296
-136
47
210
342
443
531
608
659
671
650
619
575
505
401
269
118
-32
-156
-270
-370
-454
-520
-565
-592
-604
-597
-576
-532
-458
-366
-261
-152
-36
69
165
243
295
337
370
393
406
392
351
289
213
120
16
-100
-200
-277
-329
-363
-409
-445
-474
-463
-424
-371
-300
-219
-113
5
111
188
250
312
382
459
517
541
545
545
536
498
430
345
252
176
103
24
-64
-150
-216
-251
-276
-306
-328
-331
-303
-251
-192
-126
-58
27
113
193
246
280
311
335
360
367
348
299
238
168
93
-6
-112
-213
-305
-366
-426
-487
-538
-572
-578
-547
-514
-478
-426
-362
-262
-158
-71
4
65
130
185
219
225
219
206
206
205
181
130
77
41
15
-7
-48
-75
-84
-74
-52
-35
-17
9
58
114
169
217
258
296
335
368
388
413
424
431
416
381
326
256
173
80
-10
-90
-157
-222
-277
-341
-397
-436
-454
-455
-450
-426
-386
-317
-242
-169
-108
-49
18
87
144
179
211
240
263
268
260
228
188
141
80
22
-47
-106
-158
-199
-240
-285
-318
-341
-342
-342
-327
-295
-241
-167
-96
-37
22
89
162
235
288
334
366
398
416
405
373
330
287
237
185
112
41
-34
-94
-145
-195
-230
-258
-265
-258
-240
-228
-200
-165
-123
-74
-27
22
60
101
130
161
175
183
178
170
163
144
124
86
50
6
-27
-64
-93
-118
-143
-161
-183
-199
-216
-212
-201
-176
-142
-108
-72
-43
-11
10
41
59
85
111
128
141
137
130
101
75
46
19
-8
-31
-52
-68
-87
-112
-117
-124
-111
-91
-62
-29
5
44
75
109
136
170
195
217
233
243
245
231
213
186
158
124
89
46
7
-34
-83
-116
-155
-188
-217
-232
-249
-255
-249
-246
-229
-212
-188
-157
-120
-87
-53
-23
13
39
65
91
106
123
131
145
137
131
125
111
99
82
73
58
47
30
17
0
-16
-20
-29
-28
-30
-22
-25
-24
-26
-26
-26
-25
-14
-7
3
10
21
22
27
28
29
33
38
50
49
56
56
52
46
38
28
17
14
11
11
11
13
6
-1
-12
-20
-25
-34
-33
-38
-37
-40
-51
-68
-83
-100
-114
-120
-127
-117
-113
-105
-100
-95
-87
-78
-56
-36
-5
20
54
78
98
108
114
117
120
129
125
131
125
117
105
87
64
41
26
8
0
-16
-28
-41
-54
-67
-72
-75
-76
-72
-64
-48
-40
-25
-6
13
37
57
80
98
117
127
134
141
142
139
131
117
92
64
27
-8
-42
-74
-102
-126
-149
-168
-186
-203
-214
-218
-209
-195
-172
-150
-123
-95
-73
-50
-36
-15
7
28
50
70
81
87
88
81
76
71
67
65
63
59
51
40
30
21
12
11
13
13
22
22
18
16
11
7
8
11
16
15
16
15
12
6
-2
0
-2
2
7
9
9
11
12
9
14
19
29
42
51
60
63
62
55
54
52
44
38
29
20
7
-9
-28
-50
-76
-91
-101
-112
-115
-122
-127
-131
-130
-125
-115
-99
-81
-57
-37
-18
-1
16
30
42
53
65
73
76
76
73
66
54
45
38
30
23
17
8
0
-8
-17
-20
-19
-11
-3
3
8
9
5
5
7
11
21
27
36
41
40
40
33
30
32
36
45
56
64
66
66
63
56
47
43
44
48
46
44
41
28
14
-4
-19
-31
-38
-40
-46
-51
-58
-71
-85
-96
-105
-107
-104
-96
-92
-89
-83
-81
-80
-80
-73
-61
-47
-32
-19
-10
-1
6
9
10
10
12
16
18
18
15
9
6
1
-6
-9
-7
-8
-3
0
6
14
19
29
40
50
60
68
75
83
87
93
94
95
92
88
82
72
65
54
44
36
29
24
21
19
17
14
13
13
14
19
22
26
31
35
33
26
18
11
3
-9
-16
-25
-34
-44
-55
-68
-82
-93
-101
-107
-113
-115
-117
-118
-119
-119
-117
-114
-110
-101
-92
-80
-68
-55
-43
-32
-19
-8
4
17
27
38
47
53
58
59
59
58
55
52
47
40
32
27
23
16
14
11
10
15
15
20
29
37
48
60
70
81
88
96
104
110
110
110
107
101
93
83
70
56
44
30
13
-1
-15
-29
-39
-49
-58
-66
-70
-74
-79
-81
-81
-80
-79
-77
-77
-77
-75
-74
-73
-71
-71
-71
-70
-72
-71
-67
-65
-63
-59
-54
-52
-48
-43
-37
-31
-26
-18
-11
-7
1
11
16
23
27
33
39
43
47
51
54
56
60
59
61
61
59
58
54
53
49
49
45
44
45
43
41
41
41
46
49
53
57
59
64
66
70
70
70
66
63
54
45
34
21
8
-7
-21
-36
-48
-66
-78
-85
-94
-99
-104
-107
-102
-100
-94
-87
-80
-70
-60
-52
-44
-34
-27
-22
-16
-16
-13
-12
-11
-12
-16
-15
-18
-23
-23
-25
-26
-29
-30
-28
-28
-27
-24
-20
-17
-13
-9
-2
6
11
17
25
34
42
49
58
66
73
80
84
89
95
98
97
96
93
89
85
79
70
61
52
44
33
23
11
4
-2
-9
-13
-16
-19
-21
-21
-21
-21
-19
-16
-16
-13
-13
-14
-13
-16
-19
-24
-27
-33
-40
-45
-54
-60
-66
-72
-75
-79
-80
-82
-79
-78
-77
-75
-70
-66
-62
-56
-50
-46
-44
-39
-33
-28
-20
-15
-8
0
10
22
31
43
54
65
77
88
95
101
108
113
112
110
106
101
94
87
78
69
61
53
46
39
36
37
33
32
31
31
30
27
24
15
5
-6
-19
-34
-52
-70
-89
-106
-120
-132
-143
-149
-151
-145
-140
-129
-115
-98
-82
-62
-42
-23
-4
10
25
34
43
47
51
55
52
52
50
49
46
45
45
45
42
45
47
46
47
48
48
48
47
44
41
36
31
26
21
16
9
3
-2
-5
-6
-10
-12
-14
-15
-15
-16
-17
-20
-21
-23
-25
-29
-32
-34
-36
-36
-37
-37
-34
-34
-28
-23
-18
-12
-5
1
7
15
19
26
28
32
36
37
37
36
37
33
26
21
16
9
4
-3
-10
-14
-21
-28
-32
-36
-39
-40
-42
-43
-41
-39
-35
-28
-23
-14
-5
0
9
15
19
25
28
30
31
32
28
26
23
17
16
12
7
2
-2
-4
-5
-7
-8
-7
-6
-6
-4
-4
-3
-2
-2
-4
-2
-1
-2
-2
-3
-2
-1
-3
-2
-2
-1
1
1
-1
-3
-6
-7
-10
-15
-17
-21
-22
-23
-23
-21
-20
-14
-8
-3
7
18
27
38
47
56
63
65
65
64
60
54
45
36
25
12
-2
-14
-24
-33
-41
-47
-48
-50
-49
-46
-41
-38
-31
-25
-17
-12
-6
1
5
8
11
13
12
14
14
10
10
7
3
1
-1
-4
-9
-14
-18
-21
-25
-27
-29
-29
-25
-22
-18
-13
-6
2
10
19
27
34
41
45
50
52
50
49
44
39
35
28
20
12
5
-2
-8
-12
-14
-15
-15
-16
-14
-12
-11
-9
-8
-6
-6
-4
-3
0
-2
-5
-5
-6
-8
-8
-7
-7
-10
-10
-12
-14
-14
-16
-16
-20
-21
-21
-21
-20
-19
-16
-14
-8
-5
-2
4
8
15
15
19
21
24
24
24
21
17
15
12
8
3
0
-4
-5
-8
-7
-7
-5
-2
0
4
6
6
8
12
11
11
9
5
3
0
-4
-8
-13
-17
-17
-21
-21
-21
-21
-22
-22
-20
-18
-14
-11
-8
-3
1
5
8
10
14
19
24
26
26
28
28
28
28
27
28
27
23
22
19
16
12
10
7
3
2
-1
-1
-2
-3
-3
0
0
1
0
2
-1
-1
-2
-6
-12
-18
-23
-28
-32
-35
-38
-42
-44
-45
-48
-48
-47
-45
-43
-42
-40
-37
-34
-31
-29
-23
-19
-14
-6
-1
4
8
13
17
20
23
27
28
34
36
33
33
35
36
37
38
38
40
40
42
42
43
42
44
46
47
50
52
53
53
54
53
50
49
44
39
33
24
16
8
-2
-10
-16
-23
-28
-33
-38
-41
-47
-51
-55
-56
-59
-60
-60
-61
-61
-63
-63
-62
-61
-58
-56
-55
-50
-48
-48
-46
-45
-41
-40
-39
-32
-28
-24
-19
-15
-10
-6
1
7
12
16
22
24
27
29
27
30
35
40
45
47
50
53
54
57
57
60
62
64
66
65
65
64
64
64
60
60
59
55
50
46
35
29
20
13
7
1
-4
-10
-15
-22
-27
-30
-33
-36
-38
-42
-43
-47
-52
-57
-61
-63
-67
-65
-66
-64
-63
-62
-61
-62
-62
-59
-56
-57
-50
-45
-42
-39
-35
-31
-26
-19
-14
-7
-2
3
5
6
9
9
10
15
16
21
24
28
32
33
36
41
46
51
54
58
59
60
59
59
59
60
60
59
58
57
53
47
42
37
32
28
24
18
13
7
2
-1
-5
-7
-10
-12
-17
-20
-23
-28
-33
-37
-42
-44
-45
-48
-48
-49
-50
-48
-47
-45
-41
-39
-37
-32
-31
-28
-26
-24
-21
-22
-18
-15
-11
-11
-10
-7
-7
-6
-5
-2
-1
1
3
7
7
7
9
10
13
16
20
22
23
22
24
24
25
25
24
25
25
27
28
29
27
27
27
26
24
23
21
20
16
13
12
9
8
8
8
7
8
7
4
-1
-3
-5
-8
-11
-10
-13
-15
-19
-19
-17
-17
-17
-15
-13
-13
-10
-10
-9
-8
-8
-9
-7
-6
-6
-7
-7
-8
-9
-10
-10
-9
-8
-6
-3
-3
-2
-2
-1
1
2
3
3
4
5
5
3
2
1
1
1
1
1
2
4
3
5
6
8
8
10
9
9
9
7
7
6
4
2
2
1
0
0
-1
3
3
1
4
4
3
2
5
4
0
0
-2
0
-1
-3
-3
-4
-4
-3
-4
-3
-2
-3
-1
-2
-1
-1
-1
-2
-5
-5
-7
-8
-8
-9
-9
-9
-8
-7
-7
-5
-2
-4
0
1
1
2
2
2
2
0
0
-1
0
-3
-3
-5
-6
-6
-6
-1
0
-1
-2
0
2
3
2
0
0
-2
0
2
0
-1
-3
0
1
-2
1
4
3
2
1
2
2
-1
2
-1
-2
-3
-5
-6
-4
-2
-4
-2
1
3
3
6
1
-2
0
2
2
-2
-6
-6
-3
-4
-3
-8
-8
-7
-3
1
0
0
5
10
9
1
-1
1
3
-1
-6
-6
-3
1
3
1
0
1
5
6
3
2
0
4
4
5
4
3
5
8
10
6
2
2
2
0
-6
-8
-8
-7
-4
-3
0
3
4
5
9
10
4
1
4
9
3
-10
-9
-4
-4
-12
-15
-10
-2
6
9
4
1
3
9
6
-3
-12
-11
0
0
-7
-4
5
4
-5
-3
-3
-7
-6
-1
-3
-8
2
11
14
13
11
11
12
13
7
2
2
-5
-13
-8
-4
-10
-17
-7
-1
1
6
12
16
14
12
10
5
5
-3
-6
-8
-11
-17
-18
-5
-7
-9
-5
5
11
8
7
6
4
-1
-4
-5
-6
-2
0
-1
3
4
3
-6
-7
-2
-6
-11
-7
1
2
4
14
12
3
4
11
7
-5
-5
-5
-5
-5
-7
-5
-3
1
-1
1
4
3
7
6
-5
-15
-7
7
-5
-10
-1
9
10
7
11
3
-4
-8
-14
-14
-6
-3
-4
1
14
10
5
9
12
-2
-16
-3
11
14
2
2
13
10
-1
-9
-12
-15
-18
-10
-12
-11
3
15
5
-7
-1
0
-4
-11
-13
-13
-11
-6
-5
-6
-4
-7
-7
4
8
2
0
12
13
12
6
0
8
14
10
6
13
22
18
20
19
10
1
7
15
-4
-3
-1
8
5
3
7
4
15
12
2
-8
-7
-5
-5
-10
-18
-23
-10
-1
-9
-12
3
6
-9
-2
23
19
20
25
25
21
16
26
17
11
4
2
10
8
4
8
24
13
11
20
20
3
-7
-6
-19
-23
-13
-10
-8
-8
-2
10
12
18
11
13
29
28
35
32
28
20
27
26
18
34
27
27
27
34
25
20
26
28
24
19
29
20
20
22
8
-4
-6
-7
-13
-20
-14
-18
-15
-19
-20
-21
-22
-21
-8
-4
-9
-1
-12
8
24
15
12
2
2
8
8
5
3
-13
-18
-15
-11
-13
-13
6
12
-32
-17
-27
-5
-66
4
-238
-718
-444
-128
-197
-446
-217
136
138
197
292
260
105
69
119
-296
-465
-337
-284
-352
-428
-221
-107
-117
25
98
174
294
422
502
398
319
-21
-129
-114
-105
-197
-402
-289
-92
-149
-140
16
228
196
304
499
360
214
221
273
190
117
142
-43
-6
210
-22
-42
-19
182
155
77
95
133
269
109
89
212
279
102
-9
195
117
-140
41
-90
89
44
-85
-19
-194
-41
21
-265
-90
230
-106
-162
-11
122
-172
-158
136
165
-194
-142
168
2
-230
11
45
-127
-63
-97
4
-242
-219
38
-147
-303
105
150
-142
-158
186
180
-176
-61
213
62
-155
116
99
-134
-78
145
2
-313
-64
121
-191
-322
58
67
-358
-162
81
-61
-208
-33
178
-52
-88
204
180
-49
-34
126
221
-153
-79
126
61
-84
-108
75
-31
-162
-26
89
22
-73
-145
-82
70
142
56
-105
3
221
149
13
-87
-36
47
172
-51
-203
-79
150
139
-15
-37
104
205
151
42
74
169
23
-24
88
66
-107
-117
-83
-134
-148
-40
-35
-79
-30
-11
48
72
100
-10
-40
136
99
-45
-40
79
-98
-166
39
79
-161
-239
27
170
-88
-330
51
266
-140
-280
70
178
-129
-206
49
201
-68
-97
104
68
-27
87
200
120
-51
16
187
2
-120
19
52
-88
-61
-36
16
-18
50
-39
-201
-37
287
20
-296
73
346
165
-141
83
306
96
-187
13
272
-64
-346
-61
243
51
-243
-68
141
155
-147
-33
74
52
38
-93
-74
42
46
-115
-140
52
60
-126
-130
-20
171
-43
-104
10
133
128
-144
-125
153
153
-55
-104
35
105
-186
-217
153
141
-292
-169
158
115
-86
-279
36
234
-107
-162
33
159
-2
-268
-40
330
118
-258
-149
146
246
-44
-342
12
318
137
-55
-157
-18
258
100
-264
-159
153
135
-116
-202
33
184
58
-97
-56
152
234
0
-157
24
281
106
-203
-123
66
142
46
-224
-127
235
207
-83
-278
19
283
114
-203
-170
186
255
-75
-292
-24
242
188
-118
-251
21
263
70
-210
-127
73
104
30
-108
-116
-1
65
24
-12
-48
-72
23
29
-27
-40
-45
-37
-18
-2
-33
-11
9
-57
-45
17
30
-26
-83
-25
36
57
5
-38
-27
17
78
43
-50
1
62
44
11
-33
8
30
-27
-1
15
-49
-120
-100
-36
-44
-51
-64
-47
-24
6
-28
-19
114
177
83
-2
66
192
186
47
-62
25
109
52
-37
-85
-58
-7
31
-25
-79
-26
22
48
15
-40
-33
14
57
38
-55
-90
-50
4
-21
-64
-41
-24
-3
18
15
10
12
46
58
32
8
38
42
25
30
-28
-7
8
-34
-5
-5
-27
-7
-17
-39
-40
4
-11
-16
-19
-27
-6
-8
18
6
-23
10
17
-8
-24
-10
6
-21
-21
-38
-37
-9
-17
-49
-28
13
14
12
13
26
71
48
18
43
68
66
37
41
21
-16
14
18
-7
-34
-31
-18
-51
-67
-52
-42
-53
-81
-38
-15
-49
-67
-14
10
2
11
3
27
74
69
44
35
44
63
56
11
21
60
26
-5
-16
5
-2
-20
-6
-8
-27
-8
-10
-41
-39
-8
-17
-35
-36
-37
-19
-7
-20
-28
-9
5
10
3
13
11
12
24
22
16
52
42
3
17
23
20
34
29
2
-11
1
6
-5
-7
-21
-26
-27
-5
-16
-32
-20
-13
-11
-5
2
2
-2
-8
-13
-6
8
14
-8
-14
11
8
9
4
-4
-3
19
15
7
15
-5
0
11
-21
-23
14
12
-8
2
33
15
-4
19
38
19
5
0
1
-8
-31
-37
-36
-43
-42
-56
-57
-8
1
-8
-14
-18
33
97
82
32
-3
11
54
81
50
3
-49
-54
-1
26
3
-67
-102
-57
11
41
3
-56
-46
9
48
45
1
-27
-2
10
13
29
6
-21
-16
-7
-7
2
-17
-28
-15
15
34
2
-38
-8
40
23
-24
-26
11
41
32
14
22
16
-2
4
7
-10
-17
-30
-33
-26
-34
-37
-21
-16
-17
-11
-7
16
35
26
23
34
62
67
23
2
13
20
17
-13
-45
-35
-11
-6
-25
-53
-30
19
20
12
12
11
34
50
24
-20
-39
-14
-2
-31
-60
-61
-30
-1
-4
-9
0
5
20
27
18
8
1
9
26
7
-3
1
-8
2
6
7
41
46
19
18
27
51
52
7
-34
-44
-56
-49
-66
-120
-145
-121
-81
-60
-67
-45
13
60
93
106
104
106
125
129
99
37
10
19
21
7
-22
-48
-54
-30
-22
-40
-52
-49
-39
-29
-41
-43
-27
-15
-22
-32
-40
-16
7
16
6
-20
-10
33
45
29
23
8
19
54
58
31
29
38
50
39
22
28
22
4
-10
-13
-23
-40
-42
-48
-74
-106
-105
-73
-35
-33
-39
-6
41
78
100
93
80
82
84
98
58
-4
-14
10
28
-4
-47
-38
-13
-8
-21
-34
-49
-39
-6
-6
-24
-53
-48
11
20
-23
-41
-15
32
19
-15
-18
-5
33
40
-2
1
25
21
10
6
-5
-18
-23
4
15
-18
-29
0
45
38
29
29
39
40
25
-3
-4
-10
-4
-8
-43
-35
-26
8
12
-1
9
21
27
73
63
1
-18
44
91
18
-40
-35
33
81
-1
-53
-50
17
87
34
-46
-34
18
50
47
5
-14
-38
5
26
14
-41
-73
-47
-15
-22
-39
-61
-89
-65
-34
-24
-87
-77
-45
-4
-9
-43
-11
40
29
3
21
50
21
-12
63
71
22
-63
-30
63
69
-31
-81
-91
-11
23
-38
-85
-125
-59
7
24
-47
-91
-48
66
56
36
-22
33
85
81
43
20
-16
36
73
21
-19
-88
-4
65
43
-61
-41
47
82
13
-36
25
47
18
-43
35
74
7
-58
0
46
19
-14
-35
24
9
4
-36
-39
-30
30
45
-84
-125
19
104
-81
-140
-64
87
45
-99
-56
43
56
-12
-49
48
68
31
9
14
38
33
40
9
-4
39
50
-14
-77
-2
44
-22
-72
-50
1
19
12
-24
-57
-35
88
80
-29
-80
-45
63
58
-91
-111
26
139
71
-10
57
139
211
142
122
146
153
144
96
90
25
-12
-9
-10
-24
-86
-113
-121
-130
-121
-87
-35
-72
-101
-94
27
100
21
-113
-73
151
122
-63
-69
40
61
-6
-13
8
-37
-41
5
33
-113
-143
59
90
-122
-170
27
100
-53
-147
-59
30
-55
-76
-70
-20
-5
-104
-114
11
100
-47
-143
-21
76
34
-33
-34
-57
2
122
79
-30
-39
124
140
-11
-32
74
139
56
-50
-29
122
186
44
-31
44
167
190
90
-25
-4
122
142
76
-25
-50
50
120
20
-114
-57
46
5
-78
-130
-88
-41
-81
-152
-153
-129
-76
-38
-136
-179
-78
-38
-93
-156
-126
-42
-23
-100
-133
-69
-45
-58
-94
-118
-133
-56
19
-79
-150
-61
40
46
24
42
51
95
95
130
152
83
87
193
282
214
123
179
309
286
181
210
301
333
279
243
307
353
377
300
215
243
343
330
158
57
98
166
97
-78
-190
-201
-163
-220
-377
-488
-490
-446
-505
-614
-664
-646
-649
-668
-650
-632
-611
-566
-504
-445
-434
-403
-339
-278
-243
-202
-146
-109
-57
-29
23
94
139
142
177
309
401
392
410
486
591
633
623
658
740
730
707
754
825
861
803
768
880
989
863
702
722
725
529
263
114
60
-52
-278
-515
-617
-642
-736
-927
-1066
-1041
-939
-908
-931
-865
-740
-617
-521
-460
-382
-253
-147
-106
-46
41
97
112
112
141
162
142
109
87
98
76
11
-40
-89
-167
-282
-416
-556
-656
-703
-720
-748
-759
-690
-596
-507
-417
-302
-136
21
174
315
434
512
585
687
746
803
871
920
975
1035
1101
1182
1257
1296
1365
1489
1547
1428
1164
894
721
602
364
-7
-307
-455
-568
-766
-1015
-1251
-1367
-1362
-1335
-1285
-1232
-1190
-1095
-928
-747
-608
-500
-398
-244
-16
156
244
304
350
431
507
523
456
378
373
381
350
256
109
-12
-99
-199
-380
-609
-800
-899
-912
-937
-1020
-1079
-1047
-922
-782
-677
-577
-422
-179
73
272
407
511
640
795
965
1097
1169
1228
1313
1431
1531
1596
1675
1757
1796
1772
1643
1384
1071
779
512
212
-105
-419
-725
-989
-1224
-1447
-1652
-1802
-1842
-1771
-1654
-1534
-1413
-1253
-1056
-844
-636
-451
-261
-65
142
348
496
593
659
717
759
770
761
696
626
572
490
362
181
10
-118
-240
-347
-454
-545
-632
-726
-818
-956
-1060
-1094
-1067
-994
-930
-862
-768
-631
-461
-329
-201
-68
108
346
529
659
737
834
972
1077
1150
1188
1249
1345
1410
1479
1504
1521
1566
1604
1594
1381
1048
731
478
248
-79
-431
-747
-1010
-1176
-1349
-1552
-1779
-1906
-1817
-1642
-1463
-1338
-1197
-966
-707
-455
-274
-126
64
267
510
708
812
855
883
970
1006
951
851
764
706
585
427
252
20
-200
-382
-528
-764
-1086
-1304
-1373
-1365
-1413
-1477
-1441
-1338
-1157
-942
-762
-610
-421
-116
213
470
637
768
967
1185
1351
1460
1526
1582
1655
1753
1822
1830
1841
1882
1906
1764
1413
1009
674
391
70
-296
-673
-1019
-1268
-1455
-1651
-1859
-2014
-2000
-1818
-1599
-1440
-1297
-1088
-820
-530
-256
-33
145
334
550
744
854
879
876
912
946
915
811
675
554
443
319
161
-31
-235
-412
-538
-641
-779
-929
-1009
-1012
-987
-959
-963
-984
-977
-905
-778
-681
-637
-596
-493
-331
-204
-145
-88
13
165
333
460
531
579
648
746
845
913
944
977
1041
1124
1174
1190
1201
1232
1304
1379
1426
1362
1134
867
658
468
206
-124
-421
-661
-863
-1038
-1216
-1429
-1619
-1649
-1511
-1346
-1260
-1184
-1025
-811
-591
-402
-247
-90
91
318
529
641
681
717
801
896
904
805
668
568
495
383
211
-2
-229
-412
-507
-587
-730
-880
-952
-951
-1002
-1112
-1170
-1166
-1115
-1025
-892
-733
-602
-444
-235
-34
133
284
467
663
818
926
999
1037
1061
1099
1139
1160
1155
1132
1136
1163
1189
1216
1234
1257
1223
1087
902
709
528
330
97
-131
-355
-556
-720
-874
-1038
-1205
-1304
-1311
-1279
-1259
-1229
-1147
-1026
-890
-771
-667
-561
-448
-303
-152
-24
90
187
285
371
413
436
443
459
480
470
434
360
263
156
58
-20
-100
-191
-269
-321
-373
-443
-507
-561
-589
-599
-608
-595
-574
-530
-481
-456
-432
-402
-334
-215
-81
47
144
232
328
414
484
540
594
639
685
721
718
683
642
635
648
656
658
663
693
733
750
748
748
771
778
702
566
412
272
135
-30
-214
-391
-532
-635
-738
-876
-1013
-1093
-1099
-1064
-1019
-970
-907
-825
-724
-623
-542
-460
-362
-225
-67
61
144
199
260
325
363
373
370
375
388
388
358
297
220
155
109
64
10
-43
-93
-140
-195
-254
-323
-398
-455
-477
-470
-444
-427
-407
-363
-287
-190
-102
-26
61
165
279
368
416
440
475
533
586
610
609
617
646
685
708
711
719
746
786
798
757
675
589
511
431
326
200
76
-28
-116
-214
-335
-461
-551
-594
-613
-641
-682
-716
-722
-717
-720
-742
-757
-738
-679
-612
-561
-523
-470
-390
-301
-218
-152
-84
-1
89
166
222
255
279
305
331
349
346
331
317
315
318
303
264
218
188
174
154
113
67
38
29
13
-29
-89
-138
-165
-187
-222
-260
-285
-293
-291
-298
-309
-316
-310
-290
-269
-252
-235
-212
-181
-143
-104
-71
-41
-5
40
92
139
179
225
281
339
383
400
407
418
436
449
450
446
441
435
417
382
344
307
275
245
215
177
132
70
-3
-70
-124
-164
-202
-234
-255
-263
-272
-291
-310
-314
-292
-246
-198
-156
-124
-92
-63
-38
-19
-7
12
39
61
59
36
3
-37
-73
-108
-145
-179
-215
-249
-285
-325
-360
-389
-407
-412
-405
-391
-376
-359
-337
-299
-250
-195
-133
-58
27
113
197
278
367
460
549
630
698
758
806
834
843
843
833
810
766
705
631
554
463
365
269
185
109
30
-51
-128
-197
-269
-344
-414
-470
-508
-545
-584
-619
-638
-645
-647
-643
-620
-574
-509
-442
-378
-299
-217
-133
-55
7
71
137
196
235
247
254
254
246
228
197
167
135
101
61
14
-35
-83
-125
-162
-191
-217
-243
-274
-294
-306
-314
-321
-320
-302
-267
-222
-183
-144
-96
-35
32
94
154
213
271
319
352
373
384
389
382
365
351
332
299
252
204
165
128
84
31
-12
-39
-63
-101
-147
-184
-207
-222
-242
-266
-279
-274
-261
-246
-231
-209
-173
-127
-77
-25
29
84
137
190
235
275
302
317
326
326
320
296
259
216
177
135
85
26
-33
-81
-122
-155
-190
-218
-234
-237
-236
-234
-231
-219
-196
-168
-139
-112
-84
-55
-25
3
30
57
77
101
133
166
192
212
231
257
284
300
307
313
325
335
333
316
291
267
238
199
147
96
51
4
-49
-102
-149
-196
-242
-286
-318
-337
-351
-359
-361
-356
-341
-327
-318
-301
-272
-233
-200
-171
-144
-113
-90
-75
-71
-69
-61
-57
-55
-62
-71
-82
-94
-107
-117
-121
-120
-110
-91
-67
-42
-17
13
45
84
121
156
194
228
256
278
289
294
294
292
289
278
263
246
232
217
199
180
167
158
151
148
138
131
130
124
118
108
100
86
70
52
29
6
-21
-50
-84
-113
-141
-173
-210
-240
-264
-282
-298
-312
-317
-311
-299
-288
-278
-263
-241
-212
-186
-163
-142
-123
-106
-93
-88
-84
-83
-81
-78
-79
-87
-97
-103
-107
-105
-102
-98
-91
-79
-61
-45
-29
-10
15
45
76
104
132
160
185
210
233
256
277
296
313
330
340
346
346
346
346
344
339
329
319
303
285
265
242
219
199
182
163
142
118
93
69
45
18
-10
-39
-64
-89
-120
-150
-183
-212
-235
-256
-273
-287
-300
-308
-314
-316
-319
-316
-314
-310
-300
-293
-283
-273
-263
-253
-242
-227
-210
-193
-174
-154
-134
-112
-92
-73
-51
-29
-7
15
32
46
63
73
86
96
103
116
124
134
145
153
165
179
187
199
213
225
235
247
252
254
254
248
243
235
227
221
212
204
195
184
175
162
155
145
133
119
102
85
64
39
14
-11
-38
-59
-81
-102
-121
-141
-157
-169
-181
-190
-196
-202
-205
-209
-212
-219
-225
-231
-240
-243
-248
-249
-248
-248
-244
-237
-229
-219
-206
-189
-165
-140
-114
-89
-62
-36
-10
14
39
64
89
113
134
151
164
176
187
198
203
206
210
207
199
188
172
154
133
111
91
69
52
34
22
11
6
4
5
16
28
45
64
83
99
113
125
135
141
146
147
141
134
122
105
83
61
36
11
-17
-43
-70
-101
-130
-160
-187
-211
-231
-246
-261
-268
-271
-270
-267
-257
-242
-223
-197
-167
-135
-101
-63
-29
2
34
67
96
124
146
161
178
185
186
184
180
173
164
153
141
126
109
90
72
52
35
20
5
-10
-23
-37
-49
-63
-72
-79
-81
-81
-78
-72
-66
-57
-47
-37
-23
-8
8
25
42
57
68
78
85
90
96
99
98
95
88
80
66
51
33
16
-2
-19
-35
-53
-70
-87
-105
-119
-130
-142
-146
-148
-149
-147
-142
-134
-125
-108
-93
-74
-53
-35
-15
6
24
40
53
67
78
87
92
96
94
91
86
79
72
63
57
51
41
30
19
8
-1
-9
-17
-22
-26
-31
-36
-42
-47
-47
-48
-45
-45
-39
-32
-27
-20
-13
-2
8
17
26
39
51
63
75
82
87
90
94
98
103
104
100
95
89
82
70
57
45
30
13
-4
-21
-42
-63
-86
-104
-121
-138
-149
-160
-168
-173
-175
-173
-169
-159
-146
-130
-111
-90
-69
-48
-27
-6
17
36
57
78
94
106
118
125
126
128
124
121
117
109
99
88
73
57
43
26
13
-2
-17
-30
-41
-55
-63
-69
-74
-74
-71
-66
-58
-50
-39
-25
-10
5
19
37
54
72
87
99
110
117
125
128
127
126
120
114
104
88
69
48
25
0
-28
-51
-75
-102
-127
-149
-171
-188
-204
-210
-216
-216
-209
-201
-185
-167
-142
-116
-88
-55
-23
10
43
72
100
122
144
164
179
190
194
193
189
178
164
146
128
107
84
60
36
9
-15
-38
-60
-78
-95
-105
-115
-121
-125
-125
-119
-114
-103
-92
-74
-60
-42
-23
-7
9
27
44
58
70
81
89
94
97
95
91
87
79
71
58
45
30
15
0
-17
-31
-47
-59
-70
-81
-90
-95
-98
-99
-98
-93
-86
-76
-63
-49
-33
-18
-1
15
31
46
60
74
82
91
97
98
96
93
87
79
69
59
47
31
16
3
-10
-23
-34
-43
-52
-58
-62
-65
-63
-62
-60
-54
-49
-40
-33
-23
-16
-6
2
12
19
25
31
35
40
44
44
45
42
38
35
28
22
15
7
-2
-6
-15
-24
-32
-38
-43
-47
-52
-53
-53
-52
-49
-46
-41
-34
-28
-19
-10
1
12
21
34
43
53
60
67
74
79
82
81
80
76
71
63
53
43
31
18
5
-7
-19
-30
-42
-55
-63
-70
-76
-78
-79
-79
-76
-71
-64
-57
-46
-37
-26
-12
-3
7
18
27
36
43
51
55
57
59
56
51
47
45
41
32
24
17
10
4
-2
-12
-18
-23
-26
-32
-36
-41
-41
-42
-44
-44
-44
-45
-42
-37
-31
-27
-21
-15
-7
0
10
19
26
35
41
48
55
60
63
65
67
63
60
56
50
41
31
21
11
0
-12
-21
-34
-41
-47
-53
-57
-59
-60
-59
-59
-58
-52
-48
-41
-36
-30
-25
-17
-10
-5
0
8
12
15
21
22
26
28
27
28
27
26
22
21
17
14
12
9
7
5
4
3
-1
-4
-7
-7
-10
-10
-10
-10
-11
-11
-11
-10
-10
-9
-9
-8
-8
-9
-6
-5
-3
0
2
6
9
13
15
18
22
23
23
27
27
25
24
22
16
12
7
2
-3
-10
-15
-19
-24
-25
-25
-27
-29
-26
-24
-22
-19
-15
-11
-7
-2
-1
1
1
4
5
5
6
4
5
4
5
7
8
12
10
10
9
12
14
15
16
16
15
13
12
9
7
3
2
-2
-7
-11
-15
-15
-18
-20
-20
-21
-20
-18
-18
-18
-14
-11
-8
-6
-5
-2
2
7
8
10
14
16
16
20
21
20
22
21
20
22
18
18
16
15
11
8
4
2
-1
-3
-4
-8
-9
-13
-12
-11
-12
-11
-9
-8
-7
-5
-3
-3
-3
-1
0
1
2
2
2
4
0
-1
0
1
0
1
2
3
4
8
7
8
9
8
9
9
9
7
2
2
0
-5
-8
-11
-13
-18
-20
-19
-20
-21
-20
-16
-12
-10
-8
-4
1
5
8
12
12
13
15
16
16
17
15
12
11
9
8
7
4
2
3
1
1
1
-2
0
0
-2
-3
-3
-4
-4
-5
-8
-9
-10
-11
-11
-11
-12
-11
-10
-9
-9
-6
-7
-6
-4
-3
-1
0
1
1
4
5
4
4
4
5
4
4
2
3
3
2
2
1
1
-1
-1
-1
-3
-5
-6
-8
-7
-8
-8
-9
-10
-10
-10
-10
-8
-5
-4
-2
0
0
1
2
3
5
6
9
9
7
7
5
2
2
2
1
1
1
0
0
-1
-2
-1
-2
-1
-1
-1
0
-1
-1
0
-2
-3
-2
0
-1
-2
0
-2
-1
1
0
0
0
0
0
0
1
2
3
2
2
3
3
3
1
3
3
2
2
2
2
0
2
1
1
1
1
1
2
1
1
0
0
2
1
-1
1
0
-1
-1
1
2
3
2
3
2
2
3
5
3
2
4
2
1
1
2
1
1
1
1
-1
0
0
-2
0
-1
-1
-1
-3
-3
-3
-2
-2
-3
-2
-2
-2
-1
-3
-4
-4
-6
-6
-7
-8
-8
-9
-8
-7
-6
-6
-7
-7
-5
-6
-7
-5
-4
-4
-2
-2
-2
0
1
1
0
1
0
0
0
0
1
3
4
6
6
5
7
7
7
9
10
11
10
10
10
9
10
9
9
8
8
5
5
5
5
3
2
2
1
2
2
1
0
1
2
1
3
2
2
3
3
2
1
-1
0
0
-4
-4
-7
-8
-9
-11
-12
-11
-13
-13
-14
-13
-12
-12
-12
-10
-10
-10
-9
-8
-6
-8
-8
-7
-6
-7
-7
-7
-7
-7
-7
-7
-7
-4
-3
-1
-1
0
2
4
6
7
8
9
13
13
14
16
17
17
17
18
16
16
15
14
15
13
10
9
10
11
9
11
11
12
10
12
12
11
12
12
12
10
7
6
6
3
1
-2
-5
-5
-7
-8
-10
-12
-13
-12
-12
-13
-11
-10
-11
-9
-8
-8
-9
-8
-10
-9
-9
-9
-10
-12
-13
-12
-13
-13
-14
-14
-15
-14
-11
-10
-9
-8
-4
-2
-1
2
4
6
7
6
8
7
9
9
8
9
10
10
10
9
9
9
9
11
11
10
13
13
14
16
17
18
19
20
17
16
15
14
14
11
9
9
4
3
-1
-3
-5
-6
-7
-9
-9
-9
-9
-11
-10
-10
-10
-10
-9
-9
-10
-8
-9
-10
-13
-14
-15
-15
-16
-15
-16
-15
-15
-13
-14
-13
-11
-10
-7
-6
-4
-4
-3
0
1
0
3
2
2
2
1
1
1
0
0
-1
-3
-4
-4
-3
-2
0
0
2
3
5
6
9
11
13
14
14
14
15
14
14
15
14
13
13
11
9
7
6
5
4
2
2
1
0
-1
-3
-3
-4
-3
-4
-5
-6
-6
-5
-8
-7
-7
-8
-8
-8
-7
-5
-7
-7
-8
-7
-5
-4
-5
-5
-4
-4
-2
-3
-3
-3
-4
-4
-4
-6
-5
-6
-6
-7
-8
-9
-11
-11
-11
-10
-10
-13
-11
-9
-6
-4
-2
1
2
5
6
8
11
13
13
12
14
15
15
14
15
13
13
10
11
12
9
9
8
7
4
2
1
0
0
0
-1
-4
-3
-4
-5
-7
-4
-5
-5
-5
-5
-3
-2
-2
-1
0
0
2
4
4
4
6
7
7
8
7
7
8
5
5
3
3
1
-2
-3
-5
-6
-7
-7
-9
-9
-7
-8
-9
-7
-9
-8
-8
-8
-6
-4
-2
1
2
1
3
5
6
6
9
10
10
10
11
11
11
11
10
9
9
8
7
5
5
6
3
3
2
1
0
-1
-2
-4
-3
-3
-2
-2
-1
-1
0
-1
0
-1
-1
2
4
2
3
4
2
4
2
3
3
1
1
0
0
-2
-5
-4
-5
-7
-7
-8
-8
-12
-12
-13
-13
-14
-14
-14
-14
-13
-15
-12
-12
-11
-9
-9
-6
-4
-2
0
2
3
4
6
7
8
7
10
12
10
10
9
8
7
7
7
6
5
3
2
2
0
1
1
2
-1
-1
1
1
2
1
3
3
5
5
4
5
8
7
10
9
10
10
9
10
9
8
6
6
4
3
1
0
-1
-3
-4
-6
-6
-8
-9
-11
-12
-14
-12
-14
-17
-16
-17
-18
-16
-17
-16
-15
-14
-13
-13
-13
-12
-12
-10
-7
-8
-8
-7
-7
-6
-5
-4
-3
-3
-2
-3
-2
-1
-2
-1
0
-1
0
2
3
3
3
6
6
6
8
9
11
12
12
14
15
15
16
16
18
19
19
18
18
19
17
16
16
14
14
13
11
9
9
8
6
4
4
1
-2
-2
-5
-6
-8
-10
-11
-12
-13
-13
-14
-16
-17
-17
-17
-17
-17
-17
-16
-18
-16
-15
-15
-14
-15
-15
-14
-13
-11
-12
-11
-10
-9
-8
-7
-6
-5
-2
-2
-1
0
2
2
4
7
7
7
7
9
8
12
13
13
15
15
16
17
16
17
18
18
19
19
20
19
17
17
16
16
16
16
16
14
13
12
12
11
11
10
7
4
3
2
0
-2
-3
-7
-6
-8
-9
-11
-15
-14
-16
-18
-19
-22
-22
-22
-25
-25
-27
-26
-25
-24
-25
-25
-23
-25
-24
-22
-21
-21
-18
-17
-16
-15
-15
-14
-11
-8
-7
-4
-2
1
2
4
7
9
9
13
18
18
22
25
27
28
29
29
31
31
32
34
36
36
36
35
35
35
35
35
34
33
35
34
33
31
29
29
27
26
21
19
19
16
13
11
8
5
2
-1
-4
-7
-9
-12
-14
-19
-21
-23
-25
-26
-29
-29
-31
-34
-35
-34
-36
-37
-37
-39
-40
-40
-39
-39
-39
-39
-39
-37
-36
-34
-33
-32
-29
-28
-24
-22
-19
-17
-15
-12
-10
-8
-6
-4
-1
3
8
10
12
13
16
20
22
24
26
28
30
31
30
33
35
35
34
35
33
35
33
32
32
30
29
26
25
24
22
21
18
16
15
12
10
7
5
3
-1
-4
-7
-9
-12
-13
-17
-19
-20
-22
-25
-27
-29
-31
-34
-36
-36
-38
-40
-39
-40
-39
-39
-40
-40
-38
-40
-39
-36
-35
-31
-31
-28
-27
-25
-24
-23
-20
-18
-15
-12
-10
-6
-4
-2
0
4
9
9
11
15
17
17
19
23
24
29
30
31
34
35
36
40
41
42
44
44
45
43
44
44
43
44
43
41
41
40
39
39
37
36
34
32
31
30
28
25
23
21
17
14
12
10
6
5
2
2
1
-2
-6
-8
-9
-11
-13
-16
-17
-18
-17
-19
-21
-21
-21
-21
-21
-23
-23
-23
-19
-20
-19
-19
-18
-17
-16
-17
-19
-18
-16
-17
-17
-19
-18
-16
-15
-12
-14
-14
-14
-13
-12
-12
-11
-11
-8
-5
-1
1
4
8
8
9
9
7
5
2
1
2
1
5
7
10
17
21
23
22
23
25
22
20
14
12
11
8
2
-4
-9
-11
-13
-17
-20
-21
-21
-18
-18
-19
-21
-23
-24
-27
-31
-36
-36
-36
-35
-39
-42
-42
-43
-42
-42
-43
-41
-37
-30
-26
-22
-17
-14
-10
-10
-10
-13
-12
-10
-9
-6
-3
0
3
4
4
6
6
5
5
6
8
10
10
12
12
14
17
17
16
17
22
24
24
24
23
23
24
22
18
16
18
23
25
25
27
31
36
37
34
32
30
32
31
28
24
25
25
27
24
21
16
15
13
9
6
4
4
5
3
1
1
2
2
3
1
1
1
1
0
-2
-1
-1
0
2
3
6
9
10
14
14
14
15
15
17
19
23
28
27
27
27
28
28
26
23
19
19
18
16
10
7
6
3
0
-6
-10
-14
-15
-15
-21
-25
-25
-24
-24
-28
-30
-31
-31
-30
-32
-37
-42
-44
-45
-49
-51
-53
-51
-47
-43
-42
-40
-37
-32
-33
-34
-35
-35
-30
-28
-28
-25
-22
-21
-23
-26
-28
-29
-30
-36
-38
-38
-30
-29
-25
-21
-18
-18
-15
-13
-8
-1
2
6
7
4
5
1
-1
0
-7
1
7
8
18
29
34
50
58
58
54
50
54
47
46
35
33
36
37
36
34
30
29
26
23
21
13
13
12
13
8
9
10
9
3
5
5
6
7
3
10
5
3
2
5
2
1
5
6
6
20
17
16
18
15
23
20
25
27
37
39
30
30
26
16
5
9
19
10
12
18
15
14
22
22
20
31
25
36
30
22
27
19
18
11
12
7
10
14
7
2
3
5
1
5
11
6
4
-6
-11
-10
-13
-15
-17
-6
-14
-16
-14
-6
-15
-20
-8
-9
-1
-3
4
-3
-8
-13
-22
-29
-30
-39
-47
-63
-65
-34
-62
-74
-55
-36
-47
-37
-46
-75
-77
-114
-139
-223
-187
-428
-673
-441
-404
-532
-442
-231
63
217
322
373
242
369
363
432
254
-12
233
387
320
35
-85
-307
-127
-160
-621
-598
-273
-17
-85
285
145
0
328
441
209
13
138
135
224
197
-183
40
-41
-98
-106
-168
25
-68
189
299
143
62
318
318
127
263
212
49
359
224
62
175
123
41
144
93
191
-121
196
296
-181
34
75
-170
-70
15
-72
-142
-58
77
-41
-95
-224
-121
-93
-34
21
-6
-106
-1
-137
-56
-86
-199
-271
-279
-39
-18
-102
-249
-61
275
25
-335
10
26
-24
245
1
-91
57
190
-54
-194
-196
-305
-214
-121
-103
-210
-142
-38
-34
60
83
-80
15
230
165
-6
11
120
178
92
109
100
-28
34
152
-56
-163
-31
-47
-7
-20
-86
-41
-30
12
7
64
-22
-57
182
45
-89
-19
51
18
-44
-50
-123
-68
-26
-223
-172
-169
-256
-190
-205
-211
-290
-300
-180
-141
-195
-191
-166
-44
-42
-38
-89
-6
64
55
73
43
85
54
220
262
113
148
290
208
219
290
254
344
315
410
558
428
335
487
679
638
568
666
749
735
760
805
735
767
829
882
911
850
705
717
768
465
82
-50
-135
-458
-743
-963
-1232
-1454
-1626
-1789
-2008
-2093
-2102
-2190
-2115
-2025
-1969
-1835
-1621
-1354
-1201
-946
-791
-575
-294
-174
51
168
304
415
466
647
578
539
619
646
705
740
716
737
823
849
832
916
1100
1243
1183
1302
1521
1483
1474
1719
1941
1960
1943
2206
2398
1907
1322
1260
1238
816
313
-21
-298
-682
-1015
-1314
-1641
-2035
-2233
-2062
-1991
-2116
-2282
-2133
-1843
-1659
-1479
-1356
-1200
-884
-628
-424
-292
-190
-34
85
157
-10
-177
-277
-374
-387
-480
-664
-781
-790
-838
-889
-862
-747
-646
-503
-232
-35
20
254
590
769
794
999
1307
1436
1460
1404
1627
1841
1692
1741
1874
1983
1956
1996
2100
2275
2354
2002
1524
1228
1222
1063
670
112
-322
-540
-626
-887
-1360
-1859
-1971
-1721
-1586
-1730
-1916
-1892
-1572
-1194
-1077
-1114
-1070
-788
-544
-421
-453
-455
-340
-278
-210
-329
-555
-768
-923
-832
-758
-832
-953
-964
-850
-646
-502
-492
-357
-33
340
471
413
418
614
747
700
721
756
825
670
457
605
726
567
307
310
793
971
496
419
761
1007
1113
1222
1291
1264
1276
1302
1234
1151
1147
1146
1038
845
754
631
447
117
-111
-119
-227
-364
-541
-801
-859
-903
-972
-1061
-1219
-1217
-1184
-1175
-1209
-1308
-1316
-1234
-1151
-1129
-1162
-1201
-1183
-1025
-848
-750
-732
-725
-587
-445
-339
-264
-261
-216
-146
-27
29
14
-51
-69
-18
26
52
2
26
71
154
232
197
240
357
504
599
701
807
854
981
1103
1207
1287
1369
1444
1475
1602
1605
1470
1389
1340
1252
1154
1030
823
656
521
380
253
72
-102
-281
-371
-436
-532
-633
-726
-764
-813
-807
-843
-962
-1015
-1007
-988
-979
-1033
-1101
-1128
-1089
-1063
-1100
-1114
-1101
-1051
-953
-900
-886
-856
-732
-645
-530
-425
-415
-341
-206
-100
-59
-14
46
72
155
241
254
299
385
437
519
637
650
666
695
752
825
865
913
881
866
907
934
940
967
976
1017
1098
1093
1026
941
929
980
955
833
676
531
440
349
215
26
-163
-291
-355
-430
-573
-746
-848
-864
-848
-887
-980
-1035
-1004
-921
-861
-837
-837
-823
-757
-653
-615
-650
-671
-591
-501
-439
-440
-456
-446
-438
-383
-344
-338
-355
-372
-312
-285
-322
-366
-324
-238
-143
-84
-111
-106
-124
26
154
205
240
296
453
603
632
620
555
689
832
883
965
904
926
1011
1097
1084
1091
1102
1135
1060
987
1025
1028
973
808
718
664
600
479
271
56
-20
-22
-96
-271
-450
-531
-485
-467
-598
-716
-759
-732
-682
-719
-811
-860
-852
-822
-840
-939
-1010
-984
-969
-885
-851
-869
-889
-848
-739
-738
-691
-646
-572
-497
-493
-401
-322
-330
-283
-235
-106
-5
29
18
21
-134
-363
-141
315
420
189
205
549
995
1010
805
744
966
1249
1306
1181
1129
1274
1498
1643
1486
1279
1177
1318
1407
1203
891
806
873
852
622
286
36
-85
-115
-224
-367
-548
-647
-721
-727
-732
-766
-836
-908
-879
-770
-743
-837
-890
-888
-848
-884
-1032
-1136
-1128
-1117
-1099
-1051
-1027
-1093
-1171
-1036
-906
-875
-881
-899
-758
-552
-469
-508
-476
-412
-199
12
40
13
-19
116
421
500
383
386
512
678
793
760
691
724
917
1112
1128
1016
1054
1293
1366
1333
1368
1504
1596
1489
1369
1335
1360
1379
1303
1124
968
977
984
821
468
260
233
203
117
-149
-377
-459
-476
-574
-763
-956
-1037
-1013
-1079
-1251
-1283
-1275
-1336
-1422
-1454
-1498
-1428
-1459
-1573
-1433
-1305
-1299
-1286
-1165
-1065
-944
-887
-885
-707
-637
-595
-485
-422
-356
-298
-98
-24
68
129
310
380
514
699
752
849
854
948
1062
1137
1127
1069
1169
1246
1368
1347
1245
1330
1506
1673
1666
1640
1572
1539
1455
1325
1198
1072
973
794
590
428
347
181
-145
-345
-387
-329
-439
-674
-800
-805
-796
-871
-987
-1121
-1160
-1108
-1173
-1320
-1341
-1260
-1244
-1420
-1497
-1476
-1475
-1580
-1596
-1466
-1355
-1254
-1206
-1297
-1242
-1016
-833
-764
-747
-560
-349
-162
-60
-37
6
227
446
543
536
480
549
623
747
802
734
608
740
1088
1158
850
901
1394
1620
1402
1254
1609
2004
2049
1835
1908
2185
2018
1570
1433
1626
1589
1116
705
623
621
354
-49
-385
-509
-561
-673
-876
-1061
-1132
-1197
-1248
-1205
-1180
-1292
-1400
-1374
-1250
-1119
-1185
-1320
-1079
-1009
-1280
-1349
-1411
-1408
-1353
-1399
-1255
-1285
-1226
-1232
-1249
-1022
-866
-631
-619
-632
-447
-140
-264
-328
-61
85
310
470
285
242
625
644
849
912
918
1110
1451
1634
1365
1457
1760
2141
2317
1980
2136
2857
2921
2599
2255
2123
2028
1876
1713
1563
1140
476
122
233
136
-559
-1185
-1336
-1147
-1149
-1473
-1827
-1933
-1766
-1600
-1495
-1563
-1670
-1602
-1462
-1263
-1074
-1030
-1031
-1074
-1070
-1040
-1191
-1466
-1695
-1453
-1163
-1270
-1487
-1475
-1234
-1206
-1043
-763
-560
-560
-696
-370
221
80
-372
139
767
662
301
541
1398
1088
533
1090
2030
2014
1270
1479
2383
2623
2326
2539
3077
3475
3824
3652
3070
2521
2534
2661
2386
1711
1003
459
66
-307
-831
-1452
-2055
-2330
-2191
-2108
-2541
-3074
-3199
-2753
-2206
-2069
-2323
-2303
-1902
-1454
-1187
-1021
-870
-625
-350
-217
-290
-601
-947
-1019
-743
-644
-1055
-1535
-1636
-1466
-1282
-1372
-1217
-893
-883
-818
-334
-47
-132
-37
473
1104
1055
1023
1208
1455
1651
1692
2183
2494
2288
2195
2645
3289
3421
3327
3506
4536
5128
3931
2648
2509
3259
3115
1820
686
275
-79
-831
-1634
-2142
-2707
-3250
-3400
-3119
-3311
-3905
-4230
-3798
-2807
-2421
-2699
-2870
-2396
-1783
-1326
-1017
-678
-333
37
245
184
-51
-431
-528
-183
-7
-452
-1219
-1640
-1539
-1223
-1170
-1362
-1443
-1172
-852
-648
-402
-170
58
597
1285
1653
1557
1457
1771
2308
2725
2960
2942
2964
3201
3641
3883
3977
4254
5116
5171
4012
3056
2650
3106
2806
1711
346
-429
-805
-1433
-2252
-2916
-3768
-4212
-4157
-3990
-4370
-4925
-4838
-4199
-3222
-2978
-3231
-3160
-2526
-1805
-1112
-624
-326
-235
124
485
535
311
-52
73
523
542
-187
-1015
-1212
-1049
-818
-871
-1133
-1259
-1168
-843
-413
-132
61
383
1025
1605
1874
1864
2034
2566
3272
3674
3647
3653
3883
4240
4511
4877
5200
5924
5168
3704
2883
3114
3428
2405
894
-541
-1237
-1789
-2499
-3322
-4109
-5284
-5396
-5005
-4967
-5826
-6174
-5394
-4238
-3450
-3755
-3898
-3096
-2126
-1420
-758
-324
-167
102
711
1024
876
465
261
728
1033
332
-480
-776
-642
-694
-822
-971
-1092
-991
-835
-484
29
289
413
935
1821
2439
2584
2733
3191
3812
4344
4484
4578
4958
5115
5444
5791
6249
6558
4688
3298
3063
3512
3355
1509
-503
-1908
-2273
-2655
-3375
-4230
-5538
-6707
-6248
-5709
-5990
-6813
-6476
-5334
-4109
-3781
-4447
-4231
-2756
-1682
-984
-519
-665
-557
-35
976
1146
770
263
6
792
999
37
-736
-747
-571
-417
-556
-1122
-1298
-936
-356
287
749
791
975
1908
2998
3338
3476
3765
4453
5440
5777
5540
5397
5854
6488
6894
7614
6430
3811
3164
3433
3756
2507
141
-2187
-2682
-2367
-3301
-4663
-5925
-7055
-6881
-5890
-6068
-7016
-7116
-6102
-4940
-3787
-3989
-4509
-3395
-1787
-1128
-820
-912
-964
58
990
900
336
-161
-217
334
971
232
-827
-1250
-1256
-712
-593
-1141
-1524
-1164
-668
-227
269
412
792
1947
2836
3226
3492
3752
4479
5624
6345
6293
6198
6425
7139
7705
8549
7365
4696
4328
4807
4687
3056
888
-1459
-2341
-1920
-2593
-4366
-6047
-7283
-6925
-6045
-6450
-7568
-7487
-6374
-5616
-4776
-4846
-5043
-3696
-1942
-1567
-1549
-1637
-1431
-136
942
594
-151
-535
-475
379
645
-421
-1129
-1038
-1043
-969
-1076
-1737
-1694
-979
-581
-410
-145
119
671
1809
2576
2752
3282
4073
4749
5470
5712
5562
6305
7015
7462
7715
8096
7110
4853
4990
5596
5135
3432
1298
-591
-1194
-1021
-1782
-3335
-4825
-5929
-5896
-5445
-6120
-6909
-6480
-5607
-5218
-5076
-5348
-5212
-3834
-2340
-2372
-2529
-2391
-1794
-745
-185
-619
-1057
-762
-383
118
81
-1048
-1522
-1035
-845
-887
-1125
-1652
-1622
-1021
-914
-860
-244
359
912
1573
1886
2169
2900
3985
4812
5233
5309
5155
5799
6835
7351
7413
7652
7520
5492
5037
5663
5416
4055
2128
412
-481
-342
-915
-2402
-3782
-4885
-5326
-4760
-5156
-6092
-6129
-5425
-5234
-5045
-5127
-5163
-4190
-2974
-3148
-3456
-3179
-2379
-1259
-788
-1210
-1872
-1656
-1011
-393
-179
-914
-1624
-1312
-1045
-984
-960
-1207
-1231
-848
-700
-707
-210
456
948
1376
1664
2009
2656
3512
4199
4431
4678
4878
5361
6260
6580
6807
6801
7540
6571
4865
5409
5765
5129
3290
1530
115
207
388
-678
-2445
-3784
-4678
-4315
-3864
-4787
-5675
-5536
-5200
-5139
-4971
-5197
-4946
-3874
-3460
-4125
-3969
-3403
-2374
-1365
-1752
-2364
-2221
-1584
-782
-430
-1016
-1710
-1495
-941
-629
-755
-1117
-1197
-917
-595
-630
-400
398
965
1150
1231
1515
2246
3394
3954
4011
4065
4390
5089
5878
6340
6365
6363
6857
7885
6136
4708
5495
5817
4994
3249
1304
226
822
719
-719
-2576
-3861
-4413
-3481
-3409
-4851
-5752
-5516
-5122
-4788
-4732
-5334
-5006
-4062
-4089
-4451
-4147
-3301
-2559
-2050
-2691
-3163
-2367
-1592
-972
-886
-1762
-2263
-1372
-782
-675
-827
-1163
-1108
-553
-352
-483
11
710
1059
1203
1300
1645
2656
3479
3469
3535
3771
4293
5233
5869
5832
5724
6108
6905
8218
6522
4596
5571
6227
5431
3540
1888
862
1365
1429
-364
-2403
-3476
-3917
-2907
-2974
-4812
-6026
-5556
-4900
-4705
-4786
-5624
-5293
-4263
-4223
-4761
-4409
-3643
-2789
-2304
-2991
-3372
-2769
-1741
-1103
-1204
-2069
-2443
-1330
-718
-895
-1209
-1508
-1135
-294
-168
-501
-145
482
890
1308
1471
1785
2723
3291
3182
3264
3760
4338
5350
5705
5163
5037
5919
6887
7920
7336
4498
4776
6340
6156
4461
2631
1270
1403
2097
793
-1433
-2713
-3112
-2781
-2324
-4004
-5791
-5506
-4526
-4508
-4892
-5734
-5821
-4664
-4212
-5008
-5167
-4369
-3614
-2729
-3029
-3802
-3588
-2400
-1439
-1342
-1902
-2702
-1838
-698
-654
-1079
-1440
-1057
-306
70
-205
-249
382
898
1339
1417
1596
2153
2758
3194
3142
3261
3928
4629
5171
4770
4732
5313
6308
6997
7314
6078
4104
5279
6452
5942
3959
2128
1253
1791
2037
655
-1269
-2392
-2806
-2516
-2569
-4098
-5103
-4702
-4299
-4718
-5153
-5627
-5125
-4444
-4564
-5469
-5325
-4273
-3630
-3146
-3660
-4250
-3727
-2459
-1847
-1787
-2391
-2854
-1652
-654
-758
-1044
-1027
-780
46
317
147
496
956
1321
1525
1777
1948
2432
3130
3365
3367
3539
4076
4519
4921
4937
4944
5509
6232
6334
6832
5852
4055
5363
6224
5277
3396
1885
1158
1797
2152
399
-1547
-2584
-3014
-2508
-2456
-3964
-5191
-4901
-4594
-4901
-4944
-5377
-5190
-4608
-4814
-5646
-5076
-4180
-3715
-3372
-3832
-4130
-3544
-2485
-2062
-1904
-2321
-2735
-1692
-715
-839
-835
-826
-716
-78
344
436
790
1176
1196
1416
1932
2287
2674
3214
3411
3436
3761
4223
4581
5265
5156
4976
5427
5961
6097
6680
6656
4311
4506
5527
5219
3910
2264
1062
1307
1866
597
-1362
-2523
-2969
-2824
-2262
-3744
-5258
-5219
-4679
-4633
-4814
-5282
-5539
-4992
-4752
-5363
-5156
-4469
-4026
-3549
-3804
-4115
-3624
-2614
-2043
-1932
-2249
-2532
-1684
-709
-628
-852
-808
-517
154
608
549
639
1004
1315
1660
2023
2328
2572
2950
3169
3396
3837
4161
4485
4862
4890
4753
5134
5578
6033
6142
6685
5183
3573
4955
5670
4753
3076
1354
665
1551
1531
-276
-2036
-2775
-3191
-2597
-2805
-4595
-5394
-4876
-4595
-4855
-5079
-5624
-5527
-4757
-5126
-5555
-4914
-4385
-3927
-3688
-4134
-4146
-3127
-2267
-1941
-1972
-2301
-2136
-1030
-364
-616
-554
-260
23
641
819
707
1198
1532
1647
2044
2276
2441
2770
3172
3361
3682
3861
3962
4440
4626
4734
4782
5160
5320
5383
5727
6165
4876
3745
4906
5203
4310
2510
1122
846
1670
1248
-527
-2262
-3102
-3100
-2418
-2874
-4722
-5473
-5153
-4688
-4782
-5164
-5806
-5562
-5054
-5359
-5472
-4908
-4423
-4002
-3845
-4189
-3699
-2771
-2208
-1876
-1926
-2130
-1637
-510
-206
-404
-435
-149
403
1089
1151
904
1294
1646
1923
2347
2519
2629
2929
3316
3496
3711
3772
3903
4317
4660
4584
4400
4615
4773
5113
5509
5948
4578
3302
4449
5007
4182
2558
1057
559
1505
1288
-495
-2227
-2929
-2959
-2383
-2853
-4738
-5500
-4928
-4495
-4809
-5178
-5855
-5668
-4962
-5219
-5487
-5025
-4524
-4026
-3791
-4057
-3827
-2751
-2070
-1928
-1952
-1972
-1428
-337
-176
-510
-132
205
665
1194
1002
943
1591
2046
2175
2250
2286
2602
3215
3399
3330
3367
3549
3762
4121
4231
3888
4118
4458
4427
4699
4835
5017
5353
3563
3502
4722
4268
3039
1675
673
825
1587
491
-1478
-2579
-2999
-2861
-2291
-3606
-5242
-5296
-4651
-4780
-4923
-5429
-6042
-5305
-4935
-5310
-5205
-4570
-4407
-3850
-3751
-3815
-2955
-2216
-1986
-1829
-1602
-1490
-579
224
-36
-101
212
619
1251
1530
1430
1534
1909
2056
2172
2559
2707
2817
2917
2825
2953
3239
3368
3370
3474
3492
3602
3888
4030
4024
4485
4522
5223
4918
3011
3812
4759
4235
2820
1416
605
1369
1813
36
-1858
-2742
-2921
-2322
-2340
-4234
-5431
-5102
-4604
-4799
-5118
-5737
-5701
-5067
-5025
-5521
-5112
-4488
-4007
-3401
-3868
-3673
-2696
-1862
-1528
-1457
-1472
-1171
148
391
-64
27
477
1193
1685
1502
989
1358
2076
2238
2361
2204
1988
2281
2651
2640
2594
2741
2713
2913
3037
3101
3318
3577
3865
3735
4120
4463
5228
4699
3019
3848
4766
4292
2917
1547
795
1541
1687
134
-1698
-2617
-2752
-2175
-2308
-4062
-5292
-4970
-4431
-4594
-4819
-5683
-5618
-4944
-4810
-5199
-4803
-4305
-3908
-3343
-3520
-3246
-2463
-1564
-1234
-1188
-1271
-902
175
698
436
173
501
1039
1557
1645
1225
1295
1768
1805
1940
1953
1740
1955
2217
2290
2258
2301
2370
2642
2955
2897
3041
3433
3622
3582
4054
4244
4882
4839
3155
3634
4534
4040
2931
1773
911
1199
1458
148
-1501
-2307
-2704
-2355
-2221
-3684
-5028
-4889
-4432
-4462
-4474
-5087
-5344
-4916
-4689
-4837
-4249
-3954
-3773
-3244
-3205
-2885
-2033
-1470
-1299
-946
-923
-692
231
580
225
368
641
868
1437
1399
1001
1247
1493
1410
1647
1660
1429
1671
1871
1741
1832
2071
2083
2289
2481
2366
2720
3211
3143
3240
3602
3883
4142
4937
3757
2911
4053
4126
3400
2423
1207
706
1555
1028
-451
-1669
-2347
-2490
-1936
-2570
-4287
-4681
-4361
-4224
-4153
-4482
-5133
-5074
-4528
-4385
-4397
-3936
-3775
-3326
-2921
-2792
-2342
-1631
-1079
-977
-753
-607
-240
628
621
294
566
811
1211
1455
1094
956
1197
1320
1508
1500
1199
1234
1493
1637
1654
1660
1626
1882
2081
2147
2307
2708
2792
2769
2996
3293
3804
4177
4419
3215
2798
3805
3970
3363
2142
799
770
1545
1102
-348
-1726
-2404
-2268
-1672
-2536
-3990
-4445
-4186
-3831
-3890
-4386
-4976
-4819
-4179
-4085
-4111
-3816
-3594
-3120
-2605
-2545
-2138
-1454
-1115
-774
-634
-545
-68
567
592
425
448
702
1078
1323
1136
835
887
1165
1415
1422
1208
1081
1168
1505
1700
1611
1613
1760
1868
2162
2330
2451
2632
2725
2833
3313
3601
3598
4345
3366
2700
3606
3739
3030
2183
1145
673
1367
968
-321
-1566
-2176
-2423
-1968
-2287
-3792
-4366
-4075
-4027
-3935
-4066
-4853
-4735
-4087
-4055
-4044
-3598
-3545
-3094
-2432
-2440
-2094
-1437
-965
-718
-494
-346
-110
659
788
434
597
805
1014
1503
1297
849
1040
1332
1439
1484
1275
1035
1323
1629
1598
1567
1547
1691
1977
2199
2120
2186
2485
2680
2828
2985
3335
3456
4103
3511
2483
3202
3627
3119
2276
1071
397
1152
1156
-82
-1572
-2370
-2536
-1840
-1994
-3535
-4398
-4293
-3863
-3663
-3841
-4559
-4760
-4073
-3823
-3813
-3659
-3522
-3068
-2489
-2449
-2350
-1742
-1236
-746
-590
-742
-542
270
627
571
535
496
797
1386
1423
1121
1093
1260
1461
1664
1549
1288
1470
1692
1818
1830
1788
1910
2106
2170
2233
2383
2508
2594
2750
2862
3165
3227
3673
3851
2514
2455
3327
3186
2338
1363
423
595
1017
242
-1073
-2012
-2412
-2252
-1825
-2819
-4019
-4113
-3709
-3514
-3522
-4019
-4554
-4031
-3483
-3587
-3571
-3415
-3300
-2571
-2219
-2310
-2019
-1542
-1123
-794
-720
-794
-220
379
321
258
403
553
1024
1377
982
852
1118
1327
1678
1645
1260
1280
1737
1990
1919
1903
1839
2024
2430
2378
2371
2555
2589
2590
2912
3121
3125
3244
3720
2912
2116
2899
3085
2503
1632
441
17
819
649
-523
-1739
-2517
-2572
-1758
-2070
-3390
-3996
-3899
-3526
-3232
-3431
-4176
-4176
-3539
-3428
-3472
-3300
-3301
-2738
-2210
-2298
-2204
-1678
-1321
-902
-619
-829
-596
29
232
260
430
425
615
1088
1107
1048
1209
1253
1432
1698
1624
1511
1729
1923
1925
2041
1961
1933
2273
2298
2198
2253
2369
2327
2575
2675
2635
2771
3045
3291
2242
2118
2653
2471
2066
1195
158
241
779
157
-857
-1806
-2341
-2024
-1582
-2411
-3406
-3616
-3448
-3148
-2977
-3535
-4172
-3719
-3244
-3277
-3238
-3285
-3222
-2502
-2085
-2214
-2005
-1716
-1276
-788
-650
-780
-469
118
228
323
493
528
879
1402
1317
1141
1398
1568
1887
2095
1717
1547
1906
2164
2192
2144
1857
1763
2082
2290
2090
1998
1961
1825
2275
2404
2207
2271
2589
2543
1798
1987
2154
1917
1543
678
108
424
405
-209
-977
-1824
-2071
-1722
-1651
-2500
-3137
-3373
-3173
-2898
-2893
-3464
-3791
-3485
-3310
-3117
-3062
-3116
-2924
-2402
-2190
-2141
-1855
-1521
-1081
-700
-754
-718
-178
245
429
621
558
706
1270
1592
1510
1477
1492
1723
2097
2012
1683
1695
1885
1912
1980
1803
1566
1641
1805
1822
1677
1629
1603
1763
2047
1912
1912
2140
2655
2283
1644
1996
2120
2026
1611
702
211
704
588
-12
-862
-1624
-1886
-1382
-1434
-2459
-3040
-3201
-3080
-2704
-2847
-3700
-3776
-3432
-3325
-3135
-3090
-3316
-2912
-2255
-2234
-2081
-1740
-1448
-965
-468
-517
-409
229
423
654
1019
930
1076
1611
1648
1495
1699
1656
1751
1995
1716
1455
1526
1577
1528
1584
1355
1088
1175
1351
1324
1281
1240
1089
1385
1698
1593
1796
2050
2351
2016
1765
2114
2298
2114
1456
838
661
1030
858
189
-842
-1393
-1462
-1090
-1370
-2361
-3031
-3165
-2871
-2696
-2973
-3635
-3770
-3557
-3192
-3153
-3036
-3077
-2726
-2212
-2101
-1824
-1462
-1021
-680
-339
-328
-83
507
710
837
964
943
1226
1607
1524
1406
1421
1481
1673
1666
1370
1150
1249
1327
1282
1149
931
881
1019
1082
1037
960
983
1081
1392
1476
1481
1760
1985
2525
2150
1767
2183
2390
2164
1724
1140
782
1082
932
270
-579
-1156
-1370
-1080
-1401
-2329
-2890
-2979
-2868
-2713
-3004
-3587
-3649
-3370
-3102
-3056
-2982
-3015
-2557
-2042
-1913
-1712
-1386
-970
-552
-196
-236
17
567
665
893
1029
956
1210
1492
1399
1339
1384
1371
1484
1420
1132
989
1125
1108
966
888
689
689
863
871
791
799
837
957
1335
1368
1371
1690
1978
2449
2142
1726
2080
2427
2232
1747
1169
782
1024
1070
389
-511
-1034
-1272
-1041
-1222
-2133
-2725
-2704
-2670
-2575
-2793
-3309
-3359
-2997
-2815
-2918
-2769
-2718
-2275
-1729
-1697
-1637
-1270
-816
-458
-117
-179
-31
420
624
798
942
831
924
1190
1175
1145
1187
1072
1095
1081
882
812
818
778
644
649
588
505
609
632
642
796
763
820
1138
1245
1398
1738
1981
2267
2072
1838
2213
2483
2277
1845
1314
1036
1258
1213
562
-234
-779
-1026
-801
-1071
-1845
-2444
-2555
-2494
-2437
-2556
-3069
-3235
-2955
-2780
-2694
-2550
-2566
-2258
-1786
-1630
-1505
-1119
-849
-552
-186
-214
-8
379
514
693
799
680
795
1034
1026
977
943
858
882
881
725
536
567
556
443
506
446
313
415
543
548
733
686
744
1067
1208
1420
1679
1996
2247
2093
1929
2275
2463
2363
1986
1427
1258
1412
1278
644
8
-570
-741
-605
-974
-1747
-2176
-2270
-2278
-2246
-2488
-3010
-3073
-2734
-2678
-2613
-2575
-2606
-2229
-1729
-1666
-1612
-1257
-1058
-643
-209
-349
-254
124
322
615
733
482
594
862
933
986
918
771
778
828
738
631
618
540
475
577
517
402
514
577
614
776
735
819
1091
1235
1391
1704
2013
2173
2162
1958
2200
2529
2326
1988
1582
1321
1364
1254
682
46
-429
-706
-684
-1003
-1668
-2072
-2194
-2312
-2280
-2478
-2901
-3003
-2715
-2661
-2608
-2501
-2552
-2241
-1772
-1678
-1491
-1262
-1181
-730
-311
-303
-274
-108
118
440
588
463
405
560
722
851
818
673
549
641
688
600
572
462
463
609
592
427
538
657
781
974
857
864
1161
1457
1697
1916
2000
2197
2291
2267
2444
2564
2343
2035
1815
1517
1464
1233
714
168
-341
-645
-713
-1046
-1590
-1987
-2239
-2349
-2356
-2462
-2870
-2944
-2785
-2756
-2615
-2500
-2540
-2268
-1973
-1819
-1551
-1290
-1230
-892
-533
-456
-285
-33
4
184
398
387
510
587
534
591
691
693
626
590
502
469
573
596
537
570
592
561
729
801
865
1061
1096
1150
1269
1528
1786
2036
2168
2291
2336
2262
2385
2566
2432
2076
1796
1376
1345
1223
729
218
-389
-809
-858
-1069
-1543
-1940
-2339
-2501
-2451
-2462
-2776
-2916
-2889
-2834
-2638
-2522
-2521
-2343
-2085
-1885
-1637
-1438
-1286
-945
-598
-453
-333
-138
-10
271
505
484
500
574
652
775
876
779
660
678
705
723
773
698
650
768
792
787
837
870
984
1155
1148
1140
1235
1503
1751
1922
1993
2055
2296
2271
2235
2315
2200
1945
1802
1369
1135
952
518
132
-303
-810
-1081
-1310
-1680
-1959
-2314
-2535
-2655
-2662
-2816
-2898
-2926
-2876
-2763
-2562
-2501
-2357
-2077
-1886
-1583
-1366
-1215
-918
-593
-347
-157
-50
24
275
549
635
612
608
633
801
949
891
728
700
743
833
931
864
756
868
945
956
1049
1028
1111
1238
1259
1238
1396
1527
1668
1875
1927
2005
2209
2261
2052
2163
2057
1880
1691
1341
950
713
466
7
-313
-853
-1271
-1494
-1652
-2046
-2308
-2541
-2801
-2780
-2769
-2865
-2918
-2883
-2837
-2618
-2430
-2322
-2097
-1861
-1638
-1395
-1128
-929
-635
-374
-164
-58
54
270
519
656
650
654
696
847
975
971
872
789
813
924
1008
964
893
878
956
1045
1057
1065
1089
1132
1200
1246
1281
1396
1511
1625
1680
1795
1949
2070
1901
1818
1822
1804
1617
1325
964
596
456
182
-110
-661
-1152
-1416
-1467
-1732
-1995
-2394
-2623
-2633
-2539
-2591
-2713
-2833
-2708
-2439
-2340
-2213
-2146
-1877
-1563
-1314
-1196
-1009
-748
-417
-97
-47
9
185
440
708
767
674
669
861
978
1020
956
819
812
931
963
918
854
808
880
991
935
842
887
992
1063
1110
1044
1064
1252
1397
1454
1503
1601
1667
1776
1684
1569
1611
1544
1342
986
719
474
354
108
-383
-837
-1134
-1284
-1407
-1648
-2059
-2284
-2305
-2320
-2359
-2428
-2517
-2453
-2317
-2168
-2146
-2026
-1752
-1551
-1315
-1141
-1055
-812
-436
-212
-57
56
120
374
632
718
743
742
799
900
1004
924
823
873
895
866
827
812
748
794
860
812
755
719
748
856
907
867
863
925
997
1129
1246
1226
1283
1440
1398
1329
1339
1252
1218
1162
742
417
351
190
53
-313
-902
-1160
-1157
-1271
-1386
-1712
-2151
-2167
-1964
-1941
-1978
-2127
-2251
-2017
-1782
-1657
-1597
-1563
-1333
-981
-834
-766
-616
-346
-33
144
179
184
316
607
768
736
618
569
685
839
782
666
580
549
655
704
544
471
569
607
647
565
439
545
724
753
745
693
719
924
1103
1132
1101
1160
1279
1345
1318
1217
1176
1128
963
736
453
281
198
-54
-414
-757
-1033
-1035
-1046
-1320
-1596
-1742
-1763
-1575
-1499
-1671
-1742
-1632
-1458
-1247
-1188
-1203
-1027
-813
-656
-542
-480
-370
-155
-11
52
35
55
186
278
305
261
172
176
257
279
261
220
204
264
319
319
351
416
478
540
527
515
598
709
750
744
687
718
837
957
985
927
928
1022
1145
1210
1128
1002
954
916
877
769
468
216
94
-72
-225
-458
-722
-893
-959
-1053
-1140
-1264
-1328
-1310
-1262
-1247
-1231
-1218
-1138
-1036
-935
-829
-786
-734
-590
-466
-390
-296
-273
-206
-118
-94
-79
-54
-29
-6
-25
-66
-93
-75
-6
23
-26
-62
-31
76
178
242
248
262
344
441
537
619
616
635
703
739
795
888
923
945
983
1029
1074
1153
1219
1218
1154
1080
1010
981
909
744
519
303
110
-46
-148
-353
-590
-777
-892
-946
-958
-1055
-1150
-1179
-1177
-1125
-1076
-1062
-1047
-980
-915
-854
-788
-724
-651
-562
-524
-485
-431
-402
-346
-301
-307
-315
-300
-307
-292
-281
-265
-259
-236
-235
-222
-130
-44
-1
73
125
194
340
456
508
593
653
735
869
916
910
972
1053
1094
1163
1144
1124
1168
1211
1232
1219
1099
1017
995
933
842
693
484
323
224
106
-10
-211
-385
-432
-483
-599
-661
-747
-798
-755
-799
-868
-902
-924
-879
-838
-924
-964
-932
-892
-848
-853
-890
-887
-832
-762
-745
-769
-756
-722
-652
-593
-593
-570
-493
-445
-354
-269
-235
-141
-6
74
172
279
360
479
597
656
743
829
860
900
962
998
1020
1062
1029
1014
1047
1069
1067
1062
993
957
953
913
870
790
684
589
530
465
355
217
136
62
9
-49
-195
-333
-364
-379
-415
-511
-697
-772
-747
-756
-793
-896
-1031
-1032
-969
-955
-978
-1063
-1093
-1029
-972
-942
-948
-984
-935
-832
-767
-721
-693
-636
-516
-405
-339
-242
-148
-45
86
198
270
367
476
563
649
718
758
807
865
891
934
963
951
970
994
974
971
978
967
947
916
856
814
802
775
715
655
580
516
496
425
348
311
219
104
30
-73
-141
-192
-312
-443
-544
-644
-666
-697
-802
-890
-962
-999
-971
-987
-1048
-1085
-1117
-1082
-1031
-1042
-1055
-1019
-963
-879
-818
-784
-704
-596
-483
-401
-342
-244
-101
38
141
196
267
392
516
625
682
700
741
830
886
920
921
902
898
912
899
872
862
817
767
725
673
629
626
568
495
458
430
404
389
316
262
269
243
180
109
28
-14
-27
-103
-210
-289
-335
-372
-418
-507
-573
-600
-616
-669
-736
-790
-809
-810
-828
-886
-925
-910
-868
-837
-837
-837
-790
-694
-607
-546
-513
-447
-328
-194
-92
-15
47
151
275
377
473
538
572
631
691
709
737
741
718
711
689
638
608
578
536
504
442
362
328
323
290
250
210
166
168
194
173
144
145
138
147
149
107
92
107
71
30
9
-39
-60
-73
-139
-202
-228
-265
-302
-352
-419
-460
-482
-523
-566
-585
-603
-608
-613
-625
-622
-577
-519
-485
-466
-428
-350
-246
-160
-98
-36
34
131
228
290
342
396
434
466
485
484
494
483
447
420
376
317
290
251
192
149
95
38
22
17
-12
-37
-51
-56
-26
4
1
10
46
73
104
125
111
142
190
174
151
145
139
155
161
90
20
5
-7
-18
-67
-173
-237
-245
-266
-292
-326
-392
-434
-421
-409
-403
-390
-391
-392
-354
-295
-230
-171
-143
-100
-17
54
117
184
213
242
292
327
345
350
338
322
301
277
266
222
139
82
54
22
-14
-70
-143
-187
-191
-177
-183
-213
-225
-188
-143
-124
-83
-38
-21
17
73
107
158
212
218
217
230
267
321
324
253
219
232
222
218
175
69
6
11
-2
-51
-116
-183
-216
-222
-234
-242
-257
-292
-291
-240
-224
-211
-168
-146
-111
-40
8
31
61
99
149
188
179
178
192
183
182
178
135
91
61
24
-28
-74
-113
-152
-209
-268
-292
-294
-306
-321
-340
-353
-324
-262
-222
-210
-194
-156
-80
-2
36
73
117
155
215
279
306
331
357
355
362
376
370
369
340
277
234
217
188
159
115
39
-13
-26
-36
-49
-77
-126
-138
-112
-95
-79
-62
-70
-58
-6
25
42
61
64
81
105
103
108
115
94
78
69
34
-3
-19
-55
-104
-152
-199
-237
-263
-303
-341
-369
-402
-410
-396
-400
-406
-382
-359
-337
-294
-251
-205
-148
-101
-50
9
61
125
191
229
255
292
331
363
377
369
353
342
328
318
291
238
198
169
140
105
74
44
19
-1
-14
-25
-31
-29
-21
-15
-23
-12
22
48
59
61
68
93
124
137
139
125
110
121
127
101
60
21
-13
-42
-79
-128
-178
-226
-270
-298
-325
-367
-386
-388
-406
-409
-398
-384
-361
-330
-302
-259
-210
-171
-115
-55
-20
27
91
128
167
211
233
249
268
278
282
283
263
250
246
217
195
187
158
127
116
106
87
69
54
40
39
30
29
43
34
26
43
60
66
86
101
102
110
123
138
145
128
110
105
94
71
52
20
-33
-61
-78
-111
-151
-183
-206
-227
-243
-258
-265
-273
-276
-267
-261
-259
-244
-211
-186
-173
-159
-133
-96
-63
-36
-17
-1
25
57
82
89
93
108
127
135
132
132
128
126
127
122
111
97
91
84
75
59
43
39
30
22
27
24
8
7
21
34
43
50
54
65
79
95
109
104
90
96
105
94
79
67
42
22
17
3
-20
-49
-67
-70
-80
-96
-110
-115
-130
-133
-118
-125
-139
-135
-119
-117
-110
-101
-90
-85
-77
-52
-28
-21
-16
-1
9
23
48
59
48
50
66
77
75
67
65
63
51
42
34
20
13
12
-8
-38
-47
-35
-28
-37
-53
-55
-36
-7
13
12
4
19
56
81
80
75
74
82
95
101
87
65
52
50
46
27
2
-18
-27
-32
-39
-54
-71
-78
-78
-75
-81
-91
-97
-88
-80
-79
-69
-65
-60
-52
-41
-26
-15
-10
-4
4
17
31
46
51
47
56
69
70
65
65
67
62
48
34
25
14
12
6
-17
-41
-40
-28
-33
-42
-47
-47
-36
-16
2
5
-1
11
39
58
60
66
69
61
71
80
69
48
40
38
27
9
-11
-25
-34
-39
-43
-58
-79
-78
-62
-63
-75
-78
-69
-63
-55
-48
-48
-52
-43
-24
-17
-21
-16
-2
1
8
21
20
22
36
51
54
46
40
47
52
52
49
34
17
17
23
9
-5
-16
-23
-26
-23
-22
-19
-18
-24
-16
0
10
24
28
24
30
50
64
64
61
52
52
60
55
43
36
25
14
9
-5
-16
-17
-29
-40
-48
-52
-48
-41
-49
-59
-51
-47
-44
-38
-36
-37
-32
-25
-18
-18
-19
-13
-2
2
5
12
12
10
21
33
30
23
21
24
27
23
25
14
-1
4
8
2
1
-9
-16
-12
-8
-2
0
-5
-10
3
11
13
21
26
17
26
39
38
36
34
33
33
30
21
25
22
9
4
2
-11
-12
-10
-26
-34
-27
-27
-33
-38
-45
-41
-36
-39
-39
-38
-35
-28
-19
-22
-25
-17
-9
-5
-1
3
5
6
10
14
16
17
18
13
13
15
16
13
10
2
1
1
-6
-9
-7
-16
-17
-12
-12
-12
-12
-17
-17
-6
-5
-5
2
3
3
15
17
14
20
21
20
25
25
15
16
15
13
16
13
6
4
2
-2
-3
-5
-11
-15
-15
-14
-17
-16
-19
-19
-17
-15
-10
-11
-8
-7
-7
0
5
6
10
9
10
19
17
15
18
17
12
15
18
9
7
2
-3
-1
-4
-11
-11
-12
-21
-17
-13
-21
-19
-21
-23
-15
-11
-10
-10
-6
-6
2
10
9
12
11
8
11
15
17
14
15
15
15
20
15
12
6
7
9
8
4
-1
-4
-4
-4
-7
-6
-7
-13
-7
-4
-2
0
3
-2
2
12
12
12
16
10
9
19
20
16
13
10
13
17
16
13
9
0
-1
3
-5
-12
-11
-19
-28
-23
-28
-36
-36
-38
-40
-35
-32
-38
-37
-36
-33
-26
-20
-22
-18
-13
-8
2
6
8
9
13
21
27
31
32
29
29
37
37
37
36
31
31
34
33
30
28
23
23
26
25
20
14
14
11
14
14
12
11
6
2
5
9
6
4
1
-6
-5
-5
-9
-14
-20
-27
-27
-27
-31
-36
-41
-49
-47
-46
-50
-55
-57
-59
-57
-52
-50
-52
-51
-45
-38
-30
-25
-22
-18
-8
-2
7
14
21
24
32
42
46
50
53
55
58
64
67
67
65
58
58
61
61
57
52
44
40
41
38
32
28
19
15
14
12
6
-1
-5
-8
-8
-14
-19
-22
-27
-31
-32
-34
-41
-48
-52
-55
-56
-59
-60
-65
-70
-66
-64
-62
-64
-63
-60
-56
-49
-44
-42
-37
-32
-26
-19
-11
-4
-3
4
9
20
28
33
44
48
54
62
68
67
66
66
68
72
72
68
64
60
57
56
51
43
36
33
31
26
23
16
9
4
0
-4
-9
-18
-21
-24
-25
-29
-37
-40
-45
-48
-50
-52
-55
-60
-64
-69
-68
-70
-73
-76
-75
-75
-70
-67
-67
-65
-64
-56
-50
-41
-35
-30
-25
-18
-8
1
5
16
25
30
40
48
54
57
60
64
72
78
79
77
77
80
82
85
81
79
74
71
72
65
62
56
49
46
46
42
36
27
23
19
15
11
3
-6
-13
-16
-21
-28
-34
-38
-44
-46
-50
-53
-57
-61
-63
-67
-66
-65
-67
-68
-65
-62
-59
-54
-48
-42
-41
-35
-27
-22
-14
-8
-3
7
16
22
28
34
40
47
56
61
64
69
71
72
73
78
80
79
78
76
76
75
69
66
61
59
55
49
43
36
30
27
21
14
11
2
-5
-8
-14
-20
-27
-34
-40
-46
-50
-60
-66
-70
-79
-83
-84
-88
-91
-93
-94
-92
-89
-90
-90
-88
-83
-78
-74
-70
-66
-60
-55
-48
-40
-35
-31
-26
-19
-11
-6
2
8
15
21
27
29
31
38
43
44
48
52
52
55
51
53
54
52
50
47
47
47
49
47
41
37
29
31
27
22
19
11
6
-1
-5
-9
-16
-22
-27
-32
-35
-39
-42
-44
-47
-49
-50
-50
-52
-52
-51
-52
-50
-48
-43
-39
-37
-34
-29
-25
-19
-14
-8
-2
5
8
13
21
25
33
36
40
46
51
56
59
65
72
73
75
80
83
83
83
84
82
79
73
71
70
66
64
59
57
53
46
41
35
31
23
18
13
4
1
-5
-10
-13
-19
-24
-26
-30
-33
-37
-38
-39
-44
-45
-45
-44
-48
-48
-46
-47
-47
-43
-44
-41
-38
-39
-38
-35
-27
-25
-26
-24
-27
-23
-21
-20
-20
-20
-19
-18
-16
-14
-14
-12
-9
-9
-7
-5
-4
0
1
3
5
7
11
12
13
14
17
18
20
19
18
19
20
20
19
19
18
15
14
11
8
8
8
6
5
4
3
3
0
-1
-1
-2
-2
0
-3
-2
-2
2
3
2
3
5
6
6
7
6
10
12
9
11
8
6
7
5
3
4
0
-4
-7
-11
-13
-16
-18
-20
-23
-25
-28
-32
-34
-34
-37
-37
-38
-36
-36
-33
-32
-33
-29
-28
-26
-22
-21
-18
-16
-15
-14
-13
-11
-11
-7
-7
-5
-3
-4
-3
-4
-5
-2
-2
-3
-4
-3
0
1
1
2
6
8
9
14
14
16
15
22
23
25
28
29
32
35
38
41
42
44
41
41
44
47
51
46
44
43
44
41
36
36
31
26
21
21
19
14
12
12
7
4
4
1
