35
31
25
51
45
33
51
53
49
53
47
52
57
56
58
57
56
58
56
55
53
57
52
50
54
52
48
45
43
36
28
28
22
8
7
1
-12
-11
-18
-36
-37
-33
-51
-53
-45
-58
-59
-57
-66
-67
-56
-61
-66
-54
-60
-57
-49
-53
-51
-51
-57
-50
-47
-51
-44
-39
-49
-47
-35
-37
-36
-17
-26
-29
3
-13
-21
4
5
-6
10
15
18
21
24
36
27
37
45
31
47
63
32
53
72
38
61
66
40
62
64
42
63
61
39
64
57
37
64
51
33
59
44
27
41
27
20
21
14
9
2
-1
-11
-17
-21
-29
-32
-34
-39
-47
-44
-44
-53
-57
-51
-53
-57
-56
-51
-52
-55
-46
-48
-44
-42
-49
-39
-42
-40
-36
-39
-39
-27
-26
-33
-22
-29
-21
-12
-19
-16
-5
-9
-4
1
-4
8
20
7
31
36
26
48
47
34
61
46
33
68
49
40
53
47
42
53
44
42
44
40
45
35
36
39
31
30
49
34
27
40
26
17
23
17
7
13
7
-3
-4
-12
-19
-21
-23
-25
-25
-32
-31
-33
-32
-33
-37
-33
-43
-35
-30
-39
-31
-29
-38
-29
-23
-44
-28
-21
-29
-22
-21
-19
-21
-16
-15
-14
-6
0
-4
1
14
0
11
17
5
15
22
8
10
25
17
15
16
23
21
26
19
23
32
18
16
28
19
11
28
8
10
21
8
9
14
12
-4
8
3
-5
14
2
-2
7
-6
-6
1
-1
-9
0
-2
-14
-7
-7
-12
-15
-14
-13
-12
-13
-16
-18
-18
-19
-18
-11
-11
-15
-6
-10
-10
7
-2
-10
7
-12
-24
6
-10
-26
-2
-14
-16
-1
-20
-15
0
-19
-13
-4
-17
4
-14
-23
-2
-17
-17
-8
-11
-3
-2
-10
2
0
-11
5
13
3
15
37
26
16
46
41
27
42
49
50
48
53
58
55
67
68
63
66
66
66
60
82
71
36
67
66
25
45
23
-12
-1
-10
-34
-50
-58
-76
-87
-101
-124
-123
-160
-184
-181
-188
-215
-227
-222
-243
-211
-233
-301
-242
-218
-319
-250
-188
-309
-226
-164
-316
-197
-77
-263
-157
-5
-246
-77
81
-196
-8
81
-118
75
146
-60
197
253
33
234
282
136
266
358
168
358
386
253
380
394
268
423
470
313
462
515
339
579
489
338
583
471
373
520
556
324
503
503
279
367
457
219
236
309
83
212
87
-58
33
-224
-199
-182
-408
-389
-380
-669
-516
-588
-855
-635
-795
-878
-728
-874
-1018
-658
-1016
-1108
-532
-1072
-1045
-507
-993
-981
-324
-856
-819
-90
-850
-552
240
-776
-437
622
-689
-312
764
-430
104
672
-153
549
588
55
906
555
343
1010
729
491
925
889
620
921
941
648
1080
1132
348
1356
1221
390
1263
1195
535
1146
1062
702
1062
829
751
832
781
572
690
643
294
441
431
130
194
31
-272
49
-367
-808
-142
-738
-1164
-501
-997
-1413
-825
-1327
-1467
-1091
-1593
-1462
-1216
-1753
-1487
-1160
-1727
-1398
-1231
-1774
-1290
-855
-1519
-1124
-496
-1321
-756
-262
-981
-549
64
-431
-435
280
-113
144
329
168
388
651
476
648
915
673
987
1198
647
879
1374
787
928
1543
731
1149
1551
683
1005
1692
959
749
1797
857
1007
1295
1018
992
975
841
996
912
451
1145
732
288
639
705
109
205
419
-72
30
-120
-368
-393
-452
-759
-760
-692
-1052
-1037
-1020
-1322
-1276
-1094
-1689
-1324
-1303
-1719
-1305
-1444
-1530
-1543
-1513
-1363
-1414
-1584
-737
-1343
-1344
-574
-1048
-1015
-521
-629
-764
-104
-399
-331
-72
103
-151
123
423
15
722
344
507
1058
473
718
1094
543
852
1292
447
1373
1171
496
1420
1131
553
1364
1337
539
1433
1127
781
1357
745
976
1120
783
730
1086
666
780
865
563
691
708
348
465
691
0
372
263
-184
148
-184
-378
-100
-435
-589
-358
-714
-756
-726
-925
-986
-929
-1133
-1057
-1148
-1190
-1201
-1157
-1267
-1412
-1168
-1176
-1366
-1202
-945
-1402
-833
-963
-1261
-615
-783
-971
-404
-586
-735
27
-488
-398
206
-185
-194
673
113
-7
1042
144
314
1093
486
431
1219
629
619
1538
256
1012
1474
247
1132
1614
296
1072
1458
303
1333
1007
433
1349
736
496
1330
779
226
1232
729
80
969
689
-80
823
533
-204
690
192
-265
164
14
-464
-130
-197
-649
-412
-411
-862
-749
-670
-1041
-968
-955
-1184
-1001
-1082
-1299
-1143
-1107
-1460
-1053
-1043
-1319
-1109
-935
-1123
-1019
-748
-1067
-805
-451
-570
-666
-183
-321
-412
-1
99
-214
423
137
312
586
276
588
690
400
797
897
484
1153
597
742
1078
798
854
842
746
1091
831
636
1263
535
845
890
672
866
453
827
721
464
735
656
286
706
292
288
416
252
279
-187
337
-10
-352
192
-436
-545
-54
-745
-619
-416
-1019
-898
-820
-1038
-1078
-1106
-1066
-1131
-1381
-1215
-1153
-1451
-1176
-1437
-1333
-761
-1432
-1066
-845
-1137
-873
-664
-757
-600
-231
-723
-163
286
-697
251
528
-253
458
728
91
790
777
235
1175
753
568
1101
958
612
999
1182
615
1089
987
637
1170
802
614
1123
778
497
1151
564
453
1343
77
418
1445
13
414
1227
-39
412
979
-50
451
648
-214
446
430
-330
141
93
-405
-123
-14
-502
-448
-208
-774
-623
-499
-1013
-1010
-541
-1254
-1034
-592
-1654
-1019
-622
-1545
-1210
-517
-1543
-1199
-359
-1353
-1043
-236
-1188
-703
123
-1007
-146
8
-860
484
211
-686
883
306
-556
1433
130
69
1408
238
341
1488
269
542
1493
32
912
1285
4
1070
949
75
1048
572
337
858
549
270
770
499
158
783
332
240
745
133
387
521
161
438
256
127
483
113
170
460
-137
208
252
-341
323
104
-581
115
-62
-543
-103
-397
-611
-376
-623
-653
-619
-888
-831
-831
-1074
-634
-991
-1060
-824
-1016
-980
-641
-1124
-989
-708
-811
-798
-748
-633
-533
-546
-592
-112
-271
-218
-235
138
30
-137
528
106
-42
966
197
-10
1280
83
380
1198
21
756
813
308
736
573
490
793
304
651
799
298
601
400
767
191
289
1031
-66
291
838
-148
378
833
-325
413
642
-144
461
380
-132
449
242
-144
362
129
-166
31
57
-308
96
-338
-344
-65
-444
-340
-449
-457
-666
-435
-609
-676
-791
-553
-776
-1044
-203
-1084
-1056
-122
-1116
-857
-187
-1093
-619
-138
-1062
-198
-218
-771
375
-619
-189
535
-525
110
573
-267
354
392
-274
1116
221
-50
1348
225
326
1473
196
516
1275
288
625
1191
308
659
1026
128
714
985
187
486
962
269
380
886
141
322
934
114
120
760
195
1
563
24
103
346
-189
79
9
-323
97
-254
-270
-193
-222
-507
-560
-159
-496
-780
-318
-480
-982
-373
-536
-1145
-648
-732
-1129
-560
-1258
-567
-353
-1631
-344
-237
-1430
-324
-190
-1153
-72
-358
-682
-35
-427
-271
-186
-95
-137
91
-137
-50
182
-174
85
269
188
200
479
344
304
636
377
196
627
528
327
662
270
743
625
327
628
1051
587
438
1323
283
678
954
398
332
690
199
70
837
-102
-30
971
-115
72
745
272
126
316
-37
186
119
-249
258
-186
-479
-150
-269
-928
56
-828
-615
-193
-920
-630
-560
-526
-1021
-527
-578
-462
-982
-258
-543
-852
-332
-670
-802
-482
-433
-897
-261
-443
-161
-326
-782
635
-50
-966
1056
-102
-644
1196
-344
337
608
-83
801
-8
8
1128
-39
198
1264
320
-65
1148
771
-494
1416
444
-428
1185
328
-131
874
-177
160
1211
-310
484
775
24
482
448
122
358
532
-564
335
126
-23
-15
-241
199
-55
-110
147
101
-77
-27
-32
-1212
-1717
-866
-2317
-2023
-1627
-1836
-1313
-727
-361
388
836
771
1647
1286
995
1213
481
75
97
-390
-705
-579
-742
-655
-597
-468
-14
-218
-108
254
7
-8
235
-278
-154
-300
-648
-40
-559
-273
-167
-228
375
351
-15
781
487
211
1170
462
507
795
482
507
760
557
431
680
715
843
278
757
875
498
242
427
296
-588
-855
-1633
-2546
-1867
-594
-1408
-43
694
251
1281
1803
2772
2637
2609
2222
1502
1372
602
539
-126
-591
-387
-1162
-1172
-1064
-1265
-1413
-971
-861
-1458
-1149
-908
-1702
-1309
-1265
-1747
-1232
-1683
-1555
-972
-1206
-907
-286
-962
-425
-175
-717
-397
-121
-522
-561
-305
-424
-70
-453
36
-146
184
629
-205
748
772
233
1062
718
625
1258
330
1206
1396
528
1595
1627
1174
1698
1755
1335
2005
1427
1220
1938
1060
1348
1365
1177
1438
916
850
1537
747
1022
1294
568
611
256
546
115
-96
105
-198
-661
-743
-798
-1347
-1559
-1742
-1889
-2130
-2181
-2428
-2463
-2538
-2708
-2870
-2816
-2959
-2900
-2718
-2676
-2451
-2372
-2020
-2031
-1748
-1449
-1046
-869
-901
-551
-225
-369
-340
-96
-237
151
499
329
858
1193
1363
1947
2163
2482
2891
2737
2904
2812
2474
2821
2629
2382
2491
2345
2439
2222
2259
2461
2321
2671
2778
2811
3161
3276
3006
2598
2353
1623
1032
714
91
-414
-962
-1304
-1746
-2172
-2553
-2750
-3148
-3240
-3206
-3523
-3456
-3459
-3426
-3453
-3210
-3085
-2921
-2570
-2305
-2120
-1828
-1622
-1548
-1382
-1346
-1212
-1168
-1027
-1134
-1363
-1241
-1434
-1482
-1396
-1223
-986
-1152
-707
-393
-442
-88
64
218
521
697
1322
1509
1644
2378
2515
2671
3015
3071
3176
3588
3644
3724
3824
3835
4103
3968
3766
3954
4165
3980
4354
4409
4087
3898
3231
2703
2072
1192
423
-223
-856
-1466
-2232
-2776
-3497
-4095
-4196
-4429
-4472
-4369
-4362
-4278
-4153
-4168
-3967
-3633
-3324
-2820
-2415
-2188
-1588
-1305
-1156
-503
-347
-149
1
-347
-782
-1211
-1489
-1932
-2152
-2296
-2489
-2291
-2252
-2074
-1888
-1916
-1462
-945
-792
-326
67
394
769
1017
1527
1993
2655
3182
3469
3786
4048
4464
4523
4542
4795
4945
5123
5213
5491
5458
5446
5864
5903
5947
5483
4779
4172
3226
2376
1229
59
-913
-1913
-2755
-3720
-4478
-5143
-5662
-5779
-6001
-5988
-5793
-5495
-5024
-4738
-4501
-4095
-3676
-3138
-2459
-2050
-1521
-919
-421
63
320
497
738
936
790
440
-425
-1256
-1591
-2182
-2808
-3188
-3421
-3321
-3101
-3133
-2861
-2720
-2399
-1526
-1144
-676
-139
329
937
1389
1805
2535
3283
3849
4595
4976
5350
5841
6055
6379
6391
6276
6604
6814
6899
7117
7191
7290
6933
5775
4785
3758
2433
1410
149
-1107
-2259
-3554
-4574
-5715
-6726
-7221
-7261
-7303
-7109
-6586
-6310
-5720
-5271
-4818
-4171
-3730
-2856
-2040
-1456
-657
-50
392
933
1330
1548
1719
1736
1769
1542
723
-47
-1162
-2416
-3051
-3719
-4199
-4467
-4640
-4465
-4242
-4045
-3541
-2963
-2412
-1365
-663
-176
588
1153
1915
2522
2924
3525
4033
4732
5506
5819
6074
6684
7322
7621
7851
8072
8348
8731
9030
9217
8261
6565
5238
3809
2331
713
-860
-2120
-3432
-4531
-5699
-7090
-8104
-8559
-8508
-8359
-8184
-7546
-6785
-6143
-5397
-4879
-4325
-3384
-2258
-1116
-299
398
1107
1786
2371
2684
2897
2985
3104
3179
2771
1975
1027
-106
-1393
-2677
-3909
-4839
-5354
-5589
-5746
-5941
-5907
-5515
-4836
-4058
-3229
-2224
-1266
-260
707
1415
2135
2819
3595
4182
4637
5264
5670
6145
6634
7141
7567
7842
8440
8891
9229
9643
10136
10244
8926
7022
5433
3667
1865
148
-1596
-3083
-4540
-5849
-7038
-8408
-9338
-9449
-9048
-8706
-8158
-7265
-6517
-5639
-4890
-4392
-3686
-2771
-1564
-411
322
995
1713
2296
2818
3212
3421
3483
3637
3699
3086
2152
1028
-404
-1829
-3302
-4638
-5605
-6339
-6608
-6697
-7003
-6925
-6407
-5701
-4723
-3699
-2593
-1482
-461
662
1538
2189
2966
3833
4632
5390
6086
6641
7174
7691
8157
8476
8892
9475
9923
10356
10949
11340
10425
8353
6515
4833
2821
875
-1037
-2753
-4350
-6076
-7384
-8798
-10116
-10346
-9960
-9472
-9031
-8104
-7022
-6158
-5135
-4430
-3626
-2547
-1368
-36
792
1409
2161
2756
3122
3423
3686
3638
3725
3821
3308
2431
1357
210
-1206
-2931
-4516
-5887
-6817
-7318
-7630
-7845
-7992
-7485
-6659
-5905
-4774
-3625
-2337
-989
92
1198
1830
2625
3749
4417
5252
5970
6637
7402
7834
8419
8768
9135
9793
10238
10697
11270
12018
11743
9706
7562
5755
3684
1618
-348
-2220
-3902
-5597
-6946
-8297
-9991
-10744
-10432
-9873
-9322
-8473
-7344
-6402
-5395
-4467
-3742
-2834
-1596
-89
1062
1631
2305
2923
3237
3612
3804
3729
3606
3641
3400
2460
1368
285
-1002
-2784
-4784
-6321
-7472
-8124
-8333
-8614
-8628
-8192
-7408
-6405
-5509
-4227
-2707
-1281
223
1320
2096
2870
3752
4573
5274
6177
7042
7908
8610
9174
9656
9975
10578
11098
11612
12287
12928
12460
10007
7460
5328
2945
774
-1380
-3269
-4807
-6496
-7822
-9210
-10804
-11425
-10965
-10080
-9460
-8344
-6915
-5933
-4767
-3953
-3185
-2010
-840
818
2098
2515
3237
3840
4000
4141
4232
4086
3837
3863
3374
2319
1087
-193
-1387
-3260
-5442
-7000
-7977
-8512
-8683
-8971
-9116
-8580
-7810
-6791
-5726
-4634
-2931
-1320
17
1226
1858
2573
3483
4252
5037
5777
6645
7570
8315
8911
9332
9811
10550
11229
11864
12455
13155
12784
10327
7707
5534
3055
798
-1143
-3154
-4784
-6482
-8018
-9240
-10818
-11471
-11078
-10191
-9339
-8281
-6784
-5845
-4817
-3753
-3000
-1816
-541
802
2283
2875
3427
4191
4397
4569
4813
4729
4221
4201
3795
2648
1441
36
-1133
-2591
-4509
-6459
-7872
-8570
-8792
-8913
-9208
-8948
-8087
-7253
-6206
-5100
-3939
-2217
-755
549
1472
1950
2888
3747
4529
5250
6013
6960
7888
8746
9289
9712
10417
11168
11879
12451
13041
13385
11542
8671
6523
4017
1350
-710
-2747
-4651
-6347
-7992
-9234
-10811
-11830
-11676
-10956
-10068
-9068
-7440
-6271
-5251
-3989
-3225
-2182
-778
580
2094
3003
3579
4450
4951
5072
5205
5414
4967
4780
4693
3656
2424
1053
-135
-1525
-3266
-5297
-7241
-8310
-8823
-9069
-9484
-9652
-8948
-8155
-7387
-6130
-5031
-3535
-1714
-303
847
1447
2182
3250
4153
4868
5783
6729
7613
8539
9128
9550
10149
10950
11752
12436
12818
13509
13153
10496
7840
5524
2663
234
-1760
-4021
-5985
-7749
-9143
-10445
-11924
-12471
-11977
-11037
-10056
-8536
-7138
-6116
-4630
-3448
-2526
-1198
108
1574
3003
3729
4400
5014
5328
5488
5752
5627
5066
4963
4463
3320
1969
609
-734
-2380
-4233
-6302
-8032
-8905
-9251
-9538
-9894
-9733
-8947
-8338
-7268
-5915
-4799
-3034
-1269
138
1134
1664
2561
3641
4426
5298
6323
7188
8074
8854
9347
9796
10419
11186
11973
12459
12915
13613
12740
9880
7276
4947
2161
55
-1959
-4324
-6119
-7695
-9050
-10437
-11880
-12282
-11640
-10742
-9635
-8273
-7187
-6019
-4473
-3345
-2416
-1157
104
1647
3119
3840
4470
5126
5484
5727
5918
5575
5074
4956
4358
3146
1836
344
-1372
-3293
-5381
-7194
-8465
-9120
-9302
-9590
-9740
-9321
-8794
-8106
-6821
-5515
-4114
-2377
-884
337
1109
1755
2718
3647
4601
5692
6767
7726
8542
9155
9622
10084
10728
11499
12128
12599
13100
13521
12227
9165
6649
4375
1751
-197
-2342
-4617
-6250
-7982
-9480
-10921
-12285
-12443
-11652
-10571
-9519
-8345
-7131
-5876
-4382
-3382
-2422
-1068
162
1799
3181
3624
4258
4954
5272
5490
5599
5279
4865
4774
4062
2841
1529
-117
-1944
-4094
-6073
-7437
-8481
-9006
-9246
-9523
-9467
-9161
-8540
-7533
-6343
-4927
-3411
-1886
-512
557
1383
2251
3185
4229
5367
6310
7332
8271
8814
9246
9660
10121
10805
11427
11877
12298
12749
13073
11496
8491
6249
4007
1704
-168
-2464
-4542
-6205
-7955
-9274
-10837
-12165
-12211
-11397
-10333
-9464
-8313
-7100
-5716
-4246
-3361
-2339
-1144
133
1903
3035
3379
4030
4692
5057
5250
5295
4831
4512
4500
3673
2437
835
-1109
-3192
-5301
-6850
-8148
-9071
-9413
-9528
-9536
-9611
-9270
-8264
-7138
-5610
-3963
-2585
-1082
274
1407
2276
3047
3947
5197
6465
7428
8390
8958
9355
9890
10388
10788
11189
11693
12282
12636
12957
12308
9681
7201
5244
2985
872
-1252
-3358
-5048
-6756
-8435
-9951
-11458
-12007
-11516
-10627
-9924
-8927
-7604
-6353
-4898
-3934
-3055
-1732
-516
1042
2437
2867
3418
4169
4656
4789
4853
4740
4274
4336
3895
2638
1163
-794
-2804
-4794
-6464
-7742
-8769
-9168
-9225
-9334
-9456
-9309
-8466
-7293
-5849
-4225
-2868
-1432
-33
1233
2127
2767
3672
4787
6102
7188
8040
8767
9117
9524
10098
10333
10594
11051
11618
12100
12459
12113
9913
7491
5590
3539
1596
-412
-2377
-4004
-5698
-7373
-8920
-10594
-11405
-11157
-10435
-9730
-8896
-7732
-6520
-5284
-4354
-3427
-2277
-1128
349
1746
2286
2817
3534
4033
4289
4428
4387
4055
4155
3951
2899
1291
-668
-2478
-4186
-5750
-7027
-8005
-8399
-8372
-8475
-8576
-8498
-7815
-6596
-5313
-3957
-2776
-1537
-126
1055
1933
2622
3389
4508
5724
6713
7517
8292
8848
9208
9692
9854
9993
10445
11003
11554
11888
11470
9561
7421
5596
3491
1644
-236
-2097
-3557
-5320
-7044
-8607
-10276
-11011
-11002
-10547
-9870
-9048
-7826
-6699
-5595
-4767
-3848
-2553
-1414
2
1272
1889
2586
3289
3839
4123
4334
4438
4251
4330
3930
2809
1112
-708
-2211
-3898
-5330
-6559
-7431
-7616
-7778
-7799
-7808
-7706
-6860
-5839
-4781
-3709
-2635
-1289
6
1139
1955
2738
3726
4782
5940
6749
7420
8278
8909
9384
9592
9655
9832
10189
10813
11233
11271
10448
8692
6962
5069
2971
1121
-683
-2244
-3788
-5523
-7214
-8835
-10137
-10711
-10695
-10457
-9889
-8898
-7706
-6630
-5732
-4998
-4030
-2719
-1428
-124
906
1628
2466
3154
3594
3926
4140
4330
4306
3999
3231
1965
497
-973
-2312
-3677
-4933
-5909
-6582
-6896
-7073
-7180
-7114
-6763
-6075
-5275
-4501
-3615
-2531
-1307
-35
1025
1885
2822
3858
4916
5836
6567
7303
8124
8872
9356
9584
9739
9924
10306
10804
11140
10918
9802
8317
6714
4838
2820
883
-818
-2414
-3999
-5586
-7229
-8731
-9789
-10241
-10307
-10270
-9736
-8749
-7664
-6723
-6030
-5281
-4295
-3064
-1834
-701
276
1246
2254
2949
3405
3736
4006
4238
4076
3515
2586
1394
182
-1136
-2313
-3376
-4321
-4987
-5556
-5809
-5912
-5901
-5618
-5347
-4828
-4244
-3664
-2812
-1953
-889
233
1265
2314
3172
4088
4979
5709
6442
7096
7846
8486
8883
9181
9258
9404
9731
10153
10318
9622
8462
7238
5790
4107
2232
375
-1327
-2882
-4284
-5760
-7298
-8529
-9273
-9607
-9826
-9855
-9334
-8465
-7479
-6657
-6148
-5473
-4555
-3452
-2306
-1348
-344
712
1732
2571
3036
3329
3496
3579
3400
2716
1826
789
-232
-1075
-1938
-2781
-3587
-4181
-4417
-4577
-4646
-4566
-4367
-4007
-3605
-3233
-2810
-2195
-1276
-255
673
1604
2513
3400
4253
5012
5705
6319
7014
7703
8104
8361
8571
8761
9066
9402
9628
9270
8342
7395
6353
5039
3515
1890
310
-1292
-2842
-4256
-5740
-7101
-8038
-8614
-9028
-9321
-9273
-8824
-8193
-7495
-6872
-6255
-5479
-4518
-3464
-2561
-1633
-634
282
1252
1989
2439
2652
2558
2441
1999
1334
779
115
-423
-947
-1546
-2121
-2815
-3195
-3389
-3590
-3573
-3507
-3341
-3141
-2933
-2601
-2206
-1584
-773
99
1017
1931
2873
3635
4248
4918
5563
6176
6735
7225
7610
7895
8197
8562
8935
9237
9196
8616
7841
6982
5946
4730
3268
1844
365
-1292
-2814
-4328
-5728
-6812
-7571
-8040
-8500
-8718
-8653
-8427
-8033
-7655
-7047
-6305
-5465
-4435
-3593
-2728
-1806
-913
109
956
1674
2125
2151
2072
1771
1305
874
414
34
-294
-677
-1081
-1543
-2036
-2311
-2484
-2643
-2612
-2567
-2437
-2226
-2070
-1765
-1411
-947
-287
417
1207
1992
2687
3215
3653
4109
4592
5149
5612
6098
6537
6829
7383
7943
8361
8550
8143
7681
7109
6219
5289
4036
2766
1559
72
-1385
-2892
-4289
-5293
-6157
-6789
-7281
-7643
-7711
-7666
-7570
-7468
-7221
-6652
-5886
-4999
-4194
-3426
-2602
-1834
-937
-93
579
1178
1454
1556
1459
1109
855
507
207
50
-234
-457
-766
-1116
-1336
-1629
-1781
-1846
-1903
-1812
-1726
-1584
-1463
-1264
-916
-565
-78
448
1033
1643
2094
2595
2958
3283
3836
4298
4843
5371
5715
6291
6930
7554
8075
7980
7628
7248
6610
5847
4861
3741
2681
1490
222
-1075
-2462
-3613
-4511
-5286
-5930
-6449
-6731
-6841
-6882
-6980
-7040
-6908
-6467
-5718
-5050
-4360
-3597
-2914
-2064
-1274
-583
110
518
953
1148
954
851
643
477
371
119
-53
-321
-592
-721
-990
-1247
-1380
-1437
-1457
-1494
-1516
-1503
-1405
-1174
-817
-473
-147
346
854
1357
1778
2201
2671
3061
3571
4134
4602
5021
5477
5964
6588
7197
7584
7533
7285
6887
6267
5546
4637
3752
2730
1643
582
-607
-1801
-2844
-3703
-4417
-5052
-5538
-5818
-6040
-6193
-6360
-6496
-6451
-6157
-5621
-5074
-4456
-3823
-3128
-2379
-1705
-1003
-374
118
592
774
751
708
551
496
378
175
2
-236
-390
-506
-757
-955
-1105
-1220
-1288
-1403
-1562
-1674
-1641
-1451
-1156
-916
-678
-172
195
654
1126
1464
2006
2392
2899
3503
3857
4360
4930
5233
5916
6328
6798
7177
6891
6789
6261
5554
5032
4161
3314
2463
1370
518
-614
-1742
-2487
-3384
-3956
-4503
-4985
-5205
-5559
-5720
-5829
-5947
-5828
-5517
-5104
-4579
-4034
-3421
-2796
-2161
-1503
-827
-295
78
404
426
451
474
387
345
156
-47
-150
-402
-503
-613
-857
-969
-1119
-1236
-1460
-1717
-1832
-1882
-1775
-1578
-1219
-970
-580
-86
321
769
1224
1716
2268
2722
3146
3721
3991
4537
4872
5186
5661
5941
6459
6666
6524
6353
5914
5333
4840
4030
3290
2486
1538
756
-261
-1216
-2044
-2780
-3322
-3800
-4205
-4606
-4903
-5115
-5258
-5353
-5326
-5169
-4840
-4414
-3914
-3469
-2995
-2396
-1800
-1149
-704
-377
-184
-127
-46
-20
-127
-235
-398
-441
-537
-747
-805
-1014
-1105
-1178
-1319
-1432
-1785
-1930
-1916
-1971
-1786
-1470
-1180
-643
-277
209
651
883
1530
1913
2347
2852
3137
3526
3847
3959
4360
4563
4872
5448
5635
6093
6158
5938
5862
5370
4900
4423
3680
3075
2353
1497
762
-180
-974
-1538
-2149
-2565
-3074
-3557
-3866
-4234
-4456
-4581
-4759
-4683
-4443
-4205
-3944
-3680
-3307
-2858
-2323
-1835
-1419
-1169
-955
-805
-823
-854
-904
-992
-1042
-1101
-1245
-1290
-1459
-1645
-1615
-1680
-1831
-1918
-2071
-2197
-2194
-2152
-1807
-1731
-1354
-614
-475
23
531
775
1354
1790
2264
2720
2855
3462
3717
3719
4233
4396
4823
5346
5400
5725
5960
5987
6070
5717
5371
4987
4377
3928
3154
2304
1704
955
196
-466
-1121
-1711
-2196
-2655
-3080
-3462
-3755
-3913
-4030
-4128
-4137
-4038
-3849
-3594
-3379
-3066
-2724
-2427
-2005
-1648
-1473
-1303
-1218
-1317
-1444
-1563
-1721
-1806
-1869
-1984
-2054
-2272
-2387
-2385
-2491
-2452
-2528
-2460
-2194
-2202
-2021
-1678
-1584
-1160
-559
-253
239
770
1254
1664
1923
2512
2863
2981
3546
3747
3775
4238
4399
4580
4853
4900
5204
5235
5351
5657
5314
5223
5048
4417
4110
3498
2814
2279
1553
1028
412
-219
-684
-1302
-1733
-2009
-2437
-2723
-2888
-3106
-3209
-3319
-3448
-3459
-3447
-3326
-3192
-3125
-2886
-2615
-2386
-2112
-2045
-2100
-2103
-2199
-2255
-2315
-2436
-2474
-2630
-2746
-2807
-3076
-3025
-2819
-2802
-2585
-2404
-2167
-1976
-1798
-1390
-1250
-872
-290
73
490
858
1322
1587
1862
2402
2617
2883
3137
3326
3551
3633
3934
4044
4060
4359
4427
4529
4796
4879
5081
5093
4848
4678
4243
3813
3466
2854
2399
1983
1485
1096
528
0
-431
-757
-983
-1364
-1640
-1944
-2226
-2508
-2905
-3130
-3325
-3405
-3300
-3434
-3441
-3278
-3278
-3041
-2933
-2883
-2764
-2825
-2736
-2834
-3090
-3150
-3333
-3422
-3338
-3343
-3360
-3245
-3016
-2896
-2769
-2380
-2081
-1871
-1276
-978
-833
-316
48
310
691
1104
1473
1697
2185
2479
2529
2838
3099
3250
3474
3717
3786
3825
4056
4193
4186
4558
4606
4605
4778
4595
4460
4349
3983
3833
3585
3178
2926
2381
1973
1659
1174
818
490
96
-247
-622
-1064
-1549
-1864
-2210
-2456
-2661
-2974
-3162
-3337
-3498
-3524
-3619
-3604
-3485
-3400
-3295
-3339
-3449
-3525
-3557
-3747
-3697
-3785
-3813
-3629
-3622
-3518
-3460
-3259
-3038
-2811
-2365
-1999
-1742
-1215
-760
-684
-220
242
168
797
1269
1236
1746
2049
2065
2367
2838
2772
3064
3362
3265
3600
3674
3715
3836
3864
3912
3963
4051
3987
4200
4249
4114
4259
4036
3772
3761
3448
3058
2913
2563
2140
1916
1473
925
569
57
-320
-683
-1099
-1489
-1895
-2247
-2653
-2961
-3302
-3582
-3666
-3840
-3934
-3967
-4064
-4057
-4014
-4113
-4096
-4100
-4131
-3942
-4016
-3918
-3821
-3767
-3558
-3480
-3296
-3036
-2721
-2220
-1824
-1527
-1055
-675
-526
23
318
257
949
1037
1135
1570
1797
1808
2262
2521
2410
2826
2944
2949
3167
3167
3053
3192
3228
3259
3482
3522
3582
3877
3814
3968
4195
4012
4078
4130
3838
3753
3612
3201
2941
2568
2098
1720
1268
898
525
-33
-373
-894
-1441
-1687
-2233
-2611
-2879
-3322
-3542
-3805
-4093
-4230
-4378
-4486
-4444
-4403
-4412
-4327
-4311
-4278
-4207
-4166
-4013
-3969
-3755
-3529
-3319
-3098
-2706
-2389
-2134
-1549
-1233
-1044
-460
-168
-137
505
501
672
1224
1218
1456
1820
1780
2168
2462
2268
2718
2655
2456
2964
2890
2716
3194
3060
2945
3399
3307
3341
3718
3718
3811
3951
3961
4071
3963
3919
3796
3536
3286
3060
2765
2320
2096
1620
1078
779
306
-219
-574
-1027
-1500
-1879
-2301
-2730
-3177
-3609
-3917
-4174
-4364
-4449
-4568
-4655
-4592
-4587
-4573
-4396
-4314
-4122
-3968
-3773
-3590
-3515
-3229
-3160
-2828
-2567
-2411
-1890
-1593
-1272
-821
-550
-466
135
259
244
927
851
982
1663
1334
1589
1932
1501
2103
2216
2013
2577
2433
2280
2865
2571
2539
3110
2890
2975
3376
3257
3412
3646
3609
3774
3817
3851
3902
3740
3719
3588
3251
3071
2887
2445
2050
1795
1245
793
420
-68
-544
-1045
-1447
-2049
-2442
-2733
-3177
-3571
-3768
-4047
-4322
-4327
-4415
-4500
-4427
-4342
-4195
-4080
-3880
-3809
-3706
-3428
-3310
-3077
-2899
-2565
-2293
-2150
-1726
-1590
-1279
-1008
-695
-397
-215
173
227
479
617
716
630
1074
1029
1071
1518
1102
1563
1699
1453
2018
2001
1847
2422
2291
2190
2949
2385
2765
3233
2682
3388
3342
3196
3802
3602
3570
4051
3711
3600
3738
3164
3145
2877
2443
2152
1768
1255
830
342
-133
-456
-1006
-1312
-1749
-2136
-2624
-2906
-3172
-3629
-3668
-3892
-4039
-3916
-3965
-4074
-3914
-3820
-3726
-3520
-3389
-3143
-3113
-2888
-2629
-2604
-2305
-2165
-1887
-1640
-1418
-1135
-1045
-763
-530
-470
-389
45
-53
71
445
173
554
661
663
1013
1097
1116
1464
1364
1629
1964
1689
2109
2288
2186
2393
2710
2484
2947
3113
2879
3577
3326
3421
3611
3493
3472
3651
3366
3288
3234
2644
2593
2210
1708
1483
1150
631
447
19
-605
-728
-1265
-1714
-1981
-2385
-2730
-2873
-3136
-3400
-3345
-3640
-3623
-3551
-3602
-3523
-3463
-3324
-3143
-3017
-2878
-2822
-2600
-2524
-2371
-2152
-2154
-1845
-1718
-1668
-1436
-1272
-1185
-835
-767
-685
-249
-287
-131
167
248
452
667
703
1042
1210
1195
1574
1572
1709
1998
1964
2109
2553
2342
2449
2934
2589
2890
3045
2737
3209
3246
3017
3514
3191
3026
3356
2729
2932
2811
2308
2436
2251
1739
1588
1270
852
608
96
-291
-560
-950
-1372
-1590
-1842
-2298
-2481
-2703
-2887
-3004
-3141
-3223
-3164
-3117
-3160
-3077
-3092
-2974
-2910
-2772
-2834
-2610
-2480
-2686
-2379
-2263
-2311
-1987
-1795
-1965
-1413
-1484
-1476
-872
-1130
-648
-384
-558
-84
200
97
474
695
696
1035
1178
1187
1463
1688
1600
1894
2060
1920
2302
2161
2061
2613
2306
2454
2664
2621
2542
2597
2694
2664
2712
2821
2740
2824
2685
2585
2663
2101
2239
2158
1485
1652
1379
818
720
337
-105
-369
-705
-972
-1183
-1628
-1700
-1945
-2260
-2289
-2518
-2668
-2683
-2820
-2810
-2882
-2976
-2899
-3007
-2961
-2800
-2821
-2714
-2579
-2529
-2486
-2280
-2133
-1968
-1826
-1798
-1431
-1317
-1316
-869
-834
-576
-296
-257
15
154
243
488
642
730
910
1069
1096
1304
1234
1381
1335
1408
1928
1418
1463
1995
1686
1681
2243
1910
2089
2457
2291
2522
2393
2451
2851
2535
2510
3042
2526
2313
2860
2145
1755
2202
1467
1198
1450
663
517
273
-236
-193
-888
-1175
-1062
-1696
-1855
-1886
-2333
-2458
-2534
-2765
-2879
-2872
-2897
-2922
-3012
-2800
-2879
-2798
-2574
-2607
-2415
-2353
-2201
-2061
-1771
-1764
-1541
-1228
-1250
-1130
-668
-687
-540
-362
-301
82
-149
115
585
275
273
719
591
630
841
851
975
1098
1270
1124
1417
1321
1835
1729
1521
2462
1971
1908
2731
2408
2183
2851
2833
2651
2724
2900
2683
2503
2722
2517
2136
2235
1970
1756
1398
976
1137
469
234
306
-439
-752
-727
-1342
-1590
-1670
-2053
-2236
-2210
-2523
-2606
-2726
-2864
-2702
-2838
-2760
-2669
-2719
-2596
-2429
-2433
-2251
-2111
-2230
-1768
-1709
-1831
-1251
-1450
-1319
-997
-1174
-835
-814
-826
-416
-672
-700
-227
-506
-320
-17
50
-199
219
464
24
751
806
714
1321
1298
1336
1759
1480
2047
2260
1967
2683
2568
2477
3030
2715
2912
2837
2958
2971
2815
2848
2589
2457
2461
2084
1990
1980
1431
1283
1027
540
435
80
-150
-373
-721
-857
-1130
-1426
-1472
-1759
-1804
-1753
-2032
-1927
-2108
-2147
-1948
-2296
-2083
-1960
-2206
-1982
-2006
-2032
-1872
-1941
-1894
-1652
-2028
-1605
-1459
-2046
-1320
-1505
-1912
-1330
-1226
-1753
-1146
-1039
-1448
-860
-929
-918
-318
-485
-371
301
4
284
785
477
1008
1543
947
1863
1770
1803
2011
2259
2617
1906
2735
2793
2333
2750
2803
2292
2704
2509
2307
2493
1995
2214
1692
1640
1812
971
1182
1100
546
457
443
89
-64
-113
-164
-492
-423
-695
-755
-658
-1139
-864
-1086
-1271
-1143
-1356
-1493
-1567
-1578
-1859
-1601
-1898
-1980
-1725
-2115
-1813
-1918
-2324
-1938
-2051
-2195
-2050
-2045
-1999
-2095
-1888
-1508
-1655
-1958
-827
-1321
-1161
-425
-857
-486
153
181
152
572
914
773
1008
1742
1215
1465
2088
1935
1802
2400
2037
2155
2416
2308
2107
2179
2445
1923
2153
2070
1818
1588
1689
1612
1241
1098
1270
1092
589
1065
786
337
818
478
120
698
181
-130
400
-130
-67
-194
-545
-304
-759
-923
-713
-1199
-1285
-1039
-1528
-1537
-1498
-1783
-2030
-1801
-1988
-2444
-1973
-2290
-2464
-2146
-2363
-2355
-2390
-1912
-2149
-2153
-1567
-1656
-1689
-1004
-987
-1271
-268
-311
-767
118
582
-389
845
1055
380
1286
1424
985
1618
1827
1286
1990
1757
1740
2009
1861
1622
2188
1593
1495
1873
1497
1494
1338
1596
1342
1016
1558
1032
962
1456
840
1105
1058
765
1094
755
630
1073
354
477
594
131
197
-9
86
-209
-512
-122
-731
-880
-719
-1088
-1235
-1344
-1420
-1632
-1866
-1758
-1901
-2218
-1922
-2250
-2168
-1900
-2224
-2063
-1688
-2154
-1656
-1448
-1735
-1371
-1247
-981
-1394
-551
-710
-970
68
-442
-217
327
49
5
1047
277
559
1142
654
1075
998
1147
1164
1157
1165
1482
985
1404
1371
1112
1652
961
1372
1494
1016
1285
1573
1072
1045
1506
1291
918
1210
1574
570
1314
1414
273
1228
982
717
598
573
892
153
49
585
52
-467
13
-411
-493
-852
-840
-728
-1359
-1246
-1143
-1583
-1731
-1112
-1937
-1687
-1245
-2085
-1586
-1343
-1948
-1501
-1371
-1645
-1518
-1459
-831
-1507
-1400
-248
-1314
-1020
53
-1257
-365
326
-968
-32
497
-657
393
475
-223
961
254
354
1081
702
291
1557
1124
212
2111
824
540
2078
877
619
2278
467
902
2271
345
1130
1650
749
1244
1015
937
1126
973
919
784
1066
702
424
833
538
238
501
233
260
2
-3
91
-490
-576
-78
-504
-1061
-391
-690
-1094
-842
-907
-1098
-1259
-1033
-1216
-1367
-1207
-1230
-1418
-1067
-1202
-1437
-870
-1353
-1169
-805
-1234
-975
-511
-1030
-995
-204
-1096
-664
-197
-525
-579
-244
174
-439
131
276
272
412
288
626
785
383
950
977
813
738
1009
862
849
970
1177
569
866
1507
217
1025
1503
236
875
1786
-83
1129
1414
-47
1118
1115
384
1009
504
563
1001
258
822
673
22
790
358
143
340
74
41
-148
-306
-351
-378
-746
-784
-635
-850
-1064
-925
-1220
-1229
-1004
-1403
-1298
-1091
-1664
-1065
-1152
-1794
-995
-1580
-1419
-819
-1484
-990
-1063
-863
-944
-895
-530
-648
-812
-88
-167
-554
690
-353
161
731
224
142
902
675
482
843
733
1170
426
947
1105
556
1344
973
699
1638
941
865
1720
823
1391
953
1205
1811
319
1538
2031
598
1333
1797
795
1461
1269
1165
1179
625
1157
392
222
762
-263
-281
91
-771
-942
-546
-986
-1472
-1245
-1089
-1693
-1684
-1450
-1972
-2047
-1722
-1957
-2250
-1828
-1991
-2099
-1596
-1787
-1947
-1696
-1610
-1496
-1549
-1362
-849
-1453
-878
-687
-1092
-132
-542
-276
255
-172
144
734
99
771
713
194
1394
493
777
1123
931
1125
1353
1364
1458
1370
1704
2068
1333
1896
1740
1635
2154
1394
2015
2156
1376
1937
2085
1847
2039
1683
1959
1892
1747
1799
1414
1384
1043
651
639
422
-286
-315
-312
-1057
-1126
-1286
-1860
-1909
-1905
-2254
-2240
-2182
-2708
-2423
-2475
-2749
-2359
-2529
-2413
-2113
-2332
-2031
-1637
-1913
-1730
-1360
-1827
-1679
-1259
-1519
-1436
-911
-1200
-990
-493
-777
-774
-125
-20
-297
191
265
-18
376
699
332
551
977
792
1348
1417
1427
1895
1619
2274
2026
1865
2496
2520
2137
2515
2482
2447
2705
2978
2809
2691
3567
3017
2822
3842
3185
2509
3038
2269
1682
1633
722
407
120
-571
-795
-1645
-1959
-1921
-2738
-2773
-2801
-3430
-3317
-3278
-3553
-3702
-3381
-3359
-3513
-2811
-2738
-2751
-2311
-1886
-1961
-1607
-1469
-1771
-1464
-1607
-1537
-1460
-1535
-1452
-1256
-1247
-994
-901
-900
-728
-409
-353
-149
70
63
376
419
508
535
1088
1275
1231
1648
2040
1909
2160
2554
2480
2837
3080
3022
3093
3614
3505
3447
4232
3957
3713
4648
4281
4528
4870
4038
3956
3442
2509
2250
1477
516
412
-754
-1381
-1571
-2874
-3377
-3627
-4180
-4426
-4534
-4766
-4868
-4864
-4516
-4784
-4566
-4035
-3986
-3394
-2907
-2454
-2180
-1571
-1085
-1035
-678
-688
-897
-881
-957
-1228
-1404
-1426
-1221
-1455
-1455
-1065
-1391
-965
-418
-776
-325
80
-81
185
383
470
773
1171
1423
1974
2039
2260
2834
2824
3497
3464
3330
4206
4266
4100
4412
4482
4799
5172
5104
5564
5695
5879
6117
5116
4589
4084
2827
2334
1388
53
-616
-1570
-2514
-3291
-4230
-4803
-5033
-5475
-5454
-5647
-5798
-5272
-5278
-5273
-4958
-4739
-4346
-3654
-3173
-2693
-2174
-1553
-1046
-734
-374
-196
-416
-566
-718
-1312
-1630
-1955
-2238
-2169
-2166
-2311
-2187
-1844
-1755
-1370
-1256
-945
-556
-375
193
393
501
1041
1622
2040
2691
2842
3188
3934
4053
4446
4444
4672
5122
5092
5347
5432
5670
6153
6363
6702
7122
7319
7031
6335
5655
4602
3446
2411
1076
-92
-1303
-2579
-3586
-4691
-5453
-6148
-6689
-6711
-6861
-6732
-6381
-6203
-5921
-5593
-5298
-4835
-4264
-3601
-2844
-2287
-1422
-790
-413
131
412
568
480
121
-294
-883
-1615
-2327
-2980
-3147
-3377
-3561
-3345
-3203
-2841
-2445
-2007
-1527
-1119
-525
48
332
847
1207
1649
2392
2780
3316
3737
4326
4842
5138
5441
5705
6055
6291
6546
6573
6900
7202
7360
7819
8228
8203
7660
6720
5739
4583
3150
1795
209
-1136
-2363
-3777
-4990
-6127
-7132
-7686
-7959
-8185
-7993
-7721
-7201
-6720
-6347
-5835
-5379
-4775
-3932
-3069
-2396
-1468
-594
242
779
1049
1485
1552
1602
1177
413
-247
-1303
-2231
-2985
-3743
-4230
-4409
-4385
-4083
-3801
-3377
-2735
-2205
-1500
-848
-270
386
978
1472
1936
2514
2909
3494
3962
4386
4966
5426
5939
6305
6712
7050
7234
7566
7752
7976
8402
8682
9160
8886
7867
6927
5571
4113
2628
947
-685
-1977
-3323
-4758
-5966
-7297
-8140
-8421
-8560
-8574
-8195
-7702
-7133
-6472
-6061
-5604
-4961
-4240
-3300
-2345
-1625
-765
103
795
1210
1587
1883
1929
1980
1334
443
-389
-1719
-2739
-3635
-4616
-5008
-5290
-5354
-4956
-4808
-4319
-3633
-3021
-2115
-1330
-592
285
953
1621
2302
2771
3237
3666
4131
4511
5047
5607
6002
6558
6929
7257
7572
7868
8174
8620
9262
9714
10260
9727
8539
7494
5807
4171
2564
657
-895
-2290
-3804
-5254
-6544
-7885
-8638
-8685
-8845
-8624
-7970
-7471
-6734
-5981
-5727
-5285
-4520
-3872
-2782
-1851
-1249
-237
548
1063
1488
1824
1951
2129
2068
1203
283
-809
-2160
-3138
-4203
-5176
-5525
-5781
-5775
-5508
-5455
-5069
-4350
-3572
-2722
-1943
-1119
-168
784
1605
2330
2881
3469
4129
4657
5031
5477
6059
6604
7078
7355
7553
7934
8247
8645
9286
9866
10522
10907
9972
8597
7158
5211
3535
1708
-305
-1790
-3345
-4851
-6240
-7656
-8804
-9338
-9195
-9197
-8704
-7866
-7255
-6331
-5659
-5369
-4722
-3965
-3177
-2001
-1128
-391
685
1375
1793
2153
2393
2429
2559
2239
1231
256
-1003
-2258
-3299
-4452
-5282
-5621
-5809
-5841
-5660
-5619
-5293
-4526
-3872
-3061
-2230
-1350
-267
673
1542
2268
2847
3539
4230
4851
5299
5834
6422
6885
7251
7502
7735
8112
8456
8891
9553
10119
10743
10604
9269
7783
6116
4232
2437
440
-1328
-2726
-4304
-5767
-7227
-8620
-9429
-9627
-9396
-9199
-8493
-7529
-6747
-5854
-5342
-4877
-4049
-3245
-2231
-1139
-285
634
1655
2257
2551
2871
2953
3051
3074
2433
1382
119
-1268
-2567
-3826
-4996
-5815
-6104
-6237
-6231
-6035
-5977
-5492
-4723
-4063
-3191
-2325
-1276
-95
855
1673
2272
2824
3512
4240
4884
5394
6040
6654
7112
7401
7580
7832
8234
8639
9098
9698
10286
10839
10353
8935
7422
5650
3982
2181
180
-1426
-2966
-4489
-5911
-7521
-8860
-9569
-9585
-9306
-8923
-8174
-7230
-6296
-5520
-4974
-4449
-3670
-2719
-1648
-696
109
1057
1909
2495
2779
2922
3047
3156
3050
2359
1099
-327
-1722
-3066
-4359
-5478
-6238
-6514
-6564
-6518
-6379
-6273
-5699
-4909
-4212
-3376
-2544
-1436
-245
736
1620
2262
2968
3841
4693
5462
6135
6911
7563
7990
8242
8338
8490
8735
9039
9359
9775
10269
10520
9782
8283
6698
4992
3342
1574
-316
-1935
-3578
-5095
-6491
-8080
-9236
-9800
-9772
-9386
-8934
-8177
-7283
-6380
-5580
-4962
-4351
-3585
-2553
-1440
-557
272
1124
1903
2503
2800
2986
3145
3221
3030
2240
855
-610
-2009
-3347
-4544
-5582
-6204
-6419
-6460
-6349
-6284
-6162
-5567
-4807
-4047
-3243
-2359
-1285
-130
857
1707
2446
3210
4169
5046
5878
6670
7444
8051
8388
8611
8679
8764
8949
9160
9517
9914
10287
10289
9274
7774
6184
4518
2841
1023
-748
-2334
-3979
-5563
-7016
-8512
-9464
-9836
-9795
-9419
-8935
-8125
-7222
-6452
-5693
-5058
-4389
-3583
-2550
-1451
-583
359
1209
1994
2574
2851
3185
3372
3477
3208
2313
997
-461
-1875
-3329
-4610
-5555
-6144
-6335
-6395
-6392
-6365
-6197
-5641
-4935
-4162
-3342
-2305
-1144
-39
953
1743
2532
3354
4253
5100
5887
6723
7502
8046
8308
8440
8526
8600
8846
9111
9464
9966
10353
10318
9238
7713
6250
4638
2962
1168
-609
-2133
-3754
-5363
-6845
-8357
-9278
-9601
-9531
-9242
-8742
-7916
-7035
-6226
-5521
-4922
-4256
-3436
-2390
-1365
-545
394
1237
2004
2546
2819
3149
3334
3396
3032
2011
709
-678
-2087
-3449
-4749
-5664
-6212
-6515
-6646
-6733
-6755
-6536
-5970
-5260
-4492
-3709
-2707
-1583
-499
513
1402
2297
3256
4264
5199
6033
6880
7645
8194
8541
8680
8759
8839
9090
9327
9527
9934
10248
10168
9267
7818
6432
4909
3251
1559
-207
-1767
-3357
-4927
-6358
-7821
-8785
-9181
-9206
-8990
-8609
-7939
-7171
-6441
-5770
-5209
-4555
-3764
-2808
-1846
-1057
-148
687
1440
2053
2436
2833
3073
3158
2908
1964
762
-490
-1792
-3002
-4215
-5131
-5674
-6086
-6359
-6518
-6657
-6481
-5978
-5352
-4616
-3902
-2984
-1913
-842
218
1160
2090
3073
4082
5035
5849
6664
7391
7984
8391
8521
8683
8783
8989
9239
9344
9703
10040
10016
9375
8125
6827
5438
3852
2258
552
-1051
-2595
-4121
-5520
-6938
-8003
-8545
-8707
-8630
-8416
-7959
-7354
-6740
-6111
-5606
-5044
-4304
-3425
-2484
-1683
-788
60
811
1494
1953
2384
2708
2837
2763
2102
1055
-33
-1229
-2364
-3479
-4429
-5027
-5492
-5853
-6058
-6251
-6178
-5813
-5311
-4603
-3920
-3077
-2021
-949
144
1078
1921
2820
3704
4599
5401
6151
6806
7294
7669
7810
7944
8051
8209
8451
8581
8902
9251
9324
8932
8009
6973
5772
4369
2980
1402
-127
-1572
-3037
-4342
-5674
-6775
-7404
-7720
-7798
-7729
-7455
-6973
-6451
-5900
-5421
-4914
-4280
-3567
-2759
-2025
-1261
-456
264
930
1459
1853
2181
2341
2265
1845
1055
95
-972
-2081
-3127
-4042
-4764
-5293
-5748
-6018
-6162
-6178
-5912
-5541
-4931
-4208
-3447
-2486
-1493
-430
571
1435
2319
3185
4096
4989
5778
6416
6837
7172
7341
7508
7676
7747
7967
8113
8298
8579
8667
8618
8102
7248
6287
5033
3762
2342
822
-558
-1954
-3197
-4394
-5556
-6335
-6857
-7084
-7142
-7155
-6855
-6401
-5859
-5385
-5009
-4555
-4018
-3327
-2649
-2015
-1344
-617
183
811
1263
1617
1854
2021
1849
1351
604
-270
-1144
-2112
-3010
-3873
-4566
-4986
-5387
-5624
-5764
-5722
-5340
-4930
-4397
-3767
-3021
-2048
-1096
-180
653
1490
2452
3458
4408
5109
5723
6259
6615
6910
7030
7177
7405
7641
7903
7931
8000
8170
8274
8264
7713
6911
6028
4923
3781
2324
825
-493
-1755
-2804
-3934
-4978
-5719
-6223
-6436
-6697
-6831
-6653
-6296
-5812
-5491
-5272
-4949
-4488
-3853
-3273
-2716
-2109
-1381
-561
54
551
911
1183
1385
1219
846
283
-452
-1153
-1972
-2756
-3463
-4072
-4423
-4710
-4876
-4879
-4738
-4395
-4034
-3568
-2933
-2207
-1382
-579
180
943
1754
2651
3550
4289
4786
5219
5641
5942
6188
6346
6466
6697
6906
7022
7070
7083
7189
7447
7535
7211
6709
5968
5060
4086
2799
1513
421
-649
-1547
-2461
-3472
-4268
-4865
-5313
-5664
-5929
-5920
-5694
-5477
-5361
-5291
-5162
-4872
-4455
-4019
-3564
-3067
-2401
-1657
-1083
-610
-251
27
250
198
-12
-364
-877
-1414
-2028
-2588
-3116
-3565
-3778
-4011
-4089
-4016
-3943
-3638
-3377
-3030
-2409
-1813
-1171
-506
109
835
1644
2474
3165
3747
4204
4582
5092
5372
5546
5833
5981
6201
6480
6536
6601
6754
6911
7213
7440
7219
6809
6244
5301
4314
3208
2008
1069
147
-778
-1623
-2576
-3433
-4083
-4587
-4986
-5220
-5216
-5145
-5066
-5034
-5059
-4993
-4817
-4595
-4261
-3835
-3377
-2776
-2154
-1698
-1285
-951
-667
-462
-464
-538
-784
-1110
-1504
-2089
-2531
-3020
-3483
-3602
-3830
-3911
-3738
-3694
-3412
-3068
-2795
-2239
-1688
-1170
-529
98
769
1465
2172
2789
3268
3763
4149
4505
4947
5147
5315
5674
5734
5885
6166
6081
6275
6586
6685
7035
7018
6563
6219
5524
4680
3952
3013
2125
1380
560
-283
-1145
-2048
-2794
-3320
-3776
-4173
-4417
-4577
-4728
-4830
-4962
-5135
-5134
-5020
-4867
-4552
-4249
-3871
-3347
-2921
-2518
-2131
-1753
-1402
-1211
-1070
-1133
-1329
-1487
-1901
-2279
-2592
-3023
-3111
-3158
-3289
-3152
-3050
-2884
-2483
-2155
-1737
-1236
-809
-305
176
673
1112
1542
2155
2587
2988
3547
3779
4097
4513
4555
4842
4975
4877
5280
5437
5495
5835
5849
5991
6249
6058
5845
5534
5044
4657
4141
3431
2633
1881
1171
399
-381
-1139
-1786
-2242
-2671
-3176
-3593
-4007
-4297
-4366
-4622
-4852
-4877
-4933
-4789
-4645
-4618
-4350
-4028
-3581
-3088
-2743
-2350
-2067
-1827
-1665
-1786
-1936
-2133
-2332
-2462
-2709
-2875
-2897
-2943
-2893
-2752
-2611
-2354
-1910
-1455
-1075
-700
-321
-18
357
771
1042
1528
2112
2522
3065
3421
3594
3984
4076
4229
4490
4355
4672
4971
4919
5185
5192
5150
5374
5425
5477
5449
5255
5118
4709
4216
3545
2716
2111
1467
831
261
-397
-973
-1490
-2048
-2553
-3050
-3482
-3689
-3907
-4141
-4351
-4576
-4715
-4785
-4845
-4776
-4614
-4299
-3886
-3494
-3134
-2852
-2578
-2340
-2257
-2245
-2302
-2393
-2466
-2581
-2723
-2849
-2891
-2880
-2784
-2585
-2407
-2043
-1661
-1265
-834
-583
-186
108
400
908
1168
1643
2209
2416
2947
3163
3199
3605
3541
3739
3979
3881
4256
4279
4257
4559
4423
4515
4787
4822
5140
5269
5271
5156
4796
4496
3974
3417
2962
2361
1853
1304
673
19
-678
-1177
-1691
-2235
-2590
-3022
-3405
-3650
-4030
-4430
-4733
-4967
-4999
-5021
-4968
-4792
-4642
-4295
-3948
-3728
-3442
-3147
-2885
-2615
-2525
-2485
-2511
-2570
-2538
-2608
-2577
-2499
-2320
-2033
-1890
-1523
-1222
-937
-457
-195
72
420
647
1076
1314
1563
2007
2089
2403
2682
2593
2845
2976
3000
3139
3154
3259
3370
3358
3506
3538
3597
3956
4146
4305
4612
4695
4752
4811
4655
4436
4149
3841
3506
2949
2444
1918
1278
792
239
-342
-835
-1289
-1743
-2294
-2774
-3276
-3770
-4075
-4461
-4775
-4972
-5145
-5146
-5123
-5073
-4865
-4679
-4327
-3951
-3694
-3356
-3158
-2974
-2848
-2752
-2664
-2617
-2420
-2311
-2153
-1918
-1811
-1453
-1087
-860
-414
-159
97
446
643
958
1143
1283
1624
1747
1937
2109
2073
2295
2363
2328
2487
2555
2527
2673
2823
2883
2972
3077
3324
3456
3641
3957
4069
4276
4535
4525
4478
4505
4239
4076
3829
3392
2962
2449
2078
1533
961
501
-33
-682
-1181
-1671
-2371
-2819
-3224
-3711
-4125
-4403
-4730
-4954
-5031
-5142
-5155
-5107
-4874
-4686
-4484
-4174
-3911
-3671
-3391
-3156
-3045
-2850
-2678
-2575
-2332
-2160
-2009
-1667
-1335
-1074
-718
-328
-90
294
571
650
1067
1166
1246
1643
1619
1648
1870
1734
2039
1919
1754
2415
1959
2165
2691
2249
2609
2890
2686
3146
3204
3248
3767
3639
4050
4120
4064
4552
4345
4250
4363
4031
3669
3602
3179
2698
2275
1870
1357
713
248
-390
-990
-1480
-1935
-2565
-2989
-3359
-3830
-4138
-4445
-4781
-5016
-5057
-5119
-5120
-5024
-4802
-4621
-4355
-4021
-3839
-3602
-3225
-3037
-2849
-2525
-2386
-2181
-1777
-1589
-1311
-934
-744
-474
-122
-94
151
504
408
854
832
850
1291
907
1165
1524
865
1485
1689
1003
2013
1611
1548
2425
1810
2306
2591
2179
2984
2810
2719
3647
3016
3495
4141
3496
4088
4213
3839
4205
4026
3749
3753
3353
3183
2901
2285
2099
1553
941
722
68
-523
-896
-1434
-2036
-2482
-2965
-3466
-3860
-4109
-4463
-4703
-4736
-4871
-4780
-4706
-4527
-4272
-4137
-3783
-3555
-3386
-3044
-2796
-2554
-2235
-2009
-1794
-1546
-1328
-1206
-933
-811
-610
-323
-367
-30
-41
13
337
203
368
598
223
881
604
453
1255
616
1134
1443
1055
1746
1545
1489
2312
1605
2224
2547
2045
3015
2811
2767
3492
3225
3462
3833
3684
3971
3855
3893
3921
3578
3470
3320
3012
2679
2413
2059
1406
1056
551
-135
-487
-1039
-1609
-1944
-2544
-3015
-3353
-3783
-3997
-4123
-4336
-4255
-4225
-4332
-4066
-3935
-3896
-3450
-3241
-3110
-2649
-2626
-2350
-2100
-2018
-1721
-1516
-1389
-1053
-1019
-845
-724
-652
-464
-475
-208
-268
-168
71
-87
131
309
-17
637
472
424
1087
665
1047
1370
971
1702
1587
1421
2255
1825
2044
2564
2213
2756
2975
2876
3524
3355
3498
3812
3627
3731
3905
3739
3744
3739
3320
3146
2857
2386
2100
1711
1263
886
300
-207
-701
-1360
-1760
-2159
-2615
-2924
-3261
-3468
-3789
-3886
-3936
-4014
-3834
-3745
-3575
-3389
-3289
-3044
-2876
-2712
-2404
-2246
-2003
-1801
-1598
-1493
-1380
-1257
-1202
-1138
-974
-1011
-873
-732
-873
-636
-711
-758
-548
-531
-543
-180
-310
-134
161
-49
360
467
314
940
796
835
1475
1161
1610
2019
1828
2472
2532
2579
3213
3012
3386
3775
3626
4008
4075
3938
4079
3937
3862
3729
3512
3257
2931
2535
2093
1662
1162
682
293
-254
-738
-1121
-1659
-2003
-2320
-2608
-2839
-2932
-3073
-3150
-3115
-3189
-3128
-2997
-2965
-2777
-2633
-2492
-2251
-2142
-2016
-1837
-1833
-1705
-1584
-1555
-1520
-1346
-1364
-1438
-1245
-1434
-1436
-1327
-1405
-1299
-1267
-1322
-1029
-1234
-1080
-826
-990
-725
-482
-529
-252
-53
99
442
552
972
1157
1381
1735
2063
2193
2533
2916
3004
3212
3544
3571
3629
3868
3835
3809
3769
3637
3544
3241
3086
2911
2425
2230
1961
1404
1095
792
343
62
-279
-507
-852
-1126
-1260
-1518
-1751
-1760
-1922
-2038
-2048
-2090
-2124
-2166
-2050
-2064
-2064
-1987
-1962
-1980
-1908
-1886
-1850
-1888
-1790
-1812
-1898
-1800
-1910
-1889
-1876
-1902
-1832
-1894
-1857
-1704
-1908
-1658
-1601
-1704
-1321
-1344
-1204
-847
-867
-423
-241
-108
499
471
929
1364
1412
1928
2203
2299
2842
2738
3156
3327
3147
3710
3404
3398
3661
3246
3319
3203
2805
2928
2402
2278
2196
1577
1651
1406
945
1043
643
451
387
20
112
-213
-277
-282
-567
-577
-703
-806
-929
-964
-1027
-1195
-1243
-1308
-1492
-1544
-1671
-1765
-1846
-2002
-1999
-2163
-2288
-2238
-2408
-2446
-2396
-2557
-2510
-2568
-2622
-2569
-2615
-2612
-2461
-2521
-2389
-2169
-2268
-1877
-1784
-1615
-1198
-1110
-707
-354
-216
376
530
890
1409
1439
2026
2183
2370
2846
2775
3068
3225
3074
3362
3076
3131
3071
2717
2834
2464
2338
2220
1890
1863
1591
1417
1441
1070
1138
1086
823
995
804
789
797
643
746
608
512
638
400
313
341
62
-61
-177
-429
-530
-815
-968
-1097
-1476
-1527
-1639
-2005
-1988
-2112
-2384
-2418
-2556
-2658
-2712
-2830
-2750
-2810
-2972
-2680
-2855
-2825
-2522
-2620
-2338
-2214
-2071
-1708
-1706
-1384
-911
-1060
-419
-153
-80
499
606
952
1270
1312
1861
1763
1924
2291
2005
2278
2213
2193
2228
1979
2171
1861
1755
1847
1507
1518
1452
1324
1335
1151
1266
1180
1067
1249
1064
1187
1247
1120
1388
1238
1258
1432
1067
1256
1182
901
983
722
656
380
205
66
-234
-393
-641
-839
-1080
-1352
-1467
-1767
-1919
-1967
-2213
-2344
-2361
-2543
-2613
-2633
-2664
-2559
-2649
-2471
-2416
-2386
-2191
-2144
-1861
-1829
-1518
-1288
-1196
-858
-664
-461
-191
-39
258
413
492
846
783
958
1174
1104
1303
1302
1341
1519
1189
1523
1493
1215
1546
1326
1421
1305
1371
1412
1125
1490
1237
1167
1484
1258
1297
1510
1190
1593
1381
1164
1761
1149
1390
1445
1005
1389
981
896
1036
525
739
384
118
209
-232
-306
-465
-739
-733
-1115
-1256
-1260
-1728
-1643
-1796
-2069
-1936
-2152
-2247
-2160
-2310
-2234
-2150
-2225
-2018
-1944
-1965
-1639
-1648
-1594
-1151
-1271
-1079
-762
-894
-571
-516
-568
-118
-335
-104
143
-122
318
291
175
536
490
574
677
719
873
910
927
941
1188
1055
1025
1356
1178
1119
1581
1079
1280
1684
1062
1489
1514
1244
1573
1275
1348
1527
1180
1361
1363
1087
1276
1067
876
1055
784
720
739
468
462
334
30
88
-110
-368
-303
-557
-723
-697
-967
-971
-1055
-1214
-1075
-1323
-1283
-1180
-1421
-1231
-1281
-1344
-1176
-1296
-1228
-1286
-1239
-1206
-1337
-1253
-1240
-1217
-1221
-1256
-1029
-1124
-1136
-847
-932
-812
-562
-570
-470
-229
-121
-86
-86
447
112
315
644
340
696
639
610
817
790
779
918
784
937
870
926
884
979
1051
877
1029
1056
868
1054
951
929
1127
816
1036
1025
727
990
865
646
831
739
480
692
469
396
465
277
287
281
135
169
101
-55
83
-121
-168
-141
-298
-363
-457
-616
-640
-831
-868
-1061
-1084
-1149
-1400
-1240
-1530
-1427
-1493
-1598
-1400
-1486
-1459
-1178
-1443
-1087
-932
-1239
-628
-763
-794
-328
-526
-487
57
-369
-101
258
-160
213
308
95
364
505
226
560
665
368
803
649
635
912
740
843
975
888
923
1095
895
1029
1075
933
1028
1049
886
1017
968
831
983
883
833
893
843
776
892
676
788
794
575
777
605
517
605
325
344
287
-1
92
-100
-353
-278
-523
-743
-691
-945
-1040
-1100
-1244
-1316
-1368
-1420
-1545
-1424
-1609
-1502
-1519
-1604
-1497
-1407
-1553
-1420
-1140
-1528
-1193
-951
-1365
-957
-741
-1138
-588
-626
-694
-395
-282
-393
26
-59
55
374
141
562
556
490
798
912
558
1110
928
744
1263
816
1084
1051
941
1134
929
1092
1081
991
1129
1193
936
1345
1166
1098
1470
1112
1409
1313
1255
1391
1244
1281
1235
1145
1102
1007
831
886
566
551
446
113
225
-158
-254
-251
-642
-624
-694
-1059
-945
-1170
-1352
-1243
-1548
-1474
-1607
-1719
-1654
-1873
-1749
-1821
-1918
-1748
-1853
-1899
-1600
-1939
-1548
-1552
-1682
-1174
-1380
-1260
-909
-957
-905
-405
-725
-301
-216
-267
52
60
168
243
420
359
527
568
600
732
764
726
986
828
997
1142
983
1330
1163
1366
1358
1394
1550
1454
1599
1684
1531
1733
1678
1571
1755
1529
1659
1512
1438
1455
1274
1145
1206
945
891
850
564
576
385
233
157
-23
-195
-243
-496
-622
-700
-985
-1053
-1171
-1434
-1518
-1634
-1842
-1921
-1986
-2160
-2109
-2188
-2309
-2105
-2240
-2277
-1876
-2066
-2016
-1581
-1748
-1673
-1138
-1433
-1050
-857
-915
-537
-549
-477
-24
-329
87
358
-33
586
470
585
668
919
863
955
1133
1150
1155
1254
1416
1275
1582
1364
1624
1560
1482
1821
1550
1637
1845
1556
1689
1757
1522
1740
1572
1609
1587
1467
1399
1493
1262
1199
1363
970
996
999
661
583
556
168
180
-118
-419
-431
-899
-1010
-1111
-1521
-1615
-1655
-2081
-2024
-2145
-2402
-2180
-2488
-2372
-2366
-2549
-2274
-2396
-2299
-2203
-2065
-2109
-1853
-1846
-1743
-1499
-1547
-1191
-1155
-1048
-793
-621
-683
-145
-266
-82
272
119
449
535
495
879
834
889
1224
1071
1204
1511
1269
1564
1591
1574
1755
1681
1757
1851
1765
1887
1939
1813
1938
1871
1936
1826
1950
1872
1810
1879
1769
1720
1665
1566
1522
1307
1197
1097
730
691
465
177
70
-229
-350
-639
-839
-928
-1225
-1329
-1396
-1643
-1745
-1791
-1968
-2041
-2026
-2211
-2154
-2242
-2335
-2189
-2397
-2319
-2150
-2333
-2090
-2008
-2089
-1787
-1737
-1675
-1381
-1418
-1163
-1026
-1004
-670
-750
-395
-354
-195
22
-11
313
345
447
711
777
699
1265
891
1179
1488
1056
1676
1447
1462
1738
1564
1589
1873
1582
1754
1954
1600
1936
1852
1726
1830
1860
1589
1778
1582
1338
1609
1154
1166
1199
827
822
772
369
504
250
35
145
-160
-312
-337
-490
-725
-684
-881
-1051
-1053
-1287
-1355
-1448
-1644
-1593
-1769
-1762
-1849
-1804
-1920
-1867
-1841
-1900
-1853
-1804
-1776
-1833
-1534
-1749
-1484
-1332
-1476
-1086
-1165
-1113
-678
-927
-542
-314
-472
-27
33
13
424
399
501
915
596
1091
991
1048
1279
1201
1386
1410
1442
1592
1581
1546
1775
1554
1699
1685
1480
1736
1440
1552
1550
1370
1402
1406
1128
1237
1142
895
1150
770
889
787
555
652
459
332
386
148
119
-21
-125
-284
-407
-460
-679
-679
-875
-925
-989
-1190
-1196
-1274
-1492
-1476
-1625
-1735
-1691
-1879
-1774
-1810
-1961
-1786
-1948
-1851
-1891
-1763
-1680
-1699
-1442
-1514
-1199
-1316
-1033
-848
-866
-561
-449
-301
-214
58
43
349
392
457
875
656
1025
1115
1139
1240
1412
1232
1458
1472
1307
1666
1442
1484
1634
1393
1484
1464
1285
1386
1396
1160
1363
1181
1120
1153
980
1083
912
906
853
791
679
644
518
571
283
376
320
15
256
-83
-68
-61
-474
-301
-531
-811
-688
-900
-1057
-936
-1283
-1226
-1292
-1606
-1402
-1623
-1632
-1602
-1729
-1605
-1730
-1713
-1552
-1693
-1491
-1457
-1553
-1094
-1434
-1160
-856
-1169
-684
-685
-719
-212
-440
-230
233
-118
183
483
154
500
672
353
989
711
630
1243
690
842
1279
700
1116
1185
735
1406
840
979
1341
750
1118
1129
789
1112
934
816
1063
794
816
966
658
896
739
698
788
714
514
670
535
277
590
138
402
205
11
221
-111
-159
-125
-342
-382
-345
-652
-504
-691
-817
-737
-917
-950
-990
-1009
-1116
-1125
-1065
-1239
-1082
-1189
-1194
-1021
-1255
-989
-1014
-1038
-803
-979
-768
-627
-908
-452
-526
-522
-237
-411
-89
-128
-197
226
-47
144
393
133
376
568
237
627
551
475
714
579
633
768
597
718
804
624
738
898
556
843
917
547
931
791
660
879
683
682
925
457
847
721
489
775
560
477
642
483
280
572
236
256
216
157
-3
2
-86
-287
-161
-445
-438
-526
-611
-673
-803
-827
-878
-944
-1066
-948
-1145
-1044
-1139
-1125
-1086
-1202
-926
-1288
-889
-946
-1118
-704
-899
-741
-642
-602
-537
-348
-392
-246
-135
-116
11
66
166
145
479
107
519
614
222
812
535
494
923
467
788
850
540
1007
554
887
807
700
802
840
738
801
755
834
686
751
853
455
967
570
523
834
458
505
622
307
456
359
130
340
29
23
69
-271
-104
-267
-451
-437
-507
-651
-760
-716
-862
-969
-929
-1038
-1144
-1012
-1236
-1098
-1240
-1128
-1174
-1210
-1081
-1074
-1086
-1009
-902
-867
-828
-773
-450
-821
-319
-315
-584
34
-154
-270
300
-18
110
488
30
560
554
138
954
427
458
1075
324
842
968
434
1039
795
648
1030
725
802
978
805
759
1021
728
847
911
727
880
837
662
857
772
548
894
471
678
606
393
574
325
363
282
138
164
43
-130
-46
-307
-242
-453
-483
-493
-797
-570
-907
-873
-858
-1036
-1010
-1085
-1080
-1122
-1219
-1042
-1186
-1204
-1001
-1180
-1066
-1012
-1001
-936
-914
-715
-896
-585
-723
-420
-592
-369
-238
-356
-117
-118
26
-65
276
44
362
282
351
525
357
622
569
560
696
710
673
721
843
661
944
732
864
899
771
966
820
897
885
915
795
958
780
807
891
676
790
783
518
749
538
427
626
228
455
257
105
242
-13
-58
-4
-272
-213
-268
-543
-354
-594
-701
-516
-893
-761
-804
-1037
-849
-1055
-1037
-986
-1179
-1037
-1078
-1171
-1038
-1053
-1084
-983
-953
-960
-837
-833
-701
-713
-521
-611
-305
-436
-282
-50
-261
67
118
0
365
216
326
529
371
589
608
556
683
771
571
904
719
743
894
753
749
925
654
870
814
685
849
707
695
758
639
634
714
500
608
567
439
477
480
333
383
316
208
269
85
129
51
-68
-54
-153
-250
-318
-296
-489
-531
-474
-779
-631
-820
-889
-789
-1096
-891
-1030
-1151
-997
-1102
-1148
-975
-1158
-959
-1050
-962
-880
-908
-727
-783
-556
-657
-441
-383
-395
-194
-106
-215
208
-54
185
364
89
578
325
468
676
478
643
824
465
913
739
611
996
640
793
901
634
855
831
568
956
626
642
892
541
764
654
662
583
669
505
657
489
498
588
324
473
298
399
158
264
191
-43
149
-128
-115
-138
-390
-229
-474
-551
-416
-750
-623
-697
-883
-729
-964
-880
-889
-1023
-935
-919
-1065
-864
-972
-991
-791
-974
-769
-783
-754
-667
-605
-587
-516
-416
-430
-234
-308
-121
-135
-60
-17
112
85
144
309
199
361
367
404
450
459
567
505
537
604
657
567
721
628
731
603
780
756
589
892
649
767
720
701
725
694
600
789
502
578
691
360
578
374
348
365
184
240
188
-43
91
1
-264
-51
-313
-300
-292
-493
-392
-526
-600
-529
-659
-711
-667
-711
-773
-708
-766
-793
-714
-806
-743
-709
-761
-689
-586
-719
-592
-527
-619
-446
-436
-498
-264
-385
-292
-83
-378
-19
-61
-149
92
10
112
165
200
274
266
284
421
398
407
525
474
584
481
692
539
581
702
590
659
598
693
635
595
659
580
526
573
538
487
421
459
366
320
278
265
165
139
140
38
-33
-29
-64
-175
-183
-233
-296
-313
-333
-403
-374
-497
-462
-454
-625
-469
-562
-601
-495
-620
-596
-530
-633
-550
-511
-638
-487
-495
-539
-414
-479
-434
-361
-414
-285
-275
-311
-139
-178
-161
-72
-62
20
21
93
195
70
303
267
225
416
300
432
438
413
527
501
467
623
484
513
643
444
677
459
584
541
459
568
423
486
414
446
375
368
353
268
327
205
225
195
83
158
98
-12
107
-117
-22
-73
-212
-86
-259
-237
-259
-346
-344
-386
-395
-448
-484
-418
-617
-439
-518
-664
-409
-694
-500
-538
-656
-381
-665
-426
-457
-548
-379
-459
-367
-344
-356
-240
-324
-196
-123
-219
-70
-56
-96
54
40
18
177
69
173
214
199
261
321
289
296
475
274
483
417
370
433
523
362
519
514
271
709
265
555
523
256
564
408
306
492
404
176
511
223
302
342
214
289
130
231
146
150
51
129
-32
-3
36
-51
-105
-131
-82
-271
-146
-224
-326
-295
-322
-376
-382
-383
-454
-398
-491
-439
-443
-502
-488
-420
-591
-437
-421
-558
-389
-450
-428
-384
-349
-340
-388
-267
-260
-303
-218
-185
-205
-179
-43
-107
-76
-10
65
-3
29
243
-19
151
297
68
236
341
171
341
297
337
350
326
434
295
413
370
413
363
384
422
367
360
486
260
343
458
181
386
311
192
335
239
198
293
118
238
206
78
167
124
21
73
76
-77
-16
24
-139
-89
-83
-197
-170
-195
-275
-230
-342
-292
-292
-487
-311
-367
-492
-331
-448
-486
-395
-423
-454
-454
-374
-485
-361
-366
-369
-364
-319
-281
-339
-223
-199
-325
-111
-216
-182
-70
-84
-78
-21
-4
46
126
4
244
37
173
347
112
298
351
143
472
312
312
480
283
425
410
381
402
452
334
394
398
324
406
402
266
362
333
202
368
236
203
256
174
237
201
141
132
234
22
116
171
-158
96
-2
-186
39
-148
-226
-104
-331
-180
-363
-325
-324
-460
-399
-453
-438
-537
-442
-459
-603
-384
-478
-602
-308
-486
-474
-256
-459
-370
-222
-349
-263
-198
-221
-189
-52
-86
-110
-10
45
-75
31
186
-115
235
212
10
333
198
205
379
181
410
316
133
615
259
262
578
320
327
489
430
345
493
461
385
427
559
349
410
514
352
409
394
390
345
346
454
341
241
374
211
105
238
78
-17
4
-63
-213
-303
-226
-344
-521
-421
-548
-820
-615
-687
-861
-751
-853
-818
-937
-878
-738
-1034
-761
-626
-903
-675
-568
-729
-606
-477
-473
-521
-297
-332
-337
-37
-124
-54
139
71
191
282
146
427
366
289
609
479
461
620
626
574
627
715
612
669
814
523
771
718
499
832
629
575
800
623
673
768
671
791
699
793
660
604
702
580
588
525
468
377
237
244
111
-68
-126
-304
-395
-561
-646
-734
-960
-851
-962
-1206
-1050
-1207
-1272
-1112
-1225
-1216
-1166
-1254
-1160
-1165
-1118
-1018
-1074
-901
-860
-896
-682
-603
-578
-447
-323
-393
-239
-54
-229
55
232
-26
325
482
143
546
673
413
681
792
574
766
855
758
932
859
848
995
847
1057
1105
825
1080
1129
957
1151
1172
1058
1041
1204
1201
1027
1156
1158
906
1034
995
579
644
523
240
213
-26
-165
-344
-566
-579
-854
-958
-947
-1220
-1271
-1289
-1437
-1564
-1446
-1578
-1658
-1476
-1585
-1525
-1446
-1507
-1344
-1380
-1266
-1056
-1169
-1018
-936
-980
-807
-621
-644
-542
-338
-332
-247
-146
-40
-40
128
330
255
374
398
406
679
623
760
897
738
1002
1070
940
1159
1155
1202
1271
1226
1464
1221
1391
1618
1432
1689
1766
1667
1739
1755
1884
1820
1691
1696
1480
1245
1134
988
546
357
306
-208
-442
-438
-944
-1145
-1141
-1492
-1651
-1764
-1915
-2064
-2156
-2096
-2155
-2260
-2119
-2086
-2127
-1918
-1735
-1731
-1537
-1293
-1425
-1285
-1081
-1116
-936
-797
-812
-655
-581
-597
-436
-327
-271
-39
-6
-21
170
120
230
397
394
539
638
619
808
886
826
1229
1386
1155
1520
1630
1313
1740
1795
1547
2015
2136
1949
2091
2156
2227
2388
2492
2559
2529
2274
2210
2014
1397
1469
1256
535
483
151
-571
-750
-949
-1433
-1598
-1656
-2011
-2303
-2421
-2540
-2679
-2748
-2647
-2709
-2772
-2501
-2378
-2478
-2117
-1769
-1758
-1396
-1167
-1313
-1147
-967
-948
-791
-646
-591
-627
-602
-488
-512
-425
-201
-150
-146
-122
-108
-129
-13
170
207
318
510
569
694
967
1137
1283
1555
1691
1773
1917
1948
2110
2309
2388
2475
2622
2689
2770
2946
3024
3206
3389
3088
2858
2625
2168
2029
1703
1010
630
198
-429
-824
-1225
-1753
-2012
-2196
-2524
-2784
-2965
-3155
-3228
-3241
-3316
-3337
-3234
-3110
-2903
-2722
-2567
-2203
-1883
-1546
-1182
-1061
-959
-745
-588
-451
-345
-310
-378
-306
-265
-382
-308
-329
-326
-178
-257
-331
-294
-269
-137
-44
48
176
315
548
819
972
1131
1407
1724
1900
2063
2305
2356
2659
3011
2967
3132
3335
3488
3733
3955
4141
3930
3643
3428
3078
2741
2361
1817
1141
587
-13
-775
-1253
-1685
-2227
-2570
-2861
-3334
-3653
-3695
-3856
-3936
-3867
-3959
-3923
-3709
-3525
-3311
-3000
-2595
-2211
-1784
-1370
-1150
-886
-557
-367
-165
-32
-30
-9
-31
7
-27
-136
-101
-137
-175
-222
-370
-402
-363
-296
-255
-196
-52
50
277
543
702
974
1299
1564
1850
2067
2252
2534
2874
3154
3321
3507
3705
3867
4093
4395
4558
4336
3963
3673
3280
2841
2455
1853
1102
502
-225
-1037
-1551
-2094
-2628
-2876
-3256
-3786
-4065
-4169
-4267
-4245
-4168
-4219
-4131
-3856
-3694
-3381
-2935
-2571
-2082
-1604
-1248
-913
-615
-313
-68
156
280
266
298
280
268
260
171
122
40
-73
-204
-299
-360
-418
-398
-388
-344
-246
-92
111
324
611
850
1141
1535
1808
2077
2411
2711
3049
3383
3585
3809
4051
4207
4508
4828
4722
4292
4023
3726
3256
2930
2286
1455
893
98
-738
-1375
-2076
-2698
-3089
-3479
-4083
-4438
-4574
-4760
-4634
-4605
-4746
-4488
-4207
-4041
-3592
-3167
-2848
-2253
-1635
-1268
-838
-394
-194
112
492
548
612
759
649
604
633
432
333
302
106
-43
-173
-370
-499
-488
-519
-555
-444
-366
-243
51
312
578
965
1337
1648
2034
2432
2783
3225
3607
3792
4047
4409
4632
4916
5269
5028
4541
4349
4002
3587
3224
2471
1559
880
57
-874
-1480
-2160
-2957
-3345
-3874
-4616
-4848
-4971
-5139
-4965
-4974
-5178
-4952
-4612
-4344
-3800
-3263
-2920
-2332
-1674
-1289
-820
-363
-80
366
709
724
778
808
816
905
860
712
568
416
300
179
6
-203
-313
-354
-428
-487
-509
-413
-215
13
299
537
842
1268
1608
1972
2409
2760
3153
3619
3874
4062
4455
4802
5152
5332
4894
4416
4252
3918
3455
2919
2009
1105
446
-415
-1272
-1869
-2632
-3254
-3611
-4310
-4883
-4960
-5088
-5106
-4944
-5090
-5173
-4837
-4513
-4094
-3426
-2944
-2490
-1804
-1287
-870
-315
78
446
890
1030
1011
1043
1023
1069
1144
1026
831
660
459
286
135
-89
-256
-358
-490
-563
-617
-645
-499
-257
-44
187
502
840
1222
1640
2009
2392
2825
3269
3672
3976
4295
4701
5179
5422
5066
4611
4400
4101
3705
3148
2248
1343
633
-180
-1040
-1707
-2463
-3155
-3553
-4192
-4858
-5008
-5126
-5240
-5105
-5188
-5342
-5022
-4629
-4283
-3636
-3079
-2652
-1946
-1339
-932
-315
211
483
889
1127
1063
1159
1260
1216
1280
1190
925
829
719
491
343
152
-109
-238
-335
-480
-510
-481
-464
-278
-78
33
356
764
1090
1528
1923
2194
2598
3077
3465
3886
4285
4610
5089
5382
5013
4628
4531
4183
3777
3272
2300
1396
729
-123
-949
-1613
-2482
-3251
-3662
-4333
-4963
-5065
-5265
-5441
-5345
-5494
-5649
-5259
-4835
-4499
-3844
-3332
-2920
-2143
-1483
-996
-268
340
646
1056
1337
1296
1446
1647
1622
1669
1557
1207
1078
1050
823
621
423
59
-164
-270
-477
-596
-544
-556
-498
-313
-279
-67
417
798
1205
1648
1919
2266
2833
3328
3734
4228
4665
5109
5435
5103
4694
4671
4460
3988
3439
2476
1485
853
65
-788
-1494
-2407
-3242
-3676
-4324
-4986
-5079
-5239
-5425
-5358
-5566
-5727
-5307
-4869
-4524
-3907
-3439
-3019
-2179
-1523
-1044
-296
281
651
1099
1346
1332
1522
1719
1693
1761
1609
1299
1251
1214
998
797
573
253
107
-1
-203
-308
-290
-300
-257
-120
-90
103
528
832
1165
1520
1738
2073
2584
2999
3347
3823
4253
4715
5010
4622
4238
4246
4078
3675
3176
2242
1310
703
-69
-812
-1470
-2353
-3116
-3547
-4213
-4846
-4907
-5065
-5190
-5112
-5372
-5509
-5102
-4697
-4329
-3710
-3294
-2905
-2085
-1479
-995
-274
258
633
1037
1239
1220
1427
1633
1646
1721
1525
1242
1239
1271
1119
925
692
359
213
136
-32
-115
-92
-113
-113
-12
12
212
669
968
1251
1538
1704
2030
2547
2952
3257
3694
4087
4474
4738
4384
4021
4052
3853
3416
2937
2031
1135
544
-217
-973
-1610
-2494
-3238
-3613
-4266
-4832
-4900
-5089
-5218
-5130
-5301
-5384
-4963
-4599
-4245
-3617
-3210
-2760
-1955
-1372
-870
-178
296
629
1077
1298
1310
1497
1594
1594
1688
1532
1271
1245
1225
1019
867
628
315
225
153
-8
-107
-104
-97
15
201
234
399
779
1063
1390
1754
1965
2266
2746
3088
3377
3821
4229
4657
4894
4479
4031
4008
3803
3372
2896
1978
1004
293
-508
-1264
-1887
-2724
-3436
-3830
-4513
-5114
-5176
-5265
-5342
-5229
-5372
-5468
-5053
-4632
-4195
-3557
-3125
-2663
-1888
-1311
-836
-150
338
660
1111
1311
1279
1437
1554
1572
1653
1528
1257
1224
1216
1012
883
676
386
311
270
92
9
45
61
211
378
363
500
867
1134
1406
1737
1920
2193
2644
2983
3270
3686
4080
4521
4832
4475
3947
3875
3749
3341
2822
1937
951
223
-534
-1303
-1938
-2748
-3503
-3907
-4480
-5104
-5240
-5241
-5283
-5176
-5234
-5326
-4964
-4464
-3999
-3388
-2908
-2458
-1701
-1051
-601
0
482
781
1211
1460
1392
1418
1473
1470
1537
1420
1126
1010
968
790
633
419
122
22
25
-115
-224
-193
-117
63
273
308
420
789
1153
1468
1815
2034
2271
2705
3094
3411
3799
4139
4528
4907
4730
4196
3977
3853
3495
2961
2113
1122
343
-431
-1219
-1853
-2643
-3474
-3973
-4487
-5073
-5287
-5317
-5359
-5272
-5278
-5337
-5051
-4593
-4124
-3502
-2956
-2467
-1750
-1093
-592
20
538
873
1253
1512
1511
1492
1487
1457
1489
1405
1141
968
858
683
532
335
66
-86
-129
-236
-335
-331
-248
-73
126
222
325
614
1008
1376
1712
1964
2212
2594
3002
3354
3718
4059
4428
4878
5002
4608
4229
4060
3822
3366
2631
1702
840
9
-821
-1538
-2303
-3159
-3780
-4270
-4874
-5304
-5466
-5502
-5406
-5354
-5410
-5308
-4979
-4541
-3945
-3308
-2748
-2113
-1445
-883
-314
260
725
1142
1487
1626
1593
1546
1539
1580
1601
1458
1221
1018
834
639
440
233
33
-94
-197
-367
-473
-415
-281
-111
36
83
213
568
963
1297
1614
1862
2160
2582
2954
3317
3726
4118
4585
5009
4931
4468
4219
4105
3802
3266
2447
1517
656
-202
-988
-1689
-2487
-3276
-3841
-4369
-4971
-5305
-5331
-5262
-5158
-5122
-5145
-4999
-4619
-4121
-3505
-2839
-2282
-1715
-1114
-615
-105
463
929
1273
1535
1555
1429
1428
1459
1463
1466
1272
975
797
601
357
207
60
-148
-230
-343
-558
-566
-417
-270
-83
25
69
328
746
1062
1347
1646
1896
2258
2666
2960
3311
3741
4166
4652
4960
4723
4283
4111
3968
3583
2970
2123
1237
437
-395
-1195
-1889
-2633
-3331
-3822
-4367
-4954
-5166
-5108
-5034
-4937
-4940
-4964
-4714
-4258
-3753
-3128
-2510
-2017
-1430
-840
-400
90
611
997
1298
1463
1381
1273
1317
1338
1336
1285
1029
770
633
427
235
148
-33
-250
-333
-489
-674
-612
-464
-364
-214
-107
17
339
702
957
1260
1598
1905
2316
2712
2982
3339
3773
4209
4698
4935
4645
4264
4088
3844
3413
2788
1956
1142
352
-511
-1317
-2032
-2780
-3387
-3812
-4355
-4876
-5049
-5043
-4982
-4877
-4868
-4813
-4501
-4050
-3530
-2917
-2379
-1906
-1277
-683
-216
304
791
1109
1351
1490
1444
1405
1437
1408
1366
1258
997
775
624
393
234
135
-84
-316
-441
-612
-725
-641
-548
-482
-350
-210
-6
300
584
861
1220
1556
1888
2329
2715
3004
3356
3736
4170
4682
4913
4648
4283
4037
3739
3338
2744
1936
1159
368
-521
-1328
-2061
-2806
-3349
-3749
-4265
-4712
-4919
-5016
-4941
-4797
-4779
-4700
-4367
-3948
-3473
-2916
-2444
-1952
-1291
-710
-204
375
826
1102
1365
1486
1437
1456
1491
1401
1336
1221
939
715
554
346
223
101
-170
-405
-524
-723
-831
-749
-709
-655
-471
-338
-189
137
448
716
1105
1486
1823
2254
2640
2914
3262
3622
4019
4576
4957
4792
4443
4163
3812
3453
3015
2297
1525
806
-77
-946
-1607
-2306
-2934
-3297
-3729
-4275
-4574
-4710
-4780
-4675
-4580
-4567
-4339
-3989
-3678
-3212
-2689
-2267
-1685
-979
-464
-16
509
901
1173
1396
1433
1386
1438
1435
1335
1225
997
708
591
489
239
18
-201
-472
-634
-759
-972
-1107
-1125
-1114
-981
-809
-708
-465
-101
148
426
843
1254
1663
2067
2314
2576
3016
3408
3784
4286
4578
4447
4228
4049
3791
3514
3143
2594
2004
1320
491
-219
-819
-1506
-2073
-2460
-2964
-3488
-3791
-4033
-4224
-4204
-4120
-4086
-3966
-3807
-3610
-3237
-2768
-2306
-1780
-1233
-754
-262
215
581
893
1156
1308
1407
1442
1368
1302
1229
1037
859
749
544
294
110
-139
-419
-567
-687
-886
-1055
-1168
-1245
-1196
-1080
-982
-828
-643
-468
-157
235
444
626
958
1285
1662
2112
2359
2537
3009
3437
3461
3444
3521
3406
3270
3205
2872
2382
2002
1530
961
520
31
-596
-1074
-1432
-1877
-2253
-2522
-2787
-2964
-3099
-3213
-3099
-3013
-3320
-3229
-2338
-1890
-2226
-2052
-1122
-404
-249
-231
73
690
1135
1009
774
971
1269
1269
1065
820
671
721
741
422
9
-121
-116
-301
-687
-1010
-1100
-1109
-1296
-1541
-1559
-1432
-1397
-1398
-1267
-1028
-823
-692
-555
-267
163
492
661
886
1259
1619
1866
2039
2187
2370
2597
2703
2583
2472
2469
2405
2206
1940
1657
1400
1166
874
547
300
136
-75
-384
-708
-928
-1012
-1064
-1149
-1238
-1275
-1242
-1153
-1030
-903
-764
-580
-374
-237
-167
-90
22
133
208
216
139
42
-26
-85
-159
-299
-511
-703
-825
-998
-1269
-1498
-1616
-1717
-1863
-2008
-2113
-2138
-2063
-1941
-1829
-1685
-1488
-1274
-1037
-760
-464
-193
75
347
612
856
1064
1276
1504
1696
1806
1853
1905
1954
1973
1953
1883
1759
1630
1528
1384
1196
1066
1009
937
807
625
437
328
332
337
309
292
261
249
319
393
411
486
625
677
668
685
702
697
702
680
584
451
298
99
-115
-294
-488
-721
-982
-1253
-1516
-1781
-2009
-2180
-2300
-2412
-2544
-2637
-2651
-2604
-2516
-2410
-2271
-2089
-1870
-1613
-1352
-1134
-898
-579
-282
-39
203
449
648
843
1056
1201
1285
1351
1399
1442
1486
1461
1344
1266
1232
1144
992
885
839
808
743
613
507
469
474
511
561
605
612
661
800
915
1005
1098
1208
1338
1361
1352
1389
1385
1349
1286
1217
1072
871
706
476
210
25
-185
-501
-811
-1058
-1334
-1616
-1820
-1950
-2082
-2236
-2325
-2363
-2377
-2385
-2344
-2203
-2080
-2008
-1827
-1572
-1411
-1284
-1137
-840
-496
-282
-148
-23
233
467
531
597
685
772
880
868
789
768
862
915
764
550
515
614
618
424
217
298
464
530
458
396
508
717
826
804
835
1039
1300
1427
1383
1342
1427
1556
1582
1440
1292
1250
1241
1148
881
628
570
526
321
-28
-364
-580
-726
-916
-1170
-1405
-1542
-1580
-1647
-1806
-1900
-1919
-1841
-1739
-1786
-1690
-1516
-1294
-1180
-1277
-1107
-801
-557
-456
-462
-253
45
83
60
46
254
411
284
159
164
198
180
147
126
147
-8
-37
-38
-45
-58
-92
2
149
204
172
194
306
574
699
711
776
980
1264
1369
1269
1379
1601
1753
1693
1468
1446
1385
1311
1069
891
748
634
517
246
66
-158
-300
-457
-674
-792
-906
-991
-1062
-1157
-1111
-1146
-1163
-1151
-1086
-924
-856
-747
-679
-534
-505
-540
-483
-300
-80
-48
-147
-180
5
121
114
-105
-195
-134
-169
-294
-711
-918
-783
-608
-575
-860
-995
-665
-400
-371
-545
-416
-111
-45
-240
-360
-1
299
378
206
326
782
1052
987
783
965
1540
1744
1445
1125
1174
1557
1413
962
754
859
1010
774
415
367
401
316
125
-58
-31
-73
-69
-116
-224
-298
-289
-214
-151
-168
-168
2
126
131
16
-5
102
167
54
-58
-52
-11
-121
-343
-418
-360
-349
-555
-823
-975
-1035
-1130
-1289
-1445
-1520
-1539
-1525
-1544
-1594
-1584
-1469
-1273
-1201
-1180
-1078
-887
-675
-540
-372
-105
86
197
344
582
777
814
885
1153
1376
1288
1101
1154
1439
1516
1183
975
1188
1454
1323
913
795
988
1058
799
561
740
1088
1146
921
792
944
1178
1143
1007
1114
1401
1557
1371
1049
922
898
719
358
11
-178
-327
-644
-1084
-1397
-1533
-1650
-1920
-2212
-2333
-2308
-2297
-2425
-2537
-2461
-2294
-2187
-2164
-2075
-1831
-1541
-1363
-1263
-1108
-833
-567
-448
-413
-345
-199
-95
-150
-233
-184
-35
62
57
73
169
277
304
286
365
513
612
657
765
981
1212
1373
1495
1652
1814
1888
1924
2049
2263
2440
2479
2473
2548
2677
2725
2702
2739
2866
2978
2922
2669
2311
1898
1388
808
260
-242
-744
-1284
-1819
-2275
-2663
-3033
-3372
-3575
-3611
-3568
-3515
-3456
-3340
-3150
-2951
-2765
-2552
-2251
-1885
-1533
-1240
-980
-687
-358
-74
88
141
167
195
178
38
-206
-439
-581
-632
-673
-757
-827
-804
-662
-493
-428
-437
-372
-160
103
266
337
509
876
1286
1575
1740
1927
2234
2554
2763
2895
3036
3215
3388
3495
3570
3661
3734
3762
3789
3809
3736
3460
2933
2287
1681
1099
449
-330
-1123
-1770
-2276
-2751
-3276
-3789
-4106
-4146
-4048
-4003
-4015
-3922
-3639
-3272
-2998
-2832
-2609
-2224
-1766
-1390
-1098
-778
-386
3
284
468
598
669
668
565
365
74
-286
-632
-892
-1039
-1128
-1210
-1251
-1217
-1101
-937
-805
-709
-566
-332
-65
140
283
465
760
1137
1473
1735
1973
2249
2574
2875
3100
3266
3431
3595
3764
3905
3978
4008
4052
4108
4087
3854
3371
2756
2107
1459
754
-63
-890
-1613
-2215
-2756
-3311
-3845
-4208
-4324
-4282
-4194
-4071
-3862
-3534
-3141
-2804
-2533
-2260
-1924
-1520
-1106
-736
-400
-69
234
477
647
727
738
699
585
358
8
-433
-887
-1266
-1537
-1707
-1811
-1818
-1729
-1578
-1386
-1196
-1012
-797
-548
-289
-35
185
396
649
971
1330
1680
1980
2245
2535
2836
3124
3341
3505
3655
3810
3962
4065
4111
4134
4161
4150
4006
3648
3098
2428
1694
931
133
-686
-1450
-2125
-2707
-3204
-3650
-4001
-4194
-4225
-4125
-3917
-3632
-3292
-2892
-2501
-2157
-1840
-1551
-1254
-924
-580
-244
82
365
589
745
803
775
695
550
323
-1
-437
-931
-1407
-1822
-2143
-2354
-2432
-2366
-2198
-1978
-1722
-1448
-1161
-864
-579
-318
-71
179
432
689
979
1313
1664
1999
2288
2547
2814
3083
3320
3496
3622
3730
3852
3969
4025
4026
3990
3929
3804
3497
2991
2336
1612
878
121
-676
-1435
-2078
-2601
-3010
-3360
-3651
-3809
-3785
-3642
-3435
-3152
-2788
-2357
-1936
-1600
-1325
-1067
-809
-558
-315
-75
181
439
626
697
681
617
478
257
-53
-426
-841
-1306
-1782
-2214
-2537
-2724
-2803
-2747
-2557
-2282
-1943
-1589
-1254
-923
-596
-293
-32
182
405
675
972
1274
1592
1914
2198
2437
2657
2883
3106
3280
3393
3490
3594
3672
3712
3701
3668
3652
3611
3435
3043
2509
1912
1261
559
-196
-928
-1530
-2026
-2456
-2807
-3070
-3232
-3277
-3202
-3040
-2796
-2461
-2068
-1677
-1345
-1062
-815
-620
-472
-326
-158
18
182
322
407
426
349
183
-28
-300
-647
-1050
-1476
-1906
-2306
-2636
-2877
-3014
-3002
-2829
-2528
-2162
-1779
-1359
-931
-556
-248
12
249
456
644
858
1116
1409
1693
1943
2155
2350
2544
2748
2921
3031
3137
3269
3378
3427
3442
3463
3504
3544
3516
3349
3010
2532
1977
1382
730
30
-619
-1151
-1585
-1964
-2307
-2578
-2738
-2764
-2694
-2588
-2436
-2187
-1842
-1495
-1232
-1058
-882
-726
-628
-590
-567
-494
-390
-288
-241
-259
-335
-458
-630
-886
-1212
-1551
-1869
-2177
-2474
-2712
-2853
-2889
-2799
-2570
-2219
-1805
-1378
-942
-508
-122
171
385
561
716
864
1015
1181
1368
1595
1838
2045
2210
2354
2534
2719
2852
2961
3089
3221
3325
3389
3436
3498
3552
3554
3444
3174
2780
2312
1764
1139
467
-183
-723
-1173
-1582
-1920
-2175
-2342
-2404
-2396
-2377
-2310
-2148
-1909
-1630
-1412
-1286
-1178
-1069
-1014
-1022
-1060
-1069
-990
-877
-823
-842
-914
-998
-1089
-1273
-1560
-1840
-2060
-2248
-2435
-2617
-2714
-2659
-2488
-2238
-1914
-1538
-1103
-639
-212
128
385
604
778
890
959
1007
1089
1213
1380
1582
1771
1912
2036
2201
2380
2536
2658
2784
2954
3133
3275
3383
3462
3560
3673
3709
3584
3299
2905
2447
1910
1253
568
-31
-533
-977
-1369
-1697
-1954
-2137
-2237
-2285
-2313
-2266
-2110
-1894
-1716
-1609
-1538
-1471
-1437
-1449
-1472
-1481
-1452
-1366
-1266
-1214
-1212
-1243
-1267
-1324
-1486
-1705
-1899
-2052
-2188
-2321
-2418
-2413
-2310
-2116
-1843
-1525
-1160
-748
-339
11
271
473
648
759
797
801
835
920
1041
1189
1345
1512
1689
1885
2104
2311
2488
2665
2860
3031
3174
3303
3435
3574
3705
3796
3780
3603
3283
2877
2393
1821
1186
554
3
-469
-918
-1324
-1659
-1926
-2097
-2179
-2219
-2221
-2140
-1976
-1777
-1618
-1529
-1457
-1380
-1334
-1344
-1384
-1412
-1401
-1343
-1283
-1256
-1261
-1278
-1303
-1382
-1545
-1768
-1972
-2124
-2259
-2373
-2438
-2415
-2281
-2047
-1753
-1416
-1059
-699
-330
-11
217
387
522
617
663
689
723
788
892
1028
1208
1433
1662
1904
2159
2392
2598
2771
2911
3039
3167
3294
3444
3598
3713
3786
3790
3667
3393
2996
2514
1950
1330
680
53
-493
-975
-1378
-1681
-1906
-2057
-2126
-2140
-2122
-2064
-1958
-1815
-1673
-1568
-1490
-1420
-1384
-1403
-1456
-1504
-1520
-1518
-1490
-1459
-1449
-1446
-1465
-1526
-1649
-1806
-1958
-2087
-2191
-2281
-2324
-2262
-2104
-1885
-1609
-1290
-937
-583
-251
48
282
455
591
684
736
743
758
811
894
1013
1177
1385
1607
1838
2076
2301
2499
2658
2795
2929
3053
3164
3283
3397
3486
3546
3555
3485
3299
2990
2586
2111
1547
922
311
-236
-708
-1104
-1422
-1655
-1809
-1907
-1946
-1940
-1924
-1878
-1774
-1655
-1569
-1514
-1478
-1462
-1482
-1540
-1613
-1686
-1735
-1752
-1752
-1747
-1736
-1735
-1734
-1745
-1814
-1917
-2025
-2120
-2209
-2249
-2200
-2063
-1840
-1536
-1182
-812
-447
-120
177
414
577
683
731
739
727
718
726
772
854
978
1157
1373
1602
1841
2088
2316
2506
2658
2775
2862
2940
3008
3084
3165
3249
3318
3342
3298
3137
2861
2479
1988
1410
806
227
-304
-756
-1115
-1384
-1561
-1664
-1722
-1734
-1722
-1705
-1660
-1601
-1558
-1521
-1505
-1511
-1544
-1617
-1716
-1821
-1915
-1982
-2009
-1999
-1958
-1901
-1833
-1784
-1770
-1802
-1875
-1955
-2037
-2087
-2063
-1958
-1768
-1499
-1169
-807
-447
-121
159
390
547
630
674
672
666
660
654
698
777
883
1048
1256
1474
1710
1951
2177
2380
2535
2648
2734
2801
2852
2902
2956
3011
3074
3129
3128
3048
2876
2599
2228
1765
1230
672
140
-337
-740
-1059
-1296
-1456
-1551
-1605
-1632
-1641
-1644
-1648
-1630
-1622
-1640
-1666
-1722
-1798
-1885
-1995
-2100
-2180
-2225
-2224
-2168
-2087
-1993
-1880
-1780
-1726
-1708
-1734
-1777
-1799
-1798
-1730
-1592
-1388
-1101
-753
-402
-70
224
448
605
690
705
676
621
566
543
545
594
701
868
1084
1327
1575
1813
2036
2235
2397
2513
2601
2665
2720
2776
2842
2905
2973
3046
3082
3074
2991
2815
2532
2162
1710
1195
654
129
-344
-747
-1073
-1325
-1500
-1612
-1680
-1719
-1752
-1780
-1806
-1834
-1882
-1948
-2038
-2143
-2233
-2321
-2394
-2433
-2435
-2389
-2297
-2171
-2026
-1867
-1708
-1575
-1467
-1404
-1376
-1350
-1332
-1286
-1192
-1055
-871
-642
-388
-139
86
269
407
485
508
493
444
390
349
343
376
459
606
808
1051
1311
1567
1807
2024
2208
2358
2477
2572
2650
2725
2804
2880
2952
3026
3084
3102
3077
2972
2776
2497
2137
1693
1208
705
202
-253
-653
-999
-1272
-1472
-1608
-1697
-1759
-1804
-1857
-1917
-1995
-2095
-2214
-2355
-2479
-2588
-2671
-2720
-2723
-2667
-2549
-2381
-2174
-1951
-1721
-1504
-1328
-1191
-1090
-1039
-1007
-964
-914
-847
-743
-602
-444
-269
-92
59
174
264
300
295
276
237
201
201
242
328
482
684
927
1205
1482
1747
1992
2201
2368
2490
2570
2633
2680
2723
2772
2836
2911
2972
3025
3038
2985
2868
2656
2354
1987
1551
1068
575
77
-376
-766
-1100
-1366
-1546
-1665
-1754
-1805
-1844
-1895
-1955
-2035
-2132
-2250
-2372
-2490
-2586
-2637
-2642
-2586
-2470
-2293
-2075
-1830
-1579
-1365
-1184
-1048
-977
-938
-943
-976
-1001
-1015
-1007
-953
-856
-726
-562
-389
-224
-76
38
110
155
174
188
218
264
350
486
661
884
1148
1428
1706
1968
2190
2371
2492
2567
2613
2631
2646
2667
2708
2758
2818
2880
2911
2907
2842
2698
2474
2166
1779
1332
848
348
-129
-565
-947
-1244
-1469
-1630
-1726
-1775
-1796
-1809
-1826
-1855
-1912
-1998
-2095
-2201
-2294
-2363
-2388
-2356
-2280
-2149
-1978
-1782
-1580
-1396
-1241
-1118
-1050
-1031
-1047
-1096
-1155
-1201
-1222
-1209
-1137
-1029
-884
-702
-521
-345
-179
-47
62
147
201
251
306
372
476
626
815
1038
1294
1550
1790
2011
2191
2330
2427
2489
2526
2554
2577
2607
2645
2695
2741
2782
2795
2753
2661
2496
2245
1918
1538
1114
667
223
-198
-579
-898
-1151
-1338
-1457
-1529
-1564
-1580
-1597
-1633
-1690
-1767
-1865
-1978
-2090
-2172
-2236
-2262
-2230
-2168
-2071
-1936
-1795
-1655
-1527
-1428
-1356
-1320
-1319
-1333
-1347
-1359
-1356
-1322
-1248
-1136
-991
-818
-630
-431
-235
-64
81
198
280
349
417
484
566
681
829
1008
1214
1426
1638
1837
2004
2135
2240
2309
2351
2377
2402
2431
2472
2530
2585
2635
2666
2661
2610
2504
2327
2091
1799
1442
1059
663
263
-114
-449
-739
-969
-1131
-1245
-1319
-1356
-1387
-1428
-1470
-1545
-1640
-1760
-1892
-2014
-2123
-2206
-2249
-2246
-2214
-2132
-2019
-1906
-1786
-1669
-1580
-1511
-1460
-1432
-1416
-1405
-1385
-1339
-1280
-1189
-1061
-910
-731
-545
-361
-179
-15
125
242
338
415
485
559
637
741
864
1006
1178
1360
1531
1694
1837
1947
2037
2105
2159
2210
2259
2315
2378
2446
2508
2563
2598
2585
2521
2405
2224
1994
1715
1385
1035
671
308
-36
-359
-630
-862
-1049
-1183
-1282
-1354
-1422
-1471
-1534
-1608
-1704
-1814
-1927
-2037
-2131
-2205
-2236
-2220
-2173
-2090
-1975
-1853
-1727
-1599
-1494
-1408
-1335
-1284
-1241
-1199
-1153
-1093
-1016
-925
-806
-675
-535
-381
-237
-102
26
130
213
292
351
411
487
568
671
792
929
1083
1249
1409
1556
1683
1790
1879
1958
2026
2088
2154
2219
2289
2361
2420
2460
2464
2420
2337
2203
2023
1799
1530
1229
911
594
270
-47
-340
-602
-833
-1020
-1169
-1287
-1376
-1443
-1495
-1544
-1602
-1668
-1740
-1828
-1908
-1975
-2022
-2043
-2035
-1989
-1908
-1808
-1691
-1565
-1450
-1345
-1264
-1198
-1138
-1094
-1053
-1008
-955
-880
-788
-689
-577
-451
-331
-215
-99
-1
83
160
228
300
373
464
572
698
837
989
1156
1321
1466
1595
1701
1789
1864
1924
1978
2025
2076
2133
2189
2238
2265
2268
2241
2170
2065
1921
1736
1512
1258
988
705
419
131
-146
-408
-649
-854
-1025
-1171
-1273
-1355
-1412
-1449
-1481
-1510
-1548
-1594
-1650
-1707
-1753
-1783
-1803
-1792
-1756
-1694
-1602
-1498
-1398
-1299
-1213
-1148
-1093
-1060
-1031
-1019
-1010
-983
-939
-875
-796
-699
-595
-478
-354
-234
-122
-18
70
159
255
359
472
598
740
901
1082
1254
1421
1571
1691
1793
1878
1938
1976
2013
2039
2072
2103
2132
2154
2146
2121
2057
1962
1838
1666
1460
1232
982
728
481
235
-11
-240
-453
-657
-824
-971
-1101
-1202
-1292
-1356
-1400
-1439
-1469
-1502
-1539
-1563
-1584
-1611
-1623
-1629
-1629
-1608
-1573
-1530
-1484
-1433
-1385
-1326
-1269
-1225
-1178
-1138
-1102
-1059
-1002
-947
-880
-802
-724
-628
-525
-417
-294
-172
-47
84
224
370
521
676
835
998
1165
1332
1482
1612
1718
1800
1872
1924
1960
1989
2010
2020
2041
2064
2063
2050
2019
1951
1857
1740
1586
1409
1214
1008
801
596
401
205
18
-159
-331
-478
-625
-768
-898
-1019
-1121
-1211
-1287
-1355
-1414
-1467
-1513
-1545
-1575
-1602
-1628
-1653
-1666
-1670
-1673
-1667
-1656
-1639
-1609
-1566
-1513
-1448
-1371
-1295
-1216
-1135
-1047
-956
-874
-787
-691
-593
-479
-344
-208
-53
116
295
487
686
876
1048
1216
1363
1490
1602
1682
1742
1787
1823
1852
1885
1924
1964
2003
2037
2066
2077
2060
2007
1929
1818
1675
1518
1340
1147
963
787
607
444
296
142
-7
-156
-312
-471
-625
-783
-934
-1077
-1205
-1321
-1422
-1504
-1572
-1626
-1666
-1694
-1718
-1742
-1753
-1762
-1760
-1749
-1738
-1719
-1693
-1659
-1607
-1544
-1484
-1409
-1333
-1254
-1163
-1069
-975
-872
-758
-643
-505
-352
-193
-14
172
362
556
739
911
1068
1204
1317
1417
1496
1562
1622
1679
1734
1795
1857
1919
1974
2013
2045
2058
2038
1993
1931
1840
1730
1605
1470
1332
1189
1049
906
764
618
454
291
124
-60
-243
-429
-611
-786
-950
-1096
-1227
-1342
-1440
-1519
-1584
-1644
-1696
-1732
-1770
-1799
-1820
-1832
-1833
-1821
-1799
-1768
-1722
-1661
-1601
-1529
-1451
-1383
-1294
-1208
-1127
-1035
-939
-833
-706
-581
-445
-284
-120
49
223
401
569
728
874
1011
1128
1229
1311
1384
1459
1515
1573
1632
1688
1738
1784
1819
1840
1852
1852
1830
1791
1744
1680
1605
1521
1443
1349
1246
1140
1021
895
755
609
449
283
107
-68
-238
-415
-579
-731
-874
-1007
-1131
-1239
-1331
-1423
-1500
-1569
-1631
-1682
-1722
-1749
-1762
-1757
-1745
-1722
-1690
-1648
-1597
-1541
-1482
-1415
-1338
-1263
-1186
-1096
-1011
-914
-812
-708
-590
-464
-332
-189
-44
99
249
388
526
656
771
883
989
1076
1144
1214
1280
1334
1389
1442
1484
1522
1567
1589
1606
1620
1619
1610
1596
1569
1537
1499
1445
1394
1333
1257
1175
1078
964
831
692
542
380
216
48
-123
-285
-448
-601
-738
-874
-997
-1110
-1211
-1295
-1372
-1436
-1487
-1531
-1568
-1591
-1605
-1600
-1585
-1565
-1532
-1488
-1436
-1377
-1315
-1252
-1180
-1114
-1042
-976
-911
-835
-766
-679
-594
-498
-394
-281
-168
-51
69
185
299
406
513
612
704
791
870
944
1012
1076
1141
1199
1250
1300
1345
1380
1410
1439
1454
1463
1472
1470
1460
1441
1417
1384
1328
1273
1196
1099
997
883
753
613
470
317
165
16
-134
-276
-412
-538
-656
-759
-857
-942
-1015
-1088
-1150
-1202
-1238
-1269
-1289
-1299
-1303
-1296
-1287
-1276
-1248
-1218
-1193
-1166
-1135
-1108
-1073
-1042
-1006
-969
-924
-869
-814
-749
-669
-587
-497
-396
-297
-188
-81
21
122
228
328
423
513
604
686
767
842
919
987
1041
1104
1159
1203
1236
1268
1295
1316
1328
1334
1330
1325
1314
1288
1264
1217
1160
1094
1014
914
815
705
581
457
334
210
90
-24
-140
-246
-344
-436
-527
-609
-687
-763
-821
-875
-927
-970
-1008
-1036
-1062
-1080
-1083
-1088
-1091
-1083
-1079
-1076
-1068
-1056
-1042
-1026
-1005
-985
-952
-913
-867
-811
-744
-671
-585
-492
-403
-305
-207
-112
-7
84
173
270
354
438
518
590
661
731
787
836
890
923
956
990
1015
1034
1050
1055
1061
1064
1057
1046
1030
1003
974
936
884
822
750
679
603
516
426
337
244
159
71
-15
-94
-176
-251
-318
-384
-451
-515
-570
-624
-670
-717
-755
-781
-810
-837
-852
-860
-870
-864
-865
-868
-862
-857
-845
-831
-818
-791
-761
-730
-687
-636
-583
-515
-442
-375
-296
-212
-136
-59
19
94
168
235
303
369
430
483
534
586
630
670
705
735
754
769
784
786
791
795
787
777
770
751
735
717
687
655
620
578
529
479
427
367
302
237
170
112
54
-7
-62
-115
-170
-216
-263
-315
-361
-406
-452
-486
-523
-564
-595
-622
-644
-658
-671
-684
-689
-694
-696
-691
-683
-675
-669
-648
-628
-604
-575
-538
-489
-439
-383
-320
-257
-191
-127
-67
-4
56
106
159
214
263
313
362
406
445
485
519
551
576
595
617
631
639
642
644
641
633
628
618
602
598
586
560
540
512
478
442
399
353
304
253
199
147
98
49
-1
-48
-91
-131
-171
-213
-246
-285
-327
-358
-398
-430
-455
-481
-502
-518
-534
-547
-552
-563
-565
-566
-564
-561
-556
-544
-527
-508
-480
-445
-411
-371
-327
-280
-233
-182
-135
-88
-47
-8
31
70
105
137
165
192
223
250
280
295
314
334
347
362
370
376
381
385
385
389
389
388
389
388
381
374
365
343
328
302
277
250
218
188
153
124
94
68
39
11
-10
-38
-65
-91
-117
-139
-158
-186
-209
-230
-243
-258
-271
-280
-289
-295
-301
-300
-299
-299
-293
-293
-288
-276
-268
-256
-234
-216
-195
-170
-147
-124
-101
-74
-49
-30
-12
5
16
31
49
65
79
93
