0
0
1
7
8
9
2
4
13
11
21
20
14
18
13
15
12
16
21
17
16
4
2
13
13
14
6
-2
0
5
2
-1
2
0
-6
-3
1
1
3
-3
-4
-2
0
-2
-3
1
-2
-4
-5
0
-1
-10
-7
-6
0
4
0
-4
-2
-1
-7
-3
-6
-11
-6
-6
-3
-2
-4
-7
-8
-1
-4
-4
-8
-5
-1
1
6
7
2
3
3
6
10
7
12
13
17
14
17
11
11
16
8
10
9
1
0
7
8
10
6
10
11
7
2
0
1
-5
-10
-7
-8
-14
-6
-15
-11
-9
-13
-9
-7
-11
-11
-5
-6
-2
0
3
5
-1
-2
-3
-3
0
1
-3
-5
-7
-9
-11
-7
-7
-10
-3
-1
-4
-3
-1
-1
-2
-6
-1
4
6
6
-3
-1
5
4
5
3
1
-1
-1
3
3
0
2
1
1
-8
-6
-11
-4
0
-3
-2
-10
4
1
2
1
0
-1
-3
4
3
-7
-4
-3
-3
-3
-9
-5
-7
-6
-8
-5
2
-2
-3
-5
-12
-10
-10
-9
-12
-3
-8
-12
-3
-3
7
4
4
9
13
10
8
13
12
13
11
9
11
12
16
11
11
12
12
5
0
0
-4
7
0
-7
-6
-11
-9
-10
-11
-17
-11
-10
-10
-13
-19
-11
-8
-9
-15
-17
-17
-14
-15
-9
-4
-4
-7
-5
-4
-4
-1
-2
-1
-2
11
12
11
14
15
15
11
18
8
12
16
9
14
10
9
9
10
10
14
13
13
8
7
12
7
11
16
11
11
4
19
21
13
18
14
8
12
6
7
13
7
6
12
14
9
21
19
14
20
16
14
13
4
-1
-5
-5
-2
-6
-3
-6
-10
-5
-3
-5
-11
-7
-1
-3
-10
-5
-8
-15
-12
-8
-3
-7
-6
-6
-8
-13
-11
-14
-18
-9
-3
-2
-4
-3
-11
-12
-11
-13
-10
-9
-3
-1
-4
-6
-6
-1
4
0
1
-1
-2
0
0
4
8
3
4
6
7
3
-1
-3
-5
1
8
6
6
2
-2
-1
0
3
2
-4
0
-5
-12
-7
-7
-9
-14
-15
-11
-15
-19
-19
-21
-18
-15
-9
-13
-13
-12
-8
-9
-2
-3
-8
-4
-5
-2
0
-1
1
-7
-5
-2
0
3
-4
-3
-4
4
-5
-7
-6
-9
-4
-9
-9
-13
-6
-6
-7
-5
-1
0
3
-3
-4
5
0
2
3
1
5
1
1
-3
-7
0
-2
2
6
2
11
14
13
11
10
10
9
18
17
14
13
6
4
-1
-3
-2
-1
-3
-3
-1
-11
-12
-16
-20
-23
-31
-30
-35
-34
-45
-49
-52
-55
-58
-61
-61
-72
-73
-72
-77
-77
-76
-83
-83
-74
-69
-59
-40
-28
-16
5
21
46
72
93
122
150
178
205
233
272
305
332
357
392
417
426
439
443
448
451
437
429
410
388
362
328
290
242
194
139
87
20
-34
-85
-137
-181
-225
-258
-289
-321
-339
-352
-374
-388
-411
-418
-425
-446
-454
-459
-471
-487
-501
-513
-520
-531
-550
-569
-592
-613
-624
-638
-647
-649
-638
-613
-579
-535
-476
-404
-321
-228
-132
-21
92
211
331
446
564
669
778
874
952
1031
1096
1146
1188
1223
1248
1264
1272
1269
1268
1241
1205
1156
1086
999
893
774
634
487
336
180
35
-112
-253
-379
-491
-592
-679
-755
-829
-894
-948
-1009
-1064
-1120
-1173
-1221
-1283
-1332
-1386
-1436
-1484
-1523
-1556
-1586
-1604
-1615
-1600
-1570
-1522
-1459
-1363
-1256
-1131
-979
-809
-629
-437
-221
-4
204
429
656
876
1088
1284
1464
1634
1798
1934
2050
2141
2211
2270
2313
2341
2359
2358
2333
2291
2225
2130
2011
1865
1690
1490
1259
1017
768
508
260
10
-220
-429
-619
-783
-927
-1063
-1176
-1275
-1363
-1446
-1522
-1582
-1651
-1705
-1758
-1818
-1873
-1926
-1971
-2016
-2046
-2058
-2069
-2057
-2026
-1976
-1887
-1787
-1664
-1508
-1337
-1145
-934
-705
-471
-224
25
279
530
771
1007
1235
1452
1657
1844
2008
2158
2287
2392
2476
2545
2592
2605
2603
2578
2528
2453
2344
2208
2044
1849
1634
1392
1133
875
609
355
106
-134
-350
-540
-707
-863
-999
-1112
-1212
-1303
-1395
-1480
-1557
-1636
-1709
-1772
-1839
-1908
-1961
-2010
-2051
-2092
-2122
-2139
-2152
-2143
-2126
-2099
-2053
-1981
-1895
-1782
-1647
-1492
-1308
-1114
-900
-672
-431
-173
88
345
602
865
1123
1381
1617
1837
2046
2241
2423
2581
2725
2850
2978
3088
3175
3232
3253
3244
3181
3071
2907
2696
2448
2144
1804
1434
1042
650
257
-118
-467
-780
-1060
-1304
-1515
-1698
-1843
-1960
-2047
-2105
-2154
-2188
-2205
-2203
-2191
-2165
-2119
-2055
-1968
-1869
-1762
-1646
-1523
-1399
-1263
-1121
-970
-818
-682
-550
-428
-319
-237
-176
-140
-125
-122
-143
-173
-214
-254
-282
-292
-288
-259
-217
-154
-77
-1
94
198
295
393
477
562
650
729
805
888
985
1110
1244
1374
1500
1618
1736
1856
1965
2077
2183
2284
2368
2441
2479
2485
2452
2374
2255
2095
1882
1622
1308
970
608
252
-102
-439
-756
-1047
-1308
-1549
-1766
-1957
-2119
-2254
-2366
-2444
-2495
-2519
-2523
-2505
-2454
-2356
-2223
-2067
-1904
-1741
-1578
-1416
-1287
-1191
-1122
-1064
-1015
-978
-953
-931
-893
-833
-754
-667
-566
-442
-308
-190
-74
41
174
324
464
596
735
893
1062
1219
1363
1519
1704
1890
2071
2219
2355
2499
2639
2759
2854
2941
3009
3042
3018
2910
2743
2525
2256
1909
1512
1102
702
297
-120
-512
-844
-1104
-1308
-1483
-1635
-1741
-1795
-1834
-1890
-1951
-1984
-1968
-1942
-1930
-1921
-1889
-1820
-1749
-1683
-1608
-1504
-1359
-1218
-1112
-1018
-913
-798
-711
-680
-687
-680
-656
-652
-699
-756
-777
-736
-680
-645
-615
-540
-425
-304
-217
-131
-15
141
277
381
460
579
730
872
975
1069
1203
1371
1518
1621
1686
1795
1956
2127
2260
2384
2538
2719
2872
2924
2898
2845
2774
2637
2380
2025
1644
1282
916
515
123
-208
-449
-659
-877
-1105
-1280
-1406
-1509
-1651
-1795
-1904
-1970
-2027
-2112
-2209
-2254
-2217
-2144
-2087
-2028
-1943
-1819
-1689
-1603
-1563
-1526
-1486
-1453
-1459
-1483
-1510
-1505
-1492
-1483
-1465
-1401
-1308
-1196
-1108
-1013
-900
-746
-574
-394
-220
-21
203
441
671
878
1088
1317
1568
1821
2043
2232
2425
2624
2844
3049
3263
3467
3681
3862
3980
4004
3950
3824
3627
3346
2978
2536
2053
1565
1064
590
157
-212
-525
-792
-1048
-1272
-1466
-1621
-1769
-1925
-2067
-2176
-2251
-2328
-2433
-2533
-2593
-2598
-2562
-2526
-2484
-2415
-2319
-2214
-2127
-2055
-2003
-1968
-1938
-1907
-1872
-1862
-1877
-1895
-1869
-1790
-1684
-1569
-1441
-1284
-1104
-917
-708
-485
-230
33
299
564
849
1115
1375
1595
1839
2098
2379
2619
2805
2962
3153
3371
3587
3781
3963
4154
4322
4436
4417
4303
4107
3867
3537
3111
2586
2047
1510
985
460
-23
-436
-757
-1056
-1357
-1632
-1845
-2006
-2185
-2382
-2570
-2674
-2744
-2828
-2964
-3076
-3110
-3050
-2981
-2916
-2850
-2728
-2567
-2416
-2303
-2218
-2148
-2082
-2010
-1961
-1919
-1914
-1900
-1883
-1828
-1738
-1601
-1444
-1270
-1101
-913
-706
-460
-220
26
273
545
847
1135
1392
1620
1865
2148
2441
2708
2927
3118
3308
3519
3726
3935
4128
4334
4518
4675
4733
4678
4524
4312
4027
3635
3144
2567
1999
1418
862
299
-188
-602
-946
-1317
-1647
-1936
-2140
-2345
-2582
-2839
-3026
-3155
-3260
-3407
-3561
-3647
-3628
-3549
-3471
-3382
-3274
-3089
-2906
-2738
-2646
-2553
-2467
-2352
-2260
-2180
-2114
-2029
-1925
-1818
-1688
-1527
-1313
-1077
-871
-677
-463
-203
65
320
547
807
1105
1413
1690
1924
2167
2431
2716
2959
3166
3341
3514
3686
3858
4035
4209
4405
4590
4744
4803
4754
4614
4397
4126
3728
3239
2655
2071
1476
908
351
-143
-569
-935
-1294
-1647
-1933
-2166
-2354
-2573
-2799
-3009
-3142
-3253
-3386
-3549
-3665
-3695
-3634
-3565
-3487
-3399
-3244
-3064
-2904
-2804
-2732
-2634
-2524
-2399
-2321
-2222
-2140
-1993
-1874
-1718
-1541
-1291
-1037
-795
-603
-412
-181
66
316
534
780
1057
1378
1664
1922
2152
2397
2645
2885
3079
3242
3378
3511
3624
3746
3864
4024
4195
4357
4441
4426
4323
4160
3950
3641
3233
2718
2186
1633
1110
597
140
-266
-615
-965
-1299
-1608
-1850
-2051
-2250
-2471
-2664
-2803
-2906
-3024
-3184
-3327
-3401
-3380
-3335
-3270
-3190
-3066
-2913
-2791
-2722
-2693
-2637
-2555
-2457
-2371
-2288
-2190
-2079
-1967
-1856
-1696
-1475
-1232
-1013
-824
-650
-453
-259
-67
115
329
585
878
1167
1438
1688
1946
2183
2403
2617
2817
3008
3162
3312
3445
3614
3803
4034
4250
4450
4586
4624
4582
4455
4273
3972
3566
3032
2465
1894
1369
865
388
-38
-436
-780
-1120
-1430
-1700
-1952
-2182
-2405
-2603
-2772
-2900
-3057
-3216
-3379
-3466
-3484
-3457
-3409
-3337
-3223
-3117
-3025
-2986
-2976
-2971
-2907
-2820
-2733
-2667
-2580
-2510
-2398
-2273
-2094
-1880
-1621
-1364
-1086
-843
-557
-311
-19
277
549
857
1210
1570
1913
2212
2442
2713
2963
3201
3392
3558
3725
3910
4090
4266
4480
4699
4895
5089
5122
5067
4897
4742
4422
4011
3367
2687
2043
1412
816
224
-262
-700
-987
-1375
-1691
-2018
-2230
-2430
-2636
-2852
-2990
-3081
-3164
-3290
-3439
-3552
-3546
-3501
-3475
-3424
-3330
-3166
-2972
-2888
-2870
-2858
-2829
-2747
-2706
-2678
-2650
-2587
-2540
-2501
-2453
-2321
-2119
-1899
-1654
-1395
-1100
-821
-504
-212
132
438
811
1256
1653
2016
2347
2684
3025
3346
3614
3877
4101
4318
4593
4857
5113
5329
5532
5631
5599
5492
5280
5095
4736
4297
3594
2922
2254
1605
920
361
-194
-642
-1012
-1397
-1713
-2086
-2355
-2616
-2833
-3095
-3223
-3343
-3466
-3576
-3653
-3777
-3771
-3735
-3700
-3632
-3502
-3341
-3144
-3011
-2983
-2911
-2838
-2789
-2722
-2679
-2649
-2549
-2464
-2397
-2339
-2208
-2035
-1879
-1639
-1335
-1008
-686
-333
30
379
748
1096
1482
1881
2255
2639
2946
3129
3519
3992
4284
4451
4880
5342
5610
6050
6689
6835
5917
5996
6482
5353
4067
3865
3552
2141
1322
1109
108
-1347
-1903
-2452
-2939
-3663
-3798
-2962
-2685
-2575
-2379
-2146
-2019
-1880
-1656
-1655
-1521
-1001
-888
-793
-1188
-1892
-2227
-2440
-2935
-3565
-3763
-3880
-4591
-5446
-6124
-6750
-6889
-6489
-5889
-5189
-4214
-3009
-1962
-1286
-612
284
1163
1770
2175
2507
2665
2653
2714
2386
2030
2384
2940
3613
4325
5070
5952
6750
7495
7976
8586
9505
10784
11218
8785
6037
4574
2369
-495
-2798
-3944
-4549
-4629
-4834
-5586
-6040
-5701
-4675
-3274
-2608
-1236
1287
2650
3089
2454
1383
995
1023
371
-540
-710
-803
-1159
-1798
-3407
-4699
-4899
-4710
-4638
-4737
-4695
-4334
-4017
-4612
-5653
-5874
-5350
-4290
-3091
-2392
-1580
-536
116
104
-155
-101
317
822
874
384
-45
-197
-251
-394
-564
-56
1402
2943
4222
5378
6513
7753
8977
9922
10888
11932
13616
14224
10978
7021
4415
1474
-1993
-4759
-6216
-6793
-6700
-6669
-7018
-7156
-6550
-4365
-1628
-355
1580
4456
5641
5765
4504
2283
917
379
-907
-2264
-3135
-4155
-4619
-5301
-6936
-7755
-7173
-6050
-4546
-3386
-2830
-1883
-966
-1232
-1688
-1736
-1584
-674
151
-36
-290
-492
-938
-1416
-2085
-2689
-2475
-1799
-1731
-1905
-2000
-2020
-1402
-573
-143
944
2741
4447
5987
7184
8034
9069
10160
11044
12047
12933
13985
12578
8106
4236
1110
-2634
-6198
-8291
-8952
-8999
-8614
-8062
-7426
-6613
-4776
-1376
1332
3061
6022
8178
8526
7603
5180
2640
951
-725
-2693
-3968
-5311
-6191
-6537
-7606
-8631
-8249
-6953
-5150
-3104
-1749
-599
648
890
534
300
-70
-54
538
355
-337
-872
-1860
-2714
-3396
-4174
-4274
-3521
-2940
-2503
-2022
-1718
-1106
36
942
2000
3520
5004
6572
7993
8763
9485
10204
10641
11384
12162
12886
11464
7059
2904
-274
-4101
-7802
-9993
-10291
-9690
-8887
-7917
-6671
-5391
-3454
-34
2754
4367
6970
9120
9422
8012
5027
1978
-304
-2626
-4888
-6189
-7366
-7901
-7650
-8221
-9030
-8429
-6658
-4297
-1864
7
1618
3126
3491
3243
2639
1477
983
1226
774
-405
-1303
-2155
-3101
-3890
-4666
-4850
-4092
-3080
-2024
-1410
-1278
-500
662
1409
2248
3516
4958
6337
7491
8188
8512
8931
9527
10379
11090
11819
10802
6674
2389
-879
-4665
-8434
-10763
-11060
-10031
-8949
-7725
-6046
-4614
-2731
684
3471
5128
7639
9645
9931
8410
4959
1516
-1150
-3731
-6174
-7521
-8665
-8938
-8306
-8502
-8933
-8164
-6377
-3612
-749
1207
2991
4402
4690
4054
3072
1535
599
560
171
-874
-1886
-2890
-3638
-4195
-4936
-4827
-3839
-2618
-1153
9
300
812
1813
2524
3257
4386
5616
6919
7937
8360
8832
9034
9242
9975
10802
11380
9414
4770
731
-2463
-6521
-10302
-12339
-12190
-10718
-9221
-7631
-5623
-3948
-1425
2299
4697
6176
8722
10425
10362
8190
4076
424
-2280
-5218
-7624
-8978
-10114
-9800
-8658
-8643
-8753
-7649
-5571
-2488
286
2107
3983
5353
5340
4539
3077
1015
-18
-216
-781
-1723
-2713
-3562
-3897
-4318
-4947
-4572
-3413
-1885
-81
1092
1552
2206
2931
3418
4107
4999
6223
7657
8570
8914
9223
9231
9449
10018
10927
11002
7710
2960
-429
-3897
-8134
-11444
-12921
-12058
-10388
-8654
-6514
-4537
-2931
243
3573
5188
6866
9098
10152
9517
6493
2076
-1265
-4263
-7146
-8835
-10102
-10885
-9800
-8594
-8411
-7902
-6617
-4163
-791
1634
3428
5352
6002
5574
4521
2396
134
-864
-1316
-1905
-2739
-3876
-4496
-4515
-4969
-5135
-4357
-3193
-1268
675
1625
2261
2944
3349
3920
4634
5469
6840
8181
9044
9700
9782
9739
10355
11190
12006
10391
5673
1564
-1545
-5698
-9759
-12694
-13205
-11684
-9860
-7877
-5645
-3909
-1446
2411
4664
5968
8051
9833
10142
8301
4099
-97
-3307
-6424
-8675
-10074
-11322
-11068
-9474
-8697
-8260
-7185
-5227
-2059
1031
3068
5007
6282
6273
5515
3761
1360
-464
-1215
-1757
-2446
-3354
-4323
-4658
-4832
-5109
-4641
-3600
-2119
-174
1252
1960
2624
3109
3483
4033
4789
5930
7231
8191
8989
9553
9588
9986
10838
12041
11653
7578
2676
-585
-4232
-8308
-11579
-13056
-12031
-10280
-8197
-5815
-4005
-2218
1668
4936
6266
7812
9579
10369
9285
5557
892
-2688
-5896
-8277
-9731
-11339
-11890
-10422
-9151
-8584
-7720
-6149
-3276
78
2457
4324
5791
6110
5988
4817
2349
182
-921
-1540
-2190
-3224
-4205
-4625
-4780
-4932
-4623
-3918
-2691
-609
1116
1837
2410
3024
3597
4050
4305
5062
6309
7441
8459
9247
9291
9697
10633
11796
12188
8964
3890
499
-2750
-6891
-10332
-12588
-12171
-10528
-8777
-6463
-4274
-2782
650
4426
5941
7291
9041
10056
9581
6521
1802
-1905
-5193
-7819
-9178
-10667
-11831
-10832
-9476
-8829
-7940
-6653
-4256
-890
1618
3460
5143
5398
5084
4573
2763
628
-534
-1119
-1391
-1964
-3102
-3713
-3831
-4164
-3948
-3168
-2493
-983
847
1679
2213
2731
3089
3932
4554
5068
6256
7370
8064
8930
9040
9055
9704
10618
11472
9357
4310
236
-2753
-6603
-9881
-12219
-12412
-10851
-8929
-6706
-4402
-3034
-335
3591
5641
6861
8585
9757
9718
7466
2960
-1148
-4378
-6993
-8347
-9521
-10943
-10553
-9233
-8647
-7995
-6844
-4777
-1576
1146
2986
4549
4998
4709
4220
2603
414
-777
-1196
-1454
-1914
-2802
-3499
-3600
-3705
-3574
-2946
-2211
-898
811
1749
2106
2505
2902
3651
4369
5014
6073
7344
8234
9113
9379
9450
9977
10985
11845
9442
4418
366
-2830
-6623
-9991
-12457
-12651
-11305
-9567
-7145
-4786
-3421
-537
3425
5569
6862
8435
9552
9704
7469
3155
-753
-4128
-6802
-7990
-9190
-10701
-10379
-9213
-8602
-8052
-7174
-5130
-1946
567
2483
4036
4312
4169
3894
2295
306
-683
-932
-875
-1383
-2373
-2868
-2972
-3097
-2870
-2258
-1640
-509
1016
1753
1968
2302
2886
3840
4522
5067
6185
7527
8513
9518
9851
9783
10371
11745
11863
8111
2944
-647
-3917
-7512
-10873
-12894
-12483
-11331
-9486
-7031
-5266
-3523
365
4036
5730
7181
8682
9817
9499
6344
2270
-1104
-4394
-6608
-7561
-9190
-10394
-9787
-8984
-8580
-8238
-7311
-4704
-1501
571
2393
3652
3554
3171
2582
1075
-180
-389
-228
144
-364
-1529
-1953
-2258
-2601
-2252
-1653
-1052
136
1090
1316
1508
1698
2431
3577
4492
5442
6752
7908
8898
9636
9923
10213
11196
12405
10780
5945
1531
-1877
-5643
-8866
-11559
-12272
-11518
-10576
-8729
-6518
-5288
-2702
1560
4143
5772
7636
8876
9480
8009
4382
1065
-1841
-4810
-6311
-7335
-9029
-9423
-8874
-8678
-8529
-8059
-6623
-3688
-1096
560
2378
3307
2861
2323
1532
266
-65
180
304
532
-137
-1120
-1432
-2045
-2354
-1720
-1130
-387
778
1192
1174
1268
1462
2335
3570
4693
5970
7365
8436
9217
9849
10319
10941
12336
12260
8623
4067
519
-3201
-6952
-10086
-11915
-11634
-10983
-10229
-8358
-6747
-5210
-1501
2059
3932
6033
7790
8746
8528
5840
2391
-21
-2530
-4887
-5995
-7375
-8505
-8343
-8215
-8538
-8374
-7493
-5454
-2704
-1100
220
1966
2382
1812
1371
471
-37
515
857
1016
917
212
-117
-381
-1332
-1630
-853
-238
576
1226
1117
1122
1432
1833
2861
4081
5181
6800
8255
8981
9492
10155
10806
12121
12544
9565
5293
1996
-1411
-5102
-8558
-10888
-11020
-10347
-10172
-9320
-7859
-6544
-3630
-71
1948
4038
6520
7862
8064
6194
3097
1083
-640
-3073
-4465
-5482
-6939
-7283
-7373
-8354
-8764
-8182
-6774
-4552
-2992
-2024
-395
524
189
167
94
-207
543
1555
1988
2237
1858
1278
1045
286
-601
-329
79
300
959
1155
879
932
1205
1846
3210
4487
5737
7251
8183
8686
9386
9962
10905
11906
10536
7232
3984
555
-2578
-5031
-7448
-9024
-9166
-8781
-8384
-7923
-7475
-5863
-3158
-898
1077
3348
4756
5459
5319
3619
1417
-29
-1301
-2237
-2863
-4023
-4991
-5236
-5990
-6917
-7083
-6694
-5708
-4298
-3293
-2591
-1993
-1992
-1941
-1502
-1168
-498
640
1359
1931
2594
2487
1822
1470
1229
1115
1220
1079
988
1187
1190
911
887
916
1418
2753
3918
4665
5433
6016
6638
7438
7916
8445
8908
8285
6497
4126
1692
-65
-1368
-2702
-3978
-4566
-4733
-4709
-4737
-4991
-4858
-3776
-2524
-1542
-669
-120
237
483
-65
-1270
-2147
-2519
-2550
-2553
-2850
-3097
-2975
-3150
-3355
-3193
-3167
-2919
-1952
-1240
-972
-733
-576
-339
-70
127
302
403
293
424
757
340
-385
-781
-983
-1105
-1062
-1031
-917
-639
-501
-421
-221
-157
275
1122
1800
2289
2669
2896
3361
4011
4590
5108
5569
5948
6142
6058
5591
5050
4537
4106
3552
2838
1892
1208
740
230
-285
-771
-1131
-1250
-1296
-1544
-1930
-2167
-2428
-2794
-3203
-3637
-3916
-4075
-4187
-4297
-4511
-4752
-4529
-4154
-4118
-4114
-3899
-3540
-3068
-2690
-2368
-1991
-1582
-1173
-908
-833
-840
-349
227
330
251
244
297
409
552
542
582
596
534
651
655
567
879
1338
1683
2058
2308
2682
3395
4087
4629
5165
5559
5828
6143
6090
5678
5323
4832
4375
3826
3038
2020
1316
747
254
-214
-841
-1336
-1672
-2073
-2462
-2662
-2787
-2926
-2940
-3115
-3300
-3349
-3481
-3500
-3494
-3541
-3412
-3145
-3100
-3229
-3399
-3602
-3644
-3426
-3110
-2704
-2353
-2136
-1983
-1865
-1788
-1587
-1107
-693
-426
-202
-50
27
146
272
426
689
736
743
862
923
979
1187
1350
1579
1972
2321
2868
3560
4062
4473
4923
5294
5705
6131
6127
5904
5585
5042
4581
3966
3105
2205
1631
1112
677
150
-549
-1047
-1472
-1977
-2275
-2453
-2566
-2581
-2657
-2999
-3254
-3371
-3481
-3477
-3566
-3560
-3352
-3279
-3489
-3823
-4157
-4378
-4318
-4027
-3644
-3204
-2872
-2579
-2381
-2197
-1875
-1429
-871
-492
-281
-128
74
240
392
485
633
894
1015
1016
1015
1056
1209
1460
1600
1740
2013
2340
2831
3302
3584
3828
4238
4827
5425
5887
5977
5870
5599
5176
4757
4182
3473
2747
2267
1754
1149
413
-319
-850
-1261
-1621
-1837
-2037
-2139
-2204
-2381
-2760
-3028
-3072
-3033
-3011
-3126
-3142
-3184
-3365
-3688
-4080
-4366
-4450
-4336
-4140
-3951
-3793
-3658
-3454
-3280
-2975
-2524
-2034
-1602
-1395
-1331
-1235
-861
-459
-103
145
398
677
861
861
807
998
1384
1845
2193
2378
2638
3000
3316
3586
3859
4162
4718
5441
5899
6160
6209
6008
5714
5295
4775
4324
3887
3311
2820
2205
1385
658
7
-587
-959
-1266
-1549
-1772
-1994
-2270
-2481
-2790
-3009
-2938
-2913
-2924
-2928
-3026
-3280
-3532
-3854
-4145
-4250
-4319
-4219
-4047
-3967
-3898
-3819
-3690
-3431
-2975
-2501
-2080
-1845
-1846
-1855
-1787
-1486
-1081
-704
-314
6
272
457
528
571
898
1383
1880
2344
2619
2894
3173
3260
3421
3771
4138
4637
5227
5516
5691
5865
5744
5529
5143
4678
4452
4221
3686
3088
2419
1553
985
456
-181
-613
-965
-1341
-1609
-1928
-2241
-2365
-2529
-2742
-2696
-2744
-2848
-2877
-3112
-3473
-3744
-3943
-4101
-4132
-4201
-4135
-3943
-3867
-3799
-3662
-3423
-3059
-2609
-2235
-2004
-1889
-1892
-1897
-1803
-1566
-1202
-816
-369
-74
170
401
552
744
1080
1515
1956
2383
2601
2784
2938
2979
3197
3548
3834
4202
4555
4727
4875
5086
5122
5029
4741
4354
4227
4037
3629
3035
2363
1669
1260
844
279
-226
-654
-1036
-1331
-1701
-1958
-2071
-2164
-2307
-2415
-2574
-2729
-2849
-3129
-3435
-3713
-3827
-3844
-3878
-3956
-3944
-3855
-3753
-3638
-3508
-3244
-2858
-2591
-2372
-2273
-2271
-2214
-2121
-2045
-1854
-1500
-1087
-554
-157
88
443
818
1183
1619
2023
2379
2796
3064
3121
3244
3372
3576
3867
4024
4130
4298
4376
4394
4527
4575
4467
4300
3964
3697
3533
3227
2709
2158
1613
1178
854
386
-127
-519
-892
-1214
-1489
-1767
-1970
-2072
-2240
-2470
-2633
-2847
-3030
-3213
-3451
-3669
-3720
-3688
-3677
-3667
-3694
-3654
-3502
-3333
-3149
-2914
-2681
-2537
-2398
-2322
-2337
-2270
-2209
-2161
-2023
-1767
-1401
-899
-462
-169
219
679
1172
1705
2102
2430
2828
3125
3234
3404
3567
3777
4047
4152
4183
4255
4249
4245
4293
4281
4236
4096
3761
3377
3090
2747
2408
1960
1460
1017
650
268
-104
-522
-896
-1139
-1351
-1526
-1685
-1879
-2067
-2268
-2523
-2701
-2894
-3089
-3224
-3337
-3422
-3356
-3348
-3376
-3341
-3338
-3241
-2984
-2744
-2492
-2249
-2202
-2169
-2066
-2056
-1995
-1942
-1987
-1936
-1747
-1529
-1182
-835
-580
-206
271
745
1241
1651
1977
2374
2678
2862
3028
3224
3425
3663
3770
3785
3815
3850
3896
3924
3916
3912
3909
3739
3446
3071
2804
2625
2381
1948
1453
1014
717
421
-9
-428
-713
-906
-1104
-1400
-1767
-1987
-2131
-2344
-2587
-2797
-2961
-3004
-3057
-3172
-3162
-3064
-2981
-2919
-2936
-2957
-2781
-2532
-2346
-2212
-2171
-2124
-2020
-1971
-2024
-2053
-2086
-2058
-1928
-1743
-1499
-1199
-940
-683
-338
86
547
970
1347
1687
2041
2344
2562
2678
2796
2931
3077
3170
3215
3275
3369
3433
3414
3386
3419
3543
3585
3478
3325
3244
3177
2960
2519
2053
1746
1525
1263
838
363
-27
-387
-869
-1363
-1805
-2068
-2184
-2390
-2734
-3032
-3215
-3273
-3240
-3275
-3237
-3027
-2836
-2786
-2798
-2837
-2708
-2428
-2287
-2235
-2126
-1987
-1858
-1833
-2013
-2137
-2065
-1901
-1680
-1452
-1299
-1128
-906
-719
-447
-60
374
809
1198
1466
1714
1976
2117
2161
2195
2249
2381
2561
2614
2624
2627
2602
2622
2747
2933
3210
3510
3621
3637
3597
3504
3377
3206
2907
2679
2441
2132
1722
1185
552
12
-499
-1002
-1419
-1775
-2053
-2337
-2746
-3159
-3334
-3367
-3284
-3206
-3150
-3039
-2885
-2845
-2848
-2831
-2718
-2455
-2225
-2091
-1977
-1876
-1842
-1844
-1881
-1856
-1695
-1487
-1289
-1170
-1160
-1135
-1019
-810
-518
-175
200
564
832
1031
1220
1359
1467
1565
1652
1796
1949
2026
2053
2005
1956
2006
2136
2331
2663
3029
3347
3550
3578
3567
3609
3649
3612
3487
3188
2882
2526
2073
1472
874
338
-83
-548
-1061
-1540
-1924
-2264
-2584
-2865
-3030
-3023
-2949
-2889
-2922
-2942
-2899
-2803
-2762
-2739
-2649
-2471
-2278
-2181
-2176
-2181
-2123
-1996
-1809
-1666
-1513
-1362
-1247
-1245
-1296
-1276
-1086
-794
-525
-286
-49
188
427
632
764
880
1049
1275
1487
1619
1653
1670
1693
1718
1764
1899
2088
2367
2711
3012
3255
3488
3675
3838
3946
3978
3996
3896
3612
3196
2747
2209
1697
1168
651
148
-358
-927
-1419
-1870
-2223
-2426
-2590
-2742
-2808
-2849
-2910
-2939
-2995
-2971
-2878
-2774
-2704
-2618
-2586
-2561
-2516
-2480
-2412
-2261
-2024
-1786
-1589
-1486
-1417
-1377
-1368
-1317
-1105
-834
-578
-385
-260
-139
51
260
439
602
751
935
1151
1265
1264
1265
1258
1305
1436
1577
1766
2039
2288
2548
2821
3100
3482
3898
4127
4233
4300
4297
4246
4006
3559
3059
2582
2067
1578
1000
397
-128
-609
-1132
-1568
-1912
-2115
-2246
-2452
-2691
-2836
-2900
-2919
-2940
-3016
-2997
-2895
-2793
-2814
-2880
-2938
-2852
-2708
-2587
-2454
-2259
-2038
-1849
-1748
-1723
-1661
-1513
-1283
-1059
-861
-692
-523
-372
-252
-131
58
284
479
635
738
830
932
997
991
999
1063
1227
1459
1663
1847
2089
2348
2634
2964
3297
3647
3960
4162
4258
4265
4183
4035
3745
3316
2830
2382
1914
1438
909
383
-77
-468
-861
-1188
-1472
-1709
-1901
-2088
-2278
-2410
-2509
-2629
-2733
-2817
-2830
-2819
-2844
-2940
-2989
-2999
-2944
-2861
-2768
-2632
-2445
-2270
-2150
-2048
-1919
-1722
-1477
-1280
-1152
-996
-809
-630
-482
-376
-237
-27
182
334
455
565
695
818
881
931
1078
1296
1542
1762
1948
2167
2446
2707
2933
3181
3470
3798
4076
4192
4168
4108
3985
3800
3504
3129
2738
2387
1939
1426
894
403
14
-324
-711
-1073
-1352
-1566
-1729
-1929
-2201
-2417
-2552
-2646
-2700
-2795
-2892
-2945
-2987
-3083
-3152
-3180
-3122
-2978
-2849
-2752
-2622
-2442
-2219
-1986
-1794
-1608
-1395
-1197
-1041
-907
-780
-635
-479
-352
-254
-116
59
216
323
376
451
604
800
969
1135
1314
1547
1806
2031
2221
2457
2730
3021
3317
3580
3830
4062
4200
4188
4107
3978
3856
3692
3382
2954
2496
1991
1505
1011
526
101
-251
-622
-962
-1262
-1545
-1794
-2040
-2294
-2481
-2587
-2712
-2835
-2994
-3155
-3247
-3288
-3349
-3364
-3335
-3258
-3117
-2984
-2851
-2625
-2344
-2070
-1815
-1613
-1427
-1237
-1084
-985
-865
-750
-618
-483
-369
-273
-134
6
102
176
247
370
542
699
800
941
1110
1331
1560
1788
2035
2355
2677
2943
3196
3453
3720
3978
4142
4162
4145
4081
3996
3815
3495
3057
2665
2266
1834
1377
904
492
179
-163
-557
-912
-1228
-1453
-1647
-1888
-2160
-2353
-2543
-2714
-2903
-3106
-3236
-3252
-3284
-3336
-3343
-3295
-3123
-2909
-2721
-2532
-2247
-1968
-1714
-1544
-1440
-1326
-1173
-1064
-1004
-942
-881
-764
-655
-596
-550
-441
-326
-198
-126
-68
54
248
407
544
700
922
1235
1554
1826
2077
2381
2682
2989
3256
3491
3727
3972
4105
4139
4084
3994
3903
3746
3465
3103
2758
2376
1992
1548
1094
685
338
-42
-420
-795
-1127
-1409
-1675
-1995
-2301
-2549
-2772
-2933
-3116
-3296
-3414
-3424
-3433
-3396
-3326
-3189
-2976
-2748
-2541
-2314
-2064
-1835
-1603
-1427
-1283
-1150
-1011
-928
-851
-811
-765
-693
-611
-578
-516
-429
-343
-244
-158
-37
140
358
538
750
970
1217
1479
1732
1942
2187
2422
2644
2876
3082
3278
3485
3666
3752
3804
3805
3787
3722
3570
3298
3004
2679
2312
1913
1502
1099
716
318
-117
-511
-903
-1262
-1607
-1934
-2285
-2570
-2810
-3004
-3170
-3318
-3418
-3409
-3363
-3325
-3237
-3107
-2927
-2750
-2570
-2382
-2124
-1872
-1643
-1452
-1283
-1134
-999
-906
-862
-836
-829
-795
-768
-738
-727
-649
-533
-403
-278
-100
125
406
661
881
1117
1380
1645
1876
2087
2253
2438
2620
2789
2936
3121
3305
3528
3715
3791
3812
3818
3815
3738
3545
3221
2892
2556
2183
1739
1271
799
392
-50
-501
-961
-1372
-1728
-2049
-2384
-2701
-2931
-3108
-3221
-3333
-3417
-3438
-3365
-3289
-3205
-3105
-2968
-2746
-2486
-2268
-2055
-1828
-1591
-1340
-1160
-1058
-993
-910
-884
-897
-944
-970
-960
-923
-912
-871
-752
-608
-465
-298
-85
172
489
762
1011
1251
1480
1679
1906
2109
2286
2460
2624
2816
3051
3281
3505
3754
3938
4066
4099
4081
4013
3888
3614
3254
2855
2456
2041
1565
1023
512
23
-469
-906
-1318
-1663
-1971
-2289
-2608
-2821
-3024
-3187
-3322
-3410
-3443
-3433
-3441
-3407
-3303
-3158
-2967
-2724
-2454
-2186
-1898
-1618
-1362
-1193
-1103
-1055
-985
-930
-932
-1010
-1060
-1085
-1104
-1078
-1020
-916
-742
-538
-337
-80
184
464
785
1055
1233
1435
1663
1879
2091
2226
2372
2605
2867
3084
3352
3641
3942
4205
4362
4371
4348
4297
4162
3921
3549
3096
2652
2239
1703
1128
586
141
-266
-645
-1142
-1597
-1974
-2298
-2631
-2901
-3164
-3314
-3403
-3522
-3654
-3722
-3708
-3591
-3433
-3315
-3107
-2799
-2464
-2201
-2001
-1855
-1632
-1408
-1254
-1172
-1120
-1102
-1101
-1181
-1284
-1335
-1294
-1188
-1056
-927
-757
-512
-303
-73
190
450
758
1065
1302
1495
1680
1851
2047
2239
2400
2577
2834
3104
3431
3742
3997
4197
4306
4358
4386
4422
4319
4047
3613
3163
2718
2310
1816
1302
771
317
-178
-619
-1097
-1526
-1872
-2150
-2480
-2820
-3077
-3241
-3361
-3500
-3635
-3671
-3591
-3463
-3286
-3120
-2886
-2660
-2428
-2231
-2024
-1852
-1671
-1478
-1366
-1402
-1453
-1498
-1488
-1477
-1487
-1490
-1473
-1360
-1202
-1022
-805
-577
-323
-8
250
497
811
1092
1282
1447
1621
1881
2243
2556
2740
2986
3235
3493
3870
4231
4480
4628
4637
4813
5162
5199
4619
3909
3445
3162
2662
1812
945
188
-693
-1611
-2294
-2703
-3027
-3228
-3312
-3461
-3608
-3737
-3686
-3258
-2619
-2041
-1551
-976
-455
-259
-256
-442
-629
-585
-519
-712
-1192
-1895
-2882
-3928
-4915
-5847
-6255
-6019
-5473
-4762
-4122
-3463
-2527
-1386
-264
775
1822
2705
3270
3510
3368
3181
3071
2894
2857
3017
3302
3806
4387
4899
5528
6414
7365
8480
9431
9026
7228
5107
3032
1344
-180
-2147
-3718
-4133
-4540
-5333
-6095
-6732
-6404
-5005
-3902
-2838
-1327
-128
772
1239
699
262
693
1012
1189
1398
986
613
477
-474
-1497
-1959
-2398
-2503
-2463
-3055
-3579
-3889
-4750
-5467
-5575
-5767
-5436
-4519
-3660
-2502
-1287
-559
236
1255
2009
2684
3320
3452
3401
3246
2665
2134
1797
1490
1465
1729
1986
2506
3299
3987
4780
5913
7079
8473
10233
10626
8619
5908
3385
995
-872
-2924
-4758
-5423
-5699
-6388
-6983
-7438
-7038
-5128
-3267
-2055
34
2040
3071
3510
2856
1723
1505
1283
589
227
-524
-1704
-2321
-3451
-5010
-5625
-5691
-5408
-4642
-4321
-4192
-3553
-3520
-3985
-3751
-3258
-2480
-1151
-145
580
1466
1858
1926
2221
2109
2063
2492
2404
1816
1261
596
170
138
15
213
1165
2096
3143
4390
5254
6201
7692
9166
10610
12369
12540
9963
6807
3913
843
-2085
-4798
-6474
-7079
-7819
-8637
-8832
-9029
-8579
-6313
-3909
-2269
136
2649
4290
4732
3674
2548
2253
1536
580
258
-745
-2272
-3049
-4121
-5660
-6577
-6646
-5726
-4544
-4228
-3746
-2665
-2704
-3313
-2993
-2336
-1488
-271
793
1564
1948
1696
1703
1820
1220
1040
1505
1327
738
257
-260
-292
30
316
1176
2446
3524
4982
6303
7127
8216
9609
10883
12460
13949
12839
9106
5455
2358
-1022
-4527
-7437
-8490
-8835
-9764
-10221
-9884
-9814
-8589
-5580
-2922
-1010
1497
4055
5796
5615
3848
2833
2373
1012
-151
-772
-2356
-3896
-4754
-5929
-7267
-8070
-7689
-6072
-4891
-4635
-3546
-2199
-2099
-2146
-1578
-948
14
1112
2079
2719
2653
2292
2467
2137
1127
855
1074
797
424
-4
-392
-112
285
797
1860
2863
4057
5898
7240
8143
9327
10578
11778
13310
14012
11512
7263
3891
941
-2492
-6122
-8743
-9213
-9631
-10658
-10621
-9993
-9378
-7047
-3602
-1220
754
3106
5302
6526
5431
3337
2660
1918
194
-950
-2128
-4180
-5538
-6476
-7667
-8639
-8901
-7709
-5676
-4824
-4532
-3107
-1937
-1699
-1268
-609
71
1136
2067
2723
2899
2365
2091
2304
1667
703
607
704
393
46
-433
-557
-41
543
1442
2597
3494
4866
6635
7819
8736
9951
11306
12687
14164
13919
10298
6033
2952
-241
-3836
-7341
-9386
-9604
-10243
-11121
-10812
-10295
-9243
-6067
-2615
-556
1721
4243
6243
6822
5118
3200
2704
1598
-105
-1033
-2608
-4676
-5715
-6741
-8133
-9010
-8856
-7184
-5221
-4690
-4098
-2491
-1695
-1555
-954
-416
258
1434
2343
2831
2690
1979
1844
1821
858
123
313
350
139
-78
-538
-501
149
953
2073
3258
4285
5895
7464
8337
9277
10521
11849
13338
14695
13339
9014
5076
2042
-1458
-5121
-8347
-9640
-9778
-10638
-11151
-10598
-10241
-8622
-4917
-1890
15
2512
4949
6574
6347
4190
2690
2132
655
-786
-1702
-3654
-5448
-6263
-7393
-8709
-9272
-8626
-6613
-4954
-4546
-3475
-1957
-1459
-1105
-339
157
1025
2222
3035
3365
2902
2189
2203
1845
745
351
539
413
187
-246
-903
-839
-205
709
1878
2986
4151
5920
7230
7929
8999
10238
11654
13379
14478
12321
7938
4533
1679
-1814
-5389
-8138
-8798
-9008
-10072
-10370
-9860
-9521
-7399
-3739
-1326
522
3017
5242
6488
5601
3278
2270
1707
86
-1126
-2140
-4146
-5565
-6333
-7604
-8780
-9191
-8275
-6206
-5008
-4774
-3424
-1982
-1577
-1113
-421
130
1286
2447
3129
3486
3025
2428
2486
1869
730
545
709
454
132
-537
-1140
-809
-212
624
1839
2984
4269
6025
7111
7844
9081
10264
11595
13198
13847
11269
7023
3811
921
-2523
-5993
-8392
-8869
-9303
-10354
-10382
-9808
-9179
-6670
-3131
-884
1045
3435
5503
6556
5500
3462
2780
2208
601
-551
-1799
-3833
-5131
-5970
-7264
-8343
-8676
-7730
-5931
-5186
-5149
-3826
-2481
-2106
-1604
-1001
-439
770
1931
2619
3022
2698
2388
2613
2027
1013
965
1207
988
629
-119
-658
-279
264
955
1921
2875
4110
5710
6639
7305
8463
9746
11082
12576
13246
10868
6948
4020
1284
-1920
-5266
-7695
-8235
-8661
-9847
-10160
-9695
-9134
-6864
-3645
-1569
265
2584
4554
5641
4761
2919
2453
2216
757
-320
-1458
-3353
-4544
-5364
-6641
-7630
-7914
-7105
-5523
-4922
-5027
-3796
-2501
-2213
-1672
-1044
-544
549
1570
2343
2819
2414
2167
2506
1953
1035
927
1025
746
321
-443
-912
-635
-101
731
1737
2629
3728
5347
6385
7088
8280
9774
11235
12679
13536
11784
8068
4977
2366
-598
-3960
-6679
-7576
-8094
-9448
-10119
-9831
-9480
-7715
-4768
-2563
-867
1232
3242
4595
4107
2446
1987
2175
1129
28
-784
-2286
-3518
-4240
-5367
-6426
-6942
-6463
-5151
-4619
-5009
-4287
-2954
-2742
-2507
-1741
-1217
-340
745
1555
2191
2082
1850
2361
2232
1313
1202
1545
1259
657
-57
-634
-608
-258
397
1263
2057
2877
4355
5617
6280
7292
8777
10281
11699
12939
12644
9745
6275
3906
1656
-1463
-4607
-6269
-6751
-7780
-9171
-9476
-9235
-8396
-6303
-3950
-2483
-848
1240
3032
3475
2345
1431
1837
1816
722
-144
-1055
-2292
-3025
-3831
-5121
-6009
-5975
-5178
-4583
-4808
-4923
-3809
-3100
-3163
-2633
-1740
-1103
-91
908
1414
1571
1509
1752
2179
1704
1043
1358
1495
755
-16
-540
-830
-579
-78
564
1247
1857
2890
4400
5340
6034
7365
9107
10535
11674
12572
11916
9170
6257
4338
2107
-915
-3765
-5245
-5855
-7123
-8668
-9071
-8825
-8144
-6528
-4854
-3672
-1883
140
1582
1903
1205
847
1627
1812
946
353
-195
-920
-1468
-2522
-3852
-4334
-4254
-4080
-3862
-4149
-4322
-3670
-3364
-3581
-3156
-2385
-1663
-594
-4
148
593
1032
1296
1570
1380
1121
1414
1311
501
-169
-494
-463
-139
95
338
938
1688
2521
3560
4463
5405
6841
8499
9658
10534
11437
11343
9394
6865
4830
2850
465
-2167
-3924
-4672
-5758
-7305
-7985
-7999
-7732
-6796
-5528
-4378
-2713
-1111
15
624
348
34
785
1363
981
634
413
-11
-491
-1393
-2465
-2879
-2954
-2851
-2685
-2850
-3268
-3071
-2868
-3088
-2880
-2208
-1637
-1083
-667
-488
-187
154
321
660
891
677
680
671
168
-339
-417
-410
-272
-264
-240
366
1067
1490
2243
3292
4242
5339
6508
7453
8202
8814
9297
9102
7480
5410
3983
2600
690
-1239
-2482
-3019
-3577
-4692
-5552
-5841
-5731
-5119
-4228
-3537
-2571
-1537
-882
-752
-857
-870
-335
40
-168
-393
-517
-728
-901
-1307
-1898
-2041
-1771
-1493
-1382
-1491
-1617
-1334
-1071
-1008
-926
-709
-589
-443
-433
-587
-675
-567
-387
-254
-381
-693
-794
-713
-784
-944
-979
-1101
-1233
-1260
-1048
-719
-216
339
1151
2052
2743
3349
4061
4588
4973
5339
5631
5712
5523
4897
3987
3154
2325
1637
1023
520
162
-56
-447
-770
-832
-710
-656
-538
-498
-384
-310
-269
-374
-547
-881
-1355
-1841
-2230
-2522
-2734
-2940
-3206
-3332
-3370
-3362
-3218
-2856
-2450
-1811
-1162
-705
-406
-26
285
553
654
602
573
499
180
-397
-1098
-1750
-2149
-2400
-2611
-2703
-2644
-2647
-2603
-2417
-1980
-1378
-610
174
835
1445
2017
2545
2960
3245
3431
3657
3855
4001
4080
4093
3937
3866
3767
3614
3505
3426
3231
2962
2693
2395
2165
1878
1579
1367
1175
887
710
484
203
-235
-760
-1356
-1851
-2388
-2829
-3085
-3292
-3547
-3812
-4013
-4078
-3948
-3745
-3278
-2692
-2241
-1920
-1551
-1265
-986
-730
-470
-265
-177
-358
-676
-1111
-1630
-1982
-2223
-2397
-2499
-2508
-2567
-2597
-2530
-2288
-1861
-1173
-413
314
885
1382
1796
2108
2360
2570
2807
2989
3136
3254
3287
3158
3120
3237
3409
3610
3807
3890
3957
4002
3950
3841
3652
3430
3253
3047
2651
2267
1875
1430
873
224
-455
-1036
-1640
-2238
-2728
-3131
-3480
-3730
-3906
-4084
-4225
-4224
-3908
-3474
-3103
-2844
-2536
-2259
-2005
-1791
-1505
-1153
-854
-732
-841
-1107
-1365
-1533
-1667
-1811
-1949
-1990
-2046
-2133
-2245
-2258
-2146
-1756
-1207
-634
-103
359
713
1001
1215
1385
1600
1811
2062
2320
2407
2321
2331
2441
2659
2984
3344
3683
4029
4282
4463
4580
4636
4701
4779
4668
4390
4076
3686
3191
2569
1874
1233
627
-45
-723
-1400
-2023
-2544
-2931
-3225
-3496
-3804
-4008
-3982
-3863
-3751
-3607
-3400
-3156
-2957
-2827
-2633
-2329
-2033
-1838
-1800
-1865
-1873
-1829
-1830
-1876
-1925
-1921
-1885
-1892
-1909
-1920
-1904
-1778
-1560
-1300
-974
-657
-412
-206
-14
159
344
529
779
1066
1246
1345
1500
1668
1882
2225
2642
3068
3479
3860
4257
4603
4867
5139
5391
5493
5486
5379
5113
4698
4217
3742
3268
2642
1943
1280
609
-119
-795
-1358
-1766
-2123
-2590
-3028
-3322
-3491
-3581
-3635
-3682
-3598
-3432
-3315
-3226
-3126
-3039
-2900
-2779
-2714
-2653
-2579
-2508
-2405
-2312
-2267
-2177
-2014
-1831
-1703
-1634
-1573
-1441
-1286
-1152
-1094
-1073
-1019
-913
-801
-745
-676
-476
-211
-12
131
296
537
849
1203
1588
1983
2366
2792
3253
3625
3950
4333
4729
5021
5233
5334
5343
5218
4984
4769
4537
4106
3604
3097
2485
1774
1076
492
92
-308
-848
-1376
-1831
-2172
-2405
-2622
-2852
-2896
-2797
-2725
-2737
-2794
-2840
-2799
-2772
-2755
-2706
-2645
-2591
-2524
-2485
-2463
-2329
-2094
-1880
-1737
-1633
-1504
-1320
-1177
-1126
-1162
-1231
-1326
-1407
-1501
-1630
-1709
-1644
-1502
-1376
-1271
-1150
-967
-678
-374
-23
408
850
1291
1716
2044
2352
2742
3144
3500
3829
4116
4399
4607
4665
4741
4850
4838
4738
4600
4322
3896
3378
2881
2491
2099
1564
973
366
-234
-742
-1185
-1609
-1869
-1950
-1978
-2043
-2190
-2348
-2416
-2446
-2451
-2389
-2307
-2272
-2271
-2370
-2494
-2504
-2386
-2223
-2088
-1982
-1847
-1663
-1509
-1419
-1381
-1379
-1393
-1443
-1535
-1681
-1859
-1987
-2058
-2099
-2122
-2125
-2098
-2002
-1865
-1659
-1337
-943
-523
-84
273
612
997
1392
1748
2095
2412
2751
3091
3317
3529
3805
4043
4237
4408
4489
4493
4426
4302
4208
4081
3821
3476
3021
2433
1845
1329
835
406
60
-218
-451
-727
-1076
-1372
-1588
-1674
-1619
-1536
-1538
-1590
-1709
-1886
-2032
-2110
-2114
-2054
-2011
-1992
-1982
-1997
-2005
-1986
-1985
-1998
-1997
-1955
-1918
-1949
-2037
-2145
-2211
-2211
-2200
-2225
-2268
-2290
-2255
-2154
-2008
-1840
-1614
-1383
-1127
-832
-530
-244
56
341
636
949
1234
1517
1846
2130
2383
2643
2879
3111
3337
3526
3743
3969
4130
4231
4223
4054
3816
3604
3378
3133
2853
2566
2305
1994
1544
1061
637
316
137
12
-158
-344
-562
-820
-1082
-1309
-1468
-1527
-1586
-1686
-1820
-1952
-2087
-2214
-2342
-2468
-2525
-2512
-2477
-2453
-2452
-2468
-2455
-2395
-2289
-2169
-2072
-2033
-2023
-1997
-1945
-1878
-1844
-1860
-1849
-1762
-1652
-1580
-1533
-1474
-1328
-1121
-908
-703
-443
-150
155
420
639
907
1257
1626
1967
2276
2597
2959
3295
3491
3584
3685
3841
4022
4116
4110
4106
4092
3978
3744
3429
3160
2987
2841
2603
2277
1923
1567
1195
780
358
22
-245
-526
-863
-1227
-1567
-1841
-2110
-2411
-2678
-2857
-2956
-3037
-3148
-3281
-3335
-3285
-3170
-3015
-2857
-2693
-2532
-2391
-2255
-2092
-1922
-1785
-1697
-1633
-1563
-1513
-1514
-1582
-1632
-1621
-1535
-1392
-1266
-1181
-1079
-968
-851
-705
-514
-270
14
283
516
741
966
1180
1378
1566
1775
2051
2364
2659
2903
3100
3279
3471
3669
3865
4048
4194
4302
4356
4322
4187
3983
3736
3462
3173
2807
2375
1918
1454
982
499
-8
-478
-889
-1252
-1620
-1971
-2285
-2536
-2719
-2891
-3032
-3091
-3060
-2997
-2959
-2971
-2957
-2850
-2674
-2536
-2443
-2361
-2233
-2091
-2022
-2056
-2101
-2060
-1919
-1737
-1607
-1526
-1440
-1358
-1303
-1251
-1157
-1002
-803
-621
-523
-453
-390
-310
-241
-195
-113
41
253
460
628
752
895
1107
1400
1745
2116
2491
2858
3199
3500
3754
3980
4171
4298
4364
4334
4203
3990
3708
3365
3004
2602
2192
1783
1358
921
504
113
-234
-531
-796
-1042
-1247
-1395
-1494
-1579
-1721
-1859
-1968
-2031
-2081
-2137
-2230
-2317
-2385
-2467
-2601
-2752
-2851
-2847
-2757
-2659
-2575
-2489
-2378
-2260
-2130
-1993
-1822
-1602
-1359
-1178
-1056
-972
-865
-760
-682
-597
-479
-309
-138
11
73
121
201
343
516
686
849
1040
1211
1330
1433
1575
1759
1931
2095
2215
2332
2446
2565
2653
2736
2813
2927
3008
2994
2913
2833
2764
2660
2513
2314
2120
1937
1777
1600
1399
1175
963
738
483
210
-39
-293
-591
-923
-1263
-1595
-1931
-2246
-2516
-2715
-2864
-2972
-3072
-3152
-3214
-3209
-3174
-3119
-3025
-2874
-2677
-2519
-2397
-2278
-2138
-2007
-1866
-1708
-1517
-1311
-1093
-920
-789
-660
-453
-181
78
304
525
733
883
992
1074
1169
1237
1279
1269
1215
1113
1020
924
814
698
651
656
633
595
580
656
785
950
1149
1404
1692
2051
2410
2718
2958
3173
3371
3496
3528
3479
3373
3173
2886
2523
2121
1695
1276
869
484
81
-293
-632
-955
-1302
-1642
-1952
-2225
-2451
-2637
-2775
-2933
-3079
-3194
-3262
-3350
-3424
-3427
-3348
-3230
-3099
-2976
-2843
-2668
-2424
-2100
-1756
-1394
-1024
-636
-308
-32
219
489
732
934
1079
1169
1213
1207
1161
1056
935
852
818
746
624
495
421
367
322
286
310
387
509
632
714
743
775
846
901
936
957
1014
1067
1087
1083
1096
1136
1230
1361
1512
1648
1793
1958
2086
2128
2095
2042
1948
1823
1632
1402
1125
812
475
128
-251
-625
-955
-1236
-1493
-1743
-1972
-2182
-2359
-2494
-2550
-2569
-2546
-2487
-2386
-2276
-2176
-2055
-1908
-1752
-1599
-1437
-1267
-1125
-1002
-904
-842
-783
-711
-597
-476
-369
-272
-157
-57
33
124
244
401
584
770
929
1052
1137
1209
1258
1291
1306
1327
1334
1295
1198
1062
909
759
619
495
382
298
242
188
123
53
15
11
45
92
146
206
283
362
450
550
646
770
899
1005
1077
1120
1147
1156
1138
1105
1047
967
872
750
616
483
353
236
113
-24
-162
-303
-452
-619
-802
-987
-1172
-1360
-1518
-1672
-1803
-1905
-1983
-2024
-2054
-2055
-2010
-1917
-1777
-1606
-1412
-1204
-987
-781
-595
-409
-223
-24
181
354
489
591
669
733
778
812
862
918
973
1007
1018
1013
1008
1016
1014
996
965
902
810
691
543
385
229
81
-79
-263
-460
-653
-823
-969
-1080
-1155
-1187
-1190
-1173
-1144
-1101
-998
-838
-621
-368
-93
195
486
776
1039
1281
1510
1737
1941
2095
2186
2223
2207
2151
2061
1941
1793
1625
1453
1255
1038
798
561
327
83
-167
-424
-668
-889
-1095
-1303
-1495
-1671
-1818
-1935
-2028
-2094
-2113
-2075
-2012
-1913
-1798
-1661
-1492
-1291
-1065
-838
-610
-391
-197
-43
70
168
244
307
338
308
235
126
-4
-146
-281
-398
-488
-541
-591
-648
-705
-719
-668
-556
-392
-182
65
332
591
831
1058
1287
1519
1738
1920
2040
2104
2110
2064
1960
1826
1682
1552
1433
1294
1146
995
856
729
611
479
358
239
123
-15
-176
-351
-531
-707
-884
-1062
-1226
-1363
-1469
-1550
-1628
-1691
-1728
-1722
-1684
-1620
-1539
-1420
-1275
-1118
-969
-823
-659
-483
-291
-108
55
197
321
425
496
553
612
682
756
815
835
834
824
811
803
782
760
737
700
628
512
375
233
95
-42
-178
-319
-450
-567
-675
-769
-841
-871
-847
-770
-673
-553
-403
-235
-54
115
271
419
556
670
752
796
805
795
758
692
608
519
437
368
297
225
154
82
17
-47
-100
-146
-179
-196
-214
-238
-271
-295
-299
-292
-284
-274
-262
-254
-256
-274
-300
-314
-315
-306
-287
-278
-262
-230
-185
-123
-50
41
140
242
324
374
402
414
425
405
367
312
238
162
72
-19
-110
-190
-235
-268
-283
-286
-277
-253
-238
-223
-215
-202
-184
-172
-169
-171
-173
-186
-201
-216
-232
-236
-217
-174
-133
-82
-25
38
98
155
205
249
295
338
366
364
350
332
302
275
242
202
175
134
88
36
-25
-83
-127
-164
-202
-237
-265
-276
-275
-260
-215
-150
-65
32
118
196
270
335
389
428
447
454
447
421
368
316
263
223
207
196
199
211
219
244
263
268
270
269
263
247
207
156
84
11
-64
-172
-277
-383
-478
-561
-647
-723
-784
-831
-862
-886
-897
-887
-848
-791
-730
-666
-596
-515
-432
-353
-266
-192
-125
-62
-9
29
57
82
97
111
116
114
103
102
117
147
198
270
352
438
515
590
666
728
780
824
850
864
850
798
724
633
554
485
419
364
312
264
218
180
141
101
65
43
16
-26
-74
-125
-166
-198
-235
-273
-305
-335
-357
-374
-402
-433
-446
-455
-461
-476
-494
-508
-510
-503
-491
-465
-438
-393
-343
-294
-251
-220
-193
-172
-147
-131
-122
-113
-105
-107
-117
-131
-153
-159
-150
-109
-44
39
137
228
316
397
478
557
625
690
732
753
734
681
609
527
446
365
292
223
148
97
47
-10
-55
-98
-128
-156
-186
-227
-270
-317
-358
-385
-413
-443
-471
-491
-512
-530
-549
-557
-551
-529
-499
-465
-428
-382
-327
-259
-181
-95
5
115
225
329
419
488
540
588
628
654
674
688
692
691
669
639
600
556
545
546
558
569
575
575
569
556
526
490
451
403
331
232
100
-44
-186
-327
-460
-582
-696
-802
-880
-934
-977
-997
-1002
-982
-949
-916
-887
-870
-855
-835
-811
-782
-756
-744
-745
-742
-732
-733
-738
-734
-716
-675
-625
-578
-525
-458
-367
-262
-142
-9
155
334
529
726
903
1072
1240
1407
1564
1703
1833
1947
2036
2086
2092
2058
1988
1901
1798
1675
1518
1335
1131
917
690
456
234
20
-183
-374
-572
-763
-945
-1111
-1242
-1352
-1442
-1508
-1555
-1577
-1585
-1569
-1522
-1453
-1367
-1269
-1161
-1060
-957
-870
-786
-699
-606
-518
-431
-355
-288
-225
-167
-112
-66
-16
37
101
155
198
239
278
321
365
413
460
522
594
664
724
766
786
811
840
857
854
841
808
758
693
602
503
410
323
245
161
80
3
-65
-114
-160
-193
-214
-221
-219
-219
-230
-256
-270
-291
-308
-323
-340
-356
-378
-395
-409
-418
-413
-397
-365
-327
-287
-243
-203
-160
-117
-77
-35
18
75
125
157
183
213
230
240
243
241
247
234
220
185
134
96
53
25
-4
-19
-27
-29
-22
-20
-19
-13
17
45
70
90
101
110
110
102
84
71
80
100
109
117
121
131
148
162
180
196
206
216
212
183
139
78
18
-48
-119
-195
-271
-342
-417
-486
-555
-610
-637
-645
-643
-645
-631
-597
-552
-502
-456
-391
-306
-223
-133
-47
29
106
187
261
329
388
438
485
521
535
532
536
530
529
530
527
527
530
535
532
526
515
517
519
505
482
445
392
337
269
187
107
34
-31
-84
-149
-205
-245
-277
-291
-307
-313
-309
-299
-299
-308
-332
-359
-388
-415
-439
-478
-511
-546
-581
-616
-645
-667
-680
-666
-656
-647
-629
-604
-566
-523
-481
-427
-359
-276
-190
-109
-33
41
124
211
291
361
433
509
574
628
670
705
749
795
843
881
916
951
976
999
1001
994
979
958
925
861
778
677
562
430
291
149
2
-136
-265
-396
-514
-624
-717
-783
-837
-881
-911
-920
-920
-928
-934
-937
-934
-921
-908
-886
-870
-845
-813
-778
-738
-697
-638
-569
-494
-418
-352
-289
-222
-158
-85
-11
61
146
235
319
402
480
561
642
719
791
846
898
936
970
992
1000
1010
1025
1043
1062
1083
1100
1119
1138
1141
1135
1129
1108
1065
997
902
777
629
466
292
100
-97
-295
-494
-683
-867
-1036
-1195
-1330
-1451
-1548
-1632
-1699
-1750
-1789
-1814
-1835
-1837
-1823
-1798
-1759
-1705
-1636
-1552
-1448
-1335
-1196
-1038
-868
-682
-494
-297
-90
120
329
541
753
969
1184
1393
1598
1795
1975
2140
2285
2403
2480
2510
2506
2458
2365
2227
2044
1825
1577
1328
1056
782
521
270
36
-186
-384
-569
-733
-881
-1007
-1122
-1227
-1314
-1397
-1456
-1506
-1545
-1552
-1553
-1530
-1482
-1421
-1341
-1242
-1129
-1008
-871
-734
-597
-456
-326
-210
-98
12
111
192
257
311
356
388
407
426
430
428
422
413
395
384
369
345
329
305
283
266
247
224
208
183
174
161
147
138
124
116
107
96
88
83
75
69
71
82
98
123
151
184
224
270
321
370
406
439
473
476
466
448
410
355
291
217
138
47
-40
-128
-209
-278
-346
-400
-445
-480
-513
-537
-556
-571
-587
-604
-622
-633
-652
-667
-691
-705
-725
-737
-745
-745
-743
-729
-697
-654
-590
-522
-435
-339
-229
-117
-3
114
236
344
446
537
625
703
766
823
865
904
928
956
973
989
993
993
986
965
945
918
886
848
807
757
705
651
591
520
444
360
270
171
62
-53
-171
-299
-416
-539
-650
-751
-845
-923
-990
-1039
-1081
-1112
-1136
-1151
-1169
-1184
-1198
-1208
-1205
-1199
-1197
-1183
-1153
-1109
-1052
-982
-902
-803
-691
-562
-425
-282
-132
27
189
354
506
674
820
979
1120
1270
1407
1545
1664
1799
1910
2020
2118
2212
2290
2337
2359
2340
2298
2197
2077
1892
1688
1422
1155
837
541
204
-101
-427
-704
-983
-1217
-1437
-1618
-1777
-1900
-1994
-2067
-2092
-2115
-2084
-2064
-1990
-1927
-1804
-1701
-1556
-1433
-1260
-1111
-934
-782
-606
-449
-291
-142
-6
109
217
316
384
460
497
539
536
552
523
519
487
471
432
408
364
334
296
251
205
155
102
44
-13
-87
-146
-222
-279
-343
-382
-424
-452
-468
-476
-469
-454
-428
-394
-348
-300
-237
-175
-99
-35
52
127
218
304
390
470
551
623
690
754
797
842
873
911
921
941
935
936
914
901
863
828
781
731
665
605
532
463
396
322
259
186
131
57
-2
-70
-123
-196
-249
-318
-373
-442
-494
-553
-604
-658
-703
-744
-785
-815
-849
-869
-893
-903
-920
-922
-922
-903
-883
-843
-797
-731
-655
-562
-454
-351
-245
-131
-27
68
160
235
312
376
439
497
545
587
637
680
722
768
814
863
913
971
1030
1095
1164
1233
1296
1353
1391
1406
1398
1366
1293
1194
1057
891
705
494
267
36
-198
-428
-655
-872
-1063
-1248
-1408
-1561
-1693
-1814
-1922
-2005
-2070
-2121
-2151
-2155
-2141
-2099
-2033
-1947
-1834
-1706
-1561
-1407
-1237
-1055
-873
-677
-484
-281
-79
129
335
550
764
976
1182
1387
1588
1792
1988
2181
2367
2541
2703
2838
2944
3002
3012
2966
2870
2712
2505
2245
1940
1609
1270
915
571
238
-73
-355
-624
-861
-1074
-1267
-1434
-1581
-1708
-1815
-1895
-1952
-1991
-1996
-1982
-1936
-1862
-1772
-1658
-1527
-1391
-1240
-1085
-938
-791
-657
-524
-399
-286
-194
-109
-39
14
46
70
71
53
11
-43
-100
-173
-245
-312
-374
-435
-481
-516
-534
-552
-556
-556
-546
-532
-509
-491
-459
-427
-386
-342
-294
-239
-176
-111
-35
56
147
260
373
517
659
826
997
1179
1360
1550
1734
1912
2085
2242
2386
2508
2609
2687
2728
2736
2710
2638
2530
2368
2172
1934
1665
1353
1031
689
341
-7
-338
-665
-967
-1248
-1510
-1746
-1944
-2119
-2261
-2380
-2481
-2551
-2598
-2613
-2619
-2587
-2537
-2461
-2356
-2240
-2114
-1966
-1809
-1654
-1505
-1362
-1228
-1092
-969
-860
-749
-656
-556
-454
-352
-250
-137
-18
103
222
349
470
602
742
882
1033
1181
1329
1475
1636
1795
1964
2129
2300
2462
2625
2761
2884
2966
3005
2994
2922
2798
2626
2413
2134
1811
1456
1104
745
405
50
-267
-562
-793
-1035
-1226
-1417
-1567
-1711
-1836
-1964
-2045
-2092
-2131
-2155
-2178
-2169
-2134
-2050
-1990
-1899
-1818
-1699
-1584
-1450
-1341
-1212
-1072
-923
-786
-652
-513
-364
-217
-116
-27
44
110
128
130
85
48
17
-14
-72
-122
-157
-167
-148
-145
-134
-108
-63
-37
3
33
94
157
223
254
311
378
450
532
600
689
801
958
1100
1263
1434
1647
1876
2130
2353
2580
2777
2916
2991
3005
2951
2838
2661
2402
2084
1744
1402
1044
675
279
-99
-451
-767
-1068
-1341
-1587
-1812
-1995
-2173
-2327
-2426
-2489
-2534
-2558
-2559
-2535
-2461
-2384
-2311
-2226
-2110
-1982
-1829
-1664
-1519
-1360
-1183
-1003
-833
-671
-548
-427
-327
-243
-179
-119
-88
-60
-36
-20
6
58
111
142
196
238
311
390
477
528
598
665
749
839
902
958
1023
1133
1232
1372
1490
1643
1797
1983
2133
2321
2491
2659
2770
2800
2775
2707
2625
2443
2218
1897
1600
1277
1013
663
360
37
-223
-503
-747
-1006
-1215
-1400
-1597
-1800
-2012
-2157
-2301
-2386
-2520
-2591
-2644
-2598
-2584
-2537
-2534
-2463
-2359
-2210
-2099
-1966
-1799
-1622
-1412
-1236
-1054
-877
-664
-520
-377
-285
-178
-84
11
19
32
60
116
168
221
255
314
420
510
587
664
737
824
928
999
1049
1106
1179
1239
1336
1429
1572
1727
1896
2025
2187
2334
2519
2672
2806
2844
2845
2782
2676
2523
2301
2022
1700
1412
1074
785
454
172
-150
-384
-689
-923
-1172
-1352
-1565
-1732
-1948
-2125
-2256
-2382
-2486
-2594
-2646
-2679
-2613
-2613
-2561
-2544
-2440
-2361
-2212
-2104
-1938
-1764
-1547
-1367
-1192
-1013
-845
-657
-524
-396
-299
-154
-78
-2
-4
9
37
115
174
232
295
377
477
582
684
767
889
984
1095
1176
1270
1342
1443
1524
1620
1724
1860
2010
2157
2298
2431
2590
2742
2874
2936
2936
2858
2747
2606
2395
2129
1791
1451
1103
787
436
115
-223
-515
-825
-1111
-1380
-1614
-1804
-2003
-2188
-2377
-2491
-2598
-2670
-2786
-2831
-2846
-2749
-2684
-2601
-2568
-2476
-2373
-2216
-2081
-1934
-1752
-1547
-1339
-1167
-1000
-865
-691
-561
-426
-321
-170
-74
0
0
6
38
130
220
285
352
432
556
698
823
908
1014
1120
1245
1343
1431
1511
1616
1724
1807
1914
2026
2178
2327
2490
2622
2793
2959
3077
3103
3044
2941
2822
2681
2429
2098
1701
1350
978
648
236
-114
-470
-735
-1051
-1317
-1582
-1769
-1942
-2096
-2269
-2398
-2465
-2534
-2610
-2711
-2745
-2715
-2594
-2545
-2491
-2457
-2338
-2215
-2062
-1977
-1853
-1691
-1482
-1309
-1149
-1031
-919
-801
-717
-653
-580
-487
-431
-421
-455
-468
-424
-331
-263
-215
-147
-13
171
355
491
620
779
976
1157
1338
1480
1665
1858
2059
2218
2385
2561
2775
2961
3159
3321
3530
3708
3804
3769
3651
3499
3350
3120
2764
2333
1876
1463
1029
591
110
-306
-676
-975
-1335
-1628
-1912
-2098
-2293
-2468
-2673
-2792
-2891
-2965
-3076
-3156
-3181
-3110
-3009
-2942
-2872
-2759
-2577
-2400
-2230
-2111
-1929
-1694
-1430
-1240
-1074
-963
-820
-712
-614
-575
-507
-440
-413
-402
-407
-371
-273
-172
-107
-18
102
297
492
672
787
959
1142
1364
1538
1715
1876
2081
2305
2484
2639
2814
2990
3184
3381
3552
3741
3899
3996
3928
3807
3609
3420
3148
2773
2278
1795
1326
866
382
-111
-598
-975
-1314
-1663
-1965
-2254
-2451
-2637
-2802
-3015
-3135
-3220
-3266
-3335
-3360
-3358
-3244
-3122
-3014
-2938
-2781
-2602
-2384
-2191
-2046
-1839
-1593
-1355
-1168
-1044
-946
-841
-732
-666
-669
-640
-631
-608
-607
-596
-561
-442
-319
-201
-57
140
362
628
799
983
1164
1427
1668
1889
2090
2273
2517
2768
2969
3165
3358
3572
3825
4048
4260
4422
4570
4539
4456
4245
4029
3733
3358
2846
2269
1721
1191
651
119
-451
-956
-1359
-1772
-2102
-2463
-2716
-2971
-3140
-3377
-3533
-3656
-3713
-3785
-3803
-3819
-3726
-3602
-3436
-3350
-3201
-3011
-2788
-2508
-2311
-2104
-1854
-1572
-1328
-1139
-1012
-903
-800
-701
-688
-669
-673
-656
-664
-653
-658
-591
-452
-338
-176
11
229
505
741
939
1130
1358
1625
1880
2142
2344
2589
2866
3118
3347
3568
3800
4063
4354
4618
4801
4980
5009
4962
4808
4561
4280
3884
3411
2786
2200
1595
1003
420
-158
-774
-1237
-1740
-2120
-2515
-2804
-3142
-3357
-3588
-3803
-3934
-4033
-4136
-4158
-4154
-4092
-3965
-3793
-3639
-3510
-3306
-3108
-2807
-2575
-2333
-2108
-1857
-1599
-1366
-1186
-1086
-999
-897
-868
-827
-801
-784
-792
-775
-731
-683
-546
-394
-204
41
240
538
812
1070
1318
1550
1794
2058
2350
2624
2878
3134
3373
3598
3859
4095
4311
4547
4853
5036
5220
5261
5176
4966
4747
4444
4022
3521
2869
2249
1666
1066
457
-114
-753
-1245
-1750
-2118
-2579
-2857
-3222
-3462
-3746
-3930
-4079
-4195
-4293
-4333
-4401
-4352
-4254
-4089
-3943
-3858
-3632
-3434
-3151
-2900
-2646
-2446
-2115
-1831
-1585
-1345
-1155
-996
-876
-849
-767
-763
-681
-627
-636
-630
-608
-459
-265
-116
91
304
576
856
1092
1349
1603
1840
2055
2325
2554
2853
3148
3400
3672
3965
4242
4536
4861
5211
5429
5637
5729
5703
5510
5287
4986
4586
4061
3373
2723
2075
1413
728
85
-603
-1126
-1749
-2164
-2646
-3001
-3443
-3746
-4065
-4274
-4471
-4623
-4795
-4899
-4909
-4846
-4727
-4596
-4441
-4298
-4046
-3833
-3482
-3169
-2851
-2585
-2280
-1995
-1724
-1491
-1339
-1262
-1102
-994
-953
-902
-861
-820
-726
-608
-424
-209
19
246
447
713
981
1201
1460
1701
1916
2093
2329
2563
2775
2955
3203
3440
3724
3972
4204
4482
4849
5149
5407
5641
5628
5586
5404
5237
4913
4521
3969
3309
2643
2023
1354
705
79
-524
-1075
-1665
-2089
-2552
-2865
-3239
-3550
-3886
-4138
-4345
-4444
-4668
-4814
-4898
-4867
-4767
-4676
-4641
-4471
-4250
-3970
-3693
-3407
-3106
-2837
-2529
-2184
-1952
-1800
-1658
-1573
-1363
-1220
-1097
-1040
-956
-902
-817
-702
-476
-264
-46
278
87
-319
559
1419
1081
1467
2242
2476
3177
3764
3963
4287
4685
4990
5421
5879
5989
6461
7242
7645
7807
7315
6406
6065
4848
3023
1875
1231
48
-526
-459
-1138
-1901
-2426
-3049
-3361
-3373
-3417
-2745
-1614
-641
-362
-332
-499
-886
-1329
-1741
-2026
-2053
-2027
-1896
-2277
-3126
-4327
-5538
-6187
-6553
-6840
-6723
-6236
-5813
-5664
-5967
-6737
-6867
-6269
-5515
-4244
-2672
-978
285
1158
1749
1787
1855
2214
2519
2898
2841
2641
2655
2617
2204
1888
2289
3294
4553
5806
6997
8185
9032
9646
9947
10504
11263
12214
13756
11671
7223
4390
516
-4407
-7309
-9299
-10115
-9200
-7469
-6083
-5362
-4500
-3039
-716
1300
2759
5229
7392
8524
7443
4143
1110
-1445
-4319
-6643
-7728
-8260
-8255
-7692
-8050
-8675
-8611
-7838
-5919
-3678
-1762
-65
1618
2368
2061
1011
-325
-833
-653
-1555
-3077
-4108
-4979
-5761
-6460
-6801
-5910
-4151
-2050
105
1314
1978
2535
2833
3115
3013
2971
3603
4620
5402
5554
5735
6462
7595
8507
9381
10519
11734
13179
13865
15082
13193
6887
2641
-551
-6280
-10751
-12376
-12590
-11115
-9154
-6076
-3490
-1071
1805
5069
7384
8273
9292
9491
8629
6055
563
-4545
-7854
-10885
-14002
-15116
-14558
-12915
-10263
-8025
-5963
-3261
-126
2767
4978
6335
6838
6596
5066
2617
-288
-4064
-7539
-9748
-11365
-12761
-12853
-11434
-8778
-6065
-3581
-547
2649
5149
6639
7332
7410
6940
5762
4312
3099
2096
1412
1258
2009
3284
4547
5803
7604
9355
10844
11646
12892
13961
15456
15708
9956
3216
-263
-5660
-12219
-14578
-14562
-12393
-10085
-5652
-1271
983
2853
5818
8637
9349
9699
9652
8758
6824
1528
-5359
-10108
-12913
-15531
-17011
-16045
-13395
-9638
-6332
-3569
-827
2103
4948
7013
8160
8118
6992
4380
758
-2756
-6791
-10530
-12817
-13408
-13497
-13662
-12443
-9137
-5847
-2595
644
3858
7480
8986
9127
8352
6536
4768
2581
491
-374
-980
-1205
-356
1124
2977
4770
6367
8899
11156
12667
13867
15355
16520
17923
16795
9476
2372
-1503
-7800
-14679
-16780
-15885
-13442
-11006
-5899
-1089
1454
3596
7038
9598
10187
10423
10012
8771
6149
245
-6988
-11634
-14166
-16616
-17436
-15570
-11818
-7324
-3488
-241
2616
5400
7704
8819
8779
7869
5822
2003
-2513
-6700
-11648
-16080
-17608
-16659
-15050
-12835
-9104
-4210
42
3043
5239
7231
8830
8967
7771
5525
3198
1267
-720
-2224
-2635
-2069
-717
1460
4053
6823
9023
10605
12378
13942
14560
15113
15698
17436
16098
7884
242
-3737
-10172
-16714
-18472
-16435
-13176
-9831
-3618
905
3234
5435
8350
10110
10510
10597
9695
8105
5300
-852
-8165
-13437
-16022
-17634
-17539
-15108
-10644
-5390
-932
2087
4463
7118
9228
9998
9317
7883
5379
1310
-3591
-7807
-11845
-15976
-17423
-15907
-13856
-11409
-8111
-3992
46
2328
4065
5685
6821
7562
6686
4308
2096
3
-1797
-2876
-3189
-2221
-832
1145
3731
6252
8120
9621
11191
12863
14127
14895
15634
16841
18360
13676
4031
-1568
-5650
-13380
-18190
-17716
-14221
-11574
-7150
-933
2581
4472
6856
9580
10412
10462
9961
8181
5979
1789
-5593
-12564
-16201
-17574
-18279
-16765
-12668
-6926
-1403
2758
5389
7594
9476
10296
9417
7454
5201
1500
-3523
-8368
-12389
-16220
-18772
-17830
-14968
-11871
-7893
-3144
1500
5101
6669
7525
7693
7444
6393
3755
802
-1408
-2939
-3861
-4148
-3450
-1466
1130
3663
6607
9007
10889
12123
13060
13922
14400
14714
15400
17063
13345
4121
-2169
-6061
-13073
-17881
-17829
-13844
-10321
-5861
728
4251
5819
7672
9861
10390
10182
9631
7983
5566
1442
-5416
-12384
-16425
-17842
-17992
-16183
-12085
-6339
-583
3652
5890
7573
9013
9573
8470
6253
3875
489
-4404
-9096
-12440
-15081
-16778
-15597
-12527
-9638
-6688
-3133
678
3574
4937
5635
6002
5992
5422
3340
256
-1889
-3194
-4059
-4119
-3166
-1206
1120
3597
5924
8006
9486
10706
11723
12888
13730
14532
15230
16748
16562
9159
414
-3815
-9143
-16358
-18909
-16340
-12034
-8999
-2987
2618
5398
7142
9572
11061
10787
10339
9030
6636
3310
-2358
-9791
-15492
-17804
-18241
-17354
-14116
-8511
-2118
3223
6440
8164
9533
10082
9198
6626
3616
539
-3630
-8828
-13330
-16670
-18730
-18344
-14865
-10208
-5501
-813
3657
6942
8063
7375
5812
4396
2980
1067
-1563
-3739
-4475
-4282
-3822
-2932
-781
2307
5198
7772
10052
11702
12559
12671
12506
12296
12317
12465
14139
12937
5371
-1705
-5094
-10677
-16316
-16786
-12998
-9137
-5462
1336
5705
6738
7473
9383
9684
8729
8158
6999
4984
1515
-4273
-10958
-15684
-17409
-17332
-15484
-11648
-5970
-40
4544
6890
7756
8406
8573
7341
4832
2165
-796
-4804
-9044
-12247
-15120
-17131
-16190
-12385
-8267
-4509
-424
3581
6077
6517
5810
4380
2941
1962
706
-1394
-3288
-3828
-3574
-2878
-1674
198
2782
5561
7861
9483
10676
11337
11606
11798
11708
12345
12672
13846
13073
6120
-1205
-4946
-9967
-15215
-16313
-13129
-9057
-5753
203
4632
6194
6774
8792
9627
8799
7890
6583
4441
900
-4502
-10854
-15503
-17180
-16619
-14602
-10833
-5200
800
5458
7908
8835
9039
8676
7191
4605
1444
-1879
-5680
-9790
-13389
-16199
-17269
-15713
-11847
-7124
-2673
1243
4592
6476
6718
5378
3310
1558
431
-588
-2192
-3620
-3787
-3126
-2346
-1092
836
3634
6250
8447
10004
10703
11058
10993
10731
10471
10623
10985
12758
11833
4976
-1506
-4563
-9339
-14275
-14747
-11196
-7687
-4659
1042
5227
6100
5970
7594
8419
7691
6483
5127
3295
142
-5280
-11248
-15208
-16446
-15523
-13061
-9103
-3680
1928
6075
8082
8556
8507
8048
6513
3820
904
-2344
-6150
-10163
-13741
-16134
-16786
-14622
-10314
-5317
-808
3038
5774
7057
6827
5028
2769
819
-322
-1228
-2565
-3897
-3892
-3017
-2061
-726
1410
4196
6604
8497
9428
9738
10006
10064
9777
9775
10363
11476
13128
10709
3674
-2039
-5492
-10632
-14297
-13656
-9755
-6681
-3198
2160
5336
5601
5625
7457
8065
7287
6091
4972
3021
-777
-6569
-12252
-15725
-16536
-15041
-12172
-7856
-2114
3516
7037
8348
8574
8214
7343
5511
2824
-221
-3626
-7558
-11196
-14169
-15944
-15660
-12676
-7990
-3110
1182
4401
6416
7109
6301
4132
1882
247
-613
-1639
-3082
-4068
-4028
-3181
-1939
-154
2292
5149
7382
8760
9309
9352
9270
9243
9188
9470
10131
10877
12479
10319
3300
-2252
-5292
-9737
-13159
-12799
-9087
-6219
-3315
1355
4356
4809
4889
6800
7696
7116
5942
4509
2409
-1126
-6527
-12079
-15458
-16075
-14639
-11944
-7829
-2305
3133
6656
8212
8642
8424
7556
5568
2486
-955
-4891
-9675
-13159
-14449
-14583
-13371
-9897
-4684
-58
2600
4470
5612
5556
4364
2595
927
-386
-1198
-1919
-2836
-3451
-3245
-2430
-857
1281
3649
5982
7658
8629
8795
8548
8213
8012
7877
8459
9316
10396
11906
9006
2428
-1848
-4578
-9256
-12111
-11333
-7991
-6009
-3278
951
3469
4044
4760
6895
7598
7153
6087
4508
2053
-1889
-7200
-12013
-14635
-14974
-13534
-10918
-6880
-1533
3333
6208
7467
8122
8218
7355
5033
1878
-1478
-5291
-9873
-13276
-14510
-14269
-12658
-8961
-3952
382
3061
4827
5855
5579
4050
2111
624
-558
-1371
-2290
-3186
-3312
-2559
-1593
-27
2214
4758
6819
8040
8481
8490
8501
8154
7841
7580
8196
8883
10183
10800
6542
319
-2905
-5779
-9670
-11316
-9673
-6441
-4817
-1727
1449
2978
3117
4456
6420
6736
6032
4956
3631
992
-3465
-8584
-12415
-13850
-13490
-11646
-8831
-4785
68
4009
6055
6889
7453
7631
6707
4133
829
-2796
-6845
-10599
-12714
-13025
-12160
-9895
-5826
-1705
1084
2494
3501
4007
3536
2163
745
-174
-870
-1417
-2259
-2892
-2693
-1618
-400
1422
3673
5758
7139
7884
7997
7757
7430
7275
7476
7502
8124
9000
10545
9887
4772
-366
-3030
-6301
-9144
-9824
-7731
-5486
-4116
-1232
1128
2223
2530
4477
6159
6339
5370
4065
2215
-975
-5520
-9854
-12491
-13073
-12098
-10157
-7422
-3591
705
3855
5519
6499
7210
7307
5719
2707
-653
-4387
-8306
-11120
-12151
-11739
-10424
-7543
-3437
-170
1739
2725
3524
3623
2840
1559
498
-269
-887
-1517
-2192
-2275
-1719
-547
646
2297
4320
6173
7182
7482
7393
7331
7147
7009
7043
7304
7848
9085
10601
8196
2570
-1049
-3365
-6678
-8770
-8498
-6266
-4990
-3024
-283
1151
1417
2607
4897
5961
5615
4736
3531
1305
-2384
-7024
-10684
-12218
-12140
-10808
-8734
-5852
-2207
1409
3834
5193
5975
6588
6378
4317
1067
-2544
-6017
-8908
-10547
-10882
-10078
-8387
-5125
-1943
288
1481
2092
2697
2584
1782
767
76
-507
-935
-1652
-2065
-1820
-821
568
1780
3344
5172
6529
7166
7210
6931
6873
6788
6782
7048
7436
8103
9947
10262
6078
709
-2036
-4626
-7541
-8715
-7510
-5458
-4312
-1972
250
1266
1499
3360
5504
6096
5199
3913
2422
-162
-4385
-8838
-11345
-11930
-11238
-9756
-7585
-4371
-748
2148
4007
5154
5902
6014
5071
2920
-245
-3925
-7356
-9618
-10419
-10316
-9260
-6699
-3144
-310
1287
1978
2456
2549
1893
944
151
-390
-809
-1211
-1556
-1527
-990
240
1683
3186
4653
6041
6984
7368
7089
6839
6785
6691
6713
6957
7386
8674
10133
8135
2952
-734
-2918
-5773
-7509
-7469
-5803
-4738
-3287
-1134
188
586
1749
4176
5594
5464
4427
2970
1086
-2419
-6827
-10078
-11299
-11182
-10205
-8691
-6453
-3153
35
2279
3643
4642
4994
4445
3077
1017
-1656
-4517
-6881
-7971
-8591
-8621
-7302
-4835
-2171
-379
549
1170
1570
1427
984
499
352
300
188
-65
-119
142
712
1618
2693
3880
4898
6001
6629
6713
6553
6350
6354
6339
6693
7498
8630
10433
10168
5729
1096
-1650
-4490
-6862
-7906
-6657
-5338
-4370
-2325
-663
164
881
2957
4872
5403
4840
3596
1855
-1016
-5094
-8887
-10835
-11164
-10735
-9491
-7579
-4816
-1635
845
2599
3745
4115
3861
3062
1674
-342
-2793
-5280
-6974
-8009
-8529
-7885
-5909
-3325
-1193
76
853
1249
1172
848
442
267
183
223
271
241
474
887
1578
2490
3603
4679
5542
6390
6934
7020
6422
5842
6044
6342
6928
7885
9958
10388
6576
2286
-330
-3274
-5825
-6777
-5929
-4699
-4316
-2516
-972
-304
352
1998
3728
4635
4602
3690
2249
-58
-3601
-7234
-9528
-10254
-10262
-9517
-8055
-5845
-3104
-681
1172
2123
2435
2820
2799
1974
709
-1061
-3174
-5194
-6697
-7471
-7643
-6495
-4344
-2320
-1003
-296
495
816
741
669
534
578
876
1140
966
955
1407
1983
2458
2960
3777
4689
5526
6367
6765
6550
6234
6435
6488
6700
7467
9034
10207
7621
3126
220
-2317
-4969
-6132
-6169
-5251
-4759
-3112
-1195
-534
-39
1524
3427
3977
3840
3269
2087
321
-2422
-5868
-8313
-9442
-9812
-9523
-8476
-6777
-4376
-1848
-36
1040
1614
2187
2553
2197
1210
-344
-2157
-4082
-5456
-6605
-7291
-6571
-4709
-2893
-1714
-861
121
835
748
677
799
965
1091
1459
1734
1680
1800
2193
2784
3227
3735
4369
5369
6507
6933
6775
6271
6207
6690
7292
8072
9797
9589
5925
2312
-319
-3008
-5270
-6236
-5511
-4830
-4801
-3100
-1217
-493
250
1887
3087
3074
2933
2702
1818
-348
-3296
-5934
-7760
-9105
-9803
-9547
-8258
-6102
-3853
-2145
-826
251
1135
1870
2111
1660
760
-628
-2367
-3818
-4863
-5788
-6150
-5384
-4050
-3040
-2296
-1138
91
636
428
442
839
998
1029
1433
2077
2402
2558
2861
3469
3964
4163
4661
5616
6429
6933
6684
6420
6493
7047
7755
8861
9998
8109
4000
1484
-466
-3108
-4858
-5611
-4773
-4686
-4409
-2886
-1402
-515
770
2321
2560
2201
1975
1738
933
-1534
-4459
-6249
-7398
-8772
-9444
-8898
-7325
-5308
-3583
-2163
-882
212
1355
2050
1970
1092
-85
-1267
-2586
-3618
-4526
-5032
-4818
-4324
-3760
-3024
-2062
-739
157
505
593
574
631
626
952
1419
2016
2703
2961
3150
3470
4028
4599
5135
5772
6292
6625
6545
6442
6669
7090
7735
8899
8470
5321
2217
661
-1102
-2841
-4223
-4841
-4747
-4756
-3649
-2221
-1303
-46
1666
2412
1967
1338
934
903
39
-2486
-5088
-6548
-7532
-8386
-8466
-7828
-6636
-5034
-3122
-1788
-971
1
1401
2061
1277
115
-928
-2026
-2641
-3088
-3725
-4026
-3951
-3323
-3069
-2721
-1641
-483
227
508
597
449
382
694
1355
1639
1994
2700
3448
3959
3977
4227
5097
5818
6183
6294
6121
6552
6696
7122
8006
8594
8374
5915
2657
985
-518
-2295
-2980
-3708
-4416
-4995
-4363
-2739
-1337
-399
988
2144
1669
1060
807
316
-328
-2031
-4267
-6035
-7207
-8118
-8239
-7626
-6655
-5218
-3922
-2607
-1345
-387
422
1274
1327
407
-761
-1767
-2399
-2808
-3236
-3375
-3384
-3420
-3217
-2738
-1902
-854
-38
316
509
750
748
785
1282
1941
2251
2506
3265
4089
4410
4407
4905
5813
6213
6410
6493
6306
6469
6982
7566
8440
8875
6425
2700
1186
294
-1386
-2510
-3277
-3695
-4478
-4729
-3210
-1923
-1089
633
1859
1201
351
385
269
-175
-1889
-4456
-5936
-6937
-7964
-8373
-7796
-6530
-5224
-4333
-3391
-2048
-749
380
1365
1217
223
-894
-1482
-1964
-2436
-2724
-2933
-2772
-2779
-3004
-2537
-1549
-539
76
88
261
402
440
860
1321
1569
1707
2190
2939
3624
3926
4494
5219
5668
5934
5972
6242
6472
6324
6725
7368
7935
8304
6300
3136
1315
274
-1195
-2116
-2962
-3737
-4202
-4009
-2893
-1838
-1406
-51
1310
974
280
258
264
-315
-1768
-4148
-5794
-6773
-7594
-7609
-6884
-6219
-5460
-4467
-3205
-1879
-836
173
983
890
-261
-1123
-1356
-1765
-2020
-2283
-2478
-2506
-2747
-2524
-1665
-961
-523
-250
32
255
457
706
881
1183
1214
1283
1747
2403
3244
4167
4933
5424
5540
5554
6106
6596
6635
6842
7153
7436
8013
7551
4976
2422
1076
-181
-1480
-2763
-3786
-3932
-4012
-3364
-2127
-1683
-894
452
1098
874
724
613
392
-652
-2707
-4706
-6045
-7174
-7752
-7579
-7011
-6222
-5302
-4136
-2724
-1493
-685
259
728
375
-328
-851
-1200
-1629
-1955
-2354
-2466
-2477
-2302
-1717
-1103
-693
-331
-79
135
274
375
739
1205
1329
1177
1378
1831
2582
3519
4500
5004
5395
5664
6089
6535
6653
6723
6832
7038
7463
7845
6500
3592
1663
824
-824
-2221
-3380
-3975
-4168
-4086
-3167
-2019
-1499
-458
971
1237
810
806
877
154
-1370
-3530
-5124
-6191
-7441
-8192
-7861
-7284
-6549
-5259
-3683
-2428
-1552
-548
562
777
155
-155
-395
-967
-1622
-1863
-2100
-2454
-2271
-1789
-1152
-649
-451
-108
349
492
652
685
829
1151
1227
1373
1668
2257
2840
3526
4308
4820
5372
6118
6483
6782
6597
6540
6993
7207
7759
7267
4636
2417
1530
116
-1276
-2670
-4082
-4362
-4204
-3757
-2717
-2227
-1449
-66
454
456
1138
1252
684
-426
-2492
-4109
-4950
-5955
-7060
-7784
-7844
-7327
-6245
-4789
-3541
-2269
-937
102
702
577
402
611
78
-691
-1020
-1603
-1946
-1915
-1828
-1576
-1275
-815
-297
-5
214
628
953
1144
1203
1201
1296
1694
2247
2494
2854
3558
4046
4541
5175
5653
6024
6218
6393
6856
6853
7280
7213
4843
3019
2592
1292
-389
-2143
-4049
-4266
-4441
-4027
-3058
-2658
-2285
-912
-297
74
1176
1621
1402
495
-1614
-3308
-3829
-4692
-6029
-7158
-7707
-7452
-6789
-5928
-4628
-3316
-2122
-703
266
452
634
906
781
78
-422
-708
-1083
-1192
-1277
-1343
-1091
-973
-522
-82
32
395
713
1013
1150
1252
1463
1595
1831
2127
2667
3408
3906
4214
4539
4940
5603
6172
6440
6769
6999
7426
7037
4980
3079
2270
1630
450
-1581
-3792
-4492
-4593
-3949
-3326
-3262
-2958
-1718
-873
-345
377
1137
1514
903
-837
-2353
-3162
-3793
-4697
-6182
-7289
-7264
-6486
-5635
-5022
-4291
-3297
-1961
-736
-114
531
993
902
542
0
-163
-192
-443
-568
-915
-1203
-988
-639
-310
-112
-13
254
588
989
1389
1767
2023
2026
2136
2514
3328
4141
4611
4706
4894
5022
5541
6292
6758
6832
7176
7234
5095
3107
2562
2017
575
-1165
-3193
-4017
-4497
-4173
-3355
-3242
-3455
-2604
-1349
-1155
-45
837
807
512
-707
-1889
-2247
-2897
-4058
-5329
-6881
-7247
-6265
-5601
-5231
-4961
-4211
-2879
-1603
-843
-113
713
817
706
574
432
503
532
277
-279
-699
-692
-242
56
-113
-117
-3
202
528
1009
1536
1884
1937
1880
2097
2694
3498
4113
4305
4374
4586
5126
5680
6232
6561
6919
7395
5914
3801
3154
2545
1261
-300
-2476
-3576
-3932
-4010
-3632
-3344
-3542
-2865
-1773
-1479
-692
166
321
326
-492
-1651
-1968
-2307
-3354
-4519
-5911
-6482
-5865
-5329
-5239
-5209
-4711
-3488
-2197
-1460
-944
-373
153
358
596
773
872
954
646
211
-83
-148
94
243
-114
-364
-147
211
503
714
1009
1402
1722
1951
2245
2630
3144
3626
3964
4062
4455
5088
5427
5707
6102
6497
7282
6924
4558
3390
3192
2134
800
-1349
-3358
-3549
-3637
-3910
-3470
-3959
-3701
-2370
-1835
-1446
-453
-19
64
-144
-1347
-1879
-1825
-2598
-3678
-4967
-6032
-5717
-4859
-4980
-5328
-5174
-4203
-2746
-1901
-1512
-1051
-443
-120
268
752
946
1088
1037
661
315
264
391
598
143
-404
-258
92
449
751
874
992
1297
1645
2045
2521
3032
3389
3576
3614
3889
4787
5354
5483
5684
5838
6554
7321
5884
3920
3677
2843
1667
186
-2324
-3402
-3085
-3627
-3667
-3914
-4467
-3067
-1913
-1835
-1189
-483
-394
-21
-642
-1893
-1789
-2170
-3212
-4151
-5296
-5649
-4784
-4501
-5168
-5378
-4871
-3465
-2095
-1815
-1825
-1284
-683
-122
523
671
679
907
815
615
697
699
691
480
-156
-322
183
458
648
801
858
1064
1421
1748
2251
2664
2991
3441
3575
3457
4133
4761
5034
5204
5406
5987
6669
6892
5441
4164
3622
3012
1792
22
-2234
-2882
-2960
-3441
-3624
-4301
-4365
-3291
-2306
-2063
-1359
-757
-574
-303
-952
-1608
-1761
-2198
-3056
-4050
-4910
-4966
-4354
-4552
-5136
-5194
-4489
-3176
-2177
-2037
-2162
-1632
-825
-108
324
326
443
762
818
831
914
925
843
547
-31
-64
360
688
885
823
731
1044
1602
2034
2355
2507
3063
3504
3591
3978
4363
4681
5017
5126
5531
6190
6912
6466
4648
3913
3732
2796
1243
-856
-2322
-2842
-3034
-3461
-3834
-4522
-4234
-3033
-2541
-2086
-1319
-819
-614
-650
-1334
-1779
-1860
-2464
-3537
-4482
-4844
-4608
-4380
-4867
-5261
-4612
-3580
-2591
-2179
-2350
-2068
-1247
-536
-73
133
-80
209
754
785
948
1050
962
962
594
335
573
783
898
918
900
994
1443
1872
2090
2303
2601
3143
3615
3944
4302
4644
4833
5217
5493
5870
6591
6480
5151
4327
4173
3431
2104
95
-1668
-2076
-2557
-3174
-3570
-4410
-4519
-3592
-3077
-2744
-2103
-1579
-1210
-901
-1336
-1660
-1541
-2106
-2966
-3848
-4568
-4507
-4343
-4841
-5350
-4965
-4068
-2958
-2611
-2680
-2334
-1578
-797
-262
14
-50
153
399
637
759
953
1001
930
792
443
685
1023
1024
942
929
1169
1505
1876
2133
2334
2654
3058
3379
3772
4147
4603
5010
5140
5437
5881
6356
6438
5450
4591
4628
4178
2772
942
-733
-1496
-1702
-2570
-3501
-4185
-4469
-3757
-3136
-3245
-2828
-2159
-1726
-1349
-1542
-1914
-1687
-1805
-2643
-3426
-4120
-4239
-4068
-4602
-5379
-5313
-4542
-3435
-3006
-3228
-3031
-2269
-1282
-634
-329
-272
-94
332
683
836
879
970
1050
947
695
681
986
1115
1007
1011
1121
1380
1797
1986
2207
2561
3005
3449
3595
3826
4269
4697
5107
5321
5584
6045
6345
5674
4700
4497
4196
3216
1800
20
-954
-1095
-1954
-2677
-3519
-4181
-3720
-3112
-3145
-2962
-2583
-2316
-1750
-1754
-2286
-2124
-2209
-2666
-3107
-3684
-3883
-3731
-4084
-4748
-4947
-4460
-3667
-3147
-3204
-3335
-2662
-1837
-1233
-710
-549
-291
140
493
708
881
1024
1132
1163
994
858
1066
1173
1132
1242
1395
1541
1714
1776
1904
2411
2944
3249
3363
3506
4013
4598
4922
5082
5415
5942
6451
5972
4821
4605
4392
3345
2142
365
-849
-782
-1590
-2617
-3256
-4116
-3909
-3073
-3246
-3397
-2756
-2558
-2046
-1706
-2464
-2397
-2177
-2725
-3092
-3418
-3770
-3508
-3603
-4450
-4715
-4249
-3656
-3191
-3259
-3557
-2932
-2041
-1593
-1086
-802
-478
206
673
829
999
1214
1332
1504
1366
1124
1253
1306
1165
1219
1416
1670
1940
1879
1867
2272
2925
3325
3391
3466
3818
4516
4966
4964
5076
5542
6192
5807
4792
4618
4145
3334
2327
433
-600
-751
-1627
-2319
-3079
-4019
-3676
-2972
-3164
-3319
-2955
-2891
-2098
-1852
-2617
-2488
-2493
-3019
-3146
-3568
-3845
-3493
-3603
-4226
-4334
-4034
-3519
-2991
-3167
-3388
-2895
-2279
-1887
-1453
-1260
-933
-244
287
675
961
1115
1272
1525
1477
1459
1637
1487
1330
1350
1486
1840
2052
1844
1847
2159
2627
3114
3233
3309
3651
4210
4822
5083
5262
5525
6071
5985
5115
4844
4475
3530
2492
1033
-280
-555
-1378
-2381
-3010
-3624
-3758
-3071
-2982
-3353
-2989
-2849
-2536
-2023
-2423
-2678
-2495
-2880
-3292
-3397
-3649
-3610
-3479
-3963
-4190
-3928
-3482
-3072
-2999
-3146
-2868
-2259
-1817
-1518
-1192
-850
-402
208
615
869
1146
1310
1438
1495
1433
1522
1578
1386
1326
1592
1885
2067
2046
1920
2162
2653
2937
3079
3169
3351
3897
4509
4753
4997
5396
5849
5475
4946
4805
4240
3507
2296
658
-78
-429
-1461
-2274
-3229
-3852
-3497
-3107
-3312
-3276
-3067
-2882
-2375
-2297
-2778
-2640
-2620
-2948
-3269
-3598
-3647
-3341
-3503
-4010
-4028
-3735
-3183
-2856
-3032
-3074
-2514
-2052
-1702
-1360
-1129
-637
-23
343
665
1025
1240
1540
1675
1640
1750
1878
1855
1761
1708
1826
2128
2318
2285
2237
2476
2792
3029
3173
3149
3381
3895
4253
4591
4960
5390
5566
5004
4792
4761
4000
3113
1801
373
-147
-733
-1768
-2540
-3408
-3974
-3537
-3391
-3637
-3332
-3137
-3002
-2477
-2612
-2957
-2717
-2973
-3377
-3576
-3830
-3741
-3513
-3830
-4203
-4023
-3694
-3234
-2904
-3098
-2988
-2389
-2056
-1672
-1337
-1142
-508
90
421
839
1186
1416
1684
1750
1769
1981
2168
2120
2029
1972
2070
2345
2492
2472
2478
2732
3000
3252
3420
3440
3736
4189
4436
4726
5140
5623
5538
5089
4972
4715
4102
3247
1762
645
66
-794
-1663
-2516
-3383
-3725
-3451
-3582
-3699
-3457
-3374
-3099
-2838
-3105
-3172
-2978
-3277
-3753
-3958
-4199
-4078
-3848
-4116
-4406
-4184
-3902
-3558
-3222
-3273
-3030
-2491
-2210
-1780
-1401
-1059
-438
98
470
942
1323
1593
1810
1806
1894
2064
2159
2168
2071
2063
2190
2371
2498
2511
2613
2832
3048
3258
3415
3554
3895
4148
4286
4662
5150
5435
5144
4813
4682
4384
3849
2892
1616
812
128
-697
-1538
-2405
-3105
-3268
-3236
-3501
-3486
-3326
-3247
-2942
-2992
-3192
-3029
-2895
-3173
-3570
-3834
-4037
-3875
-3752
-4019
-4183
-4027
-3803
-3544
-3289
-3209
-2937
-2475
-2214
-1832
-1343
-945
-382
171
504
959
1394
1623
1810
1896
1940
2086
2165
2113
2101
2104
2186
2345
2414
2509
2633
2811
3035
3152
3360
3610
3822
4008
4233
4529
5000
5136
4628
4508
4286
3686
3279
2320
1013
675
-143
-1154
-1435
-2452
-3059
-2788
-3229
-3396
-3119
-3221
-3215
-2796
-3129
-3363
-2825
-3128
-3327
-3354
-3878
-3921
-3681
-3740
-3876
-3835
-3761
-3732
-3307
-3117
-3037
-2595
-2315
-2084
-1499
-1062
-726
-70
360
701
1246
1565
1762
1998
2088
2144
2250
2325
2348
2348
2413
2390
2478
2619
2666
2773
2894
2937
3084
3279
3448
3610
3793
4006
4318
4603
4532
4290
4119
3682
3192
2612
1590
880
199
-596
-1194
-1795
-2451
-2694
-2824
-3070
-3073
-3023
-3144
-2990
-3044
-3296
-3251
-3292
-3445
-3515
-3732
-3942
-3958
-3891
-3883
-3825
-3759
-3735
-3566
-3271
-3044
-2782
-2489
-2250
-1792
-1250
-808
-328
127
572
1091
1520
1837
2023
2180
2311
2398
2459
2505
2543
2574
2576
2554
2590
2685
2759
2873
2895
2930
3075
3204
3364
3512
3648
3856
4125
4238
4208
4027
3672
3264
2833
2141
1420
710
-28
-626
-1174
-1736
-2122
-2349
-2541
-2689
-2747
-2840
-2884
-2931
-3121
-3309
-3416
-3551
-3677
-3784
-3971
-4077
-4056
-4002
-3920
-3786
-3716
-3611
-3398
-3141
-2839
-2549
-2347
-2022
-1577
-1056
-525
-132
232
662
1112
1556
1841
1986
2098
2199
2286
2363
2434
2454
2480
2512
2491
2534
2619
2680
2801
2876
2925
3039
3157
3280
3436
3560
3717
3951
4101
4085
3901
3539
3186
2851
2362
1762
1071
397
-157
-663
-1139
-1568
-1884
-2100
-2341
-2503
-2648
-2839
-2971
-3211
-3512
-3676
-3837
-4039
-4183
-4374
-4515
-4463
-4380
-4329
-4171
-4058
-3911
-3624
-3321
-3041
-2720
-2456
-2141
-1675
-1117
-635
-201
160
497
940
1388
1666
1869
1971
2054
2218
2396
2493
2570
2650
2713
2820
2922
2949
3031
3157
3240
3344
3394
3424
3552
3673
3745
3890
4043
4162
4193
3955
3549
3229
2897
2481
1934
1182
489
-47
-607
-1128
-1610
-2032
-2287
-2497
-2737
-2912
-3048
-3201
-3361
-3568
-3766
-3885
-4029
-4231
-4402
-4519
-4519
-4450
-4423
-4370
-4243
-4036
-3761
-3460
-3187
-2917
-2585
-2217
-1794
-1257
-754
-337
79
438
828
1307
1629
1826
2005
2116
2275
2534
2644
2707
2832
2918
3066
3222
3224
3268
3382
3480
3592
3623
3606
3682
3779
3858
3959
4041
4104
4071
3796
3394
3030
2649
2233
1674
932
277
-269
-815
-1293
-1772
-2204
-2437
-2621
-2828
-2955
-3099
-3253
-3354
-3495
-3641
-3739
-3886
-4061
-4201
-4303
-4342
-4322
-4310
-4271
-4144
-3931
-3692
-3392
-3095
-2823
-2478
-2089
-1678
-1148
-660
-245
180
561
940
1383
1668
1873
2050
2145
2274
2461
2542
2610
2689
2766
2907
3049
3097
3152
3239
3349
3457
3488
3497
3540
3607
3675
3733
3754
3752
3657
3404
3045
2677
2284
1876
1351
748
179
-316
-779
-1177
-1579
-1930
-2180
-2340
-2503
-2642
-2814
-3006
-3158
-3268
-3395
-3500
-3643
-3803
-3917
-3987
-4038
-4034
-4024
-3990
-3868
-3720
-3542
-3279
-3005
-2732
-2410
-2078
-1686
-1194
-716
-287
129
498
896
1296
1598
1827
2010
2123
2267
2424
2499
2554
2611
2681
2818
2945
3013
3090
3192
3314
3432
3493
3535
3624
3705
3741
3750
3707
3624
3480
3192
2802
2385
1932
1453
950
382
-159
-634
-1080
-1446
-1776
-2078
-2287
-2432
-2601
-2737
-2911
-3108
-3246
-3349
-3468
-3553
-3679
-3793
-3830
-3834
-3831
-3782
-3754
-3678
-3535
-3390
-3222
-2977
-2729
-2456
-2159
-1849
-1460
-994
-537
-99
308
671
1036
1388
1702
1972
2187
2336
2480
2627
2727
2773
2823
2874
2969
3049
3091
3129
3219
3316
3411
3466
3506
3602
3699
3730
3713
3594
3415
3207
2894
2483
2035
1524
1025
547
8
-492
-935
-1351
-1667
-1947
-2239
-2419
-2557
-2737
-2899
-3095
-3300
-3407
-3507
-3636
-3759
-3892
-3963
-3929
-3896
-3871
-3816
-3761
-3629
-3461
-3306
-3114
-2842
-2557
-2260
-1961
-1617
-1198
-723
-265
171
567
956
1308
1622
1911
2184
2409
2570
2689
2814
2916
2982
3040
3074
3120
3168
3190
3216
3274
3325
3370
3388
3405
3465
3544
3559
3526
3373
3140
2896
2603
2202
1739
1208
711
249
-215
-676
-1086
-1442
-1702
-1929
-2151
-2313
-2410
-2547
-2721
-2920
-3106
-3222
-3325
-3476
-3652
-3782
-3842
-3809
-3773
-3756
-3710
-3611
-3470
-3305
-3162
-2984
-2734
-2439
-2162
-1874
-1549
-1157
-723
-277
143
552
923
1256
1550
1829
2099
2326
2472
2572
2679
2791
2884
2941
2986
3021
3072
3121
3153
3189
3237
3254
3268
3291
3340
3414
3454
3398
3257
3049
2813
2548
2173
1683
1160
651
186
-250
-707
-1126
-1459
-1711
-1920
-2092
-2232
-2307
-2410
-2581
-2769
-2933
-3071
-3189
-3364
-3560
-3687
-3719
-3713
-3682
-3660
-3589
-3451
-3295
-3141
-2986
-2821
-2588
-2321
-2060
-1789
-1476
-1127
-739
-330
92
515
899
1223
1498
1782
2072
2320
2466
2553
2644
2761
2858
2916
2936
2962
2991
3042
3068
3076
3094
3093
3075
3087
3122
3179
3205
3152
3006
2820
2605
2366
2033
1577
1069
588
140
-268
-693
-1108
-1438
-1688
-1897
-2058
-2184
-2272
-2370
-2533
-2703
-2818
-2927
-3057
-3239
-3432
-3531
-3537
-3534
-3533
-3515
-3449
-3314
-3156
-3013
-2866
-2691
-2476
-2223
-1975
-1702
-1387
-1039
-681
-300
99
516
909
1227
1487
1760
2049
2309
2472
2563
2648
2763
2866
2926
2935
2955
2983
3032
3066
3068
3060
3043
3005
2975
2986
3004
3005
2937
2776
2578
2366
2124
1825
1414
947
505
98
-307
-699
-1093
-1422
-1666
-1880
-2063
-2180
-2276
-2384
-2521
-2664
-2751
-2810
-2918
-3082
-3250
-3346
-3354
-3342
-3357
-3347
-3292
-3185
-3050
-2909
-2759
-2566
-2340
-2098
-1832
-1557
-1241
-900
-560
-219
153
539
913
1218
1466
1708
1972
2222
2387
2473
2545
2640
2728
2770
2775
2770
2794
2824
2838
2838
2834
2818
2788
2750
2742
2753
2749
2694
2551
2360
2166
1953
1679
1324
904
499
123
-250
-631
-991
-1311
-1567
-1772
-1939
-2055
-2146
-2249
-2363
-2482
-2547
-2591
-2665
-2804
-2956
-3068
-3115
-3124
-3136
-3140
-3101
-3033
-2913
-2776
-2626
-2449
-2231
-1995
-1730
-1446
-1145
-833
-519
-202
132
491
846
1155
1404
1644
1892
2139
2324
2423
2495
2563
2628
2668
2666
2653
2638
2635
2632
2633
2629
2616
2583
2550
2533
2536
2532
2479
2355
2193
2012
1823
1589
1285
903
527
166
-178
-522
-875
-1207
-1481
-1704
-1872
-2007
-2111
-2216
-2322
-2424
-2489
-2533
-2588
-2690
-2816
-2933
-3007
-3039
-3054
-3068
-3052
-3003
-2900
-2765
-2611
-2434
-2223
-1978
-1703
-1419
-1119
-821
-522
-213
110
439
772
1088
1363
1613
1862
2100
2308
2456
2554
2627
2698
2747
2767
2753
2739
2730
2731
2726
2702
2653
2592
2540
2494
2442
2371
2274
2149
1988
1811
1620
1411
1162
861
521
188
-128
-426
-746
-1072
-1375
-1622
-1821
-1976
-2120
-2242
-2351
-2436
-2512
-2569
-2626
-2684
-2762
-2844
-2918
-2963
-2978
-2963
-2942
-2904
-2823
-2695
-2537
-2368
-2184
-1958
-1700
-1418
-1140
-865
-575
-267
55
365
669
976
1273
1543
1778
1990
2178
2342
2463
2546
2608
2657
2695
2710
2706
2701
2708
2715
2691
2632
2563
2507
2458
2387
2281
2163
2031
1892
1721
1531
1328
1110
861
574
274
-14
-286
-562
-859
-1158
-1415
-1632
-1817
-1984
-2129
-2239
-2325
-2397
-2460
-2510
-2543
-2581
-2626
-2681
-2727
-2746
-2741
-2727
-2708
-2659
-2562
-2428
-2281
-2113
-1919
-1690
-1433
-1177
-924
-649
-363
-71
214
502
795
1093
1364
1606
1816
2008
2177
2314
2400
2466
2518
2552
2566
2565
2565
2577
2583
2564
2526
2486
2447
2405
2333
2233
2120
1989
1833
1653
1451
1249
1032
783
503
219
-49
-312
-580
-869
-1141
-1382
-1606
-1806
-1988
-2129
-2237
-2309
-2385
-2438
-2471
-2469
-2469
-2490
-2522
-2534
-2530
-2512
-2504
-2486
-2423
-2312
-2183
-2041
-1872
-1664
-1421
-1184
-956
-723
-462
-183
74
319
577
852
1137
1388
1594
1788
1978
2137
2248
2311
2358
2397
2429
2420
2388
2375
2381
2375
2334
2269
2206
2160
2089
1973
1840
1705
1583
1448
1274
1091
922
760
562
327
70
-162
-382
-622
-891
-1143
-1347
-1513
-1665
-1811
-1928
-1988
-2020
-2068
-2127
-2167
-2174
-2175
-2199
-2244
-2256
-2226
-2180
-2133
-2087
-2006
-1872
-1729
-1597
-1473
-1326
-1140
-954
-788
-621
-419
-180
62
288
520
770
1031
1260
1442
1583
1722
1845
1925
1959
1982
2013
2046
2057
2047
2043
2055
2060
2030
1954
1864
1788
1703
1595
1464
1333
1233
1137
1025
900
777
667
531
354
140
-73
-281
-493
-724
-952
-1145
-1290
-1404
-1510
-1601
-1653
-1690
-1725
-1775
-1830
-1870
-1899
-1930
-1969
-1997
-1988
-1948
-1890
-1826
-1740
-1616
-1487
-1366
-1257
-1140
-1014
-881
-755
-621
-462
-269
-48
167
387
621
862
1082
1263
1416
1546
1657
1739
1795
1834
1876
1919
1948
1968
1982
1996
2002
1977
1918
1840
1754
1657
1545
1419
1296
1185
1078
965
849
731
610
460
273
65
-149
-364
-591
-821
-1034
-1212
-1360
-1484
-1589
-1664
-1711
-1744
-1777
-1819
-1854
-1883
-1914
-1945
-1979
-1996
-1987
-1949
-1896
-1836
-1736
-1614
-1483
-1346
-1215
-1069
-925
-784
-640
-485
-311
-117
89
302
529
752
982
1186
1363
1517
1651
1759
1831
1880
1916
1951
1979
1997
1999
2008
2015
2004
1967
1909
1831
1739
1630
1498
1356
1218
1093
962
832
698
570
433
274
95
-99
-301
-510
-720
-935
-1128
-1294
-1425
-1539
-1629
-1686
-1721
-1730
-1738
-1749
-1757
-1755
-1757
-1770
-1780
-1780
-1760
-1725
-1676
-1608
-1515
-1395
-1270
-1137
-1004
-865
-717
-574
-432
-277
-111
60
240
418
599
785
960
1113
1251
1369
1472
1551
1599
1632
1651
1664
1667
1666
1661
1653
1646
1631
1593
1537
1464
1374
1271
1155
1027
901
772
647
524
401
287
169
40
-96
-239
-384
-527
-672
-814
-947
-1068
-1167
-1244
-1312
-1346
-1365
-1375
-1365
-1356
-1341
-1322
-1311
-1303
-1291
-1282
-1265
-1236
-1199
-1146
-1074
-992
-896
-794
-682
-565
-442
-323
-209
-89
29
147
267
386
504
622
736
846
942
1031
1105
1158
1199
1223
1234
1238
1237
1228
1219
1209
1203
1183
1159
1125
1074
1016
946
862
766
670
570
466
367
274
179
88
-2
-87
-181
-276
-366
-463
-558
-654
-746
-833
-910
-967
-1015
-1044
-1061
-1065
-1064
-1064
-1059
-1053
-1043
-1034
-1029
-1016
-997
-966
-927
-877
-814
-741
-662
-577
-482
-391
-301
-209
-124
-38
49
130
220
312
406
501
597
690
777
853
911
962
999
1022
1037
1048
1057
1060
1055
1057
1056
1044
1025
994
956
902
847
773
690
607
516
425
342
263
183
109
29
-47
-126
-204
-283
-368
-450
-533
-611
-682
-743
-799
-840
-875
-897
-915
-925
-934
-945
-947
-945
-938
-928
-912
-885
-847
-805
-755
-693
-624
-554
-478
-406
-336
-267
-190
-118
-53
16
91
164
244
318
392
462
526
587
640
687
725
756
776
792
811
815
817
822
813
808
801
781
754
720
678
635
587
529
466
403
345
285
226
159
97
32
-21
-81
-142
-199
-260
-314
-368
-417
-470
-512
-550
-584
-612
-636
-649
-657
-662
-663
-653
-644
-634
-621
-603
-579
-555
-523
-491
-455
-417
-378
-330
-285
-239
-188
-136
-87
-39
18
65
104
150
183
221
257
290
323
349
375
399
416
430
439
442
441
441
433
423
414
398
382
370
356
337
323
300
274
248
209
177
139
100
66
35
4
-23
-44
-63
-80
-93
-107
-116
-127
-148
-171
-190
-213
-230
-249
-261
-263
-262
-255
-243
-231
-214
-201
-187
-175
-165
-163
-161
-154
-147
-133
-122
-102
-82
-59
-34
-6
17
39
55
65
66
66
73
78
88
99
109
123
135
147
159
161
164
159
153
141
125
112
102
95
87
88
85
87
88
85
78
66
49
25
-2
-28
-48
-67
-78
-86
-86
-80
-72
-67
-59
-54
-59
-65
-77
-92
-104
-117
-127
-134
-132
-117
-107
-95
-79
-63
-44
-34
-30
-27
-27
-28
-26
-32
-31
-26
-14
-1
13
34
44
50
57
63
60
56
49
44
43
37
44
47
52
58
61
66
65
62
46
32
20
1
-4
-4
-9
-2
11
23
37
48
58
58
55
47
31
13
1
-13
-21
-23
-20
-6
2
14
26
35
36
34
25
12
3
-14
-27
-39
-48
-46
-40
-32
-17
-6
-1
7
6
2
-6
-14
-20
-26
-33
-33
-33
-26
-14
-9
-2
-1
0
0
-4
-11
-22
-31
-40
-39
-38
-31
-18
-8
-1
6
10
15
12
-3
-14
-26
-33
-38
-36
-37
-34
-26
-15
0
8
13
12
9
0
-8
-16
-37
-44
-49
-44
-38
-30
-15
-8
9
18
24
25
23
16
6
3
-11
-23
-21
-25
-23
-17
-14
-8
-4
1
3
8
7
1
3
5
-1
3
6
13
21
27
33
31
30
24
24
19
9
6
3
3
8
12
14
18
24
28
27
25
20
16
11
7
2
-4
-7
1
9
15
25
30
37
42
42
41
38
37
31
25
22
17
13
16
21
23
27
27
23
19
18
14
6
0
-9
-14
-17
-25
-29
-26
-28
-23
-26
-27
-26
-30
-30
-31
-37
-38
-37
-32
-32
-33
-26
-23
-19
-21
-20
-17
-16
-15
-22
-24
-18
-18
-15
-11
-11
-4
-1
3
6
8
7
11
8
12
15
6
9
8
7
7
6
6
9
7
8
8
6
6
2
2
-5
0
1
-1
-3
-1
3
5
6
3
4
2
-2
0
-1
-3
-4
-10
-10
-9
-12
-16
-16
-12
-12
-12
-18
-14
-10
-11
-8
-8
-11
-11
-9
-11
-7
-8
-11
-9
-12
-17
-14
-13
-14
-16
-14
-10
-10
-8
-8
-10
-11
-12
-8
-12
-14
-10
-8
-2
-5
-1
4
3
5
6
8
10
10
13
12
12
14
12
14
15
7
3
6
6
3
5
7
1
2
1
4
6
5
3
0
0
-2
-4
-3
-1
2
-1
-3
-2
2
1
6
8
11
9
9
12
10
11
8
6
6
4
8
9
5
7
6
6
4
10
9
7
10
7
7
7
11
8
4
-2
2
3
-2
0
-5
-4
-3
-4
-2
-3
-2
-1
4
3
6
6
7
8
8
10
13
13
12
13
14
18
17
11
10
7
12
10
8
13
10
8
7
7
10
13
14
12
11
10
8
11
10
7
7
9
6
7
8
-2
0
-5
-9
-11
-14
-14
-14
-19
-22
-23
-21
-18
-15
-15
-20
-17
-15
-12
-14
-16
-13
-13
-14
-10
-10
-9
-12
-9
-7
-8
-6
-12
-9
-2
-4
-6
-5
-3
-4
-3
-3
-5
-3
-1
-4
-8
-6
-6
-6
-13
-13
-11
-12
-6
-10
-10
-9
-9
-9
-7
-5
-4
-8
-3
3
9
11
8
12
17
19
22
23
20
20
19
20
20
15
13
10
11
10
6
5
3
3
2
-2
-6
-7
-8
-15
-14
-18
-19
-24
-23
-22
-25
-20
-23
-22
-15
-15
-15
-17
-15
-12
-11
-9
-9
-9
-10
-9
-7
-7
-7
-8
-6
-1
3
-3
-4
-1
-3
-1
3
3
9
7
7
11
10
12
12
11
7
11
10
13
14
14
12
9
9
6
8
9
13
9
7
4
4
4
0
3
6
5
10
12
9
11
11
11
11
13
12
11
11
11
13
10
12
5
2
6
2
2
1
-2
1
-1
-4
0
-2
2
0
-1
1
-2
3
6
7
6
7
8
8
0
0
5
4
7
7
8
6
9
15
15
16
15
18
23
22
20
22
18
14
18
12
11
12
11
4
4
7
1
5
7
8
12
13
10
6
