-11
-17
-16
-17
-19
-29
-26
-20
-26
-26
-28
-26
-17
-24
-25
-16
-12
-16
-16
-16
-14
-10
-10
-8
-10
-11
-12
-13
-9
-6
-9
-11
-12
-14
-11
-9
-5
-7
-10
-12
-14
-12
-13
-13
-7
-10
-12
-10
-14
-16
-14
-9
-10
-11
-4
-1
-2
1
3
5
3
13
12
12
15
12
14
16
14
20
21
18
23
26
20
19
17
19
14
14
21
18
21
23
23
15
14
8
-2
-3
-12
-11
-12
-19
-24
-25
-20
-18
-27
-21
-16
-17
-18
-25
-20
-23
-21
-21
-25
-23
-20
-15
-8
-5
-4
-7
-13
-5
-8
-6
-4
-8
-8
-3
-1
-4
-1
-1
3
2
-4
3
2
3
4
8
7
8
11
10
15
15
16
16
8
12
16
7
15
14
15
17
9
6
6
9
4
2
5
11
8
7
6
6
4
4
1
2
1
1
6
2
-2
-4
-1
-2
4
4
0
5
6
11
10
12
12
13
11
6
7
6
3
2
4
4
-2
0
1
-3
-5
-6
-3
0
1
3
3
0
1
2
-2
3
1
0
-2
-1
1
5
-6
-2
-2
0
7
-3
-3
-4
-3
0
3
2
-1
2
1
2
12
15
13
9
10
5
11
10
-1
6
7
4
-2
0
0
-7
-3
1
-1
-2
1
0
3
7
8
9
5
2
3
1
5
5
1
2
-2
-2
-3
-3
-6
-5
-2
-5
-9
-5
-3
-12
-6
-4
-11
-5
-11
-13
-12
-9
-3
-6
-2
-9
-10
-12
-7
-6
-6
-5
-7
-7
-12
-10
-6
-5
-3
0
-6
-9
-1
-8
-8
-4
-3
-1
1
3
-4
-4
-4
-2
1
1
3
4
0
-3
-1
0
0
3
5
0
1
1
-3
0
-3
-5
-2
1
-1
0
-4
-5
-1
-3
1
2
-2
-4
-1
-3
-2
0
-1
-3
-2
-1
-3
1
-4
0
3
2
-1
-1
3
1
2
0
0
2
3
2
-3
4
2
-2
-3
2
4
-1
1
-4
0
7
4
-2
1
0
6
2
-3
0
1
2
0
1
5
2
1
1
4
4
0
3
-1
2
3
3
3
2
5
6
4
7
5
7
5
4
12
3
4
7
9
9
0
5
4
4
5
6
9
-1
3
1
4
5
-2
0
-1
3
0
6
5
1
3
3
5
6
9
13
8
3
3
0
-1
0
-1
1
0
-5
5
2
1
7
10
15
22
25
30
39
43
56
62
57
58
66
73
67
42
14
-9
-35
-55
-82
-104
-92
-78
-53
-17
29
71
112
163
198
208
227
244
253
257
260
262
276
291
301
310
311
316
314
309
298
270
250
219
188
150
87
29
-30
-93
-166
-239
-308
-371
-421
-461
-489
-509
-516
-508
-488
-472
-454
-434
-401
-359
-328
-292
-260
-223
-179
-132
-94
-63
-28
8
45
64
81
93
114
117
109
99
73
58
45
27
3
-13
-24
-29
-24
-29
-42
-53
-59
-63
-86
-118
-139
-152
-156
-160
-165
-166
-149
-121
-92
-65
-34
-3
22
52
64
65
68
78
87
87
82
80
90
100
102
97
92
89
88
73
56
31
9
-1
-17
-26
-41
-48
-46
-45
-40
-47
-44
-35
-20
-2
12
22
43
56
61
47
20
-13
-68
-124
-188
-254
-306
-344
-372
-394
-397
-388
-373
-346
-315
-284
-245
-191
-131
-70
-8
55
130
204
275
333
388
447
493
544
597
643
701
766
820
877
935
987
1035
1079
1113
1146
1171
1188
1202
1201
1194
1182
1148
1112
1038
932
806
652
466
253
12
-248
-497
-750
-984
-1190
-1371
-1502
-1589
-1649
-1677
-1680
-1655
-1622
-1573
-1517
-1460
-1381
-1286
-1178
-1060
-929
-793
-645
-510
-398
-306
-244
-196
-167
-152
-147
-149
-150
-161
-179
-209
-264
-334
-405
-482
-553
-616
-651
-628
-573
-472
-346
-186
14
215
419
602
782
959
1116
1256
1383
1494
1605
1712
1804
1867
1915
1972
2022
2064
2092
2123
2144
2153
2126
2037
1861
1612
1316
962
545
77
-380
-802
-1165
-1464
-1711
-1896
-2009
-2052
-2063
-2067
-2066
-2040
-1976
-1909
-1841
-1752
-1631
-1473
-1291
-1088
-880
-691
-495
-290
-114
16
117
208
294
364
407
437
477
512
529
515
484
427
350
269
160
42
-66
-152
-234
-308
-365
-418
-479
-534
-581
-637
-705
-786
-838
-869
-903
-933
-935
-892
-820
-727
-622
-514
-389
-255
-111
17
117
220
347
490
622
745
872
1002
1133
1256
1344
1383
1410
1466
1528
1561
1552
1563
1617
1671
1685
1667
1655
1665
1696
1729
1743
1760
1792
1849
1890
1834
1704
1516
1271
953
547
89
-403
-867
-1257
-1596
-1898
-2141
-2277
-2314
-2334
-2344
-2340
-2304
-2252
-2203
-2137
-2052
-1927
-1764
-1570
-1355
-1144
-936
-730
-552
-432
-352
-308
-306
-337
-386
-448
-533
-620
-695
-754
-828
-898
-944
-965
-977
-967
-908
-790
-616
-408
-158
117
396
670
921
1143
1314
1449
1562
1668
1763
1854
1937
1993
2042
2089
2127
2113
2055
2023
2048
2108
2147
2170
2181
2154
2072
1883
1552
1102
595
92
-388
-866
-1309
-1632
-1809
-1871
-1894
-1917
-1924
-1894
-1814
-1744
-1739
-1752
-1697
-1539
-1344
-1167
-993
-776
-515
-265
-79
35
94
135
198
225
193
126
91
114
149
134
56
-7
-57
-109
-212
-410
-652
-868
-1049
-1245
-1479
-1678
-1786
-1800
-1768
-1715
-1606
-1446
-1233
-991
-734
-508
-301
-58
200
476
715
912
1140
1376
1587
1753
1881
2007
2138
2275
2380
2444
2515
2626
2733
2812
2881
2932
2989
3039
3040
2950
2719
2362
1954
1466
822
64
-672
-1310
-1880
-2378
-2753
-3014
-3130
-3120
-3049
-2952
-2864
-2742
-2557
-2330
-2121
-1932
-1674
-1338
-967
-607
-282
2
262
517
699
768
748
693
659
600
485
355
205
42
-134
-362
-675
-1024
-1343
-1611
-1857
-2063
-2175
-2182
-2061
-1833
-1523
-1170
-793
-405
-26
325
605
845
1045
1235
1460
1627
1747
1857
1962
2049
2067
2084
2034
1977
2008
2064
2159
2286
2495
2693
2887
3111
3244
3231
2932
2506
2043
1387
567
-316
-1065
-1729
-2303
-2680
-2935
-3078
-3136
-3065
-2927
-2825
-2765
-2720
-2530
-2290
-2068
-1820
-1515
-1097
-662
-218
128
355
571
767
906
887
780
711
704
694
625
575
477
356
230
-9
-373
-835
-1228
-1581
-1947
-2282
-2574
-2669
-2613
-2471
-2281
-2004
-1628
-1269
-860
-502
-219
62
350
714
996
1205
1422
1675
1940
2055
2117
2185
2247
2303
2376
2491
2566
2722
2965
3211
3461
3652
3850
4035
4126
3961
3446
2892
2307
1506
494
-543
-1398
-2124
-2709
-3151
-3479
-3670
-3710
-3543
-3352
-3278
-3208
-3013
-2684
-2406
-2152
-1827
-1466
-1011
-523
-116
164
380
597
778
873
815
672
584
584
552
369
143
-80
-350
-698
-1131
-1608
-2119
-2590
-2927
-3138
-3269
-3289
-3083
-2672
-2134
-1590
-1044
-461
33
503
918
1245
1471
1648
1924
2157
2293
2385
2493
2588
2635
2701
2699
2719
2798
2884
3059
3213
3434
3686
3926
4183
4358
4469
4175
3527
2924
2214
1157
-127
-1189
-2078
-2893
-3451
-3856
-4089
-4173
-4074
-3836
-3664
-3546
-3434
-3152
-2761
-2456
-2092
-1647
-1144
-563
-32
324
542
768
905
898
851
698
486
368
355
250
3
-223
-474
-808
-1244
-1784
-2324
-2849
-3310
-3612
-3752
-3773
-3632
-3199
-2571
-1947
-1310
-646
-45
480
968
1345
1620
1857
2101
2375
2578
2691
2837
2959
3010
3041
3057
3051
3047
3143
3308
3473
3656
3881
4159
4408
4596
4753
4762
4305
3467
2751
1894
625
-701
-1858
-2805
-3606
-4132
-4454
-4688
-4680
-4486
-4193
-3998
-3896
-3685
-3308
-2841
-2435
-1957
-1399
-793
-86
461
744
913
1067
1112
1004
826
548
252
80
16
-159
-473
-826
-1207
-1592
-2119
-2798
-3519
-4132
-4507
-4656
-4593
-4376
-3864
-2949
-1911
-979
-136
634
1300
1862
2252
2473
2618
2774
3016
3258
3372
3405
3471
3540
3496
3369
3256
3191
3224
3370
3568
3730
3904
4202
4493
4695
4830
4933
4708
3882
3050
2259
1090
-335
-1690
-2721
-3647
-4374
-4761
-5019
-5085
-4987
-4700
-4433
-4311
-4120
-3799
-3307
-2816
-2293
-1670
-1013
-281
364
774
956
1056
1113
1058
922
699
435
227
182
92
-249
-704
-1284
-1873
-2553
-3431
-4345
-5178
-5618
-5696
-5466
-4940
-4222
-3072
-1713
-524
479
1251
1876
2298
2563
2747
2734
2745
2909
3191
3404
3444
3508
3575
3598
3518
3381
3333
3354
3563
3883
4132
4361
4678
5032
5275
5378
5448
5144
4166
3146
2222
958
-612
-2056
-3106
-3982
-4634
-4978
-5167
-5208
-5041
-4667
-4398
-4266
-4031
-3633
-3062
-2484
-1874
-1236
-562
218
837
1111
1139
1137
1086
853
535
131
-274
-608
-788
-962
-1442
-1943
-2409
-2891
-3508
-4265
-4790
-5168
-5264
-4993
-4455
-3653
-2794
-1664
-419
499
1182
1720
2179
2449
2581
2766
2881
3033
3215
3420
3422
3180
3053
2868
2614
2287
2120
2283
2550
3075
3664
4217
4779
5314
5883
6163
6268
6383
6436
5701
4381
3408
2167
462
-1343
-2951
-4329
-5563
-6223
-6637
-7031
-7066
-6729
-6135
-5725
-5322
-4706
-4009
-3098
-2179
-1312
-567
191
1147
1718
1830
1814
1789
1666
1342
1088
621
23
-279
-436
-738
-1355
-1919
-2372
-2958
-3637
-4344
-4932
-5437
-5712
-5515
-5138
-4718
-3958
-2766
-1475
-417
629
1596
2322
2984
3446
3671
3686
3705
3823
3833
3724
3578
3531
3555
3496
3500
3557
3607
3869
4218
4524
4763
5002
5308
5604
5953
6158
6375
6299
5252
4182
3208
1701
-312
-2253
-3728
-5145
-6089
-6604
-7013
-7116
-6877
-6268
-5809
-5553
-5115
-4567
-3785
-2968
-2118
-1235
-436
550
1424
1799
1717
1652
1606
1219
853
488
-7
-377
-498
-541
-945
-1443
-1849
-2289
-2867
-3690
-4394
-4966
-5457
-5679
-5509
-5172
-4704
-3772
-2624
-1570
-618
360
1217
1832
2361
2716
2899
3081
3263
3426
3533
3547
3596
3669
3673
3659
3786
3948
4134
4516
4951
5352
5747
6100
6364
6612
6926
7162
7301
6724
5283
4133
2880
880
-1441
-3469
-5106
-6502
-7282
-7708
-8020
-7908
-7291
-6452
-5888
-5469
-4813
-4009
-2963
-1967
-1048
-124
737
1811
2576
2667
2449
2244
1991
1452
941
365
-310
-626
-709
-927
-1485
-2024
-2436
-2898
-3626
-4657
-5526
-6145
-6520
-6462
-6098
-5525
-4546
-3095
-1563
-403
601
1494
2156
2634
2840
2872
2821
2934
3201
3402
3461
3418
3541
3657
3600
3549
3538
3668
4006
4544
5024
5398
5869
6295
6586
6824
6980
7072
6980
5903
4428
3265
1646
-537
-2682
-4420
-6024
-7192
-7730
-8033
-8184
-7937
-7211
-6450
-5886
-5231
-4425
-3463
-2313
-1207
-136
749
1658
2604
3007
2840
2560
2291
1744
1164
711
84
-559
-860
-947
-1387
-2008
-2561
-3055
-3641
-4469
-5143
-5860
-6360
-6398
-6038
-5430
-4848
-3718
-2242
-945
196
1142
1945
2489
2975
3361
3342
3280
3364
3627
3810
3777
3778
3772
3847
3906
3967
3986
4048
4583
5116
5492
5913
6328
6706
6931
7261
7395
7414
6838
5254
3952
2463
325
-2057
-4186
-5929
-7459
-8206
-8542
-8794
-8646
-8034
-7139
-6485
-5921
-5119
-4327
-3177
-1937
-774
295
1219
2413
3182
3230
2937
2580
2145
1438
850
208
-534
-932
-1029
-1199
-1747
-2352
-2812
-3339
-4074
-4915
-5804
-6485
-6636
-6368
-5856
-5219
-4147
-2609
-1063
228
1201
1982
2541
2996
3256
3147
2983
3055
3297
3511
3634
3677
3696
3844
3964
3971
3950
3988
4437
5032
5479
5875
6336
6817
7061
7330
7498
7541
7301
5896
4367
2975
1075
-1280
-3696
-5547
-7191
-8241
-8657
-8921
-8881
-8459
-7538
-6691
-6098
-5316
-4488
-3317
-1942
-689
459
1374
2438
3330
3545
3225
2710
2202
1512
961
393
-355
-873
-1086
-1147
-1529
-2206
-2829
-3434
-4132
-4905
-5648
-6398
-6825
-6628
-6037
-5294
-4431
-3179
-1717
-303
871
1709
2255
2651
3054
3282
3227
3119
3146
3320
3531
3617
3589
3564
3638
3834
4040
4132
4368
4911
5552
6093
6522
6954
7244
7542
7949
8151
7923
6501
4803
3469
1492
-1140
-3850
-5931
-7656
-8827
-9263
-9587
-9589
-9041
-7934
-6921
-6382
-5664
-4706
-3489
-2071
-830
298
1319
2473
3600
3922
3535
2973
2551
1881
1167
513
-340
-906
-1070
-1020
-1439
-2170
-2682
-3205
-3860
-4928
-5932
-6613
-7045
-6856
-6252
-5403
-4356
-2850
-1034
381
1404
2155
2668
2991
3083
3111
2920
2839
3084
3411
3703
3705
3828
4064
4133
4179
4186
4357
4687
5248
5962
6380
6756
7255
7628
7937
8081
8206
7852
6170
4460
3100
937
-1861
-4347
-6257
-8034
-9124
-9491
-9736
-9725
-9103
-7994
-7152
-6586
-5742
-4776
-3625
-2241
-884
306
1276
2493
3562
3730
3299
2754
2312
1571
877
341
-439
-947
-1016
-1036
-1514
-2216
-2772
-3399
-4217
-5227
-6211
-6879
-7162
-6883
-6132
-5231
-4045
-2472
-781
564
1501
2191
2577
2806
2907
2884
2725
2755
3116
3437
3711
3854
4001
4270
4418
4551
4620
4841
5337
5869
6571
7009
7394
7838
8101
8524
8644
8706
7670
5532
4134
2373
-236
-3150
-5534
-7251
-8802
-9372
-9689
-9896
-9578
-8679
-7454
-6915
-6307
-5419
-4413
-2975
-1645
-325
689
1744
3162
3761
3539
2876
2325
1790
967
362
-397
-1051
-1264
-1121
-1222
-1911
-2448
-2898
-3454
-4364
-5332
-6171
-6965
-6997
-6595
-5959
-5191
-4126
-2329
-822
395
1382
1933
2490
2738
2921
2866
2625
2863
3155
3527
3777
3921
4240
4480
4818
5028
5102
5419
5947
6600
7122
7547
7965
8307
8735
9015
9200
8915
7009
5029
3533
1177
-1892
-4829
-6891
-8641
-9718
-9997
-10230
-10184
-9606
-8322
-7359
-6900
-6185
-5289
-3998
-2511
-1075
243
1330
2748
3968
4205
3635
2919
2376
1490
694
-11
-791
-1262
-1288
-1032
-1455
-2140
-2587
-3106
-3762
-4848
-5634
-6381
-6913
-6564
-6049
-5303
-4492
-3143
-1441
-323
782
1468
1952
2465
2651
2847
2651
2680
3078
3391
3783
3958
4251
4579
4860
5183
5251
5409
5809
6435
7030
7382
7819
8245
8691
9134
9286
9420
8271
5945
4268
2193
-813
-4097
-6616
-8470
-9971
-10443
-10575
-10549
-10111
-9005
-7704
-7060
-6438
-5546
-4462
-2977
-1433
36
1201
2491
3956
4609
4306
3542
2862
2055
1070
350
-479
-1179
-1387
-1196
-1280
-1982
-2569
-3130
-3837
-4751
-5821
-6608
-7141
-7057
-6371
-5653
-4741
-3523
-2023
-760
108
755
1093
1454
1826
2001
2020
2092
2541
3032
3421
3758
3996
4291
4666
5073
5340
5538
6050
6799
7544
8079
8372
8813
9084
9436
9687
9776
9441
7329
5459
3873
1122
-2133
-5179
-7348
-9328
-10447
-10692
-11007
-10742
-9868
-8493
-7503
-6970
-5986
-5050
-3757
-2194
-765
488
1565
3130
4243
4248
3754
3076
2442
1473
677
-95
-1040
-1440
-1400
-1285
-1723
-2307
-2656
-3243
-3938
-4998
-6085
-6818
-7221
-6862
-6347
-5632
-4486
-2987
-1357
-246
589
1151
1450
1820
1922
1836
1671
1876
2415
2862
3335
3689
4138
4633
5114
5505
5645
5939
6550
7313
7963
8204
8626
9090
9385
9763
9866
9849
8244
5960
4503
2107
-1149
-4371
-6753
-8756
-10263
-10563
-10827
-10802
-10073
-8780
-7597
-7127
-6300
-5256
-4148
-2589
-1067
333
1418
2795
4264
4535
4037
3285
2614
1743
785
132
-777
-1414
-1419
-1225
-1425
-2131
-2532
-2987
-3648
-4468
-5567
-6273
-6837
-6757
-6228
-5745
-4834
-3674
-2128
-908
-170
538
818
1233
1510
1542
1541
1518
2058
2539
3036
3513
3904
4489
5018
5576
5920
6197
6828
7566
8337
8751
9029
9514
9777
10098
10195
10318
9264
6688
4986
3025
-134
-3628
-6416
-8513
-10282
-10860
-11125
-11257
-10722
-9526
-8070
-7433
-6820
-5771
-4726
-3270
-1707
-229
927
2183
3816
4549
4257
3514
2815
2035
964
210
-619
-1413
-1528
-1260
-1236
-1835
-2328
-2610
-3199
-3958
-5058
-5911
-6478
-6718
-6326
-5896
-5152
-4010
-2594
-1212
-371
329
770
1098
1405
1376
1310
1231
1577
2063
2458
2969
3460
4071
4668
5238
5697
6029
6663
7484
8219
8797
9151
9632
10027
10341
10460
10617
9965
7437
5442
3643
581
-2933
-5995
-8250
-10134
-10963
-11172
-11385
-10919
-9784
-8240
-7343
-6810
-5756
-4742
-3376
-1788
-299
968
2152
3765
4738
4586
3922
3146
2303
1199
327
-523
-1397
-1619
-1423
-1346
-1818
-2375
-2615
-3104
-3814
-4685
-5604
-6201
-6387
-6126
-5688
-5158
-4153
-2803
-1536
-589
19
475
785
1073
1164
998
911
1179
1628
2083
2552
3086
3724
4360
5022
5571
5986
6491
7325
8187
8775
9248
9676
10110
10534
10749
10944
10189
7721
5678
3815
627
-3013
-6147
-8584
-10430
-11215
-11389
-11581
-11072
-9726
-8162
-7223
-6690
-5725
-4719
-3313
-1666
-309
932
2271
3954
5003
4868
4235
3480
2608
1515
587
-421
-1387
-1528
-1271
-1256
-1738
-2247
-2450
-2875
-3520
-4251
-5189
-5935
-5958
-5625
-5310
-4911
-4073
-2713
-1507
-533
50
303
603
912
1036
709
490
751
1141
1661
2183
2652
3187
3919
4772
5336
5690
6204
7091
8113
8815
9397
9865
10256
10825
11163
11309
10461
7877
5741
3889
670
-3122
-6299
-8702
-10510
-11255
-11473
-11650
-11177
-9768
-8092
-7192
-6656
-5681
-4633
-3204
-1592
-297
842
2189
3886
4883
4739
4044
3359
2556
1414
429
-647
-1623
-1774
-1442
-1380
-1919
-2349
-2487
-2890
-3507
-4268
-5133
-5845
-5852
-5459
-5210
-4806
-4016
-2617
-1389
-576
50
280
638
986
1043
752
495
768
1142
1586
2036
2479
3093
3881
4768
5302
5602
6125
7017
7999
8620
9146
9673
10131
10688
11030
11198
10858
8731
6310
4512
1626
-2155
-5510
-8027
-10039
-11193
-11553
-11721
-11427
-10353
-8729
-7567
-6979
-6000
-4872
-3541
-1927
-470
804
2098
3705
4886
5004
4417
3701
2891
1726
647
-372
-1399
-1850
-1675
-1505
-1885
-2355
-2545
-2923
-3480
-4115
-4919
-5591
-5767
-5502
-5162
-4780
-4142
-2953
-1691
-890
-243
109
363
715
832
691
486
629
1019
1384
1813
2288
2860
3598
4394
5070
5519
6037
6850
7785
8536
9043
9538
9966
10302
10642
10796
10892
9503
6895
5180
2914
-527
-4081
-6979
-9209
-10844
-11378
-11662
-11708
-10913
-9413
-7812
-7038
-6265
-5122
-3973
-2386
-888
342
1484
2954
4560
5120
4770
4056
3333
2390
1263
259
-959
-1794
-1852
-1613
-1811
-2452
-2749
-2914
-3305
-3842
-4586
-5347
-5738
-5629
-5292
-5023
-4602
-3559
-2197
-1110
-283
243
556
908
1152
1058
696
530
863
1223
1622
2133
2660
3418
4261
5085
5576
5908
6491
7367
8213
8706
9121
9615
10058
10527
10828
10991
10108
7555
5604
3569
160
-3537
-6696
-9068
-10854
-11479
-11713
-11866
-11121
-9671
-7990
-7068
-6452
-5339
-4307
-2799
-1174
66
1261
2688
4471
5281
4978
4258
3384
2408
1156
85
-1132
-2063
-2135
-1833
-1818
-2368
-2681
-2768
-3180
-3751
-4501
-5248
-5601
-5672
-5275
-4860
-4483
-3493
-2238
-1083
-295
174
514
740
1030
974
640
449
673
1091
1444
1999
2579
3336
4229
5053
5646
6032
6635
7431
8211
8795
9106
9592
10069
10486
10808
10950
10724
8447
6145
4318
1166
-2434
-5872
-8422
-10459
-11550
-11743
-11946
-11406
-10244
-8596
-7300
-6724
-5645
-4659
-3332
-1650
-305
1043
2262
3941
5122
5121
4548
3585
2687
1449
340
-749
-1896
-2236
-2147
-1981
-2311
-2771
-2866
-3238
-3670
-4325
-4999
-5369
-5805
-5443
-4939
-4639
-3871
-2876
-1586
-692
-105
396
575
964
1130
981
798
749
1119
1473
1971
2572
3187
4008
4836
5657
6233
6695
7371
8158
8836
9213
9611
10055
10489
10924
11332
11275
8975
6511
4871
1782
-2126
-5796
-8593
-10786
-11964
-12101
-12325
-11901
-10550
-8678
-7236
-6701
-5664
-4536
-3294
-1585
-200
1001
2266
3999
5312
5295
4652
3784
2835
1591
375
-824
-2107
-2525
-2298
-2160
-2509
-2910
-2937
-3200
-3631
-4286
-5006
-5548
-5803
-5371
-4962
-4568
-3777
-2568
-1146
-236
370
742
860
1151
1174
814
434
405
770
1148
1673
2312
3019
3903
4894
5752
6232
6783
7564
8430
9104
9600
10141
10579
11128
11553
11919
11126
8258
6072
3980
311
-3743
-7310
-9973
-11904
-12465
-12548
-12699
-11799
-10053
-8077
-6958
-6262
-5038
-3951
-2382
-620
620
1697
3160
4972
5653
5240
4462
3499
2446
1076
-136
-1524
-2612
-2660
-2434
-2495
-2967
-3158
-3193
-3487
-3915
-4669
-5263
-5546
-5398
-4971
-4750
-4164
-3341
-2202
-1012
-359
144
422
756
1083
949
669
544
738
1021
1341
1847
2438
3300
4377
5363
6184
6872
7810
8689
9473
10009
10360
10807
11266
11829
12045
12041
10055
7242
5420
2300
-1915
-5957
-9176
-11516
-12872
-13122
-13279
-12823
-11168
-9027
-7322
-6493
-5371
-4100
-2951
-1222
178
1139
2376
4117
5518
5432
4753
3910
2959
1756
259
-1139
-2535
-3116
-2860
-2758
-3068
-3382
-3368
-3392
-3718
-4319
-5055
-5647
-5711
-5285
-5002
-4637
-3876
-2745
-1440
-392
185
548
814
1140
1188
772
391
346
645
944
1431
2088
2806
3982
5244
6246
7078
7938
8997
9876
10461
11028
11419
11912
12448
12942
12876
10303
7666
5645
2124
-2244
-6396
-9814
-12546
-13492
-13582
-13802
-13134
-11352
-8835
-7166
-6198
-4895
-3852
-2459
-618
771
1677
2790
4664
5853
5674
4874
3756
2654
1334
16
-1611
-3146
-3459
-3192
-3061
-3384
-3597
-3541
-3601
-3650
-4184
-4877
-5394
-5442
-4790
-4555
-4193
-3377
-2395
-1171
-331
180
333
484
881
799
462
48
-18
334
598
1091
1616
2391
3650
5048
6319
7374
8549
9793
10865
11684
12217
12694
13160
13553
13958
12709
9491
7174
4547
227
-4278
-8342
-11640
-13832
-14375
-14411
-14329
-13133
-10793
-8289
-6872
-5620
-4090
-2834
-1034
814
1926
2731
4101
5777
6135
5464
4464
3259
1972
653
-754
-2567
-3672
-3771
-3564
-3744
-4231
-4193
-4089
-4092
-4154
-4616
-5149
-5277
-4842
-4375
-4132
-3516
-2650
-1556
-581
-65
214
303
642
768
571
148
-126
99
228
567
944
1560
2570
3861
5437
6701
8063
9607
10900
12064
12888
13401
14125
14682
15265
14197
11054
8699
5870
1536
-3279
-7691
-11449
-14138
-14814
-15154
-15270
-14102
-11782
-9075
-7457
-6062
-4389
-3027
-1057
915
2120
2990
4384
6116
6485
5915
4753
3339
2093
642
-815
-2669
-3969
-4052
-3897
-4020
-4416
-4543
-4454
-4401
-4359
-4823
-5305
-5341
-4894
-4172
-3906
-3285
-2421
-1386
-262
204
473
411
656
836
470
96
-278
-109
171
379
717
1096
2056
3366
4728
6114
7482
9209
10784
12334
13517
14335
15360
16144
16580
14237
10915
8745
4967
190
-4672
-9028
-12421
-14348
-14688
-15221
-15040
-13393
-10857
-8488
-7311
-5693
-4077
-2497
-64
1604
2761
3878
5601
6974
6597
5685
4108
2535
1116
-355
-1872
-3568
-4166
-4052
-3843
-4093
-4591
-4516
-4592
-4672
-4771
-5279
-5510
-5123
-4349
-3750
-3252
-2500
-1651
-658
84
373
322
317
555
458
120
-262
-348
-81
107
443
689
1184
2243
3373
4698
5988
7500
9253
11013
12697
14026
15266
16316
17342
16104
12772
10457
7166
2356
-2466
-7069
-10912
-13444
-14260
-14689
-14873
-13859
-11643
-9136
-7766
-6377
-4593
-3160
-937
1224
2498
3628
5252
6878
6956
6095
4708
2994
1432
-163
-1701
-3409
-4297
-4197
-3942
-4023
-4463
-4448
-4408
-4590
-4819
-5311
-5770
-5562
-4707
-4157
-3624
-2894
-1948
-853
-254
125
3
7
319
256
78
-334
-263
66
265
704
966
1470
2341
3504
4651
5635
7091
8573
10098
11658
12966
14315
15487
16816
15858
12757
10839
7760
3084
-1668
-6181
-9958
-12508
-13283
-13815
-13995
-13065
-10928
-8455
-7334
-6100
-4504
-3259
-1160
858
2111
3156
4837
6575
6732
5968
4558
2959
1473
-143
-1787
-3563
-4382
-4254
-3912
-3815
-4147
-4068
-3897
-3998
-4159
-4798
-5396
-5268
-4637
-4090
-3810
-3112
-2205
-1173
-334
-221
-204
-202
48
183
-128
-323
-328
67
537
938
1334
1785
2907
4075
5053
6126
7200
8491
9982
11337
12628
13682
15070
15887
13604
11214
9192
5191
550
-3806
-7821
-11190
-12658
-13026
-13227
-12652
-11087
-8624
-6824
-5698
-4157
-3070
-1712
245
1652
2508
3638
5292
6022
5749
4725
3125
1652
121
-1401
-3130
-4399
-4613
-4268
-3837
-3804
-3677
-3405
-3265
-3194
-3580
-4172
-4545
-4279
-3626
-3438
-3077
-2579
-1848
-1002
-779
-815
-978
-843
-608
-540
-597
-682
-248
331
818
1337
1880
2807
4010
5241
6382
7547
8711
10022
11341
12411
13447
14304
15044
13219
10486
8669
5024
484
-3770
-7585
-10741
-12402
-12586
-12684
-12091
-10352
-7909
-5899
-4791
-3330
-2019
-870
832
2015
2614
3406
4671
5279
4727
3674
2123
576
-797
-2228
-3855
-5071
-5280
-4846
-4320
-4192
-3905
-3322
-2858
-2450
-2509
-2864
-3006
-2781
-2295
-2218
-2058
-1852
-1519
-963
-911
-1175
-1551
-1519
-1458
-1470
-1397
-1411
-1005
-269
387
997
1672
2642
3936
5196
6387
7745
9038
10318
11703
12996
13961
14742
15375
13237
10316
8265
4374
-257
-4679
-8587
-11677
-13101
-13107
-13036
-12080
-10215
-7368
-4965
-3714
-1864
-494
858
2762
3889
4383
4812
5800
5952
5037
3634
1527
-277
-1915
-3392
-5051
-6445
-6514
-6111
-5504
-5195
-4977
-4231
-3638
-2819
-2463
-2528
-2222
-1880
-1187
-1030
-1011
-939
-946
-577
-805
-1279
-1767
-2010
-1906
-2002
-1920
-1883
-1558
-791
-180
595
1261
2353
3847
5181
6643
7960
9410
10813
12197
13614
14397
15305
15206
12452
9959
7401
2941
-1783
-6033
-9772
-12617
-13561
-13636
-13433
-12109
-9905
-7018
-4943
-3223
-1007
529
2465
4470
5559
6148
6800
7492
6863
5539
3646
1244
-765
-2618
-4281
-6116
-7091
-6887
-6602
-6142
-5847
-5436
-4776
-4189
-3344
-2935
-2557
-1830
-1196
-526
-286
-101
-229
-474
-441
-1014
-1594
-1945
-2174
-2140
-2116
-1799
-1564
-1245
-664
-243
398
1064
2175
3538
4875
6533
8063
9744
11249
12614
13855
14719
15429
13903
10928
8792
5453
957
-3368
-7333
-10621
-12660
-13062
-13289
-13021
-11467
-9022
-6462
-4768
-2797
-731
1079
3524
5344
6296
7026
7963
8375
7416
5859
3618
1356
-527
-2398
-4316
-6213
-6841
-6614
-6408
-6187
-6052
-5610
-5049
-4356
-3769
-3511
-2955
-2087
-1124
-530
-265
-71
-157
-154
-419
-1184
-1821
-2112
-2153
-2110
-1948
-1645
-1211
-546
63
497
903
1528
2550
3689
4902
6209
7767
9528
11120
12591
13699
14565
14314
11915
9376
6623
2450
-1755
-5599
-8953
-11269
-12192
-12268
-12184
-11235
-9407
-7174
-5332
-3864
-1997
-239
1866
4097
5489
6533
7562
8383
8174
7049
5274
3046
1238
-470
-2329
-4093
-5323
-5520
-5383
-5398
-5425
-5382
-5087
-4589
-4118
-3955
-3660
-2847
-1876
-1092
-801
-872
-911
-1030
-1377
-2061
-2906
-3180
-2978
-2692
-2235
-1758
-1125
-264
527
966
1131
1488
2211
3095
3957
4952
6284
7933
9648
11144
12372
13433
14006
12932
10496
7960
4647
575
-3289
-6814
-9692
-11407
-11847
-11785
-11331
-10148
-8329
-6339
-4758
-3117
-1423
331
2532
4425
5739
6742
7568
7892
7358
6136
4279
2433
880
-615
-2073
-3371
-3982
-4061
-4069
-4101
-4230
-4311
-4135
-3768
-3582
-3500
-3141
-2509
-1759
-1216
-1076
-1206
-1466
-1852
-2400
-3187
-3897
-4114
-3924
-3393
-2666
-1788
-785
302
1396
2061
2433
2752
3167
3721
4165
4765
5578
6671
8105
9499
10791
11920
12458
11487
9415
7198
4089
214
-3399
-6493
-8954
-10369
-10645
-10525
-10074
-8891
-7309
-5831
-4549
-3135
-1611
102
2128
3952
5333
6457
7334
7557
6958
5701
3907
2142
678
-677
-1912
-2874
-3183
-3058
-3028
-3014
-3108
-3310
-3296
-3141
-3132
-3190
-2904
-2391
-1792
-1303
-1203
-1242
-1694
-2294
-2903
-3917
-4572
-4856
-4707
-4010
-3210
-1993
-849
276
1483
2169
2668
3008
3495
4005
4375
5065
5680
6532
7535
8466
9426
10103
10947
10286
8091
6536
4180
766
-2438
-5445
-8018
-9586
-9831
-9806
-9716
-8823
-7072
-5244
-4146
-2781
-1346
-51
2059
3782
4800
5755
6645
7203
6781
5724
4080
2330
1117
-53
-1315
-2508
-2881
-2619
-2502
-2502
-2679
-2718
-2645
-2458
-2319
-2626
-2586
-2094
-1595
-1271
-1346
-1526
-1721
-2080
-2848
-3909
-4708
-5130
-5086
-4639
-3997
-2986
-1623
-188
1007
1893
2442
2889
3462
3822
3968
4276
4863
5713
6633
7400
8187
9044
9925
10081
8401
6510
4930
2195
-878
-3822
-6637
-8513
-9178
-9213
-9395
-9074
-7645
-5840
-4450
-3310
-2004
-704
1127
3107
4254
5133
6054
6863
7014
6203
4788
3027
1635
573
-704
-2032
-2722
-2608
-2402
-2304
-2371
-2416
-2257
-2026
-1827
-2056
-2267
-1881
-1302
-885
-786
-859
-910
-963
-1309
-2179
-3223
-3928
-4239
-4419
-4372
-4031
-3466
-2388
-1134
-201
474
1120
1984
2640
2992
3304
3650
4196
4886
5393
5644
6081
6678
7230
7600
8009
8142
6717
5462
4351
1567
-1390
-4030
-6528
-8484
-9518
-9727
-9810
-9052
-7234
-5276
-3862
-2452
-746
599
2231
3822
4822
5803
6803
7571
7463
6647
5342
3507
1803
123
-1617
-3170
-4026
-4089
-4019
-3794
-3535
-3177
-2856
-2697
-2536
-2724
-2733
-2280
-1725
-1099
-652
-206
271
572
462
-107
-746
-1344
-1950
-2507
-2817
-2923
-2943
-2521
-1965
-1477
-1005
-629
-89
380
917
1539
2113
2855
3604
4231
4728
5118
5428
5727
5994
6294
6561
6880
7210
6056
4413
3220
764
-2241
-4840
-7280
-9116
-9786
-9465
-8836
-7718
-5709
-3342
-1557
-39
1515
2708
4128
5621
6547
7132
7664
7889
7273
5877
3851
1420
-883
-2893
-4635
-6155
-6881
-6661
-6150
-5443
-4819
-4208
-3470
-2827
-2219
-1837
-1369
-481
509
1416
2083
2544
2787
2841
2557
1755
717
-247
-938
-1568
-2131
-2378
-2548
-2504
-2231
-2197
-2403
-2509
-2255
-1859
-1458
-820
122
1215
2447
3546
4166
4455
4448
4178
3629
2724
1813
1095
683
498
447
528
835
1438
2141
2803
3224
3369
3271
3108
2625
1497
371
-622
-1497
-2053
-2435
-2662
-2676
-2215
-1610
-1219
-910
-547
-95
240
582
798
794
974
1011
685
119
-599
-1261
-1925
-2450
-2906
-3292
-3334
-3105
-2735
-2502
-2205
-1694
-1276
-812
-465
-226
36
271
596
741
736
783
773
673
433
122
-184
-377
-479
-573
-492
-382
-198
100
221
256
181
54
-86
-396
-715
-1100
-1508
-1728
-1887
-1981
-1899
-1532
-953
-296
486
1212
1889
2569
3137
3646
3963
4182
4502
4814
5032
5132
5189
5184
5096
4906
4420
3233
1632
324
-1366
-3456
-5140
-6589
-7573
-7721
-7323
-6728
-5882
-4391
-2635
-1248
-69
1040
1985
2915
3846
4269
4319
4439
4274
3685
2580
967
-684
-2154
-3337
-4356
-5227
-5507
-5176
-4523
-3810
-3166
-2496
-1700
-733
92
718
1420
2223
3119
3771
4011
3995
3703
3309
2674
1611
473
-464
-1157
-1699
-2091
-2411
-2591
-2431
-2149
-1943
-1771
-1394
-750
-23
740
1405
2062
2699
3205
3449
3225
2880
2435
1778
1071
215
-592
-1159
-1511
-1723
-1922
-1989
-1908
-1738
-1548
-1304
-979
-587
2
581
1025
1324
1488
1635
1530
1236
922
526
180
-130
-500
-912
-1230
-1435
-1629
-1789
-1895
-1847
-1616
-1241
-829
-416
96
652
1155
1561
1818
1932
1963
1922
1716
1328
849
350
-162
-665
-1136
-1575
-1846
-1918
-1845
-1666
-1386
-964
-458
102
677
1212
1698
2102
2450
2600
2545
2415
2140
1725
1224
678
85
-490
-989
-1494
-1977
-2338
-2560
-2658
-2606
-2414
-2090
-1610
-1093
-566
-17
488
971
1370
1637
1767
1810
1820
1721
1563
1332
1036
702
307
-81
-499
-881
-1164
-1393
-1532
-1571
-1472
-1297
-1088
-826
-597
-372
-180
-39
116
243
381
545
683
793
858
868
789
601
358
101
-179
-414
-558
-639
-619
-492
-309
-88
147
413
684
915
1110
1227
1249
1214
1115
917
633
306
-22
-331
-616
-880
-1085
-1246
-1343
-1382
-1400
-1356
-1219
-990
-745
-502
-230
67
370
651
864
1003
1101
1171
1194
1143
1040
941
831
651
395
105
-200
-481
-717
-925
-1084
-1126
-1014
-814
-580
-326
-55
206
423
572
631
640
646
622
504
315
126
-60
-261
-503
-759
-996
-1178
-1270
-1299
-1283
-1176
-955
-663
-343
-36
297
650
980
1248
1418
1486
1496
1457
1325
1079
778
479
187
-98
-362
-599
-777
-873
-931
-987
-1015
-972
-843
-689
-516
-296
-15
310
646
945
1159
1297
1366
1350
1229
1068
921
800
686
561
408
216
4
-246
-557
-891
-1158
-1313
-1353
-1311
-1181
-987
-782
-609
-490
-447
-444
-417
-386
-348
-300
-207
-93
-17
-2
-63
-174
-324
-474
-603
-677
-643
-481
-216
86
423
777
1129
1417
1611
1721
1752
1751
1711
1615
1472
1313
1133
901
571
150
-332
-836
-1328
-1785
-2146
-2335
-2293
-2042
-1642
-1132
-556
48
608
1060
1404
1643
1799
1876
1838
1700
1477
1182
818
346
-192
-741
-1243
-1646
-1929
-2073
-2054
-1868
-1536
-1138
-724
-310
86
436
718
931
1085
1200
1269
1258
1141
923
628
268
-148
-597
-1036
-1415
-1697
-1883
-1982
-1990
-1884
-1659
-1345
-980
-576
-120
369
867
1323
1687
1971
2156
2223
2159
1951
1617
1211
761
271
-230
-706
-1106
-1412
-1613
-1719
-1734
-1609
-1381
-1072
-705
-322
92
510
909
1248
1509
1686
1780
1779
1664
1458
1186
877
558
224
-95
-386
-639
-850
-1032
-1175
-1270
-1299
-1265
-1176
-1038
-849
-623
-387
-158
57
264
449
603
710
765
782
752
656
483
250
-6
-255
-487
-700
-876
-992
-1018
-986
-926
-843
-710
-517
-293
-65
156
383
628
852
1008
1095
1131
1130
1083
975
799
592
372
143
-95
-340
-559
-718
-793
-797
-748
-636
-462
-237
2
220
420
619
805
955
1060
1124
1142
1112
1020
851
630
386
143
-79
-290
-468
-592
-669
-714
-751
-772
-769
-745
-698
-625
-520
-378
-206
-20
140
246
304
300
234
104
-65
-247
-424
-563
-660
-718
-723
-671
-582
-470
-358
-251
-140
-40
64
158
226
296
354
391
405
377
313
234
142
31
-78
-167
-231
-254
-244
-220
-176
-128
-60
1
49
96
142
196
265
333
393
466
532
598
644
666
666
653
612
543
448
322
192
41
-121
-270
-406
-507
-570
-615
-606
-567
-515
-442
-360
-272
-171
-62
41
137
220
291
340
330
278
177
37
-110
-273
-436
-557
-635
-665
-659
-640
-602
-550
-494
-443
-402
-363
-296
-202
-91
37
162
299
444
542
587
589
541
463
360
232
100
-5
-88
-135
-168
-193
-192
-195
-185
-162
-140
-76
23
150
325
512
704
885
1024
1115
1150
1116
1039
933
792
661
525
390
257
123
-21
-162
-313
-471
-600
-703
-759
-752
-705
-610
-480
-338
-191
-74
9
46
43
6
-53
-126
-198
-250
-307
-357
-402
-457
-501
-552
-616
-663
-699
-702
-673
-623
-546
-440
-331
-213
-107
-25
61
137
205
275
350
428
508
580
639
678
670
637
574
471
358
231
108
25
-40
-68
-51
-13
54
128
194
258
302
326
355
368
381
402
413
426
433
414
390
335
252
170
69
-38
-117
-184
-229
-233
-227
-196
-142
-88
-49
-8
13
13
-11
-68
-136
-231
-339
-449
-577
-693
-783
-867
-916
-929
-916
-863
-788
-704
-599
-492
-386
-273
-169
-66
23
108
194
273
335
390
436
458
472
453
421
374
306
229
162
93
34
5
-12
16
64
133
228
327
438
540
620
669
700
688
644
583
492
401
292
187
104
21
-52
-87
-116
-138
-134
-119
-92
-53
-8
45
98
148
194
228
246
248
225
171
102
5
-115
-248
-399
-542
-686
-814
-919
-1005
-1068
-1091
-1092
-1057
-991
-910
-803
-682
-562
-432
-303
-186
-62
47
155
267
379
491
596
688
761
815
838
831
793
731
658
569
468
377
289
203
128
53
-10
-67
-119
-156
-172
-173
-156
-119
-67
8
83
158
238
292
342
380
396
403
394
363
325
276
212
156
93
31
-22
-72
-99
-126
-141
-139
-148
-149
-154
-175
-210
-255
-314
-385
-454
-528
-595
-654
-707
-746
-769
-783
-778
-759
-724
-674
-605
-513
-405
-291
-161
-20
114
240
347
436
509
554
573
577
562
533
501
460
415
358
296
239
182
133
93
61
46
47
61
86
113
146
176
202
222
233
241
248
259
259
259
265
262
252
236
221
195
166
138
105
84
71
62
63
73
87
91
86
72
50
14
-39
-115
-204
-295
-395
-497
-597
-681
-753
-806
-842
-857
-855
-843
-804
-757
-693
-615
-527
-422
-294
-164
-16
142
291
433
550
647
718
753
750
721
672
600
526
447
366
291
227
170
124
74
33
12
-11
-25
-30
-32
-21
7
32
55
92
118
146
187
210
242
263
274
277
266
237
197
151
98
45
0
-34
-59
-64
-58
-42
-33
-36
-48
-79
-138
-205
-301
-386
-459
-524
-571
-595
-603
-602
-580
-567
-547
-527
-505
-477
-435
-394
-315
-231
-150
-56
24
83
143
173
196
215
217
229
244
263
271
289
294
293
280
262
244
244
233
246
274
295
323
328
307
274
222
142
66
-7
-66
-102
-102
-78
-22
33
102
168
221
257
300
316
331
351
352
354
339
309
256
192
91
-3
-113
-217
-324
-416
-508
-570
-638
-694
-734
-768
-775
-764
-716
-651
-547
-428
-292
-168
-44
52
129
164
187
190
183
166
142
113
81
60
34
4
-31
-50
-57
-36
-5
60
131
228
314
402
469
519
545
553
540
517
474
416
354
265
183
79
-15
-120
-191
-253
-272
-267
-222
-149
-61
43
139
221
293
339
364
376
357
341
293
251
187
117
33
-50
-160
-259
-349
-433
-505
-565
-612
-643
-651
-660
-649
-626
-595
-549
-478
-406
-304
-215
-115
-29
50
106
154
173
182
185
163
143
114
83
39
9
-42
-69
-97
-107
-96
-57
-13
66
151
237
333
421
481
531
559
559
564
531
493
437
370
285
206
110
35
-33
-83
-120
-115
-107
-77
-24
14
74
122
154
178
209
205
216
199
164
130
84
7
-64
-156
-259
-342
-431
-522
-582
-631
-676
-679
-677
-657
-610
-538
-465
-361
-264
-159
-52
44
122
184
206
217
212
181
152
97
42
-14
-72
-135
-177
-216
-250
-256
-241
-218
-151
-69
32
155
270
382
491
578
636
684
685
674
636
578
512
447
353
269
192
102
31
-19
-59
-66
-58
-49
-13
26
61
99
130
142
152
147
131
118
90
53
16
-38
-93
-155
-221
-296
-371
-455
-529
-579
-626
-639
-636
-618
-571
-505
-433
-337
-244
-146
-55
27
96
159
204
224
230
211
169
108
43
-35
-108
-182
-249
-298
-329
-337
-324
-291
-228
-155
-68
33
143
260
376
484
566
635
686
720
726
709
665
602
516
425
335
242
161
85
21
-34
-78
-100
-103
-99
-88
-76
-48
-15
21
56
87
110
112
97
78
48
-1
-64
-142
-229
-313
-388
-449
-501
-540
-558
-556
-529
-481
-420
-343
-263
-182
-106
-42
20
60
85
86
66
24
-32
-88
-150
-212
-266
-306
-339
-341
-317
-274
-216
-142
-64
28
126
213
304
378
446
495
529
547
549
537
503
451
398
330
264
205
149
109
72
41
33
42
54
74
97
121
147
176
204
222
236
239
222
200
164
120
66
-5
-85
-169
-246
-315
-375
-419
-449
-468
-473
-459
-424
-377
-315
-246
-178
-112
-47
3
53
88
95
89
57
10
-47
-109
-171
-242
-298
-338
-366
-371
-367
-336
-303
-263
-203
-142
-62
7
87
159
223
281
337
393
425
448
444
434
408
371
334
286
233
184
135
86
54
23
2
-7
-15
-2
12
34
68
103
128
151
170
183
186
174
161
127
78
32
-23
-77
-125
-171
-214
-247
-272
-293
-304
-294
-279
-265
-236
-195
-150
-99
-48
-6
25
43
53
47
37
20
-10
-42
-70
-101
-127
-146
-155
-168
-184
-183
-183
-169
-158
-139
-116
-94
-58
-19
27
71
116
156
195
221
248
271
282
287
281
264
241
216
186
145
99
48
5
-33
-71
-90
-99
-99
-95
-80
-59
-34
-3
20
38
52
62
69
69
62
49
26
1
-31
-66
-93
-124
-152
-172
-184
-188
-180
-151
-116
-76
-35
4
50
88
108
126
123
108
87
52
12
-35
-76
-117
-146
-176
-192
-198
-192
-171
-143
-101
-57
-1
53
108
162
206
242
259
272
263
241
222
181
137
92
47
3
-42
-78
-102
-121
-121
-119
-105
-76
-40
-1
41
85
123
156
176
177
168
152
123
79
28
-26
-77
-125
-166
-195
-219
-230
-229
-219
-196
-166
-133
-88
-38
10
60
102
144
171
186
179
161
133
87
37
-16
-75
-137
-187
-225
-247
-258
-257
-243
-216
-176
-131
-75
-22
37
92
141
184
214
232
237
232
218
190
165
129
90
56
19
-7
-35
-54
-65
-66
-68
-57
-43
-26
0
24
51
78
95
107
118
121
121
109
86
60
30
-1
-30
-62
-87
-101
-116
-121
-128
-122
-120
-109
-92
-76
-52
-35
-16
8
32
51
68
77
75
75
57
26
3
-35
-70
-103
-143
-167
-187
-195
-186
-183
-161
-129
-95
-44
2
46
94
135
166
189
197
198
187
167
137
101
56
20
-13
-46
-68
-78
-82
-79
-60
-41
-14
16
46
78
105
126
149
158
155
154
138
122
92
59
28
-4
-35
-70
-91
-111
-121
-122
-121
-119
-104
-81
-67
-44
-25
-4
23
43
58
69
80
80
73
59
40
16
-10
-50
-82
-116
-147
-168
-186
-195
-198
-192
-173
-144
-103
-62
-22
25
62
101
133
156
164
165
158
137
118
93
59
28
0
-25
-46
-54
-49
-43
-38
-20
7
35
65
92
123
146
163
176
180
180
169
153
133
101
69
38
-1
-45
-81
-109
-132
-151
-161
-159
-158
-138
-117
-87
-57
-28
6
32
65
79
89
94
86
70
39
3
-38
-84
-122
-154
-189
-215
-232
-232
-222
-206
-175
-133
-86
-43
5
49
87
114
141
151
158
152
133
116
88
66
32
7
-10
-31
-43
-45
-42
-33
-19
-2
19
49
71
92
118
140
153
160
173
166
153
142
119
92
61
25
-10
-45
-78
-106
-137
-158
-172
-174
-172
-162
-139
-110
-77
-35
-2
25
53
71
86
93
91
78
56
29
-2
-43
-81
-119
-151
-170
-186
-195
-197
-178
-154
-124
-90
-47
-4
33
65
95
126
137
141
140
129
116
99
71
48
22
2
-14
-29
-40
-43
-39
-34
-21
-1
15
39
60
81
104
118
129
133
136
126
116
98
75
55
26
-6
-34
-59
-82
-105
-121
-127
-127
-121
-114
-90
-71
-49
-23
-4
23
38
49
60
60
59
54
41
15
-5
-26
-44
-61
-85
-99
-108
-109
-106
-95
-84
-67
-46
-24
2
20
46
69
80
95
106
103
101
91
80
60
39
17
-9
-24
-37
-48
-59
-59
-53
-51
-42
-25
0
20
36
61
75
86
96
103
101
93
86
66
49
27
5
-17
-41
-61
-78
-85
-94
-94
-88
-79
-63
-53
-34
-18
2
15
31
47
54
59
63
67
59
52
32
18
6
-9
-21
-36
-49
-57
-60
-61
-61
-53
-43
-31
-16
-4
12
20
29
40
44
46
44
46
37
26
15
0
-9
-17
-26
-33
-36
-37
-39
-38
-35
-34
-24
-16
-9
0
12
19
27
30
31
33
30
27
24
15
7
1
-5
-8
-12
-17
-16
-18
-15
-8
-7
-3
3
7
16
18
17
17
20
17
12
7
-1
-12
-17
-24
-31
-31
-41
-42
-49
-47
-45
-42
-37
-32
-31
-26
-26
-24
-17
-17
-17
-17
-18
-23
-28
-31
-38
-41
-40
-43
-43
-45
-45
-45
-40
-35
-32
-28
-19
-11
-12
-5
-5
-3
2
-3
-6
-10
-15
-21
-33
-35
-39
-45
-45
-54
-54
-49
-45
-38
-34
-18
-8
4
20
28
36
45
46
45
45
42
40
34
29
19
9
1
-4
-15
-19
-22
-24
-22
-19
-16
-8
-3
1
10
16
28
35
40
52
59
65
73
74
75
73
72
69
67
61
54
45
39
31
27
25
19
21
21
20
29
36
37
44
50
57
59
60
61
63
60
52
52
46
43
36
30
27
25
24
23
24
24
26
28
35
36
35
37
37
36
33
31
23
18
16
10
7
-1
-10
-13
-22
-25
-36
-40
-40
-42
-40
-40
-41
-36
-32
-29
-24
-15
-13
-10
-4
-5
-3
-7
-13
-14
-21
-30
-36
-41
-51
-57
-57
-58
-61
-59
-53
-52
-46
-42
-39
-36
-36
-35
-44
-47
-48
-48
-61
-68
-73
-76
-73
-77
-73
-70
-61
-55
-49
-39
-31
-22
-15
-8
-4
-5
-3
-3
-6
-5
-8
-14
-17
-18
-25
-29
-34
-36
-34
-37
-36
-36
-38
-35
-32
-26
-18
-13
-7
-2
3
9
13
17
17
22
21
20
20
15
12
10
8
4
0
-1
-1
0
-3
-2
-4
-7
-5
-5
-3
-5
-1
7
12
17
23
30
34
45
54
61
69
76
82
87
91
93
95
90
86
77
73
63
54
46
33
28
25
22
24
29
35
44
51
61
69
77
85
87
84
78
71
65
52
44
30
16
9
-3
-9
-11
-12
-12
-10
-5
-6
-3
0
-2
-4
-10
-17
-19
-26
-32
-37
-44
-53
-67
-79
-89
-102
-113
-120
-129
-129
-124
-119
-107
-94
-80
-63
-51
-34
-20
-10
-4
0
6
9
19
26
35
46
58
66
73
75
71
68
61
53
47
43
41
43
46
48
50
52
43
33
12
-15
-36
-66
-95
-117
-127
-124
-112
-86
-49
-12
29
70
102
130
145
153
155
152
140
127
115
96
79
59
38
7
-30
-64
-106
-149
-191
-228
-254
-275
-282
-280
-269
-245
-217
-185
-153
-120
-88
-62
-35
-9
16
39
66
85
105
130
147
158
163
159
150
134
113
91
65
38
15
-1
-17
-29
-36
-38
-39
-40
-39
-36
-32
-28
-17
-5
8
26
47
66
89
107
118
128
134
134
128
114
101
85
67
49
30
15
-3
-14
-28
-38
-48
-59
-66
-71
-73
-74
-75
-74
-72
-72
-68
-70
-69
-68
-70
-73
-77
-80
-83
-84
-87
-86
-83
-81
-73
-64
-52
-37
-25
-9
6
24
39
50
56
60
64
63
59
56
51
46
40
35
34
36
38
42
46
51
53
51
53
47
40
31
24
16
6
0
-5
-6
-6
-8
-4
-2
-1
1
6
13
15
20
24
28
31
30
32
33
33
30
26
23
14
3
-8
-23
-34
-45
-60
-74
-84
-92
-92
-92
-91
-82
-72
-60
-46
-32
-17
-2
12
23
32
42
47
47
45
43
38
32
26
18
12
1
-6
-9
-14
-18
-22
-20
-20
-17
-15
-12
-9
-4
1
4
7
9
13
17
19
23
26
31
35
38
40
38
37
33
27
24
15
8
1
-5
-11
-15
-20
-20
-20
-19
-20
-21
-21
-20
-19
-18
-16
-15
-12
-8
-5
-2
1
2
4
7
8
9
9
10
8
8
9
9
12
11
12
14
14
13
11
9
10
4
4
4
2
5
6
7
4
3
3
2
-2
-8
-13
-18
-22
-27
-30
-32
-33
-36
-32
-29
-28
-24
-22
-21
-17
-14
-9
-3
4
9
16
25
35
47
55
63
69
70
68
65
56
48
38
26
12
-1
-8
-17
-21
-25
-26
-27
-29
-30
-28
-29
-29
-30
-30
-31
-31
-29
-28
-26
-25
-21
-17
-15
-12
-10
-10
-9
-8
-7
-8
-8
-6
-5
-5
-5
-5
-4
-1
1
6
11
17
27
31
36
44
51
52
54
52
47
43
33
24
12
0
-11
-24
-33
-40
-43
-43
-42
-39
-37
-35
-31
-31
-31
-31
-33
-34
-38
-38
-36
-35
-32
-29
-22
-15
-12
-8
-3
0
3
8
9
10
16
20
25
31
39
48
54
59
65
66
64
62
55
48
40
31
24
17
9
3
-3
-8
-14
-20
-23
-26
-27
-27
-24
-22
-19
-18
-15
-14
-13
-13
-13
-15
-15
-16
-15
-13
-9
-4
-2
0
4
7
10
13
17
19
22
25
25
23
19
13
6
-4
-14
-21
-30
-35
-41
-42
-44
-45
-45
-46
-44
-44
-42
-40
-39
-36
-35
-31
-25
-19
-13
-7
0
5
8
8
6
5
4
1
2
3
1
0
-5
-18
-35
-63
-103
-146
-192
-234
-268
-290
-289
-270
-229
-169
-95
-9
79
164
240
304
354
389
410
425
430
432
436
443
455
466
479
490
498
500
488
462
423
369
300
218
126
28
-75
-171
-267
-357
-437
-507
-565
-611
-646
-668
-677
-679
-669
-650
-626
-594
-560
-525
-485
-447
-408
-367
-330
-289
-250
-211
-169
-127
-89
-47
-5
34
76
114
154
194
233
270
309
347
379
411
440
465
486
506
519
532
542
546
546
541
536
527
517
505
491
473
452
425
389
341
280
206
122
31
-69
-166
-260
-346
-422
-483
-527
-558
-577
-586
-587
-584
-580
-573
-567
-559
-552
-543
-533
-516
-493
-467
-437
-403
-362
-320
-275
-229
-183
-138
-92
-45
0
45
89
133
179
224
268
310
350
384
419
447
470
488
503
513
517
517
513
509
504
501
494
493
494
492
490
480
460
426
375
308
223
127
22
-82
-182
-270
-341
-390
-419
-430
-424
-409
-386
-370
-356
-353
-362
-378
-402
-430
-456
-479
-494
-497
-494
-479
-460
-435
-407
-380
-357
-334
-312
-295
-275
-253
-228
-199
-162
-122
-74
-25
27
81
131
180
223
265
303
340
372
402
428
452
475
490
504
515
526
537
548
557
572
587
606
624
638
649
650
637
608
562
495
412
309
194
74
-46
-157
-257
-341
-405
-451
-479
-494
-501
-504
-508
-516
-527
-543
-560
-576
-590
-598
-596
-591
-581
-566
-551
-535
-520
-509
-501
-488
-477
-458
-435
-404
-365
-321
-272
-218
-165
-113
-61
-12
35
82
129
173
217
264
314
361
407
453
495
534
564
591
610
624
633
643
652
668
692
723
764
811
861
909
944
956
941
892
807
692
541
370
187
6
-164
-313
-434
-526
-587
-625
-646
-653
-657
-664
-671
-685
-701
-718
-729
-729
-719
-695
-661
-613
-555
-492
-426
-363
-304
-253
-209
-173
-147
-132
-124
-123
-127
-134
-148
-162
-176
-187
-196
-203
-208
-209
-206
-199
-188
-172
-151
-123
-91
-53
-10
38
88
139
189
235
282
325
368
405
445
482
516
551
580
608
636
661
688
715
746
780
815
856
897
932
954
954
925
864
773
648
494
319
134
-50
-225
-387
-522
-623
-697
-743
-772
-788
-796
-798
-797
-797
-798
-792
-776
-748
-711
-664
-602
-524
-438
-351
-265
-186
-113
-55
-11
8
10
-2
-29
-66
-115
-166
-210
-247
-280
-306
-324
-333
-335
-332
-325
-319
-308
-288
-265
-238
-203
-159
-109
-51
12
75
141
208
275
340
402
458
508
555
599
638
672
708
743
777
814
850
888
925
966
1006
1037
1048
1040
1005
946
856
736
587
425
257
86
-78
-228
-357
-451
-521
-576
-619
-652
-678
-698
-719
-746
-771
-788
-794
-795
-789
-772
-738
-681
-619
-559
-491
-427
-366
-316
-284
-270
-263
-269
-283
-308
-339
-364
-382
-393
-402
-409
-408
-397
-382
-365
-345
-318
-283
-236
-189
-134
-69
0
76
151
223
291
360
423
484
539
590
635
677
716
750
785
817
845
872
900
929
960
993
1030
1072
1108
1131
1131
1103
1049
967
850
700
528
346
162
-19
-187
-332
-447
-537
-605
-665
-716
-759
-798
-839
-887
-933
-973
-999
-1013
-1017
-1007
-974
-919
-846
-769
-695
-622
-552
-492
-451
-432
-426
-431
-438
-454
-474
-486
-485
-470
-448
-420
-383
-340
-286
-234
-180
-128
-72
-9
54
118
181
246
313
381
438
493
547
597
643
688
729
768
807
841
875
906
933
956
976
992
1010
1030
1050
1074
1100
1124
1136
1127
1086
1021
926
796
632
438
234
29
-168
-354
-518
-652
-751
-828
-888
-941
-988
-1022
-1056
-1094
-1133
-1165
-1185
-1183
-1168
-1142
-1089
-1012
-913
-806
-709
-616
-527
-451
-389
-356
-344
-341
-338
-344
-349
-356
-347
-323
-289
-256
-215
-168
-116
-57
-13
30
76
122
176
229
274
328
383
436
490
535
578
621
659
691
722
745
767
788
798
811
821
829
837
843
851
869
892
917
956
997
1034
1058
1053
1018
960
865
733
564
363
159
-44
-240
-420
-578
-714
-805
-883
-945
-1003
-1050
-1087
-1121
-1168
-1209
-1233
-1241
-1223
-1192
-1144
-1071
-969
-858
-741
-641
-551
-462
-395
-345
-319
-314
-313
-307
-316
-319
-321
-308
-280
-246
-220
-180
-136
-87
-31
9
47
91
135
184
233
272
321
373
424
480
527
573
620
665
700
738
764
788
815
824
834
840
845
854
866
877
904
936
970
1018
1065
1104
1129
1122
1083
1020
917
777
603
399
193
-9
-208
-394
-556
-700
-805
-901
-985
-1060
-1125
-1183
-1232
-1289
-1334
-1355
-1355
-1321
-1270
-1204
-1112
-995
-873
-751
-649
-562
-483
-428
-393
-377
-376
-381
-377
-386
-383
-377
-355
-320
-281
-249
-206
-158
-105
-47
2
47
99
155
214
271
322
379
439
492
547
597
642
691
737
772
807
833
855
873
881
890
891
890
897
914
929
955
985
1023
1066
1100
1121
1127
1103
1044
964
850
707
535
344
152
-36
-218
-390
-540
-685
-802
-914
-1013
-1108
-1189
-1269
-1338
-1396
-1434
-1447
-1440
-1403
-1341
-1259
-1153
-1021
-881
-738
-608
-491
-389
-314
-264
-246
-255
-283
-309
-343
-371
-387
-378
-348
-305
-252
-187
-123
-58
9
63
107
146
188
231
279
321
372
425
474
528
579
626
662
695
721
741
752
761
774
787
797
804
812
827
855
882
911
947
992
1043
1092
1144
1185
1192
1156
1099
1003
863
675
463
241
11
-206
-407
-588
-746
-881
-993
-1091
-1183
-1266
-1342
-1413
-1472
-1512
-1527
-1512
-1463
-1386
-1280
-1148
-981
-797
-614
-449
-300
-172
-67
2
19
-10
-72
-136
-206
-285
-360
-414
-437
-431
-403
-359
-306
-246
-171
-90
-27
19
68
128
184
232
279
326
376
434
500
561
609
658
712
759
795
821
848
880
903
917
926
940
963
996
1025
1054
1094
1139
1188
1244
1277
1266
1212
1135
1033
868
643
396
151
-97
-338
-554
-742
-902
-1029
-1119
-1200
-1287
-1366
-1428
-1478
-1530
-1572
-1582
-1551
-1478
-1368
-1238
-1084
-896
-681
-478
-311
-166
-44
57
123
133
82
-2
-94
-194
-315
-451
-568
-641
-671
-659
-609
-533
-438
-306
-155
-26
66
145
223
289
337
374
409
448
505
577
643
692
740
807
863
896
921
952
976
990
1005
1010
1011
1028
1058
1093
1128
1171
1233
1312
1396
1452
1443
1368
1270
1142
931
634
316
6
-301
-583
-833
-1045
-1223
-1352
-1422
-1484
-1565
-1635
-1672
-1692
-1719
-1734
-1711
-1648
-1513
-1343
-1166
-975
-757
-514
-304
-135
5
116
206
263
273
226
115
-2
-132
-300
-492
-672
-799
-877
-888
-836
-732
-588
-390
-173
19
160
261
343
397
418
420
423
441
488
563
641
695
754
822
877
915
929
942
968
1004
1033
1053
1066
1094
1143
1196
1230
1282
1356
1457
1572
1650
1620
1512
1397
1232
967
603
212
-151
-496
-813
-1079
-1307
-1491
-1596
-1629
-1660
-1719
-1738
-1728
-1700
-1674
-1658
-1611
-1491
-1308
-1101
-910
-706
-459
-227
-24
130
246
332
382
427
411
312
186
28
-155
-402
-688
-929
-1142
-1276
-1339
-1328
-1215
-1034
-770
-461
-179
65
249
408
520
550
564
550
562
608
661
721
775
838
910
959
986
1010
1033
1065
1098
1155
1194
1230
1305
1366
1405
1471
1552
1641
1747
1850
1884
1762
1585
1412
1157
754
273
-166
-576
-972
-1304
-1577
-1804
-1937
-1981
-1972
-1975
-1968
-1918
-1841
-1760
-1676
-1598
-1486
-1290
-1037
-807
-612
-383
-124
105
276
377
447
486
494
475
394
249
52
-172
-417
-722
-1032
-1316
-1517
-1623
-1662
-1597
-1432
-1177
-827
-444
-81
213
461
684
826
905
914
899
900
905
931
930
925
946
978
1028
1055
1054
1087
1154
1250
1333
1411
1503
1595
1706
1809
1888
1956
2046
2174
2212
2026
1760
1524
1211
714
120
-422
-927
-1373
-1735
-2036
-2263
-2384
-2380
-2305
-2268
-2227
-2127
-2000
-1853
-1701
-1572
-1446
-1209
-887
-634
-444
-241
4
224
337
390
401
394
358
311
229
24
-196
-415
-672
-1005
-1395
-1674
-1864
-1961
-1962
-1856
-1594
-1233
-794
-295
146
516
829
1085
1250
1310
1311
1267
1228
1198
1165
1120
1094
1079
1085
1096
1105
1106
1139
1215
1328
1438
1542
1695
1850
2012
2139
2250
2382
2505
2621
2550
2221
1878
1517
963
242
-495
-1135
-1729
-2183
-2520
-2783
-2911
-2898
-2733
-2556
-2478
-2316
-2104
-1883
-1666
-1484
-1288
-1065
-736
-414
-197
-47
117
308
420
377
291
222
135
58
-33
-183
-374
-539
-696
-975
-1380
-1720
-1943
-2063
-2164
-2122
-1869
-1481
-987
-424
119
565
956
1290
1486
1520
1476
1430
1389
1310
1250
1187
1129
1136
1149
1117
1072
1048
1115
1192
1274
1431
1601
1815
2034
2243
2400
2543
2745
2902
3012
2983
2600
2175
1793
1172
322
-600
-1373
-2045
-2597
-3020
-3322
-3427
-3347
-3087
-2775
-2599
-2376
-2059
-1718
-1415
-1185
-972
-722
-380
-69
104
173
250
348
405
301
116
-43
-182
-311
-452
-639
-896
-1143
-1356
-1616
-1923
-2203
-2349
-2308
-2145
-1856
-1467
-960
-382
205
731
1077
1288
1428
1512
1505
1386
1271
1212
1159
1157
1111
1054
1036
1031
1071
1091
1088
1183
1332
1530
1760
1963
2185
2403
2621
2801
2961
3147
3309
3426
3290
2769
2267
1738
879
-196
-1252
-2131
-2881
-3456
-3840
-4025
-3971
-3693
-3221
-2761
-2438
-2037
-1560
-1119
-772
-519
-285
-5
285
480
500
416
356
309
155
-196
-542
-772
-992
-1167
-1327
-1486
-1613
-1704
-1792
-2009
-2272
-2395
-2388
-2257
-2015
-1632
-1050
-389
320
969
1427
1714
1861
1855
1682
1388
1091
871
761
704
685
723
829
989
1146
1254
1340
1489
1719
1962
2173
2382
2637
2906
3120
3287
3371
3450
3589
3758
3627
2976
2281
1716
846
-392
-1671
-2714
-3533
-4134
-4449
-4611
-4528
-4105
-3412
-2698
-2220
-1715
-1076
-492
-39
288
463
620
836
951
822
485
140
-102
-386
-886
-1414
-1765
-1991
-2154
-2197
-2224
-2266
-2137
-1902
-1811
-1841
-1870
-1748
-1506
-1306
-1013
-600
-132
429
987
1395
1569
1633
1630
1478
1155
816
521
356
343
398
493
639
907
1240
1524
1718
1927
2218
2510
2752
2947
3144
3321
3481
3632
3675
3723
3788
3901
3852
3116
2141
1457
491
-951
-2409
-3534
-4408
-4970
-5117
-5049
-4748
-4114
-3164
-2182
-1543
-1041
-298
309
691
963
1081
1089
1159
1179
871
285
-303
-761
-1187
-1811
-2470
-2789
-2928
-2938
-2800
-2728
-2750
-2652
-2332
-2142
-2149
-2077
-1776
-1154
-528
29
647
1225
1754
2142
2190
1888
1421
1066
669
225
-132
-331
-247
25
386
696
986
1397
1890
2271
2503
2710
3008
3309
3534
3674
3753
3757
3771
3781
3714
3599
3511
3523
3092
2069
1215
324
-939
-2341
-3586
-4462
-5085
-5259
-5067
-4638
-3956
-2978
-1818
-948
-403
299
879
1210
1346
1375
1248
1045
864
484
-182
-960
-1578
-2035
-2618
-3239
-3571
-3600
-3429
-3115
-2693
-2309
-2005
-1610
-1353
-1280
-1268
-1288
-1070
-770
-461
-43
335
725
1061
1206
1108
792
502
230
-34
-177
-164
51
413
884
1349
1743
2132
2501
2805
3005
3146
3288
3468
3620
3696
3744
3713
3670
3608
3424
3280
3210
3242
2845
1797
1003
267
-977
-2371
-3582
-4371
-4902
-5006
-4712
-4220
-3498
-2466
-1260
-397
2
556
1065
1262
1294
1173
953
713
487
103
-620
-1481
-2102
-2540
-3007
-3536
-3739
-3601
-3297
-2818
-2251
-1721
-1323
-971
-691
-681
-868
-1038
-1043
-910
-825
-612
-309
8
327
528
531
384
243
207
119
108
252
565
1018
1481
1944
2292
2572
2894
3106
3190
3193
3252
3434
3520
3532
3582
3497
3426
3342
3197
3073
2985
3113
2762
1668
889
202
-1085
-2560
-3712
-4416
-4950
-4951
-4533
-3879
-3082
-2028
-773
49
289
737
1126
1157
997
797
481
172
-55
-439
-1157
-1960
-2510
-2804
-3151
-3559
-3550
-3203
-2773
-2170
-1496
-1043
-777
-461
-306
-659
-1141
-1411
-1533
-1570
-1601
-1387
-1001
-674
-254
52
86
45
143
284
281
365
711
1160
1651
2068
2457
2715
2918
3135
3189
3122
3082
3186
3354
3404
3423
3532
3493
3423
3363
3251
3140
3184
3364
2799
1571
840
49
-1427
-2983
-4110
-4719
-5050
-4814
-4215
-3442
-2530
-1284
-14
496
559
953
1188
1070
819
527
139
-138
-354
-863
-1724
-2581
-3021
-3186
-3481
-3710
-3403
-2755
-2039
-1236
-527
-159
14
204
62
-611
-1332
-1780
-2008
-2156
-2269
-2064
-1667
-1265
-745
-394
-312
-227
67
385
509
704
1146
1665
2175
2558
2797
2929
3048
3203
3197
3016
2939
3101
3261
3295
3306
3362
3287
3227
3193
3077
2956
3095
3384
2734
1485
810
-59
-1630
-3225
-4323
-4886
-5149
-4824
-4109
-3256
-2328
-1036
184
488
434
766
866
653
411
141
-174
-337
-492
-1012
-1898
-2714
-3055
-3179
-3489
-3564
-3018
-2253
-1402
-478
187
408
480
467
-62
-926
-1669
-2117
-2282
-2396
-2266
-1852
-1468
-990
-496
-284
-244
-125
187
446
666
1028
1541
2091
2549
2859
2997
3023
3071
3167
3119
2964
3001
3206
3356
3403
3390
3302
3222
3190
3060
2979
2991
3290
3321
2271
1268
539
-844
-2533
-3948
-4824
-5302
-5211
-4508
-3634
-2632
-1491
-222
555
499
504
665
464
195
2
-321
-565
-624
-964
-1693
-2540
-3187
-3405
-3503
-3601
-3246
-2396
-1441
-450
401
759
831
752
323
-520
-1520
-2200
-2516
-2679
-2661
-2438
-1959
-1431
-940
-524
-363
-247
46
411
648
885
1324
1843
2309
2659
2824
2904
2977
3059
3134
3093
3052
3176
3379
3502
3450
3429
3328
3243
3234
3133
3119
3350
3687
3165
1907
1066
8
-1653
-3296
-4518
-5043
-5178
-4735
-3825
-2823
-1838
-631
422
549
299
399
372
124
-88
-317
-584
-704
-901
-1512
-2393
-3238
-3648
-3736
-3841
-3572
-2727
-1650
-514
544
1190
1353
1363
1030
231
-813
-1818
-2474
-2875
-3193
-3214
-2979
-2534
-1924
-1295
-813
-416
74
611
1048
1313
1545
1826
2073
2268
2365
2373
2416
2538
2698
2786
2809
2941
3147
3262
3318
3353
3363
3281
3283
3317
3342
3435
3723
4162
3585
2123
1204
222
-1567
-3378
-4643
-5098
-5128
-4685
-3850
-2817
-1821
-694
343
439
26
152
240
39
-159
-408
-641
-725
-936
-1645
-2665
-3570
-3925
-3881
-3893
-3591
-2573
-1265
-40
1011
1623
1698
1521
1015
5
-1202
-2246
-2867
-3098
-3147
-2967
-2484
-1820
-1144
-612
-272
-46
257
617
900
1109
1353
1673
1942
2156
2249
2257
2322
2424
2576
2723
2853
3075
3345
3536
3607
3552
3490
3337
3212
3095
3055
3174
3505
3935
3428
2085
1204
196
-1551
-3305
-4596
-5034
-5020
-4523
-3664
-2640
-1667
-571
323
273
-196
-139
-140
-310
-511
-750
-938
-997
-1272
-2029
-3066
-3964
-4255
-4116
-3990
-3486
-2327
-933
349
1365
1860
1835
1543
966
-125
-1397
-2345
-2852
-3027
-3062
-2872
-2306
-1654
-1092
-583
-267
-27
345
758
1055
1265
1524
1837
2057
2151
2160
2173
2221
2346
2540
2655
2818
3058
3323
3488
3515
3418
3353
3245
3178
3089
3065
3225
3608
4075
3624
2278
1325
379
-1301
-3064
-4343
-4777
-4738
-4233
-3423
-2466
-1634
-663
156
53
-509
-520
-444
-549
-707
-864
-1018
-1066
-1359
-2122
-3161
-4083
-4349
-4125
-3900
-3300
-2087
-714
497
1326
1594
1382
947
347
-590
-1711
-2424
-2638
-2619
-2563
-2403
-1980
-1450
-1059
-671
-402
-164
282
824
1218
1411
1627
1874
2025
2059
1993
2032
2189
2429
2745
2883
2994
3165
3320
3359
3251
3090
3017
3037
3147
3187
3236
3429
3774
4191
3646
2188
1108
225
-1339
-2997
-4137
-4436
-4264
-3763
-3094
-2302
-1656
-893
-174
-308
-897
-878
-625
-636
-765
-935
-1111
-1209
-1559
-2378
-3373
-4141
-4276
-3922
-3563
-2888
-1642
-313
797
1543
1703
1457
1009
381
-577
-1750
-2567
-2890
-3012
-3004
-2825
-2318
-1575
-930
-294
209
629
1117
1556
1775
1776
1800
1848
1836
1803
1710
1770
1920
2098
2354
2487
2617
2861
3062
3189
3245
3266
3321
3276
3295
3331
3344
3442
3743
4134
3741
2465
1428
543
-1060
-2827
-4019
-4502
-4521
-4153
-3491
-2643
-1884
-1079
-312
-368
-884
-835
-597
-630
-728
-829
-950
-1102
-1479
-2316
-3341
-4155
-4384
-4122
-3769
-3138
-1957
-706
306
988
1119
850
487
38
-692
-1571
-2102
-2213
-2165
-2145
-2102
-1791
-1361
-978
-554
-226
131
670
1156
1491
1585
1650
1756
1791
1794
1801
1909
2126
2395
2652
2778
2833
2932
3087
3152
3096
3097
3214
3306
3424
3464
3462
3640
3949
4279
3786
2433
1367
556
-973
-2735
-3925
-4334
-4252
-3901
-3388
-2613
-1837
-997
-318
-438
-927
-830
-559
-601
-810
-979
-1111
-1218
-1606
-2468
-3448
-4144
-4275
-3952
-3629
-2995
-1797
-500
454
1005
1076
830
429
-146
-1008
-1971
-2483
-2563
-2477
-2441
-2312
-1812
-1205
-781
-339
22
408
910
1326
1549
1600
1622
1712
1732
1652
1611
1739
1950
2145
2360
2529
2694
2872
3067
3130
3139
3191
3315
3443
3557
3568
3645
3867
4185
4386
3623
2256
1216
216
-1408
-3038
-4053
-4211
-4040
-3651
-3045
-2269
-1606
-863
-418
-660
-1003
-810
-498
-476
-610
-728
-888
-1175
-1754
-2744
-3715
-4329
-4343
-3871
-3378
-2543
-1288
-148
624
964
786
413
-16
-580
-1289
-1967
-2213
-2096
-1960
-1941
-1832
-1460
-1053
-698
-311
33
452
976
1404
1580
1534
1476
1511
1505
1452
1495
1751
2046
2326
2611
2778
2900
2993
3042
3039
3006
3045
3201
3365
3536
3598
3723
3914
4222
4262
3233
1855
917
-168
-1857
-3342
-4111
-4097
-3927
-3515
-2910
-2175
-1609
-954
-649
-1026
-1286
-946
-680
-726
-876
-977
-1123
-1464
-2172
-3147
-3971
-4407
-4238
-3700
-3167
-2195
-869
184
773
914
628
249
-251
-960
-1649
-2149
-2240
-2045
-1845
-1755
-1489
-1050
-611
-280
51
434
908
1310
1590
1702
1666
1589
1525
1457
1445
1521
1816
2134
2406
2730
2937
3071
3108
3123
3063
3031
3023
3078
3130
3264
3357
3611
3853
4280
4242
3131
1913
1084
-185
-1956
-3266
-3850
-3857
-3822
-3447
-2876
-2240
-1875
-1261
-1104
-1462
-1483
-968
-660
-584
-663
-753
-956
-1467
-2344
-3345
-4116
-4440
-4101
-3558
-2925
-1864
-644
189
576
517
105
-287
-740
-1272
-1780
-2022
-1883
-1613
-1526
-1493
-1274
-935
-610
-339
7
405
867
1263
1512
1515
1433
1417
1380
1390
1479
1661
2060
2438
2694
2874
2966
3014
3023
2984
3033
3139
3320
3461
3678
3769
3820
3989
4303
4429
3660
2318
1333
374
-1291
-2795
-3701
-3858
-3776
-3446
-2983
-2263
-1749
-1184
-775
-1037
-1367
-1071
-821
-836
-891
-1067
-1237
-1605
-2263
-3175
-3933
-4413
-4283
-3709
-3141
-2325
-1135
-116
359
508
303
-30
-388
-843
-1341
-1631
-1740
-1661
-1582
-1651
-1610
-1309
-924
-601
-189
258
741
1176
1435
1517
1472
1389
1382
1384
1480
1708
2030
2365
2587
2780
2869
2871
2865
2881
2905
3033
3178
3366
3455
3540
3579
3630
3767
4142
4259
3340
2159
1393
372
-1346
-2775
-3613
-3752
-3786
-3603
-3176
-2539
-2187
-1630
-1371
-1763
-1851
-1387
-1087
-998
-973
-1101
-1239
-1643
-2369
-3280
-3988
-4326
-3963
-3333
-2759
-1821
-679
81
343
277
-122
-488
-773
-1143
-1482
-1601
-1477
-1259
-1213
-1289
-1155
-859
-571
-245
175
551
961
1332
1483
1447
1302
1238
1213
1236
1428
1763
2176
2532
2748
2880
2933
2894
2823
2786
2894
3147
3391
3546
3692
3794
3777
3810
3909
4185
4090
3121
2034
1225
7
-1583
-2841
-3570
-3782
-3754
-3519
-3027
-2404
-2026
-1493
-1341
-1623
-1590
-1220
-1100
-1067
-1128
-1362
-1691
-2145
-2870
-3667
-4217
-4412
-3960
-3327
-2719
-1808
-788
-271
-114
-135
-320
-488
-675
-865
-993
-1030
-1027
-1032
-1197
-1372
-1300
-1016
-783
-462
60
528
914
1165
1307
1312
1284
1297
1342
1510
1807
2188
2526
2705
2779
2858
2833
2769
2761
2831
3079
3400
3671
3719
3785
3829
3933
3915
4092
4397
3983
2807
1809
871
-672
-2207
-3213
-3479
-3594
-3437
-3023
-2309
-1970
-1715
-1439
-1607
-1899
-1702
-1404
-1310
-1190
-1258
-1452
-1920
-2554
-3405
-4066
-4433
-4276
-3616
-2916
-2030
-1016
-362
-290
-329
-595
-888
-1145
-1261
-1271
-1181
-1043
-931
-997
-1193
-1201
-1023
-718
-465
39
631
1082
1297
1374
1330
1220
1156
1119
1247
1572
2019
2457
2805
2952
3011
2993
2894
2776
2722
2858
3134
3412
3595
3728
3804
3872
3921
4010
4285
4124
3116
2100
1236
-111
-1661
-2783
-3336
-3497
-3526
-3301
-2798
-2371
-2134
-1754
-1695
-1983
-1808
-1463
-1397
-1383
-1396
-1630
-2028
-2608
-3329
-3950
-4326
-4368
-3900
-3205
-2503
-1597
-921
-641
-455
-391
-535
-573
-534
-512
-478
-566
-638
-849
-1110
-1234
-1127
-869
-495
6
601
1010
1230
1328
1328
1326
1332
1419
1560
1887
2290
2606
2808
2879
2882
2846
2737
2679
2805
2934
3131
3357
3584
3597
3526
3502
3617
3726
3933
4048
3427
2387
1409
303
-1196
-2403
-3131
-3275
-3253
-3035
-2739
-2317
-2104
-1888
-1861
-2155
-2184
-1825
-1568
-1530
-1484
-1593
-1925
-2454
-3109
-3782
-4181
-4224
-3928
-3280
-2627
-1872
-1242
-947
-877
-799
-855
-850
-710
-598
-508
-518
-515
-715
-998
-1177
-1133
-931
-574
-82
502
934
1136
1228
1214
1197
1178
1322
1530
1843
2278
2651
2848
2893
2892
2859
2797
2713
2826
2967
3158
3359
3640
3741
3743
3724
3831
3939
4197
4236
3478
2379
1473
368
-1252
-2434
-2979
-3021
-3117
-2946
-2659
-2207
-2074
-1870
-1796
-2029
-1988
-1539
-1332
-1466
-1485
-1664
-2030
-2665
-3251
-3824
-4042
-4041
-3744
-3149
-2627
-2032
-1460
-1152
-1148
-1000
-938
-791
-634
-593
-616
-611
-684
-888
-1107
-1309
-1168
-847
-506
-138
377
741
890
927
885
925
1048
1261
1534
1877
2257
2636
2838
2850
2892
2956
3037
3050
3108
3201
3327
3425
3489
3505
3445
3482
3672
3934
4203
4264
3540
2521
1549
331
-1100
-2152
-2661
-2743
-2663
-2604
-2474
-2221
-2174
-2145
-2127
-2333
-2216
-1732
-1547
-1551
-1645
-1901
-2280
-2784
-3388
-3873
-3949
-3811
-3410
-2834
-2341
-1891
-1430
-1248
-1207
-1189
-1104
-892
-660
-587
-631
-621
-692
-841
-988
-1065
-962
-633
-226
156
516
773
918
972
970
951
1067
1307
1635
1987
2265
2545
2758
2896
2925
2956
2998
3094
3188
3250
3226
3272
3441
3566
3528
3503
3793
4136
4368
3997
3030
2071
1173
-161
-1467
-2273
-2544
-2488
-2399
-2462
-2417
-2147
-2075
-2034
-2111
-2151
-1759
-1374
-1406
-1571
-1844
-2245
-2656
-3180
-3722
-4014
-3833
-3572
-3169
-2738
-2362
-1959
-1637
-1502
-1422
-1273
-1039
-772
-654
-669
-782
-812
-943
-1064
-1081
-967
-758
-450
-97
203
493
647
726
784
852
962
1189
1436
1741
2117
2396
2588
2714
2906
3087
3245
3355
3514
3627
3540
3408
3337
3343
3347
3415
3562
3887
4213
4349
3703
2609
1701
723
-580
-1663
-2083
-2144
-2154
-2244
-2287
-2245
-2283
-2375
-2291
-2332
-2191
-1671
-1443
-1532
-1735
-2062
-2529
-3032
-3492
-3818
-3890
-3692
-3312
-2885
-2598
-2338
-1948
-1690
-1519
-1337
-1068
-819
-674
-641
-745
-907
-1046
-1130
-1114
-999
-784
-465
-171
43
287
531
649
738
893
1028
1156
1317
1494
1727
1964
2178
2359
2563
2802
3111
3372
3548
3731
3795
3669
3489
3393
3353
3391
3505
3767
4104
4436
4196
3213
2204
1333
156
-1054
-1765
-2001
-2014
-2066
-2226
-2289
-2289
-2441
-2468
-2456
-2461
-2014
-1550
-1559
-1693
-1940
-2389
-2869
-3329
-3763
-3960
-3827
-3492
-3088
-2804
-2603
-2217
-1835
-1676
-1484
-1115
-742
-534
-472
-525
-650
-768
-928
-1025
-945
-693
-375
-86
110
281
524
712
784
933
1128
1288
1434
1562
1667
1867
2067
2233
2355
2538
2795
3076
3222
3364
3512
3482
3354
3207
3168
3158
3210
3406
3717
3976
4142
3682
2742
1948
1176
43
-881
-1350
-1598
-1760
-1945
-2262
-2280
-2327
-2491
-2486
-2403
-2301
-1906
-1722
-1863
-2066
-2482
-3044
-3405
-3732
-4129
-4113
-3776
-3435
-3124
-2887
-2622
-2203
-1867
-1637
-1327
-960
-676
-500
-564
-745
-871
-928
-1030
-1019
-813
-449
-108
159
364
540
760
948
1128
1320
1515
1711
1860
1901
1926
2046
2159
2283
2478
2750
3092
3435
3637
3721
3698
3531
3380
3264
3194
3190
3342
3503
3617
3687
3330
2496
1645
953
86
-786
-1276
-1411
-1549
-1801
-2051
-2141
-2162
-2285
-2322
-2277
-2203
-1956
-1770
-1836
-2035
-2229
-2541
-2893
-3217
-3455
-3548
-3486
-3367
-3179
-3002
-2858
-2581
-2288
-2012
-1724
-1402
-1097
-921
-858
-851
-858
-877
-868
-798
-614
-373
-123
119
289
440
576
703
849
1067
1277
1459
1593
1667
1734
1797
1860
1913
2085
2331
2622
2924
3154
3333
3458
3436
3302
3245
3255
3243
3215
3243
3319
3411
3366
2987
2402
1825
1292
624
-56
-501
-792
-1092
-1450
-1805
-2024
-2138
-2284
-2420
-2479
-2440
-2329
-2250
-2285
-2408
-2464
-2564
-2689
-2841
-2975
-3021
-2988
-2923
-2811
-2689
-2505
-2260
-1994
-1735
-1543
-1337
-1120
-1040
-998
-986
-991
-947
-868
-774
-625
-421
-146
86
254
446
619
818
1002
1169
1351
1470
1500
1508
1488
1504
1542
1599
1711
1870
2071
2297
2463
2619
2718
2744
2723
2728
2733
2703
2610
2576
2623
2686
2698
2620
2429
2200
1952
1634
1296
990
659
297
-65
-437
-722
-991
-1348
-1661
-1879
-2131
-2315
-2466
-2609
-2680
-2714
-2767
-2756
-2743
-2782
-2822
-2844
-2841
-2759
-2658
-2563
-2375
-2122
-1934
-1830
-1769
-1709
-1626
-1594
-1599
-1547
-1454
-1339
-1211
-1109
-983
-789
-599
-412
-192
65
355
613
823
1016
1156
1238
1268
1313
1434
1567
1733
1906
2040
2221
2438
2601
2759
2836
2912
3000
3030
3009
2973
2887
2834
2806
2804
2827
2890
2905
2824
2734
2626
2508
2295
1869
1388
999
563
175
-292
-805
-1199
-1577
-2048
-2458
-2827
-3073
-3224
-3355
-3467
-3438
-3376
-3414
-3479
-3524
-3551
-3479
-3391
-3320
-3111
-2851
-2626
-2482
-2393
-2287
-2103
-1960
-1850
-1729
-1556
-1394
-1229
-1099
-977
-791
-530
-277
-2
293
591
865
1064
1190
1321
1446
1530
1643
1775
1916
2082
2222
2321
2462
2628
2819
2984
3099
3212
3314
3341
3311
3252
3198
3131
3074
3071
3075
3047
2940
2793
2634
2479
2243
1865
1404
999
585
183
-248
-690
-1046
-1387
-1831
-2221
-2557
-2844
-3084
-3305
-3463
-3503
-3518
-3578
-3647
-3675
-3651
-3612
-3579
-3515
-3341
-3112
-2903
-2745
-2588
-2409
-2206
-2018
-1838
-1651
-1436
-1230
-1088
-974
-829
-664
-451
-211
32
324
620
872
1076
1209
1311
1438
1544
1657
1789
1921
2064
2166
2216
2293
2399
2537
2695
2831
2970
3118
3215
3225
3192
3151
3143
3120
3074
3080
3103
3010
2841
2654
2482
2345
2048
1580
1150
784
393
-18
-519
-961
-1270
-1633
-2099
-2485
-2779
-3002
-3211
-3456
-3615
-3606
-3617
-3688
-3739
-3734
-3647
-3549
-3517
-3460
-3279
-3053
-2873
-2747
-2595
-2353
-2083
-1881
-1713
-1508
-1256
-1050
-938
-846
-687
-472
-259
-77
134
415
695
915
1062
1186
1336
1477
1593
1730
1890
2052
2191
2274
2336
2436
2556
2681
2817
2950
3099
3240
3307
3299
3268
3248
3245
3208
3156
3146
3092
2920
2686
2469
2314
2145
1800
1345
941
571
163
-288
-776
-1164
-1474
-1842
-2252
-2577
-2826
-3016
-3225
-3436
-3561
-3569
-3592
-3634
-3643
-3594
-3486
-3378
-3324
-3248
-3088
-2914
-2769
-2655
-2488
-2240
-1964
-1757
-1574
-1363
-1135
-972
-860
-757
-582
-369
-182
-14
198
440
678
874
1009
1140
1295
1430
1539
1665
1785
1922
2026
2103
2177
2293
2406
2550
2671
2804
2960
3096
3158
3189
3188
3213
3222
3178
3139
3116
2987
2766
2538
2345
2227
2024
1660
1245
894
508
106
-350
-769
-1089
-1376
-1748
-2084
-2366
-2591
-2816
-3036
-3233
-3309
-3352
-3408
-3456
-3450
-3387
-3304
-3242
-3185
-3076
-2939
-2809
-2716
-2580
-2390
-2150
-1943
-1748
-1550
-1312
-1132
-1013
-906
-771
-619
-459
-324
-146
79
300
496
699
866
1038
1199
1307
1425
1555
1671
1776
1887
1977
2105
2226
2344
2499
2643
2797
2963
3093
3184
3277
3326
3361
3372
3331
3320
3251
3036
2792
2585
2423
2270
1998
1599
1234
879
467
41
-404
-779
-1057
-1384
-1750
-2051
-2329
-2588
-2847
-3111
-3271
-3346
-3446
-3551
-3614
-3628
-3565
-3540
-3526
-3450
-3316
-3183
-3067
-2947
-2777
-2519
-2301
-2080
-1858
-1597
-1334
-1116
-983
-836
-673
-525
-371
-226
-48
193
404
607
811
1007
1200
1372
1491
1606
1758
1883
2013
2112
2230
2380
2531
2663
2791
2934
3069
3214
3294
3375
3448
3508
3527
3513
3483
3421
3258
2965
2698
2488
2321
2060
1704
1284
942
564
155
-299
-680
-991
-1251
-1582
-1882
-2138
-2355
-2631
-2883
-3093
-3190
-3277
-3404
-3531
-3588
-3574
-3585
-3609
-3634
-3543
-3413
-3319
-3237
-3110
-2898
-2677
-2453
-2255
-1984
-1686
-1412
-1195
-1026
-841
-638
-455
-315
-147
60
289
522
725
930
1155
1348
1503
1628
1760
1894
2042
2116
2220
2363
2521
2657
2770
2878
3023
3170
3254
3353
3442
3558
3646
3684
3667
3657
3536
3275
2976
2697
2503
2244
1865
1414
1025
640
248
-208
-640
-961
-1233
-1547
-1857
-2127
-2327
-2549
-2797
-3023
-3120
-3192
-3294
-3417
-3505
-3492
-3481
-3506
-3558
-3503
-3393
-3262
-3201
-3124
-2957
-2756
-2546
-2374
-2148
-1862
-1556
-1318
-1101
-896
-682
-460
-304
-156
39
259
486
690
888
1107
1317
1460
1596
1722
1852
1991
2070
2126
2229
2357
2472
2584
2653
2780
2937
3032
3118
3229
3359
3494
3593
3604
3636
3590
3398
3144
2861
2623
2380
2011
1537
1135
747
349
-74
-529
-874
-1152
-1475
-1812
-2092
-2316
-2510
-2729
-2970
-3076
-3141
-3231
-3342
-3434
-3448
-3413
-3414
-3465
-3426
-3338
-3210
-3113
-3041
-2906
-2715
-2518
-2350
-2140
-1887
-1593
-1319
-1081
-855
-631
-409
-228
-72
80
270
485
693
879
1079
1286
1443
1580
1697
1822
1959
2047
2092
2156
2253
2354
2463
2518
2603
2741
2842
2918
3015
3137
3281
3407
3445
3493
3509
3378
3164
2896
2645
2411
2070
1606
1186
809
422
25
-425
-776
-1033
-1329
-1679
-1975
-2207
-2399
-2607
-2860
-2991
-3032
-3101
-3212
-3320
-3359
-3328
-3323
-3389
-3392
-3321
-3216
-3126
-3071
-2951
-2767
-2576
-2424
-2238
-1993
-1699
-1421
-1195
-951
-705
-467
-277
-120
43
233
430
629
827
1027
1253
1425
1566
1703
1840
1976
2068
2112
2165
2262
2339
2424
2484
2544
2654
2747
2818
2910
3037
3174
3319
3411
3480
3544
3469
3282
3050
2804
2549
2219
1764
1311
917
496
79
-352
-734
-1025
-1317
-1648
-1952
-2195
-2411
-2609
-2835
-2986
-3039
-3095
-3183
-3273
-3321
-3314
-3302
-3343
-3362
-3330
-3260
-3169
-3106
-3022
-2890
-2717
-2550
-2371
-2161
-1900
-1610
-1344
-1081
-833
-565
-304
-79
113
301
514
727
932
1109
1304
1495
1653
1780
1903
2034
2144
2206
2234
2297
2378
2455
2514
2558
2630
2723
2803
2880
2999
3135
3276
3400
3489
3562
3536
3384
3160
2932
2678
2346
1911
1440
1013
583
133
-318
-717
-1044
-1354
-1691
-2005
-2251
-2470
-2686
-2901
-3049
-3108
-3157
-3241
-3312
-3335
-3319
-3302
-3329
-3336
-3292
-3232
-3166
-3110
-3042
-2925
-2788
-2648
-2469
-2256
-2006
-1732
-1468
-1201
-913
-640
-371
-117
109
329
544
737
939
1125
1301
1475
1635
1778
1926
2066
2181
2276
2334
2401
2478
2540
2603
2666
2727
2793
2855
2924
3021
3135
3245
3355
3441
3494
3447
3295
3083
2855
2598
2262
1840
1392
970
540
100
-322
-702
-1026
-1343
-1679
-1966
-2218
-2439
-2651
-2856
-3009
-3080
-3150
-3236
-3310
-3340
-3319
-3296
-3304
-3302
-3256
-3192
-3126
-3070
-3002
-2903
-2780
-2644
-2464
-2256
-1999
-1725
-1461
-1192
-911
-632
-358
-115
111
338
561
769
965
1138
1316
1492
1638
1784
1932
2076
2199
2279
2328
2401
2472
2537
2590
2647
2717
2782
2816
2869
2958
3068
3178
3262
3338
3399
3360
3218
3020
2808
2581
2259
1833
1384
970
550
118
-322
-695
-1007
-1327
-1663
-1963
-2206
-2403
-2621
-2841
-2995
-3081
-3158
-3263
-3360
-3394
-3359
-3339
-3340
-3322
-3260
-3168
-3083
-3027
-2942
-2828
-2703
-2575
-2419
-2217
-1963
-1709
-1462
-1203
-929
-640
-370
-134
104
343
573
793
984
1171
1353
1519
1667
1818
1965
2110
2211
2272
2333
2403
2470
2529
2579
2647
2725
2779
2810
2856
2940
3057
3156
3229
3307
3345
3305
3173
2994
2804
2589
2269
1863
1434
1021
608
170
-276
-654
-985
-1311
-1643
-1947
-2184
-2379
-2590
-2792
-2947
-3054
-3135
-3240
-3334
-3375
-3373
-3370
-3362
-3343
-3275
-3182
-3096
-3022
-2931
-2828
-2707
-2579
-2431
-2236
-2007
-1765
-1517
-1267
-998
-707
-429
-170
72
310
553
781
976
1164
1337
1505
1665
1813
1962
2111
2222
2301
2370
2451
2534
2599
2647
2710
2787
2847
2882
2914
2988
3094
3195
3271
3323
3341
3304
3184
3009
2814
2578
2255
1851
1429
1022
614
179
-256
-642
-976
-1301
-1635
-1950
-2204
-2409
-2605
-2792
-2940
-3047
-3127
-3215
-3289
-3329
-3341
-3346
-3354
-3347
-3293
-3214
-3137
-3060
-2975
-2865
-2736
-2604
-2455
-2273
-2059
-1821
-1586
-1347
-1080
-795
-512
-249
-6
242
493
725
935
1126
1309
1489
1654
1806
1959
2100
2208
2284
2351
2433
2510
2562
2607
2671
2751
2823
2865
2900
2974
3077
3180
3254
3301
3314
3268
3149
2988
2802
2564
2240
1852
1447
1064
668
252
-156
-524
-847
-1170
-1495
-1799
-2063
-2293
-2503
-2697
-2849
-2965
-3075
-3175
-3254
-3301
-3321
-3342
-3362
-3356
-3307
-3234
-3147
-3059
-2952
-2822
-2674
-2520
-2354
-2172
-1976
-1763
-1552
-1329
-1085
-823
-559
-313
-74
177
432
682
906
1114
1313
1497
1672
1829
1972
2101
2196
2261
2316
2376
2422
2450
2476
2520
2587
2650
2696
2745
2820
2920
3018
3098
3147
3153
3096
2990
2853
2684
2465
2163
1802
1438
1083
716
328
-57
-402
-713
-1022
-1337
-1627
-1882
-2111
-2332
-2528
-2683
-2810
-2934
-3054
-3148
-3197
-3227
-3262
-3284
-3281
-3233
-3163
-3082
-2988
-2866
-2722
-2566
-2402
-2227
-2041
-1848
-1662
-1472
-1263
-1033
-799
-569
-345
-120
114
352
589
816
1035
1236
1421
1596
1756
1906
2026
2118
2193
2262
2322
2360
2380
2397
2430
2479
2526
2578
2645
2731
2823
2907
2980
3031
3039
2992
2896
2769
2609
2387
2092
1753
1408
1053
687
308
-64
-401
-725
-1047
-1356
-1630
-1872
-2094
-2305
-2491
-2632
-2749
-2871
-2985
-3066
-3111
-3140
-3161
-3174
-3154
-3105
-3047
-2981
-2890
-2768
-2627
-2478
-2324
-2148
-1955
-1763
-1578
-1387
-1173
-946
-724
-504
-291
-66
167
386
604
829
1053
1258
1438
1595
1747
1887
1999
2078
2149
2220
2274
2304
2313
2325
2347
2377
2405
2450
2525
2611
2688
2755
2816
2865
2885
2848
2765
2656
2512
2302
2029
1718
1391
1054
695
326
-21
-342
-658
-976
-1277
-1542
-1784
-2000
-2212
-2406
-2551
-2677
-2802
-2920
-3007
-3063
-3097
-3126
-3145
-3122
-3075
-3023
-2965
-2880
-2755
-2609
-2457
-2307
-2130
-1933
-1742
-1554
-1364
-1154
-929
-709
-494
-279
-48
185
403
617
844
1077
1288
1470
1632
1782
1921
2026
2100
2168
2230
2278
2302
2303
2304
2318
2327
2334
2366
2428
2501
2566
2616
2654
2698
2717
2689
2617
2521
2386
2198
1957
1668
1363
1047
710
364
34
-271
-573
-878
-1171
-1438
-1671
-1886
-2097
-2288
-2448
-2580
-2706
-2824
-2917
-2982
-3024
-3057
-3075
-3062
-3021
-2975
-2918
-2836
-2725
-2583
-2441
-2291
-2124
-1941
-1752
-1571
-1387
-1193
-983
-779
-584
-379
-161
59
271
485
706
934
1154
1352
1523
1687
1841
1968
2066
2146
2217
2279
2314
2327
2338
2352
2366
2381
2402
2442
2495
2542
2576
2601
2625
2638
2619
2556
2463
2337
2170
1955
1695
1413
1112
791
459
133
-179
-479
-779
-1071
-1341
-1580
-1789
-1995
-2183
-2344
-2487
-2605
-2714
-2810
-2877
-2924
-2963
-2984
-2982
-2961
-2916
-2862
-2796
-2706
-2584
-2444
-2295
-2140
-1973
-1786
-1598
-1408
-1218
-1020
-816
-619
-423
-220
-10
204
418
630
850
1070
1278
1466
1638
1795
1937
2051
2137
2202
2250
2282
2295
2296
2295
2295
2299
2303
2317
2346
2381
2412
2430
2442
2450
2446
2417
2345
2239
2101
1929
1720
1471
1200
906
599
276
-40
-340
-632
-914
-1186
-1430
-1647
-1839
-2014
-2178
-2322
-2442
-2548
-2638
-2714
-2769
-2808
-2838
-2850
-2843
-2815
-2761
-2698
-2623
-2522
-2400
-2257
-2107
-1952
-1779
-1597
-1418
-1236
-1051
-862
-675
-489
-300
-111
89
296
493
694
902
1107
1297
1471
1632
1782
1910
2012
2081
2127
2164
2186
2193
2192
2192
2194
2195
2206
2218
2245
2275
2297
2308
2313
2314
2293
2243
2159
2041
1899
1725
1517
1279
1015
740
444
142
-153
-437
-709
-970
-1220
-1444
-1636
-1812
-1968
-2114
-2243
-2350
-2442
-2522
-2590
-2639
-2676
-2704
-2719
-2713
-2678
-2623
-2564
-2486
-2386
-2265
-2128
-1985
-1833
-1669
-1494
-1318
-1139
-958
-769
-587
-408
-229
-45
151
347
539
725
917
1107
1287
1442
1587
1724
1838
1925
1988
2041
2085
2117
2132
2137
2147
2156
2169
2180
2194
2214
2232
2233
2215
2192
2166
2129
2063
1964
1842
1701
1537
1345
1123
890
639
364
86
-190
-447
-697
-943
-1182
-1390
-1568
-1735
-1890
-2035
-2154
-2257
-2356
-2449
-2529
-2585
-2634
-2678
-2706
-2698
-2666
-2616
-2560
-2487
-2382
-2253
-2113
-1972
-1815
-1642
-1459
-1278
-1089
-892
-688
-497
-321
-137
67
273
469
658
839
1030
1210
1366
1514
1654
1780
1884
1950
2004
2059
2102
2128
2133
2139
2158
2168
2167
2170
2183
2203
2199
2169
2132
2101
2068
2007
1920
1818
1710
1581
1414
1228
1035
830
594
330
65
-180
-421
-669
-913
-1137
-1331
-1510
-1686
-1845
-1973
-2083
-2192
-2305
-2401
-2470
-2528
-2590
-2637
-2650
-2634
-2604
-2570
-2514
-2428
-2316
-2201
-2080
-1942
-1779
-1609
-1445
-1278
-1089
-885
-697
-525
-354
-162
37
226
407
591
782
956
1115
1262
1413
1559
1677
1759
1823
1891
1947
1982
2001
2015
2036
2055
2061
2071
2097
2131
2143
2128
2105
2085
2059
2011
1940
1860
1773
1667
1523
1360
1197
1028
830
603
369
146
-81
-315
-557
-779
-978
-1172
-1362
-1537
-1679
-1801
-1918
-2034
-2139
-2219
-2290
-2366
-2424
-2457
-2465
-2455
-2445
-2425
-2374
-2297
-2211
-2117
-2003
-1864
-1714
-1565
-1414
-1244
-1061
-878
-711
-552
-380
-199
-21
152
324
503
673
825
972
1121
1277
1412
1519
1610
1692
1765
1819
1858
1892
1923
1948
1960
1977
2004
2036
2050
2045
2026
2001
1971
1925
1863
1789
1703
1603
1480
1341
1195
1046
877
685
492
293
93
-111
-321
-531
-728
-916
-1097
-1268
-1418
-1553
-1679
-1792
-1898
-1985
-2065
-2135
-2196
-2243
-2270
-2279
-2272
-2259
-2229
-2188
-2129
-2058
-1969
-1857
-1734
-1603
-1467
-1322
-1166
-1008
-846
-689
-529
-372
-208
-36
135
303
470
628
779
926
1071
1210
1339
1457
1554
1637
1714
1777
1831
1877
1910
1941
1965
1991
2012
2031
2033
2020
1991
1951
1897
1836
1765
1670
1568
1451
1324
1179
1027
869
701
523
344
160
-24
-207
-395
-584
-772
-950
-1119
-1269
-1410
-1538
-1656
-1760
-1851
-1931
-1993
-2047
-2090
-2121
-2133
-2129
-2109
-2073
-2029
-1977
-1914
-1835
-1744
-1640
-1521
-1395
-1264
-1129
-994
-855
-713
-569
-424
-279
-135
22
175
330
481
623
758
888
1014
1134
1244
1344
1435
1510
1578
1632
1680
1722
1758
1793
1823
1850
1873
1887
1886
1875
1841
1792
1733
1660
1573
1476
1365
1237
1099
957
804
649
491
327
167
5
-152
-308
-468
-627
-786
-941
-1085
-1221
-1340
-1444
-1539
-1621
-1694
-1759
-1807
-1843
-1866
-1877
-1880
-1871
-1846
-1809
-1764
-1711
-1652
-1579
-1500
-1406
-1296
-1179
-1054
-931
-809
-680
-550
-419
-283
-156
-27
105
239
369
497
617
731
838
938
1034
1128
1211
1289
1355
1411
1457
1500
1536
1570
1600
1628
1654
1670
1680
1675
1660
1628
1578
1516
1441
1356
1259
1155
1039
907
772
630
489
351
214
79
-54
-188
-317
-444
-573
-701
-822
-936
-1047
-1140
-1224
-1299
-1360
-1420
-1467
-1506
-1534
-1545
-1554
-1554
-1545
-1530
-1509
-1484
-1446
-1404
-1351
-1291
-1218
-1130
-1038
-938
-829
-720
-607
-495
-380
-260
-138
-19
94
213
325
433
538
635
731
817
900
979
1053
1122
1181
1234
1280
1318
1350
1382
1410
1433
1447
1454
1453
1446
1426
1394
1350
1289
1226
1143
1055
954
845
730
606
484
354
229
108
-15
-134
-254
-370
-483
-588
-693
-792
-887
-981
-1059
-1127
-1189
-1243
-1289
-1326
-1356
-1376
-1391
-1397
-1397
-1387
-1373
-1355
-1329
-1296
-1252
-1199
-1144
-1083
-1010
-929
-843
-745
-642
-541
-432
-329
-218
-108
-2
101
200
296
390
477
562
642
711
781
843
903
962
1015
1063
1105
1142
1172
1195
1224
1241
1250
1257
1256
1249
1231
1204
1168
1120
1065
1001
931
851
757
665
563
454
348
241
133
29
-75
-174
-266
-360
-446
-527
-606
-673
-739
-802
-858
-909
-952
-986
-1022
-1047
-1066
-1076
-1083
-1087
-1075
-1062
-1042
-1017
-987
-953
-910
-865
-816
-757
-697
-628
-555
-478
-397
-310
-225
-138
-51
34
116
196
269
337
403
463
521
572
617
661
700
743
781
818
857
887
913
940
962
980
993
998
999
993
984
963
938
906
866
819
765
701
633
556
475
395
307
218
128
38
-49
-135
-217
-297
-375
-445
-511
-575
-632
-684
-734
-776
-816
-851
-881
-907
-928
-941
-948
-950
-945
-938
-927
-905
-882
-853
-822
-785
-742
-699
-649
-595
-538
-475
-412
-345
-278
-209
-138
-69
-1
67
127
189
248
301
348
391
438
476
515
552
586
622
656
688
718
749
775
796
815
828
832
833
825
814
792
764
737
696
656
605
550
495
433
368
296
226
154
80
5
-69
-139
-209
-275
-334
-395
-452
-502
-543
-581
-616
-647
-673
-693
-712
-724
-731
-736
-740
-737
-729
-716
-696
-677
-651
-623
-588
-548
-508
-464
-419
-370
-316
-263
-206
-150
-94
-34
22
79
131
181
231
277
321
361
401
436
468
496
523
550
577
597
614
635
649
662
675
679
678
674
665
654
633
607
578
544
503
462
416
365
313
256
199
145
83
23
-34
-93
-149
-204
-259
-309
-351
-393
-430
-466
-496
-523
-544
-561
-575
-583
-592
-595
-595
-595
-591
-580
-564
-548
-532
-511
-489
-462
-429
-397
-362
-322
-285
-245
-205
-158
-112
-71
-26
15
58
102
139
178
215
248
278
312
338
365
394
413
438
457
477
487
501
513
521
530
529
528
525
518
506
481
460
438
408
378
341
302
264
218
172
125
75
27
-18
-63
-107
-146
-184
-220
-256
-288
-315
-340
-363
-383
-396
-412
-426
-432
-437
-441
-441
-440
-433
-422
-415
-401
-385
-366
-348
-323
-300
-274
-247
-214
-187
-157
-125
-95
-66
-35
-8
19
46
70
94
116
138
161
183
203
223
240
259
275
290
307
324
336
346
362
371
378
385
390
387
385
379
366
350
332
311
285
258
226
196
160
125
86
48
11
-25
-60
-94
-124
-156
-184
-211
-232
-255
-276
-290
-302
-312
-323
-327
-335
-340
-340
-336
-327
-322
-314
-301
-290
-273
-259
-242
-224
-205
-185
-164
-141
-121
-99
-81
-61
-38
-18
1
21
39
55
73
90
101
118
135
151
167
180
195
207
223
238
245
255
266
275
284
288
288
286
285
284
273
265
253
238
223
203
180
157
134
109
81
56
29
1
-25
-54
-76
-104
-129
-149
-172
-193
-210
-225
-237
-250
-261
-268
-272
-273
-277
-275
-271
-264
-255
-245
-235
-221
-210
-200
-183
-167
-151
-133
-118
-100
-80
-67
-55
-35
-19
-6
10
24
39
50
65
80
100
113
125
139
150
163
175
190
200
211
221
229
240
245
248
252
251
251
248
243
237
226
214
201
187
172
157
139
115
96
72
50
25
-5
-31
-54
-79
-101
-124
-147
-164
-180
-196
-209
-220
-229
-235
-240
-241
-239
-240
-236
-231
-226
-218
-208
-198
-185
-173
-156
-141
-131
-114
-95
-83
-71
-55
-41
-28
-18
-6
4
18
32
42
52
59
74
84
96
107
113
121
128
137
144
152
158
166
168
170
172
176
178
176
175
168
164
159
152
148
136
126
113
101
89
72
61
44
29
15
-4
-21
-38
-54
-70
-82
-97
-108
-117
-128
-134
-140
-144
-143
-145
-143
-141
-141
-134
-132
-125
-112
-106
-102
-92
-86
-74
-67
-60
-47
-40
-29
-21
-14
-3
3
8
16
21
26
25
28
35
33
39
40
41
42
41
45
43
44
48
49
47
49
52
53
54
56
58
55
53
53
52
51
50
46
48
41
35
33
24
22
18
7
3
0
-4
-12
-17
-20
-24
-31
-33
-32
-38
-39
-40
-42
-44
-44
-43
-42
-39
-38
-35
-32
-32
-27
-22
-17
-15
-14
-6
-4
-1
1
3
7
7
8
5
10
10
11
9
6
7
6
3
1
2
-1
2
0
-1
-1
0
2
0
1
0
-2
3
3
-1
1
3
2
2
2
-1
1
-3
-4
0
3
6
3
0
1
2
-1
0
0
-3
-3
-1
-2
-3
-4
-5
-4
-6
-4
-7
-7
-7
-8
-8
-10
-12
-9
-7
-5
-8
-7
-3
-2
0
1
2
1
-2
-5
-5
-5
-4
1
0
-2
1
-3
-3
-3
-3
-5
-3
-2
0
2
3
2
1
4
6
8
10
7
8
12
13
11
13
15
13
16
16
19
20
17
16
17
17
15
13
14
13
13
14
15
16
14
15
15
17
19
17
14
17
12
10
5
1
1
-1
-5
-9
-11
-16
-19
-21
-20
-22
-24
-26
-27
-28
-29
-29
-33
-31
-30
-30
-31
-27
-27
-23
-21
-21
-21
-17
-13
-10
-5
-3
1
1
3
8
8
10
13
15
14
19
22
23
26
26
27
29
31
31
32
32
32
37
38
33
34
34
34
36
33
30
28
28
26
22
20
18
16
11
7
3
0
-3
-5
-10
-14
-16
-20
-27
-30
-32
-38
-39
-40
-40
-39
-41
-43
-45
-47
-44
-43
-44
-40
-41
-41
-35
-36
-33
-33
-31
-24
-25
-21
-21
-15
-10
-6
-1
4
9
13
18
19
24
32
34
35
39
42
43
43
49
52
52
51
52
50
52
52
51
53
47
41
41
38
35
32
27
24
18
14
8
3
-1
-7
-7
-14
-18
-21
-26
-29
-33
-35
-38
-41
-44
-45
-51
-56
-58
-59
-61
-63
-63
-64
-62
-61
-61
-56
-57
-52
-47
-41
-36
-29
-23
-20
-15
-11
-4
1
7
13
16
21
28
33
34
37
38
40
37
41
42
43
49
45
49
49
46
49
49
46
43
39
38
33
31
30
22
19
17
15
13
10
5
2
-3
-6
-11
-16
-20
-22
-26
-29
-31
-35
-40
-43
-42
-44
-44
-44
-45
-42
-42
-43
-42
-43
